id_season,tm,game_date,time_start,extdom,opponent,w_l,overtime,pts_tm,pts_opp,w_tot,l_tot,streak_w_l
2001,ATL,2000-10-31,7:30p,,Charlotte Hornets,L,,82,106,0,1,L 1
2001,ATL,2000-11-02,7:30p,@,New York Knicks,L,,69,94,0,2,L 2
2001,ATL,2000-11-04,7:30p,,Orlando Magic,L,,104,107,0,3,L 3
2001,ATL,2000-11-06,10:00p,@,Vancouver Grizzlies,L,,87,97,0,4,L 4
2001,ATL,2000-11-07,10:00p,@,Portland Trail Blazers,L,,88,97,0,5,L 5
2001,ATL,2000-11-09,9:00p,@,Phoenix Suns,L,,79,88,0,6,L 6
2001,ATL,2000-11-10,10:30p,@,Los Angeles Clippers,L,,106,115,0,7,L 7
2001,ATL,2000-11-14,7:30p,,Portland Trail Blazers,W,,99,97,1,7,W 1
2001,ATL,2000-11-15,8:00p,@,Milwaukee Bucks,L,,74,84,1,8,L 1
2001,ATL,2000-11-17,7:30p,@,Boston Celtics,L,,99,106,1,9,L 2
2001,ATL,2000-11-18,7:30p,,Minnesota Timberwolves,L,,84,94,1,10,L 3
2001,ATL,2000-11-22,7:30p,,New York Knicks,W,,78,74,2,10,W 1
2001,ATL,2000-11-24,7:30p,,Philadelphia 76ers,L,,67,76,2,11,L 1
2001,ATL,2000-11-25,7:30p,@,Orlando Magic,L,,92,114,2,12,L 2
2001,ATL,2000-11-28,7:00p,@,Washington Wizards,W,,102,75,3,12,W 1
2001,ATL,2000-11-30,7:30p,,Chicago Bulls,L,,82,91,3,13,L 1
2001,ATL,2000-12-02,2:30p,,Milwaukee Bucks,W,,101,94,4,13,W 1
2001,ATL,2000-12-05,7:30p,,Miami Heat,L,,92,100,4,14,L 1
2001,ATL,2000-12-08,7:30p,@,Miami Heat,L,,76,80,4,15,L 2
2001,ATL,2000-12-09,7:30p,@,Cleveland Cavaliers,L,,90,97,4,16,L 3
2001,ATL,2000-12-12,8:00p,,Sacramento Kings,W,,107,99,5,16,W 1
2001,ATL,2000-12-13,7:30p,@,Detroit Pistons,L,,69,92,5,17,L 1
2001,ATL,2000-12-15,8:30p,@,Chicago Bulls,W,,85,74,6,17,W 1
2001,ATL,2000-12-16,7:30p,,New Jersey Nets,L,,83,89,6,18,L 1
2001,ATL,2000-12-19,7:30p,,New York Knicks,W,,87,77,7,18,W 1
2001,ATL,2000-12-22,7:00p,@,Toronto Raptors,W,,78,72,8,18,W 2
2001,ATL,2000-12-23,7:30p,,Indiana Pacers,W,,91,87,9,18,W 3
2001,ATL,2000-12-26,7:30p,@,New Jersey Nets,W,,81,76,10,18,W 4
2001,ATL,2000-12-28,8:00p,@,Minnesota Timberwolves,L,,81,88,10,19,L 1
2001,ATL,2000-12-29,7:30p,,Cleveland Cavaliers,L,,85,97,10,20,L 2
2001,ATL,2001-01-02,7:30p,,Boston Celtics,W,,92,81,11,20,W 1
2001,ATL,2001-01-03,7:00p,@,Philadelphia 76ers,L,,80,98,11,21,L 1
2001,ATL,2001-01-06,7:30p,,Orlando Magic,W,,83,82,12,21,W 1
2001,ATL,2001-01-09,7:30p,,Seattle SuperSonics,L,,86,95,12,22,L 1
2001,ATL,2001-01-11,7:30p,,Golden State Warriors,W,,107,96,13,22,W 1
2001,ATL,2001-01-13,8:00p,,Los Angeles Clippers,W,,108,88,14,22,W 2
2001,ATL,2001-01-15,2:30p,,New Jersey Nets,L,,78,84,14,23,L 1
2001,ATL,2001-01-18,7:00p,@,Indiana Pacers,L,,76,84,14,24,L 2
2001,ATL,2001-01-21,1:00p,@,Washington Wizards,L,,90,94,14,25,L 3
2001,ATL,2001-01-23,7:00p,@,Boston Celtics,L,,82,83,14,26,L 4
2001,ATL,2001-01-26,7:30p,,Washington Wizards,L,,99,106,14,27,L 5
2001,ATL,2001-01-27,8:00p,@,Cleveland Cavaliers,W,,101,90,15,27,W 1
2001,ATL,2001-01-29,7:30p,,Phoenix Suns,L,,82,95,15,28,L 1
2001,ATL,2001-01-31,7:30p,,Toronto Raptors,W,,102,97,16,28,W 1
2001,ATL,2001-02-02,7:30p,,Miami Heat,L,,80,91,16,29,L 1
2001,ATL,2001-02-03,7:30p,@,Orlando Magic,L,,84,96,16,30,L 2
2001,ATL,2001-02-05,7:30p,,Dallas Mavericks,L,,81,91,16,31,L 3
2001,ATL,2001-02-06,7:30p,@,New Jersey Nets,L,,84,90,16,32,L 4
2001,ATL,2001-02-08,7:30p,@,Charlotte Hornets,L,,84,101,16,33,L 5
2001,ATL,2001-02-13,8:30p,@,Chicago Bulls,L,,92,96,16,34,L 6
2001,ATL,2001-02-14,7:30p,,Milwaukee Bucks,L,,98,102,16,35,L 7
2001,ATL,2001-02-17,10:00p,@,Seattle SuperSonics,W,,101,94,17,35,W 1
2001,ATL,2001-02-18,9:00p,@,Golden State Warriors,W,,98,91,18,35,W 2
2001,ATL,2001-02-20,10:30p,@,Sacramento Kings,L,,80,94,18,36,L 1
2001,ATL,2001-02-23,10:30p,@,Los Angeles Lakers,L,,106,113,18,37,L 2
2001,ATL,2001-02-24,9:00p,@,Denver Nuggets,L,,82,85,18,38,L 3
2001,ATL,2001-02-26,9:00p,@,Utah Jazz,L,,82,99,18,39,L 4
2001,ATL,2001-02-28,7:30p,,Toronto Raptors,L,,88,95,18,40,L 5
2001,ATL,2001-03-02,7:30p,,Charlotte Hornets,L,,99,105,18,41,L 6
2001,ATL,2001-03-03,8:30p,@,San Antonio Spurs,L,,95,124,18,42,L 7
2001,ATL,2001-03-05,7:30p,,Utah Jazz,L,,102,109,18,43,L 8
2001,ATL,2001-03-07,7:30p,,Houston Rockets,L,,98,104,18,44,L 9
2001,ATL,2001-03-09,7:00p,@,Philadelphia 76ers,L,,103,108,18,45,L 10
2001,ATL,2001-03-10,7:30p,,Chicago Bulls,W,,93,90,19,45,W 1
2001,ATL,2001-03-13,7:30p,,Vancouver Grizzlies,W,,109,99,20,45,W 2
2001,ATL,2001-03-16,7:00p,@,Indiana Pacers,L,,97,103,20,46,L 1
2001,ATL,2001-03-17,7:30p,,Detroit Pistons,L,,90,106,20,47,L 2
2001,ATL,2001-03-19,7:30p,,Los Angeles Lakers,W,,108,106,21,47,W 1
2001,ATL,2001-03-22,7:30p,,San Antonio Spurs,L,,101,115,21,48,L 1
2001,ATL,2001-03-23,7:00p,@,Toronto Raptors,L,,86,112,21,49,L 2
2001,ATL,2001-03-25,2:30p,@,Milwaukee Bucks,L,,98,105,21,50,L 3
2001,ATL,2001-03-27,7:30p,,Boston Celtics,L,OT,112,115,21,51,L 4
2001,ATL,2001-03-29,7:30p,,Indiana Pacers,W,,104,93,22,51,W 1
2001,ATL,2001-03-31,7:30p,,Denver Nuggets,W,,99,88,23,51,W 2
2001,ATL,2001-04-05,8:30p,@,Dallas Mavericks,L,,94,108,23,52,L 1
2001,ATL,2001-04-07,8:30p,@,Houston Rockets,L,,97,110,23,53,L 2
2001,ATL,2001-04-09,7:30p,@,Detroit Pistons,L,,69,81,23,54,L 3
2001,ATL,2001-04-11,7:30p,,Cleveland Cavaliers,W,,107,102,24,54,W 1
2001,ATL,2001-04-13,7:30p,@,New York Knicks,L,,65,101,24,55,L 1
2001,ATL,2001-04-14,7:30p,,Detroit Pistons,L,OT,124,129,24,56,L 2
2001,ATL,2001-04-16,7:00p,@,Charlotte Hornets,L,,83,106,24,57,L 3
2001,ATL,2001-04-17,7:30p,,Washington Wizards,W,,122,119,25,57,W 1
2001,BOS,2000-11-01,7:00p,,Detroit Pistons,W,,103,83,1,0,W 1
2001,BOS,2000-11-03,7:30p,,Toronto Raptors,W,,93,91,2,0,W 2
2001,BOS,2000-11-04,7:30p,@,Cleveland Cavaliers,L,,89,91,2,1,L 1
2001,BOS,2000-11-07,7:00p,@,Toronto Raptors,L,,75,105,2,2,L 2
2001,BOS,2000-11-10,7:30p,,New York Knicks,L,OT,101,103,2,3,L 3
2001,BOS,2000-11-11,8:00p,@,Philadelphia 76ers,L,,83,85,2,4,L 4
2001,BOS,2000-11-15,7:00p,,Washington Wizards,W,,116,109,3,4,W 1
2001,BOS,2000-11-17,7:30p,,Atlanta Hawks,W,,106,99,4,4,W 2
2001,BOS,2000-11-18,7:00p,@,Washington Wizards,L,,89,109,4,5,L 1
2001,BOS,2000-11-20,7:00p,,Philadelphia 76ers,L,,90,114,4,6,L 2
2001,BOS,2000-11-22,7:00p,,Houston Rockets,W,,96,81,5,6,W 1
2001,BOS,2000-11-24,7:30p,,Orlando Magic,W,OT,103,98,6,6,W 2
2001,BOS,2000-11-26,12:30p,,Vancouver Grizzlies,L,,87,98,6,7,L 1
2001,BOS,2000-11-28,7:30p,@,Cleveland Cavaliers,W,,87,72,7,7,W 1
2001,BOS,2000-11-30,8:00p,@,Milwaukee Bucks,L,,97,108,7,8,L 1
2001,BOS,2000-12-01,7:30p,,Minnesota Timberwolves,L,,98,102,7,9,L 2
2001,BOS,2000-12-03,12:30p,,Los Angeles Clippers,W,,96,87,8,9,W 1
2001,BOS,2000-12-05,7:30p,@,Orlando Magic,L,,98,101,8,10,L 1
2001,BOS,2000-12-08,7:30p,,Indiana Pacers,L,,91,104,8,11,L 2
2001,BOS,2000-12-10,6:00p,,Denver Nuggets,W,OT,104,102,9,11,W 1
2001,BOS,2000-12-13,7:00p,,Chicago Bulls,L,,86,104,9,12,L 1
2001,BOS,2000-12-15,7:30p,,Sacramento Kings,L,,81,104,9,13,L 2
2001,BOS,2000-12-16,7:30p,@,Charlotte Hornets,L,,87,99,9,14,L 3
2001,BOS,2000-12-18,7:00p,,Dallas Mavericks,L,,98,106,9,15,L 4
2001,BOS,2000-12-20,7:00p,,New Jersey Nets,W,,99,86,10,15,W 1
2001,BOS,2000-12-21,8:00p,@,New York Knicks,W,,92,86,11,15,W 2
2001,BOS,2000-12-23,8:30p,@,Milwaukee Bucks,L,,99,104,11,16,L 1
2001,BOS,2000-12-26,7:30p,@,Detroit Pistons,L,,96,101,11,17,L 2
2001,BOS,2000-12-28,7:30p,@,New Jersey Nets,W,,112,111,12,17,W 1
2001,BOS,2000-12-30,1:00p,,Orlando Magic,L,,90,95,12,18,L 1
2001,BOS,2001-01-02,7:30p,@,Atlanta Hawks,L,,81,92,12,19,L 2
2001,BOS,2001-01-03,7:00p,,New York Knicks,L,,91,100,12,20,L 3
2001,BOS,2001-01-05,7:30p,,Golden State Warriors,L,,88,100,12,21,L 4
2001,BOS,2001-01-06,7:30p,@,Miami Heat,L,,86,112,12,22,L 5
2001,BOS,2001-01-08,7:00p,,Portland Trail Blazers,L,,90,98,12,23,L 6
2001,BOS,2001-01-10,7:00p,,Miami Heat,W,,88,76,13,23,W 1
2001,BOS,2001-01-12,7:30p,,Toronto Raptors,L,,72,93,13,24,L 1
2001,BOS,2001-01-15,3:30p,@,Minnesota Timberwolves,W,,107,102,14,24,W 1
2001,BOS,2001-01-17,10:30p,@,Sacramento Kings,L,,106,111,14,25,L 1
2001,BOS,2001-01-18,10:30p,@,Los Angeles Clippers,W,,82,79,15,25,W 1
2001,BOS,2001-01-21,9:00p,@,Golden State Warriors,L,,91,94,15,26,L 1
2001,BOS,2001-01-23,7:00p,,Atlanta Hawks,W,,83,82,16,26,W 1
2001,BOS,2001-01-26,7:30p,,Phoenix Suns,W,,99,83,17,26,W 2
2001,BOS,2001-01-29,7:00p,,Detroit Pistons,W,,99,87,18,26,W 3
2001,BOS,2001-01-31,7:00p,@,Indiana Pacers,W,OT,102,96,19,26,W 4
2001,BOS,2001-02-02,8:00p,@,Detroit Pistons,W,,102,95,20,26,W 5
2001,BOS,2001-02-04,6:00p,,Cleveland Cavaliers,W,,103,82,21,26,W 6
2001,BOS,2001-02-05,7:00p,@,Toronto Raptors,L,,98,110,21,27,L 1
2001,BOS,2001-02-07,7:00p,,Milwaukee Bucks,W,,94,91,22,27,W 1
2001,BOS,2001-02-13,10:00p,@,Vancouver Grizzlies,L,,98,99,22,28,L 1
2001,BOS,2001-02-15,10:00p,@,Seattle SuperSonics,W,,108,88,23,28,W 1
2001,BOS,2001-02-17,10:00p,@,Portland Trail Blazers,W,,85,81,24,28,W 2
2001,BOS,2001-02-19,9:00p,@,Utah Jazz,L,,99,114,24,29,L 1
2001,BOS,2001-02-20,8:30p,@,Houston Rockets,L,,84,101,24,30,L 2
2001,BOS,2001-02-22,8:30p,@,Dallas Mavericks,L,,91,98,24,31,L 3
2001,BOS,2001-02-23,8:30p,@,San Antonio Spurs,L,,82,100,24,32,L 4
2001,BOS,2001-02-26,7:00p,,Seattle SuperSonics,W,,85,82,25,32,W 1
2001,BOS,2001-03-01,7:30p,@,New York Knicks,L,,88,95,25,33,L 1
2001,BOS,2001-03-02,7:30p,,Utah Jazz,W,,103,99,26,33,W 1
2001,BOS,2001-03-04,3:00p,,Charlotte Hornets,L,,97,116,26,34,L 1
2001,BOS,2001-03-07,7:00p,,Milwaukee Bucks,L,,94,101,26,35,L 2
2001,BOS,2001-03-09,7:30p,,Washington Wizards,W,,104,72,27,35,W 1
2001,BOS,2001-03-11,3:00p,,Philadelphia 76ers,L,,91,97,27,36,L 1
2001,BOS,2001-03-13,10:30p,@,Los Angeles Lakers,L,,107,112,27,37,L 2
2001,BOS,2001-03-15,9:00p,@,Phoenix Suns,W,,105,101,28,37,W 1
2001,BOS,2001-03-16,9:00p,@,Denver Nuggets,W,,87,83,29,37,W 2
2001,BOS,2001-03-21,7:00p,,San Antonio Spurs,L,,77,97,29,38,L 1
2001,BOS,2001-03-22,7:30p,@,New Jersey Nets,W,,113,98,30,38,W 1
2001,BOS,2001-03-25,3:00p,,Chicago Bulls,W,,102,98,31,38,W 2
2001,BOS,2001-03-27,7:30p,@,Atlanta Hawks,W,OT,115,112,32,38,W 3
2001,BOS,2001-03-29,8:30p,@,Chicago Bulls,W,,106,104,33,38,W 4
2001,BOS,2001-03-30,7:30p,,Indiana Pacers,L,,87,92,33,39,L 1
2001,BOS,2001-04-01,3:00p,@,Charlotte Hornets,L,,79,80,33,40,L 2
2001,BOS,2001-04-03,7:30p,@,Miami Heat,W,,82,77,34,40,W 1
2001,BOS,2001-04-04,7:30p,@,Orlando Magic,L,,101,108,34,41,L 1
2001,BOS,2001-04-06,7:30p,,Los Angeles Lakers,L,,96,100,34,42,L 2
2001,BOS,2001-04-07,7:00p,@,Washington Wizards,W,,102,100,35,42,W 1
2001,BOS,2001-04-09,7:00p,@,Philadelphia 76ers,L,,95,108,35,43,L 1
2001,BOS,2001-04-11,7:00p,,Miami Heat,L,,97,102,35,44,L 2
2001,BOS,2001-04-13,8:00p,@,Indiana Pacers,L,OT,108,113,35,45,L 3
2001,BOS,2001-04-15,12:30p,,New Jersey Nets,W,,95,88,36,45,W 1
2001,BOS,2001-04-18,7:00p,,Charlotte Hornets,L,,92,97,36,46,L 1
2001,CHH,2000-10-31,7:30p,@,Atlanta Hawks,W,,106,82,1,0,W 1
2001,CHH,2000-11-01,7:30p,,Washington Wizards,L,,77,95,1,1,L 1
2001,CHH,2000-11-03,7:30p,,Miami Heat,W,,83,79,2,1,W 1
2001,CHH,2000-11-04,8:00p,@,New Jersey Nets,W,,98,87,3,1,W 2
2001,CHH,2000-11-08,7:30p,@,Orlando Magic,W,,96,90,4,1,W 3
2001,CHH,2000-11-09,7:30p,,Seattle SuperSonics,L,,94,102,4,2,L 1
2001,CHH,2000-11-11,7:30p,@,New York Knicks,L,,67,81,4,3,L 2
2001,CHH,2000-11-14,7:30p,@,Miami Heat,L,OT,86,89,4,4,L 3
2001,CHH,2000-11-16,8:30p,@,Houston Rockets,L,,80,84,4,5,L 4
2001,CHH,2000-11-17,7:30p,,Detroit Pistons,L,,89,96,4,6,L 5
2001,CHH,2000-11-19,7:00p,@,Detroit Pistons,W,,105,96,5,6,W 1
2001,CHH,2000-11-20,7:00p,@,Toronto Raptors,W,,100,64,6,6,W 2
2001,CHH,2000-11-22,7:30p,,Philadelphia 76ers,W,,88,73,7,6,W 3
2001,CHH,2000-11-24,8:30p,@,Milwaukee Bucks,W,,106,90,8,6,W 4
2001,CHH,2000-11-25,7:30p,,Cleveland Cavaliers,W,,109,98,9,6,W 5
2001,CHH,2000-11-29,7:30p,,Toronto Raptors,W,,103,79,10,6,W 6
2001,CHH,2000-12-01,7:00p,@,Philadelphia 76ers,L,,74,95,10,7,L 1
2001,CHH,2000-12-02,7:30p,,Utah Jazz,W,,94,89,11,7,W 1
2001,CHH,2000-12-05,7:30p,@,Cleveland Cavaliers,L,,66,71,11,8,L 1
2001,CHH,2000-12-06,7:30p,,Indiana Pacers,W,,91,88,12,8,W 1
2001,CHH,2000-12-08,7:30p,,Los Angeles Clippers,W,,92,87,13,8,W 2
2001,CHH,2000-12-09,7:00p,@,Indiana Pacers,L,OT,96,99,13,9,L 1
2001,CHH,2000-12-13,7:30p,,Sacramento Kings,W,,101,90,14,9,W 1
2001,CHH,2000-12-15,7:00p,@,Washington Wizards,W,,103,89,15,9,W 2
2001,CHH,2000-12-16,7:30p,,Boston Celtics,W,,99,87,16,9,W 3
2001,CHH,2000-12-20,7:30p,,Miami Heat,W,,65,56,17,9,W 4
2001,CHH,2000-12-22,8:00p,@,Minnesota Timberwolves,W,,83,74,18,9,W 5
2001,CHH,2000-12-23,7:30p,,San Antonio Spurs,W,OT,88,84,19,9,W 6
2001,CHH,2000-12-26,7:00p,,Cleveland Cavaliers,W,OT,115,110,20,9,W 7
2001,CHH,2000-12-28,10:30p,@,Sacramento Kings,L,,87,91,20,10,L 1
2001,CHH,2000-12-30,3:30p,@,Seattle SuperSonics,L,,102,104,20,11,L 2
2001,CHH,2001-01-01,10:00p,@,Portland Trail Blazers,L,,67,89,20,12,L 3
2001,CHH,2001-01-03,10:00p,@,Vancouver Grizzlies,L,,89,99,20,13,L 4
2001,CHH,2001-01-05,10:30p,@,Los Angeles Clippers,W,,86,73,21,13,W 1
2001,CHH,2001-01-07,9:00p,@,Denver Nuggets,L,,87,94,21,14,L 1
2001,CHH,2001-01-09,7:00p,,Chicago Bulls,W,3OT,102,95,22,14,W 1
2001,CHH,2001-01-11,7:30p,,Portland Trail Blazers,L,,70,83,22,15,L 1
2001,CHH,2001-01-12,8:30p,@,Chicago Bulls,W,,86,85,23,15,W 1
2001,CHH,2001-01-14,5:30p,@,Toronto Raptors,L,,99,107,23,16,L 1
2001,CHH,2001-01-15,2:00p,@,Philadelphia 76ers,L,,79,84,23,17,L 2
2001,CHH,2001-01-17,7:30p,,Dallas Mavericks,L,,90,91,23,18,L 3
2001,CHH,2001-01-19,7:30p,,Milwaukee Bucks,L,,98,105,23,19,L 4
2001,CHH,2001-01-23,7:00p,@,Washington Wizards,L,,95,97,23,20,L 5
2001,CHH,2001-01-24,8:00p,,New York Knicks,W,,81,67,24,20,W 1
2001,CHH,2001-01-27,8:00p,,Houston Rockets,L,,97,110,24,21,L 1
2001,CHH,2001-01-29,10:30p,@,Golden State Warriors,W,,93,85,25,21,W 1
2001,CHH,2001-02-01,9:00p,@,Utah Jazz,L,,76,87,25,22,L 1
2001,CHH,2001-02-02,10:30p,@,Los Angeles Lakers,L,,87,93,25,23,L 2
2001,CHH,2001-02-04,8:00p,@,Phoenix Suns,L,,82,85,25,24,L 3
2001,CHH,2001-02-06,7:00p,,Orlando Magic,L,,83,109,25,25,L 4
2001,CHH,2001-02-08,7:30p,,Atlanta Hawks,W,,101,84,26,25,W 1
2001,CHH,2001-02-13,7:00p,@,Indiana Pacers,W,,77,66,27,25,W 2
2001,CHH,2001-02-16,7:30p,,Los Angeles Lakers,L,,94,99,27,26,L 1
2001,CHH,2001-02-17,8:30p,@,Milwaukee Bucks,W,,103,93,28,26,W 1
2001,CHH,2001-02-22,7:30p,,Golden State Warriors,W,,93,91,29,26,W 2
2001,CHH,2001-02-24,7:30p,,Philadelphia 76ers,W,,86,85,30,26,W 3
2001,CHH,2001-02-26,7:00p,,Indiana Pacers,W,,82,72,31,26,W 4
2001,CHH,2001-02-28,7:30p,,New Jersey Nets,W,,91,88,32,26,W 5
2001,CHH,2001-03-02,7:30p,@,Atlanta Hawks,W,,105,99,33,26,W 6
2001,CHH,2001-03-04,3:00p,@,Boston Celtics,W,,116,97,34,26,W 7
2001,CHH,2001-03-06,7:00p,,Minnesota Timberwolves,L,,89,95,34,27,L 1
2001,CHH,2001-03-08,7:30p,,Orlando Magic,W,,97,84,35,27,W 1
2001,CHH,2001-03-10,7:30p,,Milwaukee Bucks,W,,100,90,36,27,W 2
2001,CHH,2001-03-12,7:00p,,Chicago Bulls,W,,102,94,37,27,W 3
2001,CHH,2001-03-14,7:30p,,Vancouver Grizzlies,W,,100,95,38,27,W 4
2001,CHH,2001-03-16,7:30p,@,Cleveland Cavaliers,L,,109,114,38,28,L 1
2001,CHH,2001-03-17,7:30p,,Washington Wizards,W,,95,93,39,28,W 1
2001,CHH,2001-03-21,7:30p,,Toronto Raptors,W,,111,95,40,28,W 2
2001,CHH,2001-03-23,8:30p,@,Chicago Bulls,L,OT,90,93,40,29,L 1
2001,CHH,2001-03-24,8:30p,@,Dallas Mavericks,L,,100,103,40,30,L 2
2001,CHH,2001-03-27,8:30p,@,San Antonio Spurs,L,,79,93,40,31,L 3
2001,CHH,2001-03-30,7:30p,,Denver Nuggets,L,,96,103,40,32,L 4
2001,CHH,2001-04-01,3:00p,,Boston Celtics,W,,80,79,41,32,W 1
2001,CHH,2001-04-03,7:30p,@,New Jersey Nets,W,,103,88,42,32,W 2
2001,CHH,2001-04-04,7:30p,,Phoenix Suns,L,,94,103,42,33,L 1
2001,CHH,2001-04-06,7:30p,@,Miami Heat,L,,76,81,42,34,L 2
2001,CHH,2001-04-07,7:30p,,Detroit Pistons,L,,92,97,42,35,L 3
2001,CHH,2001-04-09,7:30p,@,New York Knicks,L,,98,113,42,36,L 4
2001,CHH,2001-04-12,7:30p,,New Jersey Nets,W,,88,78,43,36,W 1
2001,CHH,2001-04-15,8:00p,@,Detroit Pistons,W,,99,90,44,36,W 2
2001,CHH,2001-04-16,7:00p,,Atlanta Hawks,W,,106,83,45,36,W 3
2001,CHH,2001-04-18,7:00p,@,Boston Celtics,W,,97,92,46,36,W 4
2001,CHH,2001-04-21,8:30p,@,Miami Heat,W,,106,80,1,0,W 1
2001,CHH,2001-04-23,7:00p,@,Miami Heat,W,,102,76,2,0,W 2
2001,CHH,2001-04-27,8:00p,,Miami Heat,W,,94,79,3,0,W 3
2001,CHH,2001-05-06,12:40p,@,Milwaukee Bucks,L,,92,104,3,1,L 1
2001,CHH,2001-05-08,8:00p,@,Milwaukee Bucks,L,,90,91,3,2,L 2
2001,CHH,2001-05-10,8:00p,,Milwaukee Bucks,W,,102,92,4,2,W 1
2001,CHH,2001-05-13,12:30p,,Milwaukee Bucks,W,,85,78,5,2,W 2
2001,CHH,2001-05-15,8:30p,@,Milwaukee Bucks,W,,94,86,6,2,W 3
2001,CHH,2001-05-17,8:00p,,Milwaukee Bucks,L,,97,104,6,3,L 1
2001,CHH,2001-05-20,3:00p,@,Milwaukee Bucks,L,,95,104,6,4,L 2
2001,CHI,2000-10-31,8:30p,,Sacramento Kings,L,,81,100,0,1,L 1
2001,CHI,2000-11-03,8:30p,,New Jersey Nets,L,,82,92,0,2,L 2
2001,CHI,2000-11-04,7:00p,@,Indiana Pacers,L,,81,94,0,3,L 3
2001,CHI,2000-11-07,8:30p,,Washington Wizards,L,,83,88,0,4,L 4
2001,CHI,2000-11-09,8:30p,,Orlando Magic,W,,95,90,1,4,W 1
2001,CHI,2000-11-11,8:30p,,Toronto Raptors,L,,75,98,1,5,L 1
2001,CHI,2000-11-14,8:30p,@,Houston Rockets,L,,83,110,1,6,L 2
2001,CHI,2000-11-16,9:00p,@,Denver Nuggets,L,,85,89,1,7,L 3
2001,CHI,2000-11-18,9:00p,@,Utah Jazz,L,,64,109,1,8,L 4
2001,CHI,2000-11-19,9:30p,@,Los Angeles Lakers,L,,96,104,1,9,L 5
2001,CHI,2000-11-21,10:30p,@,Golden State Warriors,L,,77,89,1,10,L 6
2001,CHI,2000-11-22,10:30p,@,Sacramento Kings,L,,71,100,1,11,L 7
2001,CHI,2000-11-26,3:00p,@,Toronto Raptors,L,,89,101,1,12,L 8
2001,CHI,2000-11-28,8:30p,,Minnesota Timberwolves,L,,76,96,1,13,L 9
2001,CHI,2000-11-30,7:30p,@,Atlanta Hawks,W,,91,82,2,13,W 1
2001,CHI,2000-12-01,8:30p,,New York Knicks,L,,86,91,2,14,L 1
2001,CHI,2000-12-05,8:00p,@,Minnesota Timberwolves,L,,90,100,2,15,L 2
2001,CHI,2000-12-06,8:00p,,Cleveland Cavaliers,L,,88,92,2,16,L 3
2001,CHI,2000-12-08,8:00p,@,Dallas Mavericks,L,,86,105,2,17,L 4
2001,CHI,2000-12-09,8:30p,@,San Antonio Spurs,L,,81,105,2,18,L 5
2001,CHI,2000-12-11,8:30p,,Phoenix Suns,L,,80,86,2,19,L 6
2001,CHI,2000-12-13,7:00p,@,Boston Celtics,W,,104,86,3,19,W 1
2001,CHI,2000-12-15,8:30p,,Atlanta Hawks,L,,74,85,3,20,L 1
2001,CHI,2000-12-16,8:30p,,Philadelphia 76ers,L,,91,99,3,21,L 2
2001,CHI,2000-12-19,8:30p,,Indiana Pacers,L,,85,90,3,22,L 3
2001,CHI,2000-12-21,7:30p,@,Orlando Magic,L,,88,99,3,23,L 4
2001,CHI,2000-12-23,7:30p,@,Detroit Pistons,L,,93,106,3,24,L 5
2001,CHI,2000-12-28,8:30p,,San Antonio Spurs,W,,105,104,4,24,W 1
2001,CHI,2000-12-29,7:30p,@,New York Knicks,L,,68,95,4,25,L 1
2001,CHI,2000-12-31,2:00p,,New Jersey Nets,W,,86,77,5,25,W 1
2001,CHI,2001-01-02,8:30p,,Milwaukee Bucks,L,,70,104,5,26,L 1
2001,CHI,2001-01-04,8:30p,,Washington Wizards,W,,98,96,6,26,W 1
2001,CHI,2001-01-08,8:30p,,Dallas Mavericks,L,,91,104,6,27,L 1
2001,CHI,2001-01-09,7:00p,@,Charlotte Hornets,L,3OT,95,102,6,28,L 2
2001,CHI,2001-01-12,8:30p,,Charlotte Hornets,L,,85,86,6,29,L 3
2001,CHI,2001-01-14,7:30p,@,Miami Heat,L,,81,90,6,30,L 4
2001,CHI,2001-01-15,7:30p,@,Orlando Magic,L,,104,113,6,31,L 5
2001,CHI,2001-01-17,7:00p,@,Philadelphia 76ers,L,,88,99,6,32,L 6
2001,CHI,2001-01-18,8:30p,,Detroit Pistons,L,,110,116,6,33,L 7
2001,CHI,2001-01-20,8:00p,@,New Jersey Nets,L,,103,123,6,34,L 8
2001,CHI,2001-01-23,8:30p,,Portland Trail Blazers,L,,100,104,6,35,L 9
2001,CHI,2001-01-24,7:30p,@,Cleveland Cavaliers,L,,86,94,6,36,L 10
2001,CHI,2001-01-27,5:30p,,Toronto Raptors,L,,80,90,6,37,L 11
2001,CHI,2001-01-30,10:00p,@,Portland Trail Blazers,L,,81,92,6,38,L 12
2001,CHI,2001-02-01,10:00p,@,Seattle SuperSonics,L,,91,97,6,39,L 13
2001,CHI,2001-02-03,10:00p,@,Vancouver Grizzlies,L,,84,91,6,40,L 14
2001,CHI,2001-02-05,10:30p,@,Los Angeles Clippers,L,,82,102,6,41,L 15
2001,CHI,2001-02-06,9:00p,@,Phoenix Suns,L,,80,97,6,42,L 16
2001,CHI,2001-02-13,8:30p,,Atlanta Hawks,W,,96,92,7,42,W 1
2001,CHI,2001-02-17,8:30p,,Miami Heat,W,,89,82,8,42,W 2
2001,CHI,2001-02-19,7:30p,@,Cleveland Cavaliers,L,,84,85,8,43,L 1
2001,CHI,2001-02-20,8:30p,,Milwaukee Bucks,L,,92,101,8,44,L 2
2001,CHI,2001-02-22,8:30p,,Los Angeles Clippers,L,,80,93,8,45,L 3
2001,CHI,2001-02-24,8:30p,,Vancouver Grizzlies,W,,90,75,9,45,W 1
2001,CHI,2001-02-26,8:30p,,Golden State Warriors,L,,78,84,9,46,L 1
2001,CHI,2001-02-28,8:30p,,Houston Rockets,L,,78,95,9,47,L 2
2001,CHI,2001-03-02,8:30p,,New York Knicks,W,,81,72,10,47,W 1
2001,CHI,2001-03-03,8:30p,@,Milwaukee Bucks,L,2OT,122,126,10,48,L 1
2001,CHI,2001-03-06,8:30p,,Cleveland Cavaliers,W,,87,74,11,48,W 1
2001,CHI,2001-03-09,8:00p,@,Detroit Pistons,L,,75,108,11,49,L 1
2001,CHI,2001-03-10,7:30p,@,Atlanta Hawks,L,,90,93,11,50,L 2
2001,CHI,2001-03-12,7:00p,@,Charlotte Hornets,L,,94,102,11,51,L 3
2001,CHI,2001-03-14,8:30p,,Philadelphia 76ers,L,,67,85,11,52,L 4
2001,CHI,2001-03-16,8:30p,,Seattle SuperSonics,L,,80,90,11,53,L 5
2001,CHI,2001-03-17,7:30p,@,New York Knicks,L,,80,101,11,54,L 6
2001,CHI,2001-03-20,8:30p,,Orlando Magic,L,,95,103,11,55,L 7
2001,CHI,2001-03-21,7:30p,@,Miami Heat,L,,81,109,11,56,L 8
2001,CHI,2001-03-23,8:30p,,Charlotte Hornets,W,OT,93,90,12,56,W 1
2001,CHI,2001-03-25,3:00p,@,Boston Celtics,L,,98,102,12,57,L 1
2001,CHI,2001-03-26,8:30p,,Denver Nuggets,L,OT,104,109,12,58,L 2
2001,CHI,2001-03-29,8:30p,,Boston Celtics,L,,104,106,12,59,L 3
2001,CHI,2001-03-31,8:30p,,Miami Heat,L,,90,97,12,60,L 4
2001,CHI,2001-04-03,8:30p,,Detroit Pistons,L,,83,110,12,61,L 5
2001,CHI,2001-04-05,8:30p,,Los Angeles Lakers,L,,88,100,12,62,L 6
2001,CHI,2001-04-06,8:00p,@,Indiana Pacers,L,,93,100,12,63,L 7
2001,CHI,2001-04-08,3:00p,@,Toronto Raptors,L,,88,100,12,64,L 8
2001,CHI,2001-04-10,8:00p,@,Milwaukee Bucks,L,,84,105,12,65,L 9
2001,CHI,2001-04-11,7:00p,@,Washington Wizards,W,,113,109,13,65,W 1
2001,CHI,2001-04-13,8:30p,,Utah Jazz,L,,83,94,13,66,L 1
2001,CHI,2001-04-15,3:00p,,Indiana Pacers,L,,86,93,13,67,L 2
2001,CHI,2001-04-17,7:30p,@,New Jersey Nets,W,,100,94,14,67,W 1
2001,CHI,2001-04-18,7:00p,@,Philadelphia 76ers,W,,92,86,15,67,W 2
2001,CLE,2000-10-31,7:30p,@,New Jersey Nets,W,,86,82,1,0,W 1
2001,CLE,2000-11-01,7:30p,,Sacramento Kings,W,2OT,102,100,2,0,W 2
2001,CLE,2000-11-04,7:30p,,Boston Celtics,W,,91,89,3,0,W 3
2001,CLE,2000-11-08,7:30p,@,New York Knicks,W,,99,97,4,0,W 4
2001,CLE,2000-11-10,7:00p,@,Toronto Raptors,L,,88,115,4,1,L 1
2001,CLE,2000-11-11,7:30p,,Washington Wizards,W,,86,73,5,1,W 1
2001,CLE,2000-11-14,7:30p,,Golden State Warriors,W,,96,86,6,1,W 2
2001,CLE,2000-11-15,7:00p,@,Philadelphia 76ers,L,,98,107,6,2,L 1
2001,CLE,2000-11-17,8:30p,@,Milwaukee Bucks,L,,76,89,6,3,L 2
2001,CLE,2000-11-21,7:30p,,Detroit Pistons,W,,117,98,7,3,W 1
2001,CLE,2000-11-22,7:30p,@,Miami Heat,W,,86,67,8,3,W 2
2001,CLE,2000-11-24,7:30p,,Miami Heat,W,,85,80,9,3,W 3
2001,CLE,2000-11-25,7:30p,@,Charlotte Hornets,L,,98,109,9,4,L 1
2001,CLE,2000-11-28,7:30p,,Boston Celtics,L,,72,87,9,5,L 2
2001,CLE,2000-12-01,8:00p,@,Detroit Pistons,L,,93,103,9,6,L 3
2001,CLE,2000-12-02,7:30p,,Philadelphia 76ers,L,,78,112,9,7,L 4
2001,CLE,2000-12-05,7:30p,,Charlotte Hornets,W,,71,66,10,7,W 1
2001,CLE,2000-12-06,8:00p,@,Chicago Bulls,W,,92,88,11,7,W 2
2001,CLE,2000-12-09,7:30p,,Atlanta Hawks,W,,97,90,12,7,W 3
2001,CLE,2000-12-12,7:30p,,Dallas Mavericks,W,,92,87,13,7,W 4
2001,CLE,2000-12-15,7:00p,@,Indiana Pacers,W,,103,95,14,7,W 5
2001,CLE,2000-12-16,7:30p,,Utah Jazz,W,,99,92,15,7,W 6
2001,CLE,2000-12-20,8:30p,@,San Antonio Spurs,L,,77,94,15,8,L 1
2001,CLE,2000-12-22,7:30p,@,Miami Heat,L,,95,103,15,9,L 2
2001,CLE,2000-12-23,7:30p,@,Orlando Magic,L,,92,111,15,10,L 3
2001,CLE,2000-12-26,7:00p,@,Charlotte Hornets,L,OT,110,115,15,11,L 4
2001,CLE,2000-12-28,7:30p,,Milwaukee Bucks,L,,89,107,15,12,L 5
2001,CLE,2000-12-29,7:30p,@,Atlanta Hawks,W,,97,85,16,12,W 1
2001,CLE,2001-01-02,7:30p,,Houston Rockets,L,,95,100,16,13,L 1
2001,CLE,2001-01-03,8:00p,@,Milwaukee Bucks,L,,83,88,16,14,L 2
2001,CLE,2001-01-06,7:30p,,Philadelphia 76ers,L,,103,107,16,15,L 3
2001,CLE,2001-01-08,7:30p,,New Jersey Nets,W,,92,90,17,15,W 1
2001,CLE,2001-01-10,10:30p,@,Sacramento Kings,L,,103,108,17,16,L 1
2001,CLE,2001-01-12,10:30p,@,Los Angeles Lakers,L,,98,101,17,17,L 2
2001,CLE,2001-01-13,10:00p,@,Vancouver Grizzlies,L,,107,119,17,18,L 3
2001,CLE,2001-01-15,4:00p,@,Golden State Warriors,W,,107,101,18,18,W 1
2001,CLE,2001-01-16,10:00p,@,Portland Trail Blazers,L,,83,103,18,19,L 1
2001,CLE,2001-01-19,9:00p,@,Denver Nuggets,L,,88,91,18,20,L 2
2001,CLE,2001-01-22,7:30p,,Portland Trail Blazers,W,,84,58,19,20,W 1
2001,CLE,2001-01-24,7:30p,,Chicago Bulls,W,,94,86,20,20,W 2
2001,CLE,2001-01-27,8:00p,,Atlanta Hawks,L,,90,101,20,21,L 1
2001,CLE,2001-01-29,7:00p,@,Washington Wizards,L,,89,95,20,22,L 2
2001,CLE,2001-01-30,7:30p,,Los Angeles Lakers,L,,96,102,20,23,L 3
2001,CLE,2001-02-01,7:30p,,Minnesota Timberwolves,L,,81,90,20,24,L 4
2001,CLE,2001-02-03,7:30p,,Detroit Pistons,L,OT,81,88,20,25,L 5
2001,CLE,2001-02-04,6:00p,@,Boston Celtics,L,,82,103,20,26,L 6
2001,CLE,2001-02-07,7:30p,,San Antonio Spurs,L,,89,107,20,27,L 7
2001,CLE,2001-02-13,7:30p,,Toronto Raptors,L,,105,120,20,28,L 8
2001,CLE,2001-02-15,8:30p,@,Dallas Mavericks,L,,81,102,20,29,L 9
2001,CLE,2001-02-17,8:30p,@,Houston Rockets,L,,80,92,20,30,L 10
2001,CLE,2001-02-19,7:30p,,Chicago Bulls,W,,85,84,21,30,W 1
2001,CLE,2001-02-21,7:30p,,Los Angeles Clippers,L,,94,100,21,31,L 1
2001,CLE,2001-02-23,7:30p,,Indiana Pacers,L,,90,92,21,32,L 2
2001,CLE,2001-02-25,8:00p,@,Detroit Pistons,W,,101,94,22,32,W 1
2001,CLE,2001-02-27,7:00p,@,Toronto Raptors,L,,89,101,22,33,L 1
2001,CLE,2001-03-01,7:30p,,Seattle SuperSonics,L,OT,99,101,22,34,L 2
2001,CLE,2001-03-02,7:30p,@,Orlando Magic,L,,94,120,22,35,L 3
2001,CLE,2001-03-04,7:30p,,Miami Heat,L,,79,91,22,36,L 4
2001,CLE,2001-03-06,8:30p,@,Chicago Bulls,L,,74,87,22,37,L 5
2001,CLE,2001-03-07,7:30p,,Washington Wizards,L,,83,88,22,38,L 6
2001,CLE,2001-03-09,7:00p,@,Indiana Pacers,L,,84,99,22,39,L 7
2001,CLE,2001-03-11,7:30p,,Milwaukee Bucks,W,,124,110,23,39,W 1
2001,CLE,2001-03-13,7:30p,@,New York Knicks,L,,79,98,23,40,L 1
2001,CLE,2001-03-14,7:30p,,Orlando Magic,L,,87,97,23,41,L 2
2001,CLE,2001-03-16,7:30p,,Charlotte Hornets,W,,114,109,24,41,W 1
2001,CLE,2001-03-18,3:30p,@,Minnesota Timberwolves,L,,76,91,24,42,L 1
2001,CLE,2001-03-20,7:30p,,New York Knicks,L,,75,110,24,43,L 2
2001,CLE,2001-03-22,7:30p,,Vancouver Grizzlies,W,,109,95,25,43,W 1
2001,CLE,2001-03-24,7:30p,,Denver Nuggets,W,,117,105,26,43,W 2
2001,CLE,2001-03-26,10:00p,@,Seattle SuperSonics,L,,86,104,26,44,L 1
2001,CLE,2001-03-28,9:00p,@,Phoenix Suns,L,,94,103,26,45,L 2
2001,CLE,2001-03-30,9:00p,@,Utah Jazz,L,,88,95,26,46,L 3
2001,CLE,2001-03-31,10:30p,@,Los Angeles Clippers,L,,97,104,26,47,L 4
2001,CLE,2001-04-04,7:30p,,Toronto Raptors,L,,94,97,26,48,L 5
2001,CLE,2001-04-06,7:00p,@,Philadelphia 76ers,L,,88,96,26,49,L 6
2001,CLE,2001-04-07,7:30p,,Phoenix Suns,L,,98,102,26,50,L 7
2001,CLE,2001-04-10,7:30p,,Orlando Magic,W,,101,78,27,50,W 1
2001,CLE,2001-04-11,7:30p,@,Atlanta Hawks,L,,102,107,27,51,L 1
2001,CLE,2001-04-13,7:30p,@,New Jersey Nets,W,,97,91,28,51,W 1
2001,CLE,2001-04-15,1:00p,@,Washington Wizards,W,,106,98,29,51,W 2
2001,CLE,2001-04-16,7:30p,,New York Knicks,W,,80,78,30,51,W 3
2001,CLE,2001-04-18,7:30p,,Indiana Pacers,L,OT,101,105,30,52,L 1
2001,DAL,2000-10-31,8:00p,,Milwaukee Bucks,W,,97,93,1,0,W 1
2001,DAL,2000-11-02,8:00p,,Indiana Pacers,W,,94,88,2,0,W 2
2001,DAL,2000-11-04,8:00p,,Utah Jazz,L,,106,112,2,1,L 1
2001,DAL,2000-11-06,9:00p,@,Denver Nuggets,W,,108,96,3,1,W 1
2001,DAL,2000-11-08,8:00p,,Vancouver Grizzlies,L,,74,101,3,2,L 1
2001,DAL,2000-11-10,8:00p,,San Antonio Spurs,W,,79,77,4,2,W 1
2001,DAL,2000-11-12,9:00p,@,Sacramento Kings,L,,84,109,4,3,L 1
2001,DAL,2000-11-13,10:30p,@,Los Angeles Clippers,W,,90,76,5,3,W 1
2001,DAL,2000-11-15,9:00p,@,Phoenix Suns,L,,78,99,5,4,L 1
2001,DAL,2000-11-17,10:00p,@,Seattle SuperSonics,W,,99,95,6,4,W 1
2001,DAL,2000-11-18,10:00p,@,Vancouver Grizzlies,W,,91,88,7,4,W 2
2001,DAL,2000-11-20,9:00p,@,Utah Jazz,W,,107,98,8,4,W 3
2001,DAL,2000-11-21,8:00p,,Seattle SuperSonics,L,,110,116,8,5,L 1
2001,DAL,2000-11-25,8:00p,,Denver Nuggets,W,,108,84,9,5,W 1
2001,DAL,2000-11-28,8:00p,,Toronto Raptors,W,,107,93,10,5,W 2
2001,DAL,2000-11-30,10:00p,@,Portland Trail Blazers,L,,84,95,10,6,L 1
2001,DAL,2000-12-02,10:30p,@,Golden State Warriors,W,,97,78,11,6,W 1
2001,DAL,2000-12-03,9:30p,@,Los Angeles Lakers,L,,97,99,11,7,L 1
2001,DAL,2000-12-05,8:30p,@,Houston Rockets,L,,102,109,11,8,L 2
2001,DAL,2000-12-06,8:00p,,New York Knicks,W,,94,85,12,8,W 1
2001,DAL,2000-12-08,8:00p,,Chicago Bulls,W,,105,86,13,8,W 2
2001,DAL,2000-12-10,7:30p,@,New Jersey Nets,W,,99,73,14,8,W 3
2001,DAL,2000-12-12,7:30p,@,Cleveland Cavaliers,L,,87,92,14,9,L 1
2001,DAL,2000-12-13,7:00p,@,Indiana Pacers,L,,92,97,14,10,L 2
2001,DAL,2000-12-15,7:00p,@,Philadelphia 76ers,W,,112,94,15,10,W 1
2001,DAL,2000-12-17,7:00p,@,Detroit Pistons,W,,99,90,16,10,W 2
2001,DAL,2000-12-18,7:00p,@,Boston Celtics,W,,106,98,17,10,W 3
2001,DAL,2000-12-20,8:00p,,Portland Trail Blazers,W,,106,101,18,10,W 4
2001,DAL,2000-12-22,8:00p,,Los Angeles Lakers,L,,103,108,18,11,L 1
2001,DAL,2000-12-26,8:00p,,Seattle SuperSonics,W,,114,93,19,11,W 1
2001,DAL,2000-12-28,8:00p,,Los Angeles Clippers,W,,105,96,20,11,W 2
2001,DAL,2000-12-30,3:00p,,Houston Rockets,L,,99,114,20,12,L 1
2001,DAL,2001-01-03,8:00p,,Detroit Pistons,L,,104,107,20,13,L 2
2001,DAL,2001-01-05,7:00p,@,Toronto Raptors,W,,115,105,21,13,W 1
2001,DAL,2001-01-06,7:00p,@,Washington Wizards,W,,103,85,22,13,W 2
2001,DAL,2001-01-08,8:30p,@,Chicago Bulls,W,,104,91,23,13,W 3
2001,DAL,2001-01-10,8:00p,@,Minnesota Timberwolves,W,,106,86,24,13,W 4
2001,DAL,2001-01-11,8:00p,@,Milwaukee Bucks,L,,94,102,24,14,L 1
2001,DAL,2001-01-13,5:30p,,Phoenix Suns,L,,86,103,24,15,L 2
2001,DAL,2001-01-15,3:00p,,Sacramento Kings,L,,105,116,24,16,L 3
2001,DAL,2001-01-17,7:30p,@,Charlotte Hornets,W,,91,90,25,16,W 1
2001,DAL,2001-01-18,8:00p,,Orlando Magic,W,OT,115,106,26,16,W 2
2001,DAL,2001-01-20,8:00p,,Denver Nuggets,W,,97,79,27,16,W 3
2001,DAL,2001-01-23,8:00p,,Philadelphia 76ers,L,,98,114,27,17,L 1
2001,DAL,2001-01-25,8:00p,,Vancouver Grizzlies,W,,120,83,28,17,W 1
2001,DAL,2001-01-27,9:00p,@,Denver Nuggets,L,,100,102,28,18,L 1
2001,DAL,2001-02-01,8:00p,,Miami Heat,W,OT,95,91,29,18,W 1
2001,DAL,2001-02-03,8:00p,,Golden State Warriors,W,,101,95,30,18,W 2
2001,DAL,2001-02-05,7:30p,@,Atlanta Hawks,W,,91,81,31,18,W 3
2001,DAL,2001-02-07,7:30p,@,New York Knicks,L,2OT,93,96,31,19,L 1
2001,DAL,2001-02-13,8:30p,@,San Antonio Spurs,L,,92,104,31,20,L 2
2001,DAL,2001-02-15,8:30p,,Cleveland Cavaliers,W,,102,81,32,20,W 1
2001,DAL,2001-02-17,8:30p,,Washington Wizards,W,,112,105,33,20,W 2
2001,DAL,2001-02-20,8:30p,,Los Angeles Lakers,L,,109,119,33,21,L 1
2001,DAL,2001-02-22,8:30p,,Boston Celtics,W,,98,91,34,21,W 1
2001,DAL,2001-02-24,8:30p,,San Antonio Spurs,L,,104,107,34,22,L 1
2001,DAL,2001-02-26,10:30p,@,Los Angeles Clippers,W,,103,92,35,22,W 1
2001,DAL,2001-02-27,10:00p,@,Vancouver Grizzlies,W,,116,112,36,22,W 2
2001,DAL,2001-03-03,8:30p,,Houston Rockets,W,,100,95,37,22,W 3
2001,DAL,2001-03-05,7:30p,@,Orlando Magic,L,,81,95,37,23,L 1
2001,DAL,2001-03-07,7:30p,@,Miami Heat,W,,93,86,38,23,W 1
2001,DAL,2001-03-09,8:30p,,Golden State Warriors,W,,102,73,39,23,W 2
2001,DAL,2001-03-11,8:30p,,Los Angeles Clippers,W,,111,93,40,23,W 3
2001,DAL,2001-03-13,8:30p,,New Jersey Nets,W,,122,98,41,23,W 4
2001,DAL,2001-03-15,8:30p,,Minnesota Timberwolves,W,,103,83,42,23,W 5
2001,DAL,2001-03-17,8:30p,,Phoenix Suns,W,,109,99,43,23,W 6
2001,DAL,2001-03-20,8:30p,,Portland Trail Blazers,L,,88,96,43,24,L 1
2001,DAL,2001-03-21,8:00p,@,Minnesota Timberwolves,L,,97,109,43,25,L 2
2001,DAL,2001-03-24,8:30p,,Charlotte Hornets,W,,103,100,44,25,W 1
2001,DAL,2001-03-26,9:00p,@,Utah Jazz,W,,98,90,45,25,W 2
2001,DAL,2001-03-28,10:00p,@,Portland Trail Blazers,W,,94,84,46,25,W 3
2001,DAL,2001-03-30,10:30p,@,Los Angeles Lakers,L,,89,98,46,26,L 1
2001,DAL,2001-04-01,9:00p,@,Sacramento Kings,W,,119,107,47,26,W 1
2001,DAL,2001-04-03,8:30p,@,Houston Rockets,W,,109,97,48,26,W 2
2001,DAL,2001-04-05,8:30p,,Atlanta Hawks,W,,108,94,49,26,W 3
2001,DAL,2001-04-07,8:30p,,Utah Jazz,L,,103,116,49,27,L 1
2001,DAL,2001-04-10,8:30p,@,San Antonio Spurs,L,,79,91,49,28,L 2
2001,DAL,2001-04-11,10:00p,@,Phoenix Suns,L,,106,111,49,29,L 3
2001,DAL,2001-04-13,8:30p,,Sacramento Kings,W,,101,97,50,29,W 1
2001,DAL,2001-04-15,9:00p,@,Seattle SuperSonics,W,OT,107,99,51,29,W 2
2001,DAL,2001-04-16,10:30p,@,Golden State Warriors,W,,110,101,52,29,W 3
2001,DAL,2001-04-18,8:30p,,Minnesota Timberwolves,W,,120,100,53,29,W 4
2001,DAL,2001-04-21,3:00p,@,Utah Jazz,L,,86,88,0,1,L 1
2001,DAL,2001-04-24,10:30p,@,Utah Jazz,L,,98,109,0,2,L 2
2001,DAL,2001-04-28,3:00p,,Utah Jazz,W,,94,91,1,2,W 1
2001,DAL,2001-05-01,9:30p,,Utah Jazz,W,,107,77,2,2,W 2
2001,DAL,2001-05-03,9:00p,@,Utah Jazz,W,,84,83,3,2,W 3
2001,DAL,2001-05-05,6:30p,@,San Antonio Spurs,L,,78,94,3,3,L 1
2001,DAL,2001-05-07,8:00p,@,San Antonio Spurs,L,,86,100,3,4,L 2
2001,DAL,2001-05-09,9:30p,,San Antonio Spurs,L,,90,104,3,5,L 3
2001,DAL,2001-05-12,3:30p,,San Antonio Spurs,W,,112,108,4,5,W 1
2001,DAL,2001-05-14,8:00p,@,San Antonio Spurs,L,,87,105,4,6,L 1
2001,DEN,2000-11-01,10:00p,@,Seattle SuperSonics,L,,99,112,0,1,L 1
2001,DEN,2000-11-02,9:00p,,Golden State Warriors,W,,101,97,1,1,W 1
2001,DEN,2000-11-04,9:00p,,Phoenix Suns,L,,99,102,1,2,L 1
2001,DEN,2000-11-06,9:00p,,Dallas Mavericks,L,,96,108,1,3,L 2
2001,DEN,2000-11-08,9:00p,,Minnesota Timberwolves,W,OT,109,107,2,3,W 1
2001,DEN,2000-11-09,10:00p,@,Portland Trail Blazers,L,,91,107,2,4,L 1
2001,DEN,2000-11-12,9:00p,,Los Angeles Clippers,W,,95,79,3,4,W 1
2001,DEN,2000-11-14,10:30p,@,Los Angeles Lakers,L,,103,119,3,5,L 1
2001,DEN,2000-11-16,9:00p,,Chicago Bulls,W,,89,85,4,5,W 1
2001,DEN,2000-11-18,9:00p,,Los Angeles Lakers,W,,87,86,5,5,W 2
2001,DEN,2000-11-20,10:00p,@,Vancouver Grizzlies,W,,95,92,6,5,W 3
2001,DEN,2000-11-22,9:00p,@,Utah Jazz,L,,78,116,6,6,L 1
2001,DEN,2000-11-24,9:00p,,San Antonio Spurs,W,,102,92,7,6,W 1
2001,DEN,2000-11-25,8:00p,@,Dallas Mavericks,L,,84,108,7,7,L 1
2001,DEN,2000-11-29,8:00p,@,Minnesota Timberwolves,W,,107,100,8,7,W 1
2001,DEN,2000-11-30,9:00p,,Houston Rockets,L,OT,105,109,8,8,L 1
2001,DEN,2000-12-02,9:00p,,Seattle SuperSonics,W,,103,92,9,8,W 1
2001,DEN,2000-12-04,9:00p,,Philadelphia 76ers,W,,105,98,10,8,W 2
2001,DEN,2000-12-06,7:30p,@,Miami Heat,L,,78,95,10,9,L 1
2001,DEN,2000-12-07,7:30p,@,Orlando Magic,L,,93,103,10,10,L 2
2001,DEN,2000-12-09,7:30p,@,New York Knicks,L,,88,96,10,11,L 3
2001,DEN,2000-12-10,6:00p,@,Boston Celtics,L,OT,102,104,10,12,L 4
2001,DEN,2000-12-12,9:00p,,Miami Heat,L,,85,96,10,13,L 5
2001,DEN,2000-12-14,8:30p,@,San Antonio Spurs,W,,102,96,11,13,W 1
2001,DEN,2000-12-16,8:30p,@,Houston Rockets,W,,102,100,12,13,W 2
2001,DEN,2000-12-20,9:00p,,Detroit Pistons,W,,108,106,13,13,W 3
2001,DEN,2000-12-22,9:00p,,Portland Trail Blazers,W,,116,96,14,13,W 4
2001,DEN,2000-12-23,9:00p,@,Phoenix Suns,L,,93,102,14,14,L 1
2001,DEN,2000-12-26,9:00p,,Los Angeles Clippers,W,,109,108,15,14,W 1
2001,DEN,2000-12-28,9:00p,,Toronto Raptors,L,,93,94,15,15,L 1
2001,DEN,2000-12-30,10:00p,,Milwaukee Bucks,W,,120,113,16,15,W 1
2001,DEN,2001-01-03,10:30p,@,Golden State Warriors,W,,111,100,17,15,W 2
2001,DEN,2001-01-05,9:00p,,Utah Jazz,W,,100,87,18,15,W 3
2001,DEN,2001-01-07,9:00p,,Charlotte Hornets,W,,94,87,19,15,W 4
2001,DEN,2001-01-09,10:00p,@,Vancouver Grizzlies,W,,112,105,20,15,W 5
2001,DEN,2001-01-10,10:30p,@,Los Angeles Clippers,L,,86,92,20,16,L 1
2001,DEN,2001-01-12,9:00p,,Sacramento Kings,W,,106,93,21,16,W 1
2001,DEN,2001-01-15,9:00p,,Seattle SuperSonics,W,,122,111,22,16,W 2
2001,DEN,2001-01-17,9:00p,,Vancouver Grizzlies,W,,121,97,23,16,W 3
2001,DEN,2001-01-19,9:00p,,Cleveland Cavaliers,W,,91,88,24,16,W 4
2001,DEN,2001-01-20,8:00p,@,Dallas Mavericks,L,,79,97,24,17,L 1
2001,DEN,2001-01-23,9:00p,,Houston Rockets,W,,105,100,25,17,W 1
2001,DEN,2001-01-25,9:00p,@,Utah Jazz,L,,96,98,25,18,L 1
2001,DEN,2001-01-27,9:00p,,Dallas Mavericks,W,,102,100,26,18,W 1
2001,DEN,2001-01-29,9:00p,,Utah Jazz,L,,91,97,26,19,L 1
2001,DEN,2001-01-31,8:00p,@,Milwaukee Bucks,L,,111,116,26,20,L 2
2001,DEN,2001-02-02,7:00p,@,Indiana Pacers,L,,94,103,26,21,L 3
2001,DEN,2001-02-03,7:00p,@,Washington Wizards,W,,105,100,27,21,W 1
2001,DEN,2001-02-05,7:00p,@,Philadelphia 76ers,L,,80,99,27,22,L 1
2001,DEN,2001-02-06,7:30p,@,Detroit Pistons,L,,83,94,27,23,L 2
2001,DEN,2001-02-08,8:00p,@,Toronto Raptors,L,,92,99,27,24,L 3
2001,DEN,2001-02-13,9:00p,,New York Knicks,W,,96,77,28,24,W 1
2001,DEN,2001-02-16,10:30p,@,Sacramento Kings,L,,84,117,28,25,L 1
2001,DEN,2001-02-18,9:00p,,Washington Wizards,L,,98,101,28,26,L 2
2001,DEN,2001-02-20,10:00p,@,Portland Trail Blazers,L,,94,104,28,27,L 3
2001,DEN,2001-02-21,10:00p,@,Seattle SuperSonics,L,,98,127,28,28,L 4
2001,DEN,2001-02-24,9:00p,,Atlanta Hawks,W,,85,82,29,28,W 1
2001,DEN,2001-02-26,9:00p,,Orlando Magic,L,,86,93,29,29,L 1
2001,DEN,2001-02-28,10:30p,,Los Angeles Lakers,W,,107,101,30,29,W 1
2001,DEN,2001-03-02,9:00p,,Minnesota Timberwolves,L,,71,89,30,30,L 1
2001,DEN,2001-03-03,9:00p,@,Phoenix Suns,L,,82,97,30,31,L 2
2001,DEN,2001-03-05,10:30p,@,Los Angeles Clippers,L,,86,99,30,32,L 3
2001,DEN,2001-03-06,9:00p,,Phoenix Suns,L,,82,93,30,33,L 4
2001,DEN,2001-03-09,10:30p,@,Sacramento Kings,L,,104,110,30,34,L 5
2001,DEN,2001-03-12,10:30p,@,Golden State Warriors,W,,84,79,31,34,W 1
2001,DEN,2001-03-14,9:00p,,Indiana Pacers,W,,95,83,32,34,W 2
2001,DEN,2001-03-16,9:00p,,Boston Celtics,L,,83,87,32,35,L 1
2001,DEN,2001-03-18,10:00p,,New Jersey Nets,W,,98,84,33,35,W 1
2001,DEN,2001-03-23,8:00p,@,Minnesota Timberwolves,L,,90,101,33,36,L 1
2001,DEN,2001-03-24,7:30p,@,Cleveland Cavaliers,L,,105,117,33,37,L 2
2001,DEN,2001-03-26,8:30p,@,Chicago Bulls,W,OT,109,104,34,37,W 1
2001,DEN,2001-03-28,7:30p,@,New Jersey Nets,L,,96,99,34,38,L 1
2001,DEN,2001-03-30,7:30p,@,Charlotte Hornets,W,,103,96,35,38,W 1
2001,DEN,2001-03-31,7:30p,@,Atlanta Hawks,L,,88,99,35,39,L 1
2001,DEN,2001-04-03,9:00p,,Portland Trail Blazers,W,,94,92,36,39,W 1
2001,DEN,2001-04-05,9:00p,,San Antonio Spurs,L,,80,101,36,40,L 1
2001,DEN,2001-04-07,9:00p,,Vancouver Grizzlies,W,,98,97,37,40,W 1
2001,DEN,2001-04-10,8:30p,@,Houston Rockets,W,,100,99,38,40,W 2
2001,DEN,2001-04-13,9:00p,,Golden State Warriors,W,,108,92,39,40,W 3
2001,DEN,2001-04-14,8:30p,@,San Antonio Spurs,L,,95,111,39,41,L 1
2001,DEN,2001-04-17,10:30p,@,Los Angeles Lakers,L,,91,108,39,42,L 2
2001,DEN,2001-04-18,9:00p,,Sacramento Kings,W,,110,100,40,42,W 1
2001,DET,2000-10-31,8:00p,@,Toronto Raptors,W,,104,95,1,0,W 1
2001,DET,2000-11-01,7:00p,@,Boston Celtics,L,,83,103,1,1,L 1
2001,DET,2000-11-03,8:00p,,Sacramento Kings,L,,93,100,1,2,L 2
2001,DET,2000-11-04,8:30p,@,Milwaukee Bucks,L,,88,97,1,3,L 3
2001,DET,2000-11-08,7:00p,@,Philadelphia 76ers,L,,94,103,1,4,L 4
2001,DET,2000-11-09,7:30p,@,New Jersey Nets,W,,108,94,2,4,W 1
2001,DET,2000-11-11,7:00p,@,Indiana Pacers,L,,84,94,2,5,L 1
2001,DET,2000-11-12,6:00p,,Seattle SuperSonics,W,,101,92,3,5,W 1
2001,DET,2000-11-15,7:30p,,Indiana Pacers,L,,88,92,3,6,L 1
2001,DET,2000-11-17,7:30p,@,Charlotte Hornets,W,,96,89,4,6,W 1
2001,DET,2000-11-19,7:00p,,Charlotte Hornets,L,,96,105,4,7,L 1
2001,DET,2000-11-21,7:30p,@,Cleveland Cavaliers,L,,98,117,4,8,L 2
2001,DET,2000-11-24,8:00p,,Vancouver Grizzlies,W,,118,96,5,8,W 1
2001,DET,2000-11-26,7:00p,,Utah Jazz,L,,79,94,5,9,L 1
2001,DET,2000-11-29,7:30p,,New Jersey Nets,W,,97,76,6,9,W 1
2001,DET,2000-12-01,8:00p,,Cleveland Cavaliers,W,,103,93,7,9,W 2
2001,DET,2000-12-03,7:00p,,Washington Wizards,W,,93,87,8,9,W 3
2001,DET,2000-12-05,10:00p,@,Vancouver Grizzlies,L,,83,91,8,10,L 1
2001,DET,2000-12-06,10:00p,@,Seattle SuperSonics,W,,112,99,9,10,W 1
2001,DET,2000-12-09,10:00p,@,Portland Trail Blazers,L,,83,114,9,11,L 1
2001,DET,2000-12-10,9:30p,@,Los Angeles Lakers,L,,88,112,9,12,L 2
2001,DET,2000-12-13,7:30p,,Atlanta Hawks,W,,92,69,10,12,W 1
2001,DET,2000-12-15,8:00p,,Minnesota Timberwolves,L,,90,99,10,13,L 1
2001,DET,2000-12-17,7:00p,,Dallas Mavericks,L,,90,99,10,14,L 2
2001,DET,2000-12-19,9:00p,@,Phoenix Suns,W,,89,84,11,14,W 1
2001,DET,2000-12-20,9:00p,@,Denver Nuggets,L,,106,108,11,15,L 1
2001,DET,2000-12-23,7:30p,,Chicago Bulls,W,,106,93,12,15,W 1
2001,DET,2000-12-26,7:30p,,Boston Celtics,W,,101,96,13,15,W 2
2001,DET,2000-12-28,7:30p,@,Orlando Magic,L,,96,102,13,16,L 1
2001,DET,2000-12-30,7:30p,,Miami Heat,L,OT,102,110,13,17,L 2
2001,DET,2000-12-31,8:00p,@,Washington Wizards,L,,96,110,13,18,L 3
2001,DET,2001-01-03,8:00p,@,Dallas Mavericks,W,,107,104,14,18,W 1
2001,DET,2001-01-04,8:30p,@,Houston Rockets,L,,97,107,14,19,L 1
2001,DET,2001-01-06,8:30p,@,San Antonio Spurs,L,,101,108,14,20,L 2
2001,DET,2001-01-10,7:30p,,Toronto Raptors,L,,85,110,14,21,L 3
2001,DET,2001-01-12,8:00p,,San Antonio Spurs,L,,90,111,14,22,L 4
2001,DET,2001-01-14,7:00p,,Portland Trail Blazers,L,,96,103,14,23,L 5
2001,DET,2001-01-16,7:30p,@,Miami Heat,L,,85,93,14,24,L 6
2001,DET,2001-01-18,8:30p,@,Chicago Bulls,W,,116,110,15,24,W 1
2001,DET,2001-01-19,8:00p,,New York Knicks,L,,91,97,15,25,L 1
2001,DET,2001-01-21,7:30p,,Milwaukee Bucks,L,,98,102,15,26,L 2
2001,DET,2001-01-24,7:30p,,Phoenix Suns,L,,73,106,15,27,L 3
2001,DET,2001-01-26,7:00p,@,Philadelphia 76ers,L,,89,105,15,28,L 4
2001,DET,2001-01-27,8:30p,@,Milwaukee Bucks,W,,108,103,16,28,W 1
2001,DET,2001-01-29,7:00p,@,Boston Celtics,L,,87,99,16,29,L 1
2001,DET,2001-01-31,7:30p,@,New Jersey Nets,W,,112,103,17,29,W 1
2001,DET,2001-02-02,8:00p,,Boston Celtics,L,,95,102,17,30,L 1
2001,DET,2001-02-03,7:30p,@,Cleveland Cavaliers,W,OT,88,81,18,30,W 1
2001,DET,2001-02-06,7:30p,,Denver Nuggets,W,,94,83,19,30,W 2
2001,DET,2001-02-08,7:30p,,Houston Rockets,L,,90,103,19,31,L 1
2001,DET,2001-02-14,7:30p,,New Jersey Nets,W,,105,86,20,31,W 1
2001,DET,2001-02-15,7:00p,@,Indiana Pacers,L,,73,82,20,32,L 1
2001,DET,2001-02-19,7:30p,,Los Angeles Clippers,L,OT,106,111,20,33,L 2
2001,DET,2001-02-21,7:30p,,New York Knicks,W,,90,85,21,33,W 1
2001,DET,2001-02-23,8:00p,,Philadelphia 76ers,L,,78,99,21,34,L 1
2001,DET,2001-02-25,8:00p,,Cleveland Cavaliers,L,,94,101,21,35,L 2
2001,DET,2001-02-28,8:00p,@,Minnesota Timberwolves,L,,100,111,21,36,L 3
2001,DET,2001-03-02,8:00p,,Miami Heat,L,OT,93,97,21,37,L 4
2001,DET,2001-03-04,3:00p,,Orlando Magic,W,,93,84,22,37,W 1
2001,DET,2001-03-05,7:30p,@,Miami Heat,L,,84,87,22,38,L 1
2001,DET,2001-03-07,7:30p,@,Orlando Magic,L,,102,112,22,39,L 2
2001,DET,2001-03-09,8:00p,,Chicago Bulls,W,,108,75,23,39,W 1
2001,DET,2001-03-11,7:00p,,Indiana Pacers,W,,95,78,24,39,W 2
2001,DET,2001-03-14,7:00p,@,Washington Wizards,L,,96,103,24,40,L 1
2001,DET,2001-03-15,7:30p,,Los Angeles Lakers,L,OT,119,125,24,41,L 2
2001,DET,2001-03-17,7:30p,@,Atlanta Hawks,W,,106,90,25,41,W 1
2001,DET,2001-03-18,7:00p,,Milwaukee Bucks,L,,96,100,25,42,L 1
2001,DET,2001-03-20,9:00p,@,Utah Jazz,L,,79,84,25,43,L 2
2001,DET,2001-03-22,10:30p,@,Sacramento Kings,L,,98,103,25,44,L 3
2001,DET,2001-03-24,10:30p,@,Golden State Warriors,L,,95,103,25,45,L 4
2001,DET,2001-03-27,10:30p,@,Los Angeles Clippers,L,,94,101,25,46,L 5
2001,DET,2001-03-30,8:00p,,Orlando Magic,W,,100,97,26,46,W 1
2001,DET,2001-04-01,8:00p,,Golden State Warriors,W,,104,87,27,46,W 2
2001,DET,2001-04-03,8:30p,@,Chicago Bulls,W,,110,83,28,46,W 3
2001,DET,2001-04-04,7:30p,,Philadelphia 76ers,L,,84,90,28,47,L 1
2001,DET,2001-04-07,7:30p,@,Charlotte Hornets,W,,97,92,29,47,W 1
2001,DET,2001-04-09,7:30p,,Atlanta Hawks,W,,81,69,30,47,W 2
2001,DET,2001-04-11,7:30p,,Toronto Raptors,W,,99,87,31,47,W 3
2001,DET,2001-04-14,7:30p,@,Atlanta Hawks,W,OT,129,124,32,47,W 4
2001,DET,2001-04-15,8:00p,,Charlotte Hornets,L,,90,99,32,48,L 1
2001,DET,2001-04-17,7:00p,@,Toronto Raptors,L,OT,92,94,32,49,L 2
2001,DET,2001-04-18,7:30p,@,New York Knicks,L,,88,94,32,50,L 3
2001,GSW,2000-10-31,10:30p,,Phoenix Suns,W,,96,94,1,0,W 1
2001,GSW,2000-11-02,9:00p,@,Denver Nuggets,L,,97,101,1,1,L 1
2001,GSW,2000-11-04,10:30p,,San Antonio Spurs,L,,105,117,1,2,L 2
2001,GSW,2000-11-08,10:30p,@,Sacramento Kings,L,,84,115,1,3,L 3
2001,GSW,2000-11-10,10:30p,,Sacramento Kings,L,OT,107,114,1,4,L 4
2001,GSW,2000-11-12,9:00p,,Orlando Magic,L,OT,99,105,1,5,L 5
2001,GSW,2000-11-14,7:30p,@,Cleveland Cavaliers,L,,86,96,1,6,L 6
2001,GSW,2000-11-15,8:00p,@,Minnesota Timberwolves,L,,90,92,1,7,L 7
2001,GSW,2000-11-17,7:00p,@,Indiana Pacers,W,,92,90,2,7,W 1
2001,GSW,2000-11-19,8:00p,@,New York Knicks,L,,71,88,2,8,L 1
2001,GSW,2000-11-21,10:30p,,Chicago Bulls,W,,89,77,3,8,W 1
2001,GSW,2000-11-22,10:30p,@,Los Angeles Lakers,L,,91,111,3,9,L 1
2001,GSW,2000-11-24,9:00p,@,Phoenix Suns,L,,74,80,3,10,L 2
2001,GSW,2000-11-25,10:30p,,Minnesota Timberwolves,W,,114,93,4,10,W 1
2001,GSW,2000-11-29,10:30p,@,Los Angeles Clippers,L,,83,106,4,11,L 1
2001,GSW,2000-11-30,10:30p,,Indiana Pacers,W,,99,95,5,11,W 1
2001,GSW,2000-12-02,10:30p,,Dallas Mavericks,L,,78,97,5,12,L 1
2001,GSW,2000-12-03,9:00p,@,Seattle SuperSonics,L,,102,118,5,13,L 2
2001,GSW,2000-12-06,10:30p,,Los Angeles Lakers,W,OT,125,122,6,13,W 1
2001,GSW,2000-12-08,10:30p,,Toronto Raptors,L,,92,108,6,14,L 1
2001,GSW,2000-12-09,9:00p,@,Utah Jazz,L,,114,125,6,15,L 2
2001,GSW,2000-12-12,10:30p,,Portland Trail Blazers,L,,93,101,6,16,L 3
2001,GSW,2000-12-14,10:30p,,Houston Rockets,L,,95,98,6,17,L 4
2001,GSW,2000-12-16,10:30p,,Miami Heat,L,,85,93,6,18,L 5
2001,GSW,2000-12-19,10:30p,,Minnesota Timberwolves,W,,120,99,7,18,W 1
2001,GSW,2000-12-22,8:30p,@,San Antonio Spurs,L,,87,105,7,19,L 1
2001,GSW,2000-12-23,8:30p,@,Houston Rockets,W,,95,87,8,19,W 1
2001,GSW,2000-12-27,10:30p,,Philadelphia 76ers,L,,110,118,8,20,L 1
2001,GSW,2000-12-29,10:30p,,Utah Jazz,W,,100,89,9,20,W 1
2001,GSW,2000-12-30,10:00p,@,Vancouver Grizzlies,W,,102,101,10,20,W 2
2001,GSW,2001-01-03,10:30p,,Denver Nuggets,L,,100,111,10,21,L 1
2001,GSW,2001-01-05,7:30p,@,Boston Celtics,W,,100,88,11,21,W 1
2001,GSW,2001-01-06,7:30p,@,New Jersey Nets,L,,92,97,11,22,L 1
2001,GSW,2001-01-08,7:30p,@,Miami Heat,L,,78,88,11,23,L 2
2001,GSW,2001-01-11,7:30p,@,Atlanta Hawks,L,,96,107,11,24,L 3
2001,GSW,2001-01-13,8:00p,@,Orlando Magic,L,,94,111,11,25,L 4
2001,GSW,2001-01-15,4:00p,,Cleveland Cavaliers,L,,101,107,11,26,L 5
2001,GSW,2001-01-18,10:30p,,Houston Rockets,L,,104,112,11,27,L 6
2001,GSW,2001-01-19,9:00p,@,Phoenix Suns,W,,103,95,12,27,W 1
2001,GSW,2001-01-21,9:00p,,Boston Celtics,W,,94,91,13,27,W 2
2001,GSW,2001-01-23,9:00p,@,Utah Jazz,L,,78,100,13,28,L 1
2001,GSW,2001-01-24,10:30p,,New Jersey Nets,W,,109,87,14,28,W 1
2001,GSW,2001-01-26,10:30p,,Seattle SuperSonics,L,,105,107,14,29,L 1
2001,GSW,2001-01-29,10:30p,,Charlotte Hornets,L,,85,93,14,30,L 2
2001,GSW,2001-01-30,10:30p,@,Sacramento Kings,L,,79,105,14,31,L 3
2001,GSW,2001-02-03,8:00p,@,Dallas Mavericks,L,,95,101,14,32,L 4
2001,GSW,2001-02-05,8:30p,@,San Antonio Spurs,L,,85,109,14,33,L 5
2001,GSW,2001-02-07,10:30p,,Los Angeles Clippers,W,,89,88,15,33,W 1
2001,GSW,2001-02-13,10:30p,,Phoenix Suns,L,,83,93,15,34,L 1
2001,GSW,2001-02-15,10:00p,@,Vancouver Grizzlies,L,,89,99,15,35,L 2
2001,GSW,2001-02-16,10:30p,,Vancouver Grizzlies,L,,79,92,15,36,L 3
2001,GSW,2001-02-18,9:00p,,Atlanta Hawks,L,,91,98,15,37,L 4
2001,GSW,2001-02-20,6:00p,@,Toronto Raptors,L,,102,113,15,38,L 5
2001,GSW,2001-02-22,7:30p,@,Charlotte Hornets,L,,91,93,15,39,L 6
2001,GSW,2001-02-23,8:00p,@,Minnesota Timberwolves,L,,83,122,15,40,L 7
2001,GSW,2001-02-25,5:30p,@,Milwaukee Bucks,L,,95,122,15,41,L 8
2001,GSW,2001-02-26,8:30p,@,Chicago Bulls,W,,84,78,16,41,W 1
2001,GSW,2001-02-28,10:30p,,Sacramento Kings,L,,101,122,16,42,L 1
2001,GSW,2001-03-03,10:00p,@,Portland Trail Blazers,L,,91,122,16,43,L 2
2001,GSW,2001-03-04,9:30p,@,Los Angeles Lakers,L,,95,110,16,44,L 3
2001,GSW,2001-03-06,10:30p,,Los Angeles Lakers,L,,85,97,16,45,L 4
2001,GSW,2001-03-09,8:30p,@,Dallas Mavericks,L,,73,102,16,46,L 5
2001,GSW,2001-03-10,8:30p,@,Houston Rockets,L,,81,86,16,47,L 6
2001,GSW,2001-03-12,10:30p,,Denver Nuggets,L,,79,84,16,48,L 7
2001,GSW,2001-03-14,10:30p,,Utah Jazz,L,,83,102,16,49,L 8
2001,GSW,2001-03-16,10:30p,@,Los Angeles Clippers,L,,76,94,16,50,L 9
2001,GSW,2001-03-18,9:00p,,Seattle SuperSonics,L,,99,104,16,51,L 10
2001,GSW,2001-03-21,10:30p,,Washington Wizards,L,,94,99,16,52,L 11
2001,GSW,2001-03-24,10:30p,,Detroit Pistons,W,,103,95,17,52,W 1
2001,GSW,2001-03-26,10:30p,,New York Knicks,L,OT,87,89,17,53,L 1
2001,GSW,2001-03-29,7:00p,@,Washington Wizards,L,,100,116,17,54,L 2
2001,GSW,2001-03-30,7:00p,@,Philadelphia 76ers,L,,89,102,17,55,L 3
2001,GSW,2001-04-01,8:00p,@,Detroit Pistons,L,,87,104,17,56,L 4
2001,GSW,2001-04-04,10:30p,,Milwaukee Bucks,L,,78,108,17,57,L 5
2001,GSW,2001-04-06,10:30p,,Portland Trail Blazers,L,,91,122,17,58,L 6
2001,GSW,2001-04-08,9:00p,,San Antonio Spurs,L,,76,84,17,59,L 7
2001,GSW,2001-04-10,10:00p,@,Portland Trail Blazers,L,,88,116,17,60,L 8
2001,GSW,2001-04-11,10:00p,@,Seattle SuperSonics,L,,101,107,17,61,L 9
2001,GSW,2001-04-13,9:00p,@,Denver Nuggets,L,,92,108,17,62,L 10
2001,GSW,2001-04-14,10:30p,,Los Angeles Clippers,L,,94,106,17,63,L 11
2001,GSW,2001-04-16,10:30p,,Dallas Mavericks,L,,101,110,17,64,L 12
2001,GSW,2001-04-18,10:30p,,Vancouver Grizzlies,L,,81,95,17,65,L 13
2001,HOU,2000-10-31,8:30p,,Minnesota Timberwolves,L,,98,106,0,1,L 1
2001,HOU,2000-11-02,8:30p,,Milwaukee Bucks,W,,115,93,1,1,W 1
2001,HOU,2000-11-04,10:30p,@,Los Angeles Clippers,L,,74,77,1,2,L 1
2001,HOU,2000-11-05,8:00p,@,Phoenix Suns,L,,99,104,1,3,L 2
2001,HOU,2000-11-07,8:30p,,Los Angeles Lakers,W,,84,74,2,3,W 1
2001,HOU,2000-11-09,8:30p,,Vancouver Grizzlies,W,,85,78,3,3,W 2
2001,HOU,2000-11-11,10:00p,@,Portland Trail Blazers,L,,88,111,3,4,L 1
2001,HOU,2000-11-12,9:30p,@,Los Angeles Lakers,L,,99,105,3,5,L 2
2001,HOU,2000-11-14,8:30p,,Chicago Bulls,W,,110,83,4,5,W 1
2001,HOU,2000-11-16,8:30p,,Charlotte Hornets,W,,84,80,5,5,W 2
2001,HOU,2000-11-18,8:30p,,Phoenix Suns,W,,94,89,6,5,W 3
2001,HOU,2000-11-21,7:00p,@,Indiana Pacers,W,,101,89,7,5,W 4
2001,HOU,2000-11-22,7:00p,@,Boston Celtics,L,,81,96,7,6,L 1
2001,HOU,2000-11-25,7:30p,@,Miami Heat,W,,91,80,8,6,W 1
2001,HOU,2000-11-28,8:30p,,Sacramento Kings,L,,81,88,8,7,L 1
2001,HOU,2000-11-30,9:00p,@,Denver Nuggets,W,OT,109,105,9,7,W 1
2001,HOU,2000-12-02,8:30p,,Portland Trail Blazers,L,,85,96,9,8,L 1
2001,HOU,2000-12-05,8:30p,,Dallas Mavericks,W,,109,102,10,8,W 1
2001,HOU,2000-12-08,10:30p,@,Sacramento Kings,L,,98,111,10,9,L 1
2001,HOU,2000-12-09,10:00p,@,Seattle SuperSonics,W,,111,104,11,9,W 1
2001,HOU,2000-12-11,10:00p,@,Vancouver Grizzlies,W,,82,75,12,9,W 2
2001,HOU,2000-12-14,10:30p,@,Golden State Warriors,W,,98,95,13,9,W 3
2001,HOU,2000-12-16,8:30p,,Denver Nuggets,L,,100,102,13,10,L 1
2001,HOU,2000-12-19,8:30p,,San Antonio Spurs,L,,79,86,13,11,L 2
2001,HOU,2000-12-21,8:30p,,Los Angeles Lakers,L,,94,99,13,12,L 3
2001,HOU,2000-12-23,8:30p,,Golden State Warriors,L,,87,95,13,13,L 4
2001,HOU,2000-12-26,8:00p,@,San Antonio Spurs,L,,95,103,13,14,L 5
2001,HOU,2000-12-27,8:30p,,Seattle SuperSonics,L,,92,107,13,15,L 6
2001,HOU,2000-12-30,3:00p,@,Dallas Mavericks,W,,114,99,14,15,W 1
2001,HOU,2001-01-01,3:30p,@,Minnesota Timberwolves,L,,96,106,14,16,L 1
2001,HOU,2001-01-02,7:30p,@,Cleveland Cavaliers,W,,100,95,15,16,W 1
2001,HOU,2001-01-04,8:30p,,Detroit Pistons,W,,107,97,16,16,W 2
2001,HOU,2001-01-06,8:30p,,Utah Jazz,L,,97,99,16,17,L 1
2001,HOU,2001-01-09,7:00p,@,Toronto Raptors,W,,110,91,17,17,W 1
2001,HOU,2001-01-11,7:30p,@,New York Knicks,W,,76,75,18,17,W 2
2001,HOU,2001-01-13,8:30p,,Sacramento Kings,L,,81,84,18,18,L 1
2001,HOU,2001-01-15,9:00p,@,Utah Jazz,L,OT,104,116,18,19,L 2
2001,HOU,2001-01-16,8:00p,,Toronto Raptors,W,,114,99,19,19,W 1
2001,HOU,2001-01-18,10:30p,@,Golden State Warriors,W,,112,104,20,19,W 2
2001,HOU,2001-01-19,10:30p,@,Los Angeles Lakers,L,,101,114,20,20,L 1
2001,HOU,2001-01-23,9:00p,@,Denver Nuggets,L,,100,105,20,21,L 2
2001,HOU,2001-01-24,8:30p,,Philadelphia 76ers,L,OT,84,85,20,22,L 3
2001,HOU,2001-01-26,8:30p,,Vancouver Grizzlies,W,,106,89,21,22,W 1
2001,HOU,2001-01-27,8:00p,@,Charlotte Hornets,W,,110,97,22,22,W 2
2001,HOU,2001-01-30,8:30p,,Miami Heat,L,,85,103,22,23,L 1
2001,HOU,2001-02-01,8:30p,,Los Angeles Clippers,L,,84,101,22,24,L 2
2001,HOU,2001-02-03,8:30p,@,San Antonio Spurs,L,,88,90,22,25,L 3
2001,HOU,2001-02-05,8:30p,,New York Knicks,W,,100,86,23,25,W 1
2001,HOU,2001-02-07,7:00p,@,Philadelphia 76ers,W,,112,87,24,25,W 2
2001,HOU,2001-02-08,7:30p,@,Detroit Pistons,W,,103,90,25,25,W 3
2001,HOU,2001-02-13,8:30p,,Washington Wizards,W,,99,89,26,25,W 4
2001,HOU,2001-02-16,7:30p,@,Orlando Magic,L,,93,108,26,26,L 1
2001,HOU,2001-02-17,8:30p,,Cleveland Cavaliers,W,,92,80,27,26,W 1
2001,HOU,2001-02-20,8:30p,,Boston Celtics,W,,101,84,28,26,W 2
2001,HOU,2001-02-21,8:00p,@,Minnesota Timberwolves,W,,89,83,29,26,W 3
2001,HOU,2001-02-23,8:30p,,Orlando Magic,W,,105,95,30,26,W 4
2001,HOU,2001-02-26,8:30p,,Portland Trail Blazers,L,,89,95,30,27,L 1
2001,HOU,2001-02-28,8:30p,@,Chicago Bulls,W,,95,78,31,27,W 1
2001,HOU,2001-03-01,8:00p,@,Milwaukee Bucks,W,,108,91,32,27,W 2
2001,HOU,2001-03-03,8:30p,@,Dallas Mavericks,L,,95,100,32,28,L 1
2001,HOU,2001-03-07,7:30p,@,Atlanta Hawks,W,,104,98,33,28,W 1
2001,HOU,2001-03-08,8:30p,,Los Angeles Clippers,W,,99,87,34,28,W 2
2001,HOU,2001-03-10,8:30p,,Golden State Warriors,W,,86,81,35,28,W 3
2001,HOU,2001-03-11,8:00p,@,Phoenix Suns,L,,92,94,35,29,L 1
2001,HOU,2001-03-13,8:30p,,Indiana Pacers,W,3OT,127,118,36,29,W 1
2001,HOU,2001-03-15,8:30p,,New Jersey Nets,W,,108,106,37,29,W 2
2001,HOU,2001-03-17,8:30p,,San Antonio Spurs,W,,103,99,38,29,W 3
2001,HOU,2001-03-20,10:30p,@,Sacramento Kings,L,,109,125,38,30,L 1
2001,HOU,2001-03-22,10:30p,@,Los Angeles Clippers,L,,92,97,38,31,L 2
2001,HOU,2001-03-24,10:00p,@,Seattle SuperSonics,L,,90,93,38,32,L 3
2001,HOU,2001-03-27,8:30p,,Utah Jazz,W,,109,86,39,32,W 1
2001,HOU,2001-03-29,8:30p,,Phoenix Suns,L,,85,90,39,33,L 1
2001,HOU,2001-03-31,7:00p,@,Washington Wizards,W,,96,86,40,33,W 1
2001,HOU,2001-04-01,8:00p,@,New Jersey Nets,L,,98,101,40,34,L 1
2001,HOU,2001-04-03,8:30p,,Dallas Mavericks,L,,97,109,40,35,L 2
2001,HOU,2001-04-05,8:30p,,Seattle SuperSonics,W,,91,88,41,35,W 1
2001,HOU,2001-04-07,8:30p,,Atlanta Hawks,W,,110,97,42,35,W 2
2001,HOU,2001-04-09,9:00p,@,Utah Jazz,L,,81,96,42,36,L 1
2001,HOU,2001-04-10,8:30p,,Denver Nuggets,L,,99,100,42,37,L 2
2001,HOU,2001-04-13,10:00p,@,Portland Trail Blazers,W,,109,103,43,37,W 1
2001,HOU,2001-04-14,10:00p,@,Vancouver Grizzlies,W,,100,95,44,37,W 2
2001,HOU,2001-04-17,8:30p,,Minnesota Timberwolves,W,,114,87,45,37,W 3
2001,IND,2000-10-31,8:30p,@,San Antonio Spurs,L,,85,98,0,1,L 1
2001,IND,2000-11-02,8:00p,@,Dallas Mavericks,L,,88,94,0,2,L 2
2001,IND,2000-11-04,7:00p,,Chicago Bulls,W,,94,81,1,2,W 1
2001,IND,2000-11-08,7:00p,,Milwaukee Bucks,W,,108,97,2,2,W 2
2001,IND,2000-11-10,7:00p,@,Washington Wizards,W,,86,74,3,2,W 3
2001,IND,2000-11-11,7:00p,,Detroit Pistons,W,,94,84,4,2,W 4
2001,IND,2000-11-15,7:30p,@,Detroit Pistons,W,,92,88,5,2,W 5
2001,IND,2000-11-17,7:00p,,Golden State Warriors,L,,90,92,5,3,L 1
2001,IND,2000-11-18,8:00p,@,New Jersey Nets,L,,92,97,5,4,L 2
2001,IND,2000-11-21,7:00p,,Houston Rockets,L,,89,101,5,5,L 3
2001,IND,2000-11-23,8:00p,,Toronto Raptors,L,,91,111,5,6,L 4
2001,IND,2000-11-24,8:00p,,Washington Wizards,W,,99,87,6,6,W 1
2001,IND,2000-11-28,10:30p,@,Los Angeles Lakers,L,,107,124,6,7,L 1
2001,IND,2000-11-30,10:30p,@,Golden State Warriors,L,,95,99,6,8,L 2
2001,IND,2000-12-01,10:00p,@,Vancouver Grizzlies,W,OT,86,76,7,8,W 1
2001,IND,2000-12-03,3:00p,@,Milwaukee Bucks,L,,80,92,7,9,L 1
2001,IND,2000-12-05,7:00p,,New Jersey Nets,W,,88,64,8,9,W 1
2001,IND,2000-12-06,7:30p,@,Charlotte Hornets,L,,88,91,8,10,L 1
2001,IND,2000-12-08,7:30p,@,Boston Celtics,W,,104,91,9,10,W 1
2001,IND,2000-12-09,7:00p,,Charlotte Hornets,W,OT,99,96,10,10,W 2
2001,IND,2000-12-12,7:00p,@,Toronto Raptors,L,,90,104,10,11,L 1
2001,IND,2000-12-13,7:00p,,Dallas Mavericks,W,,97,92,11,11,W 1
2001,IND,2000-12-15,7:00p,,Cleveland Cavaliers,L,,95,103,11,12,L 1
2001,IND,2000-12-16,8:00p,@,Minnesota Timberwolves,L,OT,110,113,11,13,L 2
2001,IND,2000-12-19,8:30p,@,Chicago Bulls,W,,90,85,12,13,W 1
2001,IND,2000-12-20,7:00p,,Toronto Raptors,L,OT,98,99,12,14,L 1
2001,IND,2000-12-22,7:00p,,Utah Jazz,L,,101,109,12,15,L 2
2001,IND,2000-12-23,7:30p,@,Atlanta Hawks,L,,87,91,12,16,L 3
2001,IND,2000-12-25,3:00p,,Orlando Magic,W,,103,93,13,16,W 1
2001,IND,2000-12-27,8:00p,@,Miami Heat,L,,79,91,13,17,L 1
2001,IND,2000-12-30,7:30p,,San Antonio Spurs,L,,77,89,13,18,L 2
2001,IND,2001-01-02,10:00p,@,Seattle SuperSonics,W,,91,83,14,18,W 1
2001,IND,2001-01-03,10:00p,@,Portland Trail Blazers,L,,86,102,14,19,L 1
2001,IND,2001-01-05,10:30p,@,Sacramento Kings,W,OT,93,91,15,19,W 1
2001,IND,2001-01-08,10:30p,@,Los Angeles Clippers,W,,85,82,16,19,W 2
2001,IND,2001-01-09,9:00p,@,Utah Jazz,L,,99,103,16,20,L 1
2001,IND,2001-01-11,8:00p,@,Phoenix Suns,L,,85,93,16,21,L 2
2001,IND,2001-01-13,8:00p,,Miami Heat,W,,87,71,17,21,W 1
2001,IND,2001-01-15,7:00p,,Los Angeles Clippers,W,,89,74,18,21,W 2
2001,IND,2001-01-18,7:00p,,Atlanta Hawks,W,,84,76,19,21,W 3
2001,IND,2001-01-21,12:00p,@,New York Knicks,W,,87,74,20,21,W 4
2001,IND,2001-01-25,8:00p,,Portland Trail Blazers,L,,82,92,20,22,L 1
2001,IND,2001-01-28,12:00p,,Philadelphia 76ers,L,,81,86,20,23,L 2
2001,IND,2001-01-30,8:00p,@,Orlando Magic,L,,86,93,20,24,L 3
2001,IND,2001-01-31,7:00p,,Boston Celtics,L,OT,96,102,20,25,L 4
2001,IND,2001-02-02,7:00p,,Denver Nuggets,W,,103,94,21,25,W 1
2001,IND,2001-02-03,8:30p,@,Milwaukee Bucks,L,,85,104,21,26,L 1
2001,IND,2001-02-06,8:00p,@,Miami Heat,L,,89,102,21,27,L 2
2001,IND,2001-02-13,7:00p,,Charlotte Hornets,L,,66,77,21,28,L 3
2001,IND,2001-02-15,7:00p,,Detroit Pistons,W,,82,73,22,28,W 1
2001,IND,2001-02-18,5:30p,,Los Angeles Lakers,W,,110,109,23,28,W 2
2001,IND,2001-02-23,7:30p,@,Cleveland Cavaliers,W,,92,90,24,28,W 3
2001,IND,2001-02-25,3:00p,,Minnesota Timberwolves,W,,110,100,25,28,W 4
2001,IND,2001-02-26,7:00p,@,Charlotte Hornets,L,,72,82,25,29,L 1
2001,IND,2001-02-28,7:00p,,Milwaukee Bucks,W,,99,86,26,29,W 1
2001,IND,2001-03-02,7:00p,,Seattle SuperSonics,L,,83,86,26,30,L 1
2001,IND,2001-03-04,3:00p,,New Jersey Nets,L,,96,120,26,31,L 2
2001,IND,2001-03-06,8:00p,@,New York Knicks,L,,83,97,26,32,L 3
2001,IND,2001-03-07,7:00p,,New York Knicks,L,,75,79,26,33,L 4
2001,IND,2001-03-09,7:00p,,Cleveland Cavaliers,W,,99,84,27,33,W 1
2001,IND,2001-03-11,7:00p,@,Detroit Pistons,L,,78,95,27,34,L 1
2001,IND,2001-03-13,8:30p,@,Houston Rockets,L,3OT,118,127,27,35,L 2
2001,IND,2001-03-14,9:00p,@,Denver Nuggets,L,,83,95,27,36,L 3
2001,IND,2001-03-16,7:00p,,Atlanta Hawks,W,,103,97,28,36,W 1
2001,IND,2001-03-18,3:00p,,Sacramento Kings,W,,101,95,29,36,W 2
2001,IND,2001-03-20,8:00p,@,Toronto Raptors,L,,81,102,29,37,L 1
2001,IND,2001-03-21,7:00p,,Orlando Magic,W,,96,95,30,37,W 1
2001,IND,2001-03-23,7:00p,,Vancouver Grizzlies,W,,95,75,31,37,W 2
2001,IND,2001-03-25,12:00p,@,Orlando Magic,L,,82,84,31,38,L 1
2001,IND,2001-03-27,7:00p,@,Washington Wizards,W,,110,102,32,38,W 1
2001,IND,2001-03-29,7:30p,@,Atlanta Hawks,L,,93,104,32,39,L 1
2001,IND,2001-03-30,7:30p,@,Boston Celtics,W,,92,87,33,39,W 1
2001,IND,2001-04-01,12:30p,@,Philadelphia 76ers,L,,93,104,33,40,L 1
2001,IND,2001-04-03,8:00p,,Phoenix Suns,W,,85,81,34,40,W 1
2001,IND,2001-04-06,8:00p,,Chicago Bulls,W,,100,93,35,40,W 2
2001,IND,2001-04-08,1:00p,@,New Jersey Nets,W,,108,83,36,40,W 3
2001,IND,2001-04-09,8:00p,,Washington Wizards,W,,100,78,37,40,W 4
2001,IND,2001-04-11,8:00p,,New York Knicks,W,,100,93,38,40,W 5
2001,IND,2001-04-13,8:00p,,Boston Celtics,W,OT,113,108,39,40,W 6
2001,IND,2001-04-15,3:00p,@,Chicago Bulls,W,,93,86,40,40,W 7
2001,IND,2001-04-17,8:00p,,Philadelphia 76ers,L,OT,105,111,40,41,L 1
2001,IND,2001-04-18,7:30p,@,Cleveland Cavaliers,W,OT,105,101,41,41,W 1
2001,IND,2001-04-21,12:30p,@,Philadelphia 76ers,W,,79,78,1,0,W 1
2001,IND,2001-04-24,8:00p,@,Philadelphia 76ers,L,,98,116,1,1,L 1
2001,IND,2001-04-28,12:40p,,Philadelphia 76ers,L,,87,92,1,2,L 2
2001,IND,2001-05-02,9:00p,,Philadelphia 76ers,L,,85,88,1,3,L 3
2001,LAC,2000-10-31,9:00p,@,Utah Jazz,L,,94,107,0,1,L 1
2001,LAC,2000-11-02,10:30p,,Vancouver Grizzlies,L,,91,99,0,2,L 2
2001,LAC,2000-11-04,10:30p,,Houston Rockets,W,,77,74,1,2,W 1
2001,LAC,2000-11-05,9:30p,@,Los Angeles Lakers,L,,103,108,1,3,L 1
2001,LAC,2000-11-08,10:30p,,Utah Jazz,L,OT,87,93,1,4,L 2
2001,LAC,2000-11-10,10:30p,,Atlanta Hawks,W,,115,106,2,4,W 1
2001,LAC,2000-11-12,9:00p,@,Denver Nuggets,L,,79,95,2,5,L 1
2001,LAC,2000-11-13,10:30p,,Dallas Mavericks,L,,76,90,2,6,L 2
2001,LAC,2000-11-15,10:30p,,New York Knicks,W,,78,74,3,6,W 1
2001,LAC,2000-11-16,10:00p,@,Vancouver Grizzlies,W,,76,72,4,6,W 2
2001,LAC,2000-11-18,10:30p,,Seattle SuperSonics,L,,83,86,4,7,L 1
2001,LAC,2000-11-20,10:30p,,New Jersey Nets,L,,85,86,4,8,L 2
2001,LAC,2000-11-24,10:00p,@,Seattle SuperSonics,L,,81,98,4,9,L 3
2001,LAC,2000-11-25,10:30p,,Phoenix Suns,L,OT,89,95,4,10,L 4
2001,LAC,2000-11-27,10:30p,,Los Angeles Lakers,L,,83,98,4,11,L 5
2001,LAC,2000-11-29,10:30p,,Golden State Warriors,W,,106,83,5,11,W 1
2001,LAC,2000-12-01,7:00p,@,Toronto Raptors,L,OT,95,104,5,12,L 1
2001,LAC,2000-12-03,12:30p,@,Boston Celtics,L,,87,96,5,13,L 2
2001,LAC,2000-12-04,7:30p,@,New York Knicks,L,,78,106,5,14,L 3
2001,LAC,2000-12-06,7:00p,@,Washington Wizards,W,,93,88,6,14,W 1
2001,LAC,2000-12-08,7:30p,@,Charlotte Hornets,L,,87,92,6,15,L 1
2001,LAC,2000-12-09,8:00p,@,Minnesota Timberwolves,L,,73,85,6,16,L 2
2001,LAC,2000-12-11,10:30p,,Orlando Magic,W,,92,80,7,16,W 1
2001,LAC,2000-12-13,10:30p,,Miami Heat,L,OT,88,94,7,17,L 1
2001,LAC,2000-12-15,9:00p,@,Phoenix Suns,W,,98,88,8,17,W 1
2001,LAC,2000-12-17,9:00p,,Washington Wizards,L,,94,103,8,18,L 1
2001,LAC,2000-12-20,10:30p,,Minnesota Timberwolves,W,,103,96,9,18,W 1
2001,LAC,2000-12-23,10:30p,,Vancouver Grizzlies,W,,92,90,10,18,W 2
2001,LAC,2000-12-26,9:00p,@,Denver Nuggets,L,,108,109,10,19,L 1
2001,LAC,2000-12-28,8:00p,@,Dallas Mavericks,L,,96,105,10,20,L 2
2001,LAC,2000-12-30,10:30p,,Los Angeles Lakers,L,OT,114,116,10,21,L 3
2001,LAC,2001-01-02,10:30p,,Toronto Raptors,W,,110,97,11,21,W 1
2001,LAC,2001-01-03,9:00p,@,Phoenix Suns,L,,85,90,11,22,L 1
2001,LAC,2001-01-05,10:30p,,Charlotte Hornets,L,,73,86,11,23,L 2
2001,LAC,2001-01-07,9:30p,@,Los Angeles Lakers,W,,118,95,12,23,W 1
2001,LAC,2001-01-08,10:30p,,Indiana Pacers,L,,82,85,12,24,L 1
2001,LAC,2001-01-10,10:30p,,Denver Nuggets,W,,92,86,13,24,W 1
2001,LAC,2001-01-12,8:00p,@,Minnesota Timberwolves,L,,89,95,13,25,L 1
2001,LAC,2001-01-13,8:00p,@,Atlanta Hawks,L,,88,108,13,26,L 2
2001,LAC,2001-01-15,7:00p,@,Indiana Pacers,L,,74,89,13,27,L 3
2001,LAC,2001-01-16,8:00p,@,Milwaukee Bucks,L,,91,112,13,28,L 4
2001,LAC,2001-01-18,10:30p,,Boston Celtics,L,,79,82,13,29,L 5
2001,LAC,2001-01-24,10:30p,,Seattle SuperSonics,L,OT,110,114,13,30,L 6
2001,LAC,2001-01-27,10:30p,,Sacramento Kings,L,,89,101,13,31,L 7
2001,LAC,2001-01-29,10:30p,,San Antonio Spurs,L,,67,96,13,32,L 8
2001,LAC,2001-01-31,8:30p,@,San Antonio Spurs,L,,70,92,13,33,L 9
2001,LAC,2001-02-01,8:30p,@,Houston Rockets,W,,101,84,14,33,W 1
2001,LAC,2001-02-03,10:30p,,Portland Trail Blazers,W,,90,89,15,33,W 2
2001,LAC,2001-02-05,10:30p,,Chicago Bulls,W,,102,82,16,33,W 3
2001,LAC,2001-02-07,10:30p,@,Golden State Warriors,L,,88,89,16,34,L 1
2001,LAC,2001-02-13,7:30p,@,Miami Heat,L,OT,99,101,16,35,L 2
2001,LAC,2001-02-14,7:30p,@,Orlando Magic,L,,101,114,16,36,L 3
2001,LAC,2001-02-16,7:00p,@,Philadelphia 76ers,L,,93,108,16,37,L 4
2001,LAC,2001-02-18,1:00p,@,New Jersey Nets,L,OT,96,102,16,38,L 5
2001,LAC,2001-02-19,7:30p,@,Detroit Pistons,W,OT,111,106,17,38,W 1
2001,LAC,2001-02-21,7:30p,@,Cleveland Cavaliers,W,,100,94,18,38,W 2
2001,LAC,2001-02-22,8:30p,@,Chicago Bulls,W,,93,80,19,38,W 3
2001,LAC,2001-02-24,10:30p,,Portland Trail Blazers,W,2OT,123,120,20,38,W 4
2001,LAC,2001-02-26,10:30p,,Dallas Mavericks,L,,92,103,20,39,L 1
2001,LAC,2001-02-27,10:30p,@,Sacramento Kings,L,OT,93,106,20,40,L 2
2001,LAC,2001-03-01,10:00p,@,Portland Trail Blazers,L,,81,94,20,41,L 3
2001,LAC,2001-03-02,10:30p,,Sacramento Kings,W,,88,81,21,41,W 1
2001,LAC,2001-03-05,10:30p,,Denver Nuggets,W,,99,86,22,41,W 2
2001,LAC,2001-03-08,8:30p,@,Houston Rockets,L,,87,99,22,42,L 1
2001,LAC,2001-03-11,8:30p,@,Dallas Mavericks,L,,93,111,22,43,L 2
2001,LAC,2001-03-12,8:30p,@,San Antonio Spurs,L,,81,99,22,44,L 3
2001,LAC,2001-03-16,10:30p,,Golden State Warriors,W,,94,76,23,44,W 1
2001,LAC,2001-03-18,9:00p,,Utah Jazz,L,,96,111,23,45,L 1
2001,LAC,2001-03-20,10:30p,,Philadelphia 76ers,W,,88,77,24,45,W 1
2001,LAC,2001-03-22,10:30p,,Houston Rockets,W,,97,92,25,45,W 2
2001,LAC,2001-03-26,10:00p,@,Portland Trail Blazers,L,,96,104,25,46,L 1
2001,LAC,2001-03-27,10:30p,,Detroit Pistons,W,,101,94,26,46,W 1
2001,LAC,2001-03-30,10:00p,@,Seattle SuperSonics,L,,84,94,26,47,L 1
2001,LAC,2001-03-31,10:30p,,Cleveland Cavaliers,W,,104,97,27,47,W 1
2001,LAC,2001-04-04,10:00p,@,Vancouver Grizzlies,L,,78,86,27,48,L 1
2001,LAC,2001-04-06,10:30p,,Milwaukee Bucks,W,OT,113,110,28,48,W 1
2001,LAC,2001-04-07,10:30p,,San Antonio Spurs,L,,83,93,28,49,L 1
2001,LAC,2001-04-10,10:30p,@,Sacramento Kings,L,OT,109,116,28,50,L 2
2001,LAC,2001-04-13,10:30p,,Minnesota Timberwolves,W,,111,105,29,50,W 1
2001,LAC,2001-04-14,10:30p,@,Golden State Warriors,W,,106,94,30,50,W 2
2001,LAC,2001-04-16,10:30p,,Phoenix Suns,W,,100,80,31,50,W 3
2001,LAC,2001-04-17,9:00p,@,Utah Jazz,L,,92,97,31,51,L 1
2001,LAL,2000-10-31,10:30p,@,Portland Trail Blazers,W,,96,86,1,0,W 1
2001,LAL,2000-11-01,10:30p,,Utah Jazz,L,,92,97,1,1,L 1
2001,LAL,2000-11-04,3:30p,@,Vancouver Grizzlies,W,,98,89,2,1,W 1
2001,LAL,2000-11-05,9:30p,,Los Angeles Clippers,W,,108,103,3,1,W 2
2001,LAL,2000-11-07,8:30p,@,Houston Rockets,L,,74,84,3,2,L 1
2001,LAL,2000-11-08,8:00p,@,San Antonio Spurs,L,,81,91,3,3,L 2
2001,LAL,2000-11-12,9:30p,,Houston Rockets,W,,105,99,4,3,W 1
2001,LAL,2000-11-14,10:30p,,Denver Nuggets,W,,119,103,5,3,W 2
2001,LAL,2000-11-16,8:00p,@,Sacramento Kings,W,OT,112,110,6,3,W 3
2001,LAL,2000-11-18,9:00p,@,Denver Nuggets,L,,86,87,6,4,L 1
2001,LAL,2000-11-19,9:30p,,Chicago Bulls,W,,104,96,7,4,W 1
2001,LAL,2000-11-22,10:30p,,Golden State Warriors,W,,111,91,8,4,W 2
2001,LAL,2000-11-24,10:30p,,Minnesota Timberwolves,W,,115,108,9,4,W 3
2001,LAL,2000-11-27,10:30p,@,Los Angeles Clippers,W,,98,83,10,4,W 4
2001,LAL,2000-11-28,10:30p,,Indiana Pacers,W,,124,107,11,4,W 5
2001,LAL,2000-11-30,10:00p,@,Seattle SuperSonics,L,,88,121,11,5,L 1
2001,LAL,2000-12-01,10:30p,,San Antonio Spurs,W,,109,100,12,5,W 1
2001,LAL,2000-12-03,9:30p,,Dallas Mavericks,W,,99,97,13,5,W 2
2001,LAL,2000-12-05,10:30p,,Philadelphia 76ers,W,,96,85,14,5,W 3
2001,LAL,2000-12-06,10:30p,@,Golden State Warriors,L,OT,122,125,14,6,L 1
2001,LAL,2000-12-08,10:30p,,Seattle SuperSonics,L,,95,103,14,7,L 2
2001,LAL,2000-12-10,9:30p,,Detroit Pistons,W,,112,88,15,7,W 1
2001,LAL,2000-12-12,10:30p,,Milwaukee Bucks,L,,105,109,15,8,L 1
2001,LAL,2000-12-13,10:30p,@,Portland Trail Blazers,L,,86,96,15,9,L 2
2001,LAL,2000-12-15,10:30p,,Vancouver Grizzlies,W,,98,76,16,9,W 1
2001,LAL,2000-12-17,1:00p,@,Toronto Raptors,W,OT,104,101,17,9,W 2
2001,LAL,2000-12-19,8:00p,@,Miami Heat,W,,81,79,18,9,W 3
2001,LAL,2000-12-21,8:30p,@,Houston Rockets,W,,99,94,19,9,W 4
2001,LAL,2000-12-22,8:00p,@,Dallas Mavericks,W,,108,103,20,9,W 5
2001,LAL,2000-12-25,5:30p,,Portland Trail Blazers,L,,104,109,20,10,L 1
2001,LAL,2000-12-28,9:00p,@,Phoenix Suns,W,,115,78,21,10,W 1
2001,LAL,2000-12-30,10:30p,@,Los Angeles Clippers,W,OT,116,114,22,10,W 2
2001,LAL,2001-01-03,10:30p,,Utah Jazz,W,,82,71,23,10,W 3
2001,LAL,2001-01-07,9:30p,,Los Angeles Clippers,L,,95,118,23,11,L 1
2001,LAL,2001-01-12,10:30p,,Cleveland Cavaliers,W,,101,98,24,11,W 1
2001,LAL,2001-01-13,9:00p,@,Utah Jazz,L,,103,111,24,12,L 1
2001,LAL,2001-01-15,8:00p,,Vancouver Grizzlies,W,OT,113,112,25,12,W 1
2001,LAL,2001-01-19,10:30p,,Houston Rockets,W,,114,101,26,12,W 2
2001,LAL,2001-01-21,5:00p,,Miami Heat,L,,92,103,26,13,L 1
2001,LAL,2001-01-23,8:00p,@,Seattle SuperSonics,L,,80,91,26,14,L 2
2001,LAL,2001-01-26,10:30p,,New Jersey Nets,W,,113,101,27,14,W 1
2001,LAL,2001-01-28,2:30p,@,New York Knicks,L,,81,91,27,15,L 1
2001,LAL,2001-01-30,7:30p,@,Cleveland Cavaliers,W,,102,96,28,15,W 1
2001,LAL,2001-01-31,8:00p,@,Minnesota Timberwolves,L,,83,96,28,16,L 1
2001,LAL,2001-02-02,10:30p,,Charlotte Hornets,W,,93,87,29,16,W 1
2001,LAL,2001-02-04,3:30p,,Sacramento Kings,W,,100,94,30,16,W 2
2001,LAL,2001-02-07,10:30p,,Phoenix Suns,W,,85,83,31,16,W 3
2001,LAL,2001-02-13,7:30p,@,New Jersey Nets,W,OT,113,110,32,16,W 4
2001,LAL,2001-02-14,8:00p,@,Philadelphia 76ers,L,,97,112,32,17,L 1
2001,LAL,2001-02-16,7:30p,@,Charlotte Hornets,W,,99,94,33,17,W 1
2001,LAL,2001-02-18,5:30p,@,Indiana Pacers,L,,109,110,33,18,L 1
2001,LAL,2001-02-20,8:30p,@,Dallas Mavericks,W,,119,109,34,18,W 1
2001,LAL,2001-02-21,8:00p,@,San Antonio Spurs,W,,101,99,35,18,W 2
2001,LAL,2001-02-23,10:30p,,Atlanta Hawks,W,,113,106,36,18,W 3
2001,LAL,2001-02-25,5:30p,,Orlando Magic,W,,106,100,37,18,W 4
2001,LAL,2001-02-28,10:30p,@,Denver Nuggets,L,,101,107,37,19,L 1
2001,LAL,2001-03-03,3:30p,@,Vancouver Grizzlies,W,,98,88,38,19,W 1
2001,LAL,2001-03-04,9:30p,,Golden State Warriors,W,,110,95,39,19,W 2
2001,LAL,2001-03-06,10:30p,@,Golden State Warriors,W,,97,85,40,19,W 3
2001,LAL,2001-03-07,10:30p,,Toronto Raptors,W,,97,85,41,19,W 4
2001,LAL,2001-03-09,10:30p,,San Antonio Spurs,L,OT,89,93,41,20,L 1
2001,LAL,2001-03-11,9:30p,,Seattle SuperSonics,L,OT,97,109,41,21,L 2
2001,LAL,2001-03-13,10:30p,,Boston Celtics,W,,112,107,42,21,W 1
2001,LAL,2001-03-15,7:30p,@,Detroit Pistons,W,OT,125,119,43,21,W 2
2001,LAL,2001-03-16,7:00p,@,Washington Wizards,W,,101,89,44,21,W 3
2001,LAL,2001-03-18,12:00p,@,Orlando Magic,W,,95,90,45,21,W 4
2001,LAL,2001-03-19,7:30p,@,Atlanta Hawks,L,,106,108,45,22,L 1
2001,LAL,2001-03-21,8:00p,@,Milwaukee Bucks,L,,100,107,45,23,L 2
2001,LAL,2001-03-23,10:30p,,Washington Wizards,W,,104,91,46,23,W 1
2001,LAL,2001-03-25,6:30p,@,Sacramento Kings,W,,84,72,47,23,W 2
2001,LAL,2001-03-26,9:00p,@,Phoenix Suns,L,,83,104,47,24,L 1
2001,LAL,2001-03-28,10:30p,,Sacramento Kings,L,,84,108,47,25,L 2
2001,LAL,2001-03-30,10:30p,,Dallas Mavericks,W,,98,89,48,25,W 1
2001,LAL,2001-04-01,5:30p,,New York Knicks,L,,78,79,48,26,L 1
2001,LAL,2001-04-03,8:00p,@,Utah Jazz,W,,96,88,49,26,W 1
2001,LAL,2001-04-05,8:30p,@,Chicago Bulls,W,,100,88,50,26,W 2
2001,LAL,2001-04-06,7:30p,@,Boston Celtics,W,,100,96,51,26,W 3
2001,LAL,2001-04-08,5:30p,@,Minnesota Timberwolves,W,,104,99,52,26,W 4
2001,LAL,2001-04-10,10:30p,,Phoenix Suns,W,,106,80,53,26,W 5
2001,LAL,2001-04-12,10:30p,,Minnesota Timberwolves,W,,119,102,54,26,W 6
2001,LAL,2001-04-15,5:30p,,Portland Trail Blazers,W,,105,100,55,26,W 7
2001,LAL,2001-04-17,10:30p,,Denver Nuggets,W,,108,91,56,26,W 8
2001,LAL,2001-04-22,5:30p,,Portland Trail Blazers,W,,106,93,1,0,W 1
2001,LAL,2001-04-26,10:30p,,Portland Trail Blazers,W,,106,88,2,0,W 2
2001,LAL,2001-04-29,5:30p,@,Portland Trail Blazers,W,,99,86,3,0,W 3
2001,LAL,2001-05-06,3:00p,,Sacramento Kings,W,,108,105,4,0,W 4
2001,LAL,2001-05-08,10:30p,,Sacramento Kings,W,,96,90,5,0,W 5
2001,LAL,2001-05-11,10:30p,@,Sacramento Kings,W,,103,81,6,0,W 6
2001,LAL,2001-05-13,5:30p,@,Sacramento Kings,W,,119,113,7,0,W 7
2001,LAL,2001-05-19,6:30p,@,San Antonio Spurs,W,,104,90,8,0,W 8
2001,LAL,2001-05-21,8:30p,@,San Antonio Spurs,W,,88,81,9,0,W 9
2001,LAL,2001-05-25,9:00p,,San Antonio Spurs,W,,111,72,10,0,W 10
2001,LAL,2001-05-27,5:30p,,San Antonio Spurs,W,,111,82,11,0,W 11
2001,LAL,2001-06-06,9:00p,,Philadelphia 76ers,L,OT,101,107,11,1,L 1
2001,LAL,2001-06-08,9:00p,,Philadelphia 76ers,W,,98,89,12,1,W 1
2001,LAL,2001-06-10,7:30p,@,Philadelphia 76ers,W,,96,91,13,1,W 2
2001,LAL,2001-06-13,9:00p,@,Philadelphia 76ers,W,,100,86,14,1,W 3
2001,LAL,2001-06-15,9:00p,@,Philadelphia 76ers,W,,108,96,15,1,W 4
2001,MIA,2000-11-01,8:00p,,Orlando Magic,W,,105,79,1,0,W 1
2001,MIA,2000-11-03,7:30p,@,Charlotte Hornets,L,,79,83,1,1,L 1
2001,MIA,2000-11-04,7:30p,,Philadelphia 76ers,L,,82,84,1,2,L 2
2001,MIA,2000-11-08,7:30p,,Seattle SuperSonics,W,,87,81,2,2,W 1
2001,MIA,2000-11-10,9:00p,@,Utah Jazz,W,,87,80,3,2,W 2
2001,MIA,2000-11-11,9:00p,@,Phoenix Suns,L,,82,84,3,3,L 1
2001,MIA,2000-11-14,7:30p,,Charlotte Hornets,W,OT,89,86,4,3,W 1
2001,MIA,2000-11-15,8:00p,@,New Jersey Nets,L,,91,93,4,4,L 1
2001,MIA,2000-11-17,7:00p,@,Philadelphia 76ers,L,,73,94,4,5,L 2
2001,MIA,2000-11-18,7:30p,,Portland Trail Blazers,W,,86,80,5,5,W 1
2001,MIA,2000-11-22,7:30p,,Cleveland Cavaliers,L,,67,86,5,6,L 1
2001,MIA,2000-11-24,7:30p,@,Cleveland Cavaliers,L,,80,85,5,7,L 2
2001,MIA,2000-11-25,7:30p,,Houston Rockets,L,,80,91,5,8,L 3
2001,MIA,2000-11-28,7:30p,,Milwaukee Bucks,L,,101,102,5,9,L 4
2001,MIA,2000-11-29,8:00p,@,New York Knicks,W,,84,81,6,9,W 1
2001,MIA,2000-12-01,7:30p,,Utah Jazz,L,,92,94,6,10,L 1
2001,MIA,2000-12-02,8:00p,@,Washington Wizards,W,,93,90,7,10,W 1
2001,MIA,2000-12-05,7:30p,@,Atlanta Hawks,W,,100,92,8,10,W 2
2001,MIA,2000-12-06,7:30p,,Denver Nuggets,W,,95,78,9,10,W 3
2001,MIA,2000-12-08,7:30p,,Atlanta Hawks,W,,80,76,10,10,W 4
2001,MIA,2000-12-10,9:00p,@,Sacramento Kings,L,,97,101,10,11,L 1
2001,MIA,2000-12-12,9:00p,@,Denver Nuggets,W,,96,85,11,11,W 1
2001,MIA,2000-12-13,10:30p,@,Los Angeles Clippers,W,OT,94,88,12,11,W 2
2001,MIA,2000-12-15,10:00p,@,Seattle SuperSonics,L,,81,99,12,12,L 1
2001,MIA,2000-12-16,10:30p,@,Golden State Warriors,W,,93,85,13,12,W 1
2001,MIA,2000-12-19,8:00p,,Los Angeles Lakers,L,,79,81,13,13,L 1
2001,MIA,2000-12-20,7:30p,@,Charlotte Hornets,L,,56,65,13,14,L 2
2001,MIA,2000-12-22,7:30p,,Cleveland Cavaliers,W,,103,95,14,14,W 1
2001,MIA,2000-12-23,7:30p,@,New Jersey Nets,W,,86,80,15,14,W 2
2001,MIA,2000-12-27,8:00p,,Indiana Pacers,W,,91,79,16,14,W 3
2001,MIA,2000-12-29,7:30p,,Washington Wizards,W,,98,91,17,14,W 4
2001,MIA,2000-12-30,7:30p,@,Detroit Pistons,W,OT,110,102,18,14,W 5
2001,MIA,2001-01-02,8:30p,@,San Antonio Spurs,L,,72,80,18,15,L 1
2001,MIA,2001-01-04,7:30p,,New Jersey Nets,W,,81,78,19,15,W 1
2001,MIA,2001-01-06,7:30p,,Boston Celtics,W,,112,86,20,15,W 2
2001,MIA,2001-01-08,7:30p,,Golden State Warriors,W,,88,78,21,15,W 3
2001,MIA,2001-01-10,7:00p,@,Boston Celtics,L,,76,88,21,16,L 1
2001,MIA,2001-01-13,8:00p,@,Indiana Pacers,L,,71,87,21,17,L 2
2001,MIA,2001-01-14,7:30p,,Chicago Bulls,W,,90,81,22,17,W 1
2001,MIA,2001-01-16,7:30p,,Detroit Pistons,W,,93,85,23,17,W 2
2001,MIA,2001-01-18,8:00p,@,Portland Trail Blazers,L,,74,85,23,18,L 1
2001,MIA,2001-01-19,10:00p,@,Vancouver Grizzlies,W,,97,86,24,18,W 1
2001,MIA,2001-01-21,5:00p,@,Los Angeles Lakers,W,,103,92,25,18,W 2
2001,MIA,2001-01-24,7:30p,,Toronto Raptors,W,,103,83,26,18,W 3
2001,MIA,2001-01-27,5:30p,@,Orlando Magic,W,,81,59,27,18,W 4
2001,MIA,2001-01-30,8:30p,@,Houston Rockets,W,,103,85,28,18,W 5
2001,MIA,2001-02-01,8:00p,@,Dallas Mavericks,L,OT,91,95,28,19,L 1
2001,MIA,2001-02-02,7:30p,@,Atlanta Hawks,W,,91,80,29,19,W 1
2001,MIA,2001-02-04,1:00p,,New York Knicks,L,OT,100,103,29,20,L 1
2001,MIA,2001-02-06,8:00p,,Indiana Pacers,W,,102,89,30,20,W 1
2001,MIA,2001-02-13,7:30p,,Los Angeles Clippers,W,OT,101,99,31,20,W 2
2001,MIA,2001-02-15,8:00p,@,Toronto Raptors,W,OT,98,91,32,20,W 3
2001,MIA,2001-02-17,8:30p,@,Chicago Bulls,L,,82,89,32,21,L 1
2001,MIA,2001-02-20,8:00p,@,New York Knicks,L,,74,76,32,22,L 2
2001,MIA,2001-02-21,7:30p,,Phoenix Suns,L,,85,100,32,23,L 3
2001,MIA,2001-02-24,7:30p,,New Jersey Nets,W,,75,70,33,23,W 1
2001,MIA,2001-02-27,7:30p,,Washington Wizards,W,,103,95,34,23,W 2
2001,MIA,2001-02-28,8:00p,@,Philadelphia 76ers,L,,69,79,34,24,L 1
2001,MIA,2001-03-02,8:00p,@,Detroit Pistons,W,OT,97,93,35,24,W 1
2001,MIA,2001-03-04,7:30p,@,Cleveland Cavaliers,W,,91,79,36,24,W 2
2001,MIA,2001-03-05,7:30p,,Detroit Pistons,W,,87,84,37,24,W 3
2001,MIA,2001-03-07,7:30p,,Dallas Mavericks,L,,86,93,37,25,L 1
2001,MIA,2001-03-09,7:30p,,Minnesota Timberwolves,W,,86,79,38,25,W 1
2001,MIA,2001-03-11,12:30p,@,New York Knicks,L,,83,86,38,26,L 1
2001,MIA,2001-03-12,8:00p,@,Minnesota Timberwolves,L,,77,94,38,27,L 2
2001,MIA,2001-03-14,7:30p,,Sacramento Kings,W,,114,104,39,27,W 1
2001,MIA,2001-03-17,7:30p,,Vancouver Grizzlies,W,,95,81,40,27,W 2
2001,MIA,2001-03-21,7:30p,,Chicago Bulls,W,,109,81,41,27,W 3
2001,MIA,2001-03-25,12:00p,,San Antonio Spurs,W,,88,83,42,27,W 4
2001,MIA,2001-03-27,8:00p,,Toronto Raptors,L,,92,101,42,28,L 1
2001,MIA,2001-03-29,8:00p,@,Milwaukee Bucks,L,,96,104,42,29,L 2
2001,MIA,2001-03-31,8:30p,@,Chicago Bulls,W,,97,90,43,29,W 1
2001,MIA,2001-04-03,7:30p,,Boston Celtics,L,,77,82,43,30,L 1
2001,MIA,2001-04-04,7:00p,@,Washington Wizards,W,,86,84,44,30,W 1
2001,MIA,2001-04-06,7:30p,,Charlotte Hornets,W,,81,76,45,30,W 2
2001,MIA,2001-04-08,12:30p,,New York Knicks,W,,81,76,46,30,W 3
2001,MIA,2001-04-10,8:00p,,Philadelphia 76ers,W,,83,81,47,30,W 4
2001,MIA,2001-04-11,7:00p,@,Boston Celtics,W,,102,97,48,30,W 5
2001,MIA,2001-04-13,8:00p,@,Toronto Raptors,L,,82,94,48,31,L 1
2001,MIA,2001-04-15,2:00p,,Orlando Magic,L,,73,90,48,32,L 2
2001,MIA,2001-04-17,7:30p,,Milwaukee Bucks,W,,91,89,49,32,W 1
2001,MIA,2001-04-18,8:00p,@,Orlando Magic,W,,103,91,50,32,W 2
2001,MIA,2001-04-21,8:30p,,Charlotte Hornets,L,,80,106,0,1,L 1
2001,MIA,2001-04-23,7:00p,,Charlotte Hornets,L,,76,102,0,2,L 2
2001,MIA,2001-04-27,8:00p,@,Charlotte Hornets,L,,79,94,0,3,L 3
2001,MIL,2000-10-31,8:00p,@,Dallas Mavericks,L,,93,97,0,1,L 1
2001,MIL,2000-11-02,8:30p,@,Houston Rockets,L,,93,115,0,2,L 2
2001,MIL,2000-11-04,8:30p,,Detroit Pistons,W,,97,88,1,2,W 1
2001,MIL,2000-11-07,8:00p,,New York Knicks,L,,89,103,1,3,L 1
2001,MIL,2000-11-08,7:00p,@,Indiana Pacers,L,,97,108,1,4,L 2
2001,MIL,2000-11-11,8:30p,,Minnesota Timberwolves,L,,92,103,1,5,L 3
2001,MIL,2000-11-15,8:00p,,Atlanta Hawks,W,,84,74,2,5,W 1
2001,MIL,2000-11-17,8:30p,,Cleveland Cavaliers,W,,89,76,3,5,W 2
2001,MIL,2000-11-18,7:00p,@,Toronto Raptors,L,,102,111,3,6,L 1
2001,MIL,2000-11-22,8:00p,,Portland Trail Blazers,L,,84,93,3,7,L 2
2001,MIL,2000-11-24,8:30p,,Charlotte Hornets,L,,90,106,3,8,L 3
2001,MIL,2000-11-25,8:00p,@,Washington Wizards,L,,100,107,3,9,L 4
2001,MIL,2000-11-27,7:30p,@,Orlando Magic,W,,104,95,4,9,W 1
2001,MIL,2000-11-28,7:30p,@,Miami Heat,W,,102,101,5,9,W 2
2001,MIL,2000-11-30,8:00p,,Boston Celtics,W,,108,97,6,9,W 3
2001,MIL,2000-12-02,2:30p,@,Atlanta Hawks,L,,94,101,6,10,L 1
2001,MIL,2000-12-03,3:00p,,Indiana Pacers,W,,92,80,7,10,W 1
2001,MIL,2000-12-06,7:30p,@,New Jersey Nets,W,,109,87,8,10,W 2
2001,MIL,2000-12-07,8:00p,,Phoenix Suns,L,,96,104,8,11,L 1
2001,MIL,2000-12-09,8:30p,,Washington Wizards,W,,99,91,9,11,W 1
2001,MIL,2000-12-12,10:30p,@,Los Angeles Lakers,W,,109,105,10,11,W 2
2001,MIL,2000-12-13,9:00p,@,Utah Jazz,W,,111,102,11,11,W 3
2001,MIL,2000-12-15,8:30p,,Toronto Raptors,W,,104,97,12,11,W 4
2001,MIL,2000-12-17,6:00p,@,New York Knicks,L,OT,97,100,12,12,L 1
2001,MIL,2000-12-21,8:00p,,New Jersey Nets,W,,80,78,13,12,W 1
2001,MIL,2000-12-23,8:30p,,Boston Celtics,W,,104,99,14,12,W 2
2001,MIL,2000-12-26,8:00p,,Orlando Magic,W,,89,77,15,12,W 3
2001,MIL,2000-12-28,7:30p,@,Cleveland Cavaliers,W,,107,89,16,12,W 4
2001,MIL,2000-12-30,10:00p,@,Denver Nuggets,L,,113,120,16,13,L 1
2001,MIL,2001-01-02,8:30p,@,Chicago Bulls,W,,104,70,17,13,W 1
2001,MIL,2001-01-03,8:00p,,Cleveland Cavaliers,W,,88,83,18,13,W 2
2001,MIL,2001-01-05,10:00p,@,Portland Trail Blazers,L,,115,119,18,14,L 1
2001,MIL,2001-01-07,3:30p,@,Vancouver Grizzlies,L,,117,120,18,15,L 2
2001,MIL,2001-01-09,8:00p,,Washington Wizards,W,,99,95,19,15,W 1
2001,MIL,2001-01-11,8:00p,,Dallas Mavericks,W,,102,94,20,15,W 2
2001,MIL,2001-01-13,8:30p,,New Jersey Nets,W,,115,81,21,15,W 3
2001,MIL,2001-01-15,1:00p,@,Washington Wizards,W,,101,95,22,15,W 4
2001,MIL,2001-01-16,8:00p,,Los Angeles Clippers,W,,112,91,23,15,W 5
2001,MIL,2001-01-19,7:30p,@,Charlotte Hornets,W,,105,98,24,15,W 6
2001,MIL,2001-01-21,7:30p,@,Detroit Pistons,W,,102,98,25,15,W 7
2001,MIL,2001-01-23,8:00p,,New York Knicks,W,,105,91,26,15,W 8
2001,MIL,2001-01-27,8:30p,,Detroit Pistons,L,,103,108,26,16,L 1
2001,MIL,2001-01-29,8:00p,@,Minnesota Timberwolves,L,,96,99,26,17,L 2
2001,MIL,2001-01-31,8:00p,,Denver Nuggets,W,,116,111,27,17,W 1
2001,MIL,2001-02-03,8:30p,,Indiana Pacers,W,,104,85,28,17,W 2
2001,MIL,2001-02-06,8:00p,,Sacramento Kings,W,,112,109,29,17,W 3
2001,MIL,2001-02-07,7:00p,@,Boston Celtics,L,,91,94,29,18,L 1
2001,MIL,2001-02-13,8:00p,,Philadelphia 76ers,L,,104,107,29,19,L 2
2001,MIL,2001-02-14,7:30p,@,Atlanta Hawks,W,,102,98,30,19,W 1
2001,MIL,2001-02-17,8:30p,,Charlotte Hornets,L,,93,103,30,20,L 1
2001,MIL,2001-02-19,8:00p,,San Antonio Spurs,W,,102,98,31,20,W 1
2001,MIL,2001-02-20,8:30p,@,Chicago Bulls,W,,101,92,32,20,W 2
2001,MIL,2001-02-23,8:30p,,Vancouver Grizzlies,W,,93,81,33,20,W 3
2001,MIL,2001-02-25,5:30p,,Golden State Warriors,W,,122,95,34,20,W 4
2001,MIL,2001-02-26,7:00p,@,Philadelphia 76ers,W,,98,91,35,20,W 5
2001,MIL,2001-02-28,7:00p,@,Indiana Pacers,L,,86,99,35,21,L 1
2001,MIL,2001-03-01,8:00p,,Houston Rockets,L,,91,108,35,22,L 2
2001,MIL,2001-03-03,8:30p,,Chicago Bulls,W,2OT,126,122,36,22,W 1
2001,MIL,2001-03-05,7:30p,@,New Jersey Nets,W,,107,100,37,22,W 2
2001,MIL,2001-03-07,7:00p,@,Boston Celtics,W,,101,94,38,22,W 3
2001,MIL,2001-03-10,7:30p,@,Charlotte Hornets,L,,90,100,38,23,L 1
2001,MIL,2001-03-11,7:30p,@,Cleveland Cavaliers,L,,110,124,38,24,L 2
2001,MIL,2001-03-13,7:00p,@,Toronto Raptors,W,,101,97,39,24,W 1
2001,MIL,2001-03-15,8:00p,,Seattle SuperSonics,L,,102,108,39,25,L 1
2001,MIL,2001-03-17,8:30p,,Philadelphia 76ers,W,,87,78,40,25,W 1
2001,MIL,2001-03-18,7:00p,@,Detroit Pistons,W,,100,96,41,25,W 2
2001,MIL,2001-03-21,8:00p,,Los Angeles Lakers,W,,107,100,42,25,W 3
2001,MIL,2001-03-23,8:30p,,Orlando Magic,W,,115,103,43,25,W 4
2001,MIL,2001-03-25,2:30p,,Atlanta Hawks,W,,105,98,44,25,W 5
2001,MIL,2001-03-26,7:00p,@,Philadelphia 76ers,L,,78,90,44,26,L 1
2001,MIL,2001-03-29,8:00p,,Miami Heat,W,,104,96,45,26,W 1
2001,MIL,2001-03-31,8:30p,@,San Antonio Spurs,W,,86,77,46,26,W 2
2001,MIL,2001-04-01,9:00p,@,Phoenix Suns,L,,99,106,46,27,L 1
2001,MIL,2001-04-03,10:30p,@,Sacramento Kings,W,,107,101,47,27,W 1
2001,MIL,2001-04-04,10:30p,@,Golden State Warriors,W,,108,78,48,27,W 2
2001,MIL,2001-04-06,10:30p,@,Los Angeles Clippers,L,OT,110,113,48,28,L 1
2001,MIL,2001-04-08,9:00p,@,Seattle SuperSonics,L,,88,101,48,29,L 2
2001,MIL,2001-04-10,8:00p,,Chicago Bulls,W,,105,84,49,29,W 1
2001,MIL,2001-04-12,8:00p,,Utah Jazz,W,,115,93,50,29,W 2
2001,MIL,2001-04-14,8:30p,,Toronto Raptors,W,,112,86,51,29,W 3
2001,MIL,2001-04-16,7:30p,@,Orlando Magic,W,,101,89,52,29,W 4
2001,MIL,2001-04-17,7:30p,@,Miami Heat,L,,89,91,52,30,L 1
2001,MIL,2001-04-22,8:30p,,Orlando Magic,W,,103,90,1,0,W 1
2001,MIL,2001-04-25,8:00p,,Orlando Magic,W,,103,96,2,0,W 2
2001,MIL,2001-04-28,8:30p,@,Orlando Magic,L,OT,116,121,2,1,L 1
2001,MIL,2001-05-01,7:00p,@,Orlando Magic,W,,112,104,3,1,W 1
2001,MIL,2001-05-06,12:40p,,Charlotte Hornets,W,,104,92,4,1,W 2
2001,MIL,2001-05-08,8:00p,,Charlotte Hornets,W,,91,90,5,1,W 3
2001,MIL,2001-05-10,8:00p,@,Charlotte Hornets,L,,92,102,5,2,L 1
2001,MIL,2001-05-13,12:30p,@,Charlotte Hornets,L,,78,85,5,3,L 2
2001,MIL,2001-05-15,8:30p,,Charlotte Hornets,L,,86,94,5,4,L 3
2001,MIL,2001-05-17,8:00p,@,Charlotte Hornets,W,,104,97,6,4,W 1
2001,MIL,2001-05-20,3:00p,,Charlotte Hornets,W,,104,95,7,4,W 2
2001,MIL,2001-05-22,8:30p,@,Philadelphia 76ers,L,,85,93,7,5,L 1
2001,MIL,2001-05-24,8:30p,@,Philadelphia 76ers,W,,92,78,8,5,W 1
2001,MIL,2001-05-26,5:30p,,Philadelphia 76ers,W,,80,74,9,5,W 2
2001,MIL,2001-05-28,5:30p,,Philadelphia 76ers,L,,83,89,9,6,L 1
2001,MIL,2001-05-30,9:00p,@,Philadelphia 76ers,L,,88,89,9,7,L 2
2001,MIL,2001-06-01,9:00p,,Philadelphia 76ers,W,,110,100,10,7,W 1
2001,MIL,2001-06-03,7:30p,@,Philadelphia 76ers,L,,91,108,10,8,L 1
2001,MIN,2000-10-31,8:30p,@,Houston Rockets,W,,106,98,1,0,W 1
2001,MIN,2000-11-02,8:00p,@,San Antonio Spurs,L,,91,103,1,1,L 1
2001,MIN,2000-11-04,8:00p,,Sacramento Kings,W,,99,91,2,1,W 1
2001,MIN,2000-11-06,9:00p,@,Utah Jazz,L,,92,98,2,2,L 1
2001,MIN,2000-11-08,9:00p,@,Denver Nuggets,L,OT,107,109,2,3,L 2
2001,MIN,2000-11-09,8:00p,,Philadelphia 76ers,L,,82,84,2,4,L 3
2001,MIN,2000-11-11,8:30p,@,Milwaukee Bucks,W,,103,92,3,4,W 1
2001,MIN,2000-11-15,8:00p,,Golden State Warriors,W,,92,90,4,4,W 2
2001,MIN,2000-11-17,8:00p,,San Antonio Spurs,W,OT,99,94,5,4,W 3
2001,MIN,2000-11-18,7:30p,@,Atlanta Hawks,W,,94,84,6,4,W 4
2001,MIN,2000-11-22,8:00p,,Vancouver Grizzlies,W,,101,100,7,4,W 5
2001,MIN,2000-11-24,10:30p,@,Los Angeles Lakers,L,,108,115,7,5,L 1
2001,MIN,2000-11-25,10:30p,@,Golden State Warriors,L,,93,114,7,6,L 2
2001,MIN,2000-11-28,8:30p,@,Chicago Bulls,W,,96,76,8,6,W 1
2001,MIN,2000-11-29,8:00p,,Denver Nuggets,L,,100,107,8,7,L 1
2001,MIN,2000-12-01,7:30p,@,Boston Celtics,W,,102,98,9,7,W 1
2001,MIN,2000-12-02,7:30p,@,New York Knicks,L,,90,100,9,8,L 1
2001,MIN,2000-12-05,8:00p,,Chicago Bulls,W,,100,90,10,8,W 1
2001,MIN,2000-12-07,8:00p,,Washington Wizards,W,,105,88,11,8,W 2
2001,MIN,2000-12-09,8:00p,,Los Angeles Clippers,W,,85,73,12,8,W 3
2001,MIN,2000-12-11,7:00p,@,Philadelphia 76ers,W,OT,96,91,13,8,W 4
2001,MIN,2000-12-12,7:30p,@,New Jersey Nets,L,,94,116,13,9,L 1
2001,MIN,2000-12-15,8:00p,@,Detroit Pistons,W,,99,90,14,9,W 1
2001,MIN,2000-12-16,8:00p,,Indiana Pacers,W,OT,113,110,15,9,W 2
2001,MIN,2000-12-19,10:30p,@,Golden State Warriors,L,,99,120,15,10,L 1
2001,MIN,2000-12-20,10:30p,@,Los Angeles Clippers,L,,96,103,15,11,L 2
2001,MIN,2000-12-22,8:00p,,Charlotte Hornets,L,,74,83,15,12,L 3
2001,MIN,2000-12-23,8:00p,,Utah Jazz,L,,92,98,15,13,L 4
2001,MIN,2000-12-26,8:00p,,Toronto Raptors,W,,100,97,16,13,W 1
2001,MIN,2000-12-28,8:00p,,Atlanta Hawks,W,,88,81,17,13,W 2
2001,MIN,2000-12-30,7:30p,,New York Knicks,L,,79,88,17,14,L 1
2001,MIN,2001-01-01,3:30p,,Houston Rockets,W,,106,96,18,14,W 1
2001,MIN,2001-01-02,7:00p,@,Washington Wizards,L,,108,115,18,15,L 1
2001,MIN,2001-01-04,8:00p,,Seattle SuperSonics,W,,105,92,19,15,W 1
2001,MIN,2001-01-07,8:00p,@,Phoenix Suns,W,,108,88,20,15,W 2
2001,MIN,2001-01-08,10:30p,@,Sacramento Kings,L,,97,100,20,16,L 1
2001,MIN,2001-01-10,8:00p,,Dallas Mavericks,L,,86,106,20,17,L 2
2001,MIN,2001-01-12,8:00p,,Los Angeles Clippers,W,,95,89,21,17,W 1
2001,MIN,2001-01-15,3:30p,,Boston Celtics,L,,102,107,21,18,L 1
2001,MIN,2001-01-17,8:00p,@,Utah Jazz,W,,89,81,22,18,W 1
2001,MIN,2001-01-19,10:00p,@,Seattle SuperSonics,W,,98,93,23,18,W 2
2001,MIN,2001-01-21,3:30p,@,Vancouver Grizzlies,W,,96,94,24,18,W 3
2001,MIN,2001-01-23,8:00p,,Phoenix Suns,W,,82,73,25,18,W 4
2001,MIN,2001-01-25,8:00p,,Orlando Magic,W,,109,100,26,18,W 5
2001,MIN,2001-01-27,5:30p,,Portland Trail Blazers,W,,93,80,27,18,W 6
2001,MIN,2001-01-29,8:00p,,Milwaukee Bucks,W,,99,96,28,18,W 7
2001,MIN,2001-01-31,8:00p,,Los Angeles Lakers,W,,96,83,29,18,W 8
2001,MIN,2001-02-01,7:30p,@,Cleveland Cavaliers,W,,90,81,30,18,W 9
2001,MIN,2001-02-03,7:00p,@,Toronto Raptors,W,,108,105,31,18,W 10
2001,MIN,2001-02-07,8:00p,,Sacramento Kings,W,,117,88,32,18,W 11
2001,MIN,2001-02-13,10:00p,@,Portland Trail Blazers,L,,88,109,32,19,L 1
2001,MIN,2001-02-14,9:00p,@,Phoenix Suns,L,,96,104,32,20,L 2
2001,MIN,2001-02-16,8:00p,,San Antonio Spurs,L,,85,91,32,21,L 3
2001,MIN,2001-02-18,3:30p,,Vancouver Grizzlies,L,,102,110,32,22,L 4
2001,MIN,2001-02-21,8:00p,,Houston Rockets,L,,83,89,32,23,L 5
2001,MIN,2001-02-23,8:00p,,Golden State Warriors,W,,122,83,33,23,W 1
2001,MIN,2001-02-25,3:00p,@,Indiana Pacers,L,,100,110,33,24,L 1
2001,MIN,2001-02-28,8:00p,,Detroit Pistons,W,,111,100,34,24,W 1
2001,MIN,2001-03-02,9:00p,@,Denver Nuggets,W,,89,71,35,24,W 2
2001,MIN,2001-03-04,3:30p,,Seattle SuperSonics,W,OT,119,111,36,24,W 3
2001,MIN,2001-03-06,7:00p,@,Charlotte Hornets,W,,95,89,37,24,W 4
2001,MIN,2001-03-09,7:30p,@,Miami Heat,L,,79,86,37,25,L 1
2001,MIN,2001-03-10,7:30p,@,Orlando Magic,L,,93,105,37,26,L 2
2001,MIN,2001-03-12,8:00p,,Miami Heat,W,,94,77,38,26,W 1
2001,MIN,2001-03-14,8:00p,@,San Antonio Spurs,L,OT,100,106,38,27,L 1
2001,MIN,2001-03-15,8:30p,@,Dallas Mavericks,L,,83,103,38,28,L 2
2001,MIN,2001-03-18,3:30p,,Cleveland Cavaliers,W,,91,76,39,28,W 1
2001,MIN,2001-03-21,8:00p,,Dallas Mavericks,W,,109,97,40,28,W 2
2001,MIN,2001-03-23,8:00p,,Denver Nuggets,W,,101,90,41,28,W 3
2001,MIN,2001-03-25,3:30p,,New Jersey Nets,W,,105,91,42,28,W 4
2001,MIN,2001-03-28,10:00p,@,Seattle SuperSonics,L,,93,94,42,29,L 1
2001,MIN,2001-03-30,10:30p,@,Sacramento Kings,L,,98,110,42,30,L 2
2001,MIN,2001-04-01,3:00p,@,Portland Trail Blazers,W,,99,95,43,30,W 1
2001,MIN,2001-04-04,8:00p,,Portland Trail Blazers,W,,83,79,44,30,W 2
2001,MIN,2001-04-06,8:00p,,Phoenix Suns,W,,101,88,45,30,W 3
2001,MIN,2001-04-08,5:30p,,Los Angeles Lakers,L,,99,104,45,31,L 1
2001,MIN,2001-04-10,10:00p,@,Vancouver Grizzlies,W,,104,91,46,31,W 1
2001,MIN,2001-04-12,10:30p,@,Los Angeles Lakers,L,,102,119,46,32,L 1
2001,MIN,2001-04-13,10:30p,@,Los Angeles Clippers,L,,105,111,46,33,L 2
2001,MIN,2001-04-15,3:00p,,Utah Jazz,W,,107,100,47,33,W 1
2001,MIN,2001-04-17,8:30p,@,Houston Rockets,L,,87,114,47,34,L 1
2001,MIN,2001-04-18,8:30p,@,Dallas Mavericks,L,,100,120,47,35,L 2
2001,MIN,2001-04-21,5:30p,@,San Antonio Spurs,L,,82,87,0,1,L 1
2001,MIN,2001-04-23,9:30p,@,San Antonio Spurs,L,,69,86,0,2,L 2
2001,MIN,2001-04-28,5:30p,,San Antonio Spurs,W,,93,84,1,2,W 1
2001,MIN,2001-04-30,8:00p,,San Antonio Spurs,L,,84,97,1,3,L 1
2001,NJN,2000-10-31,7:30p,,Cleveland Cavaliers,L,,82,86,0,1,L 1
2001,NJN,2000-11-03,8:30p,@,Chicago Bulls,W,,92,82,1,1,W 1
2001,NJN,2000-11-04,8:00p,,Charlotte Hornets,L,,87,98,1,2,L 1
2001,NJN,2000-11-08,7:00p,@,Washington Wizards,W,,102,86,2,2,W 1
2001,NJN,2000-11-09,7:30p,,Detroit Pistons,L,,94,108,2,3,L 1
2001,NJN,2000-11-11,1:00p,,Seattle SuperSonics,W,,126,91,3,3,W 1
2001,NJN,2000-11-13,7:30p,,Portland Trail Blazers,L,,82,94,3,4,L 1
2001,NJN,2000-11-15,8:00p,,Miami Heat,W,,93,91,4,4,W 1
2001,NJN,2000-11-18,8:00p,,Indiana Pacers,W,,97,92,5,4,W 2
2001,NJN,2000-11-20,10:30p,@,Los Angeles Clippers,W,,86,85,6,4,W 3
2001,NJN,2000-11-22,9:00p,@,Phoenix Suns,L,,85,97,6,5,L 1
2001,NJN,2000-11-24,10:00p,@,Utah Jazz,L,,85,97,6,6,L 2
2001,NJN,2000-11-25,10:00p,@,Portland Trail Blazers,L,,84,86,6,7,L 3
2001,NJN,2000-11-28,7:30p,,Utah Jazz,L,,92,98,6,8,L 4
2001,NJN,2000-11-29,7:30p,@,Detroit Pistons,L,,76,97,6,9,L 5
2001,NJN,2000-12-01,7:30p,@,Orlando Magic,L,,80,83,6,10,L 6
2001,NJN,2000-12-02,7:30p,,Orlando Magic,L,,74,95,6,11,L 7
2001,NJN,2000-12-05,7:00p,@,Indiana Pacers,L,,64,88,6,12,L 8
2001,NJN,2000-12-06,7:30p,,Milwaukee Bucks,L,,87,109,6,13,L 9
2001,NJN,2000-12-08,7:30p,,Phoenix Suns,W,,86,84,7,13,W 1
2001,NJN,2000-12-10,7:30p,,Dallas Mavericks,L,,73,99,7,14,L 1
2001,NJN,2000-12-12,7:30p,,Minnesota Timberwolves,W,,116,94,8,14,W 1
2001,NJN,2000-12-16,7:30p,@,Atlanta Hawks,W,,89,83,9,14,W 2
2001,NJN,2000-12-17,7:30p,,Sacramento Kings,L,,79,95,9,15,L 1
2001,NJN,2000-12-20,7:00p,@,Boston Celtics,L,,86,99,9,16,L 2
2001,NJN,2000-12-21,8:00p,@,Milwaukee Bucks,L,,78,80,9,17,L 3
2001,NJN,2000-12-23,7:30p,,Miami Heat,L,,80,86,9,18,L 4
2001,NJN,2000-12-26,7:30p,,Atlanta Hawks,L,,76,81,9,19,L 5
2001,NJN,2000-12-28,7:30p,,Boston Celtics,L,,111,112,9,20,L 6
2001,NJN,2000-12-31,2:00p,@,Chicago Bulls,L,,77,86,9,21,L 7
2001,NJN,2001-01-02,7:30p,@,Orlando Magic,W,,120,110,10,21,W 1
2001,NJN,2001-01-04,7:30p,@,Miami Heat,L,,78,81,10,22,L 1
2001,NJN,2001-01-06,7:30p,,Golden State Warriors,W,,97,92,11,22,W 1
2001,NJN,2001-01-08,7:30p,@,Cleveland Cavaliers,L,,90,92,11,23,L 1
2001,NJN,2001-01-09,7:30p,,Philadelphia 76ers,L,,87,104,11,24,L 2
2001,NJN,2001-01-11,7:30p,,Orlando Magic,L,,87,101,11,25,L 3
2001,NJN,2001-01-13,8:30p,@,Milwaukee Bucks,L,,81,115,11,26,L 4
2001,NJN,2001-01-15,2:30p,@,Atlanta Hawks,W,,84,78,12,26,W 1
2001,NJN,2001-01-17,7:30p,,Washington Wizards,W,,108,89,13,26,W 2
2001,NJN,2001-01-19,7:00p,@,Philadelphia 76ers,L,,86,97,13,27,L 1
2001,NJN,2001-01-20,8:00p,,Chicago Bulls,W,,123,103,14,27,W 1
2001,NJN,2001-01-23,10:30p,@,Sacramento Kings,L,,104,130,14,28,L 1
2001,NJN,2001-01-24,10:30p,@,Golden State Warriors,L,,87,109,14,29,L 2
2001,NJN,2001-01-26,10:30p,@,Los Angeles Lakers,L,,101,113,14,30,L 3
2001,NJN,2001-01-27,10:00p,@,Seattle SuperSonics,L,,97,106,14,31,L 4
2001,NJN,2001-01-29,10:00p,@,Vancouver Grizzlies,L,,86,97,14,32,L 5
2001,NJN,2001-01-31,7:30p,,Detroit Pistons,L,,103,112,14,33,L 6
2001,NJN,2001-02-02,7:30p,,New York Knicks,L,,71,95,14,34,L 7
2001,NJN,2001-02-04,6:00p,,Philadelphia 76ers,W,,96,89,15,34,W 1
2001,NJN,2001-02-06,7:30p,,Atlanta Hawks,W,,90,84,16,34,W 2
2001,NJN,2001-02-08,8:00p,,San Antonio Spurs,W,,99,97,17,34,W 3
2001,NJN,2001-02-13,7:30p,,Los Angeles Lakers,L,OT,110,113,17,35,L 1
2001,NJN,2001-02-14,7:30p,@,Detroit Pistons,L,,86,105,17,36,L 2
2001,NJN,2001-02-16,7:30p,@,New York Knicks,L,,104,114,17,37,L 3
2001,NJN,2001-02-18,1:00p,,Los Angeles Clippers,W,OT,102,96,18,37,W 1
2001,NJN,2001-02-21,7:30p,,Toronto Raptors,W,,113,111,19,37,W 2
2001,NJN,2001-02-24,7:30p,@,Miami Heat,L,,70,75,19,38,L 1
2001,NJN,2001-02-25,8:00p,,Washington Wizards,W,,101,91,20,38,W 1
2001,NJN,2001-02-28,7:30p,@,Charlotte Hornets,L,,88,91,20,39,L 1
2001,NJN,2001-03-02,7:30p,@,Toronto Raptors,L,,90,107,20,40,L 2
2001,NJN,2001-03-04,3:00p,@,Indiana Pacers,W,,120,96,21,40,W 1
2001,NJN,2001-03-05,7:30p,,Milwaukee Bucks,L,,100,107,21,41,L 1
2001,NJN,2001-03-07,7:00p,@,Philadelphia 76ers,L,,94,102,21,42,L 2
2001,NJN,2001-03-09,7:30p,,New York Knicks,W,,96,83,22,42,W 1
2001,NJN,2001-03-10,7:00p,@,Washington Wizards,L,,101,107,22,43,L 1
2001,NJN,2001-03-13,8:30p,@,Dallas Mavericks,L,,98,122,22,44,L 2
2001,NJN,2001-03-15,8:30p,@,Houston Rockets,L,,106,108,22,45,L 3
2001,NJN,2001-03-16,8:30p,@,San Antonio Spurs,L,,86,95,22,46,L 4
2001,NJN,2001-03-18,10:00p,@,Denver Nuggets,L,,84,98,22,47,L 5
2001,NJN,2001-03-20,7:30p,,Vancouver Grizzlies,W,,104,90,23,47,W 1
2001,NJN,2001-03-22,7:30p,,Boston Celtics,L,,98,113,23,48,L 1
2001,NJN,2001-03-23,7:30p,@,New York Knicks,W,,95,86,24,48,W 1
2001,NJN,2001-03-25,3:30p,@,Minnesota Timberwolves,L,,91,105,24,49,L 1
2001,NJN,2001-03-28,7:30p,,Denver Nuggets,W,,99,96,25,49,W 1
2001,NJN,2001-03-30,7:00p,@,Toronto Raptors,L,,99,110,25,50,L 1
2001,NJN,2001-04-01,8:00p,,Houston Rockets,W,,101,98,26,50,W 1
2001,NJN,2001-04-03,7:30p,,Charlotte Hornets,L,,88,103,26,51,L 1
2001,NJN,2001-04-08,1:00p,,Indiana Pacers,L,,83,108,26,52,L 2
2001,NJN,2001-04-12,7:30p,@,Charlotte Hornets,L,,78,88,26,53,L 3
2001,NJN,2001-04-13,7:30p,,Cleveland Cavaliers,L,,91,97,26,54,L 4
2001,NJN,2001-04-15,12:30p,@,Boston Celtics,L,,88,95,26,55,L 5
2001,NJN,2001-04-17,7:30p,,Chicago Bulls,L,,94,100,26,56,L 6
2001,NYK,2000-10-31,8:00p,,Philadelphia 76ers,L,,72,101,0,1,L 1
2001,NYK,2000-11-02,7:30p,,Atlanta Hawks,W,,94,69,1,1,W 1
2001,NYK,2000-11-03,7:00p,@,Washington Wizards,W,,80,76,2,1,W 2
2001,NYK,2000-11-07,8:00p,@,Milwaukee Bucks,W,,103,89,3,1,W 3
2001,NYK,2000-11-08,7:30p,,Cleveland Cavaliers,L,,97,99,3,2,L 1
2001,NYK,2000-11-10,7:30p,@,Boston Celtics,W,OT,103,101,4,2,W 1
2001,NYK,2000-11-11,7:30p,,Charlotte Hornets,W,,81,67,5,2,W 2
2001,NYK,2000-11-14,10:30p,@,Seattle SuperSonics,L,,75,96,5,3,L 1
2001,NYK,2000-11-15,10:30p,@,Los Angeles Clippers,L,,74,78,5,4,L 2
2001,NYK,2000-11-17,9:00p,@,Phoenix Suns,W,,90,85,6,4,W 1
2001,NYK,2000-11-19,8:00p,,Golden State Warriors,W,,88,71,7,4,W 2
2001,NYK,2000-11-21,8:00p,@,Orlando Magic,W,,85,84,8,4,W 3
2001,NYK,2000-11-22,7:30p,@,Atlanta Hawks,L,,74,78,8,5,L 1
2001,NYK,2000-11-25,1:00p,,Toronto Raptors,L,,75,79,8,6,L 2
2001,NYK,2000-11-27,7:30p,,Vancouver Grizzlies,W,,97,72,9,6,W 1
2001,NYK,2000-11-29,8:00p,,Miami Heat,L,,81,84,9,7,L 1
2001,NYK,2000-12-01,8:30p,@,Chicago Bulls,W,,91,86,10,7,W 1
2001,NYK,2000-12-02,7:30p,,Minnesota Timberwolves,W,,100,90,11,7,W 2
2001,NYK,2000-12-04,7:30p,,Los Angeles Clippers,W,,106,78,12,7,W 3
2001,NYK,2000-12-06,8:00p,@,Dallas Mavericks,L,,85,94,12,8,L 1
2001,NYK,2000-12-07,8:00p,@,San Antonio Spurs,W,,86,83,13,8,W 1
2001,NYK,2000-12-09,7:30p,,Denver Nuggets,W,,96,88,14,8,W 2
2001,NYK,2000-12-14,8:00p,@,Toronto Raptors,L,,68,70,14,9,L 1
2001,NYK,2000-12-15,7:30p,,Utah Jazz,L,,58,89,14,10,L 2
2001,NYK,2000-12-17,6:00p,,Milwaukee Bucks,W,OT,100,97,15,10,W 1
2001,NYK,2000-12-19,7:30p,@,Atlanta Hawks,L,,77,87,15,11,L 1
2001,NYK,2000-12-21,8:00p,,Boston Celtics,L,,86,92,15,12,L 2
2001,NYK,2000-12-22,7:00p,@,Philadelphia 76ers,W,,91,71,16,12,W 1
2001,NYK,2000-12-27,7:00p,@,Washington Wizards,W,,89,82,17,12,W 2
2001,NYK,2000-12-29,7:30p,,Chicago Bulls,W,,95,68,18,12,W 3
2001,NYK,2000-12-30,7:30p,@,Minnesota Timberwolves,W,,88,79,19,12,W 4
2001,NYK,2001-01-03,7:00p,@,Boston Celtics,W,,100,91,20,12,W 5
2001,NYK,2001-01-04,8:00p,,Orlando Magic,W,OT,95,92,21,12,W 6
2001,NYK,2001-01-07,7:30p,,Washington Wizards,W,,103,87,22,12,W 7
2001,NYK,2001-01-11,7:30p,,Houston Rockets,L,,75,76,22,13,L 1
2001,NYK,2001-01-13,5:30p,,Portland Trail Blazers,W,,91,78,23,13,W 1
2001,NYK,2001-01-15,1:00p,,San Antonio Spurs,W,,104,82,24,13,W 2
2001,NYK,2001-01-19,8:00p,@,Detroit Pistons,W,,97,91,25,13,W 3
2001,NYK,2001-01-21,12:00p,,Indiana Pacers,L,,74,87,25,14,L 1
2001,NYK,2001-01-23,8:00p,@,Milwaukee Bucks,L,,91,105,25,15,L 2
2001,NYK,2001-01-24,8:00p,@,Charlotte Hornets,L,,67,81,25,16,L 3
2001,NYK,2001-01-28,2:30p,,Los Angeles Lakers,W,,91,81,26,16,W 1
2001,NYK,2001-02-01,8:00p,,Philadelphia 76ers,L,,80,87,26,17,L 1
2001,NYK,2001-02-02,7:30p,@,New Jersey Nets,W,,95,71,27,17,W 1
2001,NYK,2001-02-04,1:00p,@,Miami Heat,W,OT,103,100,28,17,W 2
2001,NYK,2001-02-05,8:30p,@,Houston Rockets,L,,86,100,28,18,L 1
2001,NYK,2001-02-07,7:30p,,Dallas Mavericks,W,2OT,96,93,29,18,W 1
2001,NYK,2001-02-13,9:00p,@,Denver Nuggets,L,,77,96,29,19,L 1
2001,NYK,2001-02-14,9:00p,@,Utah Jazz,L,,90,106,29,20,L 2
2001,NYK,2001-02-16,7:30p,,New Jersey Nets,W,,114,104,30,20,W 1
2001,NYK,2001-02-18,7:30p,@,Orlando Magic,L,,88,96,30,21,L 1
2001,NYK,2001-02-20,8:00p,,Miami Heat,W,,76,74,31,21,W 1
2001,NYK,2001-02-21,7:30p,@,Detroit Pistons,L,,85,90,31,22,L 1
2001,NYK,2001-02-23,7:30p,,Phoenix Suns,L,OT,84,88,31,23,L 2
2001,NYK,2001-02-25,12:30p,,Sacramento Kings,W,,88,86,32,23,W 1
2001,NYK,2001-02-27,8:00p,,Seattle SuperSonics,W,,101,92,33,23,W 2
2001,NYK,2001-03-01,7:30p,,Boston Celtics,W,,95,88,34,23,W 3
2001,NYK,2001-03-02,8:30p,@,Chicago Bulls,L,,72,81,34,24,L 1
2001,NYK,2001-03-04,12:30p,@,Toronto Raptors,L,,88,98,34,25,L 2
2001,NYK,2001-03-06,8:00p,,Indiana Pacers,W,,97,83,35,25,W 1
2001,NYK,2001-03-07,7:00p,@,Indiana Pacers,W,,79,75,36,25,W 2
2001,NYK,2001-03-09,7:30p,@,New Jersey Nets,L,,83,96,36,26,L 1
2001,NYK,2001-03-11,12:30p,,Miami Heat,W,,86,83,37,26,W 1
2001,NYK,2001-03-13,7:30p,,Cleveland Cavaliers,W,,98,79,38,26,W 2
2001,NYK,2001-03-15,7:30p,,Toronto Raptors,W,,88,72,39,26,W 3
2001,NYK,2001-03-17,7:30p,,Chicago Bulls,W,,101,80,40,26,W 4
2001,NYK,2001-03-20,7:30p,@,Cleveland Cavaliers,W,,110,75,41,26,W 5
2001,NYK,2001-03-23,7:30p,,New Jersey Nets,L,,86,95,41,27,L 1
2001,NYK,2001-03-26,10:30p,@,Golden State Warriors,W,OT,89,87,42,27,W 1
2001,NYK,2001-03-27,10:30p,@,Sacramento Kings,L,OT,117,124,42,28,L 1
2001,NYK,2001-03-29,10:00p,@,Vancouver Grizzlies,L,,68,89,42,29,L 2
2001,NYK,2001-03-30,10:00p,@,Portland Trail Blazers,L,,79,96,42,30,L 3
2001,NYK,2001-04-01,5:30p,@,Los Angeles Lakers,W,,79,78,43,30,W 1
2001,NYK,2001-04-03,7:30p,,Orlando Magic,W,,94,82,44,30,W 2
2001,NYK,2001-04-05,7:30p,,Washington Wizards,W,,93,80,45,30,W 3
2001,NYK,2001-04-08,12:30p,@,Miami Heat,L,,76,81,45,31,L 1
2001,NYK,2001-04-09,7:30p,,Charlotte Hornets,W,,113,98,46,31,W 1
2001,NYK,2001-04-11,8:00p,@,Indiana Pacers,L,,93,100,46,32,L 1
2001,NYK,2001-04-13,7:30p,,Atlanta Hawks,W,,101,65,47,32,W 1
2001,NYK,2001-04-15,12:30p,@,Philadelphia 76ers,L,,82,89,47,33,L 1
2001,NYK,2001-04-16,7:30p,@,Cleveland Cavaliers,L,,78,80,47,34,L 2
2001,NYK,2001-04-18,7:30p,,Detroit Pistons,W,,94,88,48,34,W 1
2001,NYK,2001-04-22,12:30p,,Toronto Raptors,W,,92,85,1,0,W 1
2001,NYK,2001-04-26,8:00p,,Toronto Raptors,L,,74,94,1,1,L 1
2001,NYK,2001-04-29,12:30p,@,Toronto Raptors,W,,97,89,2,1,W 1
2001,NYK,2001-05-02,8:00p,@,Toronto Raptors,L,,93,100,2,2,L 1
2001,NYK,2001-05-04,8:00p,,Toronto Raptors,L,,89,93,2,3,L 2
2001,ORL,2000-10-31,7:30p,,Washington Wizards,W,,97,86,1,0,W 1
2001,ORL,2000-11-01,8:00p,@,Miami Heat,L,,79,105,1,1,L 1
2001,ORL,2000-11-03,7:30p,,Philadelphia 76ers,L,,80,87,1,2,L 2
2001,ORL,2000-11-04,7:30p,@,Atlanta Hawks,W,,107,104,2,2,W 1
2001,ORL,2000-11-06,7:30p,,Seattle SuperSonics,W,,110,99,3,2,W 2
2001,ORL,2000-11-08,7:30p,,Charlotte Hornets,L,,90,96,3,3,L 1
2001,ORL,2000-11-09,8:30p,@,Chicago Bulls,L,,90,95,3,4,L 2
2001,ORL,2000-11-12,9:00p,@,Golden State Warriors,W,OT,105,99,4,4,W 1
2001,ORL,2000-11-14,8:00p,@,Sacramento Kings,L,,82,96,4,5,L 1
2001,ORL,2000-11-16,9:00p,@,Utah Jazz,L,,84,99,4,6,L 2
2001,ORL,2000-11-19,6:00p,,Portland Trail Blazers,L,OT,102,110,4,7,L 3
2001,ORL,2000-11-21,8:00p,,New York Knicks,L,,84,85,4,8,L 4
2001,ORL,2000-11-24,7:30p,@,Boston Celtics,L,OT,98,103,4,9,L 5
2001,ORL,2000-11-25,7:30p,,Atlanta Hawks,W,,114,92,5,9,W 1
2001,ORL,2000-11-27,7:30p,,Milwaukee Bucks,L,,95,104,5,10,L 1
2001,ORL,2000-11-29,7:30p,,Utah Jazz,L,,86,88,5,11,L 2
2001,ORL,2000-12-01,7:30p,,New Jersey Nets,W,,83,80,6,11,W 1
2001,ORL,2000-12-02,7:30p,@,New Jersey Nets,W,,95,74,7,11,W 2
2001,ORL,2000-12-05,7:30p,,Boston Celtics,W,,101,98,8,11,W 3
2001,ORL,2000-12-07,7:30p,,Denver Nuggets,W,,103,93,9,11,W 4
2001,ORL,2000-12-11,10:30p,@,Los Angeles Clippers,L,,80,92,9,12,L 1
2001,ORL,2000-12-12,10:00p,@,Seattle SuperSonics,L,,92,97,9,13,L 2
2001,ORL,2000-12-15,10:00p,@,Portland Trail Blazers,L,,96,106,9,14,L 3
2001,ORL,2000-12-17,3:30p,@,Vancouver Grizzlies,W,,101,91,10,14,W 1
2001,ORL,2000-12-21,7:30p,,Chicago Bulls,W,,99,88,11,14,W 2
2001,ORL,2000-12-23,7:30p,,Cleveland Cavaliers,W,,111,92,12,14,W 3
2001,ORL,2000-12-25,3:00p,@,Indiana Pacers,L,,93,103,12,15,L 1
2001,ORL,2000-12-26,8:00p,@,Milwaukee Bucks,L,,77,89,12,16,L 2
2001,ORL,2000-12-28,7:30p,,Detroit Pistons,W,,102,96,13,16,W 1
2001,ORL,2000-12-30,1:00p,@,Boston Celtics,W,,95,90,14,16,W 2
2001,ORL,2001-01-02,7:30p,,New Jersey Nets,L,,110,120,14,17,L 1
2001,ORL,2001-01-04,8:00p,@,New York Knicks,L,OT,92,95,14,18,L 2
2001,ORL,2001-01-06,7:30p,@,Atlanta Hawks,L,,82,83,14,19,L 3
2001,ORL,2001-01-09,8:00p,,San Antonio Spurs,L,,95,112,14,20,L 4
2001,ORL,2001-01-11,7:30p,@,New Jersey Nets,W,,101,87,15,20,W 1
2001,ORL,2001-01-13,8:00p,,Golden State Warriors,W,,111,94,16,20,W 2
2001,ORL,2001-01-15,7:30p,,Chicago Bulls,W,,113,104,17,20,W 3
2001,ORL,2001-01-18,8:00p,@,Dallas Mavericks,L,OT,106,115,17,21,L 1
2001,ORL,2001-01-20,8:00p,@,San Antonio Spurs,W,OT,112,109,18,21,W 1
2001,ORL,2001-01-23,7:30p,,Toronto Raptors,W,2OT,116,111,19,21,W 2
2001,ORL,2001-01-25,8:00p,@,Minnesota Timberwolves,L,,100,109,19,22,L 1
2001,ORL,2001-01-27,5:30p,,Miami Heat,L,,59,81,19,23,L 2
2001,ORL,2001-01-30,8:00p,,Indiana Pacers,W,,93,86,20,23,W 1
2001,ORL,2001-01-31,7:00p,@,Washington Wizards,W,,100,96,21,23,W 2
2001,ORL,2001-02-02,7:00p,@,Philadelphia 76ers,W,2OT,123,117,22,23,W 3
2001,ORL,2001-02-03,7:30p,,Atlanta Hawks,W,,96,84,23,23,W 4
2001,ORL,2001-02-06,7:00p,@,Charlotte Hornets,W,,109,83,24,23,W 5
2001,ORL,2001-02-07,7:30p,,Washington Wizards,W,,107,98,25,23,W 6
2001,ORL,2001-02-14,7:30p,,Los Angeles Clippers,W,,114,101,26,23,W 7
2001,ORL,2001-02-16,7:30p,,Houston Rockets,W,,108,93,27,23,W 8
2001,ORL,2001-02-18,7:30p,,New York Knicks,W,,96,88,28,23,W 9
2001,ORL,2001-02-20,7:30p,,Phoenix Suns,L,,104,110,28,24,L 1
2001,ORL,2001-02-23,8:30p,@,Houston Rockets,L,,95,105,28,25,L 2
2001,ORL,2001-02-25,5:30p,@,Los Angeles Lakers,L,,100,106,28,26,L 3
2001,ORL,2001-02-26,9:00p,@,Denver Nuggets,W,,93,86,29,26,W 1
2001,ORL,2001-02-28,10:30p,@,Phoenix Suns,W,,97,91,30,26,W 2
2001,ORL,2001-03-02,7:30p,,Cleveland Cavaliers,W,,120,94,31,26,W 3
2001,ORL,2001-03-04,3:00p,@,Detroit Pistons,L,,84,93,31,27,L 1
2001,ORL,2001-03-05,7:30p,,Dallas Mavericks,W,,95,81,32,27,W 1
2001,ORL,2001-03-07,7:30p,,Detroit Pistons,W,,112,102,33,27,W 2
2001,ORL,2001-03-08,7:30p,@,Charlotte Hornets,L,,84,97,33,28,L 1
2001,ORL,2001-03-10,7:30p,,Minnesota Timberwolves,W,,105,93,34,28,W 1
2001,ORL,2001-03-13,8:00p,,Sacramento Kings,L,OT,108,114,34,29,L 1
2001,ORL,2001-03-14,7:30p,@,Cleveland Cavaliers,W,,97,87,35,29,W 1
2001,ORL,2001-03-16,7:30p,,Vancouver Grizzlies,W,,103,99,36,29,W 2
2001,ORL,2001-03-18,12:00p,,Los Angeles Lakers,L,,90,95,36,30,L 1
2001,ORL,2001-03-20,8:30p,@,Chicago Bulls,W,,103,95,37,30,W 1
2001,ORL,2001-03-21,7:00p,@,Indiana Pacers,L,,95,96,37,31,L 1
2001,ORL,2001-03-23,8:30p,@,Milwaukee Bucks,L,,103,115,37,32,L 2
2001,ORL,2001-03-25,12:00p,,Indiana Pacers,W,,84,82,38,32,W 1
2001,ORL,2001-03-28,8:00p,@,Philadelphia 76ers,W,,96,95,39,32,W 2
2001,ORL,2001-03-30,8:00p,@,Detroit Pistons,L,,97,100,39,33,L 1
2001,ORL,2001-04-01,5:30p,@,Toronto Raptors,W,,104,101,40,33,W 1
2001,ORL,2001-04-03,7:30p,@,New York Knicks,L,,82,94,40,34,L 1
2001,ORL,2001-04-04,7:30p,,Boston Celtics,W,,108,101,41,34,W 1
2001,ORL,2001-04-06,7:30p,,Toronto Raptors,L,,100,108,41,35,L 1
2001,ORL,2001-04-10,7:30p,@,Cleveland Cavaliers,L,,78,101,41,36,L 2
2001,ORL,2001-04-12,8:00p,,Philadelphia 76ers,W,,101,77,42,36,W 1
2001,ORL,2001-04-13,7:00p,@,Washington Wizards,L,,110,113,42,37,L 1
2001,ORL,2001-04-15,2:00p,@,Miami Heat,W,,90,73,43,37,W 1
2001,ORL,2001-04-16,7:30p,,Milwaukee Bucks,L,,89,101,43,38,L 1
2001,ORL,2001-04-18,8:00p,,Miami Heat,L,,91,103,43,39,L 2
2001,ORL,2001-04-22,8:30p,@,Milwaukee Bucks,L,,90,103,0,1,L 1
2001,ORL,2001-04-25,8:00p,@,Milwaukee Bucks,L,,96,103,0,2,L 2
2001,ORL,2001-04-28,8:30p,,Milwaukee Bucks,W,OT,121,116,1,2,W 1
2001,ORL,2001-05-01,7:00p,,Milwaukee Bucks,L,,104,112,1,3,L 1
2001,PHI,2000-10-31,8:00p,@,New York Knicks,W,,101,72,1,0,W 1
2001,PHI,2000-11-01,7:00p,,Toronto Raptors,W,,104,98,2,0,W 2
2001,PHI,2000-11-03,7:30p,@,Orlando Magic,W,,87,80,3,0,W 3
2001,PHI,2000-11-04,7:30p,@,Miami Heat,W,,84,82,4,0,W 4
2001,PHI,2000-11-08,7:00p,,Detroit Pistons,W,,103,94,5,0,W 5
2001,PHI,2000-11-09,8:00p,@,Minnesota Timberwolves,W,,84,82,6,0,W 6
2001,PHI,2000-11-11,8:00p,,Boston Celtics,W,,85,83,7,0,W 7
2001,PHI,2000-11-15,7:00p,,Cleveland Cavaliers,W,,107,98,8,0,W 8
2001,PHI,2000-11-17,7:00p,,Miami Heat,W,,94,73,9,0,W 9
2001,PHI,2000-11-20,7:00p,@,Boston Celtics,W,,114,90,10,0,W 10
2001,PHI,2000-11-22,7:30p,@,Charlotte Hornets,L,,73,88,10,1,L 1
2001,PHI,2000-11-24,7:30p,@,Atlanta Hawks,W,,76,67,11,1,W 1
2001,PHI,2000-11-25,8:30p,@,San Antonio Spurs,L,,76,96,11,2,L 1
2001,PHI,2000-11-29,7:00p,,Washington Wizards,W,,93,87,12,2,W 1
2001,PHI,2000-12-01,7:00p,,Charlotte Hornets,W,,95,74,13,2,W 2
2001,PHI,2000-12-02,7:30p,@,Cleveland Cavaliers,W,,112,78,14,2,W 3
2001,PHI,2000-12-04,9:00p,@,Denver Nuggets,L,,98,105,14,3,L 1
2001,PHI,2000-12-05,10:30p,@,Los Angeles Lakers,L,,85,96,14,4,L 2
2001,PHI,2000-12-08,10:00p,@,Portland Trail Blazers,W,,107,94,15,4,W 1
2001,PHI,2000-12-09,10:00p,@,Vancouver Grizzlies,W,,83,79,16,4,W 2
2001,PHI,2000-12-11,7:00p,,Minnesota Timberwolves,L,OT,91,96,16,5,L 1
2001,PHI,2000-12-13,7:00p,@,Washington Wizards,W,,102,82,17,5,W 1
2001,PHI,2000-12-15,7:00p,,Dallas Mavericks,L,,94,112,17,6,L 1
2001,PHI,2000-12-16,8:30p,@,Chicago Bulls,W,,99,91,18,6,W 1
2001,PHI,2000-12-20,8:00p,,Utah Jazz,L,,89,91,18,7,L 1
2001,PHI,2000-12-22,7:00p,,New York Knicks,L,,71,91,18,8,L 2
2001,PHI,2000-12-26,9:00p,@,Utah Jazz,W,,97,91,19,8,W 1
2001,PHI,2000-12-27,10:30p,@,Golden State Warriors,W,,118,110,20,8,W 2
2001,PHI,2000-12-30,7:30p,@,Sacramento Kings,W,OT,107,104,21,8,W 3
2001,PHI,2001-01-03,7:00p,,Atlanta Hawks,W,,98,80,22,8,W 4
2001,PHI,2001-01-05,7:00p,,Seattle SuperSonics,W,,121,89,23,8,W 5
2001,PHI,2001-01-06,7:30p,@,Cleveland Cavaliers,W,,107,103,24,8,W 6
2001,PHI,2001-01-09,7:30p,@,New Jersey Nets,W,,104,87,25,8,W 7
2001,PHI,2001-01-10,8:00p,,Portland Trail Blazers,L,,75,93,25,9,L 1
2001,PHI,2001-01-12,7:00p,@,Washington Wizards,W,,86,82,26,9,W 1
2001,PHI,2001-01-13,8:00p,,San Antonio Spurs,W,,100,83,27,9,W 2
2001,PHI,2001-01-15,2:00p,,Charlotte Hornets,W,,84,79,28,9,W 3
2001,PHI,2001-01-17,7:00p,,Chicago Bulls,W,,99,88,29,9,W 4
2001,PHI,2001-01-19,7:00p,,New Jersey Nets,W,,97,86,30,9,W 5
2001,PHI,2001-01-21,2:30p,,Toronto Raptors,L,OT,106,110,30,10,L 1
2001,PHI,2001-01-23,8:00p,@,Dallas Mavericks,W,,114,98,31,10,W 1
2001,PHI,2001-01-24,8:30p,@,Houston Rockets,W,OT,85,84,32,10,W 2
2001,PHI,2001-01-26,7:00p,,Detroit Pistons,W,,105,89,33,10,W 3
2001,PHI,2001-01-28,12:00p,@,Indiana Pacers,W,,86,81,34,10,W 4
2001,PHI,2001-01-30,8:00p,@,Toronto Raptors,L,,89,96,34,11,L 1
2001,PHI,2001-02-01,8:00p,@,New York Knicks,W,,87,80,35,11,W 1
2001,PHI,2001-02-02,7:00p,,Orlando Magic,L,2OT,117,123,35,12,L 1
2001,PHI,2001-02-04,6:00p,@,New Jersey Nets,L,,89,96,35,13,L 2
2001,PHI,2001-02-05,7:00p,,Denver Nuggets,W,,99,80,36,13,W 1
2001,PHI,2001-02-07,7:00p,,Houston Rockets,L,,87,112,36,14,L 1
2001,PHI,2001-02-13,8:00p,@,Milwaukee Bucks,W,,107,104,37,14,W 1
2001,PHI,2001-02-14,8:00p,,Los Angeles Lakers,W,,112,97,38,14,W 2
2001,PHI,2001-02-16,7:00p,,Los Angeles Clippers,W,,108,93,39,14,W 3
2001,PHI,2001-02-18,12:30p,,Phoenix Suns,W,,104,98,40,14,W 4
2001,PHI,2001-02-21,7:00p,,Vancouver Grizzlies,W,,107,91,41,14,W 5
2001,PHI,2001-02-23,8:00p,@,Detroit Pistons,W,,99,78,42,14,W 6
2001,PHI,2001-02-24,7:30p,@,Charlotte Hornets,L,,85,86,42,15,L 1
2001,PHI,2001-02-26,7:00p,,Milwaukee Bucks,L,,91,98,42,16,L 2
2001,PHI,2001-02-28,8:00p,,Miami Heat,W,,79,69,43,16,W 1
2001,PHI,2001-03-02,7:00p,,Washington Wizards,W,,107,102,44,16,W 2
2001,PHI,2001-03-07,7:00p,,New Jersey Nets,W,,102,94,45,16,W 3
2001,PHI,2001-03-09,7:00p,,Atlanta Hawks,W,,108,103,46,16,W 4
2001,PHI,2001-03-11,3:00p,@,Boston Celtics,W,,97,91,47,16,W 5
2001,PHI,2001-03-14,8:30p,@,Chicago Bulls,W,,85,67,48,16,W 6
2001,PHI,2001-03-16,7:00p,,Sacramento Kings,L,,79,100,48,17,L 1
2001,PHI,2001-03-17,8:30p,@,Milwaukee Bucks,L,,78,87,48,18,L 2
2001,PHI,2001-03-19,10:00p,@,Seattle SuperSonics,L,,89,93,48,19,L 3
2001,PHI,2001-03-20,10:30p,@,Los Angeles Clippers,L,,77,88,48,20,L 4
2001,PHI,2001-03-23,9:00p,@,Phoenix Suns,L,,71,84,48,21,L 5
2001,PHI,2001-03-26,7:00p,,Milwaukee Bucks,W,,90,78,49,21,W 1
2001,PHI,2001-03-28,8:00p,,Orlando Magic,L,,95,96,49,22,L 1
2001,PHI,2001-03-30,7:00p,,Golden State Warriors,W,,102,89,50,22,W 1
2001,PHI,2001-04-01,12:30p,,Indiana Pacers,W,,104,93,51,22,W 2
2001,PHI,2001-04-03,8:00p,@,Toronto Raptors,L,,85,100,51,23,L 1
2001,PHI,2001-04-04,7:30p,@,Detroit Pistons,W,,90,84,52,23,W 1
2001,PHI,2001-04-06,7:00p,,Cleveland Cavaliers,W,,96,88,53,23,W 2
2001,PHI,2001-04-09,7:00p,,Boston Celtics,W,,108,95,54,23,W 3
2001,PHI,2001-04-10,8:00p,@,Miami Heat,L,,81,83,54,24,L 1
2001,PHI,2001-04-12,8:00p,@,Orlando Magic,L,,77,101,54,25,L 2
2001,PHI,2001-04-15,12:30p,,New York Knicks,W,,89,82,55,25,W 1
2001,PHI,2001-04-17,8:00p,@,Indiana Pacers,W,OT,111,105,56,25,W 2
2001,PHI,2001-04-18,7:00p,,Chicago Bulls,L,,86,92,56,26,L 1
2001,PHI,2001-04-21,12:30p,,Indiana Pacers,L,,78,79,0,1,L 1
2001,PHI,2001-04-24,8:00p,,Indiana Pacers,W,,116,98,1,1,W 1
2001,PHI,2001-04-28,12:40p,@,Indiana Pacers,W,,92,87,2,1,W 2
2001,PHI,2001-05-02,9:00p,@,Indiana Pacers,W,,88,85,3,1,W 3
2001,PHI,2001-05-06,5:30p,,Toronto Raptors,L,,93,96,3,2,L 1
2001,PHI,2001-05-09,7:00p,,Toronto Raptors,W,,97,92,4,2,W 1
2001,PHI,2001-05-11,8:00p,@,Toronto Raptors,L,,78,102,4,3,L 1
2001,PHI,2001-05-13,3:00p,@,Toronto Raptors,W,,84,79,5,3,W 1
2001,PHI,2001-05-16,8:00p,,Toronto Raptors,W,,121,88,6,3,W 2
2001,PHI,2001-05-18,8:00p,@,Toronto Raptors,L,,89,101,6,4,L 1
2001,PHI,2001-05-20,5:30p,,Toronto Raptors,W,,88,87,7,4,W 1
2001,PHI,2001-05-22,8:30p,,Milwaukee Bucks,W,,93,85,8,4,W 2
2001,PHI,2001-05-24,8:30p,,Milwaukee Bucks,L,,78,92,8,5,L 1
2001,PHI,2001-05-26,5:30p,@,Milwaukee Bucks,L,,74,80,8,6,L 2
2001,PHI,2001-05-28,5:30p,@,Milwaukee Bucks,W,,89,83,9,6,W 1
2001,PHI,2001-05-30,9:00p,,Milwaukee Bucks,W,,89,88,10,6,W 2
2001,PHI,2001-06-01,9:00p,@,Milwaukee Bucks,L,,100,110,10,7,L 1
2001,PHI,2001-06-03,7:30p,,Milwaukee Bucks,W,,108,91,11,7,W 1
2001,PHI,2001-06-06,9:00p,@,Los Angeles Lakers,W,OT,107,101,12,7,W 2
2001,PHI,2001-06-08,9:00p,@,Los Angeles Lakers,L,,89,98,12,8,L 1
2001,PHI,2001-06-10,7:30p,,Los Angeles Lakers,L,,91,96,12,9,L 2
2001,PHI,2001-06-13,9:00p,,Los Angeles Lakers,L,,86,100,12,10,L 3
2001,PHI,2001-06-15,9:00p,,Los Angeles Lakers,L,,96,108,12,11,L 4
2001,PHO,2000-10-31,10:30p,@,Golden State Warriors,L,,94,96,0,1,L 1
2001,PHO,2000-11-02,9:00p,,Portland Trail Blazers,W,,108,82,1,1,W 1
2001,PHO,2000-11-04,9:00p,@,Denver Nuggets,W,,102,99,2,1,W 2
2001,PHO,2000-11-05,8:00p,,Houston Rockets,W,,104,99,3,1,W 3
2001,PHO,2000-11-07,9:00p,,San Antonio Spurs,W,,100,81,4,1,W 4
2001,PHO,2000-11-09,9:00p,,Atlanta Hawks,W,,88,79,5,1,W 5
2001,PHO,2000-11-11,9:00p,,Miami Heat,W,,84,82,6,1,W 6
2001,PHO,2000-11-15,9:00p,,Dallas Mavericks,W,,99,78,7,1,W 7
2001,PHO,2000-11-17,9:00p,,New York Knicks,L,,85,90,7,2,L 1
2001,PHO,2000-11-18,8:30p,@,Houston Rockets,L,,89,94,7,3,L 2
2001,PHO,2000-11-22,9:00p,,New Jersey Nets,W,,97,85,8,3,W 1
2001,PHO,2000-11-24,9:00p,,Golden State Warriors,W,,80,74,9,3,W 2
2001,PHO,2000-11-25,10:30p,@,Los Angeles Clippers,W,OT,95,89,10,3,W 3
2001,PHO,2000-11-29,10:00p,@,Vancouver Grizzlies,L,2OT,106,109,10,4,L 1
2001,PHO,2000-12-01,10:30p,@,Sacramento Kings,L,,98,105,10,5,L 2
2001,PHO,2000-12-03,8:00p,,Portland Trail Blazers,W,,84,79,11,5,W 1
2001,PHO,2000-12-07,8:00p,@,Milwaukee Bucks,W,,104,96,12,5,W 2
2001,PHO,2000-12-08,7:30p,@,New Jersey Nets,L,,84,86,12,6,L 1
2001,PHO,2000-12-10,3:30p,@,Toronto Raptors,W,,95,87,13,6,W 1
2001,PHO,2000-12-11,8:30p,@,Chicago Bulls,W,,86,80,14,6,W 2
2001,PHO,2000-12-13,8:00p,,San Antonio Spurs,W,,103,93,15,6,W 3
2001,PHO,2000-12-15,9:00p,,Los Angeles Clippers,L,,88,98,15,7,L 1
2001,PHO,2000-12-16,8:30p,@,San Antonio Spurs,L,,82,90,15,8,L 2
2001,PHO,2000-12-19,9:00p,,Detroit Pistons,L,,84,89,15,9,L 3
2001,PHO,2000-12-23,9:00p,,Denver Nuggets,W,,102,93,16,9,W 1
2001,PHO,2000-12-26,10:30p,@,Vancouver Grizzlies,W,,97,95,17,9,W 2
2001,PHO,2000-12-28,9:00p,,Los Angeles Lakers,L,,78,115,17,10,L 1
2001,PHO,2000-12-30,9:00p,,Toronto Raptors,W,,109,103,18,10,W 1
2001,PHO,2001-01-02,10:30p,@,Sacramento Kings,L,OT,117,121,18,11,L 1
2001,PHO,2001-01-03,9:00p,,Los Angeles Clippers,W,,90,85,19,11,W 1
2001,PHO,2001-01-05,9:00p,,Vancouver Grizzlies,W,,108,76,20,11,W 2
2001,PHO,2001-01-07,8:00p,,Minnesota Timberwolves,L,,88,108,20,12,L 1
2001,PHO,2001-01-11,8:00p,,Indiana Pacers,W,,93,85,21,12,W 1
2001,PHO,2001-01-13,5:30p,@,Dallas Mavericks,W,,103,86,22,12,W 2
2001,PHO,2001-01-14,8:00p,,Seattle SuperSonics,L,,87,106,22,13,L 1
2001,PHO,2001-01-17,10:30p,@,Seattle SuperSonics,W,,89,80,23,13,W 1
2001,PHO,2001-01-19,9:00p,,Golden State Warriors,L,,95,103,23,14,L 1
2001,PHO,2001-01-21,2:30p,@,Utah Jazz,L,,98,109,23,15,L 2
2001,PHO,2001-01-23,8:00p,@,Minnesota Timberwolves,L,,73,82,23,16,L 3
2001,PHO,2001-01-24,7:30p,@,Detroit Pistons,W,,106,73,24,16,W 1
2001,PHO,2001-01-26,7:30p,@,Boston Celtics,L,,83,99,24,17,L 1
2001,PHO,2001-01-27,8:00p,@,Washington Wizards,L,,82,89,24,18,L 2
2001,PHO,2001-01-29,7:30p,@,Atlanta Hawks,W,,95,82,25,18,W 1
2001,PHO,2001-01-31,9:00p,,Vancouver Grizzlies,W,,101,92,26,18,W 2
2001,PHO,2001-02-01,10:00p,@,Portland Trail Blazers,L,,92,100,26,19,L 1
2001,PHO,2001-02-04,8:00p,,Charlotte Hornets,W,,85,82,27,19,W 1
2001,PHO,2001-02-06,9:00p,,Chicago Bulls,W,,97,80,28,19,W 2
2001,PHO,2001-02-07,10:30p,@,Los Angeles Lakers,L,,83,85,28,20,L 1
2001,PHO,2001-02-13,10:30p,@,Golden State Warriors,W,,93,83,29,20,W 1
2001,PHO,2001-02-14,9:00p,,Minnesota Timberwolves,W,,104,96,30,20,W 2
2001,PHO,2001-02-18,12:30p,@,Philadelphia 76ers,L,,98,104,30,21,L 1
2001,PHO,2001-02-20,7:30p,@,Orlando Magic,W,,110,104,31,21,W 1
2001,PHO,2001-02-21,7:30p,@,Miami Heat,W,,100,85,32,21,W 2
2001,PHO,2001-02-23,7:30p,@,New York Knicks,W,OT,88,84,33,21,W 3
2001,PHO,2001-02-25,3:00p,,Utah Jazz,W,,90,80,34,21,W 4
2001,PHO,2001-02-28,10:30p,,Orlando Magic,L,,91,97,34,22,L 1
2001,PHO,2001-03-01,8:00p,@,San Antonio Spurs,L,,71,91,34,23,L 2
2001,PHO,2001-03-03,9:00p,,Denver Nuggets,W,,97,82,35,23,W 1
2001,PHO,2001-03-06,9:00p,@,Denver Nuggets,W,,93,82,36,23,W 2
2001,PHO,2001-03-07,8:00p,,Sacramento Kings,L,,89,100,36,24,L 1
2001,PHO,2001-03-09,9:00p,@,Utah Jazz,L,,95,107,36,25,L 2
2001,PHO,2001-03-11,8:00p,,Houston Rockets,W,,94,92,37,25,W 1
2001,PHO,2001-03-14,10:00p,@,Portland Trail Blazers,W,,84,79,38,25,W 2
2001,PHO,2001-03-15,9:00p,,Boston Celtics,L,,101,105,38,26,L 1
2001,PHO,2001-03-17,8:30p,@,Dallas Mavericks,L,,99,109,38,27,L 2
2001,PHO,2001-03-20,9:00p,,Washington Wizards,W,,105,91,39,27,W 1
2001,PHO,2001-03-22,10:00p,@,Seattle SuperSonics,W,,91,88,40,27,W 2
2001,PHO,2001-03-23,9:00p,,Philadelphia 76ers,W,,84,71,41,27,W 3
2001,PHO,2001-03-26,9:00p,,Los Angeles Lakers,W,,104,83,42,27,W 4
2001,PHO,2001-03-28,9:00p,,Cleveland Cavaliers,W,,103,94,43,27,W 5
2001,PHO,2001-03-29,8:30p,@,Houston Rockets,W,,90,85,44,27,W 6
2001,PHO,2001-04-01,9:00p,,Milwaukee Bucks,W,,106,99,45,27,W 7
2001,PHO,2001-04-03,8:00p,@,Indiana Pacers,L,,81,85,45,28,L 1
2001,PHO,2001-04-04,7:30p,@,Charlotte Hornets,W,,103,94,46,28,W 1
2001,PHO,2001-04-06,8:00p,@,Minnesota Timberwolves,L,,88,101,46,29,L 1
2001,PHO,2001-04-07,7:30p,@,Cleveland Cavaliers,W,,102,98,47,29,W 1
2001,PHO,2001-04-10,10:30p,@,Los Angeles Lakers,L,,80,106,47,30,L 1
2001,PHO,2001-04-11,10:00p,,Dallas Mavericks,W,,111,106,48,30,W 1
2001,PHO,2001-04-13,10:00p,,Seattle SuperSonics,W,,109,100,49,30,W 2
2001,PHO,2001-04-15,10:00p,,Sacramento Kings,W,,88,86,50,30,W 3
2001,PHO,2001-04-16,10:30p,@,Los Angeles Clippers,L,,80,100,50,31,L 1
2001,PHO,2001-04-18,10:30p,,Utah Jazz,W,,98,93,51,31,W 1
2001,PHO,2001-04-22,3:00p,@,Sacramento Kings,W,,86,83,1,0,W 1
2001,PHO,2001-04-25,10:30p,@,Sacramento Kings,L,,90,116,1,1,L 1
2001,PHO,2001-04-29,3:00p,,Sacramento Kings,L,,96,104,1,2,L 2
2001,PHO,2001-05-02,10:30p,,Sacramento Kings,L,,82,89,1,3,L 3
2001,POR,2000-10-31,10:30p,,Los Angeles Lakers,L,,86,96,0,1,L 1
2001,POR,2000-11-02,9:00p,@,Phoenix Suns,L,,82,108,0,2,L 2
2001,POR,2000-11-04,10:00p,@,Seattle SuperSonics,W,,97,90,1,2,W 1
2001,POR,2000-11-06,10:30p,@,Sacramento Kings,L,,75,79,1,3,L 1
2001,POR,2000-11-07,10:00p,,Atlanta Hawks,W,,97,88,2,3,W 1
2001,POR,2000-11-09,10:00p,,Denver Nuggets,W,,107,91,3,3,W 2
2001,POR,2000-11-11,10:00p,,Houston Rockets,W,,111,88,4,3,W 3
2001,POR,2000-11-13,7:30p,@,New Jersey Nets,W,,94,82,5,3,W 4
2001,POR,2000-11-14,7:30p,@,Atlanta Hawks,L,,97,99,5,4,L 1
2001,POR,2000-11-16,7:00p,@,Toronto Raptors,W,,86,80,6,4,W 1
2001,POR,2000-11-18,7:30p,@,Miami Heat,L,,80,86,6,5,L 1
2001,POR,2000-11-19,6:00p,@,Orlando Magic,W,OT,110,102,7,5,W 1
2001,POR,2000-11-21,7:00p,@,Washington Wizards,W,,104,94,8,5,W 2
2001,POR,2000-11-22,8:00p,@,Milwaukee Bucks,W,,93,84,9,5,W 3
2001,POR,2000-11-25,10:00p,,New Jersey Nets,W,,86,84,10,5,W 4
2001,POR,2000-11-28,10:00p,,Seattle SuperSonics,L,,93,105,10,6,L 1
2001,POR,2000-11-30,10:00p,,Dallas Mavericks,W,,95,84,11,6,W 1
2001,POR,2000-12-02,8:30p,@,Houston Rockets,W,,96,85,12,6,W 2
2001,POR,2000-12-03,8:00p,@,Phoenix Suns,L,,79,84,12,7,L 1
2001,POR,2000-12-06,10:00p,,Toronto Raptors,W,,95,88,13,7,W 1
2001,POR,2000-12-08,10:00p,,Philadelphia 76ers,L,,94,107,13,8,L 1
2001,POR,2000-12-09,10:00p,,Detroit Pistons,W,,114,83,14,8,W 1
2001,POR,2000-12-12,10:30p,@,Golden State Warriors,W,,101,93,15,8,W 2
2001,POR,2000-12-13,10:30p,,Los Angeles Lakers,W,,96,86,16,8,W 3
2001,POR,2000-12-15,10:00p,,Orlando Magic,W,,106,96,17,8,W 4
2001,POR,2000-12-20,8:00p,@,Dallas Mavericks,L,,101,106,17,9,L 1
2001,POR,2000-12-22,9:00p,@,Denver Nuggets,L,,96,116,17,10,L 2
2001,POR,2000-12-23,10:00p,,Washington Wizards,W,,87,70,18,10,W 1
2001,POR,2000-12-25,5:30p,@,Los Angeles Lakers,W,,109,104,19,10,W 2
2001,POR,2000-12-28,8:00p,@,Utah Jazz,W,OT,103,102,20,10,W 3
2001,POR,2000-12-29,10:00p,,Vancouver Grizzlies,W,,104,81,21,10,W 4
2001,POR,2001-01-01,10:00p,,Charlotte Hornets,W,,89,67,22,10,W 5
2001,POR,2001-01-03,10:00p,,Indiana Pacers,W,,102,86,23,10,W 6
2001,POR,2001-01-05,10:00p,,Milwaukee Bucks,W,,119,115,24,10,W 7
2001,POR,2001-01-08,7:00p,@,Boston Celtics,W,,98,90,25,10,W 8
2001,POR,2001-01-10,8:00p,@,Philadelphia 76ers,W,,93,75,26,10,W 9
2001,POR,2001-01-11,7:30p,@,Charlotte Hornets,W,,83,70,27,10,W 10
2001,POR,2001-01-13,5:30p,@,New York Knicks,L,,78,91,27,11,L 1
2001,POR,2001-01-14,7:00p,@,Detroit Pistons,W,,103,96,28,11,W 1
2001,POR,2001-01-16,10:00p,,Cleveland Cavaliers,W,,103,83,29,11,W 2
2001,POR,2001-01-18,8:00p,,Miami Heat,W,,85,74,30,11,W 3
2001,POR,2001-01-20,5:30p,,Sacramento Kings,L,,101,111,30,12,L 1
2001,POR,2001-01-22,7:30p,@,Cleveland Cavaliers,L,,58,84,30,13,L 2
2001,POR,2001-01-23,8:30p,@,Chicago Bulls,W,,104,100,31,13,W 1
2001,POR,2001-01-25,8:00p,@,Indiana Pacers,W,,92,82,32,13,W 2
2001,POR,2001-01-27,5:30p,@,Minnesota Timberwolves,L,,80,93,32,14,L 1
2001,POR,2001-01-30,10:00p,,Chicago Bulls,W,,92,81,33,14,W 1
2001,POR,2001-02-01,10:00p,,Phoenix Suns,W,,100,92,34,14,W 2
2001,POR,2001-02-03,10:30p,@,Los Angeles Clippers,L,,89,90,34,15,L 1
2001,POR,2001-02-07,10:00p,,Seattle SuperSonics,W,,97,80,35,15,W 1
2001,POR,2001-02-13,10:00p,,Minnesota Timberwolves,W,,109,88,36,15,W 2
2001,POR,2001-02-15,10:00p,,Sacramento Kings,W,,105,81,37,15,W 3
2001,POR,2001-02-17,10:00p,,Boston Celtics,L,,81,85,37,16,L 1
2001,POR,2001-02-20,10:00p,,Denver Nuggets,W,,104,94,38,16,W 1
2001,POR,2001-02-22,8:00p,,Utah Jazz,L,,84,90,38,17,L 1
2001,POR,2001-02-24,10:30p,@,Los Angeles Clippers,L,2OT,120,123,38,18,L 2
2001,POR,2001-02-26,8:30p,@,Houston Rockets,W,,95,89,39,18,W 1
2001,POR,2001-02-27,8:30p,@,San Antonio Spurs,W,,95,87,40,18,W 2
2001,POR,2001-03-01,10:00p,,Los Angeles Clippers,W,,94,81,41,18,W 3
2001,POR,2001-03-03,10:00p,,Golden State Warriors,W,,122,91,42,18,W 4
2001,POR,2001-03-06,10:00p,,Vancouver Grizzlies,L,,97,105,42,19,L 1
2001,POR,2001-03-08,8:00p,,San Antonio Spurs,L,,79,93,42,20,L 2
2001,POR,2001-03-09,10:00p,@,Vancouver Grizzlies,L,,85,95,42,21,L 3
2001,POR,2001-03-13,10:00p,@,Seattle SuperSonics,L,,90,99,42,22,L 4
2001,POR,2001-03-14,10:00p,,Phoenix Suns,L,,79,84,42,23,L 5
2001,POR,2001-03-16,10:00p,,Utah Jazz,W,,90,87,43,23,W 1
2001,POR,2001-03-19,8:30p,@,San Antonio Spurs,L,,85,98,43,24,L 1
2001,POR,2001-03-20,8:30p,@,Dallas Mavericks,W,,96,88,44,24,W 1
2001,POR,2001-03-22,9:00p,@,Utah Jazz,W,,101,99,45,24,W 2
2001,POR,2001-03-26,10:00p,,Los Angeles Clippers,W,,104,96,46,24,W 3
2001,POR,2001-03-28,10:00p,,Dallas Mavericks,L,,84,94,46,25,L 1
2001,POR,2001-03-30,10:00p,,New York Knicks,W,,96,79,47,25,W 1
2001,POR,2001-04-01,3:00p,,Minnesota Timberwolves,L,,95,99,47,26,L 1
2001,POR,2001-04-03,9:00p,@,Denver Nuggets,L,,92,94,47,27,L 2
2001,POR,2001-04-04,8:00p,@,Minnesota Timberwolves,L,,79,83,47,28,L 3
2001,POR,2001-04-06,10:30p,@,Golden State Warriors,W,,122,91,48,28,W 1
2001,POR,2001-04-08,3:00p,@,Sacramento Kings,L,,89,98,48,29,L 1
2001,POR,2001-04-10,10:00p,,Golden State Warriors,W,,116,88,49,29,W 1
2001,POR,2001-04-12,10:00p,@,Vancouver Grizzlies,W,,100,87,50,29,W 2
2001,POR,2001-04-13,10:00p,,Houston Rockets,L,,103,109,50,30,L 1
2001,POR,2001-04-15,5:30p,@,Los Angeles Lakers,L,,100,105,50,31,L 2
2001,POR,2001-04-17,9:00p,,San Antonio Spurs,L,,93,99,50,32,L 3
2001,POR,2001-04-22,5:30p,@,Los Angeles Lakers,L,,93,106,0,1,L 1
2001,POR,2001-04-26,10:30p,@,Los Angeles Lakers,L,,88,106,0,2,L 2
2001,POR,2001-04-29,5:30p,,Los Angeles Lakers,L,,86,99,0,3,L 3
2001,SAC,2000-10-31,8:30p,@,Chicago Bulls,W,,100,81,1,0,W 1
2001,SAC,2000-11-01,7:30p,@,Cleveland Cavaliers,L,2OT,100,102,1,1,L 1
2001,SAC,2000-11-03,8:00p,@,Detroit Pistons,W,,100,93,2,1,W 1
2001,SAC,2000-11-04,8:00p,@,Minnesota Timberwolves,L,,91,99,2,2,L 1
2001,SAC,2000-11-06,10:30p,,Portland Trail Blazers,W,,79,75,3,2,W 1
2001,SAC,2000-11-08,10:30p,,Golden State Warriors,W,,115,84,4,2,W 2
2001,SAC,2000-11-10,10:30p,@,Golden State Warriors,W,OT,114,107,5,2,W 3
2001,SAC,2000-11-12,9:00p,,Dallas Mavericks,W,,109,84,6,2,W 4
2001,SAC,2000-11-14,8:00p,,Orlando Magic,W,,96,82,7,2,W 5
2001,SAC,2000-11-16,8:00p,,Los Angeles Lakers,L,OT,110,112,7,3,L 1
2001,SAC,2000-11-22,10:30p,,Chicago Bulls,W,,100,71,8,3,W 1
2001,SAC,2000-11-25,10:30p,,Seattle SuperSonics,W,,125,101,9,3,W 2
2001,SAC,2000-11-28,8:30p,@,Houston Rockets,W,,88,81,10,3,W 3
2001,SAC,2000-11-29,8:30p,@,San Antonio Spurs,L,,79,82,10,4,L 1
2001,SAC,2000-12-01,10:30p,,Phoenix Suns,W,,105,98,11,4,W 1
2001,SAC,2000-12-05,8:00p,,San Antonio Spurs,W,,81,75,12,4,W 2
2001,SAC,2000-12-08,10:30p,,Houston Rockets,W,,111,98,13,4,W 3
2001,SAC,2000-12-10,9:00p,,Miami Heat,W,,101,97,14,4,W 4
2001,SAC,2000-12-12,8:00p,@,Atlanta Hawks,L,,99,107,14,5,L 1
2001,SAC,2000-12-13,7:30p,@,Charlotte Hornets,L,,90,101,14,6,L 2
2001,SAC,2000-12-15,7:30p,@,Boston Celtics,W,,104,81,15,6,W 1
2001,SAC,2000-12-17,7:30p,@,New Jersey Nets,W,,95,79,16,6,W 2
2001,SAC,2000-12-19,10:30p,,Washington Wizards,W,,106,72,17,6,W 3
2001,SAC,2000-12-20,10:00p,@,Seattle SuperSonics,L,,85,89,17,7,L 1
2001,SAC,2000-12-22,10:00p,@,Vancouver Grizzlies,W,,95,93,18,7,W 1
2001,SAC,2000-12-23,10:30p,,Seattle SuperSonics,W,,97,92,19,7,W 2
2001,SAC,2000-12-28,10:30p,,Charlotte Hornets,W,,91,87,20,7,W 3
2001,SAC,2000-12-30,7:30p,,Philadelphia 76ers,L,OT,104,107,20,8,L 1
2001,SAC,2001-01-02,10:30p,,Phoenix Suns,W,OT,121,117,21,8,W 1
2001,SAC,2001-01-05,10:30p,,Indiana Pacers,L,OT,91,93,21,9,L 1
2001,SAC,2001-01-08,10:30p,,Minnesota Timberwolves,W,,100,97,22,9,W 1
2001,SAC,2001-01-10,10:30p,,Cleveland Cavaliers,W,,108,103,23,9,W 2
2001,SAC,2001-01-12,9:00p,@,Denver Nuggets,L,,93,106,23,10,L 1
2001,SAC,2001-01-13,8:30p,@,Houston Rockets,W,,84,81,24,10,W 1
2001,SAC,2001-01-15,3:00p,@,Dallas Mavericks,W,,116,105,25,10,W 2
2001,SAC,2001-01-17,10:30p,,Boston Celtics,W,,111,106,26,10,W 3
2001,SAC,2001-01-20,5:30p,@,Portland Trail Blazers,W,,111,101,27,10,W 4
2001,SAC,2001-01-21,9:00p,@,Seattle SuperSonics,L,,107,109,27,11,L 1
2001,SAC,2001-01-23,10:30p,,New Jersey Nets,W,,130,104,28,11,W 1
2001,SAC,2001-01-25,10:30p,,San Antonio Spurs,L,,91,97,28,12,L 1
2001,SAC,2001-01-27,10:30p,@,Los Angeles Clippers,W,,101,89,29,12,W 1
2001,SAC,2001-01-30,10:30p,,Golden State Warriors,W,,105,79,30,12,W 2
2001,SAC,2001-02-02,10:30p,,Vancouver Grizzlies,W,,105,95,31,12,W 3
2001,SAC,2001-02-04,3:30p,@,Los Angeles Lakers,L,,94,100,31,13,L 1
2001,SAC,2001-02-06,8:00p,@,Milwaukee Bucks,L,,109,112,31,14,L 2
2001,SAC,2001-02-07,8:00p,@,Minnesota Timberwolves,L,,88,117,31,15,L 3
2001,SAC,2001-02-13,8:00p,@,Utah Jazz,W,OT,97,94,32,15,W 1
2001,SAC,2001-02-15,10:00p,@,Portland Trail Blazers,L,,81,105,32,16,L 1
2001,SAC,2001-02-16,10:30p,,Denver Nuggets,W,,117,84,33,16,W 1
2001,SAC,2001-02-18,3:00p,,Utah Jazz,L,,90,94,33,17,L 1
2001,SAC,2001-02-20,10:30p,,Atlanta Hawks,W,,94,80,34,17,W 1
2001,SAC,2001-02-22,7:00p,@,Washington Wizards,W,,115,110,35,17,W 2
2001,SAC,2001-02-23,7:00p,@,Toronto Raptors,W,3OT,119,118,36,17,W 3
2001,SAC,2001-02-25,12:30p,@,New York Knicks,L,,86,88,36,18,L 1
2001,SAC,2001-02-27,10:30p,,Los Angeles Clippers,W,OT,106,93,37,18,W 1
2001,SAC,2001-02-28,10:30p,@,Golden State Warriors,W,,122,101,38,18,W 2
2001,SAC,2001-03-02,10:30p,@,Los Angeles Clippers,L,,81,88,38,19,L 1
2001,SAC,2001-03-06,9:00p,,Toronto Raptors,W,,98,91,39,19,W 1
2001,SAC,2001-03-07,8:00p,@,Phoenix Suns,W,,100,89,40,19,W 2
2001,SAC,2001-03-09,10:30p,,Denver Nuggets,W,,110,104,41,19,W 3
2001,SAC,2001-03-11,5:30p,,Utah Jazz,W,,105,90,42,19,W 4
2001,SAC,2001-03-13,8:00p,@,Orlando Magic,W,OT,114,108,43,19,W 5
2001,SAC,2001-03-14,7:30p,@,Miami Heat,L,,104,114,43,20,L 1
2001,SAC,2001-03-16,7:00p,@,Philadelphia 76ers,W,,100,79,44,20,W 1
2001,SAC,2001-03-18,3:00p,@,Indiana Pacers,L,,95,101,44,21,L 1
2001,SAC,2001-03-20,10:30p,,Houston Rockets,W,,125,109,45,21,W 1
2001,SAC,2001-03-22,10:30p,,Detroit Pistons,W,,103,98,46,21,W 2
2001,SAC,2001-03-25,6:30p,,Los Angeles Lakers,L,,72,84,46,22,L 1
2001,SAC,2001-03-27,10:30p,,New York Knicks,W,OT,124,117,47,22,W 1
2001,SAC,2001-03-28,10:30p,@,Los Angeles Lakers,W,,108,84,48,22,W 2
2001,SAC,2001-03-30,10:30p,,Minnesota Timberwolves,W,,110,98,49,22,W 3
2001,SAC,2001-04-01,9:00p,,Dallas Mavericks,L,,107,119,49,23,L 1
2001,SAC,2001-04-03,10:30p,,Milwaukee Bucks,L,,101,107,49,24,L 2
2001,SAC,2001-04-05,8:00p,@,Utah Jazz,W,,92,86,50,24,W 1
2001,SAC,2001-04-06,10:00p,@,Vancouver Grizzlies,W,,118,90,51,24,W 2
2001,SAC,2001-04-08,3:00p,,Portland Trail Blazers,W,,98,89,52,24,W 3
2001,SAC,2001-04-10,10:30p,,Los Angeles Clippers,W,OT,116,109,53,24,W 4
2001,SAC,2001-04-12,8:30p,@,San Antonio Spurs,W,OT,107,105,54,24,W 5
2001,SAC,2001-04-13,8:30p,@,Dallas Mavericks,L,,97,101,54,25,L 1
2001,SAC,2001-04-15,10:00p,@,Phoenix Suns,L,,86,88,54,26,L 2
2001,SAC,2001-04-16,10:30p,,Vancouver Grizzlies,W,,110,100,55,26,W 1
2001,SAC,2001-04-18,9:00p,@,Denver Nuggets,L,,100,110,55,27,L 1
2001,SAC,2001-04-22,3:00p,,Phoenix Suns,L,,83,86,0,1,L 1
2001,SAC,2001-04-25,10:30p,,Phoenix Suns,W,,116,90,1,1,W 1
2001,SAC,2001-04-29,3:00p,@,Phoenix Suns,W,,104,96,2,1,W 2
2001,SAC,2001-05-02,10:30p,@,Phoenix Suns,W,,89,82,3,1,W 3
2001,SAC,2001-05-06,3:00p,@,Los Angeles Lakers,L,,105,108,3,2,L 1
2001,SAC,2001-05-08,10:30p,@,Los Angeles Lakers,L,,90,96,3,3,L 2
2001,SAC,2001-05-11,10:30p,,Los Angeles Lakers,L,,81,103,3,4,L 3
2001,SAC,2001-05-13,5:30p,,Los Angeles Lakers,L,,113,119,3,5,L 4
2001,SAS,2000-10-31,8:30p,,Indiana Pacers,W,,98,85,1,0,W 1
2001,SAS,2000-11-02,8:00p,,Minnesota Timberwolves,W,,103,91,2,0,W 2
2001,SAS,2000-11-04,10:30p,@,Golden State Warriors,W,,117,105,3,0,W 3
2001,SAS,2000-11-07,9:00p,@,Phoenix Suns,L,,81,100,3,1,L 1
2001,SAS,2000-11-08,8:00p,,Los Angeles Lakers,W,,91,81,4,1,W 1
2001,SAS,2000-11-10,8:00p,@,Dallas Mavericks,L,,77,79,4,2,L 1
2001,SAS,2000-11-11,8:30p,,Vancouver Grizzlies,W,,91,78,5,2,W 1
2001,SAS,2000-11-14,8:30p,,Utah Jazz,W,,86,79,6,2,W 2
2001,SAS,2000-11-16,7:00p,@,Washington Wizards,W,,99,95,7,2,W 3
2001,SAS,2000-11-17,8:00p,@,Minnesota Timberwolves,L,OT,94,99,7,3,L 1
2001,SAS,2000-11-22,8:30p,,Seattle SuperSonics,W,,112,85,8,3,W 1
2001,SAS,2000-11-24,9:00p,@,Denver Nuggets,L,,92,102,8,4,L 1
2001,SAS,2000-11-25,8:30p,,Philadelphia 76ers,W,,96,76,9,4,W 1
2001,SAS,2000-11-29,8:30p,,Sacramento Kings,W,,82,79,10,4,W 2
2001,SAS,2000-12-01,10:30p,@,Los Angeles Lakers,L,,100,109,10,5,L 1
2001,SAS,2000-12-03,3:30p,@,Vancouver Grizzlies,W,,97,79,11,5,W 1
2001,SAS,2000-12-05,8:00p,@,Sacramento Kings,L,,75,81,11,6,L 1
2001,SAS,2000-12-07,8:00p,,New York Knicks,L,,83,86,11,7,L 2
2001,SAS,2000-12-09,8:30p,,Chicago Bulls,W,,105,81,12,7,W 1
2001,SAS,2000-12-11,9:00p,@,Utah Jazz,W,,91,83,13,7,W 2
2001,SAS,2000-12-13,8:00p,@,Phoenix Suns,L,,93,103,13,8,L 1
2001,SAS,2000-12-14,8:30p,,Denver Nuggets,L,,96,102,13,9,L 2
2001,SAS,2000-12-16,8:30p,,Phoenix Suns,W,,90,82,14,9,W 1
2001,SAS,2000-12-19,8:30p,@,Houston Rockets,W,,86,79,15,9,W 2
2001,SAS,2000-12-20,8:30p,,Cleveland Cavaliers,W,,94,77,16,9,W 3
2001,SAS,2000-12-22,8:30p,,Golden State Warriors,W,,105,87,17,9,W 4
2001,SAS,2000-12-23,7:30p,@,Charlotte Hornets,L,OT,84,88,17,10,L 1
2001,SAS,2000-12-26,8:00p,,Houston Rockets,W,,103,95,18,10,W 1
2001,SAS,2000-12-28,8:30p,@,Chicago Bulls,L,,104,105,18,11,L 1
2001,SAS,2000-12-30,7:30p,@,Indiana Pacers,W,,89,77,19,11,W 1
2001,SAS,2001-01-02,8:30p,,Miami Heat,W,,80,72,20,11,W 2
2001,SAS,2001-01-06,8:30p,,Detroit Pistons,W,,108,101,21,11,W 3
2001,SAS,2001-01-09,8:00p,@,Orlando Magic,W,,112,95,22,11,W 4
2001,SAS,2001-01-12,8:00p,@,Detroit Pistons,W,,111,90,23,11,W 5
2001,SAS,2001-01-13,8:00p,@,Philadelphia 76ers,L,,83,100,23,12,L 1
2001,SAS,2001-01-15,1:00p,@,New York Knicks,L,,82,104,23,13,L 2
2001,SAS,2001-01-17,8:30p,,Toronto Raptors,L,,91,98,23,14,L 3
2001,SAS,2001-01-20,8:00p,,Orlando Magic,L,OT,109,112,23,15,L 4
2001,SAS,2001-01-23,8:30p,,Vancouver Grizzlies,W,,110,77,24,15,W 1
2001,SAS,2001-01-25,10:30p,@,Sacramento Kings,W,,97,91,25,15,W 2
2001,SAS,2001-01-27,3:00p,@,Utah Jazz,W,,99,86,26,15,W 3
2001,SAS,2001-01-29,10:30p,@,Los Angeles Clippers,W,,96,67,27,15,W 4
2001,SAS,2001-01-31,8:30p,,Los Angeles Clippers,W,,92,70,28,15,W 5
2001,SAS,2001-02-03,8:30p,,Houston Rockets,W,,90,88,29,15,W 6
2001,SAS,2001-02-05,8:30p,,Golden State Warriors,W,,109,85,30,15,W 7
2001,SAS,2001-02-07,7:30p,@,Cleveland Cavaliers,W,,107,89,31,15,W 8
2001,SAS,2001-02-08,8:00p,@,New Jersey Nets,L,,97,99,31,16,L 1
2001,SAS,2001-02-13,8:30p,,Dallas Mavericks,W,,104,92,32,16,W 1
2001,SAS,2001-02-15,8:30p,,Washington Wizards,W,,102,78,33,16,W 2
2001,SAS,2001-02-16,8:00p,@,Minnesota Timberwolves,W,,91,85,34,16,W 3
2001,SAS,2001-02-18,12:30p,@,Toronto Raptors,W,,92,74,35,16,W 4
2001,SAS,2001-02-19,8:00p,@,Milwaukee Bucks,L,,98,102,35,17,L 1
2001,SAS,2001-02-21,8:00p,,Los Angeles Lakers,L,,99,101,35,18,L 2
2001,SAS,2001-02-23,8:30p,,Boston Celtics,W,,100,82,36,18,W 1
2001,SAS,2001-02-24,8:30p,@,Dallas Mavericks,W,,107,104,37,18,W 2
2001,SAS,2001-02-27,8:30p,,Portland Trail Blazers,L,,87,95,37,19,L 1
2001,SAS,2001-03-01,8:00p,,Phoenix Suns,W,,91,71,38,19,W 1
2001,SAS,2001-03-03,8:30p,,Atlanta Hawks,W,,124,95,39,19,W 2
2001,SAS,2001-03-05,10:00p,@,Vancouver Grizzlies,W,,91,77,40,19,W 3
2001,SAS,2001-03-06,10:00p,@,Seattle SuperSonics,W,,101,73,41,19,W 4
2001,SAS,2001-03-08,8:00p,@,Portland Trail Blazers,W,,93,79,42,19,W 5
2001,SAS,2001-03-09,10:30p,@,Los Angeles Lakers,W,OT,93,89,43,19,W 6
2001,SAS,2001-03-12,8:30p,,Los Angeles Clippers,W,,99,81,44,19,W 7
2001,SAS,2001-03-14,8:00p,,Minnesota Timberwolves,W,OT,106,100,45,19,W 8
2001,SAS,2001-03-16,8:30p,,New Jersey Nets,W,,95,86,46,19,W 9
2001,SAS,2001-03-17,8:30p,@,Houston Rockets,L,,99,103,46,20,L 1
2001,SAS,2001-03-19,8:30p,,Portland Trail Blazers,W,,98,85,47,20,W 1
2001,SAS,2001-03-21,7:00p,@,Boston Celtics,W,,97,77,48,20,W 2
2001,SAS,2001-03-22,7:30p,@,Atlanta Hawks,W,,115,101,49,20,W 3
2001,SAS,2001-03-25,12:00p,@,Miami Heat,L,,83,88,49,21,L 1
2001,SAS,2001-03-27,8:30p,,Charlotte Hornets,W,,93,79,50,21,W 1
2001,SAS,2001-03-29,8:00p,,Utah Jazz,W,,106,88,51,21,W 2
2001,SAS,2001-03-31,8:30p,,Milwaukee Bucks,L,,77,86,51,22,L 1
2001,SAS,2001-04-03,8:30p,,Seattle SuperSonics,W,,107,89,52,22,W 1
2001,SAS,2001-04-05,9:00p,@,Denver Nuggets,W,,101,80,53,22,W 2
2001,SAS,2001-04-07,10:30p,@,Los Angeles Clippers,W,,93,83,54,22,W 3
2001,SAS,2001-04-08,9:00p,@,Golden State Warriors,W,,84,76,55,22,W 4
2001,SAS,2001-04-10,8:30p,,Dallas Mavericks,W,,91,79,56,22,W 5
2001,SAS,2001-04-12,8:30p,,Sacramento Kings,L,OT,105,107,56,23,L 1
2001,SAS,2001-04-14,8:30p,,Denver Nuggets,W,,111,95,57,23,W 1
2001,SAS,2001-04-17,9:00p,@,Portland Trail Blazers,W,,99,93,58,23,W 2
2001,SAS,2001-04-18,10:00p,@,Seattle SuperSonics,L,,67,105,58,24,L 1
2001,SAS,2001-04-21,5:30p,,Minnesota Timberwolves,W,,87,82,1,0,W 1
2001,SAS,2001-04-23,9:30p,,Minnesota Timberwolves,W,,86,69,2,0,W 2
2001,SAS,2001-04-28,5:30p,@,Minnesota Timberwolves,L,,84,93,2,1,L 1
2001,SAS,2001-04-30,8:00p,@,Minnesota Timberwolves,W,,97,84,3,1,W 1
2001,SAS,2001-05-05,6:30p,,Dallas Mavericks,W,,94,78,4,1,W 2
2001,SAS,2001-05-07,8:00p,,Dallas Mavericks,W,,100,86,5,1,W 3
2001,SAS,2001-05-09,9:30p,@,Dallas Mavericks,W,,104,90,6,1,W 4
2001,SAS,2001-05-12,3:30p,@,Dallas Mavericks,L,,108,112,6,2,L 1
2001,SAS,2001-05-14,8:00p,,Dallas Mavericks,W,,105,87,7,2,W 1
2001,SAS,2001-05-19,6:30p,,Los Angeles Lakers,L,,90,104,7,3,L 1
2001,SAS,2001-05-21,8:30p,,Los Angeles Lakers,L,,81,88,7,4,L 2
2001,SAS,2001-05-25,9:00p,@,Los Angeles Lakers,L,,72,111,7,5,L 3
2001,SAS,2001-05-27,5:30p,@,Los Angeles Lakers,L,,82,111,7,6,L 4
2001,SEA,2000-10-31,10:30p,@,Vancouver Grizzlies,L,,88,94,0,1,L 1
2001,SEA,2000-11-01,10:00p,,Denver Nuggets,W,,112,99,1,1,W 1
2001,SEA,2000-11-04,10:00p,,Portland Trail Blazers,L,,90,97,1,2,L 1
2001,SEA,2000-11-06,7:30p,@,Orlando Magic,L,,99,110,1,3,L 2
2001,SEA,2000-11-08,7:30p,@,Miami Heat,L,,81,87,1,4,L 3
2001,SEA,2000-11-09,7:30p,@,Charlotte Hornets,W,,102,94,2,4,W 1
2001,SEA,2000-11-11,1:00p,@,New Jersey Nets,L,,91,126,2,5,L 1
2001,SEA,2000-11-12,6:00p,@,Detroit Pistons,L,,92,101,2,6,L 2
2001,SEA,2000-11-14,10:30p,,New York Knicks,W,,96,75,3,6,W 1
2001,SEA,2000-11-17,10:00p,,Dallas Mavericks,L,,95,99,3,7,L 1
2001,SEA,2000-11-18,10:30p,@,Los Angeles Clippers,W,,86,83,4,7,W 1
2001,SEA,2000-11-21,8:00p,@,Dallas Mavericks,W,,116,110,5,7,W 2
2001,SEA,2000-11-22,8:30p,@,San Antonio Spurs,L,,85,112,5,8,L 1
2001,SEA,2000-11-24,10:00p,,Los Angeles Clippers,W,,98,81,6,8,W 1
2001,SEA,2000-11-25,10:30p,@,Sacramento Kings,L,,101,125,6,9,L 1
2001,SEA,2000-11-28,10:00p,@,Portland Trail Blazers,W,,105,93,7,9,W 1
2001,SEA,2000-11-30,10:00p,,Los Angeles Lakers,W,,121,88,8,9,W 2
2001,SEA,2000-12-02,9:00p,@,Denver Nuggets,L,,92,103,8,10,L 1
2001,SEA,2000-12-03,9:00p,,Golden State Warriors,W,,118,102,9,10,W 1
2001,SEA,2000-12-06,10:00p,,Detroit Pistons,L,,99,112,9,11,L 1
2001,SEA,2000-12-08,10:30p,@,Los Angeles Lakers,W,,103,95,10,11,W 1
2001,SEA,2000-12-09,10:00p,,Houston Rockets,L,,104,111,10,12,L 1
2001,SEA,2000-12-12,10:00p,,Orlando Magic,W,,97,92,11,12,W 1
2001,SEA,2000-12-13,10:00p,@,Vancouver Grizzlies,W,,94,93,12,12,W 2
2001,SEA,2000-12-15,10:00p,,Miami Heat,W,,99,81,13,12,W 3
2001,SEA,2000-12-20,10:00p,,Sacramento Kings,W,,89,85,14,12,W 4
2001,SEA,2000-12-22,10:00p,,Washington Wizards,W,,107,87,15,12,W 5
2001,SEA,2000-12-23,10:30p,@,Sacramento Kings,L,,92,97,15,13,L 1
2001,SEA,2000-12-26,8:00p,@,Dallas Mavericks,L,,93,114,15,14,L 2
2001,SEA,2000-12-27,8:30p,@,Houston Rockets,W,,107,92,16,14,W 1
2001,SEA,2000-12-30,3:30p,,Charlotte Hornets,W,,104,102,17,14,W 2
2001,SEA,2001-01-02,10:00p,,Indiana Pacers,L,,83,91,17,15,L 1
2001,SEA,2001-01-04,8:00p,@,Minnesota Timberwolves,L,,92,105,17,16,L 2
2001,SEA,2001-01-05,7:00p,@,Philadelphia 76ers,L,,89,121,17,17,L 3
2001,SEA,2001-01-07,1:00p,@,Toronto Raptors,L,,92,94,17,18,L 4
2001,SEA,2001-01-09,7:30p,@,Atlanta Hawks,W,,95,86,18,18,W 1
2001,SEA,2001-01-10,7:00p,@,Washington Wizards,W,,104,101,19,18,W 2
2001,SEA,2001-01-12,10:00p,,Vancouver Grizzlies,W,,115,102,20,18,W 3
2001,SEA,2001-01-14,8:00p,@,Phoenix Suns,W,,106,87,21,18,W 4
2001,SEA,2001-01-15,9:00p,@,Denver Nuggets,L,,111,122,21,19,L 1
2001,SEA,2001-01-17,10:30p,,Phoenix Suns,L,,80,89,21,20,L 2
2001,SEA,2001-01-19,10:00p,,Minnesota Timberwolves,L,,93,98,21,21,L 3
2001,SEA,2001-01-21,9:00p,,Sacramento Kings,W,,109,107,22,21,W 1
2001,SEA,2001-01-23,8:00p,,Los Angeles Lakers,W,,91,80,23,21,W 2
2001,SEA,2001-01-24,10:30p,@,Los Angeles Clippers,W,OT,114,110,24,21,W 3
2001,SEA,2001-01-26,10:30p,@,Golden State Warriors,W,,107,105,25,21,W 4
2001,SEA,2001-01-27,10:00p,,New Jersey Nets,W,,106,97,26,21,W 5
2001,SEA,2001-01-30,10:00p,,Utah Jazz,L,,88,102,26,22,L 1
2001,SEA,2001-02-01,10:00p,,Chicago Bulls,W,,97,91,27,22,W 1
2001,SEA,2001-02-03,9:00p,@,Utah Jazz,L,,91,111,27,23,L 1
2001,SEA,2001-02-05,10:00p,,Vancouver Grizzlies,W,,95,82,28,23,W 1
2001,SEA,2001-02-07,10:00p,@,Portland Trail Blazers,L,,80,97,28,24,L 1
2001,SEA,2001-02-15,10:00p,,Boston Celtics,L,,88,108,28,25,L 2
2001,SEA,2001-02-17,10:00p,,Atlanta Hawks,L,,94,101,28,26,L 3
2001,SEA,2001-02-21,10:00p,,Denver Nuggets,W,,127,98,29,26,W 1
2001,SEA,2001-02-23,10:00p,,Utah Jazz,L,,84,96,29,27,L 1
2001,SEA,2001-02-26,7:00p,@,Boston Celtics,L,,82,85,29,28,L 2
2001,SEA,2001-02-27,8:00p,@,New York Knicks,L,,92,101,29,29,L 3
2001,SEA,2001-03-01,7:30p,@,Cleveland Cavaliers,W,OT,101,99,30,29,W 1
2001,SEA,2001-03-02,7:00p,@,Indiana Pacers,W,,86,83,31,29,W 2
2001,SEA,2001-03-04,3:30p,@,Minnesota Timberwolves,L,OT,111,119,31,30,L 1
2001,SEA,2001-03-06,10:00p,,San Antonio Spurs,L,,73,101,31,31,L 2
2001,SEA,2001-03-07,9:00p,@,Utah Jazz,L,,82,86,31,32,L 3
2001,SEA,2001-03-09,10:00p,,Toronto Raptors,L,,99,110,31,33,L 4
2001,SEA,2001-03-11,9:30p,@,Los Angeles Lakers,W,OT,109,97,32,33,W 1
2001,SEA,2001-03-13,10:00p,,Portland Trail Blazers,W,,99,90,33,33,W 2
2001,SEA,2001-03-15,8:00p,@,Milwaukee Bucks,W,,108,102,34,33,W 3
2001,SEA,2001-03-16,8:30p,@,Chicago Bulls,W,,90,80,35,33,W 4
2001,SEA,2001-03-18,9:00p,@,Golden State Warriors,W,,104,99,36,33,W 5
2001,SEA,2001-03-19,10:00p,,Philadelphia 76ers,W,,93,89,37,33,W 6
2001,SEA,2001-03-22,10:00p,,Phoenix Suns,L,,88,91,37,34,L 1
2001,SEA,2001-03-24,10:00p,,Houston Rockets,W,,93,90,38,34,W 1
2001,SEA,2001-03-26,10:00p,,Cleveland Cavaliers,W,,104,86,39,34,W 2
2001,SEA,2001-03-28,10:00p,,Minnesota Timberwolves,W,,94,93,40,34,W 3
2001,SEA,2001-03-30,10:00p,,Los Angeles Clippers,W,,94,84,41,34,W 4
2001,SEA,2001-04-03,8:30p,@,San Antonio Spurs,L,,89,107,41,35,L 1
2001,SEA,2001-04-05,8:30p,@,Houston Rockets,L,,88,91,41,36,L 2
2001,SEA,2001-04-08,9:00p,,Milwaukee Bucks,W,,101,88,42,36,W 1
2001,SEA,2001-04-11,10:00p,,Golden State Warriors,W,,107,101,43,36,W 2
2001,SEA,2001-04-13,10:00p,@,Phoenix Suns,L,,100,109,43,37,L 1
2001,SEA,2001-04-15,9:00p,,Dallas Mavericks,L,OT,99,107,43,38,L 2
2001,SEA,2001-04-18,10:00p,,San Antonio Spurs,W,,105,67,44,38,W 1
2001,TOR,2000-10-31,8:00p,,Detroit Pistons,L,,95,104,0,1,L 1
2001,TOR,2000-11-01,7:00p,@,Philadelphia 76ers,L,,98,104,0,2,L 2
2001,TOR,2000-11-03,7:30p,@,Boston Celtics,L,,91,93,0,3,L 3
2001,TOR,2000-11-04,7:00p,,Washington Wizards,W,,103,96,1,3,W 1
2001,TOR,2000-11-07,7:00p,,Boston Celtics,W,,105,75,2,3,W 2
2001,TOR,2000-11-10,7:00p,,Cleveland Cavaliers,W,,115,88,3,3,W 3
2001,TOR,2000-11-11,8:30p,@,Chicago Bulls,W,,98,75,4,3,W 4
2001,TOR,2000-11-16,7:00p,,Portland Trail Blazers,L,,80,86,4,4,L 1
2001,TOR,2000-11-18,7:00p,,Milwaukee Bucks,W,,111,102,5,4,W 1
2001,TOR,2000-11-20,7:00p,,Charlotte Hornets,L,,64,100,5,5,L 1
2001,TOR,2000-11-23,8:00p,@,Indiana Pacers,W,,111,91,6,5,W 1
2001,TOR,2000-11-25,1:00p,@,New York Knicks,W,,79,75,7,5,W 2
2001,TOR,2000-11-26,3:00p,,Chicago Bulls,W,,101,89,8,5,W 3
2001,TOR,2000-11-28,8:00p,@,Dallas Mavericks,L,,93,107,8,6,L 1
2001,TOR,2000-11-29,7:30p,@,Charlotte Hornets,L,,79,103,8,7,L 2
2001,TOR,2000-12-01,7:00p,,Los Angeles Clippers,W,OT,104,95,9,7,W 1
2001,TOR,2000-12-05,9:00p,@,Utah Jazz,L,,84,98,9,8,L 1
2001,TOR,2000-12-06,10:00p,@,Portland Trail Blazers,L,,88,95,9,9,L 2
2001,TOR,2000-12-08,10:30p,@,Golden State Warriors,W,,108,92,10,9,W 1
2001,TOR,2000-12-10,3:30p,,Phoenix Suns,L,,87,95,10,10,L 1
2001,TOR,2000-12-12,7:00p,,Indiana Pacers,W,,104,90,11,10,W 1
2001,TOR,2000-12-14,8:00p,,New York Knicks,W,,70,68,12,10,W 2
2001,TOR,2000-12-15,8:30p,@,Milwaukee Bucks,L,,97,104,12,11,L 1
2001,TOR,2000-12-17,1:00p,,Los Angeles Lakers,L,OT,101,104,12,12,L 2
2001,TOR,2000-12-19,7:00p,,Utah Jazz,W,,103,95,13,12,W 1
2001,TOR,2000-12-20,7:00p,@,Indiana Pacers,W,OT,99,98,14,12,W 2
2001,TOR,2000-12-22,7:00p,,Atlanta Hawks,L,,72,78,14,13,L 1
2001,TOR,2000-12-26,8:00p,@,Minnesota Timberwolves,L,,97,100,14,14,L 2
2001,TOR,2000-12-28,9:00p,@,Denver Nuggets,W,,94,93,15,14,W 1
2001,TOR,2000-12-30,9:00p,@,Phoenix Suns,L,,103,109,15,15,L 1
2001,TOR,2001-01-02,10:30p,@,Los Angeles Clippers,L,,97,110,15,16,L 2
2001,TOR,2001-01-05,7:00p,,Dallas Mavericks,L,,105,115,15,17,L 3
2001,TOR,2001-01-07,1:00p,,Seattle SuperSonics,W,,94,92,16,17,W 1
2001,TOR,2001-01-09,7:00p,,Houston Rockets,L,,91,110,16,18,L 1
2001,TOR,2001-01-10,7:30p,@,Detroit Pistons,W,,110,85,17,18,W 1
2001,TOR,2001-01-12,7:30p,@,Boston Celtics,W,,93,72,18,18,W 2
2001,TOR,2001-01-14,5:30p,,Charlotte Hornets,W,,107,99,19,18,W 3
2001,TOR,2001-01-16,8:00p,@,Houston Rockets,L,,99,114,19,19,L 1
2001,TOR,2001-01-17,8:30p,@,San Antonio Spurs,W,,98,91,20,19,W 1
2001,TOR,2001-01-19,7:00p,,Washington Wizards,W,,101,79,21,19,W 2
2001,TOR,2001-01-21,2:30p,@,Philadelphia 76ers,W,OT,110,106,22,19,W 3
2001,TOR,2001-01-23,7:30p,@,Orlando Magic,L,2OT,111,116,22,20,L 1
2001,TOR,2001-01-24,7:30p,@,Miami Heat,L,,83,103,22,21,L 2
2001,TOR,2001-01-27,5:30p,@,Chicago Bulls,W,,90,80,23,21,W 1
2001,TOR,2001-01-30,8:00p,,Philadelphia 76ers,W,,96,89,24,21,W 2
2001,TOR,2001-01-31,7:30p,@,Atlanta Hawks,L,,97,102,24,22,L 1
2001,TOR,2001-02-03,7:00p,,Minnesota Timberwolves,L,,105,108,24,23,L 2
2001,TOR,2001-02-05,7:00p,,Boston Celtics,W,,110,98,25,23,W 1
2001,TOR,2001-02-08,8:00p,,Denver Nuggets,W,,99,92,26,23,W 2
2001,TOR,2001-02-13,7:30p,@,Cleveland Cavaliers,W,,120,105,27,23,W 3
2001,TOR,2001-02-15,8:00p,,Miami Heat,L,OT,91,98,27,24,L 1
2001,TOR,2001-02-18,12:30p,,San Antonio Spurs,L,,74,92,27,25,L 2
2001,TOR,2001-02-20,6:00p,,Golden State Warriors,W,,113,102,28,25,W 1
2001,TOR,2001-02-21,7:30p,@,New Jersey Nets,L,,111,113,28,26,L 1
2001,TOR,2001-02-23,7:00p,,Sacramento Kings,L,3OT,118,119,28,27,L 2
2001,TOR,2001-02-24,7:00p,@,Washington Wizards,W,,106,99,29,27,W 1
2001,TOR,2001-02-27,7:00p,,Cleveland Cavaliers,W,,101,89,30,27,W 2
2001,TOR,2001-02-28,7:30p,@,Atlanta Hawks,W,,95,88,31,27,W 3
2001,TOR,2001-03-02,7:30p,,New Jersey Nets,W,,107,90,32,27,W 4
2001,TOR,2001-03-04,12:30p,,New York Knicks,W,,98,88,33,27,W 5
2001,TOR,2001-03-06,9:00p,@,Sacramento Kings,L,,91,98,33,28,L 1
2001,TOR,2001-03-07,10:30p,@,Los Angeles Lakers,L,,85,97,33,29,L 2
2001,TOR,2001-03-09,10:00p,@,Seattle SuperSonics,W,,110,99,34,29,W 1
2001,TOR,2001-03-11,3:30p,@,Vancouver Grizzlies,W,,101,84,35,29,W 2
2001,TOR,2001-03-13,7:00p,,Milwaukee Bucks,L,,97,101,35,30,L 1
2001,TOR,2001-03-15,7:30p,@,New York Knicks,L,,72,88,35,31,L 2
2001,TOR,2001-03-20,8:00p,,Indiana Pacers,W,,102,81,36,31,W 1
2001,TOR,2001-03-21,7:30p,@,Charlotte Hornets,L,,95,111,36,32,L 1
2001,TOR,2001-03-23,7:00p,,Atlanta Hawks,W,,112,86,37,32,W 1
2001,TOR,2001-03-25,12:00p,,Vancouver Grizzlies,W,,102,92,38,32,W 2
2001,TOR,2001-03-27,8:00p,@,Miami Heat,W,,101,92,39,32,W 3
2001,TOR,2001-03-30,7:00p,,New Jersey Nets,W,,110,99,40,32,W 4
2001,TOR,2001-04-01,5:30p,,Orlando Magic,L,,101,104,40,33,L 1
2001,TOR,2001-04-03,8:00p,,Philadelphia 76ers,W,,100,85,41,33,W 1
2001,TOR,2001-04-04,7:30p,@,Cleveland Cavaliers,W,,97,94,42,33,W 2
2001,TOR,2001-04-06,7:30p,@,Orlando Magic,W,,108,100,43,33,W 3
2001,TOR,2001-04-08,3:00p,,Chicago Bulls,W,,100,88,44,33,W 4
2001,TOR,2001-04-11,7:30p,@,Detroit Pistons,L,,87,99,44,34,L 1
2001,TOR,2001-04-13,8:00p,,Miami Heat,W,,94,82,45,34,W 1
2001,TOR,2001-04-14,8:30p,@,Milwaukee Bucks,L,,86,112,45,35,L 1
2001,TOR,2001-04-17,7:00p,,Detroit Pistons,W,OT,94,92,46,35,W 1
2001,TOR,2001-04-18,7:00p,@,Washington Wizards,W,,98,92,47,35,W 2
2001,TOR,2001-04-22,12:30p,@,New York Knicks,L,,85,92,0,1,L 1
2001,TOR,2001-04-26,8:00p,@,New York Knicks,W,,94,74,1,1,W 1
2001,TOR,2001-04-29,12:30p,,New York Knicks,L,,89,97,1,2,L 1
2001,TOR,2001-05-02,8:00p,,New York Knicks,W,,100,93,2,2,W 1
2001,TOR,2001-05-04,8:00p,@,New York Knicks,W,,93,89,3,2,W 2
2001,TOR,2001-05-06,5:30p,@,Philadelphia 76ers,W,,96,93,4,2,W 3
2001,TOR,2001-05-09,7:00p,@,Philadelphia 76ers,L,,92,97,4,3,L 1
2001,TOR,2001-05-11,8:00p,,Philadelphia 76ers,W,,102,78,5,3,W 1
2001,TOR,2001-05-13,3:00p,,Philadelphia 76ers,L,,79,84,5,4,L 1
2001,TOR,2001-05-16,8:00p,@,Philadelphia 76ers,L,,88,121,5,5,L 2
2001,TOR,2001-05-18,8:00p,,Philadelphia 76ers,W,,101,89,6,5,W 1
2001,TOR,2001-05-20,5:30p,@,Philadelphia 76ers,L,,87,88,6,6,L 1
2001,UTA,2000-10-31,9:00p,,Los Angeles Clippers,W,,107,94,1,0,W 1
2001,UTA,2000-11-01,10:30p,@,Los Angeles Lakers,W,,97,92,2,0,W 2
2001,UTA,2000-11-04,8:00p,@,Dallas Mavericks,W,,112,106,3,0,W 3
2001,UTA,2000-11-06,9:00p,,Minnesota Timberwolves,W,,98,92,4,0,W 4
2001,UTA,2000-11-08,10:30p,@,Los Angeles Clippers,W,OT,93,87,5,0,W 5
2001,UTA,2000-11-10,9:00p,,Miami Heat,L,,80,87,5,1,L 1
2001,UTA,2000-11-14,8:30p,@,San Antonio Spurs,L,,79,86,5,2,L 2
2001,UTA,2000-11-16,9:00p,,Orlando Magic,W,,99,84,6,2,W 1
2001,UTA,2000-11-18,9:00p,,Chicago Bulls,W,,109,64,7,2,W 2
2001,UTA,2000-11-20,9:00p,,Dallas Mavericks,L,,98,107,7,3,L 1
2001,UTA,2000-11-22,9:00p,,Denver Nuggets,W,,116,78,8,3,W 1
2001,UTA,2000-11-24,10:00p,,New Jersey Nets,W,,97,85,9,3,W 2
2001,UTA,2000-11-26,7:00p,@,Detroit Pistons,W,,94,79,10,3,W 3
2001,UTA,2000-11-28,7:30p,@,New Jersey Nets,W,,98,92,11,3,W 4
2001,UTA,2000-11-29,7:30p,@,Orlando Magic,W,,88,86,12,3,W 5
2001,UTA,2000-12-01,7:30p,@,Miami Heat,W,,94,92,13,3,W 6
2001,UTA,2000-12-02,7:30p,@,Charlotte Hornets,L,,89,94,13,4,L 1
2001,UTA,2000-12-05,9:00p,,Toronto Raptors,W,,98,84,14,4,W 1
2001,UTA,2000-12-07,9:00p,,Vancouver Grizzlies,W,,98,87,15,4,W 2
2001,UTA,2000-12-09,9:00p,,Golden State Warriors,W,,125,114,16,4,W 3
2001,UTA,2000-12-11,9:00p,,San Antonio Spurs,L,,83,91,16,5,L 1
2001,UTA,2000-12-13,9:00p,,Milwaukee Bucks,L,,102,111,16,6,L 2
2001,UTA,2000-12-15,7:30p,@,New York Knicks,W,,89,58,17,6,W 1
2001,UTA,2000-12-16,7:30p,@,Cleveland Cavaliers,L,,92,99,17,7,L 1
2001,UTA,2000-12-19,7:00p,@,Toronto Raptors,L,,95,103,17,8,L 2
2001,UTA,2000-12-20,8:00p,@,Philadelphia 76ers,W,,91,89,18,8,W 1
2001,UTA,2000-12-22,7:00p,@,Indiana Pacers,W,,109,101,19,8,W 2
2001,UTA,2000-12-23,8:00p,@,Minnesota Timberwolves,W,,98,92,20,8,W 3
2001,UTA,2000-12-26,9:00p,,Philadelphia 76ers,L,,91,97,20,9,L 1
2001,UTA,2000-12-28,8:00p,,Portland Trail Blazers,L,OT,102,103,20,10,L 2
2001,UTA,2000-12-29,10:30p,@,Golden State Warriors,L,,89,100,20,11,L 3
2001,UTA,2001-01-03,10:30p,@,Los Angeles Lakers,L,,71,82,20,12,L 4
2001,UTA,2001-01-05,9:00p,@,Denver Nuggets,L,,87,100,20,13,L 5
2001,UTA,2001-01-06,8:30p,@,Houston Rockets,W,,99,97,21,13,W 1
2001,UTA,2001-01-09,9:00p,,Indiana Pacers,W,,103,99,22,13,W 2
2001,UTA,2001-01-13,9:00p,,Los Angeles Lakers,W,,111,103,23,13,W 3
2001,UTA,2001-01-15,9:00p,,Houston Rockets,W,OT,116,104,24,13,W 4
2001,UTA,2001-01-17,8:00p,,Minnesota Timberwolves,L,,81,89,24,14,L 1
2001,UTA,2001-01-21,2:30p,,Phoenix Suns,W,,109,98,25,14,W 1
2001,UTA,2001-01-23,9:00p,,Golden State Warriors,W,,100,78,26,14,W 2
2001,UTA,2001-01-25,9:00p,,Denver Nuggets,W,,98,96,27,14,W 3
2001,UTA,2001-01-27,3:00p,,San Antonio Spurs,L,,86,99,27,15,L 1
2001,UTA,2001-01-29,9:00p,@,Denver Nuggets,W,,97,91,28,15,W 1
2001,UTA,2001-01-30,10:00p,@,Seattle SuperSonics,W,,102,88,29,15,W 2
2001,UTA,2001-02-01,9:00p,,Charlotte Hornets,W,,87,76,30,15,W 3
2001,UTA,2001-02-03,9:00p,,Seattle SuperSonics,W,,111,91,31,15,W 4
2001,UTA,2001-02-07,10:30p,@,Vancouver Grizzlies,W,,92,82,32,15,W 5
2001,UTA,2001-02-13,8:00p,,Sacramento Kings,L,OT,94,97,32,16,L 1
2001,UTA,2001-02-14,9:00p,,New York Knicks,W,,106,90,33,16,W 1
2001,UTA,2001-02-18,3:00p,@,Sacramento Kings,W,,94,90,34,16,W 2
2001,UTA,2001-02-19,9:00p,,Boston Celtics,W,,114,99,35,16,W 3
2001,UTA,2001-02-22,8:00p,@,Portland Trail Blazers,W,,90,84,36,16,W 4
2001,UTA,2001-02-23,10:00p,@,Seattle SuperSonics,W,,96,84,37,16,W 5
2001,UTA,2001-02-25,3:00p,@,Phoenix Suns,L,,80,90,37,17,L 1
2001,UTA,2001-02-26,9:00p,,Atlanta Hawks,W,,99,82,38,17,W 1
2001,UTA,2001-02-28,9:00p,,Vancouver Grizzlies,W,,101,83,39,17,W 2
2001,UTA,2001-03-02,7:30p,@,Boston Celtics,L,,99,103,39,18,L 1
2001,UTA,2001-03-04,3:00p,@,Washington Wizards,W,,118,98,40,18,W 1
2001,UTA,2001-03-05,7:30p,@,Atlanta Hawks,W,,109,102,41,18,W 2
2001,UTA,2001-03-07,9:00p,,Seattle SuperSonics,W,,86,82,42,18,W 3
2001,UTA,2001-03-09,9:00p,,Phoenix Suns,W,,107,95,43,18,W 4
2001,UTA,2001-03-11,5:30p,@,Sacramento Kings,L,,90,105,43,19,L 1
2001,UTA,2001-03-14,10:30p,@,Golden State Warriors,W,,102,83,44,19,W 1
2001,UTA,2001-03-16,10:00p,@,Portland Trail Blazers,L,,87,90,44,20,L 1
2001,UTA,2001-03-18,9:00p,@,Los Angeles Clippers,W,,111,96,45,20,W 1
2001,UTA,2001-03-20,9:00p,,Detroit Pistons,W,,84,79,46,20,W 2
2001,UTA,2001-03-22,9:00p,,Portland Trail Blazers,L,,99,101,46,21,L 1
2001,UTA,2001-03-24,9:00p,,Washington Wizards,W,,119,93,47,21,W 1
2001,UTA,2001-03-26,9:00p,,Dallas Mavericks,L,,90,98,47,22,L 1
2001,UTA,2001-03-27,8:30p,@,Houston Rockets,L,,86,109,47,23,L 2
2001,UTA,2001-03-29,8:00p,@,San Antonio Spurs,L,,88,106,47,24,L 3
2001,UTA,2001-03-30,9:00p,,Cleveland Cavaliers,W,,95,88,48,24,W 1
2001,UTA,2001-04-01,3:00p,@,Vancouver Grizzlies,W,,92,73,49,24,W 2
2001,UTA,2001-04-03,8:00p,,Los Angeles Lakers,L,,88,96,49,25,L 1
2001,UTA,2001-04-05,8:00p,,Sacramento Kings,L,,86,92,49,26,L 2
2001,UTA,2001-04-07,8:30p,@,Dallas Mavericks,W,,116,103,50,26,W 1
2001,UTA,2001-04-09,9:00p,,Houston Rockets,W,,96,81,51,26,W 2
2001,UTA,2001-04-12,8:00p,@,Milwaukee Bucks,L,,93,115,51,27,L 1
2001,UTA,2001-04-13,8:30p,@,Chicago Bulls,W,,94,83,52,27,W 1
2001,UTA,2001-04-15,3:00p,@,Minnesota Timberwolves,L,,100,107,52,28,L 1
2001,UTA,2001-04-17,9:00p,,Los Angeles Clippers,W,,97,92,53,28,W 1
2001,UTA,2001-04-18,10:30p,@,Phoenix Suns,L,,93,98,53,29,L 1
2001,UTA,2001-04-21,3:00p,,Dallas Mavericks,W,,88,86,1,0,W 1
2001,UTA,2001-04-24,10:30p,,Dallas Mavericks,W,,109,98,2,0,W 2
2001,UTA,2001-04-28,3:00p,@,Dallas Mavericks,L,,91,94,2,1,L 1
2001,UTA,2001-05-01,9:30p,@,Dallas Mavericks,L,,77,107,2,2,L 2
2001,UTA,2001-05-03,9:00p,,Dallas Mavericks,L,,83,84,2,3,L 3
2001,VAN,2000-10-31,10:30p,,Seattle SuperSonics,W,,94,88,1,0,W 1
2001,VAN,2000-11-02,10:30p,@,Los Angeles Clippers,W,,99,91,2,0,W 2
2001,VAN,2000-11-04,3:30p,,Los Angeles Lakers,L,,89,98,2,1,L 1
2001,VAN,2000-11-06,10:00p,,Atlanta Hawks,W,,97,87,3,1,W 1
2001,VAN,2000-11-08,8:00p,@,Dallas Mavericks,W,,101,74,4,1,W 2
2001,VAN,2000-11-09,8:30p,@,Houston Rockets,L,,78,85,4,2,L 1
2001,VAN,2000-11-11,8:30p,@,San Antonio Spurs,L,,78,91,4,3,L 2
2001,VAN,2000-11-16,10:00p,,Los Angeles Clippers,L,,72,76,4,4,L 3
2001,VAN,2000-11-18,10:00p,,Dallas Mavericks,L,,88,91,4,5,L 4
2001,VAN,2000-11-20,10:00p,,Denver Nuggets,L,,92,95,4,6,L 5
2001,VAN,2000-11-22,8:00p,@,Minnesota Timberwolves,L,,100,101,4,7,L 6
2001,VAN,2000-11-24,8:00p,@,Detroit Pistons,L,,96,118,4,8,L 7
2001,VAN,2000-11-26,12:30p,@,Boston Celtics,W,,98,87,5,8,W 1
2001,VAN,2000-11-27,7:30p,@,New York Knicks,L,,72,97,5,9,L 1
2001,VAN,2000-11-29,10:00p,,Phoenix Suns,W,2OT,109,106,6,9,W 1
2001,VAN,2000-12-01,10:00p,,Indiana Pacers,L,OT,76,86,6,10,L 1
2001,VAN,2000-12-03,3:30p,,San Antonio Spurs,L,,79,97,6,11,L 2
2001,VAN,2000-12-05,10:00p,,Detroit Pistons,W,,91,83,7,11,W 1
2001,VAN,2000-12-07,9:00p,@,Utah Jazz,L,,87,98,7,12,L 1
2001,VAN,2000-12-09,10:00p,,Philadelphia 76ers,L,,79,83,7,13,L 2
2001,VAN,2000-12-11,10:00p,,Houston Rockets,L,,75,82,7,14,L 3
2001,VAN,2000-12-13,10:00p,,Seattle SuperSonics,L,,93,94,7,15,L 4
2001,VAN,2000-12-15,10:30p,@,Los Angeles Lakers,L,,76,98,7,16,L 5
2001,VAN,2000-12-17,3:30p,,Orlando Magic,L,,91,101,7,17,L 6
2001,VAN,2000-12-20,10:00p,,Washington Wizards,W,,118,104,8,17,W 1
2001,VAN,2000-12-22,10:00p,,Sacramento Kings,L,,93,95,8,18,L 1
2001,VAN,2000-12-23,10:30p,@,Los Angeles Clippers,L,,90,92,8,19,L 2
2001,VAN,2000-12-26,10:30p,,Phoenix Suns,L,,95,97,8,20,L 3
2001,VAN,2000-12-29,10:00p,@,Portland Trail Blazers,L,,81,104,8,21,L 4
2001,VAN,2000-12-30,10:00p,,Golden State Warriors,L,,101,102,8,22,L 5
2001,VAN,2001-01-03,10:00p,,Charlotte Hornets,W,,99,89,9,22,W 1
2001,VAN,2001-01-05,9:00p,@,Phoenix Suns,L,,76,108,9,23,L 1
2001,VAN,2001-01-07,3:30p,,Milwaukee Bucks,W,,120,117,10,23,W 1
2001,VAN,2001-01-09,10:00p,,Denver Nuggets,L,,105,112,10,24,L 1
2001,VAN,2001-01-12,10:00p,@,Seattle SuperSonics,L,,102,115,10,25,L 2
2001,VAN,2001-01-13,10:00p,,Cleveland Cavaliers,W,,119,107,11,25,W 1
2001,VAN,2001-01-15,8:00p,@,Los Angeles Lakers,L,OT,112,113,11,26,L 1
2001,VAN,2001-01-17,9:00p,@,Denver Nuggets,L,,97,121,11,27,L 2
2001,VAN,2001-01-19,10:00p,,Miami Heat,L,,86,97,11,28,L 3
2001,VAN,2001-01-21,3:30p,,Minnesota Timberwolves,L,,94,96,11,29,L 4
2001,VAN,2001-01-23,8:30p,@,San Antonio Spurs,L,,77,110,11,30,L 5
2001,VAN,2001-01-25,8:00p,@,Dallas Mavericks,L,,83,120,11,31,L 6
2001,VAN,2001-01-26,8:30p,@,Houston Rockets,L,,89,106,11,32,L 7
2001,VAN,2001-01-29,10:00p,,New Jersey Nets,W,,97,86,12,32,W 1
2001,VAN,2001-01-31,9:00p,@,Phoenix Suns,L,,92,101,12,33,L 1
2001,VAN,2001-02-02,10:30p,@,Sacramento Kings,L,,95,105,12,34,L 2
2001,VAN,2001-02-03,10:00p,,Chicago Bulls,W,,91,84,13,34,W 1
2001,VAN,2001-02-05,10:00p,@,Seattle SuperSonics,L,,82,95,13,35,L 1
2001,VAN,2001-02-07,10:30p,,Utah Jazz,L,,82,92,13,36,L 2
2001,VAN,2001-02-13,10:00p,,Boston Celtics,W,,99,98,14,36,W 1
2001,VAN,2001-02-15,10:00p,,Golden State Warriors,W,,99,89,15,36,W 2
2001,VAN,2001-02-16,10:30p,@,Golden State Warriors,W,,92,79,16,36,W 3
2001,VAN,2001-02-18,3:30p,@,Minnesota Timberwolves,W,,110,102,17,36,W 4
2001,VAN,2001-02-20,7:00p,@,Washington Wizards,W,,116,104,18,36,W 5
2001,VAN,2001-02-21,7:00p,@,Philadelphia 76ers,L,,91,107,18,37,L 1
2001,VAN,2001-02-23,8:30p,@,Milwaukee Bucks,L,,81,93,18,38,L 2
2001,VAN,2001-02-24,8:30p,@,Chicago Bulls,L,,75,90,18,39,L 3
2001,VAN,2001-02-27,10:00p,,Dallas Mavericks,L,,112,116,18,40,L 4
2001,VAN,2001-02-28,9:00p,@,Utah Jazz,L,,83,101,18,41,L 5
2001,VAN,2001-03-03,3:30p,,Los Angeles Lakers,L,,88,98,18,42,L 6
2001,VAN,2001-03-05,10:00p,,San Antonio Spurs,L,,77,91,18,43,L 7
2001,VAN,2001-03-06,10:00p,@,Portland Trail Blazers,W,,105,97,19,43,W 1
2001,VAN,2001-03-09,10:00p,,Portland Trail Blazers,W,,95,85,20,43,W 2
2001,VAN,2001-03-11,3:30p,,Toronto Raptors,L,,84,101,20,44,L 1
2001,VAN,2001-03-13,7:30p,@,Atlanta Hawks,L,,99,109,20,45,L 2
2001,VAN,2001-03-14,7:30p,@,Charlotte Hornets,L,,95,100,20,46,L 3
2001,VAN,2001-03-16,7:30p,@,Orlando Magic,L,,99,103,20,47,L 4
2001,VAN,2001-03-17,7:30p,@,Miami Heat,L,,81,95,20,48,L 5
2001,VAN,2001-03-20,7:30p,@,New Jersey Nets,L,,90,104,20,49,L 6
2001,VAN,2001-03-22,7:30p,@,Cleveland Cavaliers,L,,95,109,20,50,L 7
2001,VAN,2001-03-23,7:00p,@,Indiana Pacers,L,,75,95,20,51,L 8
2001,VAN,2001-03-25,12:00p,@,Toronto Raptors,L,,92,102,20,52,L 9
2001,VAN,2001-03-29,10:00p,,New York Knicks,W,,89,68,21,52,W 1
2001,VAN,2001-04-01,3:00p,,Utah Jazz,L,,73,92,21,53,L 1
2001,VAN,2001-04-04,10:00p,,Los Angeles Clippers,W,,86,78,22,53,W 1
2001,VAN,2001-04-06,10:00p,,Sacramento Kings,L,,90,118,22,54,L 1
2001,VAN,2001-04-07,9:00p,@,Denver Nuggets,L,,97,98,22,55,L 2
2001,VAN,2001-04-10,10:00p,,Minnesota Timberwolves,L,,91,104,22,56,L 3
2001,VAN,2001-04-12,10:00p,,Portland Trail Blazers,L,,87,100,22,57,L 4
2001,VAN,2001-04-14,10:00p,,Houston Rockets,L,,95,100,22,58,L 5
2001,VAN,2001-04-16,10:30p,@,Sacramento Kings,L,,100,110,22,59,L 6
2001,VAN,2001-04-18,10:30p,@,Golden State Warriors,W,,95,81,23,59,W 1
2001,WAS,2000-10-31,7:30p,@,Orlando Magic,L,,86,97,0,1,L 1
2001,WAS,2000-11-01,7:30p,@,Charlotte Hornets,W,,95,77,1,1,W 1
2001,WAS,2000-11-03,7:00p,,New York Knicks,L,,76,80,1,2,L 1
2001,WAS,2000-11-04,7:00p,@,Toronto Raptors,L,,96,103,1,3,L 2
2001,WAS,2000-11-07,8:30p,@,Chicago Bulls,W,,88,83,2,3,W 1
2001,WAS,2000-11-08,7:00p,,New Jersey Nets,L,,86,102,2,4,L 1
2001,WAS,2000-11-10,7:00p,,Indiana Pacers,L,,74,86,2,5,L 2
2001,WAS,2000-11-11,7:30p,@,Cleveland Cavaliers,L,,73,86,2,6,L 3
2001,WAS,2000-11-15,7:00p,@,Boston Celtics,L,,109,116,2,7,L 4
2001,WAS,2000-11-16,7:00p,,San Antonio Spurs,L,,95,99,2,8,L 5
2001,WAS,2000-11-18,7:00p,,Boston Celtics,W,,109,89,3,8,W 1
2001,WAS,2000-11-21,7:00p,,Portland Trail Blazers,L,,94,104,3,9,L 1
2001,WAS,2000-11-24,8:00p,@,Indiana Pacers,L,,87,99,3,10,L 2
2001,WAS,2000-11-25,8:00p,,Milwaukee Bucks,W,,107,100,4,10,W 1
2001,WAS,2000-11-28,7:00p,,Atlanta Hawks,L,,75,102,4,11,L 1
2001,WAS,2000-11-29,7:00p,@,Philadelphia 76ers,L,,87,93,4,12,L 2
2001,WAS,2000-12-02,8:00p,,Miami Heat,L,,90,93,4,13,L 3
2001,WAS,2000-12-03,7:00p,@,Detroit Pistons,L,,87,93,4,14,L 4
2001,WAS,2000-12-06,7:00p,,Los Angeles Clippers,L,,88,93,4,15,L 5
2001,WAS,2000-12-07,8:00p,@,Minnesota Timberwolves,L,,88,105,4,16,L 6
2001,WAS,2000-12-09,8:30p,@,Milwaukee Bucks,L,,91,99,4,17,L 7
2001,WAS,2000-12-13,7:00p,,Philadelphia 76ers,L,,82,102,4,18,L 8
2001,WAS,2000-12-15,7:00p,,Charlotte Hornets,L,,89,103,4,19,L 9
2001,WAS,2000-12-17,9:00p,@,Los Angeles Clippers,W,,103,94,5,19,W 1
2001,WAS,2000-12-19,10:30p,@,Sacramento Kings,L,,72,106,5,20,L 1
2001,WAS,2000-12-20,10:00p,@,Vancouver Grizzlies,L,,104,118,5,21,L 2
2001,WAS,2000-12-22,10:00p,@,Seattle SuperSonics,L,,87,107,5,22,L 3
2001,WAS,2000-12-23,10:00p,@,Portland Trail Blazers,L,,70,87,5,23,L 4
2001,WAS,2000-12-27,7:00p,,New York Knicks,L,,82,89,5,24,L 5
2001,WAS,2000-12-29,7:30p,@,Miami Heat,L,,91,98,5,25,L 6
2001,WAS,2000-12-31,8:00p,,Detroit Pistons,W,,110,96,6,25,W 1
2001,WAS,2001-01-02,7:00p,,Minnesota Timberwolves,W,,115,108,7,25,W 2
2001,WAS,2001-01-04,8:30p,@,Chicago Bulls,L,,96,98,7,26,L 1
2001,WAS,2001-01-06,7:00p,,Dallas Mavericks,L,,85,103,7,27,L 2
2001,WAS,2001-01-07,7:30p,@,New York Knicks,L,,87,103,7,28,L 3
2001,WAS,2001-01-09,8:00p,@,Milwaukee Bucks,L,,95,99,7,29,L 4
2001,WAS,2001-01-10,7:00p,,Seattle SuperSonics,L,,101,104,7,30,L 5
2001,WAS,2001-01-12,7:00p,,Philadelphia 76ers,L,,82,86,7,31,L 6
2001,WAS,2001-01-15,1:00p,,Milwaukee Bucks,L,,95,101,7,32,L 7
2001,WAS,2001-01-17,7:30p,@,New Jersey Nets,L,,89,108,7,33,L 8
2001,WAS,2001-01-19,7:00p,@,Toronto Raptors,L,,79,101,7,34,L 9
2001,WAS,2001-01-21,1:00p,,Atlanta Hawks,W,,94,90,8,34,W 1
2001,WAS,2001-01-23,7:00p,,Charlotte Hornets,W,,97,95,9,34,W 2
2001,WAS,2001-01-26,7:30p,@,Atlanta Hawks,W,,106,99,10,34,W 3
2001,WAS,2001-01-27,8:00p,,Phoenix Suns,W,,89,82,11,34,W 4
2001,WAS,2001-01-29,7:00p,,Cleveland Cavaliers,W,,95,89,12,34,W 5
2001,WAS,2001-01-31,7:00p,,Orlando Magic,L,,96,100,12,35,L 1
2001,WAS,2001-02-03,7:00p,,Denver Nuggets,L,,100,105,12,36,L 2
2001,WAS,2001-02-07,7:30p,@,Orlando Magic,L,,98,107,12,37,L 3
2001,WAS,2001-02-13,8:30p,@,Houston Rockets,L,,89,99,12,38,L 4
2001,WAS,2001-02-15,8:30p,@,San Antonio Spurs,L,,78,102,12,39,L 5
2001,WAS,2001-02-17,8:30p,@,Dallas Mavericks,L,,105,112,12,40,L 6
2001,WAS,2001-02-18,9:00p,@,Denver Nuggets,W,,101,98,13,40,W 1
2001,WAS,2001-02-20,7:00p,,Vancouver Grizzlies,L,,104,116,13,41,L 1
2001,WAS,2001-02-22,7:00p,,Sacramento Kings,L,,110,115,13,42,L 2
2001,WAS,2001-02-24,7:00p,,Toronto Raptors,L,,99,106,13,43,L 3
2001,WAS,2001-02-25,8:00p,@,New Jersey Nets,L,,91,101,13,44,L 4
2001,WAS,2001-02-27,7:30p,@,Miami Heat,L,,95,103,13,45,L 5
2001,WAS,2001-03-02,7:00p,@,Philadelphia 76ers,L,,102,107,13,46,L 6
2001,WAS,2001-03-04,3:00p,,Utah Jazz,L,,98,118,13,47,L 7
2001,WAS,2001-03-07,7:30p,@,Cleveland Cavaliers,W,,88,83,14,47,W 1
2001,WAS,2001-03-09,7:30p,@,Boston Celtics,L,,72,104,14,48,L 1
2001,WAS,2001-03-10,7:00p,,New Jersey Nets,W,,107,101,15,48,W 1
2001,WAS,2001-03-14,7:00p,,Detroit Pistons,W,,103,96,16,48,W 2
2001,WAS,2001-03-16,7:00p,,Los Angeles Lakers,L,,89,101,16,49,L 1
2001,WAS,2001-03-17,7:30p,@,Charlotte Hornets,L,,93,95,16,50,L 2
2001,WAS,2001-03-20,9:00p,@,Phoenix Suns,L,,91,105,16,51,L 3
2001,WAS,2001-03-21,10:30p,@,Golden State Warriors,W,,99,94,17,51,W 1
2001,WAS,2001-03-23,10:30p,@,Los Angeles Lakers,L,,91,104,17,52,L 1
2001,WAS,2001-03-24,9:00p,@,Utah Jazz,L,,93,119,17,53,L 2
2001,WAS,2001-03-27,7:00p,,Indiana Pacers,L,,102,110,17,54,L 3
2001,WAS,2001-03-29,7:00p,,Golden State Warriors,W,,116,100,18,54,W 1
2001,WAS,2001-03-31,7:00p,,Houston Rockets,L,,86,96,18,55,L 1
2001,WAS,2001-04-04,7:00p,,Miami Heat,L,,84,86,18,56,L 2
2001,WAS,2001-04-05,7:30p,@,New York Knicks,L,,80,93,18,57,L 3
2001,WAS,2001-04-07,7:00p,,Boston Celtics,L,,100,102,18,58,L 4
2001,WAS,2001-04-09,8:00p,@,Indiana Pacers,L,,78,100,18,59,L 5
2001,WAS,2001-04-11,7:00p,,Chicago Bulls,L,,109,113,18,60,L 6
2001,WAS,2001-04-13,7:00p,,Orlando Magic,W,,113,110,19,60,W 1
2001,WAS,2001-04-15,1:00p,,Cleveland Cavaliers,L,,98,106,19,61,L 1
2001,WAS,2001-04-17,7:30p,@,Atlanta Hawks,L,,119,122,19,62,L 2
2001,WAS,2001-04-18,7:00p,,Toronto Raptors,L,,92,98,19,63,L 3
2002,ATL,2001-10-30,8:30p,@,Houston Rockets,L,OT,84,89,0,1,L 1
2002,ATL,2001-11-01,8:00p,,Washington Wizards,L,,88,98,0,2,L 2
2002,ATL,2001-11-03,7:00p,,Miami Heat,W,,90,83,1,2,W 1
2002,ATL,2001-11-05,10:30p,@,Los Angeles Clippers,L,,86,109,1,3,L 1
2002,ATL,2001-11-07,9:00p,@,Utah Jazz,L,,89,96,1,4,L 2
2002,ATL,2001-11-08,9:00p,@,Phoenix Suns,L,,80,108,1,5,L 3
2002,ATL,2001-11-10,8:30p,@,San Antonio Spurs,L,,88,110,1,6,L 4
2002,ATL,2001-11-14,7:30p,,Utah Jazz,W,,111,79,2,6,W 1
2002,ATL,2001-11-16,7:00p,@,Philadelphia 76ers,L,,78,98,2,7,L 1
2002,ATL,2001-11-17,7:00p,,Boston Celtics,W,,112,103,3,7,W 1
2002,ATL,2001-11-20,7:00p,@,Indiana Pacers,L,,102,106,3,8,L 1
2002,ATL,2001-11-21,7:00p,@,Boston Celtics,W,,92,85,4,8,W 1
2002,ATL,2001-11-23,7:30p,,Detroit Pistons,W,,106,99,5,8,W 2
2002,ATL,2001-11-24,9:00p,@,Milwaukee Bucks,L,,88,95,5,9,L 1
2002,ATL,2001-11-26,7:30p,@,New York Knicks,L,,83,88,5,10,L 2
2002,ATL,2001-11-28,7:30p,,New York Knicks,L,,100,105,5,11,L 3
2002,ATL,2001-11-29,7:00p,@,Cleveland Cavaliers,W,,105,96,6,11,W 1
2002,ATL,2001-12-01,2:00p,,Toronto Raptors,L,,103,104,6,12,L 1
2002,ATL,2001-12-05,7:30p,,San Antonio Spurs,L,,112,120,6,13,L 2
2002,ATL,2001-12-07,7:30p,@,Orlando Magic,L,,94,129,6,14,L 3
2002,ATL,2001-12-08,7:00p,,Orlando Magic,W,,107,104,7,14,W 1
2002,ATL,2001-12-11,8:00p,,Philadelphia 76ers,W,,89,87,8,14,W 2
2002,ATL,2001-12-15,8:30p,@,Chicago Bulls,W,,80,79,9,14,W 3
2002,ATL,2001-12-18,7:30p,,Indiana Pacers,L,,100,103,9,15,L 1
2002,ATL,2001-12-19,7:00p,@,Washington Wizards,L,,76,103,9,16,L 2
2002,ATL,2001-12-21,7:00p,@,Philadelphia 76ers,L,,83,94,9,17,L 3
2002,ATL,2001-12-22,7:00p,,Charlotte Hornets,W,,101,88,10,17,W 1
2002,ATL,2001-12-26,8:00p,@,Milwaukee Bucks,L,,97,107,10,18,L 1
2002,ATL,2001-12-27,7:30p,,Miami Heat,W,,100,96,11,18,W 1
2002,ATL,2001-12-29,8:30p,@,Dallas Mavericks,L,,97,113,11,19,L 1
2002,ATL,2002-01-04,8:00p,@,Memphis Grizzlies,W,,113,109,12,19,W 1
2002,ATL,2002-01-05,7:00p,,Minnesota Timberwolves,L,,96,112,12,20,L 1
2002,ATL,2002-01-08,7:30p,,Portland Trail Blazers,W,,101,92,13,20,W 1
2002,ATL,2002-01-09,7:00p,@,Charlotte Hornets,L,,87,111,13,21,L 1
2002,ATL,2002-01-11,7:00p,@,Toronto Raptors,L,OT,91,94,13,22,L 2
2002,ATL,2002-01-12,7:00p,,Boston Celtics,L,,91,115,13,23,L 3
2002,ATL,2002-01-15,7:30p,,Dallas Mavericks,L,,107,116,13,24,L 4
2002,ATL,2002-01-17,7:30p,,Chicago Bulls,L,,91,94,13,25,L 5
2002,ATL,2002-01-19,7:00p,,Milwaukee Bucks,L,,107,116,13,26,L 6
2002,ATL,2002-01-21,2:00p,,Houston Rockets,W,,95,91,14,26,W 1
2002,ATL,2002-01-22,7:30p,@,Orlando Magic,L,,86,100,14,27,L 1
2002,ATL,2002-01-25,7:30p,,Detroit Pistons,L,,90,107,14,28,L 2
2002,ATL,2002-01-26,8:00p,@,Minnesota Timberwolves,L,,80,103,14,29,L 3
2002,ATL,2002-01-29,7:30p,,Los Angeles Lakers,L,,93,127,14,30,L 4
2002,ATL,2002-01-30,7:30p,@,Detroit Pistons,L,,71,88,14,31,L 5
2002,ATL,2002-02-01,7:00p,@,Washington Wizards,L,,90,97,14,32,L 6
2002,ATL,2002-02-02,7:00p,,Los Angeles Clippers,W,,101,94,15,32,W 1
2002,ATL,2002-02-05,7:30p,@,Miami Heat,W,,76,73,16,32,W 2
2002,ATL,2002-02-07,7:30p,@,New York Knicks,L,,89,92,16,33,L 1
2002,ATL,2002-02-12,7:30p,,New Jersey Nets,W,,105,103,17,33,W 1
2002,ATL,2002-02-15,10:30p,@,Los Angeles Lakers,W,,93,90,18,33,W 2
2002,ATL,2002-02-17,9:00p,@,Golden State Warriors,W,,100,94,19,33,W 3
2002,ATL,2002-02-19,10:00p,@,Sacramento Kings,L,,79,99,19,34,L 1
2002,ATL,2002-02-21,10:00p,@,Portland Trail Blazers,L,,79,94,19,35,L 2
2002,ATL,2002-02-22,10:00p,@,Seattle SuperSonics,L,,96,99,19,36,L 3
2002,ATL,2002-02-24,9:00p,@,Denver Nuggets,W,,89,84,20,36,W 1
2002,ATL,2002-02-27,7:30p,,Seattle SuperSonics,L,,81,98,20,37,L 1
2002,ATL,2002-03-02,7:00p,,Cleveland Cavaliers,W,,84,81,21,37,W 1
2002,ATL,2002-03-04,7:30p,,Memphis Grizzlies,W,,95,76,22,37,W 2
2002,ATL,2002-03-05,7:00p,@,Cleveland Cavaliers,L,,96,103,22,38,L 1
2002,ATL,2002-03-09,7:00p,,Philadelphia 76ers,L,,91,112,22,39,L 2
2002,ATL,2002-03-11,7:30p,,Golden State Warriors,W,,121,96,23,39,W 1
2002,ATL,2002-03-13,7:30p,,Denver Nuggets,W,,105,102,24,39,W 2
2002,ATL,2002-03-15,7:30p,,Phoenix Suns,W,,104,89,25,39,W 3
2002,ATL,2002-03-17,2:30p,@,Indiana Pacers,L,,68,85,25,40,L 1
2002,ATL,2002-03-19,8:30p,@,Chicago Bulls,W,,102,96,26,40,W 1
2002,ATL,2002-03-21,7:30p,,New York Knicks,W,,118,89,27,40,W 2
2002,ATL,2002-03-23,7:00p,,Chicago Bulls,W,,112,96,28,40,W 3
2002,ATL,2002-03-24,6:00p,@,New Jersey Nets,L,,102,116,28,41,L 1
2002,ATL,2002-03-26,7:30p,,New Jersey Nets,W,,103,77,29,41,W 1
2002,ATL,2002-03-28,7:30p,,Toronto Raptors,L,,83,85,29,42,L 1
2002,ATL,2002-03-29,7:30p,@,Miami Heat,L,,80,92,29,43,L 2
2002,ATL,2002-03-31,2:00p,,Sacramento Kings,L,,91,92,29,44,L 3
2002,ATL,2002-04-02,7:30p,,Milwaukee Bucks,W,,100,92,30,44,W 1
2002,ATL,2002-04-04,7:30p,,Indiana Pacers,W,,95,94,31,44,W 2
2002,ATL,2002-04-06,8:00p,,Charlotte Hornets,L,,86,93,31,45,L 1
2002,ATL,2002-04-08,7:30p,@,Detroit Pistons,L,,99,105,31,46,L 2
2002,ATL,2002-04-10,7:00p,@,Charlotte Hornets,W,,101,95,32,46,W 1
2002,ATL,2002-04-12,7:00p,@,Toronto Raptors,L,,73,112,32,47,L 1
2002,ATL,2002-04-13,7:00p,,Cleveland Cavaliers,W,2OT,128,123,33,47,W 1
2002,ATL,2002-04-16,7:30p,,Orlando Magic,L,,95,102,33,48,L 1
2002,ATL,2002-04-17,7:00p,@,Boston Celtics,L,,81,89,33,49,L 2
2002,BOS,2001-10-30,7:00p,@,Cleveland Cavaliers,W,,108,89,1,0,W 1
2002,BOS,2001-10-31,7:00p,,New Jersey Nets,L,,92,95,1,1,L 1
2002,BOS,2001-11-02,7:30p,,Chicago Bulls,W,,96,82,2,1,W 1
2002,BOS,2001-11-03,8:30p,@,Milwaukee Bucks,L,,99,105,2,2,L 1
2002,BOS,2001-11-07,8:00p,,Washington Wizards,W,,104,95,3,2,W 1
2002,BOS,2001-11-09,7:30p,,Seattle SuperSonics,W,,104,94,4,2,W 2
2002,BOS,2001-11-14,7:00p,,Indiana Pacers,W,,101,93,5,2,W 3
2002,BOS,2001-11-17,7:00p,@,Atlanta Hawks,L,,103,112,5,3,L 1
2002,BOS,2001-11-21,7:00p,,Atlanta Hawks,L,,85,92,5,4,L 2
2002,BOS,2001-11-23,7:30p,,Toronto Raptors,L,,89,91,5,5,L 3
2002,BOS,2001-11-24,7:00p,@,Washington Wizards,L,OT,84,88,5,6,L 4
2002,BOS,2001-11-27,7:30p,@,Miami Heat,W,,84,83,6,6,W 1
2002,BOS,2001-11-29,7:30p,@,Orlando Magic,W,,99,89,7,6,W 2
2002,BOS,2001-12-01,1:00p,@,New Jersey Nets,W,OT,105,98,8,6,W 3
2002,BOS,2001-12-02,3:00p,@,Toronto Raptors,W,,85,69,9,6,W 4
2002,BOS,2001-12-05,7:00p,,Denver Nuggets,W,,95,80,10,6,W 5
2002,BOS,2001-12-07,7:30p,,Phoenix Suns,W,OT,109,102,11,6,W 6
2002,BOS,2001-12-08,8:30p,@,Chicago Bulls,L,,84,87,11,7,L 1
2002,BOS,2001-12-11,7:30p,@,New York Knicks,W,OT,102,93,12,7,W 1
2002,BOS,2001-12-14,7:30p,,Chicago Bulls,W,,107,101,13,7,W 2
2002,BOS,2001-12-15,7:30p,@,Charlotte Hornets,W,,106,97,14,7,W 3
2002,BOS,2001-12-17,7:00p,@,Philadelphia 76ers,L,,83,99,14,8,L 1
2002,BOS,2001-12-19,7:00p,,Cleveland Cavaliers,W,,104,98,15,8,W 1
2002,BOS,2001-12-21,7:30p,,Utah Jazz,W,,98,92,16,8,W 2
2002,BOS,2001-12-23,6:00p,,Memphis Grizzlies,W,,85,80,17,8,W 3
2002,BOS,2001-12-26,9:00p,@,Utah Jazz,L,,86,99,17,9,L 1
2002,BOS,2001-12-27,9:00p,@,Phoenix Suns,L,,82,84,17,10,L 2
2002,BOS,2001-12-29,3:30p,@,Los Angeles Clippers,W,OT,105,103,18,10,W 1
2002,BOS,2001-12-30,9:00p,@,Sacramento Kings,L,,94,109,18,11,L 1
2002,BOS,2002-01-02,7:00p,,Orlando Magic,W,,110,94,19,11,W 1
2002,BOS,2002-01-04,7:30p,,Miami Heat,L,,66,89,19,12,L 1
2002,BOS,2002-01-05,7:30p,@,New York Knicks,W,,90,81,20,12,W 1
2002,BOS,2002-01-07,7:30p,@,Orlando Magic,L,,87,98,20,13,L 1
2002,BOS,2002-01-09,7:00p,,San Antonio Spurs,L,,90,93,20,14,L 2
2002,BOS,2002-01-11,7:30p,,Detroit Pistons,W,,104,90,21,14,W 1
2002,BOS,2002-01-12,7:00p,@,Atlanta Hawks,W,,115,91,22,14,W 2
2002,BOS,2002-01-16,7:00p,,New York Knicks,W,,101,100,23,14,W 3
2002,BOS,2002-01-18,7:30p,,Houston Rockets,L,,101,104,23,15,L 1
2002,BOS,2002-01-19,7:30p,@,Detroit Pistons,L,,91,94,23,16,L 2
2002,BOS,2002-01-21,7:30p,,Toronto Raptors,W,,106,97,24,16,W 1
2002,BOS,2002-01-23,7:00p,,Indiana Pacers,W,,98,94,25,16,W 2
2002,BOS,2002-01-25,7:30p,,Philadelphia 76ers,L,,90,106,25,17,L 1
2002,BOS,2002-01-26,8:00p,@,Cleveland Cavaliers,W,,108,101,26,17,W 1
2002,BOS,2002-01-29,8:00p,@,Milwaukee Bucks,L,,90,109,26,18,L 1
2002,BOS,2002-01-31,8:00p,@,Toronto Raptors,L,,92,97,26,19,L 2
2002,BOS,2002-02-01,7:30p,,Minnesota Timberwolves,L,OT,95,98,26,20,L 3
2002,BOS,2002-02-03,3:00p,,Los Angeles Clippers,W,,104,91,27,20,W 1
2002,BOS,2002-02-05,7:00p,@,Charlotte Hornets,W,,82,79,28,20,W 2
2002,BOS,2002-02-06,7:00p,,Sacramento Kings,L,,85,102,28,21,L 1
2002,BOS,2002-02-12,9:00p,@,Denver Nuggets,W,,110,93,29,21,W 1
2002,BOS,2002-02-13,10:30p,@,Golden State Warriors,L,,75,92,29,22,L 1
2002,BOS,2002-02-15,10:00p,@,Portland Trail Blazers,W,,107,104,30,22,W 1
2002,BOS,2002-02-16,10:00p,@,Seattle SuperSonics,L,,79,99,30,23,L 1
2002,BOS,2002-02-19,10:30p,@,Los Angeles Lakers,W,,109,108,31,23,W 1
2002,BOS,2002-02-21,8:30p,@,Dallas Mavericks,L,,92,98,31,24,L 1
2002,BOS,2002-02-23,8:30p,@,Houston Rockets,L,,89,99,31,25,L 2
2002,BOS,2002-02-27,7:00p,,Milwaukee Bucks,L,,92,95,31,26,L 3
2002,BOS,2002-03-01,7:30p,,Charlotte Hornets,L,,87,100,31,27,L 4
2002,BOS,2002-03-04,7:00p,@,Philadelphia 76ers,W,,100,94,32,27,W 1
2002,BOS,2002-03-06,7:00p,,Orlando Magic,W,,130,110,33,27,W 2
2002,BOS,2002-03-08,7:30p,,Detroit Pistons,W,,117,92,34,27,W 3
2002,BOS,2002-03-10,3:00p,,Washington Wizards,W,,98,91,35,27,W 4
2002,BOS,2002-03-11,7:00p,@,Washington Wizards,W,,104,99,36,27,W 5
2002,BOS,2002-03-13,7:00p,,New Jersey Nets,W,,97,89,37,27,W 6
2002,BOS,2002-03-15,8:00p,@,Memphis Grizzlies,W,,103,97,38,27,W 7
2002,BOS,2002-03-16,8:30p,@,San Antonio Spurs,L,,104,111,38,28,L 1
2002,BOS,2002-03-18,7:00p,,Portland Trail Blazers,L,,91,100,38,29,L 2
2002,BOS,2002-03-20,7:00p,,Cleveland Cavaliers,W,,96,70,39,29,W 1
2002,BOS,2002-03-22,7:30p,,Philadelphia 76ers,L,,91,96,39,30,L 1
2002,BOS,2002-03-24,12:00p,@,Detroit Pistons,L,,101,109,39,31,L 2
2002,BOS,2002-03-25,7:30p,@,Miami Heat,W,,87,82,40,31,W 1
2002,BOS,2002-03-27,7:00p,,Golden State Warriors,W,,102,99,41,31,W 2
2002,BOS,2002-03-29,7:30p,,Dallas Mavericks,L,,82,108,41,32,L 1
2002,BOS,2002-03-31,12:30p,,Milwaukee Bucks,W,,110,80,42,32,W 1
2002,BOS,2002-04-02,7:00p,@,Indiana Pacers,W,,105,94,43,32,W 2
2002,BOS,2002-04-05,7:30p,,Los Angeles Lakers,W,,99,81,44,32,W 3
2002,BOS,2002-04-07,8:00p,@,New Jersey Nets,W,,102,90,45,32,W 4
2002,BOS,2002-04-08,8:30p,@,Chicago Bulls,L,,100,105,45,33,L 1
2002,BOS,2002-04-10,8:00p,,Miami Heat,W,,70,65,46,33,W 1
2002,BOS,2002-04-12,7:30p,,New York Knicks,W,,107,92,47,33,W 2
2002,BOS,2002-04-15,8:00p,@,Minnesota Timberwolves,W,,93,90,48,33,W 3
2002,BOS,2002-04-17,7:00p,,Atlanta Hawks,W,,89,81,49,33,W 4
2002,BOS,2002-04-21,12:30p,,Philadelphia 76ers,W,,92,82,1,0,W 1
2002,BOS,2002-04-25,8:00p,,Philadelphia 76ers,W,,93,85,2,0,W 2
2002,BOS,2002-04-28,12:30p,@,Philadelphia 76ers,L,,103,108,2,1,L 1
2002,BOS,2002-05-01,8:00p,@,Philadelphia 76ers,L,,81,83,2,2,L 2
2002,BOS,2002-05-03,7:00p,,Philadelphia 76ers,W,,120,87,3,2,W 1
2002,BOS,2002-05-05,3:00p,@,Detroit Pistons,L,,84,96,3,3,L 1
2002,BOS,2002-05-08,8:00p,@,Detroit Pistons,W,,85,77,4,3,W 1
2002,BOS,2002-05-10,7:00p,,Detroit Pistons,W,,66,64,5,3,W 2
2002,BOS,2002-05-12,3:00p,,Detroit Pistons,W,,90,79,6,3,W 3
2002,BOS,2002-05-14,8:00p,@,Detroit Pistons,W,,90,81,7,3,W 4
2002,BOS,2002-05-19,5:30p,@,New Jersey Nets,L,,97,104,7,4,L 1
2002,BOS,2002-05-21,8:30p,@,New Jersey Nets,W,,93,86,8,4,W 1
2002,BOS,2002-05-25,5:30p,,New Jersey Nets,W,,94,90,9,4,W 2
2002,BOS,2002-05-27,5:30p,,New Jersey Nets,L,,92,94,9,5,L 1
2002,BOS,2002-05-29,9:00p,@,New Jersey Nets,L,,92,103,9,6,L 2
2002,BOS,2002-05-31,7:00p,,New Jersey Nets,L,,88,96,9,7,L 3
2002,CHH,2001-10-31,7:00p,,Cleveland Cavaliers,W,,100,94,1,0,W 1
2002,CHH,2001-11-02,7:30p,,New York Knicks,W,,97,93,2,0,W 2
2002,CHH,2001-11-03,8:00p,@,New Jersey Nets,L,,85,95,2,1,L 1
2002,CHH,2001-11-06,8:30p,@,Dallas Mavericks,L,,92,110,2,2,L 2
2002,CHH,2001-11-08,7:00p,,San Antonio Spurs,L,,95,105,2,3,L 3
2002,CHH,2001-11-10,8:30p,@,Chicago Bulls,W,,89,85,3,3,W 1
2002,CHH,2001-11-14,7:00p,@,Philadelphia 76ers,L,,86,100,3,4,L 1
2002,CHH,2001-11-16,7:30p,@,Miami Heat,W,,96,87,4,4,W 1
2002,CHH,2001-11-17,7:30p,,Portland Trail Blazers,L,,87,97,4,5,L 1
2002,CHH,2001-11-20,8:00p,@,Washington Wizards,W,,95,88,5,5,W 1
2002,CHH,2001-11-21,7:00p,,Dallas Mavericks,L,,78,89,5,6,L 1
2002,CHH,2001-11-23,7:30p,,Orlando Magic,L,,99,109,5,7,L 2
2002,CHH,2001-11-24,7:30p,@,Orlando Magic,W,,103,101,6,7,W 1
2002,CHH,2001-11-28,7:30p,@,Detroit Pistons,W,,104,96,7,7,W 2
2002,CHH,2001-11-30,7:30p,,Detroit Pistons,L,,105,110,7,8,L 1
2002,CHH,2001-12-01,7:30p,@,Cleveland Cavaliers,L,,81,93,7,9,L 2
2002,CHH,2001-12-04,9:00p,@,Utah Jazz,L,,100,104,7,10,L 3
2002,CHH,2001-12-06,10:00p,@,Portland Trail Blazers,W,,95,89,8,10,W 1
2002,CHH,2001-12-07,10:30p,@,Golden State Warriors,W,,106,89,9,10,W 2
2002,CHH,2001-12-09,9:00p,@,Los Angeles Clippers,L,,78,89,9,11,L 1
2002,CHH,2001-12-11,9:00p,@,Denver Nuggets,W,,99,96,10,11,W 1
2002,CHH,2001-12-13,7:00p,,Toronto Raptors,W,,104,90,11,11,W 2
2002,CHH,2001-12-15,7:30p,,Boston Celtics,L,,97,106,11,12,L 1
2002,CHH,2001-12-18,7:00p,,New York Knicks,L,,95,100,11,13,L 2
2002,CHH,2001-12-19,7:00p,@,Philadelphia 76ers,W,,94,85,12,13,W 1
2002,CHH,2001-12-21,8:00p,@,Minnesota Timberwolves,L,,89,94,12,14,L 1
2002,CHH,2001-12-22,7:00p,@,Atlanta Hawks,L,,88,101,12,15,L 2
2002,CHH,2001-12-26,8:00p,,Washington Wizards,W,,99,93,13,15,W 1
2002,CHH,2001-12-28,7:30p,,Milwaukee Bucks,L,,89,105,13,16,L 1
2002,CHH,2001-12-29,7:00p,@,Washington Wizards,L,,90,107,13,17,L 2
2002,CHH,2002-01-03,7:00p,,Golden State Warriors,W,,114,102,14,17,W 1
2002,CHH,2002-01-05,7:30p,,New Jersey Nets,L,,80,89,14,18,L 1
2002,CHH,2002-01-07,7:00p,,Denver Nuggets,W,,94,80,15,18,W 1
2002,CHH,2002-01-09,7:00p,,Atlanta Hawks,W,,111,87,16,18,W 2
2002,CHH,2002-01-11,7:30p,,Los Angeles Clippers,W,OT,92,91,17,18,W 3
2002,CHH,2002-01-12,7:30p,@,Detroit Pistons,L,,76,104,17,19,L 1
2002,CHH,2002-01-15,8:30p,@,Chicago Bulls,W,,94,86,18,19,W 1
2002,CHH,2002-01-17,7:00p,,Philadelphia 76ers,L,,88,93,18,20,L 1
2002,CHH,2002-01-19,7:30p,,Toronto Raptors,L,,89,91,18,21,L 2
2002,CHH,2002-01-21,1:00p,@,New York Knicks,W,,111,68,19,21,W 1
2002,CHH,2002-01-23,7:00p,,Seattle SuperSonics,W,,111,101,20,21,W 2
2002,CHH,2002-01-25,7:00p,@,Indiana Pacers,L,,81,90,20,22,L 1
2002,CHH,2002-01-26,8:00p,,Houston Rockets,L,OT,104,111,20,23,L 2
2002,CHH,2002-01-29,8:30p,@,San Antonio Spurs,W,,78,73,21,23,W 1
2002,CHH,2002-02-01,8:30p,@,Houston Rockets,W,,73,72,22,23,W 2
2002,CHH,2002-02-03,3:00p,@,Memphis Grizzlies,W,,97,79,23,23,W 3
2002,CHH,2002-02-05,7:00p,,Boston Celtics,L,,79,82,23,24,L 1
2002,CHH,2002-02-07,7:00p,,Philadelphia 76ers,L,,93,100,23,25,L 2
2002,CHH,2002-02-13,7:00p,,Chicago Bulls,W,,113,91,24,25,W 1
2002,CHH,2002-02-15,7:30p,,Indiana Pacers,W,,116,106,25,25,W 2
2002,CHH,2002-02-17,2:00p,,Memphis Grizzlies,L,,78,92,25,26,L 1
2002,CHH,2002-02-18,8:00p,@,Milwaukee Bucks,W,,101,92,26,26,W 1
2002,CHH,2002-02-20,8:00p,@,Toronto Raptors,W,,78,77,27,26,W 2
2002,CHH,2002-02-22,7:30p,,Los Angeles Lakers,L,,94,96,27,27,L 1
2002,CHH,2002-02-24,3:00p,@,New Jersey Nets,L,,93,95,27,28,L 2
2002,CHH,2002-02-25,7:00p,,Minnesota Timberwolves,L,,92,97,27,29,L 3
2002,CHH,2002-02-27,7:00p,,New Jersey Nets,W,,104,85,28,29,W 1
2002,CHH,2002-03-01,7:30p,@,Boston Celtics,W,,100,87,29,29,W 2
2002,CHH,2002-03-03,3:00p,,Detroit Pistons,L,,81,83,29,30,L 1
2002,CHH,2002-03-07,10:00p,@,Seattle SuperSonics,L,OT,89,92,29,31,L 2
2002,CHH,2002-03-08,10:00p,@,Sacramento Kings,L,,87,99,29,32,L 3
2002,CHH,2002-03-10,9:00p,@,Phoenix Suns,W,,88,82,30,32,W 1
2002,CHH,2002-03-12,10:30p,@,Los Angeles Lakers,L,,66,107,30,33,L 1
2002,CHH,2002-03-14,7:00p,,Utah Jazz,W,,100,82,31,33,W 1
2002,CHH,2002-03-16,7:30p,,Phoenix Suns,W,,87,76,32,33,W 2
2002,CHH,2002-03-18,7:00p,,Milwaukee Bucks,W,,113,110,33,33,W 3
2002,CHH,2002-03-20,7:00p,,Indiana Pacers,W,,94,88,34,33,W 4
2002,CHH,2002-03-22,7:30p,@,Orlando Magic,W,,106,92,35,33,W 5
2002,CHH,2002-03-24,2:30p,@,Indiana Pacers,W,,99,84,36,33,W 6
2002,CHH,2002-03-27,7:00p,,Orlando Magic,W,,111,104,37,33,W 7
2002,CHH,2002-03-29,7:30p,,Sacramento Kings,L,,87,92,37,34,L 1
2002,CHH,2002-03-30,7:30p,@,Cleveland Cavaliers,W,,93,85,38,34,W 1
2002,CHH,2002-04-02,8:00p,@,New York Knicks,L,,85,91,38,35,L 1
2002,CHH,2002-04-03,7:00p,,Miami Heat,W,,97,90,39,35,W 1
2002,CHH,2002-04-05,7:30p,,Washington Wizards,W,,97,91,40,35,W 2
2002,CHH,2002-04-06,8:00p,@,Atlanta Hawks,W,,93,86,41,35,W 3
2002,CHH,2002-04-09,7:00p,@,Toronto Raptors,L,,80,84,41,36,L 1
2002,CHH,2002-04-10,7:00p,,Atlanta Hawks,L,,95,101,41,37,L 2
2002,CHH,2002-04-12,7:30p,,Cleveland Cavaliers,W,,112,100,42,37,W 1
2002,CHH,2002-04-14,3:00p,@,Milwaukee Bucks,L,,91,98,42,38,L 1
2002,CHH,2002-04-16,7:30p,@,Miami Heat,W,,88,81,43,38,W 1
2002,CHH,2002-04-17,7:00p,,Chicago Bulls,W,,112,106,44,38,W 2
2002,CHH,2002-04-20,8:30p,,Orlando Magic,W,,80,79,1,0,W 1
2002,CHH,2002-04-23,8:00p,,Orlando Magic,L,OT,103,111,1,1,L 1
2002,CHH,2002-04-27,12:30p,@,Orlando Magic,W,OT,110,100,2,1,W 1
2002,CHH,2002-04-30,7:00p,@,Orlando Magic,W,,102,85,3,1,W 2
2002,CHH,2002-05-05,12:30p,@,New Jersey Nets,L,,93,99,3,2,L 1
2002,CHH,2002-05-07,8:00p,@,New Jersey Nets,L,,88,102,3,3,L 2
2002,CHH,2002-05-09,7:00p,,New Jersey Nets,W,,115,97,4,3,W 1
2002,CHH,2002-05-12,12:30p,,New Jersey Nets,L,,79,89,4,4,L 1
2002,CHH,2002-05-15,8:00p,@,New Jersey Nets,L,,95,103,4,5,L 2
2002,CHI,2001-10-31,8:30p,,Indiana Pacers,L,,73,98,0,1,L 1
2002,CHI,2001-11-02,7:30p,@,Boston Celtics,L,,82,96,0,2,L 2
2002,CHI,2001-11-03,8:30p,,New York Knicks,W,,84,79,1,2,W 1
2002,CHI,2001-11-07,8:30p,,Detroit Pistons,L,,73,97,1,3,L 1
2002,CHI,2001-11-08,8:00p,@,Minnesota Timberwolves,L,,74,127,1,4,L 2
2002,CHI,2001-11-10,8:30p,,Charlotte Hornets,L,,85,89,1,5,L 3
2002,CHI,2001-11-13,9:00p,@,Denver Nuggets,L,,93,101,1,6,L 4
2002,CHI,2001-11-14,10:30p,@,Los Angeles Clippers,L,,102,106,1,7,L 5
2002,CHI,2001-11-16,10:00p,@,Sacramento Kings,L,,71,105,1,8,L 6
2002,CHI,2001-11-17,10:30p,@,Golden State Warriors,L,,88,93,1,9,L 7
2002,CHI,2001-11-21,8:00p,@,Milwaukee Bucks,L,,92,96,1,10,L 8
2002,CHI,2001-11-24,1:00p,@,New York Knicks,L,,71,78,1,11,L 9
2002,CHI,2001-11-27,7:30p,@,New Jersey Nets,L,,68,100,1,12,L 10
2002,CHI,2001-11-29,8:30p,,Miami Heat,W,,78,72,2,12,W 1
2002,CHI,2001-12-01,8:30p,,Philadelphia 76ers,L,,76,93,2,13,L 1
2002,CHI,2001-12-04,8:30p,,Houston Rockets,W,,103,75,3,13,W 1
2002,CHI,2001-12-05,7:30p,@,Orlando Magic,L,,74,102,3,14,L 1
2002,CHI,2001-12-07,7:00p,@,Indiana Pacers,L,,83,98,3,15,L 2
2002,CHI,2001-12-08,8:30p,,Boston Celtics,W,,87,84,4,15,W 1
2002,CHI,2001-12-11,8:30p,,New Jersey Nets,L,,93,107,4,16,L 1
2002,CHI,2001-12-14,7:30p,@,Boston Celtics,L,,101,107,4,17,L 2
2002,CHI,2001-12-15,8:30p,,Atlanta Hawks,L,,79,80,4,18,L 3
2002,CHI,2001-12-18,7:00p,@,Cleveland Cavaliers,L,,84,102,4,19,L 4
2002,CHI,2001-12-20,7:00p,@,Toronto Raptors,L,,91,96,4,20,L 5
2002,CHI,2001-12-22,8:30p,,Minnesota Timberwolves,L,,74,95,4,21,L 6
2002,CHI,2001-12-26,8:00p,@,Memphis Grizzlies,L,,85,107,4,22,L 7
2002,CHI,2001-12-27,8:30p,@,Dallas Mavericks,L,,74,89,4,23,L 8
2002,CHI,2001-12-29,8:30p,,Cleveland Cavaliers,W,,103,80,5,23,W 1
2002,CHI,2001-12-31,3:30p,,Milwaukee Bucks,W,,90,83,6,23,W 2
2002,CHI,2002-01-02,8:30p,,Dallas Mavericks,L,,97,107,6,24,L 1
2002,CHI,2002-01-04,7:00p,@,Washington Wizards,L,,83,89,6,25,L 2
2002,CHI,2002-01-05,8:30p,,Utah Jazz,L,OT,111,113,6,26,L 3
2002,CHI,2002-01-07,8:30p,,Seattle SuperSonics,L,,88,100,6,27,L 4
2002,CHI,2002-01-09,8:30p,,Toronto Raptors,L,,73,85,6,28,L 5
2002,CHI,2002-01-11,7:00p,@,Indiana Pacers,L,,90,97,6,29,L 6
2002,CHI,2002-01-12,8:30p,,Los Angeles Lakers,W,OT,106,104,7,29,W 1
2002,CHI,2002-01-15,8:30p,,Charlotte Hornets,L,,86,94,7,30,L 1
2002,CHI,2002-01-17,7:30p,@,Atlanta Hawks,W,,94,91,8,30,W 1
2002,CHI,2002-01-19,1:00p,,Washington Wizards,L,,69,77,8,31,L 1
2002,CHI,2002-01-21,3:30p,,Indiana Pacers,L,,81,93,8,32,L 2
2002,CHI,2002-01-22,7:30p,@,Miami Heat,L,,79,92,8,33,L 3
2002,CHI,2002-01-26,8:30p,,Memphis Grizzlies,W,,95,92,9,33,W 1
2002,CHI,2002-01-29,9:00p,@,Phoenix Suns,L,,90,91,9,34,L 1
2002,CHI,2002-01-30,9:00p,@,Utah Jazz,L,,78,90,9,35,L 2
2002,CHI,2002-02-02,8:00p,@,Seattle SuperSonics,W,,97,91,10,35,W 1
2002,CHI,2002-02-03,10:00p,@,Portland Trail Blazers,L,,96,101,10,36,L 1
2002,CHI,2002-02-06,10:30p,@,Los Angeles Lakers,W,,97,89,11,36,W 1
2002,CHI,2002-02-12,8:30p,,Milwaukee Bucks,W,,96,92,12,36,W 2
2002,CHI,2002-02-13,7:00p,@,Charlotte Hornets,L,,91,113,12,37,L 1
2002,CHI,2002-02-15,8:30p,,New Jersey Nets,L,,81,106,12,38,L 2
2002,CHI,2002-02-16,8:30p,,Cleveland Cavaliers,L,,101,114,12,39,L 3
2002,CHI,2002-02-18,7:30p,@,Miami Heat,L,,80,102,12,40,L 4
2002,CHI,2002-02-20,8:30p,,New York Knicks,W,,113,109,13,40,W 1
2002,CHI,2002-02-22,8:30p,,Phoenix Suns,W,,91,83,14,40,W 2
2002,CHI,2002-02-23,8:30p,,Golden State Warriors,W,,105,91,15,40,W 3
2002,CHI,2002-02-26,8:30p,,Orlando Magic,L,,97,112,15,41,L 1
2002,CHI,2002-02-27,7:30p,@,Detroit Pistons,L,,89,101,15,42,L 2
2002,CHI,2002-03-01,8:30p,,Washington Wizards,W,,90,81,16,42,W 1
2002,CHI,2002-03-03,3:00p,@,New Jersey Nets,L,,84,92,16,43,L 1
2002,CHI,2002-03-05,7:00p,@,Washington Wizards,L,,90,115,16,44,L 2
2002,CHI,2002-03-06,8:30p,,Miami Heat,L,,87,92,16,45,L 3
2002,CHI,2002-03-08,8:30p,,Los Angeles Clippers,L,,90,94,16,46,L 4
2002,CHI,2002-03-09,8:30p,,San Antonio Spurs,L,,73,100,16,47,L 5
2002,CHI,2002-03-11,8:30p,,Sacramento Kings,L,,103,107,16,48,L 6
2002,CHI,2002-03-12,8:00p,@,Milwaukee Bucks,L,,81,110,16,49,L 7
2002,CHI,2002-03-14,8:30p,@,San Antonio Spurs,L,,86,91,16,50,L 8
2002,CHI,2002-03-16,8:30p,@,Houston Rockets,W,2OT,114,112,17,50,W 1
2002,CHI,2002-03-19,8:30p,,Atlanta Hawks,L,,96,102,17,51,L 1
2002,CHI,2002-03-22,8:30p,,Portland Trail Blazers,L,,93,109,17,52,L 2
2002,CHI,2002-03-23,7:00p,@,Atlanta Hawks,L,,96,112,17,53,L 3
2002,CHI,2002-03-26,7:30p,@,Orlando Magic,L,,82,96,17,54,L 4
2002,CHI,2002-03-28,8:30p,,Philadelphia 76ers,L,,79,99,17,55,L 5
2002,CHI,2002-03-30,8:30p,,Denver Nuggets,L,,84,100,17,56,L 6
2002,CHI,2002-04-03,7:00p,@,Toronto Raptors,L,,104,117,17,57,L 7
2002,CHI,2002-04-05,8:30p,,Toronto Raptors,L,,96,98,17,58,L 8
2002,CHI,2002-04-06,8:00p,@,Cleveland Cavaliers,L,,101,120,17,59,L 9
2002,CHI,2002-04-08,8:30p,,Boston Celtics,W,,105,100,18,59,W 1
2002,CHI,2002-04-10,7:30p,@,Detroit Pistons,W,,102,101,19,59,W 2
2002,CHI,2002-04-11,7:30p,@,New York Knicks,W,OT,104,101,20,59,W 3
2002,CHI,2002-04-13,8:30p,,Detroit Pistons,L,,106,124,20,60,L 1
2002,CHI,2002-04-15,7:00p,@,Philadelphia 76ers,W,,98,96,21,60,W 1
2002,CHI,2002-04-17,7:00p,@,Charlotte Hornets,L,,106,112,21,61,L 1
2002,CLE,2001-10-30,7:00p,,Boston Celtics,L,,89,108,0,1,L 1
2002,CLE,2001-10-31,7:00p,@,Charlotte Hornets,L,,94,100,0,2,L 2
2002,CLE,2001-11-02,7:30p,@,Miami Heat,W,,90,83,1,2,W 1
2002,CLE,2001-11-03,8:30p,,Orlando Magic,L,,69,99,1,3,L 1
2002,CLE,2001-11-06,7:00p,,Sacramento Kings,L,,99,115,1,4,L 2
2002,CLE,2001-11-07,7:30p,@,New York Knicks,L,,64,82,1,5,L 3
2002,CLE,2001-11-10,1:00p,@,New Jersey Nets,L,,84,87,1,6,L 4
2002,CLE,2001-11-13,8:00p,@,Minnesota Timberwolves,W,,107,103,2,6,W 1
2002,CLE,2001-11-14,7:00p,,Dallas Mavericks,L,,94,107,2,7,L 1
2002,CLE,2001-11-16,8:30p,@,San Antonio Spurs,L,,91,105,2,8,L 2
2002,CLE,2001-11-17,8:00p,@,Memphis Grizzlies,L,,93,98,2,9,L 3
2002,CLE,2001-11-21,7:00p,,Memphis Grizzlies,W,,101,94,3,9,W 1
2002,CLE,2001-11-23,7:00p,@,Philadelphia 76ers,L,,68,79,3,10,L 1
2002,CLE,2001-11-24,7:30p,,Miami Heat,W,OT,100,96,4,10,W 1
2002,CLE,2001-11-27,7:00p,,Washington Wizards,W,,94,75,5,10,W 2
2002,CLE,2001-11-29,7:00p,,Atlanta Hawks,L,,96,105,5,11,L 1
2002,CLE,2001-12-01,7:30p,,Charlotte Hornets,W,,93,81,6,11,W 1
2002,CLE,2001-12-04,7:00p,,Detroit Pistons,W,,100,88,7,11,W 2
2002,CLE,2001-12-07,7:30p,@,New Jersey Nets,L,,84,96,7,12,L 1
2002,CLE,2001-12-08,7:30p,,Denver Nuggets,W,,109,99,8,12,W 1
2002,CLE,2001-12-11,8:30p,@,Houston Rockets,W,,107,102,9,12,W 2
2002,CLE,2001-12-13,8:30p,@,Dallas Mavericks,L,,82,102,9,13,L 1
2002,CLE,2001-12-15,7:30p,,Philadelphia 76ers,L,,91,94,9,14,L 2
2002,CLE,2001-12-18,7:00p,,Chicago Bulls,W,,102,84,10,14,W 1
2002,CLE,2001-12-19,7:00p,@,Boston Celtics,L,,98,104,10,15,L 1
2002,CLE,2001-12-21,7:30p,@,Miami Heat,W,OT,86,81,11,15,W 1
2002,CLE,2001-12-22,7:30p,,Indiana Pacers,L,,103,109,11,16,L 1
2002,CLE,2001-12-26,7:00p,,New Jersey Nets,L,,89,91,11,17,L 2
2002,CLE,2001-12-28,7:30p,,New York Knicks,W,,98,88,12,17,W 1
2002,CLE,2001-12-29,8:30p,@,Chicago Bulls,L,,80,103,12,18,L 1
2002,CLE,2002-01-02,7:00p,,Golden State Warriors,W,,113,98,13,18,W 1
2002,CLE,2002-01-04,7:00p,@,Toronto Raptors,L,,91,101,13,19,L 1
2002,CLE,2002-01-05,7:30p,@,Detroit Pistons,L,,91,101,13,20,L 2
2002,CLE,2002-01-07,7:00p,,Portland Trail Blazers,L,,72,98,13,21,L 3
2002,CLE,2002-01-10,9:00p,@,Denver Nuggets,L,,91,96,13,22,L 4
2002,CLE,2002-01-11,10:00p,@,Seattle SuperSonics,L,,100,102,13,23,L 5
2002,CLE,2002-01-13,10:00p,@,Portland Trail Blazers,L,,64,96,13,24,L 6
2002,CLE,2002-01-15,10:00p,@,Sacramento Kings,L,,102,109,13,25,L 7
2002,CLE,2002-01-16,10:30p,@,Golden State Warriors,L,,88,117,13,26,L 8
2002,CLE,2002-01-18,10:30p,@,Los Angeles Clippers,L,,103,109,13,27,L 9
2002,CLE,2002-01-21,7:00p,,Miami Heat,L,OT,93,95,13,28,L 10
2002,CLE,2002-01-24,7:00p,@,Washington Wizards,L,,85,94,13,29,L 11
2002,CLE,2002-01-26,8:00p,,Boston Celtics,L,,101,108,13,30,L 12
2002,CLE,2002-01-29,7:00p,,Minnesota Timberwolves,W,,114,81,14,30,W 1
2002,CLE,2002-01-31,7:00p,,Washington Wizards,L,,92,93,14,31,L 1
2002,CLE,2002-02-02,8:00p,,Detroit Pistons,L,,107,115,14,32,L 2
2002,CLE,2002-02-05,7:30p,@,Orlando Magic,L,,98,106,14,33,L 3
2002,CLE,2002-02-06,7:00p,,Houston Rockets,W,,111,109,15,33,W 1
2002,CLE,2002-02-12,7:00p,,Toronto Raptors,W,,99,81,16,33,W 2
2002,CLE,2002-02-13,8:00p,@,Milwaukee Bucks,W,,115,107,17,33,W 3
2002,CLE,2002-02-16,8:30p,@,Chicago Bulls,W,,114,101,18,33,W 4
2002,CLE,2002-02-18,7:00p,,Utah Jazz,L,,92,103,18,34,L 1
2002,CLE,2002-02-21,7:00p,,Los Angeles Lakers,L,,97,104,18,35,L 2
2002,CLE,2002-02-22,7:00p,@,Indiana Pacers,W,,103,93,19,35,W 1
2002,CLE,2002-02-24,7:00p,,Orlando Magic,W,,111,96,20,35,W 2
2002,CLE,2002-02-26,7:00p,,Seattle SuperSonics,L,,89,109,20,36,L 1
2002,CLE,2002-02-28,7:00p,,San Antonio Spurs,W,OT,114,107,21,36,W 1
2002,CLE,2002-03-02,7:00p,@,Atlanta Hawks,L,,81,84,21,37,L 1
2002,CLE,2002-03-03,7:00p,,Milwaukee Bucks,L,,91,101,21,38,L 2
2002,CLE,2002-03-05,7:00p,,Atlanta Hawks,W,,103,96,22,38,W 1
2002,CLE,2002-03-06,7:00p,@,Philadelphia 76ers,L,,76,85,22,39,L 1
2002,CLE,2002-03-08,8:30p,@,Milwaukee Bucks,W,OT,115,109,23,39,W 1
2002,CLE,2002-03-10,3:00p,,Los Angeles Clippers,L,,78,95,23,40,L 1
2002,CLE,2002-03-13,7:30p,@,Detroit Pistons,L,,84,85,23,41,L 2
2002,CLE,2002-03-16,7:30p,@,New York Knicks,L,,95,105,23,42,L 3
2002,CLE,2002-03-17,7:00p,,New York Knicks,W,,104,99,24,42,W 1
2002,CLE,2002-03-19,7:00p,,New Jersey Nets,W,,100,97,25,42,W 2
2002,CLE,2002-03-20,7:00p,@,Boston Celtics,L,,70,96,25,43,L 1
2002,CLE,2002-03-22,7:30p,,Toronto Raptors,L,,80,94,25,44,L 2
2002,CLE,2002-03-25,9:00p,@,Phoenix Suns,L,,96,102,25,45,L 3
2002,CLE,2002-03-26,10:30p,@,Los Angeles Lakers,L,,116,121,25,46,L 4
2002,CLE,2002-03-28,9:00p,@,Utah Jazz,L,,91,112,25,47,L 5
2002,CLE,2002-03-30,7:30p,,Charlotte Hornets,L,,85,93,25,48,L 6
2002,CLE,2002-04-02,7:00p,,Phoenix Suns,W,,101,96,26,48,W 1
2002,CLE,2002-04-04,7:30p,@,Orlando Magic,L,,101,105,26,49,L 1
2002,CLE,2002-04-06,8:00p,,Chicago Bulls,W,,120,101,27,49,W 1
2002,CLE,2002-04-08,8:00p,@,Indiana Pacers,W,,111,99,28,49,W 2
2002,CLE,2002-04-10,7:00p,,Milwaukee Bucks,W,,106,81,29,49,W 3
2002,CLE,2002-04-12,7:30p,@,Charlotte Hornets,L,,100,112,29,50,L 1
2002,CLE,2002-04-13,7:00p,@,Atlanta Hawks,L,2OT,123,128,29,51,L 2
2002,CLE,2002-04-16,7:00p,,Indiana Pacers,L,,95,99,29,52,L 3
2002,CLE,2002-04-17,7:00p,@,Toronto Raptors,L,,85,103,29,53,L 4
2002,DAL,2001-10-30,8:30p,,Detroit Pistons,W,,94,87,1,0,W 1
2002,DAL,2001-11-01,7:00p,@,Philadelphia 76ers,W,,99,92,2,0,W 2
2002,DAL,2001-11-02,7:00p,@,Toronto Raptors,L,,92,109,2,1,L 1
2002,DAL,2001-11-04,3:00p,@,Memphis Grizzlies,W,,94,85,3,1,W 1
2002,DAL,2001-11-06,8:30p,,Charlotte Hornets,W,,110,92,4,1,W 2
2002,DAL,2001-11-08,8:30p,,Denver Nuggets,W,,105,91,5,1,W 3
2002,DAL,2001-11-10,8:30p,,Philadelphia 76ers,L,,91,98,5,2,L 1
2002,DAL,2001-11-14,7:00p,@,Cleveland Cavaliers,W,,107,94,6,2,W 1
2002,DAL,2001-11-15,7:30p,@,Detroit Pistons,L,,89,115,6,3,L 1
2002,DAL,2001-11-17,8:30p,@,Houston Rockets,L,,87,124,6,4,L 2
2002,DAL,2001-11-20,8:30p,,Seattle SuperSonics,L,,97,105,6,5,L 3
2002,DAL,2001-11-21,7:00p,@,Charlotte Hornets,W,,89,78,7,5,W 1
2002,DAL,2001-11-23,7:30p,@,Miami Heat,W,,104,94,8,5,W 2
2002,DAL,2001-11-24,8:30p,,Phoenix Suns,W,,119,104,9,5,W 3
2002,DAL,2001-11-27,8:30p,,Golden State Warriors,W,,116,106,10,5,W 4
2002,DAL,2001-11-29,8:30p,,Sacramento Kings,L,,98,110,10,6,L 1
2002,DAL,2001-12-01,10:30p,@,Golden State Warriors,W,,111,82,11,6,W 1
2002,DAL,2001-12-02,9:00p,@,Sacramento Kings,W,OT,120,114,12,6,W 2
2002,DAL,2001-12-05,10:30p,@,Los Angeles Lakers,L,,94,98,12,7,L 1
2002,DAL,2001-12-08,8:30p,,Washington Wizards,L,,95,102,12,8,L 2
2002,DAL,2001-12-10,9:00p,@,Utah Jazz,L,,98,107,12,9,L 3
2002,DAL,2001-12-11,8:30p,,Portland Trail Blazers,W,,105,103,13,9,W 1
2002,DAL,2001-12-13,8:30p,,Cleveland Cavaliers,W,,102,82,14,9,W 2
2002,DAL,2001-12-15,8:30p,,Minnesota Timberwolves,W,,125,117,15,9,W 3
2002,DAL,2001-12-18,8:00p,@,Minnesota Timberwolves,W,,107,103,16,9,W 4
2002,DAL,2001-12-20,8:30p,,Milwaukee Bucks,W,,113,101,17,9,W 5
2002,DAL,2001-12-22,8:30p,,Orlando Magic,W,,102,80,18,9,W 6
2002,DAL,2001-12-26,8:00p,@,San Antonio Spurs,W,OT,126,123,19,9,W 7
2002,DAL,2001-12-27,8:30p,,Chicago Bulls,W,,89,74,20,9,W 8
2002,DAL,2001-12-29,8:30p,,Atlanta Hawks,W,,113,97,21,9,W 9
2002,DAL,2002-01-02,8:30p,@,Chicago Bulls,W,,107,97,22,9,W 10
2002,DAL,2002-01-03,7:30p,@,New York Knicks,L,OT,101,108,22,10,L 1
2002,DAL,2002-01-05,8:30p,,San Antonio Spurs,L,,103,105,22,11,L 2
2002,DAL,2002-01-08,8:30p,,Denver Nuggets,W,,95,94,23,11,W 1
2002,DAL,2002-01-10,9:00p,,New York Knicks,W,,111,89,24,11,W 2
2002,DAL,2002-01-12,8:30p,,Indiana Pacers,W,,111,102,25,11,W 3
2002,DAL,2002-01-14,7:30p,@,Orlando Magic,L,,87,113,25,12,L 1
2002,DAL,2002-01-15,7:30p,@,Atlanta Hawks,W,,116,107,26,12,W 1
2002,DAL,2002-01-17,8:00p,@,Memphis Grizzlies,W,,108,97,27,12,W 2
2002,DAL,2002-01-19,9:00p,,Utah Jazz,W,,106,103,28,12,W 3
2002,DAL,2002-01-21,3:00p,,New Jersey Nets,W,,113,105,29,12,W 4
2002,DAL,2002-01-22,8:30p,@,Houston Rockets,W,,113,107,30,12,W 5
2002,DAL,2002-01-24,9:00p,@,Denver Nuggets,W,,104,97,31,12,W 6
2002,DAL,2002-01-26,10:30p,@,Los Angeles Clippers,W,,133,112,32,12,W 7
2002,DAL,2002-01-29,8:00p,,Los Angeles Clippers,L,,100,117,32,13,L 1
2002,DAL,2002-01-31,9:00p,,Houston Rockets,W,,95,91,33,13,W 1
2002,DAL,2002-02-03,2:30p,,Los Angeles Lakers,L,,94,101,33,14,L 1
2002,DAL,2002-02-05,8:00p,@,Indiana Pacers,W,2OT,141,140,34,14,W 1
2002,DAL,2002-02-06,7:30p,@,New Jersey Nets,W,,112,100,35,14,W 2
2002,DAL,2002-02-12,10:00p,@,Seattle SuperSonics,W,,112,106,36,14,W 3
2002,DAL,2002-02-13,10:00p,@,Portland Trail Blazers,L,,103,114,36,15,L 1
2002,DAL,2002-02-16,10:30p,@,Los Angeles Clippers,L,,110,119,36,16,L 2
2002,DAL,2002-02-17,8:00p,@,Phoenix Suns,W,,105,92,37,16,W 1
2002,DAL,2002-02-19,8:00p,,Minnesota Timberwolves,L,,100,117,37,17,L 1
2002,DAL,2002-02-21,8:30p,,Boston Celtics,W,,98,92,38,17,W 1
2002,DAL,2002-02-23,5:30p,,Sacramento Kings,W,,111,97,39,17,W 2
2002,DAL,2002-02-26,8:30p,,Memphis Grizzlies,W,,104,91,40,17,W 3
2002,DAL,2002-03-02,8:30p,,Miami Heat,L,,95,109,40,18,L 1
2002,DAL,2002-03-03,9:00p,@,Denver Nuggets,W,OT,116,110,41,18,W 1
2002,DAL,2002-03-05,8:30p,,Phoenix Suns,W,,81,77,42,18,W 2
2002,DAL,2002-03-07,9:00p,,Toronto Raptors,W,,122,103,43,18,W 3
2002,DAL,2002-03-09,8:30p,,Golden State Warriors,W,,107,105,44,18,W 4
2002,DAL,2002-03-11,8:30p,,Seattle SuperSonics,W,,119,108,45,18,W 5
2002,DAL,2002-03-14,10:00p,@,Portland Trail Blazers,L,,106,132,45,19,L 1
2002,DAL,2002-03-16,10:30p,@,Golden State Warriors,W,,117,100,46,19,W 1
2002,DAL,2002-03-17,9:30p,@,Los Angeles Lakers,L,,103,105,46,20,L 1
2002,DAL,2002-03-19,8:30p,,Los Angeles Lakers,W,,114,98,47,20,W 1
2002,DAL,2002-03-21,8:30p,,San Antonio Spurs,L,,102,105,47,21,L 1
2002,DAL,2002-03-23,8:30p,,Memphis Grizzlies,W,,111,100,48,21,W 1
2002,DAL,2002-03-26,8:00p,@,Milwaukee Bucks,W,OT,112,106,49,21,W 2
2002,DAL,2002-03-28,8:00p,@,Minnesota Timberwolves,L,,111,113,49,22,L 1
2002,DAL,2002-03-29,7:30p,@,Boston Celtics,W,,108,82,50,22,W 1
2002,DAL,2002-03-31,3:00p,@,Washington Wizards,W,,110,103,51,22,W 2
2002,DAL,2002-04-04,9:00p,,Los Angeles Clippers,W,,115,90,52,22,W 3
2002,DAL,2002-04-06,5:30p,@,San Antonio Spurs,L,,87,89,52,23,L 1
2002,DAL,2002-04-08,9:00p,@,Utah Jazz,W,,105,96,53,23,W 1
2002,DAL,2002-04-09,8:30p,,Portland Trail Blazers,W,,108,96,54,23,W 2
2002,DAL,2002-04-11,8:30p,,Houston Rockets,L,OT,95,98,54,24,L 1
2002,DAL,2002-04-13,8:00p,@,Seattle SuperSonics,W,,116,99,55,24,W 1
2002,DAL,2002-04-14,9:00p,@,Sacramento Kings,W,,113,100,56,24,W 2
2002,DAL,2002-04-16,8:30p,,Utah Jazz,W,,96,87,57,24,W 3
2002,DAL,2002-04-17,10:00p,@,Phoenix Suns,L,,76,89,57,25,L 1
2002,DAL,2002-04-21,3:00p,,Minnesota Timberwolves,W,,101,94,1,0,W 1
2002,DAL,2002-04-24,9:30p,,Minnesota Timberwolves,W,,122,110,2,0,W 2
2002,DAL,2002-04-28,3:00p,@,Minnesota Timberwolves,W,,115,102,3,0,W 3
2002,DAL,2002-05-04,6:30p,@,Sacramento Kings,L,,91,108,3,1,L 1
2002,DAL,2002-05-06,9:00p,@,Sacramento Kings,W,,110,102,4,1,W 1
2002,DAL,2002-05-09,9:30p,,Sacramento Kings,L,,119,125,4,2,L 1
2002,DAL,2002-05-11,3:30p,,Sacramento Kings,L,OT,113,115,4,3,L 2
2002,DAL,2002-05-13,9:00p,@,Sacramento Kings,L,,101,114,4,4,L 3
2002,DEN,2001-10-30,9:00p,@,Phoenix Suns,W,,99,96,1,0,W 1
2002,DEN,2001-11-01,9:00p,,Milwaukee Bucks,L,,101,102,1,1,L 1
2002,DEN,2001-11-03,9:00p,,Sacramento Kings,L,,94,106,1,2,L 2
2002,DEN,2001-11-06,8:30p,@,Houston Rockets,L,,93,99,1,3,L 3
2002,DEN,2001-11-08,8:30p,@,Dallas Mavericks,L,,91,105,1,4,L 4
2002,DEN,2001-11-09,9:00p,,Houston Rockets,W,,108,81,2,4,W 1
2002,DEN,2001-11-11,9:00p,,Toronto Raptors,W,,96,85,3,4,W 2
2002,DEN,2001-11-13,9:00p,,Chicago Bulls,W,,101,93,4,4,W 3
2002,DEN,2001-11-15,9:00p,,Orlando Magic,L,,82,101,4,5,L 1
2002,DEN,2001-11-17,10:30p,@,Seattle SuperSonics,W,,103,93,5,5,W 1
2002,DEN,2001-11-19,9:00p,,New Jersey Nets,W,OT,99,96,6,5,W 2
2002,DEN,2001-11-21,9:00p,,Los Angeles Lakers,L,,68,89,6,6,L 1
2002,DEN,2001-11-23,10:00p,@,Portland Trail Blazers,L,,90,97,6,7,L 2
2002,DEN,2001-11-25,9:30p,@,Los Angeles Lakers,L,,98,105,6,8,L 3
2002,DEN,2001-11-28,9:00p,,Indiana Pacers,L,,85,99,6,9,L 4
2002,DEN,2001-11-30,9:00p,,Los Angeles Clippers,W,,96,93,7,9,W 1
2002,DEN,2001-12-04,7:00p,@,Indiana Pacers,L,,96,104,7,10,L 1
2002,DEN,2001-12-05,7:00p,@,Boston Celtics,L,,80,95,7,11,L 2
2002,DEN,2001-12-07,7:00p,@,Toronto Raptors,L,OT,96,98,7,12,L 3
2002,DEN,2001-12-08,7:30p,@,Cleveland Cavaliers,L,,99,109,7,13,L 4
2002,DEN,2001-12-11,9:00p,,Charlotte Hornets,L,,96,99,7,14,L 5
2002,DEN,2001-12-13,9:00p,,Memphis Grizzlies,W,,89,86,8,14,W 1
2002,DEN,2001-12-15,9:00p,,Phoenix Suns,W,,106,98,9,14,W 2
2002,DEN,2001-12-18,9:00p,,San Antonio Spurs,L,,93,102,9,15,L 1
2002,DEN,2001-12-21,8:30p,@,San Antonio Spurs,L,,74,109,9,16,L 2
2002,DEN,2001-12-22,9:00p,,Golden State Warriors,L,,101,105,9,17,L 3
2002,DEN,2001-12-26,9:00p,,Minnesota Timberwolves,L,,91,94,9,18,L 4
2002,DEN,2001-12-28,9:00p,,Philadelphia 76ers,W,,93,90,10,18,W 1
2002,DEN,2001-12-29,9:00p,@,Phoenix Suns,L,,92,109,10,19,L 1
2002,DEN,2002-01-02,9:00p,,Los Angeles Lakers,L,,86,87,10,20,L 2
2002,DEN,2002-01-04,9:00p,,Los Angeles Clippers,L,,80,82,10,21,L 3
2002,DEN,2002-01-07,7:00p,@,Charlotte Hornets,L,,80,94,10,22,L 4
2002,DEN,2002-01-08,8:30p,@,Dallas Mavericks,L,,94,95,10,23,L 5
2002,DEN,2002-01-10,9:00p,,Cleveland Cavaliers,W,,96,91,11,23,W 1
2002,DEN,2002-01-12,8:30p,@,Houston Rockets,L,,86,98,11,24,L 1
2002,DEN,2002-01-14,9:00p,@,Utah Jazz,L,,97,106,11,25,L 2
2002,DEN,2002-01-16,8:00p,,Sacramento Kings,L,,107,112,11,26,L 3
2002,DEN,2002-01-18,9:00p,,Seattle SuperSonics,W,,96,90,12,26,W 1
2002,DEN,2002-01-19,10:00p,@,Seattle SuperSonics,L,,77,104,12,27,L 1
2002,DEN,2002-01-21,10:30p,@,Los Angeles Clippers,L,,89,102,12,28,L 2
2002,DEN,2002-01-22,10:30p,@,Los Angeles Lakers,W,,107,91,13,28,W 1
2002,DEN,2002-01-24,9:00p,,Dallas Mavericks,L,,97,104,13,29,L 1
2002,DEN,2002-01-29,9:00p,,Miami Heat,L,OT,94,100,13,30,L 2
2002,DEN,2002-02-01,10:00p,@,Sacramento Kings,L,,96,132,13,31,L 3
2002,DEN,2002-02-05,9:00p,,Portland Trail Blazers,W,,97,96,14,31,W 1
2002,DEN,2002-02-12,9:00p,,Boston Celtics,L,,93,110,14,32,L 1
2002,DEN,2002-02-14,8:00p,@,Memphis Grizzlies,W,,100,85,15,32,W 1
2002,DEN,2002-02-15,8:00p,@,Minnesota Timberwolves,W,,99,98,16,32,W 2
2002,DEN,2002-02-17,1:00p,@,New Jersey Nets,L,,77,98,16,33,L 1
2002,DEN,2002-02-18,7:00p,@,Philadelphia 76ers,L,,83,110,16,34,L 2
2002,DEN,2002-02-20,9:00p,,Utah Jazz,L,,99,110,16,35,L 3
2002,DEN,2002-02-23,10:00p,@,Portland Trail Blazers,L,,90,101,16,36,L 4
2002,DEN,2002-02-24,9:00p,,Atlanta Hawks,L,,84,89,16,37,L 5
2002,DEN,2002-02-27,10:30p,@,Golden State Warriors,L,,93,110,16,38,L 6
2002,DEN,2002-03-01,9:00p,,Memphis Grizzlies,W,,96,83,17,38,W 1
2002,DEN,2002-03-03,9:00p,,Dallas Mavericks,L,OT,110,116,17,39,L 1
2002,DEN,2002-03-04,9:00p,@,Utah Jazz,L,,82,100,17,40,L 2
2002,DEN,2002-03-07,9:00p,,New York Knicks,W,,104,93,18,40,W 1
2002,DEN,2002-03-09,10:00p,,Portland Trail Blazers,W,OT,109,106,19,40,W 2
2002,DEN,2002-03-11,9:00p,,San Antonio Spurs,L,,78,93,19,41,L 1
2002,DEN,2002-03-13,7:30p,@,Atlanta Hawks,L,,102,105,19,42,L 2
2002,DEN,2002-03-15,7:30p,@,Orlando Magic,L,,102,124,19,43,L 3
2002,DEN,2002-03-16,7:30p,@,Miami Heat,L,,76,101,19,44,L 4
2002,DEN,2002-03-18,9:00p,,Detroit Pistons,L,,91,98,19,45,L 5
2002,DEN,2002-03-20,9:00p,,Washington Wizards,L,,75,107,19,46,L 6
2002,DEN,2002-03-21,10:00p,@,Sacramento Kings,L,,82,118,19,47,L 7
2002,DEN,2002-03-23,10:00p,,Seattle SuperSonics,W,,88,85,20,47,W 1
2002,DEN,2002-03-25,7:30p,@,New York Knicks,W,,84,83,21,47,W 2
2002,DEN,2002-03-26,7:00p,@,Washington Wizards,L,,87,103,21,48,L 1
2002,DEN,2002-03-28,8:00p,@,Milwaukee Bucks,L,,88,95,21,49,L 2
2002,DEN,2002-03-30,8:30p,@,Chicago Bulls,W,,100,84,22,49,W 1
2002,DEN,2002-03-31,8:00p,@,Detroit Pistons,L,,82,86,22,50,L 1
2002,DEN,2002-04-02,9:00p,,Utah Jazz,W,,98,90,23,50,W 1
2002,DEN,2002-04-04,9:00p,,Minnesota Timberwolves,W,,88,87,24,50,W 2
2002,DEN,2002-04-05,10:30p,@,Golden State Warriors,L,,104,108,24,51,L 1
2002,DEN,2002-04-07,9:00p,@,Los Angeles Clippers,L,,75,97,24,52,L 2
2002,DEN,2002-04-09,8:00p,@,Memphis Grizzlies,L,,86,97,24,53,L 3
2002,DEN,2002-04-10,8:30p,@,San Antonio Spurs,L,,79,87,24,54,L 4
2002,DEN,2002-04-12,9:00p,,Golden State Warriors,W,,97,89,25,54,W 1
2002,DEN,2002-04-13,9:00p,,Phoenix Suns,W,,98,94,26,54,W 2
2002,DEN,2002-04-16,9:00p,,Houston Rockets,W,,101,70,27,54,W 3
2002,DEN,2002-04-17,8:00p,@,Minnesota Timberwolves,L,,90,104,27,55,L 1
2002,DET,2001-10-30,8:30p,@,Dallas Mavericks,L,,87,94,0,1,L 1
2002,DET,2001-11-01,8:00p,@,Memphis Grizzlies,W,,90,80,1,1,W 1
2002,DET,2001-11-02,8:00p,,New Jersey Nets,W,,102,88,2,1,W 2
2002,DET,2001-11-04,7:00p,,Washington Wizards,W,,100,78,3,1,W 3
2002,DET,2001-11-07,8:30p,@,Chicago Bulls,W,,97,73,4,1,W 4
2002,DET,2001-11-11,6:00p,,Portland Trail Blazers,L,,98,100,4,2,L 1
2002,DET,2001-11-15,7:30p,,Dallas Mavericks,W,,115,89,5,2,W 1
2002,DET,2001-11-17,7:30p,,Indiana Pacers,W,,104,98,6,2,W 2
2002,DET,2001-11-20,6:30p,@,Toronto Raptors,W,,88,84,7,2,W 3
2002,DET,2001-11-21,7:00p,@,Philadelphia 76ers,L,,89,94,7,3,L 1
2002,DET,2001-11-23,7:30p,@,Atlanta Hawks,L,,99,106,7,4,L 2
2002,DET,2001-11-24,7:30p,,Memphis Grizzlies,W,,91,84,8,4,W 1
2002,DET,2001-11-26,7:30p,@,Orlando Magic,W,,105,100,9,4,W 2
2002,DET,2001-11-28,7:30p,,Charlotte Hornets,L,,96,104,9,5,L 1
2002,DET,2001-11-30,7:30p,@,Charlotte Hornets,W,,110,105,10,5,W 1
2002,DET,2001-12-01,8:00p,@,New York Knicks,W,,100,97,11,5,W 2
2002,DET,2001-12-04,7:00p,@,Cleveland Cavaliers,L,,88,100,11,6,L 1
2002,DET,2001-12-05,7:30p,,Seattle SuperSonics,W,,95,91,12,6,W 1
2002,DET,2001-12-09,6:00p,,Houston Rockets,W,,105,77,13,6,W 2
2002,DET,2001-12-13,7:30p,,New York Knicks,W,,99,97,14,6,W 3
2002,DET,2001-12-16,3:30p,@,Los Angeles Clippers,L,,77,82,14,7,L 1
2002,DET,2001-12-18,10:00p,@,Sacramento Kings,L,,98,102,14,8,L 2
2002,DET,2001-12-19,10:30p,@,Golden State Warriors,L,,88,101,14,9,L 3
2002,DET,2001-12-21,10:00p,@,Portland Trail Blazers,L,,81,83,14,10,L 4
2002,DET,2001-12-22,10:00p,@,Seattle SuperSonics,L,,89,117,14,11,L 5
2002,DET,2001-12-27,7:30p,,New Jersey Nets,L,,75,88,14,12,L 6
2002,DET,2001-12-28,7:30p,@,Orlando Magic,L,,78,87,14,13,L 7
2002,DET,2001-12-30,6:00p,,Miami Heat,W,,86,80,15,13,W 1
2002,DET,2002-01-02,8:30p,@,San Antonio Spurs,L,,85,97,15,14,L 1
2002,DET,2002-01-03,8:30p,@,Houston Rockets,L,,97,99,15,15,L 2
2002,DET,2002-01-05,7:30p,,Cleveland Cavaliers,W,,101,91,16,15,W 1
2002,DET,2002-01-07,8:00p,@,Minnesota Timberwolves,L,,93,109,16,16,L 1
2002,DET,2002-01-08,8:00p,,Los Angeles Lakers,L,,92,121,16,17,L 2
2002,DET,2002-01-11,7:30p,@,Boston Celtics,L,,90,104,16,18,L 3
2002,DET,2002-01-12,7:30p,,Charlotte Hornets,W,,104,76,17,18,W 1
2002,DET,2002-01-15,7:30p,,Toronto Raptors,L,,90,92,17,19,L 1
2002,DET,2002-01-18,7:00p,@,Indiana Pacers,W,,96,93,18,19,W 1
2002,DET,2002-01-19,7:30p,,Boston Celtics,W,,94,91,19,19,W 2
2002,DET,2002-01-21,3:00p,,Milwaukee Bucks,L,,79,97,19,20,L 1
2002,DET,2002-01-23,7:30p,,Minnesota Timberwolves,W,,104,83,20,20,W 1
2002,DET,2002-01-25,7:30p,@,Atlanta Hawks,W,,107,90,21,20,W 2
2002,DET,2002-01-29,7:00p,@,Washington Wizards,W,,89,86,22,20,W 3
2002,DET,2002-01-30,7:30p,,Atlanta Hawks,W,,88,71,23,20,W 4
2002,DET,2002-02-01,8:00p,,Orlando Magic,L,,83,85,23,21,L 1
2002,DET,2002-02-02,8:00p,@,Cleveland Cavaliers,W,,115,107,24,21,W 1
2002,DET,2002-02-05,7:30p,,Philadelphia 76ers,W,,86,82,25,21,W 2
2002,DET,2002-02-07,7:30p,,Los Angeles Clippers,W,,105,92,26,21,W 3
2002,DET,2002-02-12,7:30p,,Phoenix Suns,L,,71,99,26,22,L 1
2002,DET,2002-02-14,7:30p,@,New Jersey Nets,W,,85,80,27,22,W 1
2002,DET,2002-02-15,7:30p,@,New York Knicks,W,,101,90,28,22,W 2
2002,DET,2002-02-18,7:30p,,Toronto Raptors,W,,89,76,29,22,W 3
2002,DET,2002-02-20,7:30p,,Washington Wizards,W,,97,90,30,22,W 4
2002,DET,2002-02-22,7:00p,@,Toronto Raptors,W,,80,72,31,22,W 5
2002,DET,2002-02-24,3:00p,@,Milwaukee Bucks,L,,82,89,31,23,L 1
2002,DET,2002-02-27,7:30p,,Chicago Bulls,W,,101,89,32,23,W 1
2002,DET,2002-03-01,8:00p,,Orlando Magic,W,,110,102,33,23,W 2
2002,DET,2002-03-03,3:00p,@,Charlotte Hornets,W,,83,81,34,23,W 3
2002,DET,2002-03-05,7:30p,,Miami Heat,L,,91,93,34,24,L 1
2002,DET,2002-03-07,7:00p,@,Washington Wizards,W,,95,92,35,24,W 1
2002,DET,2002-03-08,7:30p,@,Boston Celtics,L,,92,117,35,25,L 1
2002,DET,2002-03-10,3:00p,,Indiana Pacers,L,,84,89,35,26,L 2
2002,DET,2002-03-13,7:30p,,Cleveland Cavaliers,W,,85,84,36,26,W 1
2002,DET,2002-03-15,8:00p,,Utah Jazz,L,,97,100,36,27,L 1
2002,DET,2002-03-16,8:30p,@,Milwaukee Bucks,W,,102,94,37,27,W 1
2002,DET,2002-03-18,9:00p,@,Denver Nuggets,W,,98,91,38,27,W 2
2002,DET,2002-03-19,9:00p,@,Utah Jazz,W,,94,87,39,27,W 3
2002,DET,2002-03-21,9:00p,@,Phoenix Suns,W,,95,82,40,27,W 4
2002,DET,2002-03-22,10:30p,@,Los Angeles Lakers,L,,82,94,40,28,L 1
2002,DET,2002-03-24,12:00p,,Boston Celtics,W,,109,101,41,28,W 1
2002,DET,2002-03-26,7:00p,@,Indiana Pacers,W,,96,77,42,28,W 2
2002,DET,2002-03-27,7:30p,,New York Knicks,L,,82,89,42,29,L 1
2002,DET,2002-03-29,8:00p,,Golden State Warriors,W,,110,103,43,29,W 1
2002,DET,2002-03-31,8:00p,,Denver Nuggets,W,,86,82,44,29,W 2
2002,DET,2002-04-02,7:30p,@,Miami Heat,W,,90,87,45,29,W 3
2002,DET,2002-04-03,7:30p,,Sacramento Kings,L,,86,107,45,30,L 1
2002,DET,2002-04-05,7:00p,@,Philadelphia 76ers,W,,92,88,46,30,W 1
2002,DET,2002-04-08,7:30p,,Atlanta Hawks,W,,105,99,47,30,W 2
2002,DET,2002-04-10,7:30p,,Chicago Bulls,L,,101,102,47,31,L 1
2002,DET,2002-04-12,8:00p,,San Antonio Spurs,L,,86,96,47,32,L 2
2002,DET,2002-04-13,8:30p,@,Chicago Bulls,W,,124,106,48,32,W 1
2002,DET,2002-04-16,8:00p,@,New Jersey Nets,W,,103,98,49,32,W 2
2002,DET,2002-04-17,7:30p,,Milwaukee Bucks,W,,123,89,50,32,W 3
2002,DET,2002-04-21,8:30p,,Toronto Raptors,W,,85,63,1,0,W 1
2002,DET,2002-04-24,7:00p,,Toronto Raptors,W,,96,91,2,0,W 2
2002,DET,2002-04-27,8:30p,@,Toronto Raptors,L,,84,94,2,1,L 1
2002,DET,2002-04-29,7:30p,@,Toronto Raptors,L,,83,89,2,2,L 2
2002,DET,2002-05-02,8:30p,,Toronto Raptors,W,,85,82,3,2,W 1
2002,DET,2002-05-05,3:00p,,Boston Celtics,W,,96,84,4,2,W 2
2002,DET,2002-05-08,8:00p,,Boston Celtics,L,,77,85,4,3,L 1
2002,DET,2002-05-10,7:00p,@,Boston Celtics,L,,64,66,4,4,L 2
2002,DET,2002-05-12,3:00p,@,Boston Celtics,L,,79,90,4,5,L 3
2002,DET,2002-05-14,8:00p,,Boston Celtics,L,,81,90,4,6,L 4
2002,GSW,2001-10-31,10:00p,@,Portland Trail Blazers,L,,87,92,0,1,L 1
2002,GSW,2001-11-01,10:30p,,Phoenix Suns,L,,101,107,0,2,L 2
2002,GSW,2001-11-03,10:30p,@,Los Angeles Clippers,W,OT,110,108,1,2,W 1
2002,GSW,2001-11-04,9:00p,,Portland Trail Blazers,W,,96,86,2,2,W 2
2002,GSW,2001-11-07,7:00p,@,Toronto Raptors,L,,92,109,2,3,L 1
2002,GSW,2001-11-09,7:00p,@,Washington Wizards,W,,109,100,3,3,W 1
2002,GSW,2001-11-10,7:30p,@,New York Knicks,W,,90,71,4,3,W 2
2002,GSW,2001-11-12,8:00p,@,Memphis Grizzlies,W,,86,79,5,3,W 3
2002,GSW,2001-11-14,10:30p,,Toronto Raptors,L,,82,89,5,4,L 1
2002,GSW,2001-11-16,10:00p,@,Seattle SuperSonics,L,,91,100,5,5,L 2
2002,GSW,2001-11-17,10:30p,,Chicago Bulls,W,,93,88,6,5,W 1
2002,GSW,2001-11-20,10:30p,,New York Knicks,L,,70,94,6,6,L 1
2002,GSW,2001-11-23,10:30p,@,Los Angeles Lakers,L,,90,106,6,7,L 2
2002,GSW,2001-11-25,9:00p,,New Jersey Nets,W,,101,85,7,7,W 1
2002,GSW,2001-11-27,8:30p,@,Dallas Mavericks,L,,106,116,7,8,L 1
2002,GSW,2001-11-28,8:30p,@,San Antonio Spurs,L,,83,94,7,9,L 2
2002,GSW,2001-12-01,10:30p,,Dallas Mavericks,L,,82,111,7,10,L 3
2002,GSW,2001-12-03,9:00p,@,Phoenix Suns,L,,93,110,7,11,L 4
2002,GSW,2001-12-05,10:30p,,Philadelphia 76ers,W,,93,87,8,11,W 1
2002,GSW,2001-12-07,10:30p,,Charlotte Hornets,L,,89,106,8,12,L 1
2002,GSW,2001-12-08,9:00p,@,Utah Jazz,L,,101,111,8,13,L 2
2002,GSW,2001-12-11,8:00p,@,Minnesota Timberwolves,L,,86,107,8,14,L 3
2002,GSW,2001-12-13,9:00p,,Orlando Magic,L,,100,105,8,15,L 4
2002,GSW,2001-12-15,10:30p,,Memphis Grizzlies,W,,93,84,9,15,W 1
2002,GSW,2001-12-16,9:30p,@,Los Angeles Lakers,L,,85,101,9,16,L 1
2002,GSW,2001-12-19,10:30p,,Detroit Pistons,W,,101,88,10,16,W 1
2002,GSW,2001-12-21,10:30p,,Seattle SuperSonics,L,OT,108,111,10,17,L 1
2002,GSW,2001-12-22,9:00p,@,Denver Nuggets,W,,105,101,11,17,W 1
2002,GSW,2001-12-26,10:30p,,Los Angeles Lakers,W,,101,90,12,17,W 2
2002,GSW,2001-12-28,10:30p,,Houston Rockets,L,,93,100,12,18,L 1
2002,GSW,2002-01-02,7:00p,@,Cleveland Cavaliers,L,,98,113,12,19,L 2
2002,GSW,2002-01-03,7:00p,@,Charlotte Hornets,L,,102,114,12,20,L 3
2002,GSW,2002-01-05,7:30p,@,Orlando Magic,L,,109,118,12,21,L 4
2002,GSW,2002-01-06,7:30p,@,Miami Heat,L,,84,92,12,22,L 5
2002,GSW,2002-01-08,10:30p,,Milwaukee Bucks,L,,97,113,12,23,L 6
2002,GSW,2002-01-14,10:30p,,Miami Heat,L,,79,85,12,24,L 7
2002,GSW,2002-01-16,10:30p,,Cleveland Cavaliers,W,,117,88,13,24,W 1
2002,GSW,2002-01-18,10:00p,@,Sacramento Kings,L,,97,121,13,25,L 1
2002,GSW,2002-01-19,10:30p,,Minnesota Timberwolves,L,,102,105,13,26,L 2
2002,GSW,2002-01-21,4:00p,,Utah Jazz,L,,99,101,13,27,L 3
2002,GSW,2002-01-23,10:30p,,Memphis Grizzlies,W,,107,95,14,27,W 1
2002,GSW,2002-01-26,10:30p,,San Antonio Spurs,L,,82,90,14,28,L 1
2002,GSW,2002-01-29,8:30p,@,Houston Rockets,L,OT,96,100,14,29,L 2
2002,GSW,2002-02-01,9:00p,@,Phoenix Suns,L,,98,104,14,30,L 3
2002,GSW,2002-02-03,9:00p,,Phoenix Suns,L,,97,98,14,31,L 4
2002,GSW,2002-02-05,10:30p,,Seattle SuperSonics,L,,87,113,14,32,L 5
2002,GSW,2002-02-13,10:30p,,Boston Celtics,W,,92,75,15,32,W 1
2002,GSW,2002-02-15,10:30p,,San Antonio Spurs,L,,99,108,15,33,L 1
2002,GSW,2002-02-17,9:00p,,Atlanta Hawks,L,,94,100,15,34,L 2
2002,GSW,2002-02-19,7:30p,@,New Jersey Nets,L,,115,123,15,35,L 3
2002,GSW,2002-02-20,7:00p,@,Philadelphia 76ers,L,,107,114,15,36,L 4
2002,GSW,2002-02-22,8:30p,@,Milwaukee Bucks,L,,112,116,15,37,L 5
2002,GSW,2002-02-23,8:30p,@,Chicago Bulls,L,,91,105,15,38,L 6
2002,GSW,2002-02-25,10:30p,,Indiana Pacers,L,OT,97,102,15,39,L 7
2002,GSW,2002-02-27,10:30p,,Denver Nuggets,W,,110,93,16,39,W 1
2002,GSW,2002-03-01,10:30p,,Sacramento Kings,L,,108,116,16,40,L 1
2002,GSW,2002-03-02,10:30p,@,Los Angeles Clippers,L,,95,109,16,41,L 2
2002,GSW,2002-03-05,8:30p,@,San Antonio Spurs,L,,88,109,16,42,L 3
2002,GSW,2002-03-08,8:30p,@,Houston Rockets,W,,108,95,17,42,W 1
2002,GSW,2002-03-09,8:30p,@,Dallas Mavericks,L,,105,107,17,43,L 1
2002,GSW,2002-03-11,7:30p,@,Atlanta Hawks,L,,96,121,17,44,L 2
2002,GSW,2002-03-12,7:00p,@,Indiana Pacers,L,,101,115,17,45,L 3
2002,GSW,2002-03-14,10:30p,,Los Angeles Lakers,L,,102,110,17,46,L 4
2002,GSW,2002-03-16,10:30p,,Dallas Mavericks,L,,100,117,17,47,L 5
2002,GSW,2002-03-18,10:30p,,Washington Wizards,L,,96,99,17,48,L 6
2002,GSW,2002-03-19,10:00p,@,Seattle SuperSonics,L,,93,110,17,49,L 7
2002,GSW,2002-03-21,10:30p,,Los Angeles Clippers,L,,96,116,17,50,L 8
2002,GSW,2002-03-23,9:00p,@,Utah Jazz,L,,103,112,17,51,L 9
2002,GSW,2002-03-24,9:00p,,Houston Rockets,L,,104,116,17,52,L 10
2002,GSW,2002-03-26,8:00p,@,Minnesota Timberwolves,W,,115,106,18,52,W 1
2002,GSW,2002-03-27,7:00p,@,Boston Celtics,L,,99,102,18,53,L 1
2002,GSW,2002-03-29,8:00p,@,Detroit Pistons,L,,103,110,18,54,L 2
2002,GSW,2002-03-30,8:00p,@,Memphis Grizzlies,L,,99,105,18,55,L 3
2002,GSW,2002-04-02,10:30p,,Portland Trail Blazers,W,,107,91,19,55,W 1
2002,GSW,2002-04-05,10:30p,,Denver Nuggets,W,,108,104,20,55,W 2
2002,GSW,2002-04-06,10:00p,@,Portland Trail Blazers,L,,86,113,20,56,L 1
2002,GSW,2002-04-08,10:30p,,Minnesota Timberwolves,L,,93,100,20,57,L 2
2002,GSW,2002-04-10,10:30p,,Sacramento Kings,L,,116,118,20,58,L 3
2002,GSW,2002-04-12,9:00p,@,Denver Nuggets,L,,89,97,20,59,L 4
2002,GSW,2002-04-13,10:30p,,Utah Jazz,L,,101,109,20,60,L 5
2002,GSW,2002-04-16,10:00p,@,Sacramento Kings,L,,106,120,20,61,L 6
2002,GSW,2002-04-17,10:30p,,Los Angeles Clippers,W,,107,103,21,61,W 1
2002,HOU,2001-10-30,8:30p,,Atlanta Hawks,W,OT,89,84,1,0,W 1
2002,HOU,2001-11-01,8:30p,,Los Angeles Clippers,W,OT,98,92,2,0,W 2
2002,HOU,2001-11-03,8:30p,,Minnesota Timberwolves,L,,88,90,2,1,L 1
2002,HOU,2001-11-04,8:00p,@,Phoenix Suns,W,,103,100,3,1,W 1
2002,HOU,2001-11-06,8:30p,,Denver Nuggets,W,,99,93,4,1,W 2
2002,HOU,2001-11-08,9:00p,,Philadelphia 76ers,W,,77,72,5,1,W 3
2002,HOU,2001-11-09,9:00p,@,Denver Nuggets,L,,81,108,5,2,L 1
2002,HOU,2001-11-13,8:30p,@,San Antonio Spurs,L,,86,90,5,3,L 2
2002,HOU,2001-11-15,9:00p,,Los Angeles Lakers,L,OT,97,98,5,4,L 3
2002,HOU,2001-11-17,8:30p,,Dallas Mavericks,W,,124,87,6,4,W 1
2002,HOU,2001-11-19,10:00p,@,Sacramento Kings,L,,77,113,6,5,L 1
2002,HOU,2001-11-20,10:00p,@,Portland Trail Blazers,W,,94,87,7,5,W 1
2002,HOU,2001-11-23,10:00p,@,Seattle SuperSonics,L,,81,99,7,6,L 1
2002,HOU,2001-11-25,3:30p,@,Los Angeles Clippers,L,,83,90,7,7,L 2
2002,HOU,2001-11-27,8:00p,,Sacramento Kings,L,,84,89,7,8,L 3
2002,HOU,2001-11-30,8:00p,@,Memphis Grizzlies,L,,85,102,7,9,L 4
2002,HOU,2001-12-01,8:30p,,San Antonio Spurs,L,,75,85,7,10,L 5
2002,HOU,2001-12-03,7:30p,@,New York Knicks,L,,86,89,7,11,L 6
2002,HOU,2001-12-04,8:30p,@,Chicago Bulls,L,,75,103,7,12,L 7
2002,HOU,2001-12-06,8:30p,,Washington Wizards,L,,82,85,7,13,L 8
2002,HOU,2001-12-08,8:00p,@,Minnesota Timberwolves,L,,97,107,7,14,L 9
2002,HOU,2001-12-09,6:00p,@,Detroit Pistons,L,,77,105,7,15,L 10
2002,HOU,2001-12-11,8:30p,,Cleveland Cavaliers,L,,102,107,7,16,L 11
2002,HOU,2001-12-13,7:00p,@,Indiana Pacers,L,OT,106,108,7,17,L 12
2002,HOU,2001-12-15,8:30p,,Miami Heat,L,,73,76,7,18,L 13
2002,HOU,2001-12-18,8:30p,,Portland Trail Blazers,L,,92,101,7,19,L 14
2002,HOU,2001-12-20,9:00p,,Los Angeles Lakers,L,,101,107,7,20,L 15
2002,HOU,2001-12-22,8:30p,,Milwaukee Bucks,W,,115,110,8,20,W 1
2002,HOU,2001-12-26,8:30p,,Phoenix Suns,L,,91,97,8,21,L 1
2002,HOU,2001-12-28,10:30p,@,Golden State Warriors,W,,100,93,9,21,W 1
2002,HOU,2001-12-30,9:30p,@,Los Angeles Lakers,L,,90,114,9,22,L 1
2002,HOU,2002-01-03,8:30p,,Detroit Pistons,W,,99,97,10,22,W 1
2002,HOU,2002-01-05,8:30p,,Indiana Pacers,L,,79,81,10,23,L 1
2002,HOU,2002-01-08,8:30p,,New York Knicks,W,,88,86,11,23,W 1
2002,HOU,2002-01-10,9:00p,@,Utah Jazz,L,,79,83,11,24,L 1
2002,HOU,2002-01-12,8:30p,,Denver Nuggets,W,,98,86,12,24,W 1
2002,HOU,2002-01-15,7:00p,@,Philadelphia 76ers,L,OT,106,112,12,25,L 1
2002,HOU,2002-01-16,7:00p,@,Toronto Raptors,L,,103,109,12,26,L 2
2002,HOU,2002-01-18,7:30p,@,Boston Celtics,W,,104,101,13,26,W 1
2002,HOU,2002-01-19,8:00p,@,New Jersey Nets,L,,90,99,13,27,L 1
2002,HOU,2002-01-21,2:00p,@,Atlanta Hawks,L,,91,95,13,28,L 2
2002,HOU,2002-01-22,8:30p,,Dallas Mavericks,L,,107,113,13,29,L 3
2002,HOU,2002-01-24,8:30p,,New Jersey Nets,L,,98,103,13,30,L 4
2002,HOU,2002-01-26,8:00p,@,Charlotte Hornets,W,OT,111,104,14,30,W 1
2002,HOU,2002-01-29,8:30p,,Golden State Warriors,W,OT,100,96,15,30,W 2
2002,HOU,2002-01-31,9:00p,@,Dallas Mavericks,L,,91,95,15,31,L 1
2002,HOU,2002-02-01,8:30p,,Charlotte Hornets,L,,72,73,15,32,L 2
2002,HOU,2002-02-04,8:30p,,Utah Jazz,W,,104,97,16,32,W 1
2002,HOU,2002-02-06,7:00p,@,Cleveland Cavaliers,L,,109,111,16,33,L 1
2002,HOU,2002-02-12,8:30p,,Memphis Grizzlies,W,,85,78,17,33,W 1
2002,HOU,2002-02-16,8:30p,,Orlando Magic,L,,100,109,17,34,L 1
2002,HOU,2002-02-18,1:00p,@,Washington Wizards,W,,102,89,18,34,W 1
2002,HOU,2002-02-20,8:00p,@,Milwaukee Bucks,L,,76,115,18,35,L 1
2002,HOU,2002-02-21,8:30p,,Minnesota Timberwolves,W,,89,83,19,35,W 1
2002,HOU,2002-02-23,8:30p,,Boston Celtics,W,,99,89,20,35,W 2
2002,HOU,2002-02-26,8:30p,,Los Angeles Clippers,L,,84,94,20,36,L 1
2002,HOU,2002-03-02,9:00p,@,Phoenix Suns,W,,104,97,21,36,W 1
2002,HOU,2002-03-03,9:30p,@,Los Angeles Lakers,L,,79,95,21,37,L 1
2002,HOU,2002-03-05,8:30p,,Toronto Raptors,W,,112,109,22,37,W 1
2002,HOU,2002-03-07,8:30p,@,San Antonio Spurs,L,,97,99,22,38,L 1
2002,HOU,2002-03-08,8:30p,,Golden State Warriors,L,,95,108,22,39,L 2
2002,HOU,2002-03-10,3:00p,,Utah Jazz,W,,95,92,23,39,W 1
2002,HOU,2002-03-12,8:30p,,Seattle SuperSonics,W,,101,98,24,39,W 2
2002,HOU,2002-03-13,8:00p,@,Minnesota Timberwolves,W,,96,95,25,39,W 3
2002,HOU,2002-03-16,8:30p,,Chicago Bulls,L,2OT,112,114,25,40,L 1
2002,HOU,2002-03-18,10:30p,@,Los Angeles Clippers,L,,86,93,25,41,L 2
2002,HOU,2002-03-19,10:30p,@,Sacramento Kings,L,,87,110,25,42,L 3
2002,HOU,2002-03-22,10:00p,@,Seattle SuperSonics,L,,82,112,25,43,L 4
2002,HOU,2002-03-24,9:00p,@,Golden State Warriors,W,,116,104,26,43,W 1
2002,HOU,2002-03-26,9:00p,@,Utah Jazz,L,,105,109,26,44,L 1
2002,HOU,2002-03-28,8:30p,,Sacramento Kings,L,,74,101,26,45,L 2
2002,HOU,2002-03-30,8:30p,,Phoenix Suns,L,,88,90,26,46,L 3
2002,HOU,2002-04-02,8:30p,,Seattle SuperSonics,W,,100,98,27,46,W 1
2002,HOU,2002-04-04,8:30p,,San Antonio Spurs,L,,78,102,27,47,L 1
2002,HOU,2002-04-05,8:00p,@,Memphis Grizzlies,L,,81,99,27,48,L 2
2002,HOU,2002-04-08,7:30p,@,Orlando Magic,L,,74,83,27,49,L 3
2002,HOU,2002-04-09,7:30p,@,Miami Heat,L,2OT,117,120,27,50,L 4
2002,HOU,2002-04-11,8:30p,@,Dallas Mavericks,W,OT,98,95,28,50,W 1
2002,HOU,2002-04-12,8:30p,,Portland Trail Blazers,L,,79,80,28,51,L 1
2002,HOU,2002-04-14,8:30p,,Memphis Grizzlies,L,,95,98,28,52,L 2
2002,HOU,2002-04-16,9:00p,@,Denver Nuggets,L,,70,101,28,53,L 3
2002,HOU,2002-04-17,10:00p,@,Portland Trail Blazers,L,,79,92,28,54,L 4
2002,IND,2001-10-30,7:30p,@,New Jersey Nets,L,,97,103,0,1,L 1
2002,IND,2001-10-31,8:30p,@,Chicago Bulls,W,,98,73,1,1,W 1
2002,IND,2001-11-02,7:00p,,Orlando Magic,W,,117,107,2,1,W 2
2002,IND,2001-11-04,5:30p,@,Toronto Raptors,L,,100,113,2,2,L 1
2002,IND,2001-11-06,7:00p,@,Philadelphia 76ers,W,,87,77,3,2,W 1
2002,IND,2001-11-07,8:00p,,Sacramento Kings,W,,116,104,4,2,W 2
2002,IND,2001-11-09,7:00p,,New York Knicks,W,,103,95,5,2,W 3
2002,IND,2001-11-10,8:00p,,Portland Trail Blazers,W,,105,96,6,2,W 4
2002,IND,2001-11-13,7:00p,,New Jersey Nets,L,,82,91,6,3,L 1
2002,IND,2001-11-14,7:00p,@,Boston Celtics,L,,93,101,6,4,L 2
2002,IND,2001-11-16,7:00p,,Minnesota Timberwolves,L,2OT,113,120,6,5,L 3
2002,IND,2001-11-17,7:30p,@,Detroit Pistons,L,,98,104,6,6,L 4
2002,IND,2001-11-20,7:00p,,Atlanta Hawks,W,,106,102,7,6,W 1
2002,IND,2001-11-22,8:00p,,Washington Wizards,W,,110,103,8,6,W 2
2002,IND,2001-11-23,8:00p,,San Antonio Spurs,L,,79,97,8,7,L 1
2002,IND,2001-11-25,7:00p,@,Seattle SuperSonics,L,,88,99,8,8,L 2
2002,IND,2001-11-27,10:00p,@,Portland Trail Blazers,L,,90,96,8,9,L 3
2002,IND,2001-11-28,9:00p,@,Denver Nuggets,W,,99,85,9,9,W 1
2002,IND,2001-12-01,9:00p,@,Utah Jazz,W,,100,97,10,9,W 2
2002,IND,2001-12-02,9:00p,@,Los Angeles Clippers,L,,72,103,10,10,L 1
2002,IND,2001-12-04,7:00p,,Denver Nuggets,W,,104,96,11,10,W 1
2002,IND,2001-12-07,7:00p,,Chicago Bulls,W,,98,83,12,10,W 2
2002,IND,2001-12-08,7:30p,@,New York Knicks,L,,99,101,12,11,L 1
2002,IND,2001-12-13,7:00p,,Houston Rockets,W,OT,108,106,13,11,W 1
2002,IND,2001-12-15,8:30p,@,Milwaukee Bucks,L,,95,115,13,12,L 1
2002,IND,2001-12-18,7:30p,@,Atlanta Hawks,W,,103,100,14,12,W 1
2002,IND,2001-12-19,8:00p,,Toronto Raptors,L,,90,102,14,13,L 1
2002,IND,2001-12-21,7:00p,,New Jersey Nets,W,,100,94,15,13,W 1
2002,IND,2001-12-22,7:30p,@,Cleveland Cavaliers,W,,109,103,16,13,W 2
2002,IND,2001-12-26,8:00p,@,Orlando Magic,W,,89,82,17,13,W 3
2002,IND,2001-12-27,7:00p,,Washington Wizards,W,,108,81,18,13,W 4
2002,IND,2001-12-29,7:30p,@,New Jersey Nets,L,OT,93,98,18,14,L 1
2002,IND,2001-12-31,7:00p,,Miami Heat,L,,87,89,18,15,L 2
2002,IND,2002-01-04,8:30p,@,San Antonio Spurs,W,,92,82,19,15,W 1
2002,IND,2002-01-05,8:30p,@,Houston Rockets,W,,81,79,20,15,W 2
2002,IND,2002-01-09,7:00p,,Los Angeles Lakers,L,,90,109,20,16,L 1
2002,IND,2002-01-11,7:00p,,Chicago Bulls,W,,97,90,21,16,W 1
2002,IND,2002-01-12,8:30p,@,Dallas Mavericks,L,,102,111,21,17,L 1
2002,IND,2002-01-15,7:00p,,Milwaukee Bucks,L,,102,106,21,18,L 2
2002,IND,2002-01-16,8:00p,@,Milwaukee Bucks,L,,100,105,21,19,L 3
2002,IND,2002-01-18,7:00p,,Detroit Pistons,L,,93,96,21,20,L 4
2002,IND,2002-01-19,9:00p,@,Miami Heat,L,,88,100,21,21,L 5
2002,IND,2002-01-21,3:30p,@,Chicago Bulls,W,,93,81,22,21,W 1
2002,IND,2002-01-23,7:00p,@,Boston Celtics,L,,94,98,22,22,L 1
2002,IND,2002-01-25,7:00p,,Charlotte Hornets,W,,90,81,23,22,W 1
2002,IND,2002-01-26,8:00p,,Seattle SuperSonics,L,,86,95,23,23,L 1
2002,IND,2002-01-30,7:00p,,Memphis Grizzlies,W,,83,82,24,23,W 1
2002,IND,2002-02-01,7:00p,,New York Knicks,W,,92,87,25,23,W 2
2002,IND,2002-02-03,12:00p,@,Washington Wizards,L,,89,109,25,24,L 1
2002,IND,2002-02-05,8:00p,,Dallas Mavericks,L,2OT,140,141,25,25,L 2
2002,IND,2002-02-12,7:00p,,Utah Jazz,L,,82,98,25,26,L 3
2002,IND,2002-02-15,7:30p,@,Charlotte Hornets,L,,106,116,25,27,L 4
2002,IND,2002-02-17,2:00p,,Philadelphia 76ers,W,,86,76,26,27,W 1
2002,IND,2002-02-22,7:00p,,Cleveland Cavaliers,L,,93,103,26,28,L 1
2002,IND,2002-02-23,8:00p,,Los Angeles Clippers,W,,106,88,27,28,W 1
2002,IND,2002-02-25,10:30p,@,Golden State Warriors,W,OT,102,97,28,28,W 2
2002,IND,2002-02-28,9:00p,@,Phoenix Suns,L,OT,100,107,28,29,L 1
2002,IND,2002-03-01,10:30p,@,Los Angeles Lakers,L,,84,96,28,30,L 2
2002,IND,2002-03-03,6:00p,@,Sacramento Kings,W,,97,86,29,30,W 1
2002,IND,2002-03-05,8:00p,,Orlando Magic,W,,111,98,30,30,W 2
2002,IND,2002-03-07,8:00p,@,Memphis Grizzlies,L,,111,122,30,31,L 1
2002,IND,2002-03-08,7:00p,@,Philadelphia 76ers,L,,100,109,30,32,L 2
2002,IND,2002-03-10,3:00p,@,Detroit Pistons,W,,89,84,31,32,W 1
2002,IND,2002-03-12,7:00p,,Golden State Warriors,W,,115,101,32,32,W 2
2002,IND,2002-03-15,8:00p,@,Minnesota Timberwolves,W,,98,85,33,32,W 3
2002,IND,2002-03-17,2:30p,,Atlanta Hawks,W,,85,68,34,32,W 4
2002,IND,2002-03-20,7:00p,@,Charlotte Hornets,L,,88,94,34,33,L 1
2002,IND,2002-03-22,7:30p,@,Miami Heat,W,,104,94,35,33,W 1
2002,IND,2002-03-24,2:30p,,Charlotte Hornets,L,,84,99,35,34,L 1
2002,IND,2002-03-26,7:00p,,Detroit Pistons,L,,77,96,35,35,L 2
2002,IND,2002-03-29,7:30p,@,Orlando Magic,L,,106,114,35,36,L 3
2002,IND,2002-03-31,3:00p,,Miami Heat,W,,100,81,36,36,W 1
2002,IND,2002-04-02,7:00p,,Boston Celtics,L,,94,105,36,37,L 1
2002,IND,2002-04-04,7:30p,@,Atlanta Hawks,L,,94,95,36,38,L 2
2002,IND,2002-04-05,7:00p,,Phoenix Suns,W,,97,87,37,38,W 1
2002,IND,2002-04-07,5:30p,@,Toronto Raptors,L,,84,94,37,39,L 1
2002,IND,2002-04-08,8:00p,,Cleveland Cavaliers,L,,99,111,37,40,L 2
2002,IND,2002-04-10,8:00p,,Toronto Raptors,W,,98,82,38,40,W 1
2002,IND,2002-04-12,8:00p,,Milwaukee Bucks,W,OT,112,107,39,40,W 2
2002,IND,2002-04-14,1:00p,@,Washington Wizards,W,,86,80,40,40,W 3
2002,IND,2002-04-16,7:00p,@,Cleveland Cavaliers,W,,99,95,41,40,W 4
2002,IND,2002-04-17,8:00p,,Philadelphia 76ers,W,,103,80,42,40,W 5
2002,IND,2002-04-20,12:30p,@,New Jersey Nets,W,,89,83,1,0,W 1
2002,IND,2002-04-22,7:00p,@,New Jersey Nets,L,,79,95,1,1,L 1
2002,IND,2002-04-26,8:30p,,New Jersey Nets,L,,84,85,1,2,L 2
2002,IND,2002-04-30,9:30p,,New Jersey Nets,W,,97,74,2,2,W 1
2002,IND,2002-05-02,7:00p,@,New Jersey Nets,L,2OT,109,120,2,3,L 1
2002,LAC,2001-10-30,8:30p,@,San Antonio Spurs,L,,98,109,0,1,L 1
2002,LAC,2001-11-01,8:30p,@,Houston Rockets,L,OT,92,98,0,2,L 2
2002,LAC,2001-11-03,10:30p,,Golden State Warriors,L,OT,108,110,0,3,L 3
2002,LAC,2001-11-05,10:30p,,Atlanta Hawks,W,,109,86,1,3,W 1
2002,LAC,2001-11-07,10:30p,,Memphis Grizzlies,W,,108,92,2,3,W 2
2002,LAC,2001-11-08,10:00p,@,Portland Trail Blazers,L,,101,119,2,4,L 1
2002,LAC,2001-11-10,3:30p,,Phoenix Suns,W,,111,102,3,4,W 1
2002,LAC,2001-11-14,10:30p,,Chicago Bulls,W,,106,102,4,4,W 2
2002,LAC,2001-11-16,10:30p,,Toronto Raptors,L,,85,94,4,5,L 1
2002,LAC,2001-11-18,3:30p,,New York Knicks,W,,99,86,5,5,W 1
2002,LAC,2001-11-20,10:30p,,Los Angeles Lakers,L,,93,98,5,6,L 1
2002,LAC,2001-11-22,10:30p,,New Jersey Nets,L,,90,95,5,7,L 2
2002,LAC,2001-11-23,9:00p,@,Utah Jazz,L,,101,106,5,8,L 3
2002,LAC,2001-11-25,3:30p,,Houston Rockets,W,,90,83,6,8,W 1
2002,LAC,2001-11-28,10:30p,,Minnesota Timberwolves,W,,94,75,7,8,W 2
2002,LAC,2001-11-30,9:00p,@,Denver Nuggets,L,,93,96,7,9,L 1
2002,LAC,2001-12-02,9:00p,,Indiana Pacers,W,,103,72,8,9,W 1
2002,LAC,2001-12-04,10:30p,,Miami Heat,W,,87,83,9,9,W 2
2002,LAC,2001-12-07,10:30p,,Utah Jazz,L,,86,102,9,10,L 1
2002,LAC,2001-12-09,9:00p,,Charlotte Hornets,W,,89,78,10,10,W 1
2002,LAC,2001-12-10,10:30p,,Orlando Magic,W,,100,92,11,10,W 2
2002,LAC,2001-12-12,10:30p,,Seattle SuperSonics,W,,114,94,12,10,W 3
2002,LAC,2001-12-14,10:30p,@,Los Angeles Lakers,L,,80,110,12,11,L 1
2002,LAC,2001-12-16,3:30p,,Detroit Pistons,W,,82,77,13,11,W 1
2002,LAC,2001-12-18,8:00p,@,Phoenix Suns,W,,96,92,14,11,W 2
2002,LAC,2001-12-22,10:30p,,Sacramento Kings,W,,101,85,15,11,W 3
2002,LAC,2001-12-26,10:30p,,Philadelphia 76ers,L,,86,100,15,12,L 1
2002,LAC,2001-12-27,10:30p,@,Seattle SuperSonics,L,,90,101,15,13,L 2
2002,LAC,2001-12-29,3:30p,,Boston Celtics,L,OT,103,105,15,14,L 3
2002,LAC,2002-01-01,9:00p,,Portland Trail Blazers,W,,112,97,16,14,W 1
2002,LAC,2002-01-02,10:00p,@,Sacramento Kings,L,,91,105,16,15,L 1
2002,LAC,2002-01-04,9:00p,@,Denver Nuggets,W,,82,80,17,15,W 1
2002,LAC,2002-01-05,10:30p,,Milwaukee Bucks,W,,86,83,18,15,W 2
2002,LAC,2002-01-07,7:00p,@,Philadelphia 76ers,L,,92,116,18,16,L 1
2002,LAC,2002-01-08,7:00p,@,Washington Wizards,L,,88,96,18,17,L 2
2002,LAC,2002-01-10,7:30p,@,New Jersey Nets,L,,89,108,18,18,L 3
2002,LAC,2002-01-11,7:30p,@,Charlotte Hornets,L,OT,91,92,18,19,L 4
2002,LAC,2002-01-13,3:00p,@,Toronto Raptors,W,,79,72,19,19,W 1
2002,LAC,2002-01-15,8:00p,@,Minnesota Timberwolves,L,,83,97,19,20,L 1
2002,LAC,2002-01-18,10:30p,,Cleveland Cavaliers,W,,109,103,20,20,W 1
2002,LAC,2002-01-19,10:00p,@,Portland Trail Blazers,L,,93,113,20,21,L 1
2002,LAC,2002-01-21,10:30p,,Denver Nuggets,W,,102,89,21,21,W 1
2002,LAC,2002-01-23,10:30p,,Los Angeles Lakers,W,,95,90,22,21,W 2
2002,LAC,2002-01-26,10:30p,,Dallas Mavericks,L,,112,133,22,22,L 1
2002,LAC,2002-01-28,8:00p,@,Memphis Grizzlies,L,OT,115,119,22,23,L 2
2002,LAC,2002-01-29,8:00p,@,Dallas Mavericks,W,,117,100,23,23,W 1
2002,LAC,2002-01-31,8:30p,@,San Antonio Spurs,W,,91,87,24,23,W 2
2002,LAC,2002-02-02,7:00p,@,Atlanta Hawks,L,,94,101,24,24,L 1
2002,LAC,2002-02-03,3:00p,@,Boston Celtics,L,,91,104,24,25,L 2
2002,LAC,2002-02-05,7:30p,@,New York Knicks,W,,112,110,25,25,W 1
2002,LAC,2002-02-07,7:30p,@,Detroit Pistons,L,,92,105,25,26,L 1
2002,LAC,2002-02-14,10:30p,,San Antonio Spurs,L,,76,89,25,27,L 2
2002,LAC,2002-02-16,10:30p,,Dallas Mavericks,W,,119,110,26,27,W 1
2002,LAC,2002-02-18,10:30p,,Portland Trail Blazers,L,,79,80,26,28,L 1
2002,LAC,2002-02-20,7:30p,@,Miami Heat,W,,81,71,27,28,W 1
2002,LAC,2002-02-21,7:30p,@,Orlando Magic,L,,102,119,27,29,L 1
2002,LAC,2002-02-23,8:00p,@,Indiana Pacers,L,,88,106,27,30,L 2
2002,LAC,2002-02-25,8:00p,@,Memphis Grizzlies,W,,90,77,28,30,W 1
2002,LAC,2002-02-26,8:30p,@,Houston Rockets,W,,94,84,29,30,W 2
2002,LAC,2002-03-02,10:30p,,Golden State Warriors,W,,109,95,30,30,W 3
2002,LAC,2002-03-06,8:00p,@,Milwaukee Bucks,L,,86,92,30,31,L 1
2002,LAC,2002-03-08,8:30p,@,Chicago Bulls,W,,94,90,31,31,W 1
2002,LAC,2002-03-10,3:00p,@,Cleveland Cavaliers,W,,95,78,32,31,W 2
2002,LAC,2002-03-11,8:00p,@,Minnesota Timberwolves,W,,108,99,33,31,W 3
2002,LAC,2002-03-13,10:30p,,Washington Wizards,W,,96,75,34,31,W 4
2002,LAC,2002-03-15,10:30p,@,Los Angeles Lakers,L,,92,98,34,32,L 1
2002,LAC,2002-03-16,10:30p,,Seattle SuperSonics,L,,87,95,34,33,L 2
2002,LAC,2002-03-18,10:30p,,Houston Rockets,W,,93,86,35,33,W 1
2002,LAC,2002-03-21,10:30p,@,Golden State Warriors,W,,116,96,36,33,W 2
2002,LAC,2002-03-23,10:30p,,Phoenix Suns,L,,94,97,36,34,L 1
2002,LAC,2002-03-25,10:30p,,San Antonio Spurs,L,,85,91,36,35,L 2
2002,LAC,2002-03-26,10:30p,@,Sacramento Kings,L,,90,107,36,36,L 3
2002,LAC,2002-03-29,9:00p,@,Phoenix Suns,W,,96,94,37,36,W 1
2002,LAC,2002-03-30,10:30p,,Utah Jazz,L,,92,105,37,37,L 1
2002,LAC,2002-04-03,9:00p,@,Utah Jazz,L,,87,99,37,38,L 2
2002,LAC,2002-04-04,9:00p,@,Dallas Mavericks,L,,90,115,37,39,L 3
2002,LAC,2002-04-07,9:00p,,Denver Nuggets,W,,97,75,38,39,W 1
2002,LAC,2002-04-08,10:00p,@,Seattle SuperSonics,L,,100,102,38,40,L 1
2002,LAC,2002-04-12,10:30p,,Sacramento Kings,L,,106,125,38,41,L 2
2002,LAC,2002-04-13,10:30p,,Minnesota Timberwolves,L,,98,101,38,42,L 3
2002,LAC,2002-04-16,10:30p,,Memphis Grizzlies,W,,92,84,39,42,W 1
2002,LAC,2002-04-17,10:30p,@,Golden State Warriors,L,,103,107,39,43,L 1
2002,LAL,2001-10-30,10:30p,,Portland Trail Blazers,W,,98,87,1,0,W 1
2002,LAL,2001-11-01,9:00p,@,Utah Jazz,W,,105,101,2,0,W 2
2002,LAL,2001-11-02,10:30p,,Phoenix Suns,W,,117,94,3,0,W 3
2002,LAL,2001-11-04,9:30p,,Utah Jazz,W,,100,96,4,0,W 4
2002,LAL,2001-11-09,10:30p,,Memphis Grizzlies,W,,110,86,5,0,W 5
2002,LAL,2001-11-11,9:30p,,Orlando Magic,W,,108,95,6,0,W 6
2002,LAL,2001-11-15,9:00p,@,Houston Rockets,W,OT,98,97,7,0,W 7
2002,LAL,2001-11-16,9:00p,@,Phoenix Suns,L,,83,95,7,1,L 1
2002,LAL,2001-11-18,9:30p,,Sacramento Kings,W,,93,85,8,1,W 1
2002,LAL,2001-11-20,10:30p,@,Los Angeles Clippers,W,,98,93,9,1,W 2
2002,LAL,2001-11-21,9:00p,@,Denver Nuggets,W,,89,68,10,1,W 3
2002,LAL,2001-11-23,10:30p,,Golden State Warriors,W,,106,90,11,1,W 4
2002,LAL,2001-11-25,9:30p,,Denver Nuggets,W,,105,98,12,1,W 5
2002,LAL,2001-11-27,10:30p,,Milwaukee Bucks,W,,104,85,13,1,W 6
2002,LAL,2001-11-30,10:00p,@,Seattle SuperSonics,W,,107,92,14,1,W 7
2002,LAL,2001-12-01,10:30p,,Minnesota Timberwolves,W,,102,76,15,1,W 8
2002,LAL,2001-12-05,10:30p,,Dallas Mavericks,W,,98,94,16,1,W 9
2002,LAL,2001-12-07,10:00p,@,Sacramento Kings,L,,91,97,16,2,L 1
2002,LAL,2001-12-11,10:30p,,Seattle SuperSonics,L,,93,104,16,3,L 2
2002,LAL,2001-12-14,10:30p,,Los Angeles Clippers,W,,110,80,17,3,W 1
2002,LAL,2001-12-16,9:30p,,Golden State Warriors,W,,101,85,18,3,W 2
2002,LAL,2001-12-20,9:00p,@,Houston Rockets,W,,107,101,19,3,W 3
2002,LAL,2001-12-21,8:00p,@,Memphis Grizzlies,L,,108,114,19,4,L 1
2002,LAL,2001-12-25,8:30p,,Philadelphia 76ers,W,,88,82,20,4,W 1
2002,LAL,2001-12-26,10:30p,@,Golden State Warriors,L,,90,101,20,5,L 1
2002,LAL,2001-12-28,10:30p,,Toronto Raptors,L,,86,89,20,6,L 2
2002,LAL,2001-12-30,9:30p,,Houston Rockets,W,,114,90,21,6,W 1
2002,LAL,2002-01-02,9:00p,@,Denver Nuggets,W,,87,86,22,6,W 2
2002,LAL,2002-01-04,10:30p,,Phoenix Suns,W,,118,86,23,6,W 3
2002,LAL,2002-01-06,3:00p,@,Toronto Raptors,W,,109,89,24,6,W 4
2002,LAL,2002-01-08,8:00p,@,Detroit Pistons,W,,121,92,25,6,W 5
2002,LAL,2002-01-09,7:00p,@,Indiana Pacers,W,,109,90,26,6,W 6
2002,LAL,2002-01-11,8:00p,@,Minnesota Timberwolves,L,,102,120,26,7,L 1
2002,LAL,2002-01-12,8:30p,@,Chicago Bulls,L,OT,104,106,26,8,L 2
2002,LAL,2002-01-14,10:30p,,Memphis Grizzlies,W,,120,81,27,8,W 1
2002,LAL,2002-01-16,10:30p,,Miami Heat,L,,96,102,27,9,L 1
2002,LAL,2002-01-19,1:00p,@,San Antonio Spurs,W,,98,81,28,9,W 1
2002,LAL,2002-01-22,10:30p,,Denver Nuggets,L,,91,107,28,10,L 1
2002,LAL,2002-01-23,10:30p,@,Los Angeles Clippers,L,,90,95,28,11,L 2
2002,LAL,2002-01-25,10:30p,,San Antonio Spurs,W,,94,91,29,11,W 1
2002,LAL,2002-01-27,12:00p,@,Philadelphia 76ers,L,,87,93,29,12,L 1
2002,LAL,2002-01-29,7:30p,@,Atlanta Hawks,W,,127,93,30,12,W 1
2002,LAL,2002-01-30,8:00p,@,Orlando Magic,W,,111,93,31,12,W 2
2002,LAL,2002-02-01,8:00p,@,Memphis Grizzlies,W,,100,85,32,12,W 3
2002,LAL,2002-02-03,2:30p,@,Dallas Mavericks,W,,101,94,33,12,W 4
2002,LAL,2002-02-06,10:30p,,Chicago Bulls,L,,89,97,33,13,L 1
2002,LAL,2002-02-12,10:30p,,Washington Wizards,W,,103,94,34,13,W 1
2002,LAL,2002-02-14,10:00p,@,Seattle SuperSonics,W,,92,87,35,13,W 2
2002,LAL,2002-02-15,10:30p,,Atlanta Hawks,L,,90,93,35,14,L 1
2002,LAL,2002-02-17,4:30p,@,Portland Trail Blazers,L,,105,111,35,15,L 2
2002,LAL,2002-02-19,10:30p,,Boston Celtics,L,,108,109,35,16,L 3
2002,LAL,2002-02-21,7:00p,@,Cleveland Cavaliers,W,,104,97,36,16,W 1
2002,LAL,2002-02-22,7:30p,@,Charlotte Hornets,W,,96,94,37,16,W 2
2002,LAL,2002-02-24,12:00p,@,New York Knicks,W,,107,91,38,16,W 3
2002,LAL,2002-02-26,8:00p,@,Milwaukee Bucks,W,,99,89,39,16,W 4
2002,LAL,2002-02-27,8:00p,@,Minnesota Timberwolves,L,,101,112,39,17,L 1
2002,LAL,2002-03-01,10:30p,,Indiana Pacers,W,,96,84,40,17,W 1
2002,LAL,2002-03-03,9:30p,,Houston Rockets,W,,95,79,41,17,W 2
2002,LAL,2002-03-05,10:30p,,New Jersey Nets,W,,101,92,42,17,W 3
2002,LAL,2002-03-06,8:00p,@,Utah Jazz,L,,84,92,42,18,L 1
2002,LAL,2002-03-10,6:00p,,New York Knicks,W,,117,103,43,18,W 1
2002,LAL,2002-03-12,10:30p,,Charlotte Hornets,W,,107,66,44,18,W 2
2002,LAL,2002-03-14,10:30p,@,Golden State Warriors,W,,110,102,45,18,W 3
2002,LAL,2002-03-15,10:30p,,Los Angeles Clippers,W,,98,92,46,18,W 4
2002,LAL,2002-03-17,9:30p,,Dallas Mavericks,W,,105,103,47,18,W 5
2002,LAL,2002-03-19,8:30p,@,Dallas Mavericks,L,,98,114,47,19,L 1
2002,LAL,2002-03-20,8:00p,@,San Antonio Spurs,L,,90,108,47,20,L 2
2002,LAL,2002-03-22,10:30p,,Detroit Pistons,W,,94,82,48,20,W 1
2002,LAL,2002-03-24,6:30p,@,Sacramento Kings,W,,97,96,49,20,W 2
2002,LAL,2002-03-26,10:30p,,Cleveland Cavaliers,W,,121,116,50,20,W 3
2002,LAL,2002-03-27,9:00p,@,Phoenix Suns,L,,106,118,50,21,L 1
2002,LAL,2002-03-29,10:30p,,Portland Trail Blazers,W,,91,79,51,21,W 1
2002,LAL,2002-03-31,5:30p,,San Antonio Spurs,W,,96,95,52,21,W 2
2002,LAL,2002-04-02,8:00p,@,Washington Wizards,W,,113,93,53,21,W 3
2002,LAL,2002-04-03,8:00p,@,New Jersey Nets,L,,92,94,53,22,L 1
2002,LAL,2002-04-05,7:30p,@,Boston Celtics,L,,81,99,53,23,L 2
2002,LAL,2002-04-07,5:30p,@,Miami Heat,W,,96,88,54,23,W 1
2002,LAL,2002-04-09,10:30p,,Utah Jazz,W,,112,82,55,23,W 2
2002,LAL,2002-04-11,10:30p,,Minnesota Timberwolves,W,,96,83,56,23,W 3
2002,LAL,2002-04-14,5:30p,@,Portland Trail Blazers,L,2OT,120,128,56,24,L 1
2002,LAL,2002-04-15,10:30p,,Seattle SuperSonics,W,,111,104,57,24,W 1
2002,LAL,2002-04-17,10:30p,,Sacramento Kings,W,,109,95,58,24,W 2
2002,LAL,2002-04-21,5:30p,,Portland Trail Blazers,W,,95,87,1,0,W 1
2002,LAL,2002-04-25,10:30p,,Portland Trail Blazers,W,,103,96,2,0,W 2
2002,LAL,2002-04-28,5:30p,@,Portland Trail Blazers,W,,92,91,3,0,W 3
2002,LAL,2002-05-05,5:30p,,San Antonio Spurs,W,,86,80,4,0,W 4
2002,LAL,2002-05-07,10:30p,,San Antonio Spurs,L,,85,88,4,1,L 1
2002,LAL,2002-05-10,9:30p,@,San Antonio Spurs,W,,99,89,5,1,W 1
2002,LAL,2002-05-12,5:30p,@,San Antonio Spurs,W,,87,85,6,1,W 2
2002,LAL,2002-05-14,10:30p,,San Antonio Spurs,W,,93,87,7,1,W 3
2002,LAL,2002-05-18,6:30p,@,Sacramento Kings,W,,106,99,8,1,W 4
2002,LAL,2002-05-20,9:30p,@,Sacramento Kings,L,,90,96,8,2,L 1
2002,LAL,2002-05-24,9:00p,,Sacramento Kings,L,,90,103,8,3,L 2
2002,LAL,2002-05-26,5:30p,,Sacramento Kings,W,,100,99,9,3,W 1
2002,LAL,2002-05-28,9:00p,@,Sacramento Kings,L,,91,92,9,4,L 1
2002,LAL,2002-05-31,9:30p,,Sacramento Kings,W,,106,102,10,4,W 1
2002,LAL,2002-06-02,7:30p,@,Sacramento Kings,W,OT,112,106,11,4,W 2
2002,LAL,2002-06-05,9:00p,,New Jersey Nets,W,,99,94,12,4,W 3
2002,LAL,2002-06-07,9:00p,,New Jersey Nets,W,,106,83,13,4,W 4
2002,LAL,2002-06-09,8:30p,@,New Jersey Nets,W,,106,103,14,4,W 5
2002,LAL,2002-06-12,9:00p,@,New Jersey Nets,W,,113,107,15,4,W 6
2002,MEM,2001-11-01,8:00p,,Detroit Pistons,L,,80,90,0,1,L 1
2002,MEM,2001-11-02,8:00p,@,Minnesota Timberwolves,L,,102,111,0,2,L 2
2002,MEM,2001-11-04,3:00p,,Dallas Mavericks,L,,85,94,0,3,L 3
2002,MEM,2001-11-06,9:00p,@,Phoenix Suns,L,,101,113,0,4,L 4
2002,MEM,2001-11-07,10:30p,@,Los Angeles Clippers,L,,92,108,0,5,L 5
2002,MEM,2001-11-09,10:30p,@,Los Angeles Lakers,L,,86,110,0,6,L 6
2002,MEM,2001-11-12,8:00p,,Golden State Warriors,L,,79,86,0,7,L 7
2002,MEM,2001-11-15,8:00p,,Portland Trail Blazers,L,,85,101,0,8,L 8
2002,MEM,2001-11-17,8:00p,,Cleveland Cavaliers,W,,98,93,1,8,W 1
2002,MEM,2001-11-21,7:00p,@,Cleveland Cavaliers,L,,94,101,1,9,L 1
2002,MEM,2001-11-23,8:00p,,Phoenix Suns,L,,89,103,1,10,L 2
2002,MEM,2001-11-24,7:30p,@,Detroit Pistons,L,,84,91,1,11,L 3
2002,MEM,2001-11-26,8:00p,,Sacramento Kings,W,,98,94,2,11,W 1
2002,MEM,2001-11-29,6:30p,@,Toronto Raptors,L,,88,91,2,12,L 1
2002,MEM,2001-11-30,8:00p,,Houston Rockets,W,,102,85,3,12,W 1
2002,MEM,2001-12-02,6:00p,@,Philadelphia 76ers,W,,93,87,4,12,W 2
2002,MEM,2001-12-03,7:30p,@,Orlando Magic,L,,71,113,4,13,L 1
2002,MEM,2001-12-06,8:00p,,Minnesota Timberwolves,L,,80,105,4,14,L 2
2002,MEM,2001-12-08,8:00p,,Philadelphia 76ers,W,,92,83,5,14,W 1
2002,MEM,2001-12-11,8:00p,,Washington Wizards,L,,81,91,5,15,L 1
2002,MEM,2001-12-13,9:00p,@,Denver Nuggets,L,,86,89,5,16,L 2
2002,MEM,2001-12-15,10:30p,@,Golden State Warriors,L,,84,93,5,17,L 3
2002,MEM,2001-12-16,9:00p,@,Sacramento Kings,L,,87,104,5,18,L 4
2002,MEM,2001-12-18,8:00p,,Milwaukee Bucks,L,,105,114,5,19,L 5
2002,MEM,2001-12-20,7:30p,@,New York Knicks,W,,90,88,6,19,W 1
2002,MEM,2001-12-21,8:00p,,Los Angeles Lakers,W,,114,108,7,19,W 2
2002,MEM,2001-12-23,6:00p,@,Boston Celtics,L,,80,85,7,20,L 1
2002,MEM,2001-12-26,8:00p,,Chicago Bulls,W,,107,85,8,20,W 1
2002,MEM,2001-12-28,7:30p,@,Miami Heat,W,,91,86,9,20,W 2
2002,MEM,2001-12-30,7:00p,,San Antonio Spurs,L,,79,83,9,21,L 1
2002,MEM,2002-01-02,7:30p,@,New Jersey Nets,L,,74,92,9,22,L 2
2002,MEM,2002-01-04,8:00p,,Atlanta Hawks,L,,109,113,9,23,L 3
2002,MEM,2002-01-06,3:00p,,Seattle SuperSonics,L,,77,89,9,24,L 4
2002,MEM,2002-01-08,8:00p,,Toronto Raptors,W,,84,81,10,24,W 1
2002,MEM,2002-01-10,9:00p,@,Phoenix Suns,W,,102,96,11,24,W 2
2002,MEM,2002-01-12,9:00p,@,Utah Jazz,W,2OT,97,95,12,24,W 3
2002,MEM,2002-01-14,10:30p,@,Los Angeles Lakers,L,,81,120,12,25,L 1
2002,MEM,2002-01-17,8:00p,,Dallas Mavericks,L,,97,108,12,26,L 2
2002,MEM,2002-01-19,9:00p,,Orlando Magic,L,,103,119,12,27,L 3
2002,MEM,2002-01-21,10:00p,@,Sacramento Kings,L,,98,112,12,28,L 4
2002,MEM,2002-01-23,10:30p,@,Golden State Warriors,L,,95,107,12,29,L 5
2002,MEM,2002-01-24,10:00p,@,Portland Trail Blazers,L,,82,120,12,30,L 6
2002,MEM,2002-01-26,8:30p,@,Chicago Bulls,L,,92,95,12,31,L 7
2002,MEM,2002-01-28,8:00p,,Los Angeles Clippers,W,OT,119,115,13,31,W 1
2002,MEM,2002-01-30,7:00p,@,Indiana Pacers,L,,82,83,13,32,L 1
2002,MEM,2002-02-01,8:00p,,Los Angeles Lakers,L,,85,100,13,33,L 2
2002,MEM,2002-02-03,3:00p,,Charlotte Hornets,L,,79,97,13,34,L 3
2002,MEM,2002-02-05,8:00p,,Utah Jazz,W,,86,79,14,34,W 1
2002,MEM,2002-02-07,8:00p,@,Milwaukee Bucks,L,,103,107,14,35,L 1
2002,MEM,2002-02-12,8:30p,@,Houston Rockets,L,,78,85,14,36,L 2
2002,MEM,2002-02-14,8:00p,,Denver Nuggets,L,,85,100,14,37,L 3
2002,MEM,2002-02-17,2:00p,@,Charlotte Hornets,W,,92,78,15,37,W 1
2002,MEM,2002-02-19,8:30p,@,San Antonio Spurs,L,OT,93,99,15,38,L 1
2002,MEM,2002-02-21,8:00p,,Phoenix Suns,L,,72,78,15,39,L 2
2002,MEM,2002-02-25,8:00p,,Los Angeles Clippers,L,,77,90,15,40,L 3
2002,MEM,2002-02-26,8:30p,@,Dallas Mavericks,L,,91,104,15,41,L 4
2002,MEM,2002-02-28,9:00p,@,Utah Jazz,L,,70,114,15,42,L 5
2002,MEM,2002-03-01,9:00p,@,Denver Nuggets,L,,83,96,15,43,L 6
2002,MEM,2002-03-03,3:00p,,Seattle SuperSonics,L,,71,96,15,44,L 7
2002,MEM,2002-03-04,7:30p,@,Atlanta Hawks,L,,76,95,15,45,L 8
2002,MEM,2002-03-07,8:00p,,Indiana Pacers,W,,122,111,16,45,W 1
2002,MEM,2002-03-09,8:00p,,Miami Heat,L,,88,93,16,46,L 1
2002,MEM,2002-03-11,8:00p,,Utah Jazz,W,,79,78,17,46,W 1
2002,MEM,2002-03-12,8:30p,@,San Antonio Spurs,L,,84,98,17,47,L 1
2002,MEM,2002-03-15,8:00p,,Boston Celtics,L,,97,103,17,48,L 2
2002,MEM,2002-03-17,3:00p,,New Jersey Nets,L,,76,87,17,49,L 3
2002,MEM,2002-03-19,8:00p,,New York Knicks,L,,92,101,17,50,L 4
2002,MEM,2002-03-21,8:00p,,Minnesota Timberwolves,L,,93,95,17,51,L 5
2002,MEM,2002-03-23,8:30p,@,Dallas Mavericks,L,,100,111,17,52,L 6
2002,MEM,2002-03-25,10:00p,@,Portland Trail Blazers,W,,103,100,18,52,W 1
2002,MEM,2002-03-27,10:00p,@,Seattle SuperSonics,L,,82,96,18,53,L 1
2002,MEM,2002-03-30,8:00p,,Golden State Warriors,W,,105,99,19,53,W 1
2002,MEM,2002-04-02,8:00p,,Sacramento Kings,L,,83,107,19,54,L 1
2002,MEM,2002-04-03,8:00p,@,Minnesota Timberwolves,L,,81,92,19,55,L 2
2002,MEM,2002-04-05,8:00p,,Houston Rockets,W,,99,81,20,55,W 1
2002,MEM,2002-04-06,8:00p,@,Washington Wizards,L,,85,88,20,56,L 1
2002,MEM,2002-04-09,8:00p,,Denver Nuggets,W,,97,86,21,56,W 1
2002,MEM,2002-04-11,8:00p,,Portland Trail Blazers,W,,102,99,22,56,W 2
2002,MEM,2002-04-13,8:00p,,San Antonio Spurs,L,,92,113,22,57,L 1
2002,MEM,2002-04-14,8:30p,@,Houston Rockets,W,,98,95,23,57,W 1
2002,MEM,2002-04-16,10:30p,@,Los Angeles Clippers,L,,84,92,23,58,L 1
2002,MEM,2002-04-17,10:00p,@,Seattle SuperSonics,L,,94,109,23,59,L 2
2002,MIA,2001-10-31,8:00p,,Toronto Raptors,W,,97,92,1,0,W 1
2002,MIA,2001-11-02,7:30p,,Cleveland Cavaliers,L,,83,90,1,1,L 1
2002,MIA,2001-11-03,7:00p,@,Atlanta Hawks,L,,83,90,1,2,L 2
2002,MIA,2001-11-06,7:30p,,Seattle SuperSonics,W,OT,87,85,2,2,W 1
2002,MIA,2001-11-08,8:00p,@,Milwaukee Bucks,L,,82,86,2,3,L 1
2002,MIA,2001-11-10,7:30p,,Sacramento Kings,L,,75,90,2,4,L 2
2002,MIA,2001-11-13,7:30p,,Philadelphia 76ers,L,,76,82,2,5,L 3
2002,MIA,2001-11-15,7:30p,@,New York Knicks,L,,74,83,2,6,L 4
2002,MIA,2001-11-16,7:30p,,Charlotte Hornets,L,,87,96,2,7,L 5
2002,MIA,2001-11-20,8:00p,,Minnesota Timberwolves,L,,73,80,2,8,L 6
2002,MIA,2001-11-23,7:30p,,Dallas Mavericks,L,,94,104,2,9,L 7
2002,MIA,2001-11-24,7:30p,@,Cleveland Cavaliers,L,OT,96,100,2,10,L 8
2002,MIA,2001-11-27,7:30p,,Boston Celtics,L,,83,84,2,11,L 9
2002,MIA,2001-11-29,8:30p,@,Chicago Bulls,L,,72,78,2,12,L 10
2002,MIA,2001-11-30,7:30p,,Washington Wizards,L,,75,84,2,13,L 11
2002,MIA,2001-12-04,10:30p,@,Los Angeles Clippers,L,,83,87,2,14,L 12
2002,MIA,2001-12-07,10:00p,@,Seattle SuperSonics,W,OT,98,94,3,14,W 1
2002,MIA,2001-12-09,9:00p,@,Sacramento Kings,L,,88,95,3,15,L 1
2002,MIA,2001-12-11,7:30p,,Milwaukee Bucks,W,,99,97,4,15,W 1
2002,MIA,2001-12-12,8:00p,@,Washington Wizards,L,,80,82,4,16,L 1
2002,MIA,2001-12-14,7:30p,,New Jersey Nets,L,,86,95,4,17,L 2
2002,MIA,2001-12-15,8:30p,@,Houston Rockets,W,,76,73,5,17,W 1
2002,MIA,2001-12-18,7:30p,,Utah Jazz,L,,56,95,5,18,L 1
2002,MIA,2001-12-21,7:30p,,Cleveland Cavaliers,L,OT,81,86,5,19,L 2
2002,MIA,2001-12-23,3:00p,@,Toronto Raptors,L,,76,83,5,20,L 3
2002,MIA,2001-12-27,7:30p,@,Atlanta Hawks,L,,96,100,5,21,L 4
2002,MIA,2001-12-28,7:30p,,Memphis Grizzlies,L,,86,91,5,22,L 5
2002,MIA,2001-12-30,6:00p,@,Detroit Pistons,L,,80,86,5,23,L 6
2002,MIA,2001-12-31,7:00p,@,Indiana Pacers,W,,89,87,6,23,W 1
2002,MIA,2002-01-04,7:30p,@,Boston Celtics,W,,89,66,7,23,W 2
2002,MIA,2002-01-06,7:30p,,Golden State Warriors,W,,92,84,8,23,W 3
2002,MIA,2002-01-08,7:30p,@,New Jersey Nets,L,,95,104,8,24,L 1
2002,MIA,2002-01-10,7:30p,,Portland Trail Blazers,L,,85,92,8,25,L 2
2002,MIA,2002-01-12,9:00p,@,Phoenix Suns,L,,74,108,8,26,L 3
2002,MIA,2002-01-14,10:30p,@,Golden State Warriors,W,,85,79,9,26,W 1
2002,MIA,2002-01-16,10:30p,@,Los Angeles Lakers,W,,102,96,10,26,W 2
2002,MIA,2002-01-17,10:00p,@,Portland Trail Blazers,W,OT,92,90,11,26,W 3
2002,MIA,2002-01-19,9:00p,,Indiana Pacers,W,,100,88,12,26,W 4
2002,MIA,2002-01-21,7:00p,@,Cleveland Cavaliers,W,OT,95,93,13,26,W 5
2002,MIA,2002-01-22,7:30p,,Chicago Bulls,W,,92,79,14,26,W 6
2002,MIA,2002-01-24,7:30p,@,Orlando Magic,L,,87,92,14,27,L 1
2002,MIA,2002-01-26,12:30p,,New Jersey Nets,W,,90,77,15,27,W 1
2002,MIA,2002-01-28,9:00p,@,Utah Jazz,L,,89,101,15,28,L 1
2002,MIA,2002-01-29,9:00p,@,Denver Nuggets,W,OT,100,94,16,28,W 1
2002,MIA,2002-02-01,7:30p,,San Antonio Spurs,W,,88,83,17,28,W 2
2002,MIA,2002-02-03,12:00p,@,New York Knicks,W,,94,83,18,28,W 3
2002,MIA,2002-02-05,7:30p,,Atlanta Hawks,L,,73,76,18,29,L 1
2002,MIA,2002-02-13,7:30p,,Orlando Magic,W,,112,95,19,29,W 1
2002,MIA,2002-02-15,8:30p,@,Milwaukee Bucks,W,OT,90,88,20,29,W 2
2002,MIA,2002-02-17,3:30p,@,Minnesota Timberwolves,L,,80,93,20,30,L 1
2002,MIA,2002-02-18,7:30p,,Chicago Bulls,W,,102,80,21,30,W 1
2002,MIA,2002-02-20,7:30p,,Los Angeles Clippers,L,,71,81,21,31,L 1
2002,MIA,2002-02-23,8:00p,@,Washington Wizards,W,,97,95,22,31,W 1
2002,MIA,2002-02-24,7:30p,,Washington Wizards,W,,92,80,23,31,W 2
2002,MIA,2002-02-27,7:00p,@,Philadelphia 76ers,L,,72,82,23,32,L 1
2002,MIA,2002-02-28,8:00p,,New York Knicks,W,,100,86,24,32,W 1
2002,MIA,2002-03-02,8:30p,@,Dallas Mavericks,W,,109,95,25,32,W 2
2002,MIA,2002-03-05,7:30p,@,Detroit Pistons,W,,93,91,26,32,W 3
2002,MIA,2002-03-06,8:30p,@,Chicago Bulls,W,,92,87,27,32,W 4
2002,MIA,2002-03-08,7:30p,,Toronto Raptors,L,,74,83,27,33,L 1
2002,MIA,2002-03-09,8:00p,@,Memphis Grizzlies,W,,93,88,28,33,W 1
2002,MIA,2002-03-12,8:00p,,Phoenix Suns,W,,90,78,29,33,W 2
2002,MIA,2002-03-15,7:30p,@,New Jersey Nets,L,,78,97,29,34,L 1
2002,MIA,2002-03-16,7:30p,,Denver Nuggets,W,,101,76,30,34,W 1
2002,MIA,2002-03-19,7:30p,,Philadelphia 76ers,L,,79,91,30,35,L 1
2002,MIA,2002-03-20,7:00p,@,Philadelphia 76ers,W,,82,77,31,35,W 1
2002,MIA,2002-03-22,7:30p,,Indiana Pacers,L,,94,104,31,36,L 1
2002,MIA,2002-03-23,8:30p,@,San Antonio Spurs,L,,79,89,31,37,L 2
2002,MIA,2002-03-25,7:30p,,Boston Celtics,L,,82,87,31,38,L 3
2002,MIA,2002-03-27,8:00p,@,Toronto Raptors,L,,80,81,31,39,L 4
2002,MIA,2002-03-29,7:30p,,Atlanta Hawks,W,,92,80,32,39,W 1
2002,MIA,2002-03-31,3:00p,@,Indiana Pacers,L,,81,100,32,40,L 1
2002,MIA,2002-04-02,7:30p,,Detroit Pistons,L,,87,90,32,41,L 2
2002,MIA,2002-04-03,7:00p,@,Charlotte Hornets,L,,90,97,32,42,L 3
2002,MIA,2002-04-05,7:30p,,Milwaukee Bucks,W,,102,97,33,42,W 1
2002,MIA,2002-04-07,5:30p,,Los Angeles Lakers,L,,88,96,33,43,L 1
2002,MIA,2002-04-09,7:30p,,Houston Rockets,W,2OT,120,117,34,43,W 1
2002,MIA,2002-04-10,8:00p,@,Boston Celtics,L,,65,70,34,44,L 1
2002,MIA,2002-04-12,7:30p,,Orlando Magic,W,,99,94,35,44,W 1
2002,MIA,2002-04-14,8:00p,,New York Knicks,L,,67,94,35,45,L 1
2002,MIA,2002-04-16,7:30p,,Charlotte Hornets,L,,81,88,35,46,L 2
2002,MIA,2002-04-17,7:30p,@,Orlando Magic,W,,103,89,36,46,W 1
2002,MIL,2001-10-30,9:00p,@,Utah Jazz,W,OT,119,112,1,0,W 1
2002,MIL,2001-11-01,9:00p,@,Denver Nuggets,W,,102,101,2,0,W 2
2002,MIL,2001-11-03,8:30p,,Boston Celtics,W,,105,99,3,0,W 3
2002,MIL,2001-11-08,8:00p,,Miami Heat,W,,86,82,4,0,W 4
2002,MIL,2001-11-10,8:30p,,Minnesota Timberwolves,L,,82,98,4,1,L 1
2002,MIL,2001-11-14,7:00p,@,Washington Wizards,W,,107,98,5,1,W 1
2002,MIL,2001-11-17,8:30p,,Utah Jazz,W,,104,93,6,1,W 2
2002,MIL,2001-11-21,8:00p,,Chicago Bulls,W,,96,92,7,1,W 3
2002,MIL,2001-11-22,8:00p,@,Toronto Raptors,W,,78,75,8,1,W 4
2002,MIL,2001-11-24,9:00p,,Atlanta Hawks,W,,95,88,9,1,W 5
2002,MIL,2001-11-27,10:30p,@,Los Angeles Lakers,L,,85,104,9,2,L 1
2002,MIL,2001-11-28,9:00p,@,Phoenix Suns,L,,84,104,9,3,L 2
2002,MIL,2001-11-30,10:00p,@,Portland Trail Blazers,L,,95,101,9,4,L 3
2002,MIL,2001-12-02,9:00p,@,Seattle SuperSonics,L,,83,97,9,5,L 4
2002,MIL,2001-12-04,8:00p,,New York Knicks,L,,71,85,9,6,L 5
2002,MIL,2001-12-06,9:00p,,Toronto Raptors,W,,95,89,10,6,W 1
2002,MIL,2001-12-08,8:30p,,New Jersey Nets,W,,95,79,11,6,W 2
2002,MIL,2001-12-11,7:30p,@,Miami Heat,L,,97,99,11,7,L 1
2002,MIL,2001-12-14,7:00p,@,Philadelphia 76ers,W,,96,80,12,7,W 1
2002,MIL,2001-12-15,8:30p,,Indiana Pacers,W,,115,95,13,7,W 2
2002,MIL,2001-12-18,8:00p,@,Memphis Grizzlies,W,,114,105,14,7,W 3
2002,MIL,2001-12-20,8:30p,@,Dallas Mavericks,L,,101,113,14,8,L 1
2002,MIL,2001-12-22,8:30p,@,Houston Rockets,L,,110,115,14,9,L 2
2002,MIL,2001-12-23,7:00p,@,San Antonio Spurs,W,,101,91,15,9,W 1
2002,MIL,2001-12-26,8:00p,,Atlanta Hawks,W,,107,97,16,9,W 2
2002,MIL,2001-12-28,7:30p,@,Charlotte Hornets,W,,105,89,17,9,W 3
2002,MIL,2001-12-29,8:30p,,San Antonio Spurs,W,OT,102,99,18,9,W 4
2002,MIL,2001-12-31,3:30p,@,Chicago Bulls,L,,83,90,18,10,L 1
2002,MIL,2002-01-02,8:00p,@,Minnesota Timberwolves,L,,77,95,18,11,L 2
2002,MIL,2002-01-05,10:30p,@,Los Angeles Clippers,L,,83,86,18,12,L 3
2002,MIL,2002-01-06,9:00p,@,Sacramento Kings,L,,101,115,18,13,L 4
2002,MIL,2002-01-08,10:30p,@,Golden State Warriors,W,,113,97,19,13,W 1
2002,MIL,2002-01-11,8:30p,,Washington Wizards,W,,105,86,20,13,W 2
2002,MIL,2002-01-12,7:30p,@,New York Knicks,W,,102,97,21,13,W 3
2002,MIL,2002-01-15,7:00p,@,Indiana Pacers,W,,106,102,22,13,W 4
2002,MIL,2002-01-16,8:00p,,Indiana Pacers,W,,105,100,23,13,W 5
2002,MIL,2002-01-18,8:30p,,Orlando Magic,W,,115,110,24,13,W 6
2002,MIL,2002-01-19,7:00p,@,Atlanta Hawks,W,,116,107,25,13,W 7
2002,MIL,2002-01-21,3:00p,@,Detroit Pistons,W,,97,79,26,13,W 8
2002,MIL,2002-01-22,8:00p,,Phoenix Suns,L,,81,92,26,14,L 1
2002,MIL,2002-01-24,8:00p,,Seattle SuperSonics,L,,88,99,26,15,L 2
2002,MIL,2002-01-26,3:00p,,New York Knicks,L,2OT,127,129,26,16,L 3
2002,MIL,2002-01-29,8:00p,,Boston Celtics,W,,109,90,27,16,W 1
2002,MIL,2002-01-31,7:30p,@,New Jersey Nets,L,,100,125,27,17,L 1
2002,MIL,2002-02-02,5:30p,,Philadelphia 76ers,L,,81,86,27,18,L 2
2002,MIL,2002-02-07,8:00p,,Memphis Grizzlies,W,,107,103,28,18,W 1
2002,MIL,2002-02-12,8:30p,@,Chicago Bulls,L,,92,96,28,19,L 1
2002,MIL,2002-02-13,8:00p,,Cleveland Cavaliers,L,,107,115,28,20,L 2
2002,MIL,2002-02-15,8:30p,,Miami Heat,L,OT,88,90,28,21,L 3
2002,MIL,2002-02-17,2:00p,@,Toronto Raptors,W,,91,86,29,21,W 1
2002,MIL,2002-02-18,8:00p,,Charlotte Hornets,L,,92,101,29,22,L 1
2002,MIL,2002-02-20,8:00p,,Houston Rockets,W,,115,76,30,22,W 1
2002,MIL,2002-02-22,8:30p,,Golden State Warriors,W,,116,112,31,22,W 2
2002,MIL,2002-02-24,3:00p,,Detroit Pistons,W,,89,82,32,22,W 3
2002,MIL,2002-02-26,8:00p,,Los Angeles Lakers,L,,89,99,32,23,L 1
2002,MIL,2002-02-27,7:00p,@,Boston Celtics,W,,95,92,33,23,W 1
2002,MIL,2002-03-02,8:30p,,Portland Trail Blazers,L,OT,103,104,33,24,L 1
2002,MIL,2002-03-03,7:00p,@,Cleveland Cavaliers,W,,101,91,34,24,W 1
2002,MIL,2002-03-05,7:30p,@,New York Knicks,L,,89,102,34,25,L 1
2002,MIL,2002-03-06,8:00p,,Los Angeles Clippers,W,,92,86,35,25,W 1
2002,MIL,2002-03-08,8:30p,,Cleveland Cavaliers,L,OT,109,115,35,26,L 1
2002,MIL,2002-03-10,3:00p,,Sacramento Kings,L,,73,98,35,27,L 2
2002,MIL,2002-03-12,8:00p,,Chicago Bulls,W,,110,81,36,27,W 1
2002,MIL,2002-03-16,8:30p,,Detroit Pistons,L,,94,102,36,28,L 1
2002,MIL,2002-03-18,7:00p,@,Charlotte Hornets,L,,110,113,36,29,L 2
2002,MIL,2002-03-19,8:00p,@,Orlando Magic,L,,91,101,36,30,L 3
2002,MIL,2002-03-22,7:30p,@,New Jersey Nets,L,,84,108,36,31,L 4
2002,MIL,2002-03-24,3:00p,,Orlando Magic,W,,110,85,37,31,W 1
2002,MIL,2002-03-26,8:00p,,Dallas Mavericks,L,OT,106,112,37,32,L 1
2002,MIL,2002-03-28,8:00p,,Denver Nuggets,W,,95,88,38,32,W 1
2002,MIL,2002-03-29,7:00p,@,Washington Wizards,L,,98,107,38,33,L 1
2002,MIL,2002-03-31,12:30p,@,Boston Celtics,L,,80,110,38,34,L 2
2002,MIL,2002-04-02,7:30p,@,Atlanta Hawks,L,,92,100,38,35,L 3
2002,MIL,2002-04-03,8:00p,,Washington Wizards,W,,105,90,39,35,W 1
2002,MIL,2002-04-05,7:30p,@,Miami Heat,L,,97,102,39,36,L 1
2002,MIL,2002-04-07,12:30p,@,Philadelphia 76ers,L,,87,89,39,37,L 2
2002,MIL,2002-04-09,8:00p,,Philadelphia 76ers,L,,90,92,39,38,L 3
2002,MIL,2002-04-10,7:00p,@,Cleveland Cavaliers,L,,81,106,39,39,L 4
2002,MIL,2002-04-12,8:00p,@,Indiana Pacers,L,OT,107,112,39,40,L 5
2002,MIL,2002-04-14,3:00p,,Charlotte Hornets,W,,98,91,40,40,W 1
2002,MIL,2002-04-16,8:00p,,Toronto Raptors,W,,105,89,41,40,W 2
2002,MIL,2002-04-17,7:30p,@,Detroit Pistons,L,,89,123,41,41,L 1
2002,MIN,2001-10-30,8:00p,,Philadelphia 76ers,W,,83,74,1,0,W 1
2002,MIN,2001-11-02,8:00p,,Memphis Grizzlies,W,,111,102,2,0,W 2
2002,MIN,2001-11-03,8:30p,@,Houston Rockets,W,,90,88,3,0,W 3
2002,MIN,2001-11-06,8:00p,,New York Knicks,W,,104,94,4,0,W 4
2002,MIN,2001-11-08,8:00p,,Chicago Bulls,W,,127,74,5,0,W 5
2002,MIN,2001-11-10,8:30p,@,Milwaukee Bucks,W,,98,82,6,0,W 6
2002,MIN,2001-11-13,8:00p,,Cleveland Cavaliers,L,,103,107,6,1,L 1
2002,MIN,2001-11-16,7:00p,@,Indiana Pacers,W,2OT,120,113,7,1,W 1
2002,MIN,2001-11-17,8:00p,,Orlando Magic,W,,103,95,8,1,W 2
2002,MIN,2001-11-20,8:00p,@,Miami Heat,W,,80,73,9,1,W 3
2002,MIN,2001-11-21,7:30p,@,Orlando Magic,L,,106,117,9,2,L 1
2002,MIN,2001-11-24,8:00p,,San Antonio Spurs,W,,99,94,10,2,W 1
2002,MIN,2001-11-27,10:00p,@,Seattle SuperSonics,L,,102,112,10,3,L 1
2002,MIN,2001-11-28,10:30p,@,Los Angeles Clippers,L,,75,94,10,4,L 2
2002,MIN,2001-12-01,10:30p,@,Los Angeles Lakers,L,,76,102,10,5,L 3
2002,MIN,2001-12-04,8:00p,,Seattle SuperSonics,W,,108,83,11,5,W 1
2002,MIN,2001-12-06,8:00p,@,Memphis Grizzlies,W,,105,80,12,5,W 2
2002,MIN,2001-12-08,8:00p,,Houston Rockets,W,,107,97,13,5,W 3
2002,MIN,2001-12-11,8:00p,,Golden State Warriors,W,,107,86,14,5,W 4
2002,MIN,2001-12-12,9:00p,@,Utah Jazz,W,,98,87,15,5,W 5
2002,MIN,2001-12-14,8:00p,,Sacramento Kings,W,,114,94,16,5,W 6
2002,MIN,2001-12-15,8:30p,@,Dallas Mavericks,L,,117,125,16,6,L 1
2002,MIN,2001-12-18,8:00p,,Dallas Mavericks,L,,103,107,16,7,L 2
2002,MIN,2001-12-19,7:30p,@,New Jersey Nets,L,OT,112,117,16,8,L 3
2002,MIN,2001-12-21,8:00p,,Charlotte Hornets,W,,94,89,17,8,W 1
2002,MIN,2001-12-22,8:30p,@,Chicago Bulls,W,,95,74,18,8,W 2
2002,MIN,2001-12-26,9:00p,@,Denver Nuggets,W,,94,91,19,8,W 3
2002,MIN,2001-12-28,10:00p,@,Sacramento Kings,L,,111,125,19,9,L 1
2002,MIN,2001-12-30,10:00p,@,Portland Trail Blazers,W,,95,93,20,9,W 1
2002,MIN,2002-01-02,8:00p,,Milwaukee Bucks,W,,95,77,21,9,W 2
2002,MIN,2002-01-04,8:00p,,Utah Jazz,W,,93,86,22,9,W 3
2002,MIN,2002-01-05,7:00p,@,Atlanta Hawks,W,,112,96,23,9,W 4
2002,MIN,2002-01-07,8:00p,,Detroit Pistons,W,,109,93,24,9,W 5
2002,MIN,2002-01-09,8:00p,,Seattle SuperSonics,W,,111,106,25,9,W 6
2002,MIN,2002-01-11,8:00p,,Los Angeles Lakers,W,,120,102,26,9,W 7
2002,MIN,2002-01-12,7:00p,@,Washington Wizards,W,,108,100,27,9,W 8
2002,MIN,2002-01-15,8:00p,,Los Angeles Clippers,W,,97,83,28,9,W 9
2002,MIN,2002-01-18,9:00p,@,Phoenix Suns,L,OT,100,103,28,10,L 1
2002,MIN,2002-01-19,10:30p,@,Golden State Warriors,W,,105,102,29,10,W 1
2002,MIN,2002-01-21,6:00p,,Washington Wizards,W,,105,101,30,10,W 2
2002,MIN,2002-01-23,7:30p,@,Detroit Pistons,L,,83,104,30,11,L 1
2002,MIN,2002-01-25,7:00p,@,Toronto Raptors,L,,100,107,30,12,L 2
2002,MIN,2002-01-26,8:00p,,Atlanta Hawks,W,,103,80,31,12,W 1
2002,MIN,2002-01-29,7:00p,@,Cleveland Cavaliers,L,,81,114,31,13,L 1
2002,MIN,2002-01-30,7:00p,@,Philadelphia 76ers,L,,91,96,31,14,L 2
2002,MIN,2002-02-01,7:30p,@,Boston Celtics,W,OT,98,95,32,14,W 1
2002,MIN,2002-02-03,2:30p,,Sacramento Kings,L,,107,112,32,15,L 1
2002,MIN,2002-02-04,8:30p,@,San Antonio Spurs,L,,83,113,32,16,L 2
2002,MIN,2002-02-06,8:00p,,Portland Trail Blazers,W,,113,103,33,16,W 1
2002,MIN,2002-02-13,8:00p,,Phoenix Suns,W,,107,92,34,16,W 2
2002,MIN,2002-02-15,8:00p,,Denver Nuggets,L,,98,99,34,17,L 1
2002,MIN,2002-02-17,3:30p,,Miami Heat,W,,93,80,35,17,W 1
2002,MIN,2002-02-19,8:00p,@,Dallas Mavericks,W,,117,100,36,17,W 2
2002,MIN,2002-02-21,8:30p,@,Houston Rockets,L,,83,89,36,18,L 1
2002,MIN,2002-02-23,8:30p,@,San Antonio Spurs,W,,112,88,37,18,W 1
2002,MIN,2002-02-25,7:00p,@,Charlotte Hornets,W,,97,92,38,18,W 2
2002,MIN,2002-02-27,8:00p,,Los Angeles Lakers,W,,112,101,39,18,W 3
2002,MIN,2002-03-01,8:00p,,San Antonio Spurs,L,,77,85,39,19,L 1
2002,MIN,2002-03-02,9:00p,@,Utah Jazz,W,,116,105,40,19,W 1
2002,MIN,2002-03-05,10:30p,@,Seattle SuperSonics,L,,83,97,40,20,L 1
2002,MIN,2002-03-06,10:00p,@,Portland Trail Blazers,L,,78,85,40,21,L 2
2002,MIN,2002-03-08,9:00p,@,Phoenix Suns,L,,76,81,40,22,L 3
2002,MIN,2002-03-11,8:00p,,Los Angeles Clippers,L,,99,108,40,23,L 4
2002,MIN,2002-03-13,8:00p,,Houston Rockets,L,,95,96,40,24,L 5
2002,MIN,2002-03-15,8:00p,,Indiana Pacers,L,,85,98,40,25,L 6
2002,MIN,2002-03-17,3:30p,,Utah Jazz,L,,89,96,40,26,L 7
2002,MIN,2002-03-19,8:00p,,Toronto Raptors,W,,112,80,41,26,W 1
2002,MIN,2002-03-21,8:00p,@,Memphis Grizzlies,W,,95,93,42,26,W 2
2002,MIN,2002-03-23,8:00p,,Portland Trail Blazers,L,,99,108,42,27,L 1
2002,MIN,2002-03-26,8:00p,,Golden State Warriors,L,,106,115,42,28,L 2
2002,MIN,2002-03-28,8:00p,,Dallas Mavericks,W,,113,111,43,28,W 1
2002,MIN,2002-03-29,7:30p,@,New York Knicks,W,,98,77,44,28,W 2
2002,MIN,2002-03-31,3:30p,,New Jersey Nets,W,,86,85,45,28,W 3
2002,MIN,2002-04-03,8:00p,,Memphis Grizzlies,W,,92,81,46,28,W 4
2002,MIN,2002-04-04,9:00p,@,Denver Nuggets,L,,87,88,46,29,L 1
2002,MIN,2002-04-06,8:00p,,Phoenix Suns,W,,108,104,47,29,W 1
2002,MIN,2002-04-08,10:30p,@,Golden State Warriors,W,,100,93,48,29,W 2
2002,MIN,2002-04-09,10:30p,@,Sacramento Kings,L,,103,122,48,30,L 1
2002,MIN,2002-04-11,10:30p,@,Los Angeles Lakers,L,,83,96,48,31,L 2
2002,MIN,2002-04-13,10:30p,@,Los Angeles Clippers,W,,101,98,49,31,W 1
2002,MIN,2002-04-15,8:00p,,Boston Celtics,L,,90,93,49,32,L 1
2002,MIN,2002-04-17,8:00p,,Denver Nuggets,W,,104,90,50,32,W 1
2002,MIN,2002-04-21,3:00p,@,Dallas Mavericks,L,,94,101,0,1,L 1
2002,MIN,2002-04-24,9:30p,@,Dallas Mavericks,L,,110,122,0,2,L 2
2002,MIN,2002-04-28,3:00p,,Dallas Mavericks,L,,102,115,0,3,L 3
2002,NJN,2001-10-30,7:30p,,Indiana Pacers,W,,103,97,1,0,W 1
2002,NJN,2001-10-31,7:00p,@,Boston Celtics,W,,95,92,2,0,W 2
2002,NJN,2001-11-02,8:00p,@,Detroit Pistons,L,,88,102,2,1,L 1
2002,NJN,2001-11-03,8:00p,,Charlotte Hornets,W,,95,85,3,1,W 1
2002,NJN,2001-11-08,7:30p,,Seattle SuperSonics,W,,106,94,4,1,W 2
2002,NJN,2001-11-10,1:00p,,Cleveland Cavaliers,W,,87,84,5,1,W 3
2002,NJN,2001-11-13,7:00p,@,Indiana Pacers,W,,91,82,6,1,W 4
2002,NJN,2001-11-16,7:30p,,New York Knicks,W,,109,83,7,1,W 5
2002,NJN,2001-11-17,8:00p,,Philadelphia 76ers,L,,82,94,7,2,L 1
2002,NJN,2001-11-19,9:00p,@,Denver Nuggets,L,OT,96,99,7,3,L 2
2002,NJN,2001-11-21,9:00p,@,Utah Jazz,W,OT,90,89,8,3,W 1
2002,NJN,2001-11-22,10:30p,@,Los Angeles Clippers,W,,95,90,9,3,W 2
2002,NJN,2001-11-24,10:00p,@,Sacramento Kings,L,,97,98,9,4,L 1
2002,NJN,2001-11-25,9:00p,@,Golden State Warriors,L,,85,101,9,5,L 2
2002,NJN,2001-11-27,7:30p,,Chicago Bulls,W,,100,68,10,5,W 1
2002,NJN,2001-12-01,1:00p,,Boston Celtics,L,OT,98,105,10,6,L 1
2002,NJN,2001-12-05,8:00p,,Phoenix Suns,W,,106,87,11,6,W 1
2002,NJN,2001-12-07,7:30p,,Cleveland Cavaliers,W,,96,84,12,6,W 2
2002,NJN,2001-12-08,8:30p,@,Milwaukee Bucks,L,,79,95,12,7,L 1
2002,NJN,2001-12-11,8:30p,@,Chicago Bulls,W,,107,93,13,7,W 1
2002,NJN,2001-12-14,7:30p,@,Miami Heat,W,,95,86,14,7,W 2
2002,NJN,2001-12-16,7:00p,@,New York Knicks,W,,114,96,15,7,W 3
2002,NJN,2001-12-19,7:30p,,Minnesota Timberwolves,W,OT,117,112,16,7,W 4
2002,NJN,2001-12-21,7:00p,@,Indiana Pacers,L,,94,100,16,8,L 1
2002,NJN,2001-12-22,8:00p,,Utah Jazz,L,,90,104,16,9,L 2
2002,NJN,2001-12-26,7:00p,@,Cleveland Cavaliers,W,,91,89,17,9,W 1
2002,NJN,2001-12-27,7:30p,@,Detroit Pistons,W,,88,75,18,9,W 2
2002,NJN,2001-12-29,7:30p,,Indiana Pacers,W,OT,98,93,19,9,W 3
2002,NJN,2001-12-31,8:30p,@,Washington Wizards,L,,76,98,19,10,L 1
2002,NJN,2002-01-02,7:30p,,Memphis Grizzlies,W,,92,74,20,10,W 1
2002,NJN,2002-01-04,7:30p,,Orlando Magic,L,,96,109,20,11,L 1
2002,NJN,2002-01-05,7:30p,@,Charlotte Hornets,W,,89,80,21,11,W 1
2002,NJN,2002-01-08,7:30p,,Miami Heat,W,,104,95,22,11,W 2
2002,NJN,2002-01-10,7:30p,,Los Angeles Clippers,W,,108,89,23,11,W 3
2002,NJN,2002-01-12,7:30p,@,Orlando Magic,W,,91,85,24,11,W 4
2002,NJN,2002-01-14,7:30p,,San Antonio Spurs,W,,99,97,25,11,W 5
2002,NJN,2002-01-16,7:30p,,Washington Wizards,W,,111,67,26,11,W 6
2002,NJN,2002-01-18,7:00p,@,Toronto Raptors,L,,77,89,26,12,L 1
2002,NJN,2002-01-19,8:00p,,Houston Rockets,W,,99,90,27,12,W 1
2002,NJN,2002-01-21,3:00p,@,Dallas Mavericks,L,,105,113,27,13,L 1
2002,NJN,2002-01-22,8:30p,@,San Antonio Spurs,W,,92,86,28,13,W 1
2002,NJN,2002-01-24,8:30p,@,Houston Rockets,W,,103,98,29,13,W 2
2002,NJN,2002-01-26,12:30p,@,Miami Heat,L,,77,90,29,14,L 1
2002,NJN,2002-01-31,7:30p,,Milwaukee Bucks,W,,125,100,30,14,W 1
2002,NJN,2002-02-02,12:30p,,Toronto Raptors,W,,98,91,31,14,W 2
2002,NJN,2002-02-04,7:30p,,Sacramento Kings,W,,117,83,32,14,W 3
2002,NJN,2002-02-06,7:30p,,Dallas Mavericks,L,,100,112,32,15,L 1
2002,NJN,2002-02-12,7:30p,@,Atlanta Hawks,L,,103,105,32,16,L 2
2002,NJN,2002-02-14,7:30p,,Detroit Pistons,L,,80,85,32,17,L 3
2002,NJN,2002-02-15,8:30p,@,Chicago Bulls,W,,106,81,33,17,W 1
2002,NJN,2002-02-17,1:00p,,Denver Nuggets,W,,98,77,34,17,W 2
2002,NJN,2002-02-19,7:30p,,Golden State Warriors,W,,123,115,35,17,W 3
2002,NJN,2002-02-21,7:00p,@,Washington Wizards,W,,93,82,36,17,W 4
2002,NJN,2002-02-22,7:30p,,New York Knicks,W,,115,93,37,17,W 5
2002,NJN,2002-02-24,3:00p,,Charlotte Hornets,W,,95,93,38,17,W 6
2002,NJN,2002-02-27,7:00p,@,Charlotte Hornets,L,,85,104,38,18,L 1
2002,NJN,2002-03-01,7:00p,@,Philadelphia 76ers,L,,102,110,38,19,L 2
2002,NJN,2002-03-03,3:00p,,Chicago Bulls,W,,92,84,39,19,W 1
2002,NJN,2002-03-05,10:30p,@,Los Angeles Lakers,L,,92,101,39,20,L 1
2002,NJN,2002-03-06,9:00p,@,Phoenix Suns,L,,87,89,39,21,L 2
2002,NJN,2002-03-08,10:00p,@,Portland Trail Blazers,L,,73,82,39,22,L 3
2002,NJN,2002-03-09,10:00p,@,Seattle SuperSonics,L,,90,96,39,23,L 4
2002,NJN,2002-03-12,8:00p,,Toronto Raptors,W,,86,84,40,23,W 1
2002,NJN,2002-03-13,7:00p,@,Boston Celtics,L,,89,97,40,24,L 1
2002,NJN,2002-03-15,7:30p,,Miami Heat,W,,97,78,41,24,W 1
2002,NJN,2002-03-17,3:00p,@,Memphis Grizzlies,W,,87,76,42,24,W 2
2002,NJN,2002-03-19,7:00p,@,Cleveland Cavaliers,L,,97,100,42,25,L 1
2002,NJN,2002-03-20,7:30p,,Portland Trail Blazers,W,,97,82,43,25,W 1
2002,NJN,2002-03-22,7:30p,,Milwaukee Bucks,W,,108,84,44,25,W 2
2002,NJN,2002-03-24,6:00p,,Atlanta Hawks,W,,116,102,45,25,W 3
2002,NJN,2002-03-26,7:30p,@,Atlanta Hawks,L,,77,103,45,26,L 1
2002,NJN,2002-03-27,8:00p,@,Philadelphia 76ers,W,,88,80,46,26,W 1
2002,NJN,2002-03-30,1:00p,,Philadelphia 76ers,W,,102,92,47,26,W 2
2002,NJN,2002-03-31,3:30p,@,Minnesota Timberwolves,L,,85,86,47,27,L 1
2002,NJN,2002-04-03,8:00p,,Los Angeles Lakers,W,,94,92,48,27,W 1
2002,NJN,2002-04-05,7:30p,,Orlando Magic,W,,110,85,49,27,W 2
2002,NJN,2002-04-07,8:00p,,Boston Celtics,L,,90,102,49,28,L 1
2002,NJN,2002-04-09,7:30p,,Washington Wizards,W,,101,88,50,28,W 1
2002,NJN,2002-04-11,8:00p,@,Orlando Magic,W,OT,101,99,51,28,W 2
2002,NJN,2002-04-14,5:30p,@,Toronto Raptors,L,,82,101,51,29,L 1
2002,NJN,2002-04-16,8:00p,,Detroit Pistons,L,,98,103,51,30,L 2
2002,NJN,2002-04-17,7:30p,@,New York Knicks,W,,99,94,52,30,W 1
2002,NJN,2002-04-20,12:30p,,Indiana Pacers,L,,83,89,0,1,L 1
2002,NJN,2002-04-22,7:00p,,Indiana Pacers,W,,95,79,1,1,W 1
2002,NJN,2002-04-26,8:30p,@,Indiana Pacers,W,,85,84,2,1,W 2
2002,NJN,2002-04-30,9:30p,@,Indiana Pacers,L,,74,97,2,2,L 1
2002,NJN,2002-05-02,7:00p,,Indiana Pacers,W,2OT,120,109,3,2,W 1
2002,NJN,2002-05-05,12:30p,,Charlotte Hornets,W,,99,93,4,2,W 2
2002,NJN,2002-05-07,8:00p,,Charlotte Hornets,W,,102,88,5,2,W 3
2002,NJN,2002-05-09,7:00p,@,Charlotte Hornets,L,,97,115,5,3,L 1
2002,NJN,2002-05-12,12:30p,@,Charlotte Hornets,W,,89,79,6,3,W 1
2002,NJN,2002-05-15,8:00p,,Charlotte Hornets,W,,103,95,7,3,W 2
2002,NJN,2002-05-19,5:30p,,Boston Celtics,W,,104,97,8,3,W 3
2002,NJN,2002-05-21,8:30p,,Boston Celtics,L,,86,93,8,4,L 1
2002,NJN,2002-05-25,5:30p,@,Boston Celtics,L,,90,94,8,5,L 2
2002,NJN,2002-05-27,5:30p,@,Boston Celtics,W,,94,92,9,5,W 1
2002,NJN,2002-05-29,9:00p,,Boston Celtics,W,,103,92,10,5,W 2
2002,NJN,2002-05-31,7:00p,@,Boston Celtics,W,,96,88,11,5,W 3
2002,NJN,2002-06-05,9:00p,@,Los Angeles Lakers,L,,94,99,11,6,L 1
2002,NJN,2002-06-07,9:00p,@,Los Angeles Lakers,L,,83,106,11,7,L 2
2002,NJN,2002-06-09,8:30p,,Los Angeles Lakers,L,,103,106,11,8,L 3
2002,NJN,2002-06-12,9:00p,,Los Angeles Lakers,L,,107,113,11,9,L 4
2002,NYK,2001-10-30,7:30p,,Washington Wizards,W,,93,91,1,0,W 1
2002,NYK,2001-11-02,7:30p,@,Charlotte Hornets,L,,93,97,1,1,L 1
2002,NYK,2001-11-03,8:30p,@,Chicago Bulls,L,,79,84,1,2,L 2
2002,NYK,2001-11-06,8:00p,@,Minnesota Timberwolves,L,,94,104,1,3,L 3
2002,NYK,2001-11-07,7:30p,,Cleveland Cavaliers,W,,82,64,2,3,W 1
2002,NYK,2001-11-09,7:00p,@,Indiana Pacers,L,,95,103,2,4,L 1
2002,NYK,2001-11-10,7:30p,,Golden State Warriors,L,,71,90,2,5,L 2
2002,NYK,2001-11-13,7:30p,,Portland Trail Blazers,W,,89,82,3,5,W 1
2002,NYK,2001-11-15,7:30p,,Miami Heat,W,,83,74,4,5,W 2
2002,NYK,2001-11-16,7:30p,@,New Jersey Nets,L,,83,109,4,6,L 1
2002,NYK,2001-11-18,3:30p,@,Los Angeles Clippers,L,,86,99,4,7,L 2
2002,NYK,2001-11-20,10:30p,@,Golden State Warriors,W,,94,70,5,7,W 1
2002,NYK,2001-11-21,9:00p,@,Phoenix Suns,L,,72,96,5,8,L 1
2002,NYK,2001-11-24,1:00p,,Chicago Bulls,W,,78,71,6,8,W 1
2002,NYK,2001-11-26,7:30p,,Atlanta Hawks,W,,88,83,7,8,W 2
2002,NYK,2001-11-28,7:30p,@,Atlanta Hawks,W,,105,100,8,8,W 3
2002,NYK,2001-12-01,8:00p,,Detroit Pistons,L,,97,100,8,9,L 1
2002,NYK,2001-12-03,7:30p,,Houston Rockets,W,,89,86,9,9,W 1
2002,NYK,2001-12-04,8:00p,@,Milwaukee Bucks,W,,85,71,10,9,W 2
2002,NYK,2001-12-08,7:30p,,Indiana Pacers,W,,101,99,11,9,W 3
2002,NYK,2001-12-11,7:30p,,Boston Celtics,L,OT,93,102,11,10,L 1
2002,NYK,2001-12-13,7:30p,@,Detroit Pistons,L,,97,99,11,11,L 2
2002,NYK,2001-12-14,7:00p,@,Washington Wizards,L,,80,96,11,12,L 3
2002,NYK,2001-12-16,7:00p,,New Jersey Nets,L,,96,114,11,13,L 4
2002,NYK,2001-12-18,7:00p,@,Charlotte Hornets,W,,100,95,12,13,W 1
2002,NYK,2001-12-20,7:30p,,Memphis Grizzlies,L,,88,90,12,14,L 1
2002,NYK,2001-12-22,7:30p,,Washington Wizards,L,,86,87,12,15,L 2
2002,NYK,2001-12-25,6:00p,,Toronto Raptors,W,,102,94,13,15,W 1
2002,NYK,2001-12-28,7:30p,@,Cleveland Cavaliers,L,,88,98,13,16,L 1
2002,NYK,2001-12-30,7:00p,,Orlando Magic,L,,90,94,13,17,L 2
2002,NYK,2002-01-03,7:30p,,Dallas Mavericks,W,OT,108,101,14,17,W 1
2002,NYK,2002-01-05,7:30p,,Boston Celtics,L,,81,90,14,18,L 1
2002,NYK,2002-01-07,8:30p,@,San Antonio Spurs,L,,79,90,14,19,L 2
2002,NYK,2002-01-08,8:30p,@,Houston Rockets,L,,86,88,14,20,L 3
2002,NYK,2002-01-10,9:00p,@,Dallas Mavericks,L,,89,111,14,21,L 4
2002,NYK,2002-01-12,7:30p,,Milwaukee Bucks,L,,97,102,14,22,L 5
2002,NYK,2002-01-16,7:00p,@,Boston Celtics,L,,100,101,14,23,L 6
2002,NYK,2002-01-19,7:00p,@,Philadelphia 76ers,L,,89,97,14,24,L 7
2002,NYK,2002-01-21,1:00p,,Charlotte Hornets,L,,68,111,14,25,L 8
2002,NYK,2002-01-23,8:00p,@,Toronto Raptors,W,,96,92,15,25,W 1
2002,NYK,2002-01-24,7:30p,,Phoenix Suns,W,,96,91,16,25,W 2
2002,NYK,2002-01-26,3:00p,@,Milwaukee Bucks,W,2OT,129,127,17,25,W 3
2002,NYK,2002-01-29,7:30p,,Philadelphia 76ers,W,,78,71,18,25,W 4
2002,NYK,2002-02-01,7:00p,@,Indiana Pacers,L,,87,92,18,26,L 1
2002,NYK,2002-02-03,12:00p,,Miami Heat,L,,83,94,18,27,L 2
2002,NYK,2002-02-05,7:30p,,Los Angeles Clippers,L,,110,112,18,28,L 3
2002,NYK,2002-02-07,7:30p,,Atlanta Hawks,W,,92,89,19,28,W 1
2002,NYK,2002-02-12,8:00p,@,Orlando Magic,L,,114,122,19,29,L 1
2002,NYK,2002-02-13,7:30p,,Toronto Raptors,W,,89,82,20,29,W 1
2002,NYK,2002-02-15,7:30p,,Detroit Pistons,L,,90,101,20,30,L 1
2002,NYK,2002-02-17,7:00p,,Utah Jazz,L,,89,92,20,31,L 2
2002,NYK,2002-02-20,8:30p,@,Chicago Bulls,L,,109,113,20,32,L 3
2002,NYK,2002-02-22,7:30p,@,New Jersey Nets,L,,93,115,20,33,L 4
2002,NYK,2002-02-24,12:00p,,Los Angeles Lakers,L,,91,107,20,34,L 5
2002,NYK,2002-02-28,8:00p,@,Miami Heat,L,,86,100,20,35,L 6
2002,NYK,2002-03-01,7:30p,,Seattle SuperSonics,W,,89,87,21,35,W 1
2002,NYK,2002-03-03,3:00p,,San Antonio Spurs,L,,83,99,21,36,L 1
2002,NYK,2002-03-05,7:30p,,Milwaukee Bucks,W,,102,89,22,36,W 1
2002,NYK,2002-03-07,9:00p,@,Denver Nuggets,L,,93,104,22,37,L 1
2002,NYK,2002-03-08,9:00p,@,Utah Jazz,W,,85,79,23,37,W 1
2002,NYK,2002-03-10,6:00p,@,Los Angeles Lakers,L,,103,117,23,38,L 1
2002,NYK,2002-03-12,7:30p,,Philadelphia 76ers,L,,96,104,23,39,L 2
2002,NYK,2002-03-14,7:30p,,Sacramento Kings,W,,113,96,24,39,W 1
2002,NYK,2002-03-16,7:30p,,Cleveland Cavaliers,W,,105,95,25,39,W 2
2002,NYK,2002-03-17,7:00p,@,Cleveland Cavaliers,L,,99,104,25,40,L 1
2002,NYK,2002-03-19,8:00p,@,Memphis Grizzlies,W,,101,92,26,40,W 1
2002,NYK,2002-03-21,7:30p,@,Atlanta Hawks,L,,89,118,26,41,L 1
2002,NYK,2002-03-24,4:00p,@,Philadelphia 76ers,L,,82,90,26,42,L 2
2002,NYK,2002-03-25,7:30p,,Denver Nuggets,L,,83,84,26,43,L 3
2002,NYK,2002-03-27,7:30p,@,Detroit Pistons,W,,89,82,27,43,W 1
2002,NYK,2002-03-29,7:30p,,Minnesota Timberwolves,L,,77,98,27,44,L 1
2002,NYK,2002-03-31,3:00p,@,Orlando Magic,L,,90,97,27,45,L 2
2002,NYK,2002-04-02,8:00p,,Charlotte Hornets,W,,91,85,28,45,W 1
2002,NYK,2002-04-04,10:00p,@,Portland Trail Blazers,L,,80,88,28,46,L 1
2002,NYK,2002-04-05,10:00p,@,Seattle SuperSonics,W,,86,83,29,46,W 1
2002,NYK,2002-04-07,9:00p,@,Sacramento Kings,L,,82,116,29,47,L 1
2002,NYK,2002-04-09,7:30p,,Orlando Magic,L,,97,108,29,48,L 2
2002,NYK,2002-04-11,7:30p,,Chicago Bulls,L,OT,101,104,29,49,L 3
2002,NYK,2002-04-12,7:30p,@,Boston Celtics,L,,92,107,29,50,L 4
2002,NYK,2002-04-14,8:00p,@,Miami Heat,W,,94,67,30,50,W 1
2002,NYK,2002-04-16,7:00p,@,Washington Wizards,L,,112,116,30,51,L 1
2002,NYK,2002-04-17,7:30p,,New Jersey Nets,L,,94,99,30,52,L 2
2002,ORL,2001-10-30,7:30p,,Toronto Raptors,W,,114,85,1,0,W 1
2002,ORL,2001-11-02,7:00p,@,Indiana Pacers,L,,107,117,1,1,L 1
2002,ORL,2001-11-03,8:30p,@,Cleveland Cavaliers,W,,99,69,2,1,W 1
2002,ORL,2001-11-05,7:30p,,Seattle SuperSonics,L,2OT,119,123,2,2,L 1
2002,ORL,2001-11-06,8:00p,@,San Antonio Spurs,L,,89,104,2,3,L 2
2002,ORL,2001-11-09,7:30p,,Sacramento Kings,W,,115,105,3,3,W 1
2002,ORL,2001-11-11,9:30p,@,Los Angeles Lakers,L,,95,108,3,4,L 1
2002,ORL,2001-11-12,9:00p,@,Utah Jazz,L,,98,105,3,5,L 2
2002,ORL,2001-11-14,8:00p,@,Phoenix Suns,W,,93,92,4,5,W 1
2002,ORL,2001-11-15,9:00p,@,Denver Nuggets,W,,101,82,5,5,W 2
2002,ORL,2001-11-17,8:00p,@,Minnesota Timberwolves,L,,95,103,5,6,L 1
2002,ORL,2001-11-21,7:30p,,Minnesota Timberwolves,W,,117,106,6,6,W 1
2002,ORL,2001-11-23,7:30p,@,Charlotte Hornets,W,,109,99,7,6,W 2
2002,ORL,2001-11-24,7:30p,,Charlotte Hornets,L,,101,103,7,7,L 1
2002,ORL,2001-11-26,7:30p,,Detroit Pistons,L,,100,105,7,8,L 2
2002,ORL,2001-11-29,7:30p,,Boston Celtics,L,,89,99,7,9,L 3
2002,ORL,2001-12-01,6:30p,@,Washington Wizards,W,,96,87,8,9,W 1
2002,ORL,2001-12-03,7:30p,,Memphis Grizzlies,W,,113,71,9,9,W 2
2002,ORL,2001-12-05,7:30p,,Chicago Bulls,W,,102,74,10,9,W 3
2002,ORL,2001-12-07,7:30p,,Atlanta Hawks,W,,129,94,11,9,W 4
2002,ORL,2001-12-08,7:00p,@,Atlanta Hawks,L,,104,107,11,10,L 1
2002,ORL,2001-12-10,10:30p,@,Los Angeles Clippers,L,,92,100,11,11,L 2
2002,ORL,2001-12-11,10:00p,@,Sacramento Kings,L,,100,112,11,12,L 3
2002,ORL,2001-12-13,9:00p,@,Golden State Warriors,W,,105,100,12,12,W 1
2002,ORL,2001-12-15,10:00p,@,Portland Trail Blazers,L,,106,117,12,13,L 1
2002,ORL,2001-12-16,9:00p,@,Seattle SuperSonics,L,,91,114,12,14,L 2
2002,ORL,2001-12-19,7:30p,,Utah Jazz,W,,98,90,13,14,W 1
2002,ORL,2001-12-21,7:30p,,Washington Wizards,L,,75,93,13,15,L 1
2002,ORL,2001-12-22,8:30p,@,Dallas Mavericks,L,,80,102,13,16,L 2
2002,ORL,2001-12-26,8:00p,,Indiana Pacers,L,,82,89,13,17,L 3
2002,ORL,2001-12-28,7:30p,,Detroit Pistons,W,,87,78,14,17,W 1
2002,ORL,2001-12-30,7:00p,@,New York Knicks,W,,94,90,15,17,W 2
2002,ORL,2002-01-02,7:00p,@,Boston Celtics,L,,94,110,15,18,L 1
2002,ORL,2002-01-04,7:30p,@,New Jersey Nets,W,,109,96,16,18,W 1
2002,ORL,2002-01-05,7:30p,,Golden State Warriors,W,,118,109,17,18,W 2
2002,ORL,2002-01-07,7:30p,,Boston Celtics,W,,98,87,18,18,W 3
2002,ORL,2002-01-09,8:00p,@,Philadelphia 76ers,W,,102,91,19,18,W 4
2002,ORL,2002-01-11,7:30p,,Portland Trail Blazers,L,,84,92,19,19,L 1
2002,ORL,2002-01-12,7:30p,,New Jersey Nets,L,,85,91,19,20,L 2
2002,ORL,2002-01-14,7:30p,,Dallas Mavericks,W,,113,87,20,20,W 1
2002,ORL,2002-01-18,8:30p,@,Milwaukee Bucks,L,,110,115,20,21,L 1
2002,ORL,2002-01-19,9:00p,@,Memphis Grizzlies,W,,119,103,21,21,W 1
2002,ORL,2002-01-22,7:30p,,Atlanta Hawks,W,,100,86,22,21,W 2
2002,ORL,2002-01-24,7:30p,,Miami Heat,W,,92,87,23,21,W 3
2002,ORL,2002-01-27,2:30p,@,Toronto Raptors,L,,97,106,23,22,L 1
2002,ORL,2002-01-30,8:00p,,Los Angeles Lakers,L,,93,111,23,23,L 2
2002,ORL,2002-02-01,8:00p,@,Detroit Pistons,W,,85,83,24,23,W 1
2002,ORL,2002-02-03,12:00p,,San Antonio Spurs,L,OT,98,105,24,24,L 1
2002,ORL,2002-02-05,7:30p,,Cleveland Cavaliers,W,,106,98,25,24,W 1
2002,ORL,2002-02-12,8:00p,,New York Knicks,W,,122,114,26,24,W 2
2002,ORL,2002-02-13,7:30p,@,Miami Heat,L,,95,112,26,25,L 1
2002,ORL,2002-02-16,8:30p,@,Houston Rockets,W,,109,100,27,25,W 1
2002,ORL,2002-02-21,7:30p,,Los Angeles Clippers,W,,119,102,28,25,W 2
2002,ORL,2002-02-23,5:30p,,Philadelphia 76ers,W,,105,87,29,25,W 3
2002,ORL,2002-02-24,7:00p,@,Cleveland Cavaliers,L,,96,111,29,26,L 1
2002,ORL,2002-02-26,8:30p,@,Chicago Bulls,W,,112,97,30,26,W 1
2002,ORL,2002-02-27,8:00p,@,Toronto Raptors,W,,90,85,31,26,W 2
2002,ORL,2002-03-01,8:00p,@,Detroit Pistons,L,,102,110,31,27,L 1
2002,ORL,2002-03-03,6:00p,@,Washington Wizards,L,OT,102,107,31,28,L 2
2002,ORL,2002-03-05,8:00p,@,Indiana Pacers,L,,98,111,31,29,L 3
2002,ORL,2002-03-06,7:00p,@,Boston Celtics,L,,110,130,31,30,L 4
2002,ORL,2002-03-08,7:30p,,Washington Wizards,W,,99,96,32,30,W 1
2002,ORL,2002-03-10,12:30p,,Toronto Raptors,W,,92,79,33,30,W 2
2002,ORL,2002-03-13,7:30p,,Phoenix Suns,W,OT,119,114,34,30,W 3
2002,ORL,2002-03-15,7:30p,,Denver Nuggets,W,,124,102,35,30,W 4
2002,ORL,2002-03-17,12:00p,@,Philadelphia 76ers,W,,105,103,36,30,W 5
2002,ORL,2002-03-19,8:00p,,Milwaukee Bucks,W,,101,91,37,30,W 6
2002,ORL,2002-03-22,7:30p,,Charlotte Hornets,L,,92,106,37,31,L 1
2002,ORL,2002-03-24,3:00p,@,Milwaukee Bucks,L,,85,110,37,32,L 2
2002,ORL,2002-03-26,7:30p,,Chicago Bulls,W,,96,82,38,32,W 1
2002,ORL,2002-03-27,7:00p,@,Charlotte Hornets,L,,104,111,38,33,L 1
2002,ORL,2002-03-29,7:30p,,Indiana Pacers,W,,114,106,39,33,W 1
2002,ORL,2002-03-31,3:00p,,New York Knicks,W,,97,90,40,33,W 2
2002,ORL,2002-04-04,7:30p,,Cleveland Cavaliers,W,,105,101,41,33,W 3
2002,ORL,2002-04-05,7:30p,@,New Jersey Nets,L,,85,110,41,34,L 1
2002,ORL,2002-04-08,7:30p,,Houston Rockets,W,,83,74,42,34,W 1
2002,ORL,2002-04-09,7:30p,@,New York Knicks,W,,108,97,43,34,W 2
2002,ORL,2002-04-11,8:00p,,New Jersey Nets,L,OT,99,101,43,35,L 1
2002,ORL,2002-04-12,7:30p,@,Miami Heat,L,,94,99,43,36,L 2
2002,ORL,2002-04-14,12:30p,,Philadelphia 76ers,L,,89,95,43,37,L 3
2002,ORL,2002-04-16,7:30p,@,Atlanta Hawks,W,,102,95,44,37,W 1
2002,ORL,2002-04-17,7:30p,,Miami Heat,L,,89,103,44,38,L 1
2002,ORL,2002-04-20,8:30p,@,Charlotte Hornets,L,,79,80,0,1,L 1
2002,ORL,2002-04-23,8:00p,@,Charlotte Hornets,W,OT,111,103,1,1,W 1
2002,ORL,2002-04-27,12:30p,,Charlotte Hornets,L,OT,100,110,1,2,L 1
2002,ORL,2002-04-30,7:00p,,Charlotte Hornets,L,,85,102,1,3,L 2
2002,PHI,2001-10-30,8:00p,@,Minnesota Timberwolves,L,,74,83,0,1,L 1
2002,PHI,2001-11-01,7:00p,,Dallas Mavericks,L,,92,99,0,2,L 2
2002,PHI,2001-11-03,6:30p,@,Washington Wizards,L,,76,90,0,3,L 3
2002,PHI,2001-11-06,7:00p,,Indiana Pacers,L,,77,87,0,4,L 4
2002,PHI,2001-11-08,9:00p,@,Houston Rockets,L,,72,77,0,5,L 5
2002,PHI,2001-11-10,8:30p,@,Dallas Mavericks,W,,98,91,1,5,W 1
2002,PHI,2001-11-13,7:30p,@,Miami Heat,W,,82,76,2,5,W 2
2002,PHI,2001-11-14,7:00p,,Charlotte Hornets,W,,100,86,3,5,W 3
2002,PHI,2001-11-16,7:00p,,Atlanta Hawks,W,,98,78,4,5,W 4
2002,PHI,2001-11-17,8:00p,@,New Jersey Nets,W,,94,82,5,5,W 5
2002,PHI,2001-11-21,7:00p,,Detroit Pistons,W,,94,89,6,5,W 6
2002,PHI,2001-11-23,7:00p,,Cleveland Cavaliers,W,,79,68,7,5,W 7
2002,PHI,2001-11-25,12:30p,@,Toronto Raptors,L,,88,107,7,6,L 1
2002,PHI,2001-11-28,8:00p,,Washington Wizards,L,,87,94,7,7,L 2
2002,PHI,2001-12-01,8:30p,@,Chicago Bulls,W,,93,76,8,7,W 1
2002,PHI,2001-12-02,6:00p,,Memphis Grizzlies,L,,87,93,8,8,L 1
2002,PHI,2001-12-04,8:00p,@,Sacramento Kings,L,,84,94,8,9,L 2
2002,PHI,2001-12-05,10:30p,@,Golden State Warriors,L,,87,93,8,10,L 3
2002,PHI,2001-12-07,8:30p,@,San Antonio Spurs,L,,76,86,8,11,L 4
2002,PHI,2001-12-08,8:00p,@,Memphis Grizzlies,L,,83,92,8,12,L 5
2002,PHI,2001-12-11,8:00p,@,Atlanta Hawks,L,,87,89,8,13,L 6
2002,PHI,2001-12-14,7:00p,,Milwaukee Bucks,L,,80,96,8,14,L 7
2002,PHI,2001-12-15,7:30p,@,Cleveland Cavaliers,W,,94,91,9,14,W 1
2002,PHI,2001-12-17,7:00p,,Boston Celtics,W,,99,83,10,14,W 2
2002,PHI,2001-12-19,7:00p,,Charlotte Hornets,L,,85,94,10,15,L 1
2002,PHI,2001-12-21,7:00p,,Atlanta Hawks,W,,94,83,11,15,W 1
2002,PHI,2001-12-25,8:30p,@,Los Angeles Lakers,L,,82,88,11,16,L 1
2002,PHI,2001-12-26,10:30p,@,Los Angeles Clippers,W,,100,86,12,16,W 1
2002,PHI,2001-12-28,9:00p,@,Denver Nuggets,L,,90,93,12,17,L 1
2002,PHI,2001-12-29,9:00p,@,Utah Jazz,L,,81,89,12,18,L 2
2002,PHI,2002-01-02,9:00p,@,Phoenix Suns,W,,102,81,13,18,W 1
2002,PHI,2002-01-04,10:00p,@,Seattle SuperSonics,W,,87,77,14,18,W 2
2002,PHI,2002-01-05,10:00p,@,Portland Trail Blazers,L,,88,96,14,19,L 1
2002,PHI,2002-01-07,7:00p,,Los Angeles Clippers,W,,116,92,15,19,W 1
2002,PHI,2002-01-09,8:00p,,Orlando Magic,L,,91,102,15,20,L 1
2002,PHI,2002-01-11,7:00p,,San Antonio Spurs,W,,101,84,16,20,W 1
2002,PHI,2002-01-15,7:00p,,Houston Rockets,W,OT,112,106,17,20,W 2
2002,PHI,2002-01-17,7:00p,@,Charlotte Hornets,W,,93,88,18,20,W 3
2002,PHI,2002-01-19,7:00p,,New York Knicks,W,,97,89,19,20,W 4
2002,PHI,2002-01-21,2:00p,,Seattle SuperSonics,L,,98,109,19,21,L 1
2002,PHI,2002-01-22,8:00p,@,Washington Wizards,W,,91,84,20,21,W 1
2002,PHI,2002-01-25,7:30p,@,Boston Celtics,W,,106,90,21,21,W 2
2002,PHI,2002-01-27,12:00p,,Los Angeles Lakers,W,,93,87,22,21,W 3
2002,PHI,2002-01-29,7:30p,@,New York Knicks,L,,71,78,22,22,L 1
2002,PHI,2002-01-30,7:00p,,Minnesota Timberwolves,W,,96,91,23,22,W 1
2002,PHI,2002-02-02,5:30p,@,Milwaukee Bucks,W,,86,81,24,22,W 2
2002,PHI,2002-02-04,7:00p,,Toronto Raptors,L,,93,100,24,23,L 1
2002,PHI,2002-02-05,7:30p,@,Detroit Pistons,L,,82,86,24,24,L 2
2002,PHI,2002-02-07,7:00p,@,Charlotte Hornets,W,,100,93,25,24,W 1
2002,PHI,2002-02-14,7:00p,,Utah Jazz,L,,91,98,25,25,L 1
2002,PHI,2002-02-17,2:00p,@,Indiana Pacers,L,,76,86,25,26,L 2
2002,PHI,2002-02-18,7:00p,,Denver Nuggets,W,,110,83,26,26,W 1
2002,PHI,2002-02-20,7:00p,,Golden State Warriors,W,,114,107,27,26,W 2
2002,PHI,2002-02-23,5:30p,@,Orlando Magic,L,,87,105,27,27,L 1
2002,PHI,2002-02-25,7:00p,,Portland Trail Blazers,L,,83,88,27,28,L 2
2002,PHI,2002-02-27,7:00p,,Miami Heat,W,,82,72,28,28,W 1
2002,PHI,2002-03-01,7:00p,,New Jersey Nets,W,,110,102,29,28,W 2
2002,PHI,2002-03-03,12:30p,@,Toronto Raptors,W,,96,84,30,28,W 3
2002,PHI,2002-03-04,7:00p,,Boston Celtics,L,,94,100,30,29,L 1
2002,PHI,2002-03-06,7:00p,,Cleveland Cavaliers,W,,85,76,31,29,W 1
2002,PHI,2002-03-08,7:00p,,Indiana Pacers,W,,109,100,32,29,W 2
2002,PHI,2002-03-09,7:00p,@,Atlanta Hawks,W,,112,91,33,29,W 3
2002,PHI,2002-03-12,7:30p,@,New York Knicks,W,,104,96,34,29,W 4
2002,PHI,2002-03-13,8:00p,,Sacramento Kings,L,,88,92,34,30,L 1
2002,PHI,2002-03-17,12:00p,,Orlando Magic,L,,103,105,34,31,L 2
2002,PHI,2002-03-19,7:30p,@,Miami Heat,W,,91,79,35,31,W 1
2002,PHI,2002-03-20,7:00p,,Miami Heat,L,,77,82,35,32,L 1
2002,PHI,2002-03-22,7:30p,@,Boston Celtics,W,,96,91,36,32,W 1
2002,PHI,2002-03-24,4:00p,,New York Knicks,W,,90,82,37,32,W 2
2002,PHI,2002-03-27,8:00p,,New Jersey Nets,L,,80,88,37,33,L 1
2002,PHI,2002-03-28,8:30p,@,Chicago Bulls,W,,99,79,38,33,W 1
2002,PHI,2002-03-30,1:00p,@,New Jersey Nets,L,,92,102,38,34,L 1
2002,PHI,2002-03-31,3:30p,,Toronto Raptors,L,,70,72,38,35,L 2
2002,PHI,2002-04-03,7:00p,,Phoenix Suns,W,OT,89,83,39,35,W 1
2002,PHI,2002-04-05,7:00p,,Detroit Pistons,L,,88,92,39,36,L 1
2002,PHI,2002-04-07,12:30p,,Milwaukee Bucks,W,,89,87,40,36,W 1
2002,PHI,2002-04-09,8:00p,@,Milwaukee Bucks,W,,92,90,41,36,W 2
2002,PHI,2002-04-10,7:00p,@,Washington Wizards,L,,77,90,41,37,L 1
2002,PHI,2002-04-12,7:00p,,Washington Wizards,W,,100,91,42,37,W 1
2002,PHI,2002-04-14,12:30p,@,Orlando Magic,W,,95,89,43,37,W 2
2002,PHI,2002-04-15,7:00p,,Chicago Bulls,L,,96,98,43,38,L 1
2002,PHI,2002-04-17,8:00p,@,Indiana Pacers,L,,80,103,43,39,L 2
2002,PHI,2002-04-21,12:30p,@,Boston Celtics,L,,82,92,0,1,L 1
2002,PHI,2002-04-25,8:00p,@,Boston Celtics,L,,85,93,0,2,L 2
2002,PHI,2002-04-28,12:30p,,Boston Celtics,W,,108,103,1,2,W 1
2002,PHI,2002-05-01,8:00p,,Boston Celtics,W,,83,81,2,2,W 2
2002,PHI,2002-05-03,7:00p,@,Boston Celtics,L,,87,120,2,3,L 1
2002,PHO,2001-10-30,9:00p,,Denver Nuggets,L,,96,99,0,1,L 1
2002,PHO,2001-11-01,10:30p,@,Golden State Warriors,W,,107,101,1,1,W 1
2002,PHO,2001-11-02,10:30p,@,Los Angeles Lakers,L,,94,117,1,2,L 1
2002,PHO,2001-11-04,8:00p,,Houston Rockets,L,,100,103,1,3,L 2
2002,PHO,2001-11-06,9:00p,,Memphis Grizzlies,W,,113,101,2,3,W 1
2002,PHO,2001-11-08,9:00p,,Atlanta Hawks,W,,108,80,3,3,W 2
2002,PHO,2001-11-10,3:30p,@,Los Angeles Clippers,L,,102,111,3,4,L 1
2002,PHO,2001-11-13,10:00p,@,Seattle SuperSonics,W,,92,91,4,4,W 1
2002,PHO,2001-11-14,8:00p,,Orlando Magic,L,,92,93,4,5,L 1
2002,PHO,2001-11-16,9:00p,,Los Angeles Lakers,W,,95,83,5,5,W 1
2002,PHO,2001-11-18,8:00p,,Toronto Raptors,L,,81,87,5,6,L 1
2002,PHO,2001-11-21,9:00p,,New York Knicks,W,,96,72,6,6,W 1
2002,PHO,2001-11-23,8:00p,@,Memphis Grizzlies,W,,103,89,7,6,W 2
2002,PHO,2001-11-24,8:30p,@,Dallas Mavericks,L,,104,119,7,7,L 1
2002,PHO,2001-11-26,9:00p,@,Utah Jazz,W,OT,111,104,8,7,W 1
2002,PHO,2001-11-28,9:00p,,Milwaukee Bucks,W,,104,84,9,7,W 2
2002,PHO,2001-11-30,9:00p,,Utah Jazz,W,,98,76,10,7,W 3
2002,PHO,2001-12-01,10:00p,@,Portland Trail Blazers,W,,97,83,11,7,W 4
2002,PHO,2001-12-03,9:00p,,Golden State Warriors,W,,110,93,12,7,W 5
2002,PHO,2001-12-05,8:00p,@,New Jersey Nets,L,,87,106,12,8,L 1
2002,PHO,2001-12-07,7:30p,@,Boston Celtics,L,OT,102,109,12,9,L 2
2002,PHO,2001-12-09,3:00p,@,Toronto Raptors,W,,91,90,13,9,W 1
2002,PHO,2001-12-12,9:00p,,Sacramento Kings,W,,114,88,14,9,W 2
2002,PHO,2001-12-14,9:00p,,San Antonio Spurs,L,,93,105,14,10,L 1
2002,PHO,2001-12-15,9:00p,@,Denver Nuggets,L,,98,106,14,11,L 2
2002,PHO,2001-12-18,8:00p,,Los Angeles Clippers,L,,92,96,14,12,L 3
2002,PHO,2001-12-22,9:00p,,Portland Trail Blazers,W,,102,90,15,12,W 1
2002,PHO,2001-12-23,9:00p,@,Sacramento Kings,L,,101,133,15,13,L 1
2002,PHO,2001-12-26,8:30p,@,Houston Rockets,W,,97,91,16,13,W 1
2002,PHO,2001-12-27,9:00p,,Boston Celtics,W,,84,82,17,13,W 2
2002,PHO,2001-12-29,9:00p,,Denver Nuggets,W,,109,92,18,13,W 3
2002,PHO,2002-01-02,9:00p,,Philadelphia 76ers,L,,81,102,18,14,L 1
2002,PHO,2002-01-04,10:30p,@,Los Angeles Lakers,L,,86,118,18,15,L 2
2002,PHO,2002-01-05,9:00p,,Sacramento Kings,L,,112,118,18,16,L 3
2002,PHO,2002-01-08,9:00p,@,Utah Jazz,L,,84,98,18,17,L 4
2002,PHO,2002-01-10,9:00p,,Memphis Grizzlies,L,,96,102,18,18,L 5
2002,PHO,2002-01-12,9:00p,,Miami Heat,W,,108,74,19,18,W 1
2002,PHO,2002-01-13,9:00p,@,Sacramento Kings,L,,100,103,19,19,L 1
2002,PHO,2002-01-16,9:00p,,Portland Trail Blazers,L,,99,108,19,20,L 2
2002,PHO,2002-01-18,9:00p,,Minnesota Timberwolves,W,OT,103,100,20,20,W 1
2002,PHO,2002-01-22,8:00p,@,Milwaukee Bucks,W,,92,81,21,20,W 2
2002,PHO,2002-01-24,7:30p,@,New York Knicks,L,,91,96,21,21,L 1
2002,PHO,2002-01-26,8:00p,@,Washington Wizards,L,,102,112,21,22,L 2
2002,PHO,2002-01-29,9:00p,,Chicago Bulls,W,,91,90,22,22,W 1
2002,PHO,2002-01-31,10:00p,@,Portland Trail Blazers,L,,97,105,22,23,L 1
2002,PHO,2002-02-01,9:00p,,Golden State Warriors,W,,104,98,23,23,W 1
2002,PHO,2002-02-03,9:00p,@,Golden State Warriors,W,,98,97,24,23,W 2
2002,PHO,2002-02-06,10:00p,@,Seattle SuperSonics,L,,79,90,24,24,L 1
2002,PHO,2002-02-12,7:30p,@,Detroit Pistons,W,,99,71,25,24,W 1
2002,PHO,2002-02-13,8:00p,@,Minnesota Timberwolves,L,,92,107,25,25,L 1
2002,PHO,2002-02-15,9:00p,,Washington Wizards,L,,96,97,25,26,L 2
2002,PHO,2002-02-17,8:00p,,Dallas Mavericks,L,,92,105,25,27,L 3
2002,PHO,2002-02-19,9:00p,,Seattle SuperSonics,L,,91,103,25,28,L 4
2002,PHO,2002-02-21,8:00p,@,Memphis Grizzlies,W,,78,72,26,28,W 1
2002,PHO,2002-02-22,8:30p,@,Chicago Bulls,L,,83,91,26,29,L 1
2002,PHO,2002-02-24,8:00p,,San Antonio Spurs,W,,92,83,27,29,W 1
2002,PHO,2002-02-26,8:30p,@,San Antonio Spurs,L,,91,99,27,30,L 1
2002,PHO,2002-02-28,9:00p,,Indiana Pacers,W,OT,107,100,28,30,W 1
2002,PHO,2002-03-02,9:00p,,Houston Rockets,L,,97,104,28,31,L 1
2002,PHO,2002-03-05,8:30p,@,Dallas Mavericks,L,,77,81,28,32,L 2
2002,PHO,2002-03-06,9:00p,,New Jersey Nets,W,,89,87,29,32,W 1
2002,PHO,2002-03-08,9:00p,,Minnesota Timberwolves,W,,81,76,30,32,W 2
2002,PHO,2002-03-10,9:00p,,Charlotte Hornets,L,,82,88,30,33,L 1
2002,PHO,2002-03-12,8:00p,@,Miami Heat,L,,78,90,30,34,L 2
2002,PHO,2002-03-13,7:30p,@,Orlando Magic,L,OT,114,119,30,35,L 3
2002,PHO,2002-03-15,7:30p,@,Atlanta Hawks,L,,89,104,30,36,L 4
2002,PHO,2002-03-16,7:30p,@,Charlotte Hornets,L,,76,87,30,37,L 5
2002,PHO,2002-03-21,9:00p,,Detroit Pistons,L,,82,95,30,38,L 6
2002,PHO,2002-03-23,10:30p,@,Los Angeles Clippers,W,,97,94,31,38,W 1
2002,PHO,2002-03-25,9:00p,,Cleveland Cavaliers,W,,102,96,32,38,W 2
2002,PHO,2002-03-27,9:00p,,Los Angeles Lakers,W,,118,106,33,38,W 3
2002,PHO,2002-03-29,9:00p,,Los Angeles Clippers,L,,94,96,33,39,L 1
2002,PHO,2002-03-30,8:30p,@,Houston Rockets,W,,90,88,34,39,W 1
2002,PHO,2002-04-02,7:00p,@,Cleveland Cavaliers,L,,96,101,34,40,L 1
2002,PHO,2002-04-03,7:00p,@,Philadelphia 76ers,L,OT,83,89,34,41,L 2
2002,PHO,2002-04-05,7:00p,@,Indiana Pacers,L,,87,97,34,42,L 3
2002,PHO,2002-04-06,8:00p,@,Minnesota Timberwolves,L,,104,108,34,43,L 4
2002,PHO,2002-04-09,10:00p,,Seattle SuperSonics,W,,99,92,35,43,W 1
2002,PHO,2002-04-11,10:00p,,Utah Jazz,L,,96,97,35,44,L 1
2002,PHO,2002-04-13,9:00p,@,Denver Nuggets,L,,94,98,35,45,L 2
2002,PHO,2002-04-16,8:30p,@,San Antonio Spurs,L,,71,95,35,46,L 3
2002,PHO,2002-04-17,10:00p,,Dallas Mavericks,W,,89,76,36,46,W 1
2002,POR,2001-10-30,10:30p,@,Los Angeles Lakers,L,,87,98,0,1,L 1
2002,POR,2001-10-31,10:00p,,Golden State Warriors,W,,92,87,1,1,W 1
2002,POR,2001-11-03,10:00p,,San Antonio Spurs,L,,90,106,1,2,L 1
2002,POR,2001-11-04,9:00p,@,Golden State Warriors,L,,86,96,1,3,L 2
2002,POR,2001-11-06,10:00p,,Utah Jazz,W,,101,83,2,3,W 1
2002,POR,2001-11-08,10:00p,,Los Angeles Clippers,W,,119,101,3,3,W 2
2002,POR,2001-11-10,8:00p,@,Indiana Pacers,L,,96,105,3,4,L 1
2002,POR,2001-11-11,6:00p,@,Detroit Pistons,W,,100,98,4,4,W 1
2002,POR,2001-11-13,7:30p,@,New York Knicks,L,,82,89,4,5,L 1
2002,POR,2001-11-15,8:00p,@,Memphis Grizzlies,W,,101,85,5,5,W 1
2002,POR,2001-11-17,7:30p,@,Charlotte Hornets,W,,97,87,6,5,W 2
2002,POR,2001-11-20,10:00p,,Houston Rockets,L,,87,94,6,6,L 1
2002,POR,2001-11-21,10:00p,@,Sacramento Kings,L,,83,95,6,7,L 2
2002,POR,2001-11-23,10:00p,,Denver Nuggets,W,,97,90,7,7,W 1
2002,POR,2001-11-27,10:00p,,Indiana Pacers,W,,96,90,8,7,W 2
2002,POR,2001-11-30,10:00p,,Milwaukee Bucks,W,,101,95,9,7,W 3
2002,POR,2001-12-01,10:00p,,Phoenix Suns,L,,83,97,9,8,L 1
2002,POR,2001-12-06,10:00p,,Charlotte Hornets,L,,89,95,9,9,L 2
2002,POR,2001-12-08,10:00p,,Seattle SuperSonics,W,,113,92,10,9,W 1
2002,POR,2001-12-11,8:30p,@,Dallas Mavericks,L,,103,105,10,10,L 1
2002,POR,2001-12-14,9:00p,@,Utah Jazz,L,,85,93,10,11,L 2
2002,POR,2001-12-15,10:00p,,Orlando Magic,W,,117,106,11,11,W 1
2002,POR,2001-12-18,8:30p,@,Houston Rockets,W,,101,92,12,11,W 2
2002,POR,2001-12-19,8:30p,@,San Antonio Spurs,L,,79,97,12,12,L 1
2002,POR,2001-12-21,10:00p,,Detroit Pistons,W,,83,81,13,12,W 1
2002,POR,2001-12-22,9:00p,@,Phoenix Suns,L,,90,102,13,13,L 1
2002,POR,2001-12-26,10:00p,@,Sacramento Kings,L,,74,89,13,14,L 2
2002,POR,2001-12-27,9:00p,,Utah Jazz,L,,87,99,13,15,L 3
2002,POR,2001-12-30,10:00p,,Minnesota Timberwolves,L,,93,95,13,16,L 4
2002,POR,2002-01-01,9:00p,@,Los Angeles Clippers,L,,97,112,13,17,L 5
2002,POR,2002-01-02,10:00p,,Toronto Raptors,L,,84,95,13,18,L 6
2002,POR,2002-01-05,10:00p,,Philadelphia 76ers,W,,96,88,14,18,W 1
2002,POR,2002-01-07,7:00p,@,Cleveland Cavaliers,W,,98,72,15,18,W 2
2002,POR,2002-01-08,7:30p,@,Atlanta Hawks,L,,92,101,15,19,L 1
2002,POR,2002-01-10,7:30p,@,Miami Heat,W,,92,85,16,19,W 1
2002,POR,2002-01-11,7:30p,@,Orlando Magic,W,,92,84,17,19,W 2
2002,POR,2002-01-13,10:00p,,Cleveland Cavaliers,W,,96,64,18,19,W 3
2002,POR,2002-01-16,9:00p,@,Phoenix Suns,W,,108,99,19,19,W 4
2002,POR,2002-01-17,10:00p,,Miami Heat,L,OT,90,92,19,20,L 1
2002,POR,2002-01-19,10:00p,,Los Angeles Clippers,W,,113,93,20,20,W 1
2002,POR,2002-01-22,10:30p,,Sacramento Kings,W,OT,116,110,21,20,W 2
2002,POR,2002-01-24,10:00p,,Memphis Grizzlies,W,,120,82,22,20,W 3
2002,POR,2002-01-29,10:00p,@,Seattle SuperSonics,W,,92,86,23,20,W 4
2002,POR,2002-01-31,10:00p,,Phoenix Suns,W,,105,97,24,20,W 5
2002,POR,2002-02-02,3:00p,@,Utah Jazz,L,,96,97,24,21,L 1
2002,POR,2002-02-03,10:00p,,Chicago Bulls,W,,101,96,25,21,W 1
2002,POR,2002-02-05,9:00p,@,Denver Nuggets,L,,96,97,25,22,L 1
2002,POR,2002-02-06,8:00p,@,Minnesota Timberwolves,L,,103,113,25,23,L 2
2002,POR,2002-02-13,10:00p,,Dallas Mavericks,W,,114,103,26,23,W 1
2002,POR,2002-02-15,10:00p,,Boston Celtics,L,,104,107,26,24,L 1
2002,POR,2002-02-17,4:30p,,Los Angeles Lakers,W,,111,105,27,24,W 1
2002,POR,2002-02-18,10:30p,@,Los Angeles Clippers,W,,80,79,28,24,W 2
2002,POR,2002-02-20,10:00p,@,Seattle SuperSonics,W,,90,84,29,24,W 3
2002,POR,2002-02-21,10:00p,,Atlanta Hawks,W,,94,79,30,24,W 4
2002,POR,2002-02-23,10:00p,,Denver Nuggets,W,,101,90,31,24,W 5
2002,POR,2002-02-25,7:00p,@,Philadelphia 76ers,W,,88,83,32,24,W 6
2002,POR,2002-02-27,7:00p,@,Washington Wizards,W,,105,101,33,24,W 7
2002,POR,2002-03-01,7:00p,@,Toronto Raptors,W,,91,81,34,24,W 8
2002,POR,2002-03-02,8:30p,@,Milwaukee Bucks,W,OT,104,103,35,24,W 9
2002,POR,2002-03-04,10:00p,,Sacramento Kings,W,,107,95,36,24,W 10
2002,POR,2002-03-06,10:00p,,Minnesota Timberwolves,W,,85,78,37,24,W 11
2002,POR,2002-03-08,10:00p,,New Jersey Nets,W,,82,73,38,24,W 12
2002,POR,2002-03-09,10:00p,@,Denver Nuggets,L,OT,106,109,38,25,L 1
2002,POR,2002-03-14,10:00p,,Dallas Mavericks,W,,132,106,39,25,W 1
2002,POR,2002-03-16,10:00p,,Washington Wizards,W,,95,80,40,25,W 2
2002,POR,2002-03-18,7:00p,@,Boston Celtics,W,,100,91,41,25,W 3
2002,POR,2002-03-20,7:30p,@,New Jersey Nets,L,,82,97,41,26,L 1
2002,POR,2002-03-22,8:30p,@,Chicago Bulls,W,,109,93,42,26,W 1
2002,POR,2002-03-23,8:00p,@,Minnesota Timberwolves,W,,108,99,43,26,W 2
2002,POR,2002-03-25,10:00p,,Memphis Grizzlies,L,,100,103,43,27,L 1
2002,POR,2002-03-27,10:30p,,San Antonio Spurs,W,,98,93,44,27,W 1
2002,POR,2002-03-29,10:30p,@,Los Angeles Lakers,L,,79,91,44,28,L 1
2002,POR,2002-03-30,10:00p,,Seattle SuperSonics,L,,87,92,44,29,L 2
2002,POR,2002-04-02,10:30p,@,Golden State Warriors,L,,91,107,44,30,L 3
2002,POR,2002-04-04,10:00p,,New York Knicks,W,,88,80,45,30,W 1
2002,POR,2002-04-06,10:00p,,Golden State Warriors,W,,113,86,46,30,W 2
2002,POR,2002-04-08,8:30p,@,San Antonio Spurs,L,,87,99,46,31,L 1
2002,POR,2002-04-09,8:30p,@,Dallas Mavericks,L,,96,108,46,32,L 2
2002,POR,2002-04-11,8:00p,@,Memphis Grizzlies,L,,99,102,46,33,L 3
2002,POR,2002-04-12,8:30p,@,Houston Rockets,W,,80,79,47,33,W 1
2002,POR,2002-04-14,5:30p,,Los Angeles Lakers,W,2OT,128,120,48,33,W 2
2002,POR,2002-04-17,10:00p,,Houston Rockets,W,,92,79,49,33,W 3
2002,POR,2002-04-21,5:30p,@,Los Angeles Lakers,L,,87,95,0,1,L 1
2002,POR,2002-04-25,10:30p,@,Los Angeles Lakers,L,,96,103,0,2,L 2
2002,POR,2002-04-28,5:30p,,Los Angeles Lakers,L,,91,92,0,3,L 3
2002,SAC,2001-10-30,10:00p,,Seattle SuperSonics,W,,101,95,1,0,W 1
2002,SAC,2001-11-03,9:00p,@,Denver Nuggets,W,,106,94,2,0,W 2
2002,SAC,2001-11-04,9:00p,,San Antonio Spurs,W,,103,83,3,0,W 3
2002,SAC,2001-11-06,7:00p,@,Cleveland Cavaliers,W,,115,99,4,0,W 4
2002,SAC,2001-11-07,8:00p,@,Indiana Pacers,L,,104,116,4,1,L 1
2002,SAC,2001-11-09,7:30p,@,Orlando Magic,L,,105,115,4,2,L 2
2002,SAC,2001-11-10,7:30p,@,Miami Heat,W,,90,75,5,2,W 1
2002,SAC,2001-11-13,8:00p,,Toronto Raptors,W,,95,86,6,2,W 2
2002,SAC,2001-11-16,10:00p,,Chicago Bulls,W,,105,71,7,2,W 3
2002,SAC,2001-11-18,9:30p,@,Los Angeles Lakers,L,,85,93,7,3,L 1
2002,SAC,2001-11-19,10:00p,,Houston Rockets,W,,113,77,8,3,W 1
2002,SAC,2001-11-21,10:00p,,Portland Trail Blazers,W,,95,83,9,3,W 2
2002,SAC,2001-11-24,10:00p,,New Jersey Nets,W,,98,97,10,3,W 3
2002,SAC,2001-11-26,8:00p,@,Memphis Grizzlies,L,,94,98,10,4,L 1
2002,SAC,2001-11-27,8:00p,@,Houston Rockets,W,,89,84,11,4,W 1
2002,SAC,2001-11-29,8:30p,@,Dallas Mavericks,W,,110,98,12,4,W 2
2002,SAC,2001-11-30,8:30p,@,San Antonio Spurs,W,OT,109,106,13,4,W 3
2002,SAC,2001-12-02,9:00p,,Dallas Mavericks,L,OT,114,120,13,5,L 1
2002,SAC,2001-12-04,8:00p,,Philadelphia 76ers,W,,94,84,14,5,W 1
2002,SAC,2001-12-07,10:00p,,Los Angeles Lakers,W,,97,91,15,5,W 2
2002,SAC,2001-12-09,9:00p,,Miami Heat,W,,95,88,16,5,W 3
2002,SAC,2001-12-11,10:00p,,Orlando Magic,W,,112,100,17,5,W 4
2002,SAC,2001-12-12,9:00p,@,Phoenix Suns,L,,88,114,17,6,L 1
2002,SAC,2001-12-14,8:00p,@,Minnesota Timberwolves,L,,94,114,17,7,L 2
2002,SAC,2001-12-16,9:00p,,Memphis Grizzlies,W,,104,87,18,7,W 1
2002,SAC,2001-12-18,10:00p,,Detroit Pistons,W,,102,98,19,7,W 2
2002,SAC,2001-12-19,10:00p,@,Seattle SuperSonics,L,,92,104,19,8,L 1
2002,SAC,2001-12-22,10:30p,@,Los Angeles Clippers,L,,85,101,19,9,L 2
2002,SAC,2001-12-23,9:00p,,Phoenix Suns,W,,133,101,20,9,W 1
2002,SAC,2001-12-26,10:00p,,Portland Trail Blazers,W,,89,74,21,9,W 2
2002,SAC,2001-12-28,10:00p,,Minnesota Timberwolves,W,,125,111,22,9,W 3
2002,SAC,2001-12-30,9:00p,,Boston Celtics,W,,109,94,23,9,W 4
2002,SAC,2002-01-02,10:00p,,Los Angeles Clippers,W,,105,91,24,9,W 5
2002,SAC,2002-01-05,9:00p,@,Phoenix Suns,W,,118,112,25,9,W 6
2002,SAC,2002-01-06,9:00p,,Milwaukee Bucks,W,,115,101,26,9,W 7
2002,SAC,2002-01-13,9:00p,,Phoenix Suns,W,,103,100,27,9,W 8
2002,SAC,2002-01-15,10:00p,,Cleveland Cavaliers,W,,109,102,28,9,W 9
2002,SAC,2002-01-16,8:00p,@,Denver Nuggets,W,,112,107,29,9,W 10
2002,SAC,2002-01-18,10:00p,,Golden State Warriors,W,,121,97,30,9,W 11
2002,SAC,2002-01-21,10:00p,,Memphis Grizzlies,W,,112,98,31,9,W 12
2002,SAC,2002-01-22,10:30p,@,Portland Trail Blazers,L,OT,110,116,31,10,L 1
2002,SAC,2002-01-24,9:00p,,Utah Jazz,W,,113,80,32,10,W 1
2002,SAC,2002-01-26,5:30p,@,Utah Jazz,W,,114,90,33,10,W 2
2002,SAC,2002-01-31,10:00p,@,Seattle SuperSonics,W,,99,95,34,10,W 3
2002,SAC,2002-02-01,10:00p,,Denver Nuggets,W,,132,96,35,10,W 4
2002,SAC,2002-02-03,2:30p,@,Minnesota Timberwolves,W,,112,107,36,10,W 5
2002,SAC,2002-02-04,7:30p,@,New Jersey Nets,L,,83,117,36,11,L 1
2002,SAC,2002-02-06,7:00p,@,Boston Celtics,W,,102,85,37,11,W 1
2002,SAC,2002-02-07,7:00p,@,Washington Wizards,L,,101,108,37,12,L 1
2002,SAC,2002-02-12,10:30p,,San Antonio Spurs,W,,99,86,38,12,W 1
2002,SAC,2002-02-14,9:00p,,Washington Wizards,W,,109,93,39,12,W 2
2002,SAC,2002-02-17,9:00p,,Seattle SuperSonics,L,,116,126,39,13,L 1
2002,SAC,2002-02-19,10:00p,,Atlanta Hawks,W,,99,79,40,13,W 1
2002,SAC,2002-02-21,9:00p,@,San Antonio Spurs,L,,92,115,40,14,L 1
2002,SAC,2002-02-23,5:30p,@,Dallas Mavericks,L,,97,111,40,15,L 2
2002,SAC,2002-02-26,10:30p,,Utah Jazz,W,,107,81,41,15,W 1
2002,SAC,2002-03-01,10:30p,@,Golden State Warriors,W,,116,108,42,15,W 2
2002,SAC,2002-03-03,6:00p,,Indiana Pacers,L,,86,97,42,16,L 1
2002,SAC,2002-03-04,10:00p,@,Portland Trail Blazers,L,,95,107,42,17,L 2
2002,SAC,2002-03-08,10:00p,,Charlotte Hornets,W,,99,87,43,17,W 1
2002,SAC,2002-03-10,3:00p,@,Milwaukee Bucks,W,,98,73,44,17,W 2
2002,SAC,2002-03-11,8:30p,@,Chicago Bulls,W,,107,103,45,17,W 3
2002,SAC,2002-03-13,8:00p,@,Philadelphia 76ers,W,,92,88,46,17,W 4
2002,SAC,2002-03-14,7:30p,@,New York Knicks,L,,96,113,46,18,L 1
2002,SAC,2002-03-17,3:00p,@,Toronto Raptors,W,,116,113,47,18,W 1
2002,SAC,2002-03-19,10:30p,,Houston Rockets,W,,110,87,48,18,W 2
2002,SAC,2002-03-21,10:00p,,Denver Nuggets,W,,118,82,49,18,W 3
2002,SAC,2002-03-24,6:30p,,Los Angeles Lakers,L,,96,97,49,19,L 1
2002,SAC,2002-03-26,10:30p,,Los Angeles Clippers,W,,107,90,50,19,W 1
2002,SAC,2002-03-28,8:30p,@,Houston Rockets,W,,101,74,51,19,W 2
2002,SAC,2002-03-29,7:30p,@,Charlotte Hornets,W,,92,87,52,19,W 3
2002,SAC,2002-03-31,2:00p,@,Atlanta Hawks,W,,92,91,53,19,W 4
2002,SAC,2002-04-02,8:00p,@,Memphis Grizzlies,W,,107,83,54,19,W 5
2002,SAC,2002-04-03,7:30p,@,Detroit Pistons,W,,107,86,55,19,W 6
2002,SAC,2002-04-05,9:00p,@,Utah Jazz,W,,117,109,56,19,W 7
2002,SAC,2002-04-07,9:00p,,New York Knicks,W,,116,82,57,19,W 8
2002,SAC,2002-04-09,10:30p,,Minnesota Timberwolves,W,,122,103,58,19,W 9
2002,SAC,2002-04-10,10:30p,@,Golden State Warriors,W,,118,116,59,19,W 10
2002,SAC,2002-04-12,10:30p,@,Los Angeles Clippers,W,,125,106,60,19,W 11
2002,SAC,2002-04-14,9:00p,,Dallas Mavericks,L,,100,113,60,20,L 1
2002,SAC,2002-04-16,10:00p,,Golden State Warriors,W,,120,106,61,20,W 1
2002,SAC,2002-04-17,10:30p,@,Los Angeles Lakers,L,,95,109,61,21,L 1
2002,SAC,2002-04-20,3:00p,,Utah Jazz,W,,89,86,1,0,W 1
2002,SAC,2002-04-23,10:30p,,Utah Jazz,L,,86,93,1,1,L 1
2002,SAC,2002-04-27,3:00p,@,Utah Jazz,W,,90,87,2,1,W 1
2002,SAC,2002-04-29,10:00p,@,Utah Jazz,W,,91,86,3,1,W 2
2002,SAC,2002-05-04,6:30p,,Dallas Mavericks,W,,108,91,4,1,W 3
2002,SAC,2002-05-06,9:00p,,Dallas Mavericks,L,,102,110,4,2,L 1
2002,SAC,2002-05-09,9:30p,@,Dallas Mavericks,W,,125,119,5,2,W 1
2002,SAC,2002-05-11,3:30p,@,Dallas Mavericks,W,OT,115,113,6,2,W 2
2002,SAC,2002-05-13,9:00p,,Dallas Mavericks,W,,114,101,7,2,W 3
2002,SAC,2002-05-18,6:30p,,Los Angeles Lakers,L,,99,106,7,3,L 1
2002,SAC,2002-05-20,9:30p,,Los Angeles Lakers,W,,96,90,8,3,W 1
2002,SAC,2002-05-24,9:00p,@,Los Angeles Lakers,W,,103,90,9,3,W 2
2002,SAC,2002-05-26,5:30p,@,Los Angeles Lakers,L,,99,100,9,4,L 1
2002,SAC,2002-05-28,9:00p,,Los Angeles Lakers,W,,92,91,10,4,W 1
2002,SAC,2002-05-31,9:30p,@,Los Angeles Lakers,L,,102,106,10,5,L 1
2002,SAC,2002-06-02,7:30p,,Los Angeles Lakers,L,OT,106,112,10,6,L 2
2002,SAS,2001-10-30,8:30p,,Los Angeles Clippers,W,,109,98,1,0,W 1
2002,SAS,2001-11-01,10:00p,@,Seattle SuperSonics,L,,108,114,1,1,L 1
2002,SAS,2001-11-03,10:00p,@,Portland Trail Blazers,W,,106,90,2,1,W 1
2002,SAS,2001-11-04,9:00p,@,Sacramento Kings,L,,83,103,2,2,L 1
2002,SAS,2001-11-06,8:00p,,Orlando Magic,W,,104,89,3,2,W 1
2002,SAS,2001-11-08,7:00p,@,Charlotte Hornets,W,,105,95,4,2,W 2
2002,SAS,2001-11-10,8:30p,,Atlanta Hawks,W,,110,88,5,2,W 3
2002,SAS,2001-11-13,8:30p,,Houston Rockets,W,,90,86,6,2,W 4
2002,SAS,2001-11-16,8:30p,,Cleveland Cavaliers,W,,105,91,7,2,W 5
2002,SAS,2001-11-21,8:30p,,Seattle SuperSonics,W,,110,93,8,2,W 6
2002,SAS,2001-11-23,8:00p,@,Indiana Pacers,W,,97,79,9,2,W 7
2002,SAS,2001-11-24,8:00p,@,Minnesota Timberwolves,L,,94,99,9,3,L 1
2002,SAS,2001-11-28,8:30p,,Golden State Warriors,W,,94,83,10,3,W 1
2002,SAS,2001-11-30,8:30p,,Sacramento Kings,L,OT,106,109,10,4,L 1
2002,SAS,2001-12-01,8:30p,@,Houston Rockets,W,,85,75,11,4,W 1
2002,SAS,2001-12-04,8:30p,,Washington Wizards,W,,103,88,12,4,W 2
2002,SAS,2001-12-05,7:30p,@,Atlanta Hawks,W,,120,112,13,4,W 3
2002,SAS,2001-12-07,8:30p,,Philadelphia 76ers,W,,86,76,14,4,W 4
2002,SAS,2001-12-12,8:00p,,Toronto Raptors,W,,108,95,15,4,W 5
2002,SAS,2001-12-14,9:00p,@,Phoenix Suns,W,,105,93,16,4,W 6
2002,SAS,2001-12-15,8:30p,,Utah Jazz,W,,100,80,17,4,W 7
2002,SAS,2001-12-18,9:00p,@,Denver Nuggets,W,,102,93,18,4,W 8
2002,SAS,2001-12-19,8:30p,,Portland Trail Blazers,W,,97,79,19,4,W 9
2002,SAS,2001-12-21,8:30p,,Denver Nuggets,W,,109,74,20,4,W 10
2002,SAS,2001-12-23,7:00p,,Milwaukee Bucks,L,,91,101,20,5,L 1
2002,SAS,2001-12-26,8:00p,,Dallas Mavericks,L,OT,123,126,20,6,L 2
2002,SAS,2001-12-29,8:30p,@,Milwaukee Bucks,L,OT,99,102,20,7,L 3
2002,SAS,2001-12-30,7:00p,@,Memphis Grizzlies,W,,83,79,21,7,W 1
2002,SAS,2002-01-02,8:30p,,Detroit Pistons,W,,97,85,22,7,W 2
2002,SAS,2002-01-04,8:30p,,Indiana Pacers,L,,82,92,22,8,L 1
2002,SAS,2002-01-05,8:30p,@,Dallas Mavericks,W,,105,103,23,8,W 1
2002,SAS,2002-01-07,8:30p,,New York Knicks,W,,90,79,24,8,W 2
2002,SAS,2002-01-09,7:00p,@,Boston Celtics,W,,93,90,25,8,W 3
2002,SAS,2002-01-11,7:00p,@,Philadelphia 76ers,L,,84,101,25,9,L 1
2002,SAS,2002-01-14,7:30p,@,New Jersey Nets,L,,97,99,25,10,L 2
2002,SAS,2002-01-15,8:00p,@,Washington Wizards,W,,96,91,26,10,W 1
2002,SAS,2002-01-17,9:00p,,Utah Jazz,W,,102,98,27,10,W 2
2002,SAS,2002-01-19,1:00p,,Los Angeles Lakers,L,,81,98,27,11,L 1
2002,SAS,2002-01-22,8:30p,,New Jersey Nets,L,,86,92,27,12,L 2
2002,SAS,2002-01-23,9:00p,@,Utah Jazz,W,,98,92,28,12,W 1
2002,SAS,2002-01-25,10:30p,@,Los Angeles Lakers,L,,91,94,28,13,L 1
2002,SAS,2002-01-26,10:30p,@,Golden State Warriors,W,,90,82,29,13,W 1
2002,SAS,2002-01-29,8:30p,,Charlotte Hornets,L,,73,78,29,14,L 1
2002,SAS,2002-01-31,8:30p,,Los Angeles Clippers,L,,87,91,29,15,L 2
2002,SAS,2002-02-01,7:30p,@,Miami Heat,L,,83,88,29,16,L 3
2002,SAS,2002-02-03,12:00p,@,Orlando Magic,W,OT,105,98,30,16,W 1
2002,SAS,2002-02-04,8:30p,,Minnesota Timberwolves,W,,113,83,31,16,W 2
2002,SAS,2002-02-07,8:00p,@,Toronto Raptors,L,OT,74,80,31,17,L 1
2002,SAS,2002-02-12,10:30p,@,Sacramento Kings,L,,86,99,31,18,L 2
2002,SAS,2002-02-14,10:30p,@,Los Angeles Clippers,W,,89,76,32,18,W 1
2002,SAS,2002-02-15,10:30p,@,Golden State Warriors,W,,108,99,33,18,W 2
2002,SAS,2002-02-19,8:30p,,Memphis Grizzlies,W,OT,99,93,34,18,W 3
2002,SAS,2002-02-21,9:00p,,Sacramento Kings,W,,115,92,35,18,W 4
2002,SAS,2002-02-23,8:30p,,Minnesota Timberwolves,L,,88,112,35,19,L 1
2002,SAS,2002-02-24,8:00p,@,Phoenix Suns,L,,83,92,35,20,L 2
2002,SAS,2002-02-26,8:30p,,Phoenix Suns,W,,99,91,36,20,W 1
2002,SAS,2002-02-28,7:00p,@,Cleveland Cavaliers,L,OT,107,114,36,21,L 1
2002,SAS,2002-03-01,8:00p,@,Minnesota Timberwolves,W,,85,77,37,21,W 1
2002,SAS,2002-03-03,3:00p,@,New York Knicks,W,,99,83,38,21,W 2
2002,SAS,2002-03-05,8:30p,,Golden State Warriors,W,,109,88,39,21,W 3
2002,SAS,2002-03-07,8:30p,,Houston Rockets,W,,99,97,40,21,W 4
2002,SAS,2002-03-09,8:30p,@,Chicago Bulls,W,,100,73,41,21,W 5
2002,SAS,2002-03-11,9:00p,@,Denver Nuggets,W,,93,78,42,21,W 6
2002,SAS,2002-03-12,8:30p,,Memphis Grizzlies,W,,98,84,43,21,W 7
2002,SAS,2002-03-14,8:30p,,Chicago Bulls,W,,91,86,44,21,W 8
2002,SAS,2002-03-16,8:30p,,Boston Celtics,W,,111,104,45,21,W 9
2002,SAS,2002-03-20,8:00p,,Los Angeles Lakers,W,,108,90,46,21,W 10
2002,SAS,2002-03-21,8:30p,@,Dallas Mavericks,W,,105,102,47,21,W 11
2002,SAS,2002-03-23,8:30p,,Miami Heat,W,,89,79,48,21,W 12
2002,SAS,2002-03-25,10:30p,@,Los Angeles Clippers,W,,91,85,49,21,W 13
2002,SAS,2002-03-27,10:30p,@,Portland Trail Blazers,L,,93,98,49,22,L 1
2002,SAS,2002-03-29,10:00p,@,Seattle SuperSonics,L,,76,79,49,23,L 2
2002,SAS,2002-03-31,5:30p,@,Los Angeles Lakers,L,,95,96,49,24,L 3
2002,SAS,2002-04-03,8:30p,,Seattle SuperSonics,W,,90,88,50,24,W 1
2002,SAS,2002-04-04,8:30p,@,Houston Rockets,W,,102,78,51,24,W 2
2002,SAS,2002-04-06,5:30p,,Dallas Mavericks,W,,89,87,52,24,W 3
2002,SAS,2002-04-08,8:30p,,Portland Trail Blazers,W,,99,87,53,24,W 4
2002,SAS,2002-04-10,8:30p,,Denver Nuggets,W,,87,79,54,24,W 5
2002,SAS,2002-04-12,8:00p,@,Detroit Pistons,W,,96,86,55,24,W 6
2002,SAS,2002-04-13,8:00p,@,Memphis Grizzlies,W,,113,92,56,24,W 7
2002,SAS,2002-04-16,8:30p,,Phoenix Suns,W,,95,71,57,24,W 8
2002,SAS,2002-04-17,9:00p,@,Utah Jazz,W,,86,84,58,24,W 9
2002,SAS,2002-04-20,5:30p,,Seattle SuperSonics,W,,110,89,1,0,W 1
2002,SAS,2002-04-22,9:30p,,Seattle SuperSonics,L,,90,98,1,1,L 1
2002,SAS,2002-04-27,5:30p,@,Seattle SuperSonics,W,,102,75,2,1,W 1
2002,SAS,2002-05-01,10:30p,@,Seattle SuperSonics,L,,79,91,2,2,L 1
2002,SAS,2002-05-03,9:30p,,Seattle SuperSonics,W,,101,78,3,2,W 1
2002,SAS,2002-05-05,5:30p,@,Los Angeles Lakers,L,,80,86,3,3,L 1
2002,SAS,2002-05-07,10:30p,@,Los Angeles Lakers,W,,88,85,4,3,W 1
2002,SAS,2002-05-10,9:30p,,Los Angeles Lakers,L,,89,99,4,4,L 1
2002,SAS,2002-05-12,5:30p,,Los Angeles Lakers,L,,85,87,4,5,L 2
2002,SAS,2002-05-14,10:30p,@,Los Angeles Lakers,L,,87,93,4,6,L 3
2002,SEA,2001-10-30,10:00p,@,Sacramento Kings,L,,95,101,0,1,L 1
2002,SEA,2001-11-01,10:00p,,San Antonio Spurs,W,,114,108,1,1,W 1
2002,SEA,2001-11-03,9:00p,,Utah Jazz,L,,74,91,1,2,L 1
2002,SEA,2001-11-05,7:30p,@,Orlando Magic,W,2OT,123,119,2,2,W 1
2002,SEA,2001-11-06,7:30p,@,Miami Heat,L,OT,85,87,2,3,L 1
2002,SEA,2001-11-08,7:30p,@,New Jersey Nets,L,,94,106,2,4,L 2
2002,SEA,2001-11-09,7:30p,@,Boston Celtics,L,,94,104,2,5,L 3
2002,SEA,2001-11-11,1:00p,@,Washington Wizards,W,,99,84,3,5,W 1
2002,SEA,2001-11-13,10:00p,,Phoenix Suns,L,,91,92,3,6,L 1
2002,SEA,2001-11-16,10:00p,,Golden State Warriors,W,,100,91,4,6,W 1
2002,SEA,2001-11-17,10:30p,,Denver Nuggets,L,,93,103,4,7,L 1
2002,SEA,2001-11-20,8:30p,@,Dallas Mavericks,W,,105,97,5,7,W 1
2002,SEA,2001-11-21,8:30p,@,San Antonio Spurs,L,,93,110,5,8,L 1
2002,SEA,2001-11-23,10:00p,,Houston Rockets,W,,99,81,6,8,W 1
2002,SEA,2001-11-25,7:00p,,Indiana Pacers,W,,99,88,7,8,W 2
2002,SEA,2001-11-27,10:00p,,Minnesota Timberwolves,W,,112,102,8,8,W 3
2002,SEA,2001-11-28,9:00p,@,Utah Jazz,L,,88,112,8,9,L 1
2002,SEA,2001-11-30,10:00p,,Los Angeles Lakers,L,,92,107,8,10,L 2
2002,SEA,2001-12-02,9:00p,,Milwaukee Bucks,W,,97,83,9,10,W 1
2002,SEA,2001-12-04,8:00p,@,Minnesota Timberwolves,L,,83,108,9,11,L 1
2002,SEA,2001-12-05,7:30p,@,Detroit Pistons,L,,91,95,9,12,L 2
2002,SEA,2001-12-07,10:00p,,Miami Heat,L,OT,94,98,9,13,L 3
2002,SEA,2001-12-08,10:00p,@,Portland Trail Blazers,L,,92,113,9,14,L 4
2002,SEA,2001-12-11,10:30p,@,Los Angeles Lakers,W,,104,93,10,14,W 1
2002,SEA,2001-12-12,10:30p,@,Los Angeles Clippers,L,,94,114,10,15,L 1
2002,SEA,2001-12-16,9:00p,,Orlando Magic,W,,114,91,11,15,W 1
2002,SEA,2001-12-19,10:00p,,Sacramento Kings,W,,104,92,12,15,W 2
2002,SEA,2001-12-21,10:30p,@,Golden State Warriors,W,OT,111,108,13,15,W 3
2002,SEA,2001-12-22,10:00p,,Detroit Pistons,W,,117,89,14,15,W 4
2002,SEA,2001-12-27,10:30p,,Los Angeles Clippers,W,,101,90,15,15,W 5
2002,SEA,2001-12-29,10:00p,,Toronto Raptors,W,,101,75,16,15,W 6
2002,SEA,2002-01-04,10:00p,,Philadelphia 76ers,L,,77,87,16,16,L 1
2002,SEA,2002-01-06,3:00p,@,Memphis Grizzlies,W,,89,77,17,16,W 1
2002,SEA,2002-01-07,8:30p,@,Chicago Bulls,W,,100,88,18,16,W 2
2002,SEA,2002-01-09,8:00p,@,Minnesota Timberwolves,L,,106,111,18,17,L 1
2002,SEA,2002-01-11,10:00p,,Cleveland Cavaliers,W,,102,100,19,17,W 1
2002,SEA,2002-01-16,9:00p,@,Utah Jazz,L,,80,95,19,18,L 1
2002,SEA,2002-01-18,9:00p,@,Denver Nuggets,L,,90,96,19,19,L 2
2002,SEA,2002-01-19,10:00p,,Denver Nuggets,W,,104,77,20,19,W 1
2002,SEA,2002-01-21,2:00p,@,Philadelphia 76ers,W,,109,98,21,19,W 2
2002,SEA,2002-01-23,7:00p,@,Charlotte Hornets,L,,101,111,21,20,L 1
2002,SEA,2002-01-24,8:00p,@,Milwaukee Bucks,W,,99,88,22,20,W 1
2002,SEA,2002-01-26,8:00p,@,Indiana Pacers,W,,95,86,23,20,W 2
2002,SEA,2002-01-29,10:00p,,Portland Trail Blazers,L,,86,92,23,21,L 1
2002,SEA,2002-01-31,10:00p,,Sacramento Kings,L,,95,99,23,22,L 2
2002,SEA,2002-02-02,8:00p,,Chicago Bulls,L,,91,97,23,23,L 3
2002,SEA,2002-02-05,10:30p,@,Golden State Warriors,W,,113,87,24,23,W 1
2002,SEA,2002-02-06,10:00p,,Phoenix Suns,W,,90,79,25,23,W 2
2002,SEA,2002-02-12,10:00p,,Dallas Mavericks,L,,106,112,25,24,L 1
2002,SEA,2002-02-14,10:00p,,Los Angeles Lakers,L,,87,92,25,25,L 2
2002,SEA,2002-02-16,10:00p,,Boston Celtics,W,,99,79,26,25,W 1
2002,SEA,2002-02-17,9:00p,@,Sacramento Kings,W,,126,116,27,25,W 2
2002,SEA,2002-02-19,9:00p,@,Phoenix Suns,W,,103,91,28,25,W 3
2002,SEA,2002-02-20,10:00p,,Portland Trail Blazers,L,,84,90,28,26,L 1
2002,SEA,2002-02-22,10:00p,,Atlanta Hawks,W,,99,96,29,26,W 1
2002,SEA,2002-02-24,6:00p,@,Toronto Raptors,W,,101,92,30,26,W 2
2002,SEA,2002-02-26,7:00p,@,Cleveland Cavaliers,W,,109,89,31,26,W 3
2002,SEA,2002-02-27,7:30p,@,Atlanta Hawks,W,,98,81,32,26,W 4
2002,SEA,2002-03-01,7:30p,@,New York Knicks,L,,87,89,32,27,L 1
2002,SEA,2002-03-03,3:00p,@,Memphis Grizzlies,W,,96,71,33,27,W 1
2002,SEA,2002-03-05,10:30p,,Minnesota Timberwolves,W,,97,83,34,27,W 2
2002,SEA,2002-03-07,10:00p,,Charlotte Hornets,W,OT,92,89,35,27,W 3
2002,SEA,2002-03-09,10:00p,,New Jersey Nets,W,,96,90,36,27,W 4
2002,SEA,2002-03-11,8:30p,@,Dallas Mavericks,L,,108,119,36,28,L 1
2002,SEA,2002-03-12,8:30p,@,Houston Rockets,L,,98,101,36,29,L 2
2002,SEA,2002-03-15,10:00p,,Washington Wizards,L,,98,103,36,30,L 3
2002,SEA,2002-03-16,10:30p,@,Los Angeles Clippers,W,,95,87,37,30,W 1
2002,SEA,2002-03-19,10:00p,,Golden State Warriors,W,,110,93,38,30,W 2
2002,SEA,2002-03-22,10:00p,,Houston Rockets,W,,112,82,39,30,W 3
2002,SEA,2002-03-23,10:00p,@,Denver Nuggets,L,,85,88,39,31,L 1
2002,SEA,2002-03-25,10:00p,,Utah Jazz,W,,106,92,40,31,W 1
2002,SEA,2002-03-27,10:00p,,Memphis Grizzlies,W,,96,82,41,31,W 2
2002,SEA,2002-03-29,10:00p,,San Antonio Spurs,W,,79,76,42,31,W 3
2002,SEA,2002-03-30,10:00p,@,Portland Trail Blazers,W,,92,87,43,31,W 4
2002,SEA,2002-04-02,8:30p,@,Houston Rockets,L,,98,100,43,32,L 1
2002,SEA,2002-04-03,8:30p,@,San Antonio Spurs,L,,88,90,43,33,L 2
2002,SEA,2002-04-05,10:00p,,New York Knicks,L,,83,86,43,34,L 3
2002,SEA,2002-04-08,10:00p,,Los Angeles Clippers,W,,102,100,44,34,W 1
2002,SEA,2002-04-09,10:00p,@,Phoenix Suns,L,,92,99,44,35,L 1
2002,SEA,2002-04-13,8:00p,,Dallas Mavericks,L,,99,116,44,36,L 2
2002,SEA,2002-04-15,10:30p,@,Los Angeles Lakers,L,,104,111,44,37,L 3
2002,SEA,2002-04-17,10:00p,,Memphis Grizzlies,W,,109,94,45,37,W 1
2002,SEA,2002-04-20,5:30p,@,San Antonio Spurs,L,,89,110,0,1,L 1
2002,SEA,2002-04-22,9:30p,@,San Antonio Spurs,W,,98,90,1,1,W 1
2002,SEA,2002-04-27,5:30p,,San Antonio Spurs,L,,75,102,1,2,L 1
2002,SEA,2002-05-01,10:30p,,San Antonio Spurs,W,,91,79,2,2,W 1
2002,SEA,2002-05-03,9:30p,@,San Antonio Spurs,L,,78,101,2,3,L 1
2002,TOR,2001-10-30,7:30p,@,Orlando Magic,L,,85,114,0,1,L 1
2002,TOR,2001-10-31,8:00p,@,Miami Heat,L,,92,97,0,2,L 2
2002,TOR,2001-11-02,7:00p,,Dallas Mavericks,W,,109,92,1,2,W 1
2002,TOR,2001-11-04,5:30p,,Indiana Pacers,W,,113,100,2,2,W 2
2002,TOR,2001-11-07,7:00p,,Golden State Warriors,W,,109,92,3,2,W 3
2002,TOR,2001-11-10,9:00p,@,Utah Jazz,W,,117,96,4,2,W 4
2002,TOR,2001-11-11,9:00p,@,Denver Nuggets,L,,85,96,4,3,L 1
2002,TOR,2001-11-13,8:00p,@,Sacramento Kings,L,,86,95,4,4,L 2
2002,TOR,2001-11-14,10:30p,@,Golden State Warriors,W,,89,82,5,4,W 1
2002,TOR,2001-11-16,10:30p,@,Los Angeles Clippers,W,,94,85,6,4,W 2
2002,TOR,2001-11-18,8:00p,@,Phoenix Suns,W,,87,81,7,4,W 3
2002,TOR,2001-11-20,6:30p,,Detroit Pistons,L,,84,88,7,5,L 1
2002,TOR,2001-11-22,8:00p,,Milwaukee Bucks,L,,75,78,7,6,L 2
2002,TOR,2001-11-23,7:30p,@,Boston Celtics,W,,91,89,8,6,W 1
2002,TOR,2001-11-25,12:30p,,Philadelphia 76ers,W,,107,88,9,6,W 2
2002,TOR,2001-11-29,6:30p,,Memphis Grizzlies,W,,91,88,10,6,W 3
2002,TOR,2001-12-01,2:00p,@,Atlanta Hawks,W,,104,103,11,6,W 4
2002,TOR,2001-12-02,3:00p,,Boston Celtics,L,,69,85,11,7,L 1
2002,TOR,2001-12-06,9:00p,@,Milwaukee Bucks,L,,89,95,11,8,L 2
2002,TOR,2001-12-07,7:00p,,Denver Nuggets,W,OT,98,96,12,8,W 1
2002,TOR,2001-12-09,3:00p,,Phoenix Suns,L,,90,91,12,9,L 1
2002,TOR,2001-12-12,8:00p,@,San Antonio Spurs,L,,95,108,12,10,L 2
2002,TOR,2001-12-13,7:00p,@,Charlotte Hornets,L,,90,104,12,11,L 3
2002,TOR,2001-12-16,3:00p,,Washington Wizards,L,,88,93,12,12,L 4
2002,TOR,2001-12-19,8:00p,@,Indiana Pacers,W,,102,90,13,12,W 1
2002,TOR,2001-12-20,7:00p,,Chicago Bulls,W,,96,91,14,12,W 2
2002,TOR,2001-12-23,3:00p,,Miami Heat,W,,83,76,15,12,W 3
2002,TOR,2001-12-25,6:00p,@,New York Knicks,L,,94,102,15,13,L 1
2002,TOR,2001-12-28,10:30p,@,Los Angeles Lakers,W,,89,86,16,13,W 1
2002,TOR,2001-12-29,10:00p,@,Seattle SuperSonics,L,,75,101,16,14,L 1
2002,TOR,2002-01-02,10:00p,@,Portland Trail Blazers,W,,95,84,17,14,W 1
2002,TOR,2002-01-04,7:00p,,Cleveland Cavaliers,W,,101,91,18,14,W 2
2002,TOR,2002-01-06,3:00p,,Los Angeles Lakers,L,,89,109,18,15,L 1
2002,TOR,2002-01-08,8:00p,@,Memphis Grizzlies,L,,81,84,18,16,L 2
2002,TOR,2002-01-09,8:30p,@,Chicago Bulls,W,,85,73,19,16,W 1
2002,TOR,2002-01-11,7:00p,,Atlanta Hawks,W,OT,94,91,20,16,W 2
2002,TOR,2002-01-13,3:00p,,Los Angeles Clippers,L,,72,79,20,17,L 1
2002,TOR,2002-01-15,7:30p,@,Detroit Pistons,W,,92,90,21,17,W 1
2002,TOR,2002-01-16,7:00p,,Houston Rockets,W,,109,103,22,17,W 2
2002,TOR,2002-01-18,7:00p,,New Jersey Nets,W,,89,77,23,17,W 3
2002,TOR,2002-01-19,7:30p,@,Charlotte Hornets,W,,91,89,24,17,W 4
2002,TOR,2002-01-21,7:30p,@,Boston Celtics,L,,97,106,24,18,L 1
2002,TOR,2002-01-23,8:00p,,New York Knicks,L,,92,96,24,19,L 2
2002,TOR,2002-01-25,7:00p,,Minnesota Timberwolves,W,,107,100,25,19,W 1
2002,TOR,2002-01-27,2:30p,,Orlando Magic,W,,106,97,26,19,W 2
2002,TOR,2002-01-31,8:00p,,Boston Celtics,W,,97,92,27,19,W 3
2002,TOR,2002-02-02,12:30p,@,New Jersey Nets,L,,91,98,27,20,L 1
2002,TOR,2002-02-04,7:00p,@,Philadelphia 76ers,W,,100,93,28,20,W 1
2002,TOR,2002-02-05,8:00p,@,Washington Wizards,L,,94,99,28,21,L 1
2002,TOR,2002-02-07,8:00p,,San Antonio Spurs,W,OT,80,74,29,21,W 1
2002,TOR,2002-02-12,7:00p,@,Cleveland Cavaliers,L,,81,99,29,22,L 1
2002,TOR,2002-02-13,7:30p,@,New York Knicks,L,,82,89,29,23,L 2
2002,TOR,2002-02-15,7:00p,,Utah Jazz,L,,85,94,29,24,L 3
2002,TOR,2002-02-17,2:00p,,Milwaukee Bucks,L,,86,91,29,25,L 4
2002,TOR,2002-02-18,7:30p,@,Detroit Pistons,L,,76,89,29,26,L 5
2002,TOR,2002-02-20,8:00p,,Charlotte Hornets,L,,77,78,29,27,L 6
2002,TOR,2002-02-22,7:00p,,Detroit Pistons,L,,72,80,29,28,L 7
2002,TOR,2002-02-24,6:00p,,Seattle SuperSonics,L,,92,101,29,29,L 8
2002,TOR,2002-02-27,8:00p,,Orlando Magic,L,,85,90,29,30,L 9
2002,TOR,2002-03-01,7:00p,,Portland Trail Blazers,L,,81,91,29,31,L 10
2002,TOR,2002-03-03,12:30p,,Philadelphia 76ers,L,,84,96,29,32,L 11
2002,TOR,2002-03-05,8:30p,@,Houston Rockets,L,,109,112,29,33,L 12
2002,TOR,2002-03-07,9:00p,@,Dallas Mavericks,L,,103,122,29,34,L 13
2002,TOR,2002-03-08,7:30p,@,Miami Heat,W,,83,74,30,34,W 1
2002,TOR,2002-03-10,12:30p,@,Orlando Magic,L,,79,92,30,35,L 1
2002,TOR,2002-03-12,8:00p,@,New Jersey Nets,L,,84,86,30,36,L 2
2002,TOR,2002-03-17,3:00p,,Sacramento Kings,L,,113,116,30,37,L 3
2002,TOR,2002-03-19,8:00p,@,Minnesota Timberwolves,L,,80,112,30,38,L 4
2002,TOR,2002-03-22,7:30p,@,Cleveland Cavaliers,W,,94,80,31,38,W 1
2002,TOR,2002-03-24,12:00p,,Washington Wizards,W,,92,91,32,38,W 2
2002,TOR,2002-03-27,8:00p,,Miami Heat,W,,81,80,33,38,W 3
2002,TOR,2002-03-28,7:30p,@,Atlanta Hawks,W,,85,83,34,38,W 4
2002,TOR,2002-03-31,3:30p,@,Philadelphia 76ers,W,,72,70,35,38,W 5
2002,TOR,2002-04-03,7:00p,,Chicago Bulls,W,,117,104,36,38,W 6
2002,TOR,2002-04-05,8:30p,@,Chicago Bulls,W,,98,96,37,38,W 7
2002,TOR,2002-04-07,5:30p,,Indiana Pacers,W,,94,84,38,38,W 8
2002,TOR,2002-04-09,7:00p,,Charlotte Hornets,W,,84,80,39,38,W 9
2002,TOR,2002-04-10,8:00p,@,Indiana Pacers,L,,82,98,39,39,L 1
2002,TOR,2002-04-12,7:00p,,Atlanta Hawks,W,,112,73,40,39,W 1
2002,TOR,2002-04-14,5:30p,,New Jersey Nets,W,,101,82,41,39,W 2
2002,TOR,2002-04-16,8:00p,@,Milwaukee Bucks,L,,89,105,41,40,L 1
2002,TOR,2002-04-17,7:00p,,Cleveland Cavaliers,W,,103,85,42,40,W 1
2002,TOR,2002-04-21,8:30p,@,Detroit Pistons,L,,63,85,0,1,L 1
2002,TOR,2002-04-24,7:00p,@,Detroit Pistons,L,,91,96,0,2,L 2
2002,TOR,2002-04-27,8:30p,,Detroit Pistons,W,,94,84,1,2,W 1
2002,TOR,2002-04-29,7:30p,,Detroit Pistons,W,,89,83,2,2,W 2
2002,TOR,2002-05-02,8:30p,@,Detroit Pistons,L,,82,85,2,3,L 1
2002,UTA,2001-10-30,9:00p,,Milwaukee Bucks,L,OT,112,119,0,1,L 1
2002,UTA,2001-11-01,9:00p,,Los Angeles Lakers,L,,101,105,0,2,L 2
2002,UTA,2001-11-03,9:00p,@,Seattle SuperSonics,W,,91,74,1,2,W 1
2002,UTA,2001-11-04,9:30p,@,Los Angeles Lakers,L,,96,100,1,3,L 1
2002,UTA,2001-11-06,10:00p,@,Portland Trail Blazers,L,,83,101,1,4,L 2
2002,UTA,2001-11-07,9:00p,,Atlanta Hawks,W,,96,89,2,4,W 1
2002,UTA,2001-11-10,9:00p,,Toronto Raptors,L,,96,117,2,5,L 1
2002,UTA,2001-11-12,9:00p,,Orlando Magic,W,,105,98,3,5,W 1
2002,UTA,2001-11-14,7:30p,@,Atlanta Hawks,L,,79,111,3,6,L 1
2002,UTA,2001-11-16,7:00p,@,Washington Wizards,W,,101,92,4,6,W 1
2002,UTA,2001-11-17,8:30p,@,Milwaukee Bucks,L,,93,104,4,7,L 1
2002,UTA,2001-11-21,9:00p,,New Jersey Nets,L,OT,89,90,4,8,L 2
2002,UTA,2001-11-23,9:00p,,Los Angeles Clippers,W,,106,101,5,8,W 1
2002,UTA,2001-11-26,9:00p,,Phoenix Suns,L,OT,104,111,5,9,L 1
2002,UTA,2001-11-28,9:00p,,Seattle SuperSonics,W,,112,88,6,9,W 1
2002,UTA,2001-11-30,9:00p,@,Phoenix Suns,L,,76,98,6,10,L 1
2002,UTA,2001-12-01,9:00p,,Indiana Pacers,L,,97,100,6,11,L 2
2002,UTA,2001-12-04,9:00p,,Charlotte Hornets,W,,104,100,7,11,W 1
2002,UTA,2001-12-07,10:30p,@,Los Angeles Clippers,W,,102,86,8,11,W 2
2002,UTA,2001-12-08,9:00p,,Golden State Warriors,W,,111,101,9,11,W 3
2002,UTA,2001-12-10,9:00p,,Dallas Mavericks,W,,107,98,10,11,W 4
2002,UTA,2001-12-12,9:00p,,Minnesota Timberwolves,L,,87,98,10,12,L 1
2002,UTA,2001-12-14,9:00p,,Portland Trail Blazers,W,,93,85,11,12,W 1
2002,UTA,2001-12-15,8:30p,@,San Antonio Spurs,L,,80,100,11,13,L 1
2002,UTA,2001-12-18,7:30p,@,Miami Heat,W,,95,56,12,13,W 1
2002,UTA,2001-12-19,7:30p,@,Orlando Magic,L,,90,98,12,14,L 1
2002,UTA,2001-12-21,7:30p,@,Boston Celtics,L,,92,98,12,15,L 2
2002,UTA,2001-12-22,8:00p,@,New Jersey Nets,W,,104,90,13,15,W 1
2002,UTA,2001-12-26,9:00p,,Boston Celtics,W,,99,86,14,15,W 2
2002,UTA,2001-12-27,9:00p,@,Portland Trail Blazers,W,,99,87,15,15,W 3
2002,UTA,2001-12-29,9:00p,,Philadelphia 76ers,W,,89,81,16,15,W 4
2002,UTA,2002-01-04,8:00p,@,Minnesota Timberwolves,L,,86,93,16,16,L 1
2002,UTA,2002-01-05,8:30p,@,Chicago Bulls,W,OT,113,111,17,16,W 1
2002,UTA,2002-01-08,9:00p,,Phoenix Suns,W,,98,84,18,16,W 2
2002,UTA,2002-01-10,9:00p,,Houston Rockets,W,,83,79,19,16,W 3
2002,UTA,2002-01-12,9:00p,,Memphis Grizzlies,L,2OT,95,97,19,17,L 1
2002,UTA,2002-01-14,9:00p,,Denver Nuggets,W,,106,97,20,17,W 1
2002,UTA,2002-01-16,9:00p,,Seattle SuperSonics,W,,95,80,21,17,W 2
2002,UTA,2002-01-17,9:00p,@,San Antonio Spurs,L,,98,102,21,18,L 1
2002,UTA,2002-01-19,9:00p,@,Dallas Mavericks,L,,103,106,21,19,L 2
2002,UTA,2002-01-21,4:00p,@,Golden State Warriors,W,,101,99,22,19,W 1
2002,UTA,2002-01-23,9:00p,,San Antonio Spurs,L,,92,98,22,20,L 1
2002,UTA,2002-01-24,9:00p,@,Sacramento Kings,L,,80,113,22,21,L 2
2002,UTA,2002-01-26,5:30p,,Sacramento Kings,L,,90,114,22,22,L 3
2002,UTA,2002-01-28,9:00p,,Miami Heat,W,,101,89,23,22,W 1
2002,UTA,2002-01-30,9:00p,,Chicago Bulls,W,,90,78,24,22,W 2
2002,UTA,2002-02-02,3:00p,,Portland Trail Blazers,W,,97,96,25,22,W 3
2002,UTA,2002-02-04,8:30p,@,Houston Rockets,L,,97,104,25,23,L 1
2002,UTA,2002-02-05,8:00p,@,Memphis Grizzlies,L,,79,86,25,24,L 2
2002,UTA,2002-02-12,7:00p,@,Indiana Pacers,W,,98,82,26,24,W 1
2002,UTA,2002-02-14,7:00p,@,Philadelphia 76ers,W,,98,91,27,24,W 2
2002,UTA,2002-02-15,7:00p,@,Toronto Raptors,W,,94,85,28,24,W 3
2002,UTA,2002-02-17,7:00p,@,New York Knicks,W,,92,89,29,24,W 4
2002,UTA,2002-02-18,7:00p,@,Cleveland Cavaliers,W,,103,92,30,24,W 5
2002,UTA,2002-02-20,9:00p,@,Denver Nuggets,W,,110,99,31,24,W 6
2002,UTA,2002-02-26,10:30p,@,Sacramento Kings,L,,81,107,31,25,L 1
2002,UTA,2002-02-28,9:00p,,Memphis Grizzlies,W,,114,70,32,25,W 1
2002,UTA,2002-03-02,9:00p,,Minnesota Timberwolves,L,,105,116,32,26,L 1
2002,UTA,2002-03-04,9:00p,,Denver Nuggets,W,,100,82,33,26,W 1
2002,UTA,2002-03-06,8:00p,,Los Angeles Lakers,W,,92,84,34,26,W 2
2002,UTA,2002-03-08,9:00p,,New York Knicks,L,,79,85,34,27,L 1
2002,UTA,2002-03-10,3:00p,@,Houston Rockets,L,,92,95,34,28,L 2
2002,UTA,2002-03-11,8:00p,@,Memphis Grizzlies,L,,78,79,34,29,L 3
2002,UTA,2002-03-14,7:00p,@,Charlotte Hornets,L,,82,100,34,30,L 4
2002,UTA,2002-03-15,8:00p,@,Detroit Pistons,W,,100,97,35,30,W 1
2002,UTA,2002-03-17,3:30p,@,Minnesota Timberwolves,W,,96,89,36,30,W 2
2002,UTA,2002-03-19,9:00p,,Detroit Pistons,L,,87,94,36,31,L 1
2002,UTA,2002-03-21,9:00p,,Washington Wizards,W,,94,79,37,31,W 1
2002,UTA,2002-03-23,9:00p,,Golden State Warriors,W,,112,103,38,31,W 2
2002,UTA,2002-03-25,10:00p,@,Seattle SuperSonics,L,,92,106,38,32,L 1
2002,UTA,2002-03-26,9:00p,,Houston Rockets,W,,109,105,39,32,W 1
2002,UTA,2002-03-28,9:00p,,Cleveland Cavaliers,W,,112,91,40,32,W 2
2002,UTA,2002-03-30,10:30p,@,Los Angeles Clippers,W,,105,92,41,32,W 3
2002,UTA,2002-04-02,9:00p,@,Denver Nuggets,L,,90,98,41,33,L 1
2002,UTA,2002-04-03,9:00p,,Los Angeles Clippers,W,,99,87,42,33,W 1
2002,UTA,2002-04-05,9:00p,,Sacramento Kings,L,,109,117,42,34,L 1
2002,UTA,2002-04-08,9:00p,,Dallas Mavericks,L,,96,105,42,35,L 2
2002,UTA,2002-04-09,10:30p,@,Los Angeles Lakers,L,,82,112,42,36,L 3
2002,UTA,2002-04-11,10:00p,@,Phoenix Suns,W,,97,96,43,36,W 1
2002,UTA,2002-04-13,10:30p,@,Golden State Warriors,W,,109,101,44,36,W 2
2002,UTA,2002-04-16,8:30p,@,Dallas Mavericks,L,,87,96,44,37,L 1
2002,UTA,2002-04-17,9:00p,,San Antonio Spurs,L,,84,86,44,38,L 2
2002,UTA,2002-04-20,3:00p,@,Sacramento Kings,L,,86,89,0,1,L 1
2002,UTA,2002-04-23,10:30p,@,Sacramento Kings,W,,93,86,1,1,W 1
2002,UTA,2002-04-27,3:00p,,Sacramento Kings,L,,87,90,1,2,L 1
2002,UTA,2002-04-29,10:00p,,Sacramento Kings,L,,86,91,1,3,L 2
2002,WAS,2001-10-30,7:30p,@,New York Knicks,L,,91,93,0,1,L 1
2002,WAS,2001-11-01,8:00p,@,Atlanta Hawks,W,,98,88,1,1,W 1
2002,WAS,2001-11-03,6:30p,,Philadelphia 76ers,W,,90,76,2,1,W 2
2002,WAS,2001-11-04,7:00p,@,Detroit Pistons,L,,78,100,2,2,L 1
2002,WAS,2001-11-07,8:00p,@,Boston Celtics,L,,95,104,2,3,L 2
2002,WAS,2001-11-09,7:00p,,Golden State Warriors,L,,100,109,2,4,L 3
2002,WAS,2001-11-11,1:00p,,Seattle SuperSonics,L,,84,99,2,5,L 4
2002,WAS,2001-11-14,7:00p,,Milwaukee Bucks,L,,98,107,2,6,L 5
2002,WAS,2001-11-16,7:00p,,Utah Jazz,L,,92,101,2,7,L 6
2002,WAS,2001-11-20,8:00p,,Charlotte Hornets,L,,88,95,2,8,L 7
2002,WAS,2001-11-22,8:00p,@,Indiana Pacers,L,,103,110,2,9,L 8
2002,WAS,2001-11-24,7:00p,,Boston Celtics,W,OT,88,84,3,9,W 1
2002,WAS,2001-11-27,7:00p,@,Cleveland Cavaliers,L,,75,94,3,10,L 1
2002,WAS,2001-11-28,8:00p,@,Philadelphia 76ers,W,,94,87,4,10,W 1
2002,WAS,2001-11-30,7:30p,@,Miami Heat,W,,84,75,5,10,W 2
2002,WAS,2001-12-01,6:30p,,Orlando Magic,L,,87,96,5,11,L 1
2002,WAS,2001-12-04,8:30p,@,San Antonio Spurs,L,,88,103,5,12,L 2
2002,WAS,2001-12-06,8:30p,@,Houston Rockets,W,,85,82,6,12,W 1
2002,WAS,2001-12-08,8:30p,@,Dallas Mavericks,W,,102,95,7,12,W 2
2002,WAS,2001-12-11,8:00p,@,Memphis Grizzlies,W,,91,81,8,12,W 3
2002,WAS,2001-12-12,8:00p,,Miami Heat,W,,82,80,9,12,W 4
2002,WAS,2001-12-14,7:00p,,New York Knicks,W,,96,80,10,12,W 5
2002,WAS,2001-12-16,3:00p,@,Toronto Raptors,W,,93,88,11,12,W 6
2002,WAS,2001-12-19,7:00p,,Atlanta Hawks,W,,103,76,12,12,W 7
2002,WAS,2001-12-21,7:30p,@,Orlando Magic,W,,93,75,13,12,W 8
2002,WAS,2001-12-22,7:30p,@,New York Knicks,W,,87,86,14,12,W 9
2002,WAS,2001-12-26,8:00p,@,Charlotte Hornets,L,,93,99,14,13,L 1
2002,WAS,2001-12-27,7:00p,@,Indiana Pacers,L,,81,108,14,14,L 2
2002,WAS,2001-12-29,7:00p,,Charlotte Hornets,W,,107,90,15,14,W 1
2002,WAS,2001-12-31,8:30p,,New Jersey Nets,W,,98,76,16,14,W 2
2002,WAS,2002-01-04,7:00p,,Chicago Bulls,W,,89,83,17,14,W 3
2002,WAS,2002-01-08,7:00p,,Los Angeles Clippers,W,,96,88,18,14,W 4
2002,WAS,2002-01-11,8:30p,@,Milwaukee Bucks,L,,86,105,18,15,L 1
2002,WAS,2002-01-12,7:00p,,Minnesota Timberwolves,L,,100,108,18,16,L 2
2002,WAS,2002-01-15,8:00p,,San Antonio Spurs,L,,91,96,18,17,L 3
2002,WAS,2002-01-16,7:30p,@,New Jersey Nets,L,,67,111,18,18,L 4
2002,WAS,2002-01-19,1:00p,@,Chicago Bulls,W,,77,69,19,18,W 1
2002,WAS,2002-01-21,6:00p,@,Minnesota Timberwolves,L,,101,105,19,19,L 1
2002,WAS,2002-01-22,8:00p,,Philadelphia 76ers,L,,84,91,19,20,L 2
2002,WAS,2002-01-24,7:00p,,Cleveland Cavaliers,W,,94,85,20,20,W 1
2002,WAS,2002-01-26,8:00p,,Phoenix Suns,W,,112,102,21,20,W 2
2002,WAS,2002-01-29,7:00p,,Detroit Pistons,L,,86,89,21,21,L 1
2002,WAS,2002-01-31,7:00p,@,Cleveland Cavaliers,W,,93,92,22,21,W 1
2002,WAS,2002-02-01,7:00p,,Atlanta Hawks,W,,97,90,23,21,W 2
2002,WAS,2002-02-03,12:00p,,Indiana Pacers,W,,109,89,24,21,W 3
2002,WAS,2002-02-05,8:00p,,Toronto Raptors,W,,99,94,25,21,W 4
2002,WAS,2002-02-07,7:00p,,Sacramento Kings,W,,108,101,26,21,W 5
2002,WAS,2002-02-12,10:30p,@,Los Angeles Lakers,L,,94,103,26,22,L 1
2002,WAS,2002-02-14,9:00p,@,Sacramento Kings,L,,93,109,26,23,L 2
2002,WAS,2002-02-15,9:00p,@,Phoenix Suns,W,,97,96,27,23,W 1
2002,WAS,2002-02-18,1:00p,,Houston Rockets,L,,89,102,27,24,L 1
2002,WAS,2002-02-20,7:30p,@,Detroit Pistons,L,,90,97,27,25,L 2
2002,WAS,2002-02-21,7:00p,,New Jersey Nets,L,,82,93,27,26,L 3
2002,WAS,2002-02-23,8:00p,,Miami Heat,L,,95,97,27,27,L 4
2002,WAS,2002-02-24,7:30p,@,Miami Heat,L,,80,92,27,28,L 5
2002,WAS,2002-02-27,7:00p,,Portland Trail Blazers,L,,101,105,27,29,L 6
2002,WAS,2002-03-01,8:30p,@,Chicago Bulls,L,,81,90,27,30,L 7
2002,WAS,2002-03-03,6:00p,,Orlando Magic,W,OT,107,102,28,30,W 1
2002,WAS,2002-03-05,7:00p,,Chicago Bulls,W,,115,90,29,30,W 2
2002,WAS,2002-03-07,7:00p,,Detroit Pistons,L,,92,95,29,31,L 1
2002,WAS,2002-03-08,7:30p,@,Orlando Magic,L,,96,99,29,32,L 2
2002,WAS,2002-03-10,3:00p,@,Boston Celtics,L,,91,98,29,33,L 3
2002,WAS,2002-03-11,7:00p,,Boston Celtics,L,,99,104,29,34,L 4
2002,WAS,2002-03-13,10:30p,@,Los Angeles Clippers,L,,75,96,29,35,L 5
2002,WAS,2002-03-15,10:00p,@,Seattle SuperSonics,W,,103,98,30,35,W 1
2002,WAS,2002-03-16,10:00p,@,Portland Trail Blazers,L,,80,95,30,36,L 1
2002,WAS,2002-03-18,10:30p,@,Golden State Warriors,W,,99,96,31,36,W 1
2002,WAS,2002-03-20,9:00p,@,Denver Nuggets,W,,107,75,32,36,W 2
2002,WAS,2002-03-21,9:00p,@,Utah Jazz,L,,79,94,32,37,L 1
2002,WAS,2002-03-24,12:00p,@,Toronto Raptors,L,,91,92,32,38,L 2
2002,WAS,2002-03-26,7:00p,,Denver Nuggets,W,,103,87,33,38,W 1
2002,WAS,2002-03-29,7:00p,,Milwaukee Bucks,W,,107,98,34,38,W 2
2002,WAS,2002-03-31,3:00p,,Dallas Mavericks,L,,103,110,34,39,L 1
2002,WAS,2002-04-02,8:00p,,Los Angeles Lakers,L,,93,113,34,40,L 2
2002,WAS,2002-04-03,8:00p,@,Milwaukee Bucks,L,,90,105,34,41,L 3
2002,WAS,2002-04-05,7:30p,@,Charlotte Hornets,L,,91,97,34,42,L 4
2002,WAS,2002-04-06,8:00p,,Memphis Grizzlies,W,,88,85,35,42,W 1
2002,WAS,2002-04-09,7:30p,@,New Jersey Nets,L,,88,101,35,43,L 1
2002,WAS,2002-04-10,7:00p,,Philadelphia 76ers,W,,90,77,36,43,W 1
2002,WAS,2002-04-12,7:00p,@,Philadelphia 76ers,L,,91,100,36,44,L 1
2002,WAS,2002-04-14,1:00p,,Indiana Pacers,L,,80,86,36,45,L 2
2002,WAS,2002-04-16,7:00p,,New York Knicks,W,,116,112,37,45,W 1
2003,ATL,2002-10-30,7:30p,@,New Jersey Nets,L,,94,105,0,1,L 1
2003,ATL,2002-10-31,7:30p,,Utah Jazz,W,,105,98,1,1,W 1
2003,ATL,2002-11-02,7:00p,,Chicago Bulls,W,,98,92,2,1,W 2
2003,ATL,2002-11-05,9:00p,@,Denver Nuggets,W,,103,87,3,1,W 3
2003,ATL,2002-11-06,9:00p,@,Phoenix Suns,L,,88,93,3,2,L 1
2003,ATL,2002-11-08,9:00p,@,Utah Jazz,L,,97,110,3,3,L 2
2003,ATL,2002-11-10,9:00p,@,Sacramento Kings,L,,97,105,3,4,L 3
2003,ATL,2002-11-12,10:30p,@,Los Angeles Lakers,W,,95,83,4,4,W 1
2003,ATL,2002-11-16,7:00p,,New Orleans Hornets,W,,89,82,5,4,W 2
2003,ATL,2002-11-18,7:30p,,Toronto Raptors,W,,117,92,6,4,W 3
2003,ATL,2002-11-20,7:30p,,Minnesota Timberwolves,L,,93,103,6,5,L 1
2003,ATL,2002-11-22,7:30p,@,Boston Celtics,L,2OT,98,105,6,6,L 2
2003,ATL,2002-11-23,7:00p,,Boston Celtics,L,,99,109,6,7,L 3
2003,ATL,2002-11-26,7:30p,,Seattle SuperSonics,W,OT,119,116,7,7,W 1
2003,ATL,2002-11-27,8:30p,@,New Orleans Hornets,L,,94,106,7,8,L 1
2003,ATL,2002-11-29,7:30p,,Miami Heat,W,OT,100,94,8,8,W 1
2003,ATL,2002-11-30,7:00p,@,Orlando Magic,L,,92,117,8,9,L 1
2003,ATL,2002-12-03,7:30p,@,New Jersey Nets,L,,72,87,8,10,L 2
2003,ATL,2002-12-05,7:30p,,Milwaukee Bucks,W,,98,80,9,10,W 1
2003,ATL,2002-12-07,2:00p,,Detroit Pistons,W,,94,92,10,10,W 2
2003,ATL,2002-12-11,7:30p,@,Detroit Pistons,L,,80,91,10,11,L 1
2003,ATL,2002-12-12,8:00p,@,Minnesota Timberwolves,L,,95,113,10,12,L 2
2003,ATL,2002-12-14,7:00p,,Phoenix Suns,L,,88,102,10,13,L 3
2003,ATL,2002-12-17,7:30p,,Washington Wizards,L,,99,109,10,14,L 4
2003,ATL,2002-12-20,8:30p,@,Houston Rockets,L,,82,101,10,15,L 5
2003,ATL,2002-12-21,7:00p,,Philadelphia 76ers,W,,79,77,11,15,W 1
2003,ATL,2002-12-23,7:00p,@,Indiana Pacers,L,,97,112,11,16,L 1
2003,ATL,2002-12-27,7:30p,,San Antonio Spurs,W,,81,79,12,16,W 1
2003,ATL,2002-12-28,7:00p,@,Washington Wizards,L,,76,84,12,17,L 1
2003,ATL,2002-12-30,7:30p,@,Miami Heat,L,,84,93,12,18,L 2
2003,ATL,2003-01-01,2:00p,,Miami Heat,L,,73,107,12,19,L 3
2003,ATL,2003-01-04,7:00p,,Detroit Pistons,L,,86,90,12,20,L 4
2003,ATL,2003-01-06,7:30p,,New Jersey Nets,L,,94,101,12,21,L 5
2003,ATL,2003-01-08,7:30p,,Dallas Mavericks,L,,99,117,12,22,L 6
2003,ATL,2003-01-10,7:30p,,Houston Rockets,W,,84,75,13,22,W 1
2003,ATL,2003-01-11,7:00p,,New Orleans Hornets,W,,87,80,14,22,W 2
2003,ATL,2003-01-14,8:00p,@,Milwaukee Bucks,L,,88,97,14,23,L 1
2003,ATL,2003-01-15,7:00p,@,Boston Celtics,L,,66,86,14,24,L 2
2003,ATL,2003-01-17,8:30p,@,San Antonio Spurs,L,,93,106,14,25,L 3
2003,ATL,2003-01-18,7:00p,,New York Knicks,L,,92,95,14,26,L 4
2003,ATL,2003-01-20,12:00p,,Chicago Bulls,L,,102,115,14,27,L 5
2003,ATL,2003-01-22,7:30p,,Portland Trail Blazers,L,2OT,110,112,14,28,L 6
2003,ATL,2003-01-24,7:30p,,Sacramento Kings,W,,115,104,15,28,W 1
2003,ATL,2003-01-25,7:30p,@,Cleveland Cavaliers,W,OT,102,101,16,28,W 2
2003,ATL,2003-01-28,7:30p,@,New York Knicks,L,,98,103,16,29,L 1
2003,ATL,2003-01-29,7:00p,@,Philadelphia 76ers,W,,97,83,17,29,W 1
2003,ATL,2003-01-31,7:30p,,Cleveland Cavaliers,W,,96,91,18,29,W 2
2003,ATL,2003-02-02,2:00p,,Orlando Magic,W,,97,89,19,29,W 3
2003,ATL,2003-02-03,7:30p,@,Miami Heat,L,,79,99,19,30,L 1
2003,ATL,2003-02-11,7:30p,,Golden State Warriors,L,,113,116,19,31,L 2
2003,ATL,2003-02-12,7:00p,@,Toronto Raptors,L,,96,97,19,32,L 3
2003,ATL,2003-02-14,7:00p,@,Indiana Pacers,L,OT,97,98,19,33,L 4
2003,ATL,2003-02-16,6:00p,,Indiana Pacers,W,,99,86,20,33,W 1
2003,ATL,2003-02-18,8:30p,@,Dallas Mavericks,L,,79,105,20,34,L 1
2003,ATL,2003-02-22,10:30p,@,Los Angeles Clippers,W,,89,87,21,34,W 1
2003,ATL,2003-02-23,9:00p,@,Golden State Warriors,L,,93,115,21,35,L 1
2003,ATL,2003-02-25,10:00p,@,Portland Trail Blazers,L,,86,89,21,36,L 2
2003,ATL,2003-02-26,10:00p,@,Seattle SuperSonics,L,,76,93,21,37,L 3
2003,ATL,2003-02-28,8:30p,@,Chicago Bulls,W,,110,88,22,37,W 1
2003,ATL,2003-03-02,3:00p,@,Milwaukee Bucks,L,,93,120,22,38,L 1
2003,ATL,2003-03-04,7:30p,,Denver Nuggets,W,,92,86,23,38,W 1
2003,ATL,2003-03-05,7:00p,@,Cleveland Cavaliers,W,,111,105,24,38,W 2
2003,ATL,2003-03-08,7:00p,,Toronto Raptors,L,,98,107,24,39,L 1
2003,ATL,2003-03-10,7:30p,,Los Angeles Clippers,W,,95,86,25,39,W 1
2003,ATL,2003-03-12,7:30p,,Milwaukee Bucks,W,,111,92,26,39,W 2
2003,ATL,2003-03-14,7:30p,,New York Knicks,W,,107,104,27,39,W 3
2003,ATL,2003-03-16,4:00p,@,Memphis Grizzlies,L,,92,124,27,40,L 1
2003,ATL,2003-03-18,8:30p,@,Chicago Bulls,L,,78,103,27,41,L 2
2003,ATL,2003-03-19,7:00p,@,Toronto Raptors,L,,86,87,27,42,L 3
2003,ATL,2003-03-21,7:00p,@,Philadelphia 76ers,W,,114,105,28,42,W 1
2003,ATL,2003-03-22,7:00p,,Indiana Pacers,W,,92,89,29,42,W 2
2003,ATL,2003-03-25,7:30p,,Los Angeles Lakers,L,,91,108,29,43,L 1
2003,ATL,2003-03-26,7:30p,@,Detroit Pistons,L,OT,99,102,29,44,L 2
2003,ATL,2003-03-29,7:00p,,Philadelphia 76ers,L,,89,110,29,45,L 3
2003,ATL,2003-04-03,7:00p,,Washington Wizards,W,,91,89,30,45,W 1
2003,ATL,2003-04-05,7:00p,,Memphis Grizzlies,W,,97,91,31,45,W 2
2003,ATL,2003-04-08,7:30p,@,New York Knicks,L,,95,99,31,46,L 1
2003,ATL,2003-04-09,7:30p,,New Jersey Nets,W,,97,92,32,46,W 1
2003,ATL,2003-04-11,7:30p,,Cleveland Cavaliers,W,,109,89,33,46,W 2
2003,ATL,2003-04-12,7:00p,@,Washington Wizards,W,,101,100,34,46,W 3
2003,ATL,2003-04-14,7:30p,,Orlando Magic,W,,100,84,35,46,W 4
2003,ATL,2003-04-16,8:30p,@,New Orleans Hornets,L,,77,92,35,47,L 1
2003,BOS,2002-10-30,7:00p,,Chicago Bulls,L,,96,99,0,1,L 1
2003,BOS,2002-10-31,7:30p,@,Washington Wizards,L,,69,114,0,2,L 2
2003,BOS,2002-11-02,7:30p,@,New York Knicks,W,,117,107,1,2,W 1
2003,BOS,2002-11-06,8:30p,@,Chicago Bulls,W,,91,69,2,2,W 2
2003,BOS,2002-11-07,7:30p,,Los Angeles Lakers,W,OT,98,95,3,2,W 3
2003,BOS,2002-11-09,8:00p,@,Minnesota Timberwolves,W,,105,99,4,2,W 4
2003,BOS,2002-11-11,7:00p,,Utah Jazz,W,,112,95,5,2,W 5
2003,BOS,2002-11-13,7:00p,,Philadelphia 76ers,W,,91,81,6,2,W 6
2003,BOS,2002-11-15,8:00p,,Dallas Mavericks,L,,86,97,6,3,L 1
2003,BOS,2002-11-16,8:30p,@,Milwaukee Bucks,L,,85,104,6,4,L 2
2003,BOS,2002-11-20,7:00p,,New Jersey Nets,W,,96,79,7,4,W 1
2003,BOS,2002-11-22,7:30p,,Atlanta Hawks,W,2OT,105,98,8,4,W 2
2003,BOS,2002-11-23,7:00p,@,Atlanta Hawks,W,,109,99,9,4,W 3
2003,BOS,2002-11-27,7:00p,,Chicago Bulls,W,,92,82,10,4,W 4
2003,BOS,2002-11-29,8:00p,,Toronto Raptors,L,,95,98,10,5,L 1
2003,BOS,2002-12-01,6:00p,,New Orleans Hornets,W,,95,86,11,5,W 1
2003,BOS,2002-12-02,7:00p,@,Orlando Magic,W,,102,97,12,5,W 2
2003,BOS,2002-12-04,7:00p,@,Philadelphia 76ers,L,,93,99,12,6,L 1
2003,BOS,2002-12-06,8:00p,,New York Knicks,W,,91,80,13,6,W 1
2003,BOS,2002-12-09,7:00p,,Orlando Magic,W,OT,114,109,14,6,W 2
2003,BOS,2002-12-11,7:00p,,Phoenix Suns,L,,94,103,14,7,L 1
2003,BOS,2002-12-13,7:30p,,Cleveland Cavaliers,W,,115,100,15,7,W 1
2003,BOS,2002-12-14,7:30p,@,New York Knicks,W,,113,90,16,7,W 2
2003,BOS,2002-12-16,8:30p,@,Chicago Bulls,L,,83,94,16,8,L 1
2003,BOS,2002-12-18,7:00p,,Miami Heat,L,,81,91,16,9,L 2
2003,BOS,2002-12-20,7:30p,,Minnesota Timberwolves,W,,108,99,17,9,W 1
2003,BOS,2002-12-21,7:30p,@,Cleveland Cavaliers,W,,89,82,18,9,W 2
2003,BOS,2002-12-25,6:00p,@,New Jersey Nets,L,,81,117,18,10,L 1
2003,BOS,2002-12-27,8:00p,@,Miami Heat,L,,70,90,18,11,L 2
2003,BOS,2002-12-28,7:00p,@,Orlando Magic,L,,95,101,18,12,L 3
2003,BOS,2002-12-31,2:00p,,Memphis Grizzlies,W,,96,89,19,12,W 1
2003,BOS,2003-01-03,8:00p,,Portland Trail Blazers,L,,103,108,19,13,L 1
2003,BOS,2003-01-06,7:00p,,Washington Wizards,L,,95,100,19,14,L 2
2003,BOS,2003-01-08,9:00p,@,New Orleans Hornets,W,,93,83,20,14,W 1
2003,BOS,2003-01-10,8:00p,@,Dallas Mavericks,L,,78,103,20,15,L 1
2003,BOS,2003-01-12,7:00p,@,San Antonio Spurs,L,,80,81,20,16,L 2
2003,BOS,2003-01-13,8:30p,@,Houston Rockets,L,,92,101,20,17,L 3
2003,BOS,2003-01-15,7:00p,,Atlanta Hawks,W,,86,66,21,17,W 1
2003,BOS,2003-01-17,7:30p,,Indiana Pacers,W,,98,93,22,17,W 2
2003,BOS,2003-01-18,8:30p,@,Milwaukee Bucks,W,,97,95,23,17,W 3
2003,BOS,2003-01-20,7:30p,@,Philadelphia 76ers,W,,100,99,24,17,W 4
2003,BOS,2003-01-22,7:00p,,Milwaukee Bucks,L,,97,106,24,18,L 1
2003,BOS,2003-01-24,7:30p,,Denver Nuggets,W,,77,58,25,18,W 1
2003,BOS,2003-01-26,1:00p,,Orlando Magic,W,,91,83,26,18,W 2
2003,BOS,2003-01-28,7:30p,@,Detroit Pistons,L,,83,86,26,19,L 1
2003,BOS,2003-01-31,7:30p,,Detroit Pistons,L,,66,118,26,20,L 2
2003,BOS,2003-02-01,7:00p,@,Indiana Pacers,L,,100,109,26,21,L 3
2003,BOS,2003-02-03,8:30p,@,New Orleans Hornets,L,,96,103,26,22,L 4
2003,BOS,2003-02-05,7:00p,,Seattle SuperSonics,W,,114,74,27,22,W 1
2003,BOS,2003-02-11,10:00p,@,Seattle SuperSonics,W,,82,76,28,22,W 2
2003,BOS,2003-02-13,10:00p,@,Portland Trail Blazers,W,,100,92,29,22,W 3
2003,BOS,2003-02-15,10:30p,@,Los Angeles Clippers,W,,92,84,30,22,W 4
2003,BOS,2003-02-16,8:00p,@,Phoenix Suns,L,,92,102,30,23,L 1
2003,BOS,2003-02-18,10:30p,@,Golden State Warriors,W,,125,117,31,23,W 1
2003,BOS,2003-02-20,10:00p,@,Sacramento Kings,L,,83,105,31,24,L 1
2003,BOS,2003-02-24,7:00p,,Houston Rockets,L,OT,95,101,31,25,L 2
2003,BOS,2003-02-26,7:00p,,Indiana Pacers,W,,71,69,32,25,W 1
2003,BOS,2003-02-28,8:00p,,Toronto Raptors,W,,90,85,33,25,W 2
2003,BOS,2003-03-02,1:30p,@,Toronto Raptors,L,,92,104,33,26,L 1
2003,BOS,2003-03-03,8:00p,@,Memphis Grizzlies,W,,111,110,34,26,W 1
2003,BOS,2003-03-05,7:00p,,New York Knicks,W,,97,95,35,26,W 2
2003,BOS,2003-03-07,8:00p,,Los Angeles Clippers,W,,83,72,36,26,W 3
2003,BOS,2003-03-09,6:00p,,San Antonio Spurs,L,,78,94,36,27,L 1
2003,BOS,2003-03-12,7:00p,,New Orleans Hornets,W,,93,65,37,27,W 1
2003,BOS,2003-03-13,7:30p,@,New Jersey Nets,L,,75,90,37,28,L 1
2003,BOS,2003-03-15,7:30p,@,Detroit Pistons,W,,81,71,38,28,W 1
2003,BOS,2003-03-18,7:00p,,New Jersey Nets,L,,74,87,38,29,L 1
2003,BOS,2003-03-19,7:00p,@,Indiana Pacers,L,,72,102,38,30,L 2
2003,BOS,2003-03-21,10:30p,@,Los Angeles Lakers,L,,96,104,38,31,L 3
2003,BOS,2003-03-22,10:00p,@,Denver Nuggets,L,,80,90,38,32,L 4
2003,BOS,2003-03-24,9:00p,@,Utah Jazz,L,,91,96,38,33,L 5
2003,BOS,2003-03-26,7:00p,,Golden State Warriors,L,,95,107,38,34,L 6
2003,BOS,2003-03-28,7:30p,,Cleveland Cavaliers,W,,104,95,39,34,W 1
2003,BOS,2003-03-29,7:30p,@,Cleveland Cavaliers,W,,110,106,40,34,W 2
2003,BOS,2003-04-02,7:00p,,Miami Heat,W,,90,62,41,34,W 3
2003,BOS,2003-04-04,8:00p,,Sacramento Kings,L,,92,93,41,35,L 1
2003,BOS,2003-04-06,1:00p,,Washington Wizards,L,OT,98,99,41,36,L 2
2003,BOS,2003-04-09,7:00p,@,Washington Wizards,W,,87,83,42,36,W 1
2003,BOS,2003-04-10,7:30p,,Philadelphia 76ers,L,,78,99,42,37,L 1
2003,BOS,2003-04-12,7:00p,@,Orlando Magic,L,,86,89,42,38,L 2
2003,BOS,2003-04-13,6:00p,@,Miami Heat,W,,94,86,43,38,W 1
2003,BOS,2003-04-16,7:00p,,Detroit Pistons,W,,99,92,44,38,W 2
2003,BOS,2003-04-19,3:00p,@,Indiana Pacers,W,,103,100,1,0,W 1
2003,BOS,2003-04-21,8:30p,@,Indiana Pacers,L,,77,89,1,1,L 1
2003,BOS,2003-04-24,6:00p,,Indiana Pacers,W,,101,83,2,1,W 1
2003,BOS,2003-04-27,12:00p,,Indiana Pacers,W,,102,92,3,1,W 2
2003,BOS,2003-04-29,9:30p,@,Indiana Pacers,L,OT,88,93,3,2,L 1
2003,BOS,2003-05-01,7:00p,,Indiana Pacers,W,,110,90,4,2,W 1
2003,BOS,2003-05-05,7:00p,@,New Jersey Nets,L,,93,97,4,3,L 1
2003,BOS,2003-05-07,7:00p,@,New Jersey Nets,L,,95,104,4,4,L 2
2003,BOS,2003-05-09,8:00p,,New Jersey Nets,L,,76,94,4,5,L 3
2003,BOS,2003-05-12,8:00p,,New Jersey Nets,L,2OT,101,110,4,6,L 4
2003,CHI,2002-10-30,7:00p,@,Boston Celtics,W,,99,96,1,0,W 1
2003,CHI,2002-11-01,8:30p,,New Orleans Hornets,W,,84,79,2,0,W 2
2003,CHI,2002-11-02,7:00p,@,Atlanta Hawks,L,,92,98,2,1,L 1
2003,CHI,2002-11-04,7:00p,@,Toronto Raptors,L,OT,105,109,2,2,L 2
2003,CHI,2002-11-06,8:30p,,Boston Celtics,L,,69,91,2,3,L 3
2003,CHI,2002-11-08,8:30p,,Dallas Mavericks,L,,87,114,2,4,L 4
2003,CHI,2002-11-09,8:30p,,New Jersey Nets,W,,100,93,3,4,W 1
2003,CHI,2002-11-13,8:00p,@,Milwaukee Bucks,L,,101,108,3,5,L 1
2003,CHI,2002-11-15,8:30p,@,New Orleans Hornets,L,,87,105,3,6,L 2
2003,CHI,2002-11-16,8:30p,,Memphis Grizzlies,W,,111,93,4,6,W 1
2003,CHI,2002-11-19,10:00p,@,Sacramento Kings,L,,98,111,4,7,L 1
2003,CHI,2002-11-20,10:30p,@,Golden State Warriors,L,,94,100,4,8,L 2
2003,CHI,2002-11-22,10:30p,@,Los Angeles Lakers,L,,73,86,4,9,L 3
2003,CHI,2002-11-23,9:00p,@,Utah Jazz,L,,90,110,4,10,L 4
2003,CHI,2002-11-27,7:00p,@,Boston Celtics,L,,82,92,4,11,L 5
2003,CHI,2002-11-30,8:30p,@,Dallas Mavericks,L,,90,103,4,12,L 6
2003,CHI,2002-12-03,8:30p,,New Orleans Hornets,L,,90,115,4,13,L 7
2003,CHI,2002-12-04,7:00p,@,Cleveland Cavaliers,L,,101,111,4,14,L 8
2003,CHI,2002-12-06,8:00p,@,Toronto Raptors,L,,89,103,4,15,L 9
2003,CHI,2002-12-07,8:30p,,Cleveland Cavaliers,W,,112,104,5,15,W 1
2003,CHI,2002-12-10,8:30p,,Orlando Magic,W,,107,87,6,15,W 2
2003,CHI,2002-12-12,7:30p,,Detroit Pistons,L,,76,86,6,16,L 1
2003,CHI,2002-12-14,8:30p,,Milwaukee Bucks,W,,97,95,7,16,W 1
2003,CHI,2002-12-16,8:30p,,Boston Celtics,W,,94,83,8,16,W 2
2003,CHI,2002-12-18,8:30p,,Toronto Raptors,W,,96,83,9,16,W 3
2003,CHI,2002-12-20,7:00p,@,Indiana Pacers,L,,86,101,9,17,L 1
2003,CHI,2002-12-21,8:30p,,Indiana Pacers,W,,110,103,10,17,W 1
2003,CHI,2002-12-23,7:30p,@,New Jersey Nets,L,,83,99,10,18,L 1
2003,CHI,2002-12-27,8:30p,,Minnesota Timberwolves,L,,100,113,10,19,L 2
2003,CHI,2002-12-28,8:30p,,San Antonio Spurs,L,,95,109,10,20,L 3
2003,CHI,2002-12-31,7:00p,,Portland Trail Blazers,W,,102,87,11,20,W 1
2003,CHI,2003-01-02,7:30p,,Washington Wizards,L,,82,107,11,21,L 1
2003,CHI,2003-01-04,8:30p,,Cleveland Cavaliers,W,,85,79,12,21,W 1
2003,CHI,2003-01-06,8:30p,,Utah Jazz,W,,113,98,13,21,W 2
2003,CHI,2003-01-08,7:00p,@,Washington Wizards,L,,98,101,13,22,L 1
2003,CHI,2003-01-10,8:30p,@,Milwaukee Bucks,L,OT,85,93,13,23,L 2
2003,CHI,2003-01-13,8:30p,,New York Knicks,W,,101,94,14,23,W 1
2003,CHI,2003-01-14,7:30p,@,New York Knicks,L,,86,98,14,24,L 1
2003,CHI,2003-01-17,8:30p,@,New Orleans Hornets,L,,83,90,14,25,L 2
2003,CHI,2003-01-18,8:00p,@,Miami Heat,L,2OT,101,102,14,26,L 3
2003,CHI,2003-01-20,12:00p,@,Atlanta Hawks,W,,115,102,15,26,W 1
2003,CHI,2003-01-22,7:00p,@,Orlando Magic,L,,91,94,15,27,L 1
2003,CHI,2003-01-24,8:00p,,Washington Wizards,W,,104,97,16,27,W 1
2003,CHI,2003-01-26,1:00p,,Houston Rockets,W,,100,98,17,27,W 2
2003,CHI,2003-01-29,10:30p,@,Los Angeles Clippers,L,,75,77,17,28,L 1
2003,CHI,2003-01-31,10:00p,@,Portland Trail Blazers,L,,94,107,17,29,L 2
2003,CHI,2003-02-01,10:00p,@,Seattle SuperSonics,L,,77,90,17,30,L 3
2003,CHI,2003-02-03,9:00p,@,Phoenix Suns,L,OT,111,115,17,31,L 4
2003,CHI,2003-02-04,9:00p,@,Denver Nuggets,L,OT,100,102,17,32,L 5
2003,CHI,2003-02-11,8:30p,,Detroit Pistons,L,,79,89,17,33,L 6
2003,CHI,2003-02-12,7:00p,@,Philadelphia 76ers,L,OT,111,119,17,34,L 7
2003,CHI,2003-02-14,7:30p,@,New Jersey Nets,L,,72,90,17,35,L 8
2003,CHI,2003-02-15,8:30p,,Denver Nuggets,W,,88,69,18,35,W 1
2003,CHI,2003-02-18,7:00p,@,Cleveland Cavaliers,W,,107,101,19,35,W 2
2003,CHI,2003-02-19,9:30p,,Philadelphia 76ers,L,,82,110,19,36,L 1
2003,CHI,2003-02-21,7:00p,@,Orlando Magic,L,,96,110,19,37,L 2
2003,CHI,2003-02-22,8:00p,@,Miami Heat,L,,90,100,19,38,L 3
2003,CHI,2003-02-24,8:30p,,Phoenix Suns,W,,90,87,20,38,W 1
2003,CHI,2003-02-26,9:00p,,Toronto Raptors,W,,103,95,21,38,W 2
2003,CHI,2003-02-28,8:30p,,Atlanta Hawks,L,,88,110,21,39,L 1
2003,CHI,2003-03-01,7:00p,@,Washington Wizards,L,,93,101,21,40,L 2
2003,CHI,2003-03-03,8:30p,,Orlando Magic,L,,89,104,21,41,L 3
2003,CHI,2003-03-06,8:30p,,Golden State Warriors,W,,119,105,22,41,W 1
2003,CHI,2003-03-08,8:30p,,Los Angeles Clippers,L,,97,103,22,42,L 1
2003,CHI,2003-03-11,8:30p,,Los Angeles Lakers,W,,116,99,23,42,W 1
2003,CHI,2003-03-12,8:00p,@,Memphis Grizzlies,L,,95,124,23,43,L 1
2003,CHI,2003-03-14,8:30p,@,Houston Rockets,L,,91,121,23,44,L 2
2003,CHI,2003-03-16,7:00p,@,San Antonio Spurs,L,,97,108,23,45,L 3
2003,CHI,2003-03-18,8:30p,,Atlanta Hawks,W,,103,78,24,45,W 1
2003,CHI,2003-03-22,8:30p,,New York Knicks,W,,100,98,25,45,W 2
2003,CHI,2003-03-23,6:00p,@,Detroit Pistons,L,,82,105,25,46,L 1
2003,CHI,2003-03-26,8:30p,,Miami Heat,W,,82,74,26,46,W 1
2003,CHI,2003-03-28,7:00p,@,Indiana Pacers,L,,89,140,26,47,L 1
2003,CHI,2003-03-29,8:30p,,Sacramento Kings,L,,92,107,26,48,L 2
2003,CHI,2003-04-01,8:30p,,Seattle SuperSonics,L,OT,94,101,26,49,L 3
2003,CHI,2003-04-02,7:00p,@,Philadelphia 76ers,L,,101,108,26,50,L 4
2003,CHI,2003-04-05,8:30p,,Milwaukee Bucks,W,OT,117,115,27,50,W 1
2003,CHI,2003-04-08,8:30p,,Indiana Pacers,W,,115,103,28,50,W 2
2003,CHI,2003-04-09,7:30p,@,Detroit Pistons,L,OT,102,111,28,51,L 1
2003,CHI,2003-04-11,8:30p,,New Jersey Nets,W,,95,86,29,51,W 1
2003,CHI,2003-04-13,3:30p,@,Minnesota Timberwolves,L,,95,119,29,52,L 1
2003,CHI,2003-04-15,8:30p,,Philadelphia 76ers,W,,115,106,30,52,W 1
2003,CLE,2002-10-29,10:00p,@,Sacramento Kings,L,,67,94,0,1,L 1
2003,CLE,2002-10-30,10:30p,@,Los Angeles Clippers,W,,98,96,1,1,W 1
2003,CLE,2002-11-01,9:00p,@,Phoenix Suns,L,,74,78,1,2,L 1
2003,CLE,2002-11-05,7:00p,,Los Angeles Lakers,W,,89,70,2,2,W 1
2003,CLE,2002-11-06,7:00p,@,Washington Wizards,L,,100,107,2,3,L 1
2003,CLE,2002-11-08,7:00p,@,Philadelphia 76ers,L,,84,108,2,4,L 2
2003,CLE,2002-11-09,7:30p,,Washington Wizards,L,,79,93,2,5,L 3
2003,CLE,2002-11-12,7:00p,@,Indiana Pacers,L,,75,95,2,6,L 4
2003,CLE,2002-11-13,7:00p,,Dallas Mavericks,L,,99,103,2,7,L 5
2003,CLE,2002-11-16,7:30p,,San Antonio Spurs,L,,77,90,2,8,L 6
2003,CLE,2002-11-18,8:30p,@,San Antonio Spurs,L,,78,104,2,9,L 7
2003,CLE,2002-11-19,8:30p,@,Houston Rockets,L,,80,97,2,10,L 8
2003,CLE,2002-11-22,7:30p,@,New Jersey Nets,L,,79,120,2,11,L 9
2003,CLE,2002-11-23,7:30p,,New Orleans Hornets,L,,84,97,2,12,L 10
2003,CLE,2002-11-26,7:00p,,Sacramento Kings,L,,85,91,2,13,L 11
2003,CLE,2002-11-27,8:00p,@,Milwaukee Bucks,L,,80,112,2,14,L 12
2003,CLE,2002-11-29,7:30p,,Philadelphia 76ers,L,,99,106,2,15,L 13
2003,CLE,2002-11-30,8:00p,@,Miami Heat,L,,79,85,2,16,L 14
2003,CLE,2002-12-02,7:30p,@,New York Knicks,L,,93,125,2,17,L 15
2003,CLE,2002-12-04,7:00p,,Chicago Bulls,W,,111,101,3,17,W 1
2003,CLE,2002-12-07,8:30p,@,Chicago Bulls,L,,104,112,3,18,L 1
2003,CLE,2002-12-09,7:00p,,Milwaukee Bucks,L,2OT,133,140,3,19,L 2
2003,CLE,2002-12-11,7:00p,,Toronto Raptors,W,,96,83,4,19,W 1
2003,CLE,2002-12-13,7:30p,@,Boston Celtics,L,,100,115,4,20,L 1
2003,CLE,2002-12-14,7:30p,,Denver Nuggets,W,,111,104,5,20,W 1
2003,CLE,2002-12-16,7:00p,,Seattle SuperSonics,L,,98,111,5,21,L 1
2003,CLE,2002-12-18,7:00p,,Detroit Pistons,L,OT,106,111,5,22,L 2
2003,CLE,2002-12-20,8:00p,@,Detroit Pistons,L,OT,107,109,5,23,L 3
2003,CLE,2002-12-21,7:30p,,Boston Celtics,L,,82,89,5,24,L 4
2003,CLE,2002-12-23,7:00p,,Miami Heat,W,,74,72,6,24,W 1
2003,CLE,2002-12-27,7:30p,,Indiana Pacers,L,,89,113,6,25,L 1
2003,CLE,2002-12-29,7:00p,,Phoenix Suns,L,,84,103,6,26,L 2
2003,CLE,2002-12-30,7:30p,@,New Jersey Nets,L,,88,102,6,27,L 3
2003,CLE,2003-01-03,7:00p,@,Toronto Raptors,W,,81,80,7,27,W 1
2003,CLE,2003-01-04,8:30p,@,Chicago Bulls,L,,79,85,7,28,L 1
2003,CLE,2003-01-06,7:00p,,Milwaukee Bucks,L,,94,106,7,29,L 2
2003,CLE,2003-01-10,10:30p,@,Los Angeles Lakers,L,,99,115,7,30,L 3
2003,CLE,2003-01-12,9:00p,@,Seattle SuperSonics,W,,87,79,8,30,W 1
2003,CLE,2003-01-13,10:00p,@,Portland Trail Blazers,L,,94,118,8,31,L 1
2003,CLE,2003-01-15,10:30p,@,Golden State Warriors,L,,80,108,8,32,L 2
2003,CLE,2003-01-17,9:00p,@,Denver Nuggets,L,,80,97,8,33,L 3
2003,CLE,2003-01-18,9:00p,@,Utah Jazz,L,,78,95,8,34,L 4
2003,CLE,2003-01-21,7:00p,,Orlando Magic,L,,94,103,8,35,L 5
2003,CLE,2003-01-25,7:30p,,Atlanta Hawks,L,OT,101,102,8,36,L 6
2003,CLE,2003-01-27,7:00p,,Los Angeles Clippers,W,,104,100,9,36,W 1
2003,CLE,2003-01-29,7:00p,@,Orlando Magic,L,,108,113,9,37,L 1
2003,CLE,2003-01-31,7:30p,@,Atlanta Hawks,L,,91,96,9,38,L 2
2003,CLE,2003-02-02,1:00p,,Portland Trail Blazers,L,,95,114,9,39,L 3
2003,CLE,2003-02-04,7:00p,@,Washington Wizards,L,,84,93,9,40,L 4
2003,CLE,2003-02-05,7:00p,,Houston Rockets,W,,105,102,10,40,W 1
2003,CLE,2003-02-11,7:00p,@,Indiana Pacers,L,,96,107,10,41,L 1
2003,CLE,2003-02-12,7:00p,,Minnesota Timberwolves,L,,91,102,10,42,L 2
2003,CLE,2003-02-16,7:00p,,Detroit Pistons,L,,75,90,10,43,L 3
2003,CLE,2003-02-18,7:00p,,Chicago Bulls,L,,101,107,10,44,L 4
2003,CLE,2003-02-21,7:30p,,Philadelphia 76ers,L,,99,119,10,45,L 5
2003,CLE,2003-02-23,6:00p,@,Philadelphia 76ers,L,,103,116,10,46,L 6
2003,CLE,2003-02-25,7:00p,,New Jersey Nets,W,,93,90,11,46,W 1
2003,CLE,2003-02-28,8:00p,@,Minnesota Timberwolves,L,,95,118,11,47,L 1
2003,CLE,2003-03-02,1:00p,,Orlando Magic,L,,76,102,11,48,L 2
2003,CLE,2003-03-04,7:30p,@,New York Knicks,L,,80,89,11,49,L 3
2003,CLE,2003-03-05,7:00p,,Atlanta Hawks,L,,105,111,11,50,L 4
2003,CLE,2003-03-07,8:30p,@,New Orleans Hornets,L,,76,102,11,51,L 5
2003,CLE,2003-03-08,7:30p,,Memphis Grizzlies,L,,89,115,11,52,L 6
2003,CLE,2003-03-11,7:00p,,Miami Heat,L,,75,77,11,53,L 7
2003,CLE,2003-03-16,1:00p,,Utah Jazz,W,,122,95,12,53,W 1
2003,CLE,2003-03-18,8:30p,@,Dallas Mavericks,L,,93,114,12,54,L 1
2003,CLE,2003-03-19,8:00p,@,Memphis Grizzlies,L,,101,128,12,55,L 2
2003,CLE,2003-03-21,7:00p,@,Orlando Magic,L,,85,109,12,56,L 3
2003,CLE,2003-03-23,7:00p,,New Jersey Nets,W,,93,88,13,56,W 1
2003,CLE,2003-03-25,7:00p,,Golden State Warriors,W,,124,103,14,56,W 2
2003,CLE,2003-03-26,7:00p,@,Toronto Raptors,L,,83,89,14,57,L 1
2003,CLE,2003-03-28,7:30p,@,Boston Celtics,L,,95,104,14,58,L 2
2003,CLE,2003-03-29,7:30p,,Boston Celtics,L,,106,110,14,59,L 3
2003,CLE,2003-04-02,7:00p,,Indiana Pacers,L,,82,103,14,60,L 4
2003,CLE,2003-04-04,8:30p,@,Milwaukee Bucks,L,,93,95,14,61,L 5
2003,CLE,2003-04-05,7:30p,,New Orleans Hornets,W,,79,76,15,61,W 1
2003,CLE,2003-04-08,7:00p,,Washington Wizards,L,,91,100,15,62,L 1
2003,CLE,2003-04-09,8:30p,@,New Orleans Hornets,L,,81,100,15,63,L 2
2003,CLE,2003-04-11,7:30p,@,Atlanta Hawks,L,,89,109,15,64,L 3
2003,CLE,2003-04-12,7:30p,,New York Knicks,W,OT,104,99,16,64,W 1
2003,CLE,2003-04-14,7:30p,@,Detroit Pistons,L,,88,89,16,65,L 1
2003,CLE,2003-04-16,7:00p,,Toronto Raptors,W,,96,86,17,65,W 1
2003,DAL,2002-10-30,8:00p,@,Memphis Grizzlies,W,,119,108,1,0,W 1
2003,DAL,2002-11-02,8:30p,,Phoenix Suns,W,,97,83,2,0,W 2
2003,DAL,2002-11-04,8:30p,,Golden State Warriors,W,,107,100,3,0,W 3
2003,DAL,2002-11-06,7:00p,@,Toronto Raptors,W,,106,92,4,0,W 4
2003,DAL,2002-11-08,8:30p,@,Chicago Bulls,W,,114,87,5,0,W 5
2003,DAL,2002-11-09,8:30p,,Detroit Pistons,W,,114,75,6,0,W 6
2003,DAL,2002-11-11,8:30p,,Portland Trail Blazers,W,,82,73,7,0,W 7
2003,DAL,2002-11-13,7:00p,@,Cleveland Cavaliers,W,,103,99,8,0,W 8
2003,DAL,2002-11-15,8:00p,@,Boston Celtics,W,,97,86,9,0,W 9
2003,DAL,2002-11-16,7:30p,@,New Jersey Nets,W,,96,88,10,0,W 10
2003,DAL,2002-11-19,8:30p,,Los Angeles Lakers,W,,98,72,11,0,W 11
2003,DAL,2002-11-21,7:30p,,Houston Rockets,W,,103,90,12,0,W 12
2003,DAL,2002-11-23,8:30p,,Seattle SuperSonics,W,,115,105,13,0,W 13
2003,DAL,2002-11-27,7:30p,@,Detroit Pistons,W,,102,82,14,0,W 14
2003,DAL,2002-11-28,7:30p,@,Indiana Pacers,L,,98,110,14,1,L 1
2003,DAL,2002-11-30,8:30p,,Chicago Bulls,W,,103,90,15,1,W 1
2003,DAL,2002-12-02,8:30p,,Toronto Raptors,W,,113,102,16,1,W 2
2003,DAL,2002-12-04,10:00p,@,Portland Trail Blazers,W,,103,88,17,1,W 3
2003,DAL,2002-12-06,10:30p,@,Los Angeles Lakers,L,,103,105,17,2,L 1
2003,DAL,2002-12-07,10:30p,@,Golden State Warriors,W,,121,116,18,2,W 1
2003,DAL,2002-12-10,8:30p,,Los Angeles Clippers,W,,122,95,19,2,W 2
2003,DAL,2002-12-11,9:30p,@,San Antonio Spurs,L,,104,111,19,3,L 1
2003,DAL,2002-12-14,8:30p,,Memphis Grizzlies,W,,104,87,20,3,W 1
2003,DAL,2002-12-17,8:30p,,Indiana Pacers,W,,118,97,21,3,W 2
2003,DAL,2002-12-18,9:00p,@,Denver Nuggets,W,,80,75,22,3,W 3
2003,DAL,2002-12-20,8:30p,,Utah Jazz,L,,81,93,22,4,L 1
2003,DAL,2002-12-23,8:30p,,Washington Wizards,W,,92,86,23,4,W 1
2003,DAL,2002-12-26,8:30p,@,New Orleans Hornets,W,,83,81,24,4,W 2
2003,DAL,2002-12-28,8:30p,,New York Knicks,W,,107,82,25,4,W 3
2003,DAL,2002-12-30,8:30p,,Milwaukee Bucks,L,,107,110,25,5,L 1
2003,DAL,2003-01-02,8:30p,,Los Angeles Clippers,W,,102,92,26,5,W 1
2003,DAL,2003-01-04,1:30p,,Philadelphia 76ers,W,,102,83,27,5,W 2
2003,DAL,2003-01-06,8:30p,,Denver Nuggets,W,,86,71,28,5,W 3
2003,DAL,2003-01-08,7:30p,@,Atlanta Hawks,W,,117,99,29,5,W 4
2003,DAL,2003-01-10,8:00p,,Boston Celtics,W,,103,78,30,5,W 5
2003,DAL,2003-01-12,3:30p,@,Los Angeles Clippers,W,,96,90,31,5,W 6
2003,DAL,2003-01-15,9:00p,@,Sacramento Kings,L,,94,123,31,6,L 1
2003,DAL,2003-01-17,9:00p,@,Phoenix Suns,L,,106,111,31,7,L 2
2003,DAL,2003-01-19,9:00p,@,Seattle SuperSonics,L,,81,85,31,8,L 3
2003,DAL,2003-01-21,8:30p,,Houston Rockets,W,,107,86,32,8,W 1
2003,DAL,2003-01-23,7:30p,@,Philadelphia 76ers,W,,107,94,33,8,W 2
2003,DAL,2003-01-24,7:30p,@,New York Knicks,W,,101,90,34,8,W 3
2003,DAL,2003-01-26,2:00p,,Portland Trail Blazers,L,,93,100,34,9,L 1
2003,DAL,2003-01-29,9:00p,@,Houston Rockets,W,,104,81,35,9,W 1
2003,DAL,2003-01-30,7:30p,,Minnesota Timberwolves,W,,112,109,36,9,W 2
2003,DAL,2003-02-01,8:30p,,Denver Nuggets,W,,122,100,37,9,W 3
2003,DAL,2003-02-03,9:00p,@,Utah Jazz,W,,92,90,38,9,W 4
2003,DAL,2003-02-04,8:30p,,Sacramento Kings,L,,109,110,38,10,L 1
2003,DAL,2003-02-11,8:00p,@,Minnesota Timberwolves,L,,98,100,38,11,L 2
2003,DAL,2003-02-12,9:00p,@,Milwaukee Bucks,L,,114,120,38,12,L 3
2003,DAL,2003-02-14,8:00p,@,Memphis Grizzlies,W,,110,103,39,12,W 1
2003,DAL,2003-02-15,8:30p,,Miami Heat,W,,98,92,40,12,W 2
2003,DAL,2003-02-18,8:30p,,Atlanta Hawks,W,,105,79,41,12,W 3
2003,DAL,2003-02-20,8:30p,,San Antonio Spurs,W,,95,87,42,12,W 4
2003,DAL,2003-02-21,8:00p,@,Houston Rockets,W,,100,85,43,12,W 5
2003,DAL,2003-02-23,12:30p,@,Washington Wizards,W,OT,106,101,44,12,W 6
2003,DAL,2003-02-25,7:00p,@,Orlando Magic,L,,93,98,44,13,L 1
2003,DAL,2003-02-27,9:30p,,Sacramento Kings,L,OT,124,126,44,14,L 2
2003,DAL,2003-03-01,8:30p,,Memphis Grizzlies,W,,114,87,45,14,W 1
2003,DAL,2003-03-04,8:30p,,New Jersey Nets,W,,88,79,46,14,W 2
2003,DAL,2003-03-07,8:00p,@,Miami Heat,W,,91,89,47,14,W 3
2003,DAL,2003-03-08,8:30p,,Utah Jazz,W,,101,77,48,14,W 4
2003,DAL,2003-03-10,8:30p,,Minnesota Timberwolves,L,,83,92,48,15,L 1
2003,DAL,2003-03-13,10:00p,@,Seattle SuperSonics,L,,100,107,48,16,L 2
2003,DAL,2003-03-14,10:30p,@,Golden State Warriors,W,,116,114,49,16,W 1
2003,DAL,2003-03-16,3:30p,@,Sacramento Kings,W,OT,129,123,50,16,W 2
2003,DAL,2003-03-18,8:30p,,Cleveland Cavaliers,W,,114,93,51,16,W 3
2003,DAL,2003-03-20,8:30p,,San Antonio Spurs,L,OT,110,112,51,17,L 1
2003,DAL,2003-03-22,8:30p,,Phoenix Suns,W,,102,95,52,17,W 1
2003,DAL,2003-03-24,9:00p,@,Denver Nuggets,W,,108,96,53,17,W 2
2003,DAL,2003-03-26,10:30p,@,Los Angeles Clippers,W,,114,107,54,17,W 3
2003,DAL,2003-03-28,10:30p,@,Portland Trail Blazers,L,,95,112,54,18,L 1
2003,DAL,2003-03-30,1:30p,@,Minnesota Timberwolves,W,,119,95,55,18,W 1
2003,DAL,2003-04-01,8:30p,,New Orleans Hornets,W,,95,86,56,18,W 2
2003,DAL,2003-04-03,9:30p,,Los Angeles Lakers,L,,89,100,56,19,L 1
2003,DAL,2003-04-05,8:30p,,Orlando Magic,W,,108,90,57,19,W 1
2003,DAL,2003-04-08,10:30p,@,Los Angeles Lakers,L,,99,108,57,20,L 1
2003,DAL,2003-04-09,10:00p,@,Phoenix Suns,L,,89,112,57,21,L 2
2003,DAL,2003-04-11,9:00p,@,Utah Jazz,L,,92,95,57,22,L 3
2003,DAL,2003-04-12,8:30p,,Golden State Warriors,W,,117,108,58,22,W 1
2003,DAL,2003-04-14,8:30p,,Seattle SuperSonics,W,,109,106,59,22,W 2
2003,DAL,2003-04-16,8:30p,@,San Antonio Spurs,W,,93,72,60,22,W 3
2003,DAL,2003-04-19,8:00p,,Portland Trail Blazers,W,,96,86,1,0,W 1
2003,DAL,2003-04-23,9:30p,,Portland Trail Blazers,W,,103,99,2,0,W 2
2003,DAL,2003-04-25,10:30p,@,Portland Trail Blazers,W,,115,103,3,0,W 3
2003,DAL,2003-04-27,8:00p,@,Portland Trail Blazers,L,,79,98,3,1,L 1
2003,DAL,2003-04-30,8:30p,,Portland Trail Blazers,L,,99,103,3,2,L 2
2003,DAL,2003-05-02,10:30p,@,Portland Trail Blazers,L,,103,125,3,3,L 3
2003,DAL,2003-05-04,3:30p,,Portland Trail Blazers,W,,107,95,4,3,W 1
2003,DAL,2003-05-06,9:00p,,Sacramento Kings,L,,113,124,4,4,L 1
2003,DAL,2003-05-08,9:30p,,Sacramento Kings,W,,132,110,5,4,W 1
2003,DAL,2003-05-10,9:30p,@,Sacramento Kings,W,2OT,141,137,6,4,W 2
2003,DAL,2003-05-11,10:30p,@,Sacramento Kings,L,,83,99,6,5,L 1
2003,DAL,2003-05-13,7:00p,,Sacramento Kings,W,,112,93,7,5,W 1
2003,DAL,2003-05-15,10:30p,@,Sacramento Kings,L,,109,115,7,6,L 1
2003,DAL,2003-05-17,8:00p,,Sacramento Kings,W,,112,99,8,6,W 1
2003,DAL,2003-05-19,9:30p,@,San Antonio Spurs,W,,113,110,9,6,W 2
2003,DAL,2003-05-21,8:30p,@,San Antonio Spurs,L,,106,119,9,7,L 1
2003,DAL,2003-05-23,9:00p,,San Antonio Spurs,L,,83,96,9,8,L 2
2003,DAL,2003-05-25,8:30p,,San Antonio Spurs,L,,95,102,9,9,L 3
2003,DAL,2003-05-27,9:00p,@,San Antonio Spurs,W,,103,91,10,9,W 1
2003,DAL,2003-05-29,9:00p,,San Antonio Spurs,L,,78,90,10,10,L 1
2003,DEN,2002-10-30,8:00p,@,Minnesota Timberwolves,L,,77,83,0,1,L 1
2003,DEN,2002-11-01,9:00p,,Houston Rockets,L,,74,83,0,2,L 2
2003,DEN,2002-11-02,10:00p,@,Portland Trail Blazers,W,,96,79,1,2,W 1
2003,DEN,2002-11-05,9:00p,,Atlanta Hawks,L,,87,103,1,3,L 1
2003,DEN,2002-11-07,10:00p,,Detroit Pistons,L,,63,89,1,4,L 2
2003,DEN,2002-11-09,9:00p,,Memphis Grizzlies,W,,84,73,2,4,W 1
2003,DEN,2002-11-13,9:00p,,Phoenix Suns,L,,72,75,2,5,L 1
2003,DEN,2002-11-15,7:00p,@,Toronto Raptors,L,,79,84,2,6,L 2
2003,DEN,2002-11-16,7:30p,@,Detroit Pistons,L,,53,74,2,7,L 3
2003,DEN,2002-11-18,7:30p,@,New Jersey Nets,L,,79,99,2,8,L 4
2003,DEN,2002-11-20,9:00p,,Utah Jazz,L,,79,96,2,9,L 5
2003,DEN,2002-11-22,10:30p,,Los Angeles Clippers,W,,72,70,3,9,W 1
2003,DEN,2002-11-23,9:00p,@,Phoenix Suns,W,,80,79,4,9,W 2
2003,DEN,2002-11-26,9:00p,,San Antonio Spurs,W,,85,81,5,9,W 3
2003,DEN,2002-11-27,8:30p,@,San Antonio Spurs,L,,68,99,5,10,L 1
2003,DEN,2002-11-29,9:00p,,Golden State Warriors,L,,82,92,5,11,L 2
2003,DEN,2002-12-03,10:30p,@,Golden State Warriors,L,,89,110,5,12,L 3
2003,DEN,2002-12-04,9:00p,,Sacramento Kings,L,,90,92,5,13,L 4
2003,DEN,2002-12-06,10:00p,@,Sacramento Kings,L,,77,98,5,14,L 5
2003,DEN,2002-12-07,9:00p,,Indiana Pacers,W,,92,81,6,14,W 1
2003,DEN,2002-12-09,9:00p,,Minnesota Timberwolves,L,,84,92,6,15,L 1
2003,DEN,2002-12-11,8:00p,@,Memphis Grizzlies,L,,93,96,6,16,L 2
2003,DEN,2002-12-13,7:00p,@,Indiana Pacers,L,,72,94,6,17,L 3
2003,DEN,2002-12-14,7:30p,@,Cleveland Cavaliers,L,,104,111,6,18,L 4
2003,DEN,2002-12-16,7:00p,@,Philadelphia 76ers,L,,71,93,6,19,L 5
2003,DEN,2002-12-18,9:00p,,Dallas Mavericks,L,,75,80,6,20,L 6
2003,DEN,2002-12-20,9:00p,,Orlando Magic,L,,80,89,6,21,L 7
2003,DEN,2002-12-21,10:30p,@,Los Angeles Clippers,L,,89,92,6,22,L 8
2003,DEN,2002-12-28,9:00p,,Los Angeles Lakers,L,,93,112,6,23,L 9
2003,DEN,2002-12-30,9:00p,,Seattle SuperSonics,L,,77,79,6,24,L 10
2003,DEN,2003-01-03,10:30p,@,Seattle SuperSonics,W,,94,82,7,24,W 1
2003,DEN,2003-01-04,9:00p,,Sacramento Kings,L,,76,87,7,25,L 1
2003,DEN,2003-01-06,8:30p,@,Dallas Mavericks,L,,71,86,7,26,L 2
2003,DEN,2003-01-08,9:00p,,Miami Heat,W,,86,76,8,26,W 1
2003,DEN,2003-01-10,9:00p,,Portland Trail Blazers,W,,82,81,9,26,W 2
2003,DEN,2003-01-11,8:30p,@,Houston Rockets,L,,85,87,9,27,L 1
2003,DEN,2003-01-13,8:00p,@,Minnesota Timberwolves,L,,75,89,9,28,L 2
2003,DEN,2003-01-15,9:00p,,Utah Jazz,L,,81,92,9,29,L 3
2003,DEN,2003-01-17,9:00p,,Cleveland Cavaliers,W,,97,80,10,29,W 1
2003,DEN,2003-01-20,1:00p,@,Washington Wizards,L,,74,89,10,30,L 1
2003,DEN,2003-01-22,7:30p,@,New York Knicks,L,,88,97,10,31,L 2
2003,DEN,2003-01-24,7:30p,@,Boston Celtics,L,,58,77,10,32,L 3
2003,DEN,2003-01-25,8:30p,@,Milwaukee Bucks,L,,75,88,10,33,L 4
2003,DEN,2003-01-27,9:00p,,New Jersey Nets,L,,66,92,10,34,L 5
2003,DEN,2003-01-28,10:00p,@,Portland Trail Blazers,L,,92,98,10,35,L 6
2003,DEN,2003-02-01,8:30p,@,Dallas Mavericks,L,,100,122,10,36,L 7
2003,DEN,2003-02-02,9:30p,,Memphis Grizzlies,W,,93,78,11,36,W 1
2003,DEN,2003-02-04,9:00p,,Chicago Bulls,W,OT,102,100,12,36,W 2
2003,DEN,2003-02-06,10:00p,,San Antonio Spurs,L,,74,83,12,37,L 1
2003,DEN,2003-02-11,10:30p,@,Los Angeles Lakers,L,,93,121,12,38,L 2
2003,DEN,2003-02-12,9:00p,,Los Angeles Lakers,L,,102,113,12,39,L 3
2003,DEN,2003-02-15,8:30p,@,Chicago Bulls,L,,69,88,12,40,L 4
2003,DEN,2003-02-16,7:00p,@,New Orleans Hornets,L,,92,100,12,41,L 5
2003,DEN,2003-02-18,8:30p,@,San Antonio Spurs,L,,76,101,12,42,L 6
2003,DEN,2003-02-19,9:00p,,Minnesota Timberwolves,L,,77,85,12,43,L 7
2003,DEN,2003-02-22,9:00p,@,Utah Jazz,L,,89,99,12,44,L 8
2003,DEN,2003-02-24,9:00p,,Golden State Warriors,L,,89,94,12,45,L 9
2003,DEN,2003-02-26,9:00p,,Portland Trail Blazers,L,,84,94,12,46,L 10
2003,DEN,2003-02-28,9:00p,,New Orleans Hornets,L,,88,94,12,47,L 11
2003,DEN,2003-03-02,9:00p,,Philadelphia 76ers,L,,94,100,12,48,L 12
2003,DEN,2003-03-04,7:30p,@,Atlanta Hawks,L,,86,92,12,49,L 13
2003,DEN,2003-03-05,8:00p,@,Memphis Grizzlies,L,,86,96,12,50,L 14
2003,DEN,2003-03-08,8:00p,@,Miami Heat,W,,98,92,13,50,W 1
2003,DEN,2003-03-09,6:00p,@,Orlando Magic,L,,98,111,13,51,L 1
2003,DEN,2003-03-11,9:00p,,Toronto Raptors,W,,95,87,14,51,W 1
2003,DEN,2003-03-16,9:00p,,Seattle SuperSonics,L,,84,92,14,52,L 1
2003,DEN,2003-03-18,9:00p,@,Utah Jazz,L,,81,99,14,53,L 2
2003,DEN,2003-03-19,10:30p,@,Los Angeles Clippers,L,,78,91,14,54,L 3
2003,DEN,2003-03-21,10:00p,@,Seattle SuperSonics,L,OT,99,101,14,55,L 4
2003,DEN,2003-03-22,10:00p,,Boston Celtics,W,,90,80,15,55,W 1
2003,DEN,2003-03-24,9:00p,,Dallas Mavericks,L,,96,108,15,56,L 1
2003,DEN,2003-03-26,9:00p,,Milwaukee Bucks,W,,108,103,16,56,W 1
2003,DEN,2003-03-29,8:30p,@,Houston Rockets,L,,89,102,16,57,L 1
2003,DEN,2003-03-30,9:00p,,Washington Wizards,W,,88,72,17,57,W 1
2003,DEN,2003-04-01,9:00p,@,Phoenix Suns,L,,65,95,17,58,L 1
2003,DEN,2003-04-02,10:30p,,New York Knicks,L,,75,83,17,59,L 2
2003,DEN,2003-04-06,6:30p,@,Golden State Warriors,L,,99,106,17,60,L 3
2003,DEN,2003-04-08,9:00p,,Phoenix Suns,L,,78,98,17,61,L 4
2003,DEN,2003-04-11,10:30p,@,Sacramento Kings,L,,103,105,17,62,L 5
2003,DEN,2003-04-12,9:30p,,Los Angeles Clippers,L,,79,101,17,63,L 6
2003,DEN,2003-04-15,10:30p,@,Los Angeles Lakers,L,,104,126,17,64,L 7
2003,DEN,2003-04-16,9:00p,,Houston Rockets,L,,84,89,17,65,L 8
2003,DET,2002-10-30,8:00p,,New York Knicks,W,,86,77,1,0,W 1
2003,DET,2002-11-01,8:00p,,Memphis Grizzlies,W,,109,86,2,0,W 2
2003,DET,2002-11-03,3:30p,@,Los Angeles Clippers,L,,72,74,2,1,L 1
2003,DET,2002-11-04,9:00p,@,Phoenix Suns,W,,84,82,3,1,W 1
2003,DET,2002-11-06,9:00p,@,Utah Jazz,W,,80,78,4,1,W 2
2003,DET,2002-11-07,10:00p,@,Denver Nuggets,W,,89,63,5,1,W 3
2003,DET,2002-11-09,8:30p,@,Dallas Mavericks,L,,75,114,5,2,L 1
2003,DET,2002-11-12,7:30p,,New Orleans Hornets,W,,93,87,6,2,W 1
2003,DET,2002-11-15,8:00p,,Utah Jazz,W,,86,75,7,2,W 2
2003,DET,2002-11-16,7:30p,,Denver Nuggets,W,,74,53,8,2,W 3
2003,DET,2002-11-18,7:30p,@,New York Knicks,L,,91,94,8,3,L 1
2003,DET,2002-11-20,7:30p,,Miami Heat,W,,79,68,9,3,W 1
2003,DET,2002-11-22,8:00p,@,Miami Heat,W,,75,72,10,3,W 2
2003,DET,2002-11-23,7:00p,@,Indiana Pacers,W,,106,91,11,3,W 3
2003,DET,2002-11-27,7:30p,,Dallas Mavericks,L,,82,102,11,4,L 1
2003,DET,2002-11-29,8:00p,,Milwaukee Bucks,W,,96,91,12,4,W 1
2003,DET,2002-11-30,9:00p,@,Milwaukee Bucks,L,,86,109,12,5,L 1
2003,DET,2002-12-04,7:30p,,Washington Wizards,L,,83,88,12,6,L 2
2003,DET,2002-12-07,2:00p,@,Atlanta Hawks,L,,92,94,12,7,L 3
2003,DET,2002-12-11,7:30p,,Atlanta Hawks,W,,91,80,13,7,W 1
2003,DET,2002-12-12,7:30p,@,Chicago Bulls,W,,86,76,14,7,W 2
2003,DET,2002-12-14,7:30p,,Seattle SuperSonics,W,,91,78,15,7,W 3
2003,DET,2002-12-15,6:00p,,New Jersey Nets,W,,101,91,16,7,W 4
2003,DET,2002-12-18,7:00p,@,Cleveland Cavaliers,W,OT,111,106,17,7,W 5
2003,DET,2002-12-20,8:00p,,Cleveland Cavaliers,W,OT,109,107,18,7,W 6
2003,DET,2002-12-21,8:00p,@,New Jersey Nets,L,,92,100,18,8,L 1
2003,DET,2002-12-25,2:00p,@,Orlando Magic,L,,99,104,18,9,L 2
2003,DET,2002-12-26,7:30p,@,Washington Wizards,W,,87,82,19,9,W 1
2003,DET,2002-12-28,7:30p,,Minnesota Timberwolves,W,,106,82,20,9,W 2
2003,DET,2002-12-30,7:30p,,Portland Trail Blazers,L,,74,85,20,10,L 1
2003,DET,2003-01-04,7:00p,@,Atlanta Hawks,W,,90,86,21,10,W 1
2003,DET,2003-01-06,7:30p,,Toronto Raptors,W,,82,74,22,10,W 2
2003,DET,2003-01-08,7:00p,@,Philadelphia 76ers,W,OT,103,94,23,10,W 3
2003,DET,2003-01-10,8:30p,@,New Orleans Hornets,W,OT,101,99,24,10,W 4
2003,DET,2003-01-11,7:30p,,Milwaukee Bucks,L,,87,89,24,11,L 1
2003,DET,2003-01-13,7:00p,@,Orlando Magic,W,,101,86,25,11,W 1
2003,DET,2003-01-14,7:30p,@,Miami Heat,L,,85,88,25,12,L 1
2003,DET,2003-01-17,8:00p,,New York Knicks,W,,99,82,26,12,W 1
2003,DET,2003-01-18,7:00p,@,Indiana Pacers,L,,86,88,26,13,L 1
2003,DET,2003-01-20,3:00p,,Indiana Pacers,W,,88,78,27,13,W 1
2003,DET,2003-01-22,7:30p,,Philadelphia 76ers,L,,83,92,27,14,L 1
2003,DET,2003-01-24,8:30p,@,Houston Rockets,W,,98,74,28,14,W 1
2003,DET,2003-01-25,8:30p,@,San Antonio Spurs,L,,76,108,28,15,L 1
2003,DET,2003-01-28,7:30p,,Boston Celtics,W,,86,83,29,15,W 1
2003,DET,2003-01-31,7:30p,@,Boston Celtics,W,,118,66,30,15,W 2
2003,DET,2003-02-01,7:30p,,New Jersey Nets,W,,106,84,31,15,W 3
2003,DET,2003-02-05,7:30p,,Los Angeles Clippers,W,,89,80,32,15,W 4
2003,DET,2003-02-11,8:30p,@,Chicago Bulls,W,,89,79,33,15,W 5
2003,DET,2003-02-13,7:30p,,Orlando Magic,W,,98,88,34,15,W 6
2003,DET,2003-02-14,8:30p,@,Milwaukee Bucks,L,,86,96,34,16,L 1
2003,DET,2003-02-16,7:00p,@,Cleveland Cavaliers,W,,90,75,35,16,W 1
2003,DET,2003-02-17,7:30p,,Miami Heat,W,,93,62,36,16,W 2
2003,DET,2003-02-19,7:00p,@,Toronto Raptors,W,,89,84,37,16,W 3
2003,DET,2003-02-21,8:00p,@,Minnesota Timberwolves,L,,96,103,37,17,L 1
2003,DET,2003-02-22,7:30p,,New Orleans Hornets,L,,91,93,37,18,L 2
2003,DET,2003-02-24,10:00p,@,Seattle SuperSonics,L,,79,86,37,19,L 3
2003,DET,2003-02-25,10:00p,@,Sacramento Kings,L,,75,81,37,20,L 4
2003,DET,2003-02-27,10:00p,@,Los Angeles Lakers,L,,85,95,37,21,L 5
2003,DET,2003-03-01,10:30p,@,Golden State Warriors,L,,90,92,37,22,L 6
2003,DET,2003-03-02,9:00p,@,Portland Trail Blazers,L,,86,103,37,23,L 7
2003,DET,2003-03-04,7:30p,,Houston Rockets,W,,96,83,38,23,W 1
2003,DET,2003-03-09,6:00p,,Golden State Warriors,W,,107,105,39,23,W 2
2003,DET,2003-03-12,7:30p,,Los Angeles Lakers,W,,111,88,40,23,W 3
2003,DET,2003-03-14,8:00p,,Washington Wizards,W,,90,80,41,23,W 4
2003,DET,2003-03-15,7:30p,,Boston Celtics,L,,71,81,41,24,L 1
2003,DET,2003-03-18,7:00p,@,Washington Wizards,W,OT,94,90,42,24,W 1
2003,DET,2003-03-20,7:30p,,Philadelphia 76ers,W,,113,85,43,24,W 2
2003,DET,2003-03-21,8:00p,@,New York Knicks,L,,93,97,43,25,L 1
2003,DET,2003-03-23,6:00p,,Chicago Bulls,W,,105,82,44,25,W 1
2003,DET,2003-03-26,7:30p,,Atlanta Hawks,W,OT,102,99,45,25,W 2
2003,DET,2003-03-28,8:00p,,Phoenix Suns,L,,91,94,45,26,L 1
2003,DET,2003-03-30,6:00p,,Sacramento Kings,W,,99,88,46,26,W 1
2003,DET,2003-04-01,7:00p,@,Toronto Raptors,W,,92,85,47,26,W 2
2003,DET,2003-04-02,7:30p,,Toronto Raptors,L,,78,89,47,27,L 1
2003,DET,2003-04-04,8:00p,,Indiana Pacers,L,,92,98,47,28,L 2
2003,DET,2003-04-06,6:00p,,San Antonio Spurs,L,,83,89,47,29,L 3
2003,DET,2003-04-08,7:00p,@,Philadelphia 76ers,L,,74,91,47,30,L 4
2003,DET,2003-04-09,7:30p,,Chicago Bulls,W,OT,111,102,48,30,W 1
2003,DET,2003-04-11,8:30p,@,New Orleans Hornets,L,,89,93,48,31,L 1
2003,DET,2003-04-13,4:00p,@,Memphis Grizzlies,W,2OT,110,107,49,31,W 1
2003,DET,2003-04-14,7:30p,,Cleveland Cavaliers,W,,89,88,50,31,W 2
2003,DET,2003-04-16,7:00p,@,Boston Celtics,L,,92,99,50,32,L 1
2003,DET,2003-04-20,12:30p,,Orlando Magic,L,,94,99,0,1,L 1
2003,DET,2003-04-23,8:00p,,Orlando Magic,W,,89,77,1,1,W 1
2003,DET,2003-04-25,8:00p,@,Orlando Magic,L,,80,89,1,2,L 1
2003,DET,2003-04-27,5:30p,@,Orlando Magic,L,,92,100,1,3,L 2
2003,DET,2003-04-30,8:00p,,Orlando Magic,W,,98,67,2,3,W 1
2003,DET,2003-05-02,7:00p,@,Orlando Magic,W,,103,88,3,3,W 2
2003,DET,2003-05-04,12:30p,,Orlando Magic,W,,108,93,4,3,W 3
2003,DET,2003-05-06,8:00p,,Philadelphia 76ers,W,,98,87,5,3,W 4
2003,DET,2003-05-08,7:00p,,Philadelphia 76ers,W,OT,104,97,6,3,W 5
2003,DET,2003-05-10,7:00p,@,Philadelphia 76ers,L,,83,93,6,4,L 1
2003,DET,2003-05-11,8:00p,@,Philadelphia 76ers,L,,82,95,6,5,L 2
2003,DET,2003-05-14,8:00p,,Philadelphia 76ers,W,,78,77,7,5,W 1
2003,DET,2003-05-16,7:30p,@,Philadelphia 76ers,W,OT,93,89,8,5,W 2
2003,DET,2003-05-18,1:30p,,New Jersey Nets,L,,74,76,8,6,L 1
2003,DET,2003-05-20,8:00p,,New Jersey Nets,L,,86,88,8,7,L 2
2003,DET,2003-05-22,8:30p,@,New Jersey Nets,L,,85,97,8,8,L 3
2003,DET,2003-05-24,8:00p,@,New Jersey Nets,L,,82,102,8,9,L 4
2003,GSW,2002-10-30,10:30p,,San Antonio Spurs,W,,106,98,1,0,W 1
2003,GSW,2002-11-01,10:30p,,Seattle SuperSonics,L,,93,106,1,1,L 1
2003,GSW,2002-11-02,9:00p,@,Utah Jazz,L,,92,101,1,2,L 2
2003,GSW,2002-11-04,8:30p,@,Dallas Mavericks,L,,100,107,1,3,L 3
2003,GSW,2002-11-05,8:30p,@,San Antonio Spurs,L,,73,93,1,4,L 4
2003,GSW,2002-11-08,8:30p,@,New Orleans Hornets,L,,104,110,1,5,L 5
2003,GSW,2002-11-09,8:30p,@,Houston Rockets,L,,104,111,1,6,L 6
2003,GSW,2002-11-11,8:00p,@,Memphis Grizzlies,W,,108,101,2,6,W 1
2003,GSW,2002-11-13,9:30p,,Sacramento Kings,L,,93,104,2,7,L 1
2003,GSW,2002-11-15,10:30p,@,Los Angeles Lakers,L,OT,89,96,2,8,L 2
2003,GSW,2002-11-16,10:30p,,Orlando Magic,W,,135,92,3,8,W 1
2003,GSW,2002-11-18,10:30p,,Los Angeles Clippers,L,,89,99,3,9,L 1
2003,GSW,2002-11-20,10:30p,,Chicago Bulls,W,,100,94,4,9,W 1
2003,GSW,2002-11-22,10:30p,,Milwaukee Bucks,L,,91,95,4,10,L 1
2003,GSW,2002-11-27,10:30p,,Houston Rockets,L,,84,91,4,11,L 2
2003,GSW,2002-11-29,9:00p,@,Denver Nuggets,W,,92,82,5,11,W 1
2003,GSW,2002-11-30,10:30p,,Phoenix Suns,W,,100,90,6,11,W 2
2003,GSW,2002-12-03,10:30p,,Denver Nuggets,W,,110,89,7,11,W 3
2003,GSW,2002-12-05,10:00p,,Minnesota Timberwolves,L,,98,114,7,12,L 1
2003,GSW,2002-12-07,10:30p,,Dallas Mavericks,L,,116,121,7,13,L 2
2003,GSW,2002-12-10,10:30p,,Los Angeles Lakers,W,,106,102,8,13,W 1
2003,GSW,2002-12-13,7:00p,@,Orlando Magic,L,,85,111,8,14,L 1
2003,GSW,2002-12-14,8:00p,@,Miami Heat,L,,92,101,8,15,L 2
2003,GSW,2002-12-16,8:00p,@,Memphis Grizzlies,L,,91,104,8,16,L 3
2003,GSW,2002-12-18,10:30p,,New Orleans Hornets,W,,111,106,9,16,W 1
2003,GSW,2002-12-20,10:30p,,Portland Trail Blazers,L,,111,113,9,17,L 1
2003,GSW,2002-12-22,9:00p,@,Sacramento Kings,L,,88,103,9,18,L 2
2003,GSW,2002-12-27,10:30p,,Toronto Raptors,W,,101,96,10,18,W 1
2003,GSW,2002-12-28,10:30p,@,Los Angeles Clippers,W,,99,92,11,18,W 2
2003,GSW,2002-12-30,10:30p,,Philadelphia 76ers,W,,104,98,12,18,W 3
2003,GSW,2003-01-03,8:30p,@,San Antonio Spurs,L,,95,98,12,19,L 1
2003,GSW,2003-01-04,8:30p,@,Houston Rockets,W,,86,84,13,19,W 1
2003,GSW,2003-01-06,10:30p,,Miami Heat,W,,99,85,14,19,W 2
2003,GSW,2003-01-08,8:00p,@,Minnesota Timberwolves,L,,95,102,14,20,L 1
2003,GSW,2003-01-10,7:00p,@,Washington Wizards,W,,104,99,15,20,W 1
2003,GSW,2003-01-11,7:00p,@,Indiana Pacers,L,,104,116,15,21,L 1
2003,GSW,2003-01-13,10:30p,,Memphis Grizzlies,L,,108,110,15,22,L 2
2003,GSW,2003-01-15,10:30p,,Cleveland Cavaliers,W,,108,80,16,22,W 1
2003,GSW,2003-01-17,10:30p,,Minnesota Timberwolves,W,,107,98,17,22,W 2
2003,GSW,2003-01-20,4:00p,,Sacramento Kings,L,,80,102,17,23,L 1
2003,GSW,2003-01-22,10:30p,@,Los Angeles Lakers,W,,114,110,18,23,W 1
2003,GSW,2003-01-23,10:00p,,New Jersey Nets,W,,105,97,19,23,W 2
2003,GSW,2003-01-25,10:30p,,Utah Jazz,W,,108,95,20,23,W 3
2003,GSW,2003-01-28,10:00p,@,Seattle SuperSonics,L,,88,91,20,24,L 1
2003,GSW,2003-01-31,9:00p,@,Utah Jazz,L,,94,102,20,25,L 2
2003,GSW,2003-02-01,9:00p,@,Phoenix Suns,L,,107,116,20,26,L 3
2003,GSW,2003-02-03,10:30p,,Memphis Grizzlies,W,,101,91,21,26,W 1
2003,GSW,2003-02-05,10:30p,,San Antonio Spurs,L,,99,103,21,27,L 1
2003,GSW,2003-02-11,7:30p,@,Atlanta Hawks,W,,116,113,22,27,W 1
2003,GSW,2003-02-12,7:30p,@,New York Knicks,W,,113,107,23,27,W 2
2003,GSW,2003-02-14,7:00p,@,Toronto Raptors,W,OT,118,114,24,27,W 3
2003,GSW,2003-02-16,3:30p,@,Minnesota Timberwolves,L,,102,109,24,28,L 1
2003,GSW,2003-02-18,10:30p,,Boston Celtics,L,,117,125,24,29,L 2
2003,GSW,2003-02-19,10:00p,@,Portland Trail Blazers,L,,98,125,24,30,L 3
2003,GSW,2003-02-21,10:30p,,New York Knicks,W,,111,107,25,30,W 1
2003,GSW,2003-02-23,9:00p,,Atlanta Hawks,W,,115,93,26,30,W 2
2003,GSW,2003-02-24,9:00p,@,Denver Nuggets,W,,94,89,27,30,W 3
2003,GSW,2003-02-26,10:30p,@,Los Angeles Clippers,W,,108,94,28,30,W 4
2003,GSW,2003-03-01,10:30p,,Detroit Pistons,W,,92,90,29,30,W 5
2003,GSW,2003-03-04,10:30p,,Indiana Pacers,W,,107,100,30,30,W 6
2003,GSW,2003-03-06,8:30p,@,Chicago Bulls,L,,105,119,30,31,L 1
2003,GSW,2003-03-08,8:30p,@,Milwaukee Bucks,L,OT,133,138,30,32,L 2
2003,GSW,2003-03-09,6:00p,@,Detroit Pistons,L,,105,107,30,33,L 3
2003,GSW,2003-03-11,10:30p,,Phoenix Suns,W,,113,98,31,33,W 1
2003,GSW,2003-03-14,10:30p,,Dallas Mavericks,L,,114,116,31,34,L 1
2003,GSW,2003-03-15,10:00p,@,Seattle SuperSonics,W,,94,88,32,34,W 1
2003,GSW,2003-03-18,10:00p,@,Sacramento Kings,L,,91,117,32,35,L 1
2003,GSW,2003-03-19,10:30p,,Seattle SuperSonics,W,,105,99,33,35,W 1
2003,GSW,2003-03-21,10:30p,,Houston Rockets,L,,107,117,33,36,L 1
2003,GSW,2003-03-23,9:00p,,Washington Wizards,W,,113,107,34,36,W 1
2003,GSW,2003-03-25,7:00p,@,Cleveland Cavaliers,L,,103,124,34,37,L 1
2003,GSW,2003-03-26,7:00p,@,Boston Celtics,W,,107,95,35,37,W 1
2003,GSW,2003-03-28,7:00p,@,Philadelphia 76ers,W,,102,98,36,37,W 2
2003,GSW,2003-03-29,7:30p,@,New Jersey Nets,L,,97,109,36,38,L 1
2003,GSW,2003-04-01,10:00p,@,Portland Trail Blazers,L,,86,100,36,39,L 2
2003,GSW,2003-04-04,10:30p,,Portland Trail Blazers,L,,100,122,36,40,L 3
2003,GSW,2003-04-06,6:30p,,Denver Nuggets,W,,106,99,37,40,W 1
2003,GSW,2003-04-08,10:30p,,Utah Jazz,W,,128,102,38,40,W 2
2003,GSW,2003-04-11,10:30p,@,Phoenix Suns,L,,101,117,38,41,L 1
2003,GSW,2003-04-12,8:30p,@,Dallas Mavericks,L,,108,117,38,42,L 2
2003,GSW,2003-04-14,10:30p,,Los Angeles Clippers,L,,113,122,38,43,L 3
2003,GSW,2003-04-16,10:30p,,Los Angeles Lakers,L,,111,117,38,44,L 4
2003,HOU,2002-10-30,7:00p,@,Indiana Pacers,L,,82,91,0,1,L 1
2003,HOU,2002-11-01,9:00p,@,Denver Nuggets,W,,83,74,1,1,W 1
2003,HOU,2002-11-02,8:30p,,Toronto Raptors,W,,88,76,2,1,W 2
2003,HOU,2002-11-05,8:30p,,Seattle SuperSonics,L,,97,104,2,2,L 1
2003,HOU,2002-11-09,8:30p,,Golden State Warriors,W,,111,104,3,2,W 1
2003,HOU,2002-11-12,8:30p,,Portland Trail Blazers,W,,86,83,4,2,W 2
2003,HOU,2002-11-15,10:30p,@,Phoenix Suns,L,,87,88,4,3,L 1
2003,HOU,2002-11-17,9:30p,@,Los Angeles Lakers,W,,93,89,5,3,W 1
2003,HOU,2002-11-19,8:30p,,Cleveland Cavaliers,W,,97,80,6,3,W 2
2003,HOU,2002-11-21,7:30p,@,Dallas Mavericks,L,,90,103,6,4,L 1
2003,HOU,2002-11-22,8:30p,,Washington Wizards,W,,93,86,7,4,W 1
2003,HOU,2002-11-24,3:30p,@,Los Angeles Clippers,L,,89,90,7,5,L 1
2003,HOU,2002-11-26,10:00p,@,Portland Trail Blazers,L,,71,77,7,6,L 2
2003,HOU,2002-11-27,10:30p,@,Golden State Warriors,W,,91,84,8,6,W 1
2003,HOU,2002-11-29,10:30p,@,Seattle SuperSonics,W,,83,72,9,6,W 2
2003,HOU,2002-12-01,9:00p,@,Sacramento Kings,L,,84,103,9,7,L 1
2003,HOU,2002-12-03,8:30p,,San Antonio Spurs,W,,89,75,10,7,W 1
2003,HOU,2002-12-06,8:30p,@,New Orleans Hornets,L,OT,96,98,10,8,L 1
2003,HOU,2002-12-07,8:30p,,Philadelphia 76ers,W,,97,72,11,8,W 1
2003,HOU,2002-12-10,8:30p,,Sacramento Kings,W,,103,96,12,8,W 2
2003,HOU,2002-12-13,8:00p,@,Memphis Grizzlies,L,OT,109,114,12,9,L 1
2003,HOU,2002-12-14,8:30p,,Los Angeles Clippers,L,,83,94,12,10,L 2
2003,HOU,2002-12-16,7:30p,@,Miami Heat,W,OT,105,100,13,10,W 1
2003,HOU,2002-12-18,9:00p,,Indiana Pacers,W,,95,83,14,10,W 2
2003,HOU,2002-12-20,8:30p,,Atlanta Hawks,W,,101,82,15,10,W 3
2003,HOU,2002-12-21,8:00p,@,Minnesota Timberwolves,L,,86,98,15,11,L 1
2003,HOU,2002-12-23,8:30p,,Utah Jazz,L,,91,96,15,12,L 2
2003,HOU,2002-12-27,8:30p,,New York Knicks,L,,83,99,15,13,L 3
2003,HOU,2002-12-29,8:30p,,New Orleans Hornets,W,,97,85,16,13,W 1
2003,HOU,2002-12-31,10:00p,,Milwaukee Bucks,W,,103,80,17,13,W 2
2003,HOU,2003-01-04,8:30p,,Golden State Warriors,L,,84,86,17,14,L 1
2003,HOU,2003-01-07,8:30p,,Minnesota Timberwolves,W,,94,86,18,14,W 1
2003,HOU,2003-01-08,7:00p,@,Orlando Magic,W,,91,81,19,14,W 2
2003,HOU,2003-01-10,7:30p,@,Atlanta Hawks,L,,75,84,19,15,L 1
2003,HOU,2003-01-11,8:30p,,Denver Nuggets,W,,87,85,20,15,W 1
2003,HOU,2003-01-13,8:30p,,Boston Celtics,W,,101,92,21,15,W 2
2003,HOU,2003-01-15,8:30p,,Phoenix Suns,W,,102,96,22,15,W 3
2003,HOU,2003-01-17,9:30p,,Los Angeles Lakers,W,OT,108,104,23,15,W 4
2003,HOU,2003-01-20,5:00p,@,San Antonio Spurs,L,,82,87,23,16,L 1
2003,HOU,2003-01-21,8:30p,@,Dallas Mavericks,L,,86,107,23,17,L 2
2003,HOU,2003-01-24,8:30p,,Detroit Pistons,L,,74,98,23,18,L 3
2003,HOU,2003-01-26,1:00p,@,Chicago Bulls,L,,98,100,23,19,L 4
2003,HOU,2003-01-27,8:00p,@,Memphis Grizzlies,W,,100,95,24,19,W 1
2003,HOU,2003-01-29,9:00p,,Dallas Mavericks,L,,81,104,24,20,L 1
2003,HOU,2003-01-31,8:30p,,Minnesota Timberwolves,W,,121,101,25,20,W 1
2003,HOU,2003-02-02,4:00p,,Sacramento Kings,W,,105,89,26,20,W 2
2003,HOU,2003-02-04,8:00p,@,Minnesota Timberwolves,L,,89,103,26,21,L 1
2003,HOU,2003-02-05,7:00p,@,Cleveland Cavaliers,L,,102,105,26,22,L 2
2003,HOU,2003-02-11,8:30p,,Utah Jazz,L,OT,101,103,26,23,L 3
2003,HOU,2003-02-12,9:00p,@,Utah Jazz,W,,106,76,27,23,W 1
2003,HOU,2003-02-14,8:30p,,Miami Heat,L,,82,94,27,24,L 1
2003,HOU,2003-02-18,10:30p,@,Los Angeles Lakers,L,2OT,99,106,27,25,L 2
2003,HOU,2003-02-19,9:00p,@,Phoenix Suns,W,,107,89,28,25,W 1
2003,HOU,2003-02-21,8:00p,,Dallas Mavericks,L,,85,100,28,26,L 1
2003,HOU,2003-02-22,8:30p,,Memphis Grizzlies,W,,93,82,29,26,W 1
2003,HOU,2003-02-24,7:00p,@,Boston Celtics,W,OT,101,95,30,26,W 2
2003,HOU,2003-02-25,7:30p,@,New York Knicks,L,,95,102,30,27,L 1
2003,HOU,2003-02-27,7:00p,@,Washington Wizards,L,OT,98,100,30,28,L 2
2003,HOU,2003-03-02,4:00p,,San Antonio Spurs,L,,88,97,30,29,L 3
2003,HOU,2003-03-04,7:30p,@,Detroit Pistons,L,,83,96,30,30,L 4
2003,HOU,2003-03-05,7:00p,@,Toronto Raptors,W,,97,95,31,30,W 1
2003,HOU,2003-03-08,8:30p,,New Jersey Nets,W,,83,71,32,30,W 2
2003,HOU,2003-03-12,8:30p,,Los Angeles Clippers,W,OT,118,114,33,30,W 3
2003,HOU,2003-03-14,8:30p,,Chicago Bulls,W,,121,91,34,30,W 4
2003,HOU,2003-03-16,8:30p,,Phoenix Suns,W,,85,75,35,30,W 5
2003,HOU,2003-03-18,10:00p,@,Seattle SuperSonics,L,,94,100,35,31,L 1
2003,HOU,2003-03-19,10:00p,@,Portland Trail Blazers,L,,83,94,35,32,L 2
2003,HOU,2003-03-21,10:30p,@,Golden State Warriors,W,,117,107,36,32,W 1
2003,HOU,2003-03-23,9:00p,@,Sacramento Kings,L,,108,109,36,33,L 1
2003,HOU,2003-03-24,10:30p,@,Los Angeles Clippers,W,,108,90,37,33,W 1
2003,HOU,2003-03-26,9:00p,,Los Angeles Lakers,L,,93,96,37,34,L 1
2003,HOU,2003-03-27,9:30p,@,San Antonio Spurs,L,,85,98,37,35,L 2
2003,HOU,2003-03-29,8:30p,,Denver Nuggets,W,,102,89,38,35,W 1
2003,HOU,2003-03-31,7:30p,@,New Jersey Nets,L,,86,110,38,36,L 1
2003,HOU,2003-04-02,8:00p,@,Milwaukee Bucks,L,,99,106,38,37,L 2
2003,HOU,2003-04-04,7:00p,@,Philadelphia 76ers,W,,88,79,39,37,W 1
2003,HOU,2003-04-06,8:30p,,Orlando Magic,W,,114,93,40,37,W 2
2003,HOU,2003-04-08,8:30p,,Portland Trail Blazers,L,,66,81,40,38,L 1
2003,HOU,2003-04-09,9:00p,@,Utah Jazz,L,,73,94,40,39,L 2
2003,HOU,2003-04-12,8:30p,,Seattle SuperSonics,W,,101,86,41,39,W 1
2003,HOU,2003-04-15,8:30p,,Memphis Grizzlies,W,,97,86,42,39,W 2
2003,HOU,2003-04-16,9:00p,@,Denver Nuggets,W,,89,84,43,39,W 3
2003,IND,2002-10-30,7:00p,,Houston Rockets,W,,91,82,1,0,W 1
2003,IND,2002-11-01,7:30p,@,New Jersey Nets,L,,91,102,1,1,L 1
2003,IND,2002-11-02,7:00p,,Minnesota Timberwolves,W,,87,80,2,1,W 1
2003,IND,2002-11-05,7:30p,@,Miami Heat,W,,83,79,3,1,W 2
2003,IND,2002-11-08,7:00p,,New York Knicks,W,,107,94,4,1,W 3
2003,IND,2002-11-09,7:00p,,Toronto Raptors,W,,108,84,5,1,W 4
2003,IND,2002-11-12,7:00p,,Cleveland Cavaliers,W,,95,75,6,1,W 5
2003,IND,2002-11-15,7:00p,,Milwaukee Bucks,W,OT,103,100,7,1,W 6
2003,IND,2002-11-16,8:00p,@,Minnesota Timberwolves,W,,107,101,8,1,W 7
2003,IND,2002-11-20,7:00p,@,Toronto Raptors,W,,97,95,9,1,W 8
2003,IND,2002-11-22,7:00p,,Orlando Magic,W,,106,70,10,1,W 9
2003,IND,2002-11-23,7:00p,,Detroit Pistons,L,,91,106,10,2,L 1
2003,IND,2002-11-26,7:00p,@,Washington Wizards,W,,88,84,11,2,W 1
2003,IND,2002-11-28,7:30p,,Dallas Mavericks,W,,110,98,12,2,W 2
2003,IND,2002-11-29,8:00p,,Washington Wizards,W,,100,84,13,2,W 3
2003,IND,2002-12-01,3:30p,@,Los Angeles Clippers,W,,92,87,14,2,W 4
2003,IND,2002-12-02,9:00p,@,Utah Jazz,L,,91,102,14,3,L 1
2003,IND,2002-12-04,10:00p,@,Seattle SuperSonics,W,OT,114,111,15,3,W 1
2003,IND,2002-12-06,9:00p,@,Phoenix Suns,L,,96,102,15,4,L 1
2003,IND,2002-12-07,9:00p,@,Denver Nuggets,L,,81,92,15,5,L 2
2003,IND,2002-12-11,8:00p,@,Milwaukee Bucks,W,OT,126,119,16,5,W 1
2003,IND,2002-12-13,7:00p,,Denver Nuggets,W,,94,72,17,5,W 2
2003,IND,2002-12-15,5:00p,,Philadelphia 76ers,W,,107,97,18,5,W 3
2003,IND,2002-12-17,8:30p,@,Dallas Mavericks,L,,97,118,18,6,L 1
2003,IND,2002-12-18,9:00p,@,Houston Rockets,L,,83,95,18,7,L 2
2003,IND,2002-12-20,7:00p,,Chicago Bulls,W,,101,86,19,7,W 1
2003,IND,2002-12-21,8:30p,@,Chicago Bulls,L,,103,110,19,8,L 1
2003,IND,2002-12-23,7:00p,,Atlanta Hawks,W,,112,97,20,8,W 1
2003,IND,2002-12-27,7:30p,@,Cleveland Cavaliers,W,,113,89,21,8,W 2
2003,IND,2002-12-28,7:00p,,New Orleans Hornets,W,,91,84,22,8,W 3
2003,IND,2002-12-31,8:30p,@,New Orleans Hornets,W,,89,86,23,8,W 4
2003,IND,2003-01-03,8:00p,@,New York Knicks,L,,96,98,23,9,L 1
2003,IND,2003-01-04,7:00p,@,Washington Wizards,L,2OT,104,107,23,10,L 2
2003,IND,2003-01-06,7:00p,@,Philadelphia 76ers,W,OT,105,104,24,10,W 1
2003,IND,2003-01-08,7:00p,,New York Knicks,W,,89,87,25,10,W 2
2003,IND,2003-01-10,7:00p,@,Orlando Magic,W,OT,101,97,26,10,W 3
2003,IND,2003-01-11,7:00p,,Golden State Warriors,W,,116,104,27,10,W 4
2003,IND,2003-01-15,7:00p,,Miami Heat,W,,104,81,28,10,W 5
2003,IND,2003-01-17,7:30p,@,Boston Celtics,L,,93,98,28,11,L 1
2003,IND,2003-01-18,7:00p,,Detroit Pistons,W,,88,86,29,11,W 1
2003,IND,2003-01-20,3:00p,@,Detroit Pistons,L,,78,88,29,12,L 1
2003,IND,2003-01-22,7:00p,,Toronto Raptors,W,,101,98,30,12,W 1
2003,IND,2003-01-24,7:00p,,Seattle SuperSonics,W,,93,80,31,12,W 2
2003,IND,2003-01-26,1:00p,,Los Angeles Clippers,W,,108,101,32,12,W 3
2003,IND,2003-01-27,7:30p,@,Miami Heat,W,,102,95,33,12,W 4
2003,IND,2003-01-29,7:00p,,San Antonio Spurs,L,,97,106,33,13,L 1
2003,IND,2003-01-31,7:00p,@,Toronto Raptors,L,,90,102,33,14,L 2
2003,IND,2003-02-01,7:00p,,Boston Celtics,W,,109,100,34,14,W 1
2003,IND,2003-02-04,7:00p,,Los Angeles Lakers,L,,94,97,34,15,L 1
2003,IND,2003-02-11,7:00p,,Cleveland Cavaliers,W,,107,96,35,15,W 1
2003,IND,2003-02-12,8:30p,@,New Orleans Hornets,W,,83,72,36,15,W 2
2003,IND,2003-02-14,7:00p,,Atlanta Hawks,W,OT,98,97,37,15,W 3
2003,IND,2003-02-16,6:00p,@,Atlanta Hawks,L,,86,99,37,16,L 1
2003,IND,2003-02-18,8:00p,@,Memphis Grizzlies,L,OT,103,108,37,17,L 2
2003,IND,2003-02-20,7:30p,@,New Jersey Nets,L,,91,98,37,18,L 3
2003,IND,2003-02-22,8:30p,@,San Antonio Spurs,L,,96,105,37,19,L 4
2003,IND,2003-02-25,7:00p,,Washington Wizards,L,,78,83,37,20,L 5
2003,IND,2003-02-26,7:00p,@,Boston Celtics,L,,69,71,37,21,L 6
2003,IND,2003-02-28,7:00p,,Milwaukee Bucks,W,,107,98,38,21,W 1
2003,IND,2003-03-04,10:30p,@,Golden State Warriors,L,,100,107,38,22,L 1
2003,IND,2003-03-05,10:30p,@,Los Angeles Lakers,L,,95,97,38,23,L 2
2003,IND,2003-03-08,10:00p,@,Portland Trail Blazers,L,,80,94,38,24,L 3
2003,IND,2003-03-09,9:00p,@,Sacramento Kings,L,,88,107,38,25,L 4
2003,IND,2003-03-11,7:00p,,New Orleans Hornets,L,,71,81,38,26,L 5
2003,IND,2003-03-12,7:00p,@,Philadelphia 76ers,L,,93,96,38,27,L 6
2003,IND,2003-03-14,7:00p,,Utah Jazz,W,,101,81,39,27,W 1
2003,IND,2003-03-17,7:00p,,Portland Trail Blazers,L,,88,95,39,28,L 1
2003,IND,2003-03-19,7:00p,,Boston Celtics,W,,102,72,40,28,W 1
2003,IND,2003-03-21,7:00p,,Memphis Grizzlies,W,,101,92,41,28,W 2
2003,IND,2003-03-22,7:00p,@,Atlanta Hawks,L,,89,92,41,29,L 1
2003,IND,2003-03-26,7:00p,,Philadelphia 76ers,L,,85,91,41,30,L 2
2003,IND,2003-03-28,7:00p,,Chicago Bulls,W,,140,89,42,30,W 1
2003,IND,2003-03-30,4:00p,,Phoenix Suns,W,,92,81,43,30,W 2
2003,IND,2003-04-01,7:00p,,Sacramento Kings,L,,98,103,43,31,L 1
2003,IND,2003-04-02,7:00p,@,Cleveland Cavaliers,W,,103,82,44,31,W 1
2003,IND,2003-04-04,8:00p,@,Detroit Pistons,W,,98,92,45,31,W 2
2003,IND,2003-04-06,5:00p,,Miami Heat,W,,90,69,46,31,W 3
2003,IND,2003-04-08,8:30p,@,Chicago Bulls,L,,103,115,46,32,L 1
2003,IND,2003-04-11,8:00p,,Orlando Magic,L,,86,98,46,33,L 2
2003,IND,2003-04-13,3:00p,@,Milwaukee Bucks,L,,98,107,46,34,L 3
2003,IND,2003-04-15,7:30p,@,New York Knicks,W,,109,93,47,34,W 1
2003,IND,2003-04-16,8:00p,,New Jersey Nets,W,,90,83,48,34,W 2
2003,IND,2003-04-19,3:00p,,Boston Celtics,L,,100,103,0,1,L 1
2003,IND,2003-04-21,8:30p,,Boston Celtics,W,,89,77,1,1,W 1
2003,IND,2003-04-24,6:00p,@,Boston Celtics,L,,83,101,1,2,L 1
2003,IND,2003-04-27,12:00p,@,Boston Celtics,L,,92,102,1,3,L 2
2003,IND,2003-04-29,9:30p,,Boston Celtics,W,OT,93,88,2,3,W 1
2003,IND,2003-05-01,7:00p,@,Boston Celtics,L,,90,110,2,4,L 1
2003,LAC,2002-10-30,10:30p,,Cleveland Cavaliers,L,,96,98,0,1,L 1
2003,LAC,2002-11-01,10:30p,,Los Angeles Lakers,L,,93,108,0,2,L 2
2003,LAC,2002-11-03,3:30p,,Detroit Pistons,W,,74,72,1,2,W 1
2003,LAC,2002-11-06,7:00p,@,Philadelphia 76ers,L,OT,99,101,1,3,L 1
2003,LAC,2002-11-08,7:30p,@,New Jersey Nets,L,,92,106,1,4,L 2
2003,LAC,2002-11-10,5:00p,@,Orlando Magic,W,,120,117,2,4,W 1
2003,LAC,2002-11-12,7:30p,@,Miami Heat,W,,101,82,3,4,W 2
2003,LAC,2002-11-14,10:00p,,Orlando Magic,L,,80,101,3,5,L 1
2003,LAC,2002-11-15,10:00p,@,Portland Trail Blazers,L,,88,112,3,6,L 2
2003,LAC,2002-11-17,3:30p,,Seattle SuperSonics,L,,78,84,3,7,L 3
2003,LAC,2002-11-18,10:30p,@,Golden State Warriors,W,,99,89,4,7,W 1
2003,LAC,2002-11-20,10:30p,,Sacramento Kings,L,,89,93,4,8,L 1
2003,LAC,2002-11-22,10:30p,@,Denver Nuggets,L,,70,72,4,9,L 2
2003,LAC,2002-11-24,3:30p,,Houston Rockets,W,,90,89,5,9,W 1
2003,LAC,2002-11-26,10:30p,,Utah Jazz,L,,94,99,5,10,L 1
2003,LAC,2002-11-28,10:00p,,New Jersey Nets,W,OT,126,118,6,10,W 1
2003,LAC,2002-11-29,10:00p,@,Sacramento Kings,L,,94,107,6,11,L 1
2003,LAC,2002-12-01,3:30p,,Indiana Pacers,L,,87,92,6,12,L 2
2003,LAC,2002-12-04,10:30p,,Miami Heat,W,,89,80,7,12,W 1
2003,LAC,2002-12-07,3:30p,,Minnesota Timberwolves,W,,104,88,8,12,W 2
2003,LAC,2002-12-09,8:30p,@,New Orleans Hornets,W,,94,90,9,12,W 3
2003,LAC,2002-12-10,8:30p,@,Dallas Mavericks,L,,95,122,9,13,L 1
2003,LAC,2002-12-13,8:30p,@,San Antonio Spurs,L,,84,97,9,14,L 2
2003,LAC,2002-12-14,8:30p,@,Houston Rockets,W,,94,83,10,14,W 1
2003,LAC,2002-12-16,10:30p,,San Antonio Spurs,W,,91,79,11,14,W 2
2003,LAC,2002-12-18,10:30p,,Portland Trail Blazers,L,,93,97,11,15,L 1
2003,LAC,2002-12-20,10:30p,,Phoenix Suns,L,,76,87,11,16,L 2
2003,LAC,2002-12-21,10:30p,,Denver Nuggets,W,,92,89,12,16,W 1
2003,LAC,2002-12-27,9:00p,@,Phoenix Suns,L,,95,108,12,17,L 1
2003,LAC,2002-12-28,10:30p,,Golden State Warriors,L,,92,99,12,18,L 2
2003,LAC,2002-12-31,9:00p,,Philadelphia 76ers,L,,75,83,12,19,L 3
2003,LAC,2003-01-02,8:30p,@,Dallas Mavericks,L,,92,102,12,20,L 4
2003,LAC,2003-01-03,8:00p,@,Memphis Grizzlies,L,,111,116,12,21,L 5
2003,LAC,2003-01-05,3:30p,,San Antonio Spurs,L,,86,94,12,22,L 6
2003,LAC,2003-01-08,10:30p,,Memphis Grizzlies,W,,103,95,13,22,W 1
2003,LAC,2003-01-10,10:30p,@,Seattle SuperSonics,W,,90,88,14,22,W 2
2003,LAC,2003-01-12,3:30p,,Dallas Mavericks,L,,90,96,14,23,L 1
2003,LAC,2003-01-15,10:30p,,Minnesota Timberwolves,L,,64,95,14,24,L 2
2003,LAC,2003-01-18,10:30p,,Sacramento Kings,W,,112,107,15,24,W 1
2003,LAC,2003-01-20,10:00p,@,Los Angeles Lakers,L,,92,96,15,25,L 1
2003,LAC,2003-01-22,9:00p,@,Utah Jazz,W,,96,89,16,25,W 1
2003,LAC,2003-01-24,8:00p,@,Minnesota Timberwolves,L,,85,88,16,26,L 1
2003,LAC,2003-01-26,1:00p,@,Indiana Pacers,L,,101,108,16,27,L 2
2003,LAC,2003-01-27,7:00p,@,Cleveland Cavaliers,L,,100,104,16,28,L 3
2003,LAC,2003-01-29,10:30p,,Chicago Bulls,W,,77,75,17,28,W 1
2003,LAC,2003-01-31,10:30p,,Phoenix Suns,L,,92,98,17,29,L 1
2003,LAC,2003-02-02,1:30p,@,Toronto Raptors,L,,86,100,17,30,L 2
2003,LAC,2003-02-04,7:30p,@,New York Knicks,L,,92,105,17,31,L 3
2003,LAC,2003-02-05,7:30p,@,Detroit Pistons,L,,80,89,17,32,L 4
2003,LAC,2003-02-11,9:00p,@,Phoenix Suns,W,,107,106,18,32,W 1
2003,LAC,2003-02-12,10:30p,,Washington Wizards,L,,104,108,18,33,L 1
2003,LAC,2003-02-15,10:30p,,Boston Celtics,L,,84,92,18,34,L 2
2003,LAC,2003-02-19,10:30p,,Milwaukee Bucks,W,,110,104,19,34,W 1
2003,LAC,2003-02-22,10:30p,,Atlanta Hawks,L,,87,89,19,35,L 1
2003,LAC,2003-02-25,10:30p,@,Los Angeles Lakers,L,,98,109,19,36,L 2
2003,LAC,2003-02-26,10:30p,,Golden State Warriors,L,,94,108,19,37,L 3
2003,LAC,2003-02-28,10:30p,@,Portland Trail Blazers,L,,103,109,19,38,L 4
2003,LAC,2003-03-01,10:30p,,Seattle SuperSonics,L,,101,109,19,39,L 5
2003,LAC,2003-03-03,10:30p,,New Orleans Hornets,L,,108,111,19,40,L 6
2003,LAC,2003-03-05,7:00p,@,Washington Wizards,L,,80,99,19,41,L 7
2003,LAC,2003-03-07,8:00p,@,Boston Celtics,L,,72,83,19,42,L 8
2003,LAC,2003-03-08,8:30p,@,Chicago Bulls,W,,103,97,20,42,W 1
2003,LAC,2003-03-10,7:30p,@,Atlanta Hawks,L,,86,95,20,43,L 1
2003,LAC,2003-03-12,8:30p,@,Houston Rockets,L,OT,114,118,20,44,L 2
2003,LAC,2003-03-14,8:30p,@,San Antonio Spurs,L,,96,107,20,45,L 3
2003,LAC,2003-03-16,9:00p,,Toronto Raptors,W,,111,110,21,45,W 1
2003,LAC,2003-03-17,10:30p,,Los Angeles Lakers,L,,85,102,21,46,L 1
2003,LAC,2003-03-19,10:30p,,Denver Nuggets,W,,91,78,22,46,W 1
2003,LAC,2003-03-22,9:00p,@,Utah Jazz,L,,73,88,22,47,L 1
2003,LAC,2003-03-24,10:30p,,Houston Rockets,L,,90,108,22,48,L 2
2003,LAC,2003-03-26,10:30p,,Dallas Mavericks,L,,107,114,22,49,L 3
2003,LAC,2003-03-27,10:00p,@,Sacramento Kings,L,,83,93,22,50,L 4
2003,LAC,2003-03-30,9:00p,,Memphis Grizzlies,W,,102,100,23,50,W 1
2003,LAC,2003-04-01,10:30p,,Utah Jazz,L,,89,94,23,51,L 1
2003,LAC,2003-04-04,10:30p,@,Seattle SuperSonics,L,,93,101,23,52,L 2
2003,LAC,2003-04-05,10:30p,,New York Knicks,W,,109,98,24,52,W 1
2003,LAC,2003-04-08,8:00p,@,Memphis Grizzlies,L,,108,111,24,53,L 1
2003,LAC,2003-04-09,8:00p,@,Milwaukee Bucks,L,,92,112,24,54,L 2
2003,LAC,2003-04-11,8:00p,@,Minnesota Timberwolves,L,,90,106,24,55,L 3
2003,LAC,2003-04-12,9:30p,@,Denver Nuggets,W,,101,79,25,55,W 1
2003,LAC,2003-04-14,10:30p,@,Golden State Warriors,W,,122,113,26,55,W 2
2003,LAC,2003-04-16,10:30p,,Portland Trail Blazers,W,,107,93,27,55,W 3
2003,LAL,2002-10-29,10:30p,,San Antonio Spurs,L,,82,87,0,1,L 1
2003,LAL,2002-10-30,9:30p,@,Portland Trail Blazers,L,,90,102,0,2,L 2
2003,LAL,2002-11-01,10:30p,@,Los Angeles Clippers,W,,108,93,1,2,W 1
2003,LAL,2002-11-03,9:30p,,Portland Trail Blazers,W,OT,98,95,2,2,W 2
2003,LAL,2002-11-05,7:00p,@,Cleveland Cavaliers,L,,70,89,2,3,L 1
2003,LAL,2002-11-07,7:30p,@,Boston Celtics,L,OT,95,98,2,4,L 2
2003,LAL,2002-11-08,8:00p,@,Washington Wizards,L,,99,100,2,5,L 3
2003,LAL,2002-11-12,10:30p,,Atlanta Hawks,L,,83,95,2,6,L 4
2003,LAL,2002-11-15,10:30p,,Golden State Warriors,W,OT,96,89,3,6,W 1
2003,LAL,2002-11-17,9:30p,,Houston Rockets,L,,89,93,3,7,L 1
2003,LAL,2002-11-19,8:30p,@,Dallas Mavericks,L,,72,98,3,8,L 2
2003,LAL,2002-11-20,8:30p,@,San Antonio Spurs,L,,88,95,3,9,L 3
2003,LAL,2002-11-22,10:30p,,Chicago Bulls,W,,86,73,4,9,W 1
2003,LAL,2002-11-24,9:30p,,Milwaukee Bucks,W,,111,99,5,9,W 2
2003,LAL,2002-11-26,7:30p,@,Miami Heat,L,,85,97,5,10,L 1
2003,LAL,2002-11-27,7:00p,@,Orlando Magic,L,,102,112,5,11,L 2
2003,LAL,2002-11-29,8:00p,@,Memphis Grizzlies,W,OT,112,106,6,11,W 1
2003,LAL,2002-12-01,9:30p,,Minnesota Timberwolves,L,,107,110,6,12,L 1
2003,LAL,2002-12-03,10:30p,,Memphis Grizzlies,W,,101,91,7,12,W 1
2003,LAL,2002-12-04,9:00p,@,Utah Jazz,L,,85,93,7,13,L 1
2003,LAL,2002-12-06,10:30p,,Dallas Mavericks,W,,105,103,8,13,W 1
2003,LAL,2002-12-08,9:30p,,Utah Jazz,W,,110,101,9,13,W 2
2003,LAL,2002-12-10,10:30p,@,Golden State Warriors,L,,102,106,9,14,L 1
2003,LAL,2002-12-13,10:30p,,New Orleans Hornets,L,,82,98,9,15,L 2
2003,LAL,2002-12-15,9:30p,,Orlando Magic,W,,107,84,10,15,W 1
2003,LAL,2002-12-17,8:00p,@,Minnesota Timberwolves,L,,80,96,10,16,L 1
2003,LAL,2002-12-19,7:30p,@,New Jersey Nets,L,,71,98,10,17,L 2
2003,LAL,2002-12-20,8:00p,@,Philadelphia 76ers,L,OT,104,107,10,18,L 3
2003,LAL,2002-12-22,5:00p,@,Toronto Raptors,W,OT,109,107,11,18,W 1
2003,LAL,2002-12-25,8:30p,,Sacramento Kings,L,,99,105,11,19,L 1
2003,LAL,2002-12-28,9:00p,@,Denver Nuggets,W,,112,93,12,19,W 1
2003,LAL,2002-12-29,9:30p,,Toronto Raptors,W,,104,88,13,19,W 2
2003,LAL,2003-01-04,9:00p,@,Phoenix Suns,L,,93,107,13,20,L 1
2003,LAL,2003-01-05,9:30p,,Phoenix Suns,W,,109,97,14,20,W 1
2003,LAL,2003-01-07,10:30p,,Seattle SuperSonics,W,,119,98,15,20,W 2
2003,LAL,2003-01-10,10:30p,,Cleveland Cavaliers,W,,115,99,16,20,W 3
2003,LAL,2003-01-12,9:30p,,Miami Heat,W,,106,81,17,20,W 4
2003,LAL,2003-01-15,8:30p,@,New Orleans Hornets,W,,90,82,18,20,W 5
2003,LAL,2003-01-17,9:30p,@,Houston Rockets,L,OT,104,108,18,21,L 1
2003,LAL,2003-01-20,10:00p,,Los Angeles Clippers,W,,96,92,19,21,W 1
2003,LAL,2003-01-22,10:30p,,Golden State Warriors,L,,110,114,19,22,L 1
2003,LAL,2003-01-24,10:30p,,New Jersey Nets,L,,83,89,19,23,L 2
2003,LAL,2003-01-29,9:00p,@,Phoenix Suns,W,,99,90,20,23,W 1
2003,LAL,2003-01-31,10:30p,@,Sacramento Kings,W,,124,113,21,23,W 2
2003,LAL,2003-02-01,10:30p,,Utah Jazz,W,,99,87,22,23,W 3
2003,LAL,2003-02-04,7:00p,@,Indiana Pacers,W,,97,94,23,23,W 4
2003,LAL,2003-02-06,7:30p,@,New York Knicks,W,,114,109,24,23,W 5
2003,LAL,2003-02-11,10:30p,,Denver Nuggets,W,,121,93,25,23,W 6
2003,LAL,2003-02-12,9:00p,@,Denver Nuggets,W,,113,102,26,23,W 7
2003,LAL,2003-02-14,10:30p,,San Antonio Spurs,L,,95,103,26,24,L 1
2003,LAL,2003-02-16,9:30p,,New York Knicks,L,,110,117,26,25,L 2
2003,LAL,2003-02-18,10:30p,,Houston Rockets,W,2OT,106,99,27,25,W 1
2003,LAL,2003-02-19,9:00p,@,Utah Jazz,W,,93,87,28,25,W 2
2003,LAL,2003-02-21,10:30p,,Portland Trail Blazers,W,,92,84,29,25,W 3
2003,LAL,2003-02-23,9:30p,,Seattle SuperSonics,W,,106,101,30,25,W 4
2003,LAL,2003-02-25,10:30p,,Los Angeles Clippers,W,,109,98,31,25,W 5
2003,LAL,2003-02-27,10:00p,,Detroit Pistons,W,,95,85,32,25,W 6
2003,LAL,2003-02-28,10:00p,@,Seattle SuperSonics,L,,90,107,32,26,L 1
2003,LAL,2003-03-05,10:30p,,Indiana Pacers,W,,97,95,33,26,W 1
2003,LAL,2003-03-07,10:30p,,Minnesota Timberwolves,W,,106,96,34,26,W 2
2003,LAL,2003-03-09,3:30p,,Philadelphia 76ers,W,,106,92,35,26,W 3
2003,LAL,2003-03-11,8:30p,@,Chicago Bulls,L,,99,116,35,27,L 1
2003,LAL,2003-03-12,7:30p,@,Detroit Pistons,L,,88,111,35,28,L 2
2003,LAL,2003-03-14,8:00p,@,Minnesota Timberwolves,W,,106,99,36,28,W 1
2003,LAL,2003-03-15,8:30p,@,Milwaukee Bucks,W,,98,94,37,28,W 2
2003,LAL,2003-03-17,10:30p,@,Los Angeles Clippers,W,,102,85,38,28,W 3
2003,LAL,2003-03-20,10:00p,@,Sacramento Kings,L,,99,107,38,29,L 1
2003,LAL,2003-03-21,10:30p,,Boston Celtics,W,,104,96,39,29,W 1
2003,LAL,2003-03-23,1:00p,@,San Antonio Spurs,L,,89,98,39,30,L 1
2003,LAL,2003-03-25,7:30p,@,Atlanta Hawks,W,,108,91,40,30,W 1
2003,LAL,2003-03-26,9:00p,@,Houston Rockets,W,,96,93,41,30,W 2
2003,LAL,2003-03-28,10:30p,,Washington Wizards,W,,108,94,42,30,W 3
2003,LAL,2003-03-30,9:00p,@,Seattle SuperSonics,L,,98,119,42,31,L 1
2003,LAL,2003-03-31,10:30p,,Memphis Grizzlies,W,,110,94,43,31,W 1
2003,LAL,2003-04-03,9:30p,@,Dallas Mavericks,W,,100,89,44,31,W 2
2003,LAL,2003-04-04,8:00p,@,Memphis Grizzlies,W,,102,101,45,31,W 3
2003,LAL,2003-04-06,9:30p,,Phoenix Suns,W,OT,115,113,46,31,W 4
2003,LAL,2003-04-08,10:30p,,Dallas Mavericks,W,,108,99,47,31,W 5
2003,LAL,2003-04-10,10:00p,,Sacramento Kings,W,,117,104,48,31,W 6
2003,LAL,2003-04-13,3:30p,@,Portland Trail Blazers,L,,99,101,48,32,L 1
2003,LAL,2003-04-15,10:30p,,Denver Nuggets,W,,126,104,49,32,W 1
2003,LAL,2003-04-16,10:30p,@,Golden State Warriors,W,,117,111,50,32,W 2
2003,LAL,2003-04-20,3:30p,@,Minnesota Timberwolves,W,,117,98,1,0,W 1
2003,LAL,2003-04-22,9:30p,@,Minnesota Timberwolves,L,,91,119,1,1,L 1
2003,LAL,2003-04-24,11:00p,,Minnesota Timberwolves,L,OT,110,114,1,2,L 2
2003,LAL,2003-04-27,3:00p,,Minnesota Timberwolves,W,,102,97,2,2,W 1
2003,LAL,2003-04-29,9:30p,@,Minnesota Timberwolves,W,,120,90,3,2,W 2
2003,LAL,2003-05-01,10:30p,,Minnesota Timberwolves,W,,101,85,4,2,W 3
2003,LAL,2003-05-05,9:30p,@,San Antonio Spurs,L,,82,87,4,3,L 1
2003,LAL,2003-05-07,9:30p,@,San Antonio Spurs,L,,95,114,4,4,L 2
2003,LAL,2003-05-09,10:30p,,San Antonio Spurs,W,,110,95,5,4,W 1
2003,LAL,2003-05-11,3:30p,,San Antonio Spurs,W,,99,95,6,4,W 2
2003,LAL,2003-05-13,9:30p,@,San Antonio Spurs,L,,94,96,6,5,L 1
2003,LAL,2003-05-15,8:00p,,San Antonio Spurs,L,,82,110,6,6,L 2
2003,MEM,2002-10-30,8:00p,,Dallas Mavericks,L,,108,119,0,1,L 1
2003,MEM,2002-11-01,8:00p,@,Detroit Pistons,L,,86,109,0,2,L 2
2003,MEM,2002-11-02,8:00p,,Sacramento Kings,L,,99,116,0,3,L 3
2003,MEM,2002-11-04,8:00p,,San Antonio Spurs,L,OT,101,103,0,4,L 4
2003,MEM,2002-11-06,10:00p,@,Portland Trail Blazers,L,,88,94,0,5,L 5
2003,MEM,2002-11-08,10:30p,@,Sacramento Kings,L,,91,99,0,6,L 6
2003,MEM,2002-11-09,9:00p,@,Denver Nuggets,L,,73,84,0,7,L 7
2003,MEM,2002-11-11,8:00p,,Golden State Warriors,L,,101,108,0,8,L 8
2003,MEM,2002-11-15,8:00p,,Minnesota Timberwolves,L,,95,99,0,9,L 9
2003,MEM,2002-11-16,8:30p,@,Chicago Bulls,L,,93,111,0,10,L 10
2003,MEM,2002-11-19,8:00p,@,Minnesota Timberwolves,L,OT,106,110,0,11,L 11
2003,MEM,2002-11-20,9:00p,,Philadelphia 76ers,L,,88,95,0,12,L 12
2003,MEM,2002-11-22,8:30p,@,San Antonio Spurs,L,,86,95,0,13,L 13
2003,MEM,2002-11-23,8:00p,,Washington Wizards,W,,85,74,1,13,W 1
2003,MEM,2002-11-27,8:00p,,Seattle SuperSonics,W,,117,99,2,13,W 2
2003,MEM,2002-11-29,8:00p,,Los Angeles Lakers,L,OT,106,112,2,14,L 1
2003,MEM,2002-12-01,4:00p,,Toronto Raptors,L,,87,92,2,15,L 2
2003,MEM,2002-12-03,10:30p,@,Los Angeles Lakers,L,,91,101,2,16,L 3
2003,MEM,2002-12-04,9:00p,@,Phoenix Suns,L,,85,98,2,17,L 4
2003,MEM,2002-12-06,9:00p,@,Utah Jazz,L,,71,104,2,18,L 5
2003,MEM,2002-12-08,4:00p,,Phoenix Suns,W,,102,94,3,18,W 1
2003,MEM,2002-12-10,7:30p,@,Miami Heat,W,,107,96,4,18,W 2
2003,MEM,2002-12-11,8:00p,,Denver Nuggets,W,,96,93,5,18,W 3
2003,MEM,2002-12-13,8:00p,,Houston Rockets,W,OT,114,109,6,18,W 4
2003,MEM,2002-12-14,8:30p,@,Dallas Mavericks,L,,87,104,6,19,L 1
2003,MEM,2002-12-16,8:00p,,Golden State Warriors,W,,104,91,7,19,W 1
2003,MEM,2002-12-18,7:00p,@,Washington Wizards,L,,100,118,7,20,L 1
2003,MEM,2002-12-20,8:00p,,Milwaukee Bucks,W,,95,84,8,20,W 1
2003,MEM,2002-12-22,4:00p,,Utah Jazz,L,,74,103,8,21,L 1
2003,MEM,2002-12-27,8:00p,,Orlando Magic,W,,99,86,9,21,W 1
2003,MEM,2002-12-31,2:00p,@,Boston Celtics,L,,89,96,9,22,L 1
2003,MEM,2003-01-03,8:00p,,Los Angeles Clippers,W,,116,111,10,22,W 1
2003,MEM,2003-01-06,8:00p,,New Orleans Hornets,W,,106,102,11,22,W 2
2003,MEM,2003-01-08,10:30p,@,Los Angeles Clippers,L,,95,103,11,23,L 1
2003,MEM,2003-01-10,9:00p,@,Phoenix Suns,L,,90,96,11,24,L 2
2003,MEM,2003-01-12,9:00p,@,Sacramento Kings,L,,98,106,11,25,L 3
2003,MEM,2003-01-13,10:30p,@,Golden State Warriors,W,,110,108,12,25,W 1
2003,MEM,2003-01-15,10:00p,@,Portland Trail Blazers,L,,92,100,12,26,L 1
2003,MEM,2003-01-17,10:00p,@,Seattle SuperSonics,L,OT,97,103,12,27,L 2
2003,MEM,2003-01-20,5:00p,,Portland Trail Blazers,L,,87,99,12,28,L 3
2003,MEM,2003-01-22,8:30p,@,San Antonio Spurs,W,,98,93,13,28,W 1
2003,MEM,2003-01-23,8:00p,,Sacramento Kings,L,,98,104,13,29,L 1
2003,MEM,2003-01-25,8:00p,,Seattle SuperSonics,L,,83,95,13,30,L 2
2003,MEM,2003-01-27,8:00p,,Houston Rockets,L,,95,100,13,31,L 3
2003,MEM,2003-01-31,8:00p,,New York Knicks,L,,102,108,13,32,L 4
2003,MEM,2003-02-02,9:30p,@,Denver Nuggets,L,,78,93,13,33,L 5
2003,MEM,2003-02-03,10:30p,@,Golden State Warriors,L,,91,101,13,34,L 6
2003,MEM,2003-02-05,9:00p,@,Utah Jazz,L,,84,105,13,35,L 7
2003,MEM,2003-02-12,8:00p,,New Jersey Nets,W,,97,90,14,35,W 1
2003,MEM,2003-02-14,8:00p,,Dallas Mavericks,L,,103,110,14,36,L 1
2003,MEM,2003-02-16,3:00p,@,Milwaukee Bucks,W,,101,95,15,36,W 1
2003,MEM,2003-02-18,8:00p,,Indiana Pacers,W,OT,108,103,16,36,W 2
2003,MEM,2003-02-21,8:30p,@,New Orleans Hornets,L,OT,123,125,16,37,L 1
2003,MEM,2003-02-22,8:30p,@,Houston Rockets,L,,82,93,16,38,L 2
2003,MEM,2003-02-24,8:00p,,Utah Jazz,W,,103,92,17,38,W 1
2003,MEM,2003-02-26,7:00p,@,Philadelphia 76ers,L,,107,111,17,39,L 1
2003,MEM,2003-02-28,8:00p,,Miami Heat,W,OT,126,116,18,39,W 1
2003,MEM,2003-03-01,8:30p,@,Dallas Mavericks,L,,87,114,18,40,L 1
2003,MEM,2003-03-03,8:00p,,Boston Celtics,L,,110,111,18,41,L 2
2003,MEM,2003-03-05,8:00p,,Denver Nuggets,W,,96,86,19,41,W 1
2003,MEM,2003-03-08,7:30p,@,Cleveland Cavaliers,W,,115,89,20,41,W 2
2003,MEM,2003-03-09,6:00p,@,Toronto Raptors,W,,119,106,21,41,W 3
2003,MEM,2003-03-11,7:30p,@,New York Knicks,W,,87,85,22,41,W 4
2003,MEM,2003-03-12,8:00p,,Chicago Bulls,W,,124,95,23,41,W 5
2003,MEM,2003-03-16,4:00p,,Atlanta Hawks,W,,124,92,24,41,W 6
2003,MEM,2003-03-18,8:00p,@,Minnesota Timberwolves,L,,80,96,24,42,L 1
2003,MEM,2003-03-19,8:00p,,Cleveland Cavaliers,W,,128,101,25,42,W 1
2003,MEM,2003-03-21,7:00p,@,Indiana Pacers,L,,92,101,25,43,L 1
2003,MEM,2003-03-22,7:30p,@,New Jersey Nets,L,,99,107,25,44,L 2
2003,MEM,2003-03-24,7:00p,@,Orlando Magic,W,,110,104,26,44,W 1
2003,MEM,2003-03-26,8:00p,,Phoenix Suns,L,,99,101,26,45,L 1
2003,MEM,2003-03-28,10:00p,@,Seattle SuperSonics,L,,71,95,26,46,L 2
2003,MEM,2003-03-30,9:00p,@,Los Angeles Clippers,L,,100,102,26,47,L 3
2003,MEM,2003-03-31,10:30p,@,Los Angeles Lakers,L,,94,110,26,48,L 4
2003,MEM,2003-04-02,8:00p,,San Antonio Spurs,L,,87,105,26,49,L 5
2003,MEM,2003-04-04,8:00p,,Los Angeles Lakers,L,,101,102,26,50,L 6
2003,MEM,2003-04-05,7:00p,@,Atlanta Hawks,L,,91,97,26,51,L 7
2003,MEM,2003-04-08,8:00p,,Los Angeles Clippers,W,,111,108,27,51,W 1
2003,MEM,2003-04-11,8:00p,,Portland Trail Blazers,W,,96,93,28,51,W 2
2003,MEM,2003-04-13,4:00p,,Detroit Pistons,L,2OT,107,110,28,52,L 1
2003,MEM,2003-04-15,8:30p,@,Houston Rockets,L,,86,97,28,53,L 2
2003,MEM,2003-04-16,8:00p,,Minnesota Timberwolves,L,,87,95,28,54,L 3
2003,MIA,2002-10-30,7:30p,,Orlando Magic,L,,86,100,0,1,L 1
2003,MIA,2002-11-02,8:30p,@,New Orleans Hornets,L,,95,100,0,2,L 2
2003,MIA,2002-11-03,6:00p,,Sacramento Kings,W,,88,78,1,2,W 1
2003,MIA,2002-11-05,7:30p,,Indiana Pacers,L,,79,83,1,3,L 1
2003,MIA,2002-11-09,8:00p,,Seattle SuperSonics,L,,82,84,1,4,L 2
2003,MIA,2002-11-12,7:30p,,Los Angeles Clippers,L,,82,101,1,5,L 3
2003,MIA,2002-11-15,8:00p,,New Jersey Nets,L,,84,93,1,6,L 4
2003,MIA,2002-11-16,7:00p,@,Washington Wizards,L,,65,95,1,7,L 5
2003,MIA,2002-11-19,8:00p,@,Milwaukee Bucks,W,,97,93,2,7,W 1
2003,MIA,2002-11-20,7:30p,@,Detroit Pistons,L,,68,79,2,8,L 1
2003,MIA,2002-11-22,8:00p,,Detroit Pistons,L,,72,75,2,9,L 2
2003,MIA,2002-11-24,5:00p,@,Orlando Magic,L,,75,77,2,10,L 3
2003,MIA,2002-11-26,7:30p,,Los Angeles Lakers,W,,97,85,3,10,W 1
2003,MIA,2002-11-27,7:00p,@,Philadelphia 76ers,L,,74,83,3,11,L 1
2003,MIA,2002-11-29,7:30p,@,Atlanta Hawks,L,OT,94,100,3,12,L 2
2003,MIA,2002-11-30,8:00p,,Cleveland Cavaliers,W,,85,79,4,12,W 1
2003,MIA,2002-12-02,9:00p,@,Phoenix Suns,W,OT,100,90,5,12,W 2
2003,MIA,2002-12-04,10:30p,@,Los Angeles Clippers,L,,80,89,5,13,L 1
2003,MIA,2002-12-06,10:00p,@,Portland Trail Blazers,L,,69,88,5,14,L 2
2003,MIA,2002-12-07,10:00p,@,Seattle SuperSonics,L,,71,100,5,15,L 3
2003,MIA,2002-12-10,7:30p,,Memphis Grizzlies,L,,96,107,5,16,L 4
2003,MIA,2002-12-13,8:00p,,New York Knicks,L,,92,97,5,17,L 5
2003,MIA,2002-12-14,8:00p,,Golden State Warriors,W,,101,92,6,17,W 1
2003,MIA,2002-12-16,7:30p,,Houston Rockets,L,OT,100,105,6,18,L 1
2003,MIA,2002-12-18,7:00p,@,Boston Celtics,W,,91,81,7,18,W 1
2003,MIA,2002-12-20,7:00p,@,Toronto Raptors,W,,97,77,8,18,W 2
2003,MIA,2002-12-22,7:00p,@,New York Knicks,W,,92,84,9,18,W 3
2003,MIA,2002-12-23,7:00p,@,Cleveland Cavaliers,L,,72,74,9,19,L 1
2003,MIA,2002-12-27,8:00p,,Boston Celtics,W,,90,70,10,19,W 1
2003,MIA,2002-12-30,7:30p,,Atlanta Hawks,W,,93,84,11,19,W 2
2003,MIA,2003-01-01,2:00p,@,Atlanta Hawks,W,,107,73,12,19,W 3
2003,MIA,2003-01-03,8:00p,,New Jersey Nets,L,,80,100,12,20,L 1
2003,MIA,2003-01-05,9:00p,@,Sacramento Kings,L,,70,96,12,21,L 2
2003,MIA,2003-01-06,10:30p,@,Golden State Warriors,L,,85,99,12,22,L 3
2003,MIA,2003-01-08,9:00p,@,Denver Nuggets,L,,76,86,12,23,L 4
2003,MIA,2003-01-10,9:00p,@,Utah Jazz,L,,76,92,12,24,L 5
2003,MIA,2003-01-12,9:30p,@,Los Angeles Lakers,L,,81,106,12,25,L 6
2003,MIA,2003-01-14,7:30p,,Detroit Pistons,W,,88,85,13,25,W 1
2003,MIA,2003-01-15,7:00p,@,Indiana Pacers,L,,81,104,13,26,L 1
2003,MIA,2003-01-18,8:00p,,Chicago Bulls,W,2OT,102,101,14,26,W 1
2003,MIA,2003-01-20,1:00p,@,New York Knicks,L,,65,72,14,27,L 1
2003,MIA,2003-01-22,7:30p,,Phoenix Suns,W,,92,85,15,27,W 1
2003,MIA,2003-01-25,3:00p,,Philadelphia 76ers,L,,91,97,15,28,L 1
2003,MIA,2003-01-27,7:30p,,Indiana Pacers,L,,95,102,15,29,L 2
2003,MIA,2003-01-29,7:30p,,New York Knicks,W,,82,80,16,29,W 1
2003,MIA,2003-01-31,7:00p,@,Philadelphia 76ers,L,,99,104,16,30,L 1
2003,MIA,2003-02-01,8:00p,,San Antonio Spurs,L,,65,67,16,31,L 2
2003,MIA,2003-02-03,7:30p,,Atlanta Hawks,W,,99,79,17,31,W 1
2003,MIA,2003-02-05,7:30p,,Portland Trail Blazers,L,,87,101,17,32,L 1
2003,MIA,2003-02-11,7:30p,,New Orleans Hornets,L,,69,78,17,33,L 2
2003,MIA,2003-02-14,8:30p,@,Houston Rockets,W,,94,82,18,33,W 1
2003,MIA,2003-02-15,8:30p,@,Dallas Mavericks,L,,92,98,18,34,L 1
2003,MIA,2003-02-17,7:30p,@,Detroit Pistons,L,,62,93,18,35,L 2
2003,MIA,2003-02-18,7:30p,@,New Jersey Nets,L,,79,84,18,36,L 3
2003,MIA,2003-02-22,8:00p,,Chicago Bulls,W,,100,90,19,36,W 1
2003,MIA,2003-02-25,8:30p,@,San Antonio Spurs,L,,69,84,19,37,L 1
2003,MIA,2003-02-26,8:30p,@,New Orleans Hornets,L,,82,91,19,38,L 2
2003,MIA,2003-02-28,8:00p,@,Memphis Grizzlies,L,OT,116,126,19,39,L 3
2003,MIA,2003-03-02,6:00p,,Washington Wizards,W,,93,83,20,39,W 1
2003,MIA,2003-03-04,7:30p,,Milwaukee Bucks,L,,91,100,20,40,L 1
2003,MIA,2003-03-07,8:00p,,Dallas Mavericks,L,,89,91,20,41,L 2
2003,MIA,2003-03-08,8:00p,,Denver Nuggets,L,,92,98,20,42,L 3
2003,MIA,2003-03-10,7:30p,,Utah Jazz,L,,73,83,20,43,L 4
2003,MIA,2003-03-11,7:00p,@,Cleveland Cavaliers,W,,77,75,21,43,W 1
2003,MIA,2003-03-14,8:00p,,New Orleans Hornets,L,,83,87,21,44,L 1
2003,MIA,2003-03-15,7:00p,@,Washington Wizards,L,,82,89,21,45,L 2
2003,MIA,2003-03-18,7:30p,,Philadelphia 76ers,L,,83,103,21,46,L 3
2003,MIA,2003-03-19,7:00p,@,Orlando Magic,L,,93,109,21,47,L 4
2003,MIA,2003-03-21,8:00p,,Toronto Raptors,W,,107,98,22,47,W 1
2003,MIA,2003-03-23,6:00p,,Orlando Magic,L,,74,96,22,48,L 1
2003,MIA,2003-03-25,8:00p,@,Minnesota Timberwolves,L,,91,108,22,49,L 2
2003,MIA,2003-03-26,8:30p,@,Chicago Bulls,L,,74,82,22,50,L 3
2003,MIA,2003-03-28,8:00p,,Minnesota Timberwolves,W,,111,84,23,50,W 1
2003,MIA,2003-03-30,4:00p,@,Milwaukee Bucks,L,,87,109,23,51,L 1
2003,MIA,2003-03-31,7:30p,,Milwaukee Bucks,L,,86,91,23,52,L 2
2003,MIA,2003-04-02,7:00p,@,Boston Celtics,L,,62,90,23,53,L 3
2003,MIA,2003-04-04,7:30p,@,New Jersey Nets,L,,83,99,23,54,L 4
2003,MIA,2003-04-06,5:00p,@,Indiana Pacers,L,,69,90,23,55,L 5
2003,MIA,2003-04-08,7:30p,,Toronto Raptors,W,,89,83,24,55,W 1
2003,MIA,2003-04-11,8:00p,,Washington Wizards,L,,87,91,24,56,L 1
2003,MIA,2003-04-13,6:00p,,Boston Celtics,L,,86,94,24,57,L 2
2003,MIA,2003-04-15,7:00p,@,Toronto Raptors,W,,103,99,25,57,W 1
2003,MIL,2002-10-30,7:00p,@,Philadelphia 76ers,L,,93,95,0,1,L 1
2003,MIL,2002-11-02,8:30p,,Orlando Magic,L,,90,100,0,2,L 2
2003,MIL,2002-11-04,7:30p,@,New York Knicks,W,,97,88,1,2,W 1
2003,MIL,2002-11-06,9:30p,,New Jersey Nets,W,,99,93,2,2,W 2
2003,MIL,2002-11-07,8:00p,@,Minnesota Timberwolves,L,,110,114,2,3,L 1
2003,MIL,2002-11-09,8:30p,,Philadelphia 76ers,W,OT,110,105,3,3,W 1
2003,MIL,2002-11-13,8:00p,,Chicago Bulls,W,,108,101,4,3,W 2
2003,MIL,2002-11-15,7:00p,@,Indiana Pacers,L,OT,100,103,4,4,L 1
2003,MIL,2002-11-16,8:30p,,Boston Celtics,W,,104,85,5,4,W 1
2003,MIL,2002-11-19,8:00p,,Miami Heat,L,,93,97,5,5,L 1
2003,MIL,2002-11-22,10:30p,@,Golden State Warriors,W,,95,91,6,5,W 1
2003,MIL,2002-11-24,9:30p,@,Los Angeles Lakers,L,,99,111,6,6,L 1
2003,MIL,2002-11-25,9:00p,@,Phoenix Suns,L,,81,86,6,7,L 2
2003,MIL,2002-11-27,8:00p,,Cleveland Cavaliers,W,,112,80,7,7,W 1
2003,MIL,2002-11-29,8:00p,@,Detroit Pistons,L,,91,96,7,8,L 1
2003,MIL,2002-11-30,9:00p,,Detroit Pistons,W,,109,86,8,8,W 1
2003,MIL,2002-12-03,7:00p,@,Washington Wizards,L,,78,103,8,9,L 1
2003,MIL,2002-12-05,7:30p,@,Atlanta Hawks,L,,80,98,8,10,L 2
2003,MIL,2002-12-07,8:30p,,New Orleans Hornets,L,,88,94,8,11,L 3
2003,MIL,2002-12-09,7:00p,@,Cleveland Cavaliers,W,2OT,140,133,9,11,W 1
2003,MIL,2002-12-11,8:00p,,Indiana Pacers,L,OT,119,126,9,12,L 1
2003,MIL,2002-12-13,8:30p,,Portland Trail Blazers,W,,101,79,10,12,W 1
2003,MIL,2002-12-14,8:30p,@,Chicago Bulls,L,,95,97,10,13,L 1
2003,MIL,2002-12-17,8:00p,,Toronto Raptors,L,OT,117,122,10,14,L 2
2003,MIL,2002-12-20,8:00p,@,Memphis Grizzlies,L,,84,95,10,15,L 3
2003,MIL,2002-12-21,8:30p,,New York Knicks,W,,94,90,11,15,W 1
2003,MIL,2002-12-23,7:00p,@,Orlando Magic,W,,108,103,12,15,W 2
2003,MIL,2002-12-27,8:00p,@,New Jersey Nets,L,,90,110,12,16,L 1
2003,MIL,2002-12-28,8:30p,,New Jersey Nets,L,,96,104,12,17,L 2
2003,MIL,2002-12-30,8:30p,@,Dallas Mavericks,W,,110,107,13,17,W 1
2003,MIL,2002-12-31,10:00p,@,Houston Rockets,L,,80,103,13,18,L 1
2003,MIL,2003-01-03,8:30p,,Utah Jazz,L,,115,118,13,19,L 2
2003,MIL,2003-01-06,7:00p,@,Cleveland Cavaliers,W,,106,94,14,19,W 1
2003,MIL,2003-01-07,8:00p,,Sacramento Kings,L,,76,101,14,20,L 1
2003,MIL,2003-01-10,8:30p,,Chicago Bulls,W,OT,93,85,15,20,W 1
2003,MIL,2003-01-11,7:30p,@,Detroit Pistons,W,,89,87,16,20,W 2
2003,MIL,2003-01-14,8:00p,,Atlanta Hawks,W,,97,88,17,20,W 3
2003,MIL,2003-01-15,7:00p,@,Toronto Raptors,W,,99,87,18,20,W 4
2003,MIL,2003-01-17,7:00p,@,Philadelphia 76ers,W,,99,95,19,20,W 5
2003,MIL,2003-01-18,8:30p,,Boston Celtics,L,,95,97,19,21,L 1
2003,MIL,2003-01-22,7:00p,@,Boston Celtics,W,,106,97,20,21,W 1
2003,MIL,2003-01-25,8:30p,,Denver Nuggets,W,,88,75,21,21,W 2
2003,MIL,2003-01-27,8:30p,@,New Orleans Hornets,W,,108,93,22,21,W 3
2003,MIL,2003-01-28,8:00p,,Philadelphia 76ers,L,,81,108,22,22,L 1
2003,MIL,2003-01-30,8:00p,,Washington Wizards,W,,97,90,23,22,W 1
2003,MIL,2003-02-01,8:30p,,New York Knicks,W,,107,100,24,22,W 2
2003,MIL,2003-02-04,8:00p,,Toronto Raptors,L,,95,98,24,23,L 1
2003,MIL,2003-02-06,8:00p,,Seattle SuperSonics,W,,97,91,25,23,W 1
2003,MIL,2003-02-12,9:00p,,Dallas Mavericks,W,,120,114,26,23,W 2
2003,MIL,2003-02-14,8:30p,,Detroit Pistons,W,,96,86,27,23,W 3
2003,MIL,2003-02-16,3:00p,,Memphis Grizzlies,L,,95,101,27,24,L 1
2003,MIL,2003-02-18,10:00p,@,Sacramento Kings,L,,93,102,27,25,L 2
2003,MIL,2003-02-19,10:30p,@,Los Angeles Clippers,L,,104,110,27,26,L 3
2003,MIL,2003-02-21,10:30p,@,Seattle SuperSonics,L,,58,88,27,27,L 4
2003,MIL,2003-02-22,10:00p,@,Portland Trail Blazers,W,,93,90,28,27,W 1
2003,MIL,2003-02-24,8:00p,,Minnesota Timberwolves,L,,114,117,28,28,L 1
2003,MIL,2003-02-26,8:00p,,Phoenix Suns,L,,112,118,28,29,L 2
2003,MIL,2003-02-28,7:00p,@,Indiana Pacers,L,,98,107,28,30,L 3
2003,MIL,2003-03-02,3:00p,,Atlanta Hawks,W,,120,93,29,30,W 1
2003,MIL,2003-03-04,7:30p,@,Miami Heat,W,,100,91,30,30,W 2
2003,MIL,2003-03-05,7:00p,@,Orlando Magic,L,,99,111,30,31,L 1
2003,MIL,2003-03-07,7:00p,@,Washington Wizards,W,,85,82,31,31,W 1
2003,MIL,2003-03-08,8:30p,,Golden State Warriors,W,OT,138,133,32,31,W 2
2003,MIL,2003-03-11,8:00p,,San Antonio Spurs,L,,102,105,32,32,L 1
2003,MIL,2003-03-12,7:30p,@,Atlanta Hawks,L,,92,111,32,33,L 2
2003,MIL,2003-03-15,8:30p,,Los Angeles Lakers,L,,94,98,32,34,L 3
2003,MIL,2003-03-16,7:00p,@,New York Knicks,L,,111,120,32,35,L 4
2003,MIL,2003-03-19,7:30p,@,New Jersey Nets,W,,104,85,33,35,W 1
2003,MIL,2003-03-21,8:30p,@,New Orleans Hornets,L,,98,113,33,36,L 1
2003,MIL,2003-03-22,8:30p,,New Orleans Hornets,W,,93,85,34,36,W 1
2003,MIL,2003-03-25,8:00p,@,San Antonio Spurs,L,,94,107,34,37,L 1
2003,MIL,2003-03-26,9:00p,@,Denver Nuggets,L,,103,108,34,38,L 2
2003,MIL,2003-03-28,9:00p,@,Utah Jazz,L,,90,103,34,39,L 3
2003,MIL,2003-03-30,4:00p,,Miami Heat,W,,109,87,35,39,W 1
2003,MIL,2003-03-31,7:30p,@,Miami Heat,W,,91,86,36,39,W 2
2003,MIL,2003-04-02,8:00p,,Houston Rockets,W,,106,99,37,39,W 3
2003,MIL,2003-04-04,8:30p,,Cleveland Cavaliers,W,,95,93,38,39,W 4
2003,MIL,2003-04-05,8:30p,@,Chicago Bulls,L,OT,115,117,38,40,L 1
2003,MIL,2003-04-09,8:00p,,Los Angeles Clippers,W,,112,92,39,40,W 1
2003,MIL,2003-04-11,7:00p,@,Toronto Raptors,W,,105,103,40,40,W 2
2003,MIL,2003-04-13,3:00p,,Indiana Pacers,W,,107,98,41,40,W 3
2003,MIL,2003-04-16,8:00p,,Orlando Magic,W,,93,87,42,40,W 4
2003,MIL,2003-04-19,12:30p,@,New Jersey Nets,L,,96,109,0,1,L 1
2003,MIL,2003-04-22,7:00p,@,New Jersey Nets,W,,88,85,1,1,W 1
2003,MIL,2003-04-24,8:30p,,New Jersey Nets,L,,101,103,1,2,L 1
2003,MIL,2003-04-26,5:00p,,New Jersey Nets,W,OT,119,114,2,2,W 1
2003,MIL,2003-04-29,7:00p,@,New Jersey Nets,L,,82,89,2,3,L 1
2003,MIL,2003-05-01,8:00p,,New Jersey Nets,L,,101,113,2,4,L 2
2003,MIN,2002-10-30,8:00p,,Denver Nuggets,W,,83,77,1,0,W 1
2003,MIN,2002-11-01,8:00p,,Orlando Magic,W,,111,105,2,0,W 2
2003,MIN,2002-11-02,7:00p,@,Indiana Pacers,L,,80,87,2,1,L 1
2003,MIN,2002-11-04,7:30p,@,New Jersey Nets,L,,82,106,2,2,L 2
2003,MIN,2002-11-05,8:00p,,Washington Wizards,W,,90,86,3,2,W 1
2003,MIN,2002-11-07,8:00p,,Milwaukee Bucks,W,,114,110,4,2,W 2
2003,MIN,2002-11-09,8:00p,,Boston Celtics,L,,99,105,4,3,L 1
2003,MIN,2002-11-11,8:30p,@,San Antonio Spurs,L,,75,91,4,4,L 2
2003,MIN,2002-11-13,8:30p,@,New Orleans Hornets,L,,98,102,4,5,L 3
2003,MIN,2002-11-15,8:00p,@,Memphis Grizzlies,W,,99,95,5,5,W 1
2003,MIN,2002-11-16,8:00p,,Indiana Pacers,L,,101,107,5,6,L 1
2003,MIN,2002-11-19,8:00p,,Memphis Grizzlies,W,OT,110,106,6,6,W 1
2003,MIN,2002-11-20,7:30p,@,Atlanta Hawks,W,,103,93,7,6,W 2
2003,MIN,2002-11-23,8:00p,,New Jersey Nets,L,,82,96,7,7,L 1
2003,MIN,2002-11-24,7:00p,@,New York Knicks,W,,106,88,8,7,W 1
2003,MIN,2002-11-27,8:00p,,Sacramento Kings,W,,90,74,9,7,W 2
2003,MIN,2002-11-29,9:00p,@,Utah Jazz,L,,77,95,9,8,L 1
2003,MIN,2002-12-01,9:30p,@,Los Angeles Lakers,W,,110,107,10,8,W 1
2003,MIN,2002-12-03,10:00p,@,Sacramento Kings,L,,86,98,10,9,L 1
2003,MIN,2002-12-05,10:00p,@,Golden State Warriors,W,,114,98,11,9,W 1
2003,MIN,2002-12-07,3:30p,@,Los Angeles Clippers,L,,88,104,11,10,L 1
2003,MIN,2002-12-09,9:00p,@,Denver Nuggets,W,,92,84,12,10,W 1
2003,MIN,2002-12-12,8:00p,,Atlanta Hawks,W,,113,95,13,10,W 2
2003,MIN,2002-12-14,8:00p,,Portland Trail Blazers,L,OT,92,98,13,11,L 1
2003,MIN,2002-12-17,8:00p,,Los Angeles Lakers,W,,96,80,14,11,W 1
2003,MIN,2002-12-18,7:00p,@,Philadelphia 76ers,L,,94,99,14,12,L 1
2003,MIN,2002-12-20,7:30p,@,Boston Celtics,L,,99,108,14,13,L 2
2003,MIN,2002-12-21,8:00p,,Houston Rockets,W,,98,86,15,13,W 1
2003,MIN,2002-12-27,8:30p,@,Chicago Bulls,W,,113,100,16,13,W 2
2003,MIN,2002-12-28,7:30p,@,Detroit Pistons,L,,82,106,16,14,L 1
2003,MIN,2002-12-30,8:00p,,Phoenix Suns,W,,104,98,17,14,W 1
2003,MIN,2003-01-04,8:00p,,Utah Jazz,L,,97,105,17,15,L 1
2003,MIN,2003-01-07,8:30p,@,Houston Rockets,L,,86,94,17,16,L 2
2003,MIN,2003-01-08,8:00p,,Golden State Warriors,W,,102,95,18,16,W 1
2003,MIN,2003-01-10,8:00p,,Sacramento Kings,W,OT,115,109,19,16,W 2
2003,MIN,2003-01-12,12:30p,@,Toronto Raptors,L,,91,105,19,17,L 1
2003,MIN,2003-01-13,8:00p,,Denver Nuggets,W,,89,75,20,17,W 1
2003,MIN,2003-01-15,10:30p,@,Los Angeles Clippers,W,,95,64,21,17,W 2
2003,MIN,2003-01-17,10:30p,@,Golden State Warriors,L,,98,107,21,18,L 1
2003,MIN,2003-01-18,10:00p,@,Portland Trail Blazers,W,,104,98,22,18,W 1
2003,MIN,2003-01-20,5:00p,,Toronto Raptors,W,,89,81,23,18,W 2
2003,MIN,2003-01-22,8:00p,,Seattle SuperSonics,W,,96,91,24,18,W 3
2003,MIN,2003-01-24,8:00p,,Los Angeles Clippers,W,,88,85,25,18,W 4
2003,MIN,2003-01-25,7:00p,@,Washington Wizards,W,,97,89,26,18,W 5
2003,MIN,2003-01-27,8:00p,,San Antonio Spurs,W,,106,95,27,18,W 6
2003,MIN,2003-01-30,7:30p,@,Dallas Mavericks,L,,109,112,27,19,L 1
2003,MIN,2003-01-31,8:30p,@,Houston Rockets,L,,101,121,27,20,L 2
2003,MIN,2003-02-02,3:30p,,Philadelphia 76ers,W,,99,91,28,20,W 1
2003,MIN,2003-02-04,8:00p,,Houston Rockets,W,,103,89,29,20,W 2
2003,MIN,2003-02-11,8:00p,,Dallas Mavericks,W,,100,98,30,20,W 3
2003,MIN,2003-02-12,7:00p,@,Cleveland Cavaliers,W,,102,91,31,20,W 4
2003,MIN,2003-02-14,8:00p,,New Orleans Hornets,W,,114,93,32,20,W 5
2003,MIN,2003-02-16,3:30p,,Golden State Warriors,W,,109,102,33,20,W 6
2003,MIN,2003-02-17,9:00p,@,Utah Jazz,L,,97,109,33,21,L 1
2003,MIN,2003-02-19,9:00p,@,Denver Nuggets,W,,85,77,34,21,W 1
2003,MIN,2003-02-21,8:00p,,Detroit Pistons,W,,103,96,35,21,W 2
2003,MIN,2003-02-23,3:30p,,Phoenix Suns,W,,99,97,36,21,W 3
2003,MIN,2003-02-24,8:00p,@,Milwaukee Bucks,W,,117,114,37,21,W 4
2003,MIN,2003-02-26,9:00p,,Utah Jazz,W,,92,85,38,21,W 5
2003,MIN,2003-02-28,8:00p,,Cleveland Cavaliers,W,,118,95,39,21,W 6
2003,MIN,2003-03-02,3:30p,,New York Knicks,W,,99,90,40,21,W 7
2003,MIN,2003-03-04,10:00p,@,Seattle SuperSonics,L,,83,92,40,22,L 1
2003,MIN,2003-03-05,9:00p,@,Sacramento Kings,L,OT,95,96,40,23,L 2
2003,MIN,2003-03-07,10:30p,@,Los Angeles Lakers,L,,96,106,40,24,L 3
2003,MIN,2003-03-09,8:00p,@,Phoenix Suns,W,,105,98,41,24,W 1
2003,MIN,2003-03-10,8:30p,@,Dallas Mavericks,W,,92,83,42,24,W 2
2003,MIN,2003-03-12,8:00p,,San Antonio Spurs,L,,99,111,42,25,L 1
2003,MIN,2003-03-14,8:00p,,Los Angeles Lakers,L,,99,106,42,26,L 2
2003,MIN,2003-03-16,3:30p,,Portland Trail Blazers,W,,111,95,43,26,W 1
2003,MIN,2003-03-18,8:00p,,Memphis Grizzlies,W,,96,80,44,26,W 2
2003,MIN,2003-03-21,8:00p,@,San Antonio Spurs,W,OT,101,94,45,26,W 3
2003,MIN,2003-03-25,8:00p,,Miami Heat,W,,108,91,46,26,W 4
2003,MIN,2003-03-27,7:00p,@,Orlando Magic,L,,107,110,46,27,L 1
2003,MIN,2003-03-28,8:00p,@,Miami Heat,L,,84,111,46,28,L 2
2003,MIN,2003-03-30,1:30p,,Dallas Mavericks,L,,95,119,46,29,L 3
2003,MIN,2003-04-02,8:00p,,Seattle SuperSonics,W,,91,86,47,29,W 1
2003,MIN,2003-04-05,3:30p,@,Phoenix Suns,L,,94,111,47,30,L 1
2003,MIN,2003-04-06,9:00p,@,Portland Trail Blazers,W,,97,78,48,30,W 1
2003,MIN,2003-04-09,10:00p,@,Seattle SuperSonics,L,,92,100,48,31,L 1
2003,MIN,2003-04-11,8:00p,,Los Angeles Clippers,W,,106,90,49,31,W 1
2003,MIN,2003-04-13,3:30p,,Chicago Bulls,W,,119,95,50,31,W 2
2003,MIN,2003-04-16,8:00p,@,Memphis Grizzlies,W,,95,87,51,31,W 3
2003,MIN,2003-04-20,3:30p,,Los Angeles Lakers,L,,98,117,0,1,L 1
2003,MIN,2003-04-22,9:30p,,Los Angeles Lakers,W,,119,91,1,1,W 1
2003,MIN,2003-04-24,11:00p,@,Los Angeles Lakers,W,OT,114,110,2,1,W 2
2003,MIN,2003-04-27,3:00p,@,Los Angeles Lakers,L,,97,102,2,2,L 1
2003,MIN,2003-04-29,9:30p,,Los Angeles Lakers,L,,90,120,2,3,L 2
2003,MIN,2003-05-01,10:30p,@,Los Angeles Lakers,L,,85,101,2,4,L 3
2003,NJN,2002-10-30,7:30p,,Atlanta Hawks,W,,105,94,1,0,W 1
2003,NJN,2002-11-01,7:30p,,Indiana Pacers,W,,102,91,2,0,W 2
2003,NJN,2002-11-02,7:00p,@,Washington Wizards,W,,87,79,3,0,W 3
2003,NJN,2002-11-04,7:30p,,Minnesota Timberwolves,W,,106,82,4,0,W 4
2003,NJN,2002-11-06,9:30p,@,Milwaukee Bucks,L,,93,99,4,1,L 1
2003,NJN,2002-11-08,7:30p,,Los Angeles Clippers,W,,106,92,5,1,W 1
2003,NJN,2002-11-09,8:30p,@,Chicago Bulls,L,,93,100,5,2,L 1
2003,NJN,2002-11-13,7:00p,,San Antonio Spurs,W,,91,82,6,2,W 1
2003,NJN,2002-11-15,8:00p,@,Miami Heat,W,,93,84,7,2,W 2
2003,NJN,2002-11-16,7:30p,,Dallas Mavericks,L,,88,96,7,3,L 1
2003,NJN,2002-11-18,7:30p,,Denver Nuggets,W,,99,79,8,3,W 1
2003,NJN,2002-11-20,7:00p,@,Boston Celtics,L,,79,96,8,4,L 1
2003,NJN,2002-11-22,7:30p,,Cleveland Cavaliers,W,,120,79,9,4,W 1
2003,NJN,2002-11-23,8:00p,@,Minnesota Timberwolves,W,,96,82,10,4,W 2
2003,NJN,2002-11-27,9:00p,@,Phoenix Suns,L,,75,82,10,5,L 1
2003,NJN,2002-11-28,10:00p,@,Los Angeles Clippers,L,OT,118,126,10,6,L 2
2003,NJN,2002-11-30,10:00p,@,Portland Trail Blazers,W,,93,86,11,6,W 1
2003,NJN,2002-12-01,9:00p,@,Seattle SuperSonics,L,,95,96,11,7,L 1
2003,NJN,2002-12-03,7:30p,,Atlanta Hawks,W,,87,72,12,7,W 1
2003,NJN,2002-12-07,7:30p,,Orlando Magic,W,,121,88,13,7,W 2
2003,NJN,2002-12-09,7:30p,,Phoenix Suns,W,,106,93,14,7,W 3
2003,NJN,2002-12-11,7:00p,,Portland Trail Blazers,W,,105,104,15,7,W 4
2003,NJN,2002-12-13,8:00p,,Washington Wizards,W,,79,65,16,7,W 5
2003,NJN,2002-12-15,6:00p,@,Detroit Pistons,L,,91,101,16,8,L 1
2003,NJN,2002-12-17,7:30p,@,New York Knicks,L,,99,101,16,9,L 2
2003,NJN,2002-12-19,7:30p,,Los Angeles Lakers,W,,98,71,17,9,W 1
2003,NJN,2002-12-21,8:00p,,Detroit Pistons,W,,100,92,18,9,W 2
2003,NJN,2002-12-23,7:30p,,Chicago Bulls,W,,99,83,19,9,W 3
2003,NJN,2002-12-25,6:00p,,Boston Celtics,W,,117,81,20,9,W 4
2003,NJN,2002-12-27,8:00p,,Milwaukee Bucks,W,,110,90,21,9,W 5
2003,NJN,2002-12-28,8:30p,@,Milwaukee Bucks,W,,104,96,22,9,W 6
2003,NJN,2002-12-30,7:30p,,Cleveland Cavaliers,W,,102,88,23,9,W 7
2003,NJN,2003-01-03,8:00p,@,Miami Heat,W,,100,80,24,9,W 8
2003,NJN,2003-01-04,7:00p,@,Orlando Magic,W,,88,83,25,9,W 9
2003,NJN,2003-01-06,7:30p,@,Atlanta Hawks,W,,101,94,26,9,W 10
2003,NJN,2003-01-09,7:30p,,Sacramento Kings,L,,82,118,26,10,L 1
2003,NJN,2003-01-10,7:00p,@,Toronto Raptors,W,,94,79,27,10,W 1
2003,NJN,2003-01-15,7:00p,@,Philadelphia 76ers,L,,107,108,27,11,L 1
2003,NJN,2003-01-17,7:30p,,Toronto Raptors,W,,88,77,28,11,W 1
2003,NJN,2003-01-20,9:00p,@,Utah Jazz,L,OT,103,106,28,12,L 1
2003,NJN,2003-01-21,10:00p,@,Sacramento Kings,L,,102,109,28,13,L 2
2003,NJN,2003-01-23,10:00p,@,Golden State Warriors,L,,97,105,28,14,L 3
2003,NJN,2003-01-24,10:30p,@,Los Angeles Lakers,W,,89,83,29,14,W 1
2003,NJN,2003-01-27,9:00p,@,Denver Nuggets,W,,92,66,30,14,W 2
2003,NJN,2003-01-29,7:30p,,Washington Wizards,W,,86,78,31,14,W 3
2003,NJN,2003-01-31,7:30p,,New Orleans Hornets,W,,89,72,32,14,W 4
2003,NJN,2003-02-01,7:30p,@,Detroit Pistons,L,,84,106,32,15,L 1
2003,NJN,2003-02-03,7:30p,,Seattle SuperSonics,W,OT,109,108,33,15,W 1
2003,NJN,2003-02-05,7:30p,@,Philadelphia 76ers,W,,111,85,34,15,W 2
2003,NJN,2003-02-11,7:00p,@,Orlando Magic,L,,83,92,34,16,L 1
2003,NJN,2003-02-12,8:00p,@,Memphis Grizzlies,L,,90,97,34,17,L 2
2003,NJN,2003-02-14,7:30p,,Chicago Bulls,W,,90,72,35,17,W 1
2003,NJN,2003-02-16,1:00p,,Philadelphia 76ers,L,,83,90,35,18,L 1
2003,NJN,2003-02-18,7:30p,,Miami Heat,W,,84,79,36,18,W 1
2003,NJN,2003-02-20,7:30p,,Indiana Pacers,W,,98,91,37,18,W 2
2003,NJN,2003-02-21,7:00p,@,Washington Wizards,L,,86,89,37,19,L 1
2003,NJN,2003-02-23,3:00p,,Orlando Magic,L,,105,113,37,20,L 2
2003,NJN,2003-02-25,7:00p,@,Cleveland Cavaliers,L,,90,93,37,21,L 3
2003,NJN,2003-02-26,7:30p,,New York Knicks,W,,105,76,38,21,W 1
2003,NJN,2003-03-02,1:00p,,Utah Jazz,L,,90,91,38,22,L 1
2003,NJN,2003-03-04,8:30p,@,Dallas Mavericks,L,,79,88,38,23,L 2
2003,NJN,2003-03-06,7:30p,@,San Antonio Spurs,L,,78,92,38,24,L 3
2003,NJN,2003-03-08,8:30p,@,Houston Rockets,L,,71,83,38,25,L 4
2003,NJN,2003-03-09,7:00p,@,New Orleans Hornets,W,,102,92,39,25,W 1
2003,NJN,2003-03-13,7:30p,,Boston Celtics,W,,90,75,40,25,W 2
2003,NJN,2003-03-16,1:00p,,Philadelphia 76ers,L,,87,92,40,26,L 1
2003,NJN,2003-03-18,7:00p,@,Boston Celtics,W,,87,74,41,26,W 1
2003,NJN,2003-03-19,7:30p,,Milwaukee Bucks,L,,85,104,41,27,L 1
2003,NJN,2003-03-22,7:30p,,Memphis Grizzlies,W,,107,99,42,27,W 1
2003,NJN,2003-03-23,7:00p,@,Cleveland Cavaliers,L,,88,93,42,28,L 1
2003,NJN,2003-03-26,7:30p,,New York Knicks,W,,101,95,43,28,W 1
2003,NJN,2003-03-28,8:00p,@,New York Knicks,W,,122,101,44,28,W 2
2003,NJN,2003-03-29,7:30p,,Golden State Warriors,W,,109,97,45,28,W 3
2003,NJN,2003-03-31,7:30p,,Houston Rockets,W,,110,86,46,28,W 4
2003,NJN,2003-04-02,8:30p,@,New Orleans Hornets,L,,97,106,46,29,L 1
2003,NJN,2003-04-04,7:30p,,Miami Heat,W,,99,83,47,29,W 1
2003,NJN,2003-04-06,1:30p,@,Toronto Raptors,W,,96,87,48,29,W 2
2003,NJN,2003-04-09,7:30p,@,Atlanta Hawks,L,,92,97,48,30,L 1
2003,NJN,2003-04-11,8:30p,@,Chicago Bulls,L,,86,95,48,31,L 2
2003,NJN,2003-04-12,7:30p,,Toronto Raptors,W,,94,86,49,31,W 1
2003,NJN,2003-04-14,7:30p,,New Orleans Hornets,L,,74,87,49,32,L 1
2003,NJN,2003-04-16,8:00p,@,Indiana Pacers,L,,83,90,49,33,L 2
2003,NJN,2003-04-19,12:30p,,Milwaukee Bucks,W,,109,96,1,0,W 1
2003,NJN,2003-04-22,7:00p,,Milwaukee Bucks,L,,85,88,1,1,L 1
2003,NJN,2003-04-24,8:30p,@,Milwaukee Bucks,W,,103,101,2,1,W 1
2003,NJN,2003-04-26,5:00p,@,Milwaukee Bucks,L,OT,114,119,2,2,L 1
2003,NJN,2003-04-29,7:00p,,Milwaukee Bucks,W,,89,82,3,2,W 1
2003,NJN,2003-05-01,8:00p,@,Milwaukee Bucks,W,,113,101,4,2,W 2
2003,NJN,2003-05-05,7:00p,,Boston Celtics,W,,97,93,5,2,W 3
2003,NJN,2003-05-07,7:00p,,Boston Celtics,W,,104,95,6,2,W 4
2003,NJN,2003-05-09,8:00p,@,Boston Celtics,W,,94,76,7,2,W 5
2003,NJN,2003-05-12,8:00p,@,Boston Celtics,W,2OT,110,101,8,2,W 6
2003,NJN,2003-05-18,1:30p,@,Detroit Pistons,W,,76,74,9,2,W 7
2003,NJN,2003-05-20,8:00p,@,Detroit Pistons,W,,88,86,10,2,W 8
2003,NJN,2003-05-22,8:30p,,Detroit Pistons,W,,97,85,11,2,W 9
2003,NJN,2003-05-24,8:00p,,Detroit Pistons,W,,102,82,12,2,W 10
2003,NJN,2003-06-04,8:30p,@,San Antonio Spurs,L,,89,101,12,3,L 1
2003,NJN,2003-06-06,8:30p,@,San Antonio Spurs,W,,87,85,13,3,W 1
2003,NJN,2003-06-08,8:30p,,San Antonio Spurs,L,,79,84,13,4,L 1
2003,NJN,2003-06-11,8:30p,,San Antonio Spurs,W,,77,76,14,4,W 1
2003,NJN,2003-06-13,8:30p,,San Antonio Spurs,L,,83,93,14,5,L 1
2003,NJN,2003-06-15,8:30p,@,San Antonio Spurs,L,,77,88,14,6,L 2
2003,NOH,2002-10-30,8:30p,,Utah Jazz,W,,100,75,1,0,W 1
2003,NOH,2002-11-01,8:30p,@,Chicago Bulls,L,,79,84,1,1,L 1
2003,NOH,2002-11-02,8:30p,,Miami Heat,W,,100,95,2,1,W 1
2003,NOH,2002-11-06,8:30p,,Seattle SuperSonics,W,,86,84,3,1,W 2
2003,NOH,2002-11-08,8:30p,,Golden State Warriors,W,,110,104,4,1,W 3
2003,NOH,2002-11-10,4:00p,@,New York Knicks,W,OT,97,91,5,1,W 4
2003,NOH,2002-11-12,7:30p,@,Detroit Pistons,L,,87,93,5,2,L 1
2003,NOH,2002-11-13,8:30p,,Minnesota Timberwolves,W,,102,98,6,2,W 1
2003,NOH,2002-11-15,8:30p,,Chicago Bulls,W,,105,87,7,2,W 2
2003,NOH,2002-11-16,7:00p,@,Atlanta Hawks,L,,82,89,7,3,L 1
2003,NOH,2002-11-19,8:30p,,Philadelphia 76ers,W,,99,98,8,3,W 1
2003,NOH,2002-11-22,8:30p,,New York Knicks,W,OT,105,97,9,3,W 2
2003,NOH,2002-11-23,7:30p,@,Cleveland Cavaliers,W,,97,84,10,3,W 3
2003,NOH,2002-11-25,7:00p,@,Philadelphia 76ers,L,,87,108,10,4,L 1
2003,NOH,2002-11-27,8:30p,,Atlanta Hawks,W,,106,94,11,4,W 1
2003,NOH,2002-11-30,1:00p,@,New York Knicks,L,OT,86,92,11,5,L 1
2003,NOH,2002-12-01,6:00p,@,Boston Celtics,L,,86,95,11,6,L 2
2003,NOH,2002-12-03,8:30p,@,Chicago Bulls,W,,115,90,12,6,W 1
2003,NOH,2002-12-04,8:30p,,Toronto Raptors,W,,89,74,13,6,W 2
2003,NOH,2002-12-06,8:30p,,Houston Rockets,W,OT,98,96,14,6,W 3
2003,NOH,2002-12-07,8:30p,@,Milwaukee Bucks,W,,94,88,15,6,W 4
2003,NOH,2002-12-09,8:30p,,Los Angeles Clippers,L,,90,94,15,7,L 1
2003,NOH,2002-12-12,10:00p,@,Utah Jazz,W,,93,88,16,7,W 1
2003,NOH,2002-12-13,10:30p,@,Los Angeles Lakers,W,,98,82,17,7,W 2
2003,NOH,2002-12-15,9:00p,@,Sacramento Kings,L,,92,107,17,8,L 1
2003,NOH,2002-12-17,10:00p,@,Portland Trail Blazers,L,,93,102,17,9,L 2
2003,NOH,2002-12-18,10:30p,@,Golden State Warriors,L,,106,111,17,10,L 3
2003,NOH,2002-12-20,10:00p,@,Seattle SuperSonics,W,OT,88,86,18,10,W 1
2003,NOH,2002-12-23,8:30p,@,San Antonio Spurs,L,OT,94,99,18,11,L 1
2003,NOH,2002-12-26,8:30p,,Dallas Mavericks,L,,81,83,18,12,L 2
2003,NOH,2002-12-28,7:00p,@,Indiana Pacers,L,,84,91,18,13,L 3
2003,NOH,2002-12-29,8:30p,@,Houston Rockets,L,,85,97,18,14,L 4
2003,NOH,2002-12-31,8:30p,,Indiana Pacers,L,,86,89,18,15,L 5
2003,NOH,2003-01-03,8:30p,,Orlando Magic,W,,100,89,19,15,W 1
2003,NOH,2003-01-05,3:30p,@,Toronto Raptors,W,,99,84,20,15,W 2
2003,NOH,2003-01-06,8:00p,@,Memphis Grizzlies,L,,102,106,20,16,L 1
2003,NOH,2003-01-08,9:00p,,Boston Celtics,L,,83,93,20,17,L 2
2003,NOH,2003-01-10,8:30p,,Detroit Pistons,L,OT,99,101,20,18,L 3
2003,NOH,2003-01-11,7:00p,@,Atlanta Hawks,L,,80,87,20,19,L 4
2003,NOH,2003-01-15,8:30p,,Los Angeles Lakers,L,,82,90,20,20,L 5
2003,NOH,2003-01-17,8:30p,,Chicago Bulls,W,,90,83,21,20,W 1
2003,NOH,2003-01-20,3:30p,,Phoenix Suns,W,,114,102,22,20,W 2
2003,NOH,2003-01-22,9:00p,,Washington Wizards,W,,103,94,23,20,W 3
2003,NOH,2003-01-24,8:30p,,Portland Trail Blazers,L,OT,96,97,23,21,L 1
2003,NOH,2003-01-27,8:30p,,Milwaukee Bucks,L,,93,108,23,22,L 2
2003,NOH,2003-01-29,8:30p,,Toronto Raptors,W,,104,83,24,22,W 1
2003,NOH,2003-01-31,7:30p,@,New Jersey Nets,L,,72,89,24,23,L 1
2003,NOH,2003-02-01,7:00p,@,Washington Wizards,L,,104,109,24,24,L 2
2003,NOH,2003-02-03,8:30p,,Boston Celtics,W,,103,96,25,24,W 1
2003,NOH,2003-02-05,8:30p,,Sacramento Kings,W,,108,84,26,24,W 2
2003,NOH,2003-02-11,7:30p,@,Miami Heat,W,,78,69,27,24,W 3
2003,NOH,2003-02-12,8:30p,,Indiana Pacers,L,,72,83,27,25,L 1
2003,NOH,2003-02-14,8:00p,@,Minnesota Timberwolves,L,,93,114,27,26,L 2
2003,NOH,2003-02-16,7:00p,,Denver Nuggets,W,,100,92,28,26,W 1
2003,NOH,2003-02-18,7:00p,@,Orlando Magic,L,,94,99,28,27,L 1
2003,NOH,2003-02-19,8:30p,,Washington Wizards,W,,87,75,29,27,W 1
2003,NOH,2003-02-21,8:30p,,Memphis Grizzlies,W,OT,125,123,30,27,W 2
2003,NOH,2003-02-22,7:30p,@,Detroit Pistons,W,,93,91,31,27,W 3
2003,NOH,2003-02-26,8:30p,,Miami Heat,W,,91,82,32,27,W 4
2003,NOH,2003-02-28,9:00p,@,Denver Nuggets,W,,94,88,33,27,W 5
2003,NOH,2003-03-01,9:00p,@,Phoenix Suns,W,,97,92,34,27,W 6
2003,NOH,2003-03-03,10:30p,@,Los Angeles Clippers,W,,111,108,35,27,W 7
2003,NOH,2003-03-07,8:30p,,Cleveland Cavaliers,W,,102,76,36,27,W 8
2003,NOH,2003-03-09,7:00p,,New Jersey Nets,L,,92,102,36,28,L 1
2003,NOH,2003-03-11,7:00p,@,Indiana Pacers,W,,81,71,37,28,W 1
2003,NOH,2003-03-12,7:00p,@,Boston Celtics,L,,65,93,37,29,L 1
2003,NOH,2003-03-14,8:00p,@,Miami Heat,W,,87,83,38,29,W 1
2003,NOH,2003-03-15,7:00p,@,Orlando Magic,L,,86,96,38,30,L 1
2003,NOH,2003-03-19,8:30p,,New York Knicks,W,,101,96,39,30,W 1
2003,NOH,2003-03-21,8:30p,,Milwaukee Bucks,W,,113,98,40,30,W 2
2003,NOH,2003-03-22,8:30p,@,Milwaukee Bucks,L,,85,93,40,31,L 1
2003,NOH,2003-03-26,9:00p,,Orlando Magic,L,,95,97,40,32,L 2
2003,NOH,2003-03-28,7:00p,@,Toronto Raptors,W,,101,92,41,32,W 1
2003,NOH,2003-03-30,7:00p,,San Antonio Spurs,L,,90,92,41,33,L 1
2003,NOH,2003-04-01,8:30p,@,Dallas Mavericks,L,,86,95,41,34,L 2
2003,NOH,2003-04-02,8:30p,,New Jersey Nets,W,,106,97,42,34,W 1
2003,NOH,2003-04-05,7:30p,@,Cleveland Cavaliers,L,,76,79,42,35,L 1
2003,NOH,2003-04-09,8:30p,,Cleveland Cavaliers,W,,100,81,43,35,W 1
2003,NOH,2003-04-11,8:30p,,Detroit Pistons,W,,93,89,44,35,W 2
2003,NOH,2003-04-13,6:00p,@,Philadelphia 76ers,W,,94,89,45,35,W 3
2003,NOH,2003-04-14,7:30p,@,New Jersey Nets,W,,87,74,46,35,W 4
2003,NOH,2003-04-16,8:30p,,Atlanta Hawks,W,,92,77,47,35,W 5
2003,NOH,2003-04-20,8:00p,@,Philadelphia 76ers,L,,90,98,0,1,L 1
2003,NOH,2003-04-23,7:00p,@,Philadelphia 76ers,L,,85,90,0,2,L 2
2003,NOH,2003-04-26,7:30p,,Philadelphia 76ers,W,,99,85,1,2,W 1
2003,NOH,2003-04-28,8:00p,,Philadelphia 76ers,L,,87,96,1,3,L 1
2003,NOH,2003-04-30,6:00p,@,Philadelphia 76ers,W,,93,91,2,3,W 1
2003,NOH,2003-05-02,9:30p,,Philadelphia 76ers,L,,103,107,2,4,L 1
2003,NYK,2002-10-30,8:00p,@,Detroit Pistons,L,,77,86,0,1,L 1
2003,NYK,2002-11-01,8:00p,@,Philadelphia 76ers,L,,86,98,0,2,L 2
2003,NYK,2002-11-02,7:30p,,Boston Celtics,L,,107,117,0,3,L 3
2003,NYK,2002-11-04,7:30p,,Milwaukee Bucks,L,,88,97,0,4,L 4
2003,NYK,2002-11-06,7:00p,,Sacramento Kings,W,,95,88,1,4,W 1
2003,NYK,2002-11-08,7:00p,@,Indiana Pacers,L,,94,107,1,5,L 1
2003,NYK,2002-11-10,4:00p,,New Orleans Hornets,L,OT,91,97,1,6,L 2
2003,NYK,2002-11-12,7:30p,,Utah Jazz,L,,87,108,1,7,L 3
2003,NYK,2002-11-16,1:00p,,Philadelphia 76ers,L,,92,93,1,8,L 4
2003,NYK,2002-11-18,7:30p,,Detroit Pistons,W,,94,91,2,8,W 1
2003,NYK,2002-11-22,8:30p,@,New Orleans Hornets,L,OT,97,105,2,9,L 1
2003,NYK,2002-11-24,7:00p,,Minnesota Timberwolves,L,,88,106,2,10,L 2
2003,NYK,2002-11-27,7:00p,@,Toronto Raptors,W,,87,81,3,10,W 1
2003,NYK,2002-11-30,1:00p,,New Orleans Hornets,W,OT,92,86,4,10,W 2
2003,NYK,2002-12-02,7:30p,,Cleveland Cavaliers,W,,125,93,5,10,W 3
2003,NYK,2002-12-04,7:30p,,Orlando Magic,L,,85,87,5,11,L 1
2003,NYK,2002-12-06,8:00p,@,Boston Celtics,L,,80,91,5,12,L 2
2003,NYK,2002-12-07,8:00p,@,Washington Wizards,L,,97,100,5,13,L 3
2003,NYK,2002-12-10,7:30p,,Seattle SuperSonics,W,,97,80,6,13,W 1
2003,NYK,2002-12-13,8:00p,@,Miami Heat,W,,97,92,7,13,W 2
2003,NYK,2002-12-14,7:30p,,Boston Celtics,L,,90,113,7,14,L 1
2003,NYK,2002-12-17,7:30p,,New Jersey Nets,W,,101,99,8,14,W 1
2003,NYK,2002-12-21,8:30p,@,Milwaukee Bucks,L,,90,94,8,15,L 1
2003,NYK,2002-12-22,7:00p,,Miami Heat,L,,84,92,8,16,L 2
2003,NYK,2002-12-27,8:30p,@,Houston Rockets,W,,99,83,9,16,W 1
2003,NYK,2002-12-28,8:30p,@,Dallas Mavericks,L,,82,107,9,17,L 1
2003,NYK,2002-12-30,7:30p,,San Antonio Spurs,W,,96,95,10,17,W 1
2003,NYK,2003-01-01,7:00p,,Toronto Raptors,W,,95,75,11,17,W 2
2003,NYK,2003-01-03,8:00p,,Indiana Pacers,W,,98,96,12,17,W 3
2003,NYK,2003-01-05,7:00p,,Portland Trail Blazers,L,,89,92,12,18,L 1
2003,NYK,2003-01-06,7:00p,@,Orlando Magic,L,,100,103,12,19,L 2
2003,NYK,2003-01-08,7:00p,@,Indiana Pacers,L,,87,89,12,20,L 3
2003,NYK,2003-01-10,7:00p,@,Philadelphia 76ers,W,,114,112,13,20,W 1
2003,NYK,2003-01-11,7:30p,,Washington Wizards,L,,84,89,13,21,L 1
2003,NYK,2003-01-13,8:30p,@,Chicago Bulls,L,,94,101,13,22,L 2
2003,NYK,2003-01-14,7:30p,,Chicago Bulls,W,,98,86,14,22,W 1
2003,NYK,2003-01-17,8:00p,@,Detroit Pistons,L,,82,99,14,23,L 1
2003,NYK,2003-01-18,7:00p,@,Atlanta Hawks,W,,95,92,15,23,W 1
2003,NYK,2003-01-20,1:00p,,Miami Heat,W,,72,65,16,23,W 2
2003,NYK,2003-01-22,7:30p,,Denver Nuggets,W,,97,88,17,23,W 3
2003,NYK,2003-01-24,7:30p,,Dallas Mavericks,L,,90,101,17,24,L 1
2003,NYK,2003-01-26,1:00p,,Phoenix Suns,W,,106,98,18,24,W 1
2003,NYK,2003-01-28,7:30p,,Atlanta Hawks,W,,103,98,19,24,W 2
2003,NYK,2003-01-29,7:30p,@,Miami Heat,L,,80,82,19,25,L 1
2003,NYK,2003-01-31,8:00p,@,Memphis Grizzlies,W,,108,102,20,25,W 1
2003,NYK,2003-02-01,8:30p,@,Milwaukee Bucks,L,,100,107,20,26,L 1
2003,NYK,2003-02-04,7:30p,,Los Angeles Clippers,W,,105,92,21,26,W 1
2003,NYK,2003-02-06,7:30p,,Los Angeles Lakers,L,,109,114,21,27,L 1
2003,NYK,2003-02-12,7:30p,,Golden State Warriors,L,,107,113,21,28,L 2
2003,NYK,2003-02-14,9:00p,@,Phoenix Suns,W,,116,115,22,28,W 1
2003,NYK,2003-02-16,9:30p,@,Los Angeles Lakers,W,,117,110,23,28,W 2
2003,NYK,2003-02-17,10:00p,@,Portland Trail Blazers,L,,91,99,23,29,L 1
2003,NYK,2003-02-19,10:00p,@,Seattle SuperSonics,L,,94,103,23,30,L 2
2003,NYK,2003-02-21,10:30p,@,Golden State Warriors,L,,107,111,23,31,L 3
2003,NYK,2003-02-23,9:00p,@,Sacramento Kings,L,,92,99,23,32,L 4
2003,NYK,2003-02-25,7:30p,,Houston Rockets,W,,102,95,24,32,W 1
2003,NYK,2003-02-26,7:30p,@,New Jersey Nets,L,,76,105,24,33,L 1
2003,NYK,2003-02-28,8:00p,,Orlando Magic,W,2OT,118,110,25,33,W 1
2003,NYK,2003-03-02,3:30p,@,Minnesota Timberwolves,L,,90,99,25,34,L 1
2003,NYK,2003-03-04,7:30p,,Cleveland Cavaliers,W,,89,80,26,34,W 1
2003,NYK,2003-03-05,7:00p,@,Boston Celtics,L,,95,97,26,35,L 1
2003,NYK,2003-03-07,7:00p,@,Orlando Magic,W,,111,102,27,35,W 1
2003,NYK,2003-03-09,1:00p,,Washington Wizards,W,,97,96,28,35,W 2
2003,NYK,2003-03-11,7:30p,,Memphis Grizzlies,L,,85,87,28,36,L 1
2003,NYK,2003-03-14,7:30p,@,Atlanta Hawks,L,,104,107,28,37,L 2
2003,NYK,2003-03-16,7:00p,,Milwaukee Bucks,W,,120,111,29,37,W 1
2003,NYK,2003-03-18,8:30p,@,San Antonio Spurs,W,,105,97,30,37,W 2
2003,NYK,2003-03-19,8:30p,@,New Orleans Hornets,L,,96,101,30,38,L 1
2003,NYK,2003-03-21,8:00p,,Detroit Pistons,W,,97,93,31,38,W 1
2003,NYK,2003-03-22,8:30p,@,Chicago Bulls,L,,98,100,31,39,L 1
2003,NYK,2003-03-24,7:30p,,Toronto Raptors,W,,100,90,32,39,W 1
2003,NYK,2003-03-26,7:30p,@,New Jersey Nets,L,,95,101,32,40,L 1
2003,NYK,2003-03-28,8:00p,,New Jersey Nets,L,,101,122,32,41,L 2
2003,NYK,2003-03-30,1:30p,@,Toronto Raptors,L,,86,95,32,42,L 3
2003,NYK,2003-04-02,10:30p,@,Denver Nuggets,W,,83,75,33,42,W 1
2003,NYK,2003-04-04,9:00p,@,Utah Jazz,W,OT,94,92,34,42,W 2
2003,NYK,2003-04-05,10:30p,@,Los Angeles Clippers,L,,98,109,34,43,L 1
2003,NYK,2003-04-08,7:30p,,Atlanta Hawks,W,,99,95,35,43,W 1
2003,NYK,2003-04-11,8:00p,,Philadelphia 76ers,W,,108,103,36,43,W 2
2003,NYK,2003-04-12,7:30p,@,Cleveland Cavaliers,L,OT,99,104,36,44,L 1
2003,NYK,2003-04-14,7:00p,@,Washington Wizards,W,,93,79,37,44,W 1
2003,NYK,2003-04-15,7:30p,,Indiana Pacers,L,,93,109,37,45,L 1
2003,ORL,2002-10-29,7:30p,,Philadelphia 76ers,W,,95,88,1,0,W 1
2003,ORL,2002-10-30,7:30p,@,Miami Heat,W,,100,86,2,0,W 2
2003,ORL,2002-11-01,8:00p,@,Minnesota Timberwolves,L,,105,111,2,1,L 1
2003,ORL,2002-11-02,8:30p,@,Milwaukee Bucks,W,,100,90,3,1,W 1
2003,ORL,2002-11-05,7:00p,,Sacramento Kings,W,,125,121,4,1,W 2
2003,ORL,2002-11-08,7:00p,,Seattle SuperSonics,W,,105,98,5,1,W 3
2003,ORL,2002-11-10,5:00p,,Los Angeles Clippers,L,,117,120,5,2,L 1
2003,ORL,2002-11-12,7:00p,,Toronto Raptors,L,,109,115,5,3,L 2
2003,ORL,2002-11-14,10:00p,@,Los Angeles Clippers,W,,101,80,6,3,W 1
2003,ORL,2002-11-16,10:30p,@,Golden State Warriors,L,,92,135,6,4,L 1
2003,ORL,2002-11-17,9:00p,@,Sacramento Kings,L,,99,101,6,5,L 2
2003,ORL,2002-11-19,10:00p,@,Seattle SuperSonics,W,,101,84,7,5,W 1
2003,ORL,2002-11-20,10:00p,@,Portland Trail Blazers,L,,84,98,7,6,L 1
2003,ORL,2002-11-22,7:00p,@,Indiana Pacers,L,,70,106,7,7,L 2
2003,ORL,2002-11-24,5:00p,,Miami Heat,W,,77,75,8,7,W 1
2003,ORL,2002-11-27,7:00p,,Los Angeles Lakers,W,,112,102,9,7,W 2
2003,ORL,2002-11-30,7:00p,,Atlanta Hawks,W,,117,92,10,7,W 3
2003,ORL,2002-12-02,7:00p,,Boston Celtics,L,,97,102,10,8,L 1
2003,ORL,2002-12-04,7:30p,@,New York Knicks,W,,87,85,11,8,W 1
2003,ORL,2002-12-06,7:00p,,Washington Wizards,W,,88,78,12,8,W 2
2003,ORL,2002-12-07,7:30p,@,New Jersey Nets,L,,88,121,12,9,L 1
2003,ORL,2002-12-09,7:00p,@,Boston Celtics,L,OT,109,114,12,10,L 2
2003,ORL,2002-12-10,8:30p,@,Chicago Bulls,L,,87,107,12,11,L 3
2003,ORL,2002-12-13,7:00p,,Golden State Warriors,W,,111,85,13,11,W 1
2003,ORL,2002-12-15,9:30p,@,Los Angeles Lakers,L,,84,107,13,12,L 1
2003,ORL,2002-12-16,9:00p,@,Phoenix Suns,L,,84,87,13,13,L 2
2003,ORL,2002-12-18,9:00p,@,Utah Jazz,W,,97,90,14,13,W 1
2003,ORL,2002-12-20,9:00p,@,Denver Nuggets,W,,89,80,15,13,W 2
2003,ORL,2002-12-23,7:00p,,Milwaukee Bucks,L,,103,108,15,14,L 1
2003,ORL,2002-12-25,2:00p,,Detroit Pistons,W,,104,99,16,14,W 1
2003,ORL,2002-12-27,8:00p,@,Memphis Grizzlies,L,,86,99,16,15,L 1
2003,ORL,2002-12-28,7:00p,,Boston Celtics,W,,101,95,17,15,W 1
2003,ORL,2002-12-30,7:00p,,Washington Wizards,W,,112,95,18,15,W 2
2003,ORL,2003-01-03,8:30p,@,New Orleans Hornets,L,,89,100,18,16,L 1
2003,ORL,2003-01-04,7:00p,,New Jersey Nets,L,,83,88,18,17,L 2
2003,ORL,2003-01-06,7:00p,,New York Knicks,W,,103,100,19,17,W 1
2003,ORL,2003-01-08,7:00p,,Houston Rockets,L,,81,91,19,18,L 1
2003,ORL,2003-01-10,7:00p,,Indiana Pacers,L,OT,97,101,19,19,L 2
2003,ORL,2003-01-12,7:00p,@,Philadelphia 76ers,W,,107,105,20,19,W 1
2003,ORL,2003-01-13,7:00p,,Detroit Pistons,L,,86,101,20,20,L 1
2003,ORL,2003-01-16,7:30p,@,Washington Wizards,L,,93,108,20,21,L 2
2003,ORL,2003-01-19,12:30p,@,Toronto Raptors,W,,101,93,21,21,W 1
2003,ORL,2003-01-21,7:00p,@,Cleveland Cavaliers,W,,103,94,22,21,W 2
2003,ORL,2003-01-22,7:00p,,Chicago Bulls,W,,94,91,23,21,W 3
2003,ORL,2003-01-24,7:00p,,Phoenix Suns,L,,107,110,23,22,L 1
2003,ORL,2003-01-26,1:00p,@,Boston Celtics,L,,83,91,23,23,L 2
2003,ORL,2003-01-29,7:00p,,Cleveland Cavaliers,W,,113,108,24,23,W 1
2003,ORL,2003-01-31,8:00p,,San Antonio Spurs,L,,108,109,24,24,L 1
2003,ORL,2003-02-02,2:00p,@,Atlanta Hawks,L,,89,97,24,25,L 2
2003,ORL,2003-02-04,7:00p,,Portland Trail Blazers,L,,89,96,24,26,L 3
2003,ORL,2003-02-11,7:00p,,New Jersey Nets,W,,92,83,25,26,W 1
2003,ORL,2003-02-13,7:30p,@,Detroit Pistons,L,,88,98,25,27,L 1
2003,ORL,2003-02-14,8:00p,@,Philadelphia 76ers,L,,98,99,25,28,L 2
2003,ORL,2003-02-16,1:30p,@,Toronto Raptors,L,,97,99,25,29,L 3
2003,ORL,2003-02-18,7:00p,,New Orleans Hornets,W,,99,94,26,29,W 1
2003,ORL,2003-02-21,7:00p,,Chicago Bulls,W,,110,96,27,29,W 2
2003,ORL,2003-02-23,3:00p,@,New Jersey Nets,W,,113,105,28,29,W 3
2003,ORL,2003-02-25,7:00p,,Dallas Mavericks,W,,98,93,29,29,W 4
2003,ORL,2003-02-28,8:00p,@,New York Knicks,L,2OT,110,118,29,30,L 1
2003,ORL,2003-03-02,1:00p,@,Cleveland Cavaliers,W,,102,76,30,30,W 1
2003,ORL,2003-03-03,8:30p,@,Chicago Bulls,W,,104,89,31,30,W 2
2003,ORL,2003-03-05,7:00p,,Milwaukee Bucks,W,,111,99,32,30,W 3
2003,ORL,2003-03-07,7:00p,,New York Knicks,L,,102,111,32,31,L 1
2003,ORL,2003-03-09,6:00p,,Denver Nuggets,W,,111,98,33,31,W 1
2003,ORL,2003-03-11,7:00p,@,Washington Wizards,L,,105,106,33,32,L 1
2003,ORL,2003-03-12,7:00p,,Utah Jazz,L,,108,111,33,33,L 2
2003,ORL,2003-03-15,7:00p,,New Orleans Hornets,W,,96,86,34,33,W 1
2003,ORL,2003-03-19,7:00p,,Miami Heat,W,,109,93,35,33,W 2
2003,ORL,2003-03-21,7:00p,,Cleveland Cavaliers,W,,109,85,36,33,W 3
2003,ORL,2003-03-23,6:00p,@,Miami Heat,W,,96,74,37,33,W 4
2003,ORL,2003-03-24,7:00p,,Memphis Grizzlies,L,,104,110,37,34,L 1
2003,ORL,2003-03-26,9:00p,@,New Orleans Hornets,W,,97,95,38,34,W 1
2003,ORL,2003-03-27,7:00p,,Minnesota Timberwolves,W,,110,107,39,34,W 2
2003,ORL,2003-03-31,7:00p,,Philadelphia 76ers,L,OT,113,118,39,35,L 1
2003,ORL,2003-04-01,8:30p,@,San Antonio Spurs,L,,105,118,39,36,L 2
2003,ORL,2003-04-05,8:30p,@,Dallas Mavericks,L,,90,108,39,37,L 3
2003,ORL,2003-04-06,8:30p,@,Houston Rockets,L,,93,114,39,38,L 4
2003,ORL,2003-04-09,7:00p,,Toronto Raptors,W,,88,82,40,38,W 1
2003,ORL,2003-04-11,8:00p,@,Indiana Pacers,W,,98,86,41,38,W 2
2003,ORL,2003-04-12,7:00p,,Boston Celtics,W,,89,86,42,38,W 3
2003,ORL,2003-04-14,7:30p,@,Atlanta Hawks,L,,84,100,42,39,L 1
2003,ORL,2003-04-16,8:00p,@,Milwaukee Bucks,L,,87,93,42,40,L 2
2003,ORL,2003-04-20,12:30p,@,Detroit Pistons,W,,99,94,1,0,W 1
2003,ORL,2003-04-23,8:00p,@,Detroit Pistons,L,,77,89,1,1,L 1
2003,ORL,2003-04-25,8:00p,,Detroit Pistons,W,,89,80,2,1,W 1
2003,ORL,2003-04-27,5:30p,,Detroit Pistons,W,,100,92,3,1,W 2
2003,ORL,2003-04-30,8:00p,@,Detroit Pistons,L,,67,98,3,2,L 1
2003,ORL,2003-05-02,7:00p,,Detroit Pistons,L,,88,103,3,3,L 2
2003,ORL,2003-05-04,12:30p,@,Detroit Pistons,L,,93,108,3,4,L 3
2003,PHI,2002-10-29,7:30p,@,Orlando Magic,L,,88,95,0,1,L 1
2003,PHI,2002-10-30,7:00p,,Milwaukee Bucks,W,,95,93,1,1,W 1
2003,PHI,2002-11-01,8:00p,,New York Knicks,W,,98,86,2,1,W 2
2003,PHI,2002-11-06,7:00p,,Los Angeles Clippers,W,OT,101,99,3,1,W 3
2003,PHI,2002-11-08,7:00p,,Cleveland Cavaliers,W,,108,84,4,1,W 4
2003,PHI,2002-11-09,8:30p,@,Milwaukee Bucks,L,OT,105,110,4,2,L 1
2003,PHI,2002-11-13,7:00p,@,Boston Celtics,L,,81,91,4,3,L 2
2003,PHI,2002-11-14,7:30p,,San Antonio Spurs,W,,99,94,5,3,W 1
2003,PHI,2002-11-16,1:00p,@,New York Knicks,W,,93,92,6,3,W 2
2003,PHI,2002-11-17,7:00p,,Washington Wizards,W,,100,84,7,3,W 3
2003,PHI,2002-11-19,8:30p,@,New Orleans Hornets,L,,98,99,7,4,L 1
2003,PHI,2002-11-20,9:00p,@,Memphis Grizzlies,W,,95,88,8,4,W 1
2003,PHI,2002-11-22,8:00p,,Toronto Raptors,W,,90,80,9,4,W 2
2003,PHI,2002-11-24,1:00p,@,Toronto Raptors,W,,94,84,10,4,W 3
2003,PHI,2002-11-25,7:00p,,New Orleans Hornets,W,,108,87,11,4,W 4
2003,PHI,2002-11-27,7:00p,,Miami Heat,W,,83,74,12,4,W 5
2003,PHI,2002-11-29,7:30p,@,Cleveland Cavaliers,W,,106,99,13,4,W 6
2003,PHI,2002-11-30,7:00p,@,Washington Wizards,W,,95,94,14,4,W 7
2003,PHI,2002-12-04,7:00p,,Boston Celtics,W,,99,93,15,4,W 8
2003,PHI,2002-12-06,8:30p,@,San Antonio Spurs,L,,93,98,15,5,L 1
2003,PHI,2002-12-07,8:30p,@,Houston Rockets,L,,72,97,15,6,L 2
2003,PHI,2002-12-11,7:00p,,Seattle SuperSonics,L,,88,92,15,7,L 3
2003,PHI,2002-12-13,7:00p,,Phoenix Suns,L,,91,99,15,8,L 4
2003,PHI,2002-12-15,5:00p,@,Indiana Pacers,L,,97,107,15,9,L 5
2003,PHI,2002-12-16,7:00p,,Denver Nuggets,W,,93,71,16,9,W 1
2003,PHI,2002-12-18,7:00p,,Minnesota Timberwolves,W,,99,94,17,9,W 2
2003,PHI,2002-12-20,8:00p,,Los Angeles Lakers,W,OT,107,104,18,9,W 3
2003,PHI,2002-12-21,7:00p,@,Atlanta Hawks,L,,77,79,18,10,L 1
2003,PHI,2002-12-28,9:00p,@,Utah Jazz,L,,69,98,18,11,L 2
2003,PHI,2002-12-30,10:30p,@,Golden State Warriors,L,,98,104,18,12,L 3
2003,PHI,2002-12-31,9:00p,@,Los Angeles Clippers,W,,83,75,19,12,W 1
2003,PHI,2003-01-02,10:00p,@,Phoenix Suns,L,,78,96,19,13,L 1
2003,PHI,2003-01-04,1:30p,@,Dallas Mavericks,L,,83,102,19,14,L 2
2003,PHI,2003-01-06,7:00p,,Indiana Pacers,L,OT,104,105,19,15,L 3
2003,PHI,2003-01-08,7:00p,,Detroit Pistons,L,OT,94,103,19,16,L 4
2003,PHI,2003-01-10,7:00p,,New York Knicks,L,,112,114,19,17,L 5
2003,PHI,2003-01-12,7:00p,,Orlando Magic,L,,105,107,19,18,L 6
2003,PHI,2003-01-15,7:00p,,New Jersey Nets,W,,108,107,20,18,W 1
2003,PHI,2003-01-17,7:00p,,Milwaukee Bucks,L,,95,99,20,19,L 1
2003,PHI,2003-01-18,7:00p,@,Washington Wizards,W,,88,80,21,19,W 1
2003,PHI,2003-01-20,7:30p,,Boston Celtics,L,,99,100,21,20,L 1
2003,PHI,2003-01-22,7:30p,@,Detroit Pistons,W,,92,83,22,20,W 1
2003,PHI,2003-01-23,7:30p,,Dallas Mavericks,L,,94,107,22,21,L 1
2003,PHI,2003-01-25,3:00p,@,Miami Heat,W,,97,91,23,21,W 1
2003,PHI,2003-01-28,8:00p,@,Milwaukee Bucks,W,,108,81,24,21,W 2
2003,PHI,2003-01-29,7:00p,,Atlanta Hawks,L,,83,97,24,22,L 1
2003,PHI,2003-01-31,7:00p,,Miami Heat,W,,104,99,25,22,W 1
2003,PHI,2003-02-02,3:30p,@,Minnesota Timberwolves,L,,91,99,25,23,L 1
2003,PHI,2003-02-05,7:30p,,New Jersey Nets,L,,85,111,25,24,L 2
2003,PHI,2003-02-12,7:00p,,Chicago Bulls,W,OT,119,111,26,24,W 1
2003,PHI,2003-02-14,8:00p,,Orlando Magic,W,,99,98,27,24,W 2
2003,PHI,2003-02-16,1:00p,@,New Jersey Nets,W,,90,83,28,24,W 3
2003,PHI,2003-02-19,9:30p,@,Chicago Bulls,W,,110,82,29,24,W 4
2003,PHI,2003-02-21,7:30p,@,Cleveland Cavaliers,W,,119,99,30,24,W 5
2003,PHI,2003-02-23,6:00p,,Cleveland Cavaliers,W,,116,103,31,24,W 6
2003,PHI,2003-02-26,7:00p,,Memphis Grizzlies,W,,111,107,32,24,W 7
2003,PHI,2003-02-28,7:00p,,Utah Jazz,W,,104,83,33,24,W 8
2003,PHI,2003-03-02,9:00p,@,Denver Nuggets,W,,100,94,34,24,W 9
2003,PHI,2003-03-03,10:00p,@,Sacramento Kings,L,,99,107,34,25,L 1
2003,PHI,2003-03-06,10:00p,@,Portland Trail Blazers,W,,88,60,35,25,W 1
2003,PHI,2003-03-07,10:30p,@,Seattle SuperSonics,W,,108,99,36,25,W 2
2003,PHI,2003-03-09,3:30p,@,Los Angeles Lakers,L,,92,106,36,26,L 1
2003,PHI,2003-03-12,7:00p,,Indiana Pacers,W,,96,93,37,26,W 1
2003,PHI,2003-03-14,7:00p,,Portland Trail Blazers,W,,90,79,38,26,W 2
2003,PHI,2003-03-16,1:00p,@,New Jersey Nets,W,,92,87,39,26,W 3
2003,PHI,2003-03-18,7:30p,@,Miami Heat,W,,103,83,40,26,W 4
2003,PHI,2003-03-20,7:30p,@,Detroit Pistons,L,,85,113,40,27,L 1
2003,PHI,2003-03-21,7:00p,,Atlanta Hawks,L,,105,114,40,28,L 2
2003,PHI,2003-03-23,3:30p,@,Toronto Raptors,W,,112,95,41,28,W 1
2003,PHI,2003-03-26,7:00p,@,Indiana Pacers,W,,91,85,42,28,W 2
2003,PHI,2003-03-28,7:00p,,Golden State Warriors,L,,98,102,42,29,L 1
2003,PHI,2003-03-29,7:00p,@,Atlanta Hawks,W,,110,89,43,29,W 1
2003,PHI,2003-03-31,7:00p,@,Orlando Magic,W,OT,118,113,44,29,W 2
2003,PHI,2003-04-02,7:00p,,Chicago Bulls,W,,108,101,45,29,W 3
2003,PHI,2003-04-04,7:00p,,Houston Rockets,L,,79,88,45,30,L 1
2003,PHI,2003-04-06,3:30p,,Sacramento Kings,L,,81,97,45,31,L 2
2003,PHI,2003-04-08,7:00p,,Detroit Pistons,W,,91,74,46,31,W 1
2003,PHI,2003-04-10,7:30p,@,Boston Celtics,W,,99,78,47,31,W 2
2003,PHI,2003-04-11,8:00p,@,New York Knicks,L,,103,108,47,32,L 1
2003,PHI,2003-04-13,6:00p,,New Orleans Hornets,L,,89,94,47,33,L 2
2003,PHI,2003-04-15,8:30p,@,Chicago Bulls,L,,106,115,47,34,L 3
2003,PHI,2003-04-16,7:00p,,Washington Wizards,W,,107,87,48,34,W 1
2003,PHI,2003-04-20,8:00p,,New Orleans Hornets,W,,98,90,1,0,W 1
2003,PHI,2003-04-23,7:00p,,New Orleans Hornets,W,,90,85,2,0,W 2
2003,PHI,2003-04-26,7:30p,@,New Orleans Hornets,L,,85,99,2,1,L 1
2003,PHI,2003-04-28,8:00p,@,New Orleans Hornets,W,,96,87,3,1,W 1
2003,PHI,2003-04-30,6:00p,,New Orleans Hornets,L,,91,93,3,2,L 1
2003,PHI,2003-05-02,9:30p,@,New Orleans Hornets,W,,107,103,4,2,W 1
2003,PHI,2003-05-06,8:00p,@,Detroit Pistons,L,,87,98,4,3,L 1
2003,PHI,2003-05-08,7:00p,@,Detroit Pistons,L,OT,97,104,4,4,L 2
2003,PHI,2003-05-10,7:00p,,Detroit Pistons,W,,93,83,5,4,W 1
2003,PHI,2003-05-11,8:00p,,Detroit Pistons,W,,95,82,6,4,W 2
2003,PHI,2003-05-14,8:00p,@,Detroit Pistons,L,,77,78,6,5,L 1
2003,PHI,2003-05-16,7:30p,,Detroit Pistons,L,OT,89,93,6,6,L 2
2003,PHO,2002-10-30,10:00p,@,Seattle SuperSonics,L,,73,86,0,1,L 1
2003,PHO,2002-11-01,9:00p,,Cleveland Cavaliers,W,,78,74,1,1,W 1
2003,PHO,2002-11-02,8:30p,@,Dallas Mavericks,L,,83,97,1,2,L 1
2003,PHO,2002-11-04,9:00p,,Detroit Pistons,L,,82,84,1,3,L 2
2003,PHO,2002-11-06,9:00p,,Atlanta Hawks,W,,93,88,2,3,W 1
2003,PHO,2002-11-08,9:00p,,Portland Trail Blazers,W,,86,75,3,3,W 2
2003,PHO,2002-11-13,9:00p,@,Denver Nuggets,W,,75,72,4,3,W 3
2003,PHO,2002-11-15,10:30p,,Houston Rockets,W,,88,87,5,3,W 4
2003,PHO,2002-11-19,9:00p,@,Utah Jazz,L,,76,99,5,4,L 1
2003,PHO,2002-11-22,10:00p,@,Sacramento Kings,L,,101,118,5,5,L 2
2003,PHO,2002-11-23,9:00p,,Denver Nuggets,L,,79,80,5,6,L 3
2003,PHO,2002-11-25,9:00p,,Milwaukee Bucks,W,,86,81,6,6,W 1
2003,PHO,2002-11-27,9:00p,,New Jersey Nets,W,,82,75,7,6,W 2
2003,PHO,2002-11-29,9:00p,,San Antonio Spurs,W,,94,87,8,6,W 3
2003,PHO,2002-11-30,10:30p,@,Golden State Warriors,L,,90,100,8,7,L 1
2003,PHO,2002-12-02,9:00p,,Miami Heat,L,OT,90,100,8,8,L 2
2003,PHO,2002-12-04,9:00p,,Memphis Grizzlies,W,,98,85,9,8,W 1
2003,PHO,2002-12-06,9:00p,,Indiana Pacers,W,,102,96,10,8,W 2
2003,PHO,2002-12-08,4:00p,@,Memphis Grizzlies,L,,94,102,10,9,L 1
2003,PHO,2002-12-09,7:30p,@,New Jersey Nets,L,,93,106,10,10,L 2
2003,PHO,2002-12-11,7:00p,@,Boston Celtics,W,,103,94,11,10,W 1
2003,PHO,2002-12-13,7:00p,@,Philadelphia 76ers,W,,99,91,12,10,W 2
2003,PHO,2002-12-14,7:00p,@,Atlanta Hawks,W,,102,88,13,10,W 3
2003,PHO,2002-12-16,9:00p,,Orlando Magic,W,,87,84,14,10,W 4
2003,PHO,2002-12-17,10:00p,@,Sacramento Kings,L,,86,95,14,11,L 1
2003,PHO,2002-12-20,10:30p,@,Los Angeles Clippers,W,,87,76,15,11,W 1
2003,PHO,2002-12-21,9:00p,,Sacramento Kings,W,,110,101,16,11,W 2
2003,PHO,2002-12-23,9:00p,,Seattle SuperSonics,W,,89,88,17,11,W 3
2003,PHO,2002-12-27,9:00p,,Los Angeles Clippers,W,,108,95,18,11,W 4
2003,PHO,2002-12-29,7:00p,@,Cleveland Cavaliers,W,,103,84,19,11,W 5
2003,PHO,2002-12-30,8:00p,@,Minnesota Timberwolves,L,,98,104,19,12,L 1
2003,PHO,2003-01-02,10:00p,,Philadelphia 76ers,W,,96,78,20,12,W 1
2003,PHO,2003-01-04,9:00p,,Los Angeles Lakers,W,,107,93,21,12,W 2
2003,PHO,2003-01-05,9:30p,@,Los Angeles Lakers,L,,97,109,21,13,L 1
2003,PHO,2003-01-07,10:00p,@,Portland Trail Blazers,W,,88,81,22,13,W 1
2003,PHO,2003-01-08,9:00p,@,Utah Jazz,L,,93,99,22,14,L 1
2003,PHO,2003-01-10,9:00p,,Memphis Grizzlies,W,,96,90,23,14,W 1
2003,PHO,2003-01-12,8:00p,,Utah Jazz,W,,107,99,24,14,W 2
2003,PHO,2003-01-14,8:30p,@,San Antonio Spurs,L,OT,100,108,24,15,L 1
2003,PHO,2003-01-15,8:30p,@,Houston Rockets,L,,96,102,24,16,L 2
2003,PHO,2003-01-17,9:00p,,Dallas Mavericks,W,,111,106,25,16,W 1
2003,PHO,2003-01-20,3:30p,@,New Orleans Hornets,L,,102,114,25,17,L 1
2003,PHO,2003-01-22,7:30p,@,Miami Heat,L,,85,92,25,18,L 2
2003,PHO,2003-01-24,7:00p,@,Orlando Magic,W,,110,107,26,18,W 1
2003,PHO,2003-01-26,1:00p,@,New York Knicks,L,,98,106,26,19,L 1
2003,PHO,2003-01-27,7:00p,@,Washington Wizards,L,,93,98,26,20,L 2
2003,PHO,2003-01-29,9:00p,,Los Angeles Lakers,L,,90,99,26,21,L 3
2003,PHO,2003-01-31,10:30p,@,Los Angeles Clippers,W,,98,92,27,21,W 1
2003,PHO,2003-02-01,9:00p,,Golden State Warriors,W,,116,107,28,21,W 2
2003,PHO,2003-02-03,9:00p,,Chicago Bulls,W,OT,115,111,29,21,W 3
2003,PHO,2003-02-11,9:00p,,Los Angeles Clippers,L,,106,107,29,22,L 1
2003,PHO,2003-02-14,9:00p,,New York Knicks,L,,115,116,29,23,L 2
2003,PHO,2003-02-16,8:00p,,Boston Celtics,W,,102,92,30,23,W 1
2003,PHO,2003-02-19,9:00p,,Houston Rockets,L,,89,107,30,24,L 1
2003,PHO,2003-02-21,7:00p,@,Toronto Raptors,L,,89,92,30,25,L 2
2003,PHO,2003-02-23,3:30p,@,Minnesota Timberwolves,L,,97,99,30,26,L 3
2003,PHO,2003-02-24,8:30p,@,Chicago Bulls,L,,87,90,30,27,L 4
2003,PHO,2003-02-26,8:00p,@,Milwaukee Bucks,W,,118,112,31,27,W 1
2003,PHO,2003-03-01,9:00p,,New Orleans Hornets,L,,92,97,31,28,L 1
2003,PHO,2003-03-04,8:30p,@,San Antonio Spurs,W,,104,97,32,28,W 1
2003,PHO,2003-03-05,9:00p,,Portland Trail Blazers,W,,98,92,33,28,W 2
2003,PHO,2003-03-09,8:00p,,Minnesota Timberwolves,L,,98,105,33,29,L 1
2003,PHO,2003-03-11,10:30p,@,Golden State Warriors,L,,98,113,33,30,L 2
2003,PHO,2003-03-13,10:00p,,Sacramento Kings,W,,109,84,34,30,W 1
2003,PHO,2003-03-16,8:30p,@,Houston Rockets,L,,75,85,34,31,L 1
2003,PHO,2003-03-17,9:00p,,Toronto Raptors,W,OT,95,91,35,31,W 1
2003,PHO,2003-03-19,9:00p,,Utah Jazz,L,,86,99,35,32,L 1
2003,PHO,2003-03-21,10:30p,,Washington Wizards,W,,109,83,36,32,W 1
2003,PHO,2003-03-22,8:30p,@,Dallas Mavericks,L,,95,102,36,33,L 1
2003,PHO,2003-03-24,9:00p,,Seattle SuperSonics,L,,73,82,36,34,L 2
2003,PHO,2003-03-26,8:00p,@,Memphis Grizzlies,W,,101,99,37,34,W 1
2003,PHO,2003-03-28,8:00p,@,Detroit Pistons,W,,94,91,38,34,W 2
2003,PHO,2003-03-30,4:00p,@,Indiana Pacers,L,,81,92,38,35,L 1
2003,PHO,2003-04-01,9:00p,,Denver Nuggets,W,,95,65,39,35,W 1
2003,PHO,2003-04-05,3:30p,,Minnesota Timberwolves,W,,111,94,40,35,W 2
2003,PHO,2003-04-06,9:30p,@,Los Angeles Lakers,L,OT,113,115,40,36,L 1
2003,PHO,2003-04-08,9:00p,@,Denver Nuggets,W,,98,78,41,36,W 1
2003,PHO,2003-04-09,10:00p,,Dallas Mavericks,W,,112,89,42,36,W 2
2003,PHO,2003-04-11,10:30p,,Golden State Warriors,W,,117,101,43,36,W 3
2003,PHO,2003-04-13,9:00p,,San Antonio Spurs,W,,92,85,44,36,W 4
2003,PHO,2003-04-15,10:00p,@,Portland Trail Blazers,L,,102,120,44,37,L 1
2003,PHO,2003-04-16,10:00p,@,Seattle SuperSonics,L,,70,84,44,38,L 2
2003,PHO,2003-04-19,5:30p,@,San Antonio Spurs,W,OT,96,95,1,0,W 1
2003,PHO,2003-04-21,8:00p,@,San Antonio Spurs,L,,76,84,1,1,L 1
2003,PHO,2003-04-25,10:00p,,San Antonio Spurs,L,,86,99,1,2,L 2
2003,PHO,2003-04-27,10:30p,,San Antonio Spurs,W,,86,84,2,2,W 1
2003,PHO,2003-04-29,7:00p,@,San Antonio Spurs,L,,82,94,2,3,L 1
2003,PHO,2003-05-01,9:30p,,San Antonio Spurs,L,,85,87,2,4,L 2
2003,POR,2002-10-30,9:30p,,Los Angeles Lakers,W,,102,90,1,0,W 1
2003,POR,2002-10-31,10:00p,@,Sacramento Kings,L,,72,100,1,1,L 1
2003,POR,2002-11-02,10:00p,,Denver Nuggets,L,,79,96,1,2,L 2
2003,POR,2002-11-03,9:30p,@,Los Angeles Lakers,L,OT,95,98,1,3,L 3
2003,POR,2002-11-06,10:00p,,Memphis Grizzlies,W,,94,88,2,3,W 1
2003,POR,2002-11-08,9:00p,@,Phoenix Suns,L,,75,86,2,4,L 1
2003,POR,2002-11-09,8:30p,@,San Antonio Spurs,W,,95,76,3,4,W 1
2003,POR,2002-11-11,8:30p,@,Dallas Mavericks,L,,73,82,3,5,L 1
2003,POR,2002-11-12,8:30p,@,Houston Rockets,L,,83,86,3,6,L 2
2003,POR,2002-11-15,10:00p,,Los Angeles Clippers,W,,112,88,4,6,W 1
2003,POR,2002-11-20,10:00p,,Orlando Magic,W,,98,84,5,6,W 2
2003,POR,2002-11-21,10:00p,@,Seattle SuperSonics,W,,89,85,6,6,W 3
2003,POR,2002-11-23,10:00p,,Sacramento Kings,L,,94,95,6,7,L 1
2003,POR,2002-11-26,10:00p,,Houston Rockets,W,,77,71,7,7,W 1
2003,POR,2002-11-30,10:00p,,New Jersey Nets,L,,86,93,7,8,L 1
2003,POR,2002-12-04,10:00p,,Dallas Mavericks,L,,88,103,7,9,L 2
2003,POR,2002-12-06,10:00p,,Miami Heat,W,,88,69,8,9,W 1
2003,POR,2002-12-08,3:30p,@,Toronto Raptors,W,,104,91,9,9,W 2
2003,POR,2002-12-10,7:00p,@,Washington Wizards,W,,98,79,10,9,W 3
2003,POR,2002-12-11,7:00p,@,New Jersey Nets,L,,104,105,10,10,L 1
2003,POR,2002-12-13,8:30p,@,Milwaukee Bucks,L,,79,101,10,11,L 2
2003,POR,2002-12-14,8:00p,@,Minnesota Timberwolves,W,OT,98,92,11,11,W 1
2003,POR,2002-12-17,10:00p,,New Orleans Hornets,W,,102,93,12,11,W 2
2003,POR,2002-12-18,10:30p,@,Los Angeles Clippers,W,,97,93,13,11,W 3
2003,POR,2002-12-20,10:30p,@,Golden State Warriors,W,,113,111,14,11,W 4
2003,POR,2002-12-21,10:00p,,Seattle SuperSonics,W,,81,80,15,11,W 5
2003,POR,2002-12-27,10:30p,,Utah Jazz,W,,103,98,16,11,W 6
2003,POR,2002-12-28,10:00p,@,Sacramento Kings,W,OT,119,113,17,11,W 7
2003,POR,2002-12-30,7:30p,@,Detroit Pistons,W,,85,74,18,11,W 8
2003,POR,2002-12-31,7:00p,@,Chicago Bulls,L,,87,102,18,12,L 1
2003,POR,2003-01-03,8:00p,@,Boston Celtics,W,,108,103,19,12,W 1
2003,POR,2003-01-05,7:00p,@,New York Knicks,W,,92,89,20,12,W 2
2003,POR,2003-01-07,10:00p,,Phoenix Suns,L,,81,88,20,13,L 1
2003,POR,2003-01-09,10:00p,,San Antonio Spurs,W,,90,87,21,13,W 1
2003,POR,2003-01-10,9:00p,@,Denver Nuggets,L,,81,82,21,14,L 1
2003,POR,2003-01-13,10:00p,,Cleveland Cavaliers,W,,118,94,22,14,W 1
2003,POR,2003-01-15,10:00p,,Memphis Grizzlies,W,,100,92,23,14,W 2
2003,POR,2003-01-18,10:00p,,Minnesota Timberwolves,L,,98,104,23,15,L 1
2003,POR,2003-01-20,5:00p,@,Memphis Grizzlies,W,,99,87,24,15,W 1
2003,POR,2003-01-22,7:30p,@,Atlanta Hawks,W,2OT,112,110,25,15,W 2
2003,POR,2003-01-24,8:30p,@,New Orleans Hornets,W,OT,97,96,26,15,W 3
2003,POR,2003-01-26,2:00p,@,Dallas Mavericks,W,,100,93,27,15,W 4
2003,POR,2003-01-28,10:00p,,Denver Nuggets,W,,98,92,28,15,W 5
2003,POR,2003-01-29,9:00p,@,Utah Jazz,L,,71,95,28,16,L 1
2003,POR,2003-01-31,10:00p,,Chicago Bulls,W,,107,94,29,16,W 1
2003,POR,2003-02-02,1:00p,@,Cleveland Cavaliers,W,,114,95,30,16,W 2
2003,POR,2003-02-04,7:00p,@,Orlando Magic,W,,96,89,31,16,W 3
2003,POR,2003-02-05,7:30p,@,Miami Heat,W,,101,87,32,16,W 4
2003,POR,2003-02-11,10:00p,,San Antonio Spurs,L,OT,111,116,32,17,L 1
2003,POR,2003-02-13,10:00p,,Boston Celtics,L,,92,100,32,18,L 2
2003,POR,2003-02-15,10:00p,,Seattle SuperSonics,W,,101,96,33,18,W 1
2003,POR,2003-02-17,10:00p,,New York Knicks,W,,99,91,34,18,W 2
2003,POR,2003-02-19,10:00p,,Golden State Warriors,W,,125,98,35,18,W 3
2003,POR,2003-02-21,10:30p,@,Los Angeles Lakers,L,,84,92,35,19,L 1
2003,POR,2003-02-22,10:00p,,Milwaukee Bucks,L,,90,93,35,20,L 2
2003,POR,2003-02-25,10:00p,,Atlanta Hawks,W,,89,86,36,20,W 1
2003,POR,2003-02-26,9:00p,@,Denver Nuggets,W,,94,84,37,20,W 2
2003,POR,2003-02-28,10:30p,,Los Angeles Clippers,W,,109,103,38,20,W 3
2003,POR,2003-03-02,9:00p,,Detroit Pistons,W,,103,86,39,20,W 4
2003,POR,2003-03-05,9:00p,@,Phoenix Suns,L,,92,98,39,21,L 1
2003,POR,2003-03-06,10:00p,,Philadelphia 76ers,L,,60,88,39,22,L 2
2003,POR,2003-03-08,10:00p,,Indiana Pacers,W,,94,80,40,22,W 1
2003,POR,2003-03-11,10:00p,@,Seattle SuperSonics,W,,92,77,41,22,W 2
2003,POR,2003-03-12,10:00p,,Toronto Raptors,W,,125,103,42,22,W 3
2003,POR,2003-03-14,7:00p,@,Philadelphia 76ers,L,,79,90,42,23,L 1
2003,POR,2003-03-16,3:30p,@,Minnesota Timberwolves,L,,95,111,42,24,L 2
2003,POR,2003-03-17,7:00p,@,Indiana Pacers,W,,95,88,43,24,W 1
2003,POR,2003-03-19,10:00p,,Houston Rockets,W,,94,83,44,24,W 2
2003,POR,2003-03-22,10:00p,,Sacramento Kings,L,,104,113,44,25,L 1
2003,POR,2003-03-25,10:00p,,Washington Wizards,L,,91,95,44,26,L 2
2003,POR,2003-03-26,9:00p,@,Utah Jazz,L,,85,94,44,27,L 3
2003,POR,2003-03-28,10:30p,,Dallas Mavericks,W,,112,95,45,27,W 1
2003,POR,2003-04-01,10:00p,,Golden State Warriors,W,,100,86,46,27,W 2
2003,POR,2003-04-03,10:00p,,Utah Jazz,L,,88,93,46,28,L 1
2003,POR,2003-04-04,10:30p,@,Golden State Warriors,W,,122,100,47,28,W 1
2003,POR,2003-04-06,9:00p,,Minnesota Timberwolves,L,,78,97,47,29,L 1
2003,POR,2003-04-08,8:30p,@,Houston Rockets,W,,81,66,48,29,W 1
2003,POR,2003-04-09,8:30p,@,San Antonio Spurs,L,,79,84,48,30,L 1
2003,POR,2003-04-11,8:00p,@,Memphis Grizzlies,L,,93,96,48,31,L 2
2003,POR,2003-04-13,3:30p,,Los Angeles Lakers,W,,101,99,49,31,W 1
2003,POR,2003-04-15,10:00p,,Phoenix Suns,W,,120,102,50,31,W 2
2003,POR,2003-04-16,10:30p,@,Los Angeles Clippers,L,,93,107,50,32,L 1
2003,POR,2003-04-19,8:00p,@,Dallas Mavericks,L,,86,96,0,1,L 1
2003,POR,2003-04-23,9:30p,@,Dallas Mavericks,L,,99,103,0,2,L 2
2003,POR,2003-04-25,10:30p,,Dallas Mavericks,L,,103,115,0,3,L 3
2003,POR,2003-04-27,8:00p,,Dallas Mavericks,W,,98,79,1,3,W 1
2003,POR,2003-04-30,8:30p,@,Dallas Mavericks,W,,103,99,2,3,W 2
2003,POR,2003-05-02,10:30p,,Dallas Mavericks,W,,125,103,3,3,W 3
2003,POR,2003-05-04,3:30p,@,Dallas Mavericks,L,,95,107,3,4,L 1
2003,SAC,2002-10-29,10:00p,,Cleveland Cavaliers,W,,94,67,1,0,W 1
2003,SAC,2002-10-31,10:00p,,Portland Trail Blazers,W,,100,72,2,0,W 2
2003,SAC,2002-11-02,8:00p,@,Memphis Grizzlies,W,,116,99,3,0,W 3
2003,SAC,2002-11-03,6:00p,@,Miami Heat,L,,78,88,3,1,L 1
2003,SAC,2002-11-05,7:00p,@,Orlando Magic,L,,121,125,3,2,L 2
2003,SAC,2002-11-06,7:00p,@,New York Knicks,L,,88,95,3,3,L 3
2003,SAC,2002-11-08,10:30p,,Memphis Grizzlies,W,,99,91,4,3,W 1
2003,SAC,2002-11-10,9:00p,,Atlanta Hawks,W,,105,97,5,3,W 2
2003,SAC,2002-11-13,9:30p,@,Golden State Warriors,W,,104,93,6,3,W 3
2003,SAC,2002-11-15,10:00p,@,Seattle SuperSonics,L,,97,111,6,4,L 1
2003,SAC,2002-11-17,9:00p,,Orlando Magic,W,,101,99,7,4,W 1
2003,SAC,2002-11-19,10:00p,,Chicago Bulls,W,,111,98,8,4,W 2
2003,SAC,2002-11-20,10:30p,@,Los Angeles Clippers,W,,93,89,9,4,W 3
2003,SAC,2002-11-22,10:00p,,Phoenix Suns,W,,118,101,10,4,W 4
2003,SAC,2002-11-23,10:00p,@,Portland Trail Blazers,W,,95,94,11,4,W 5
2003,SAC,2002-11-26,7:00p,@,Cleveland Cavaliers,W,,91,85,12,4,W 6
2003,SAC,2002-11-27,8:00p,@,Minnesota Timberwolves,L,,74,90,12,5,L 1
2003,SAC,2002-11-29,10:00p,,Los Angeles Clippers,W,,107,94,13,5,W 1
2003,SAC,2002-12-01,9:00p,,Houston Rockets,W,,103,84,14,5,W 2
2003,SAC,2002-12-03,10:00p,,Minnesota Timberwolves,W,,98,86,15,5,W 3
2003,SAC,2002-12-04,9:00p,@,Denver Nuggets,W,,92,90,16,5,W 4
2003,SAC,2002-12-06,10:00p,,Denver Nuggets,W,,98,77,17,5,W 5
2003,SAC,2002-12-08,7:00p,@,San Antonio Spurs,W,,104,80,18,5,W 6
2003,SAC,2002-12-10,8:30p,@,Houston Rockets,L,,96,103,18,6,L 1
2003,SAC,2002-12-14,9:00p,@,Utah Jazz,W,,98,96,19,6,W 1
2003,SAC,2002-12-15,9:00p,,New Orleans Hornets,W,,107,92,20,6,W 2
2003,SAC,2002-12-17,10:00p,,Phoenix Suns,W,,95,86,21,6,W 3
2003,SAC,2002-12-19,10:00p,,San Antonio Spurs,L,,81,83,21,7,L 1
2003,SAC,2002-12-21,9:00p,@,Phoenix Suns,L,,101,110,21,8,L 2
2003,SAC,2002-12-22,9:00p,,Golden State Warriors,W,,103,88,22,8,W 1
2003,SAC,2002-12-25,8:30p,@,Los Angeles Lakers,W,,105,99,23,8,W 2
2003,SAC,2002-12-28,10:00p,,Portland Trail Blazers,L,OT,113,119,23,9,L 1
2003,SAC,2003-01-04,9:00p,@,Denver Nuggets,W,,87,76,24,9,W 1
2003,SAC,2003-01-05,9:00p,,Miami Heat,W,,96,70,25,9,W 2
2003,SAC,2003-01-07,8:00p,@,Milwaukee Bucks,W,,101,76,26,9,W 3
2003,SAC,2003-01-09,7:30p,@,New Jersey Nets,W,,118,82,27,9,W 4
2003,SAC,2003-01-10,8:00p,@,Minnesota Timberwolves,L,OT,109,115,27,10,L 1
2003,SAC,2003-01-12,9:00p,,Memphis Grizzlies,W,,106,98,28,10,W 1
2003,SAC,2003-01-15,9:00p,,Dallas Mavericks,W,,123,94,29,10,W 2
2003,SAC,2003-01-18,10:30p,@,Los Angeles Clippers,L,,107,112,29,11,L 1
2003,SAC,2003-01-20,4:00p,@,Golden State Warriors,W,,102,80,30,11,W 1
2003,SAC,2003-01-21,10:00p,,New Jersey Nets,W,,109,102,31,11,W 2
2003,SAC,2003-01-23,8:00p,@,Memphis Grizzlies,W,,104,98,32,11,W 3
2003,SAC,2003-01-24,7:30p,@,Atlanta Hawks,L,,104,115,32,12,L 1
2003,SAC,2003-01-26,12:30p,@,Toronto Raptors,L,,97,101,32,13,L 2
2003,SAC,2003-01-28,10:00p,,Utah Jazz,L,,92,102,32,14,L 3
2003,SAC,2003-01-30,10:00p,@,Seattle SuperSonics,W,,95,77,33,14,W 1
2003,SAC,2003-01-31,10:30p,,Los Angeles Lakers,L,,113,124,33,15,L 1
2003,SAC,2003-02-02,4:00p,@,Houston Rockets,L,,89,105,33,16,L 2
2003,SAC,2003-02-04,8:30p,@,Dallas Mavericks,W,,110,109,34,16,W 1
2003,SAC,2003-02-05,8:30p,@,New Orleans Hornets,L,,84,108,34,17,L 1
2003,SAC,2003-02-11,10:00p,,Washington Wizards,W,,99,80,35,17,W 1
2003,SAC,2003-02-14,10:00p,,Seattle SuperSonics,W,,110,81,36,17,W 2
2003,SAC,2003-02-16,3:30p,,San Antonio Spurs,L,,101,104,36,18,L 1
2003,SAC,2003-02-18,10:00p,,Milwaukee Bucks,W,,102,93,37,18,W 1
2003,SAC,2003-02-20,10:00p,,Boston Celtics,W,,105,83,38,18,W 2
2003,SAC,2003-02-23,9:00p,,New York Knicks,W,,99,92,39,18,W 3
2003,SAC,2003-02-25,10:00p,,Detroit Pistons,W,,81,75,40,18,W 4
2003,SAC,2003-02-27,9:30p,@,Dallas Mavericks,W,OT,126,124,41,18,W 5
2003,SAC,2003-03-01,4:00p,@,San Antonio Spurs,L,,100,108,41,19,L 1
2003,SAC,2003-03-03,10:00p,,Philadelphia 76ers,W,,107,99,42,19,W 1
2003,SAC,2003-03-05,9:00p,,Minnesota Timberwolves,W,OT,96,95,43,19,W 2
2003,SAC,2003-03-07,9:00p,@,Utah Jazz,W,OT,108,105,44,19,W 3
2003,SAC,2003-03-09,9:00p,,Indiana Pacers,W,,107,88,45,19,W 4
2003,SAC,2003-03-13,10:00p,@,Phoenix Suns,L,,84,109,45,20,L 1
2003,SAC,2003-03-14,10:00p,,Toronto Raptors,W,,119,84,46,20,W 1
2003,SAC,2003-03-16,3:30p,,Dallas Mavericks,L,OT,123,129,46,21,L 1
2003,SAC,2003-03-18,10:00p,,Golden State Warriors,W,,117,91,47,21,W 1
2003,SAC,2003-03-20,10:00p,,Los Angeles Lakers,W,,107,99,48,21,W 2
2003,SAC,2003-03-22,10:00p,@,Portland Trail Blazers,W,,113,104,49,21,W 3
2003,SAC,2003-03-23,9:00p,,Houston Rockets,W,,109,108,50,21,W 4
2003,SAC,2003-03-27,10:00p,,Los Angeles Clippers,W,,93,83,51,21,W 5
2003,SAC,2003-03-29,8:30p,@,Chicago Bulls,W,,107,92,52,21,W 6
2003,SAC,2003-03-30,6:00p,@,Detroit Pistons,L,,88,99,52,22,L 1
2003,SAC,2003-04-01,7:00p,@,Indiana Pacers,W,,103,98,53,22,W 1
2003,SAC,2003-04-02,8:00p,@,Washington Wizards,W,,105,99,54,22,W 2
2003,SAC,2003-04-04,8:00p,@,Boston Celtics,W,,93,92,55,22,W 3
2003,SAC,2003-04-06,3:30p,@,Philadelphia 76ers,W,,97,81,56,22,W 4
2003,SAC,2003-04-08,10:00p,,Seattle SuperSonics,W,,107,85,57,22,W 5
2003,SAC,2003-04-10,10:00p,@,Los Angeles Lakers,L,,104,117,57,23,L 1
2003,SAC,2003-04-11,10:30p,,Denver Nuggets,W,,105,103,58,23,W 1
2003,SAC,2003-04-16,10:00p,,Utah Jazz,W,,95,84,59,23,W 2
2003,SAC,2003-04-19,10:30p,,Utah Jazz,W,,96,90,1,0,W 1
2003,SAC,2003-04-21,10:30p,,Utah Jazz,W,,108,95,2,0,W 2
2003,SAC,2003-04-26,10:00p,@,Utah Jazz,L,,104,107,2,1,L 1
2003,SAC,2003-04-28,10:30p,@,Utah Jazz,W,,99,82,3,1,W 1
2003,SAC,2003-04-30,11:00p,,Utah Jazz,W,,111,91,4,1,W 2
2003,SAC,2003-05-06,9:00p,@,Dallas Mavericks,W,,124,113,5,1,W 3
2003,SAC,2003-05-08,9:30p,@,Dallas Mavericks,L,,110,132,5,2,L 1
2003,SAC,2003-05-10,9:30p,,Dallas Mavericks,L,2OT,137,141,5,3,L 2
2003,SAC,2003-05-11,10:30p,,Dallas Mavericks,W,,99,83,6,3,W 1
2003,SAC,2003-05-13,7:00p,@,Dallas Mavericks,L,,93,112,6,4,L 1
2003,SAC,2003-05-15,10:30p,,Dallas Mavericks,W,,115,109,7,4,W 1
2003,SAC,2003-05-17,8:00p,@,Dallas Mavericks,L,,99,112,7,5,L 1
2003,SAS,2002-10-29,10:30p,@,Los Angeles Lakers,W,,87,82,1,0,W 1
2003,SAS,2002-10-30,10:30p,@,Golden State Warriors,L,,98,106,1,1,L 1
2003,SAS,2002-11-01,8:30p,,Toronto Raptors,W,,91,72,2,1,W 1
2003,SAS,2002-11-04,8:00p,@,Memphis Grizzlies,W,OT,103,101,3,1,W 2
2003,SAS,2002-11-05,8:30p,,Golden State Warriors,W,,93,73,4,1,W 3
2003,SAS,2002-11-09,8:30p,,Portland Trail Blazers,L,,76,95,4,2,L 1
2003,SAS,2002-11-11,8:30p,,Minnesota Timberwolves,W,,91,75,5,2,W 1
2003,SAS,2002-11-13,7:00p,@,New Jersey Nets,L,,82,91,5,3,L 1
2003,SAS,2002-11-14,7:30p,@,Philadelphia 76ers,L,,94,99,5,4,L 2
2003,SAS,2002-11-16,7:30p,@,Cleveland Cavaliers,W,,90,77,6,4,W 1
2003,SAS,2002-11-18,8:30p,,Cleveland Cavaliers,W,,104,78,7,4,W 2
2003,SAS,2002-11-20,8:30p,,Los Angeles Lakers,W,,95,88,8,4,W 3
2003,SAS,2002-11-22,8:30p,,Memphis Grizzlies,W,,95,86,9,4,W 4
2003,SAS,2002-11-24,7:00p,,Seattle SuperSonics,L,,90,91,9,5,L 1
2003,SAS,2002-11-26,9:00p,@,Denver Nuggets,L,,81,85,9,6,L 2
2003,SAS,2002-11-27,8:30p,,Denver Nuggets,W,,99,68,10,6,W 1
2003,SAS,2002-11-29,9:00p,@,Phoenix Suns,L,,87,94,10,7,L 1
2003,SAS,2002-11-30,8:30p,,Utah Jazz,W,,107,85,11,7,W 1
2003,SAS,2002-12-03,8:30p,@,Houston Rockets,L,,75,89,11,8,L 1
2003,SAS,2002-12-06,8:30p,,Philadelphia 76ers,W,,98,93,12,8,W 1
2003,SAS,2002-12-08,7:00p,,Sacramento Kings,L,,80,104,12,9,L 1
2003,SAS,2002-12-11,9:30p,,Dallas Mavericks,W,,111,104,13,9,W 1
2003,SAS,2002-12-13,8:30p,,Los Angeles Clippers,W,,97,84,14,9,W 2
2003,SAS,2002-12-16,10:30p,@,Los Angeles Clippers,L,,79,91,14,10,L 1
2003,SAS,2002-12-18,10:00p,@,Seattle SuperSonics,W,,91,88,15,10,W 1
2003,SAS,2002-12-19,10:00p,@,Sacramento Kings,W,,83,81,16,10,W 2
2003,SAS,2002-12-21,8:30p,,Washington Wizards,W,,92,81,17,10,W 3
2003,SAS,2002-12-23,8:30p,,New Orleans Hornets,W,OT,99,94,18,10,W 4
2003,SAS,2002-12-27,7:30p,@,Atlanta Hawks,L,,79,81,18,11,L 1
2003,SAS,2002-12-28,8:30p,@,Chicago Bulls,W,,109,95,19,11,W 1
2003,SAS,2002-12-30,7:30p,@,New York Knicks,L,,95,96,19,12,L 1
2003,SAS,2002-12-31,8:00p,@,Washington Wizards,L,,103,105,19,13,L 2
2003,SAS,2003-01-03,8:30p,,Golden State Warriors,W,,98,95,20,13,W 1
2003,SAS,2003-01-05,3:30p,@,Los Angeles Clippers,W,,94,86,21,13,W 2
2003,SAS,2003-01-08,10:00p,@,Seattle SuperSonics,W,,106,95,22,13,W 3
2003,SAS,2003-01-09,10:00p,@,Portland Trail Blazers,L,,87,90,22,14,L 1
2003,SAS,2003-01-12,7:00p,,Boston Celtics,W,,81,80,23,14,W 1
2003,SAS,2003-01-14,8:30p,,Phoenix Suns,W,OT,108,100,24,14,W 2
2003,SAS,2003-01-17,8:30p,,Atlanta Hawks,W,,106,93,25,14,W 3
2003,SAS,2003-01-20,5:00p,,Houston Rockets,W,,87,82,26,14,W 4
2003,SAS,2003-01-22,8:30p,,Memphis Grizzlies,L,,93,98,26,15,L 1
2003,SAS,2003-01-24,9:00p,@,Utah Jazz,W,,91,90,27,15,W 1
2003,SAS,2003-01-25,8:30p,,Detroit Pistons,W,,108,76,28,15,W 2
2003,SAS,2003-01-27,8:00p,@,Minnesota Timberwolves,L,,95,106,28,16,L 1
2003,SAS,2003-01-29,7:00p,@,Indiana Pacers,W,,106,97,29,16,W 1
2003,SAS,2003-01-31,8:00p,@,Orlando Magic,W,,109,108,30,16,W 2
2003,SAS,2003-02-01,8:00p,@,Miami Heat,W,,67,65,31,16,W 3
2003,SAS,2003-02-05,10:30p,@,Golden State Warriors,W,,103,99,32,16,W 4
2003,SAS,2003-02-06,10:00p,@,Denver Nuggets,W,,83,74,33,16,W 5
2003,SAS,2003-02-11,10:00p,@,Portland Trail Blazers,W,OT,116,111,34,16,W 6
2003,SAS,2003-02-14,10:30p,@,Los Angeles Lakers,W,,103,95,35,16,W 7
2003,SAS,2003-02-16,3:30p,@,Sacramento Kings,W,,104,101,36,16,W 8
2003,SAS,2003-02-18,8:30p,,Denver Nuggets,W,,101,76,37,16,W 9
2003,SAS,2003-02-20,8:30p,@,Dallas Mavericks,L,,87,95,37,17,L 1
2003,SAS,2003-02-22,8:30p,,Indiana Pacers,W,,105,96,38,17,W 1
2003,SAS,2003-02-25,8:30p,,Miami Heat,W,,84,69,39,17,W 2
2003,SAS,2003-03-01,4:00p,,Sacramento Kings,W,,108,100,40,17,W 3
2003,SAS,2003-03-02,4:00p,@,Houston Rockets,W,,97,88,41,17,W 4
2003,SAS,2003-03-04,8:30p,,Phoenix Suns,L,,97,104,41,18,L 1
2003,SAS,2003-03-06,7:30p,,New Jersey Nets,W,,92,78,42,18,W 1
2003,SAS,2003-03-09,6:00p,@,Boston Celtics,W,,94,78,43,18,W 2
2003,SAS,2003-03-11,8:00p,@,Milwaukee Bucks,W,,105,102,44,18,W 3
2003,SAS,2003-03-12,8:00p,@,Minnesota Timberwolves,W,,111,99,45,18,W 4
2003,SAS,2003-03-14,8:30p,,Los Angeles Clippers,W,,107,96,46,18,W 5
2003,SAS,2003-03-16,7:00p,,Chicago Bulls,W,,108,97,47,18,W 6
2003,SAS,2003-03-18,8:30p,,New York Knicks,L,,97,105,47,19,L 1
2003,SAS,2003-03-20,8:30p,@,Dallas Mavericks,W,OT,112,110,48,19,W 1
2003,SAS,2003-03-21,8:00p,,Minnesota Timberwolves,L,OT,94,101,48,20,L 1
2003,SAS,2003-03-23,1:00p,,Los Angeles Lakers,W,,98,89,49,20,W 1
2003,SAS,2003-03-25,8:00p,,Milwaukee Bucks,W,,107,94,50,20,W 2
2003,SAS,2003-03-27,9:30p,,Houston Rockets,W,,98,85,51,20,W 3
2003,SAS,2003-03-29,8:30p,,Utah Jazz,W,,101,81,52,20,W 4
2003,SAS,2003-03-30,7:00p,@,New Orleans Hornets,W,,92,90,53,20,W 5
2003,SAS,2003-04-01,8:30p,,Orlando Magic,W,,118,105,54,20,W 6
2003,SAS,2003-04-02,8:00p,@,Memphis Grizzlies,W,,105,87,55,20,W 7
2003,SAS,2003-04-04,7:00p,@,Toronto Raptors,W,,124,98,56,20,W 8
2003,SAS,2003-04-06,6:00p,@,Detroit Pistons,W,,89,83,57,20,W 9
2003,SAS,2003-04-09,8:30p,,Portland Trail Blazers,W,,84,79,58,20,W 10
2003,SAS,2003-04-11,8:30p,,Seattle SuperSonics,W,,94,86,59,20,W 11
2003,SAS,2003-04-13,9:00p,@,Phoenix Suns,L,,85,92,59,21,L 1
2003,SAS,2003-04-14,9:00p,@,Utah Jazz,W,,91,83,60,21,W 1
2003,SAS,2003-04-16,8:30p,,Dallas Mavericks,L,,72,93,60,22,L 1
2003,SAS,2003-04-19,5:30p,,Phoenix Suns,L,OT,95,96,0,1,L 1
2003,SAS,2003-04-21,8:00p,,Phoenix Suns,W,,84,76,1,1,W 1
2003,SAS,2003-04-25,10:00p,@,Phoenix Suns,W,,99,86,2,1,W 2
2003,SAS,2003-04-27,10:30p,@,Phoenix Suns,L,,84,86,2,2,L 1
2003,SAS,2003-04-29,7:00p,,Phoenix Suns,W,,94,82,3,2,W 1
2003,SAS,2003-05-01,9:30p,@,Phoenix Suns,W,,87,85,4,2,W 2
2003,SAS,2003-05-05,9:30p,,Los Angeles Lakers,W,,87,82,5,2,W 3
2003,SAS,2003-05-07,9:30p,,Los Angeles Lakers,W,,114,95,6,2,W 4
2003,SAS,2003-05-09,10:30p,@,Los Angeles Lakers,L,,95,110,6,3,L 1
2003,SAS,2003-05-11,3:30p,@,Los Angeles Lakers,L,,95,99,6,4,L 2
2003,SAS,2003-05-13,9:30p,,Los Angeles Lakers,W,,96,94,7,4,W 1
2003,SAS,2003-05-15,8:00p,@,Los Angeles Lakers,W,,110,82,8,4,W 2
2003,SAS,2003-05-19,9:30p,,Dallas Mavericks,L,,110,113,8,5,L 1
2003,SAS,2003-05-21,8:30p,,Dallas Mavericks,W,,119,106,9,5,W 1
2003,SAS,2003-05-23,9:00p,@,Dallas Mavericks,W,,96,83,10,5,W 2
2003,SAS,2003-05-25,8:30p,@,Dallas Mavericks,W,,102,95,11,5,W 3
2003,SAS,2003-05-27,9:00p,,Dallas Mavericks,L,,91,103,11,6,L 1
2003,SAS,2003-05-29,9:00p,@,Dallas Mavericks,W,,90,78,12,6,W 1
2003,SAS,2003-06-04,8:30p,,New Jersey Nets,W,,101,89,13,6,W 2
2003,SAS,2003-06-06,8:30p,,New Jersey Nets,L,,85,87,13,7,L 1
2003,SAS,2003-06-08,8:30p,@,New Jersey Nets,W,,84,79,14,7,W 1
2003,SAS,2003-06-11,8:30p,@,New Jersey Nets,L,,76,77,14,8,L 1
2003,SAS,2003-06-13,8:30p,@,New Jersey Nets,W,,93,83,15,8,W 1
2003,SAS,2003-06-15,8:30p,,New Jersey Nets,W,,88,77,16,8,W 2
2003,SEA,2002-10-30,10:00p,,Phoenix Suns,W,,86,73,1,0,W 1
2003,SEA,2002-11-01,10:30p,@,Golden State Warriors,W,,106,93,2,0,W 2
2003,SEA,2002-11-03,9:00p,,Utah Jazz,W,,91,77,3,0,W 3
2003,SEA,2002-11-05,8:30p,@,Houston Rockets,W,,104,97,4,0,W 4
2003,SEA,2002-11-06,8:30p,@,New Orleans Hornets,L,,84,86,4,1,L 1
2003,SEA,2002-11-08,7:00p,@,Orlando Magic,L,,98,105,4,2,L 2
2003,SEA,2002-11-09,8:00p,@,Miami Heat,W,,84,82,5,2,W 1
2003,SEA,2002-11-12,7:00p,@,Washington Wizards,W,,101,95,6,2,W 2
2003,SEA,2002-11-15,10:00p,,Sacramento Kings,W,,111,97,7,2,W 3
2003,SEA,2002-11-17,3:30p,@,Los Angeles Clippers,W,,84,78,8,2,W 4
2003,SEA,2002-11-19,10:00p,,Orlando Magic,L,,84,101,8,3,L 1
2003,SEA,2002-11-21,10:00p,,Portland Trail Blazers,L,,85,89,8,4,L 2
2003,SEA,2002-11-23,8:30p,@,Dallas Mavericks,L,,105,115,8,5,L 3
2003,SEA,2002-11-24,7:00p,@,San Antonio Spurs,W,,91,90,9,5,W 1
2003,SEA,2002-11-26,7:30p,@,Atlanta Hawks,L,OT,116,119,9,6,L 1
2003,SEA,2002-11-27,8:00p,@,Memphis Grizzlies,L,,99,117,9,7,L 2
2003,SEA,2002-11-29,10:30p,,Houston Rockets,L,,72,83,9,8,L 3
2003,SEA,2002-12-01,9:00p,,New Jersey Nets,W,,96,95,10,8,W 1
2003,SEA,2002-12-04,10:00p,,Indiana Pacers,L,OT,111,114,10,9,L 1
2003,SEA,2002-12-07,10:00p,,Miami Heat,W,,100,71,11,9,W 1
2003,SEA,2002-12-10,7:30p,@,New York Knicks,L,,80,97,11,10,L 1
2003,SEA,2002-12-11,7:00p,@,Philadelphia 76ers,W,,92,88,12,10,W 1
2003,SEA,2002-12-13,7:00p,@,Toronto Raptors,W,,91,79,13,10,W 2
2003,SEA,2002-12-14,7:30p,@,Detroit Pistons,L,,78,91,13,11,L 1
2003,SEA,2002-12-16,7:00p,@,Cleveland Cavaliers,W,,111,98,14,11,W 1
2003,SEA,2002-12-18,10:00p,,San Antonio Spurs,L,,88,91,14,12,L 1
2003,SEA,2002-12-20,10:00p,,New Orleans Hornets,L,OT,86,88,14,13,L 2
2003,SEA,2002-12-21,10:00p,@,Portland Trail Blazers,L,,80,81,14,14,L 3
2003,SEA,2002-12-23,9:00p,@,Phoenix Suns,L,,88,89,14,15,L 4
2003,SEA,2002-12-26,10:00p,,Toronto Raptors,W,,97,88,15,15,W 1
2003,SEA,2002-12-30,9:00p,@,Denver Nuggets,W,,79,77,16,15,W 2
2003,SEA,2003-01-03,10:30p,,Denver Nuggets,L,,82,94,16,16,L 1
2003,SEA,2003-01-07,10:30p,@,Los Angeles Lakers,L,,98,119,16,17,L 2
2003,SEA,2003-01-08,10:00p,,San Antonio Spurs,L,,95,106,16,18,L 3
2003,SEA,2003-01-10,10:30p,,Los Angeles Clippers,L,,88,90,16,19,L 4
2003,SEA,2003-01-12,9:00p,,Cleveland Cavaliers,L,,79,87,16,20,L 5
2003,SEA,2003-01-16,10:00p,@,Utah Jazz,L,,85,92,16,21,L 6
2003,SEA,2003-01-17,10:00p,,Memphis Grizzlies,W,OT,103,97,17,21,W 1
2003,SEA,2003-01-19,9:00p,,Dallas Mavericks,W,,85,81,18,21,W 2
2003,SEA,2003-01-22,8:00p,@,Minnesota Timberwolves,L,,91,96,18,22,L 1
2003,SEA,2003-01-24,7:00p,@,Indiana Pacers,L,,80,93,18,23,L 2
2003,SEA,2003-01-25,8:00p,@,Memphis Grizzlies,W,,95,83,19,23,W 1
2003,SEA,2003-01-28,10:00p,,Golden State Warriors,W,,91,88,20,23,W 2
2003,SEA,2003-01-30,10:00p,,Sacramento Kings,L,,77,95,20,24,L 1
2003,SEA,2003-02-01,10:00p,,Chicago Bulls,W,,90,77,21,24,W 1
2003,SEA,2003-02-03,7:30p,@,New Jersey Nets,L,OT,108,109,21,25,L 1
2003,SEA,2003-02-05,7:00p,@,Boston Celtics,L,,74,114,21,26,L 2
2003,SEA,2003-02-06,8:00p,@,Milwaukee Bucks,L,,91,97,21,27,L 3
2003,SEA,2003-02-11,10:00p,,Boston Celtics,L,,76,82,21,28,L 4
2003,SEA,2003-02-14,10:00p,@,Sacramento Kings,L,,81,110,21,29,L 5
2003,SEA,2003-02-15,10:00p,@,Portland Trail Blazers,L,,96,101,21,30,L 6
2003,SEA,2003-02-19,10:00p,,New York Knicks,W,,103,94,22,30,W 1
2003,SEA,2003-02-21,10:30p,,Milwaukee Bucks,W,,88,58,23,30,W 2
2003,SEA,2003-02-23,9:30p,@,Los Angeles Lakers,L,,101,106,23,31,L 1
2003,SEA,2003-02-24,10:00p,,Detroit Pistons,W,,86,79,24,31,W 1
2003,SEA,2003-02-26,10:00p,,Atlanta Hawks,W,,93,76,25,31,W 2
2003,SEA,2003-02-28,10:00p,,Los Angeles Lakers,W,,107,90,26,31,W 3
2003,SEA,2003-03-01,10:30p,@,Los Angeles Clippers,W,,109,101,27,31,W 4
2003,SEA,2003-03-04,10:00p,,Minnesota Timberwolves,W,,92,83,28,31,W 5
2003,SEA,2003-03-05,9:00p,@,Utah Jazz,L,,83,94,28,32,L 1
2003,SEA,2003-03-07,10:30p,,Philadelphia 76ers,L,,99,108,28,33,L 2
2003,SEA,2003-03-11,10:00p,,Portland Trail Blazers,L,,77,92,28,34,L 3
2003,SEA,2003-03-13,10:00p,,Dallas Mavericks,W,,107,100,29,34,W 1
2003,SEA,2003-03-15,10:00p,,Golden State Warriors,L,,88,94,29,35,L 1
2003,SEA,2003-03-16,9:00p,@,Denver Nuggets,W,,92,84,30,35,W 1
2003,SEA,2003-03-18,10:00p,,Houston Rockets,W,,100,94,31,35,W 2
2003,SEA,2003-03-19,10:30p,@,Golden State Warriors,L,,99,105,31,36,L 1
2003,SEA,2003-03-21,10:00p,,Denver Nuggets,W,OT,101,99,32,36,W 1
2003,SEA,2003-03-24,9:00p,@,Phoenix Suns,W,,82,73,33,36,W 2
2003,SEA,2003-03-26,10:00p,,Washington Wizards,L,,74,80,33,37,L 1
2003,SEA,2003-03-28,10:00p,,Memphis Grizzlies,W,,95,71,34,37,W 1
2003,SEA,2003-03-30,9:00p,,Los Angeles Lakers,W,,119,98,35,37,W 2
2003,SEA,2003-04-01,8:30p,@,Chicago Bulls,W,OT,101,94,36,37,W 3
2003,SEA,2003-04-02,8:00p,@,Minnesota Timberwolves,L,,86,91,36,38,L 1
2003,SEA,2003-04-04,10:30p,,Los Angeles Clippers,W,,101,93,37,38,W 1
2003,SEA,2003-04-06,9:00p,,Utah Jazz,W,,82,80,38,38,W 2
2003,SEA,2003-04-08,10:00p,@,Sacramento Kings,L,,85,107,38,39,L 1
2003,SEA,2003-04-09,10:00p,,Minnesota Timberwolves,W,,100,92,39,39,W 1
2003,SEA,2003-04-11,8:30p,@,San Antonio Spurs,L,,86,94,39,40,L 1
2003,SEA,2003-04-12,8:30p,@,Houston Rockets,L,,86,101,39,41,L 2
2003,SEA,2003-04-14,8:30p,@,Dallas Mavericks,L,,106,109,39,42,L 3
2003,SEA,2003-04-16,10:00p,,Phoenix Suns,W,,84,70,40,42,W 1
2003,TOR,2002-10-30,7:00p,,Washington Wizards,W,,74,68,1,0,W 1
2003,TOR,2002-11-01,8:30p,@,San Antonio Spurs,L,,72,91,1,1,L 1
2003,TOR,2002-11-02,8:30p,@,Houston Rockets,L,,76,88,1,2,L 2
2003,TOR,2002-11-04,7:00p,,Chicago Bulls,W,OT,109,105,2,2,W 1
2003,TOR,2002-11-06,7:00p,,Dallas Mavericks,L,,92,106,2,3,L 1
2003,TOR,2002-11-09,7:00p,@,Indiana Pacers,L,,84,108,2,4,L 2
2003,TOR,2002-11-12,7:00p,@,Orlando Magic,W,,115,109,3,4,W 1
2003,TOR,2002-11-15,7:00p,,Denver Nuggets,W,,84,79,4,4,W 2
2003,TOR,2002-11-17,3:30p,,Utah Jazz,L,,78,82,4,5,L 1
2003,TOR,2002-11-18,7:30p,@,Atlanta Hawks,L,,92,117,4,6,L 2
2003,TOR,2002-11-20,7:00p,,Indiana Pacers,L,,95,97,4,7,L 3
2003,TOR,2002-11-22,8:00p,@,Philadelphia 76ers,L,,80,90,4,8,L 4
2003,TOR,2002-11-24,1:00p,,Philadelphia 76ers,L,,84,94,4,9,L 5
2003,TOR,2002-11-27,7:00p,,New York Knicks,L,,81,87,4,10,L 6
2003,TOR,2002-11-29,8:00p,@,Boston Celtics,W,,98,95,5,10,W 1
2003,TOR,2002-12-01,4:00p,@,Memphis Grizzlies,W,,92,87,6,10,W 2
2003,TOR,2002-12-02,8:30p,@,Dallas Mavericks,L,,102,113,6,11,L 1
2003,TOR,2002-12-04,8:30p,@,New Orleans Hornets,L,,74,89,6,12,L 2
2003,TOR,2002-12-06,8:00p,,Chicago Bulls,W,,103,89,7,12,W 1
2003,TOR,2002-12-08,3:30p,,Portland Trail Blazers,L,,91,104,7,13,L 1
2003,TOR,2002-12-11,7:00p,@,Cleveland Cavaliers,L,,83,96,7,14,L 2
2003,TOR,2002-12-13,7:00p,,Seattle SuperSonics,L,,79,91,7,15,L 3
2003,TOR,2002-12-15,1:00p,,Washington Wizards,L,,82,95,7,16,L 4
2003,TOR,2002-12-17,8:00p,@,Milwaukee Bucks,W,OT,122,117,8,16,W 1
2003,TOR,2002-12-18,8:30p,@,Chicago Bulls,L,,83,96,8,17,L 1
2003,TOR,2002-12-20,7:00p,,Miami Heat,L,,77,97,8,18,L 2
2003,TOR,2002-12-22,5:00p,,Los Angeles Lakers,L,OT,107,109,8,19,L 3
2003,TOR,2002-12-26,10:00p,@,Seattle SuperSonics,L,,88,97,8,20,L 4
2003,TOR,2002-12-27,10:30p,@,Golden State Warriors,L,,96,101,8,21,L 5
2003,TOR,2002-12-29,9:30p,@,Los Angeles Lakers,L,,88,104,8,22,L 6
2003,TOR,2002-12-30,9:00p,@,Utah Jazz,L,,85,107,8,23,L 7
2003,TOR,2003-01-01,7:00p,@,New York Knicks,L,,75,95,8,24,L 8
2003,TOR,2003-01-03,7:00p,,Cleveland Cavaliers,L,,80,81,8,25,L 9
2003,TOR,2003-01-05,3:30p,,New Orleans Hornets,L,,84,99,8,26,L 10
2003,TOR,2003-01-06,7:30p,@,Detroit Pistons,L,,74,82,8,27,L 11
2003,TOR,2003-01-10,7:00p,,New Jersey Nets,L,,79,94,8,28,L 12
2003,TOR,2003-01-12,12:30p,,Minnesota Timberwolves,W,,105,91,9,28,W 1
2003,TOR,2003-01-14,7:00p,@,Washington Wizards,W,,84,75,10,28,W 2
2003,TOR,2003-01-15,7:00p,,Milwaukee Bucks,L,,87,99,10,29,L 1
2003,TOR,2003-01-17,7:30p,@,New Jersey Nets,L,,77,88,10,30,L 2
2003,TOR,2003-01-19,12:30p,,Orlando Magic,L,,93,101,10,31,L 3
2003,TOR,2003-01-20,5:00p,@,Minnesota Timberwolves,L,,81,89,10,32,L 4
2003,TOR,2003-01-22,7:00p,@,Indiana Pacers,L,,98,101,10,33,L 5
2003,TOR,2003-01-26,12:30p,,Sacramento Kings,W,,101,97,11,33,W 1
2003,TOR,2003-01-29,8:30p,@,New Orleans Hornets,L,,83,104,11,34,L 1
2003,TOR,2003-01-31,7:00p,,Indiana Pacers,W,,102,90,12,34,W 1
2003,TOR,2003-02-02,1:30p,,Los Angeles Clippers,W,,100,86,13,34,W 2
2003,TOR,2003-02-04,8:00p,@,Milwaukee Bucks,W,,98,95,14,34,W 3
2003,TOR,2003-02-12,7:00p,,Atlanta Hawks,W,,97,96,15,34,W 4
2003,TOR,2003-02-14,7:00p,,Golden State Warriors,L,OT,114,118,15,35,L 1
2003,TOR,2003-02-16,1:30p,,Orlando Magic,W,,99,97,16,35,W 1
2003,TOR,2003-02-19,7:00p,,Detroit Pistons,L,,84,89,16,36,L 1
2003,TOR,2003-02-21,7:00p,,Phoenix Suns,W,,92,89,17,36,W 1
2003,TOR,2003-02-26,9:00p,@,Chicago Bulls,L,,95,103,17,37,L 1
2003,TOR,2003-02-28,8:00p,@,Boston Celtics,L,,85,90,17,38,L 2
2003,TOR,2003-03-02,1:30p,,Boston Celtics,W,,104,92,18,38,W 1
2003,TOR,2003-03-04,7:00p,@,Washington Wizards,W,,89,86,19,38,W 2
2003,TOR,2003-03-05,7:00p,,Houston Rockets,L,,95,97,19,39,L 1
2003,TOR,2003-03-08,7:00p,@,Atlanta Hawks,W,,107,98,20,39,W 1
2003,TOR,2003-03-09,6:00p,,Memphis Grizzlies,L,,106,119,20,40,L 1
2003,TOR,2003-03-11,9:00p,@,Denver Nuggets,L,,87,95,20,41,L 2
2003,TOR,2003-03-12,10:00p,@,Portland Trail Blazers,L,,103,125,20,42,L 3
2003,TOR,2003-03-14,10:00p,@,Sacramento Kings,L,,84,119,20,43,L 4
2003,TOR,2003-03-16,9:00p,@,Los Angeles Clippers,L,,110,111,20,44,L 5
2003,TOR,2003-03-17,9:00p,@,Phoenix Suns,L,OT,91,95,20,45,L 6
2003,TOR,2003-03-19,7:00p,,Atlanta Hawks,W,,87,86,21,45,W 1
2003,TOR,2003-03-21,8:00p,@,Miami Heat,L,,98,107,21,46,L 1
2003,TOR,2003-03-23,3:30p,,Philadelphia 76ers,L,,95,112,21,47,L 2
2003,TOR,2003-03-24,7:30p,@,New York Knicks,L,,90,100,21,48,L 3
2003,TOR,2003-03-26,7:00p,,Cleveland Cavaliers,W,,89,83,22,48,W 1
2003,TOR,2003-03-28,7:00p,,New Orleans Hornets,L,,92,101,22,49,L 1
2003,TOR,2003-03-30,1:30p,,New York Knicks,W,,95,86,23,49,W 1
2003,TOR,2003-04-01,7:00p,,Detroit Pistons,L,,85,92,23,50,L 1
2003,TOR,2003-04-02,7:30p,@,Detroit Pistons,W,,89,78,24,50,W 1
2003,TOR,2003-04-04,7:00p,,San Antonio Spurs,L,,98,124,24,51,L 1
2003,TOR,2003-04-06,1:30p,,New Jersey Nets,L,,87,96,24,52,L 2
2003,TOR,2003-04-08,7:30p,@,Miami Heat,L,,83,89,24,53,L 3
2003,TOR,2003-04-09,7:00p,@,Orlando Magic,L,,82,88,24,54,L 4
2003,TOR,2003-04-11,7:00p,,Milwaukee Bucks,L,,103,105,24,55,L 5
2003,TOR,2003-04-12,7:30p,@,New Jersey Nets,L,,86,94,24,56,L 6
2003,TOR,2003-04-15,7:00p,,Miami Heat,L,,99,103,24,57,L 7
2003,TOR,2003-04-16,7:00p,@,Cleveland Cavaliers,L,,86,96,24,58,L 8
2003,UTA,2002-10-30,8:30p,@,New Orleans Hornets,L,,75,100,0,1,L 1
2003,UTA,2002-10-31,7:30p,@,Atlanta Hawks,L,,98,105,0,2,L 2
2003,UTA,2002-11-02,9:00p,,Golden State Warriors,W,,101,92,1,2,W 1
2003,UTA,2002-11-03,9:00p,@,Seattle SuperSonics,L,,77,91,1,3,L 1
2003,UTA,2002-11-06,9:00p,,Detroit Pistons,L,,78,80,1,4,L 2
2003,UTA,2002-11-08,9:00p,,Atlanta Hawks,W,,110,97,2,4,W 1
2003,UTA,2002-11-11,7:00p,@,Boston Celtics,L,,95,112,2,5,L 1
2003,UTA,2002-11-12,7:30p,@,New York Knicks,W,,108,87,3,5,W 1
2003,UTA,2002-11-14,7:30p,@,Washington Wizards,L,,102,105,3,6,L 1
2003,UTA,2002-11-15,8:00p,@,Detroit Pistons,L,,75,86,3,7,L 2
2003,UTA,2002-11-17,3:30p,@,Toronto Raptors,W,,82,78,4,7,W 1
2003,UTA,2002-11-19,9:00p,,Phoenix Suns,W,,99,76,5,7,W 2
2003,UTA,2002-11-20,9:00p,@,Denver Nuggets,W,,96,79,6,7,W 3
2003,UTA,2002-11-23,9:00p,,Chicago Bulls,W,,110,90,7,7,W 4
2003,UTA,2002-11-26,10:30p,@,Los Angeles Clippers,W,,99,94,8,7,W 5
2003,UTA,2002-11-29,9:00p,,Minnesota Timberwolves,W,,95,77,9,7,W 6
2003,UTA,2002-11-30,8:30p,@,San Antonio Spurs,L,,85,107,9,8,L 1
2003,UTA,2002-12-02,9:00p,,Indiana Pacers,W,,102,91,10,8,W 1
2003,UTA,2002-12-04,9:00p,,Los Angeles Lakers,W,,93,85,11,8,W 2
2003,UTA,2002-12-06,9:00p,,Memphis Grizzlies,W,,104,71,12,8,W 3
2003,UTA,2002-12-08,9:30p,@,Los Angeles Lakers,L,,101,110,12,9,L 1
2003,UTA,2002-12-12,10:00p,,New Orleans Hornets,L,,88,93,12,10,L 2
2003,UTA,2002-12-14,9:00p,,Sacramento Kings,L,,96,98,12,11,L 3
2003,UTA,2002-12-18,9:00p,,Orlando Magic,L,,90,97,12,12,L 4
2003,UTA,2002-12-20,8:30p,@,Dallas Mavericks,W,,93,81,13,12,W 1
2003,UTA,2002-12-22,4:00p,@,Memphis Grizzlies,W,,103,74,14,12,W 2
2003,UTA,2002-12-23,8:30p,@,Houston Rockets,W,,96,91,15,12,W 3
2003,UTA,2002-12-27,10:30p,@,Portland Trail Blazers,L,,98,103,15,13,L 1
2003,UTA,2002-12-28,9:00p,,Philadelphia 76ers,W,,98,69,16,13,W 1
2003,UTA,2002-12-30,9:00p,,Toronto Raptors,W,,107,85,17,13,W 2
2003,UTA,2003-01-03,8:30p,@,Milwaukee Bucks,W,,118,115,18,13,W 3
2003,UTA,2003-01-04,8:00p,@,Minnesota Timberwolves,W,,105,97,19,13,W 4
2003,UTA,2003-01-06,8:30p,@,Chicago Bulls,L,,98,113,19,14,L 1
2003,UTA,2003-01-08,9:00p,,Phoenix Suns,W,,99,93,20,14,W 1
2003,UTA,2003-01-10,9:00p,,Miami Heat,W,,92,76,21,14,W 2
2003,UTA,2003-01-12,8:00p,@,Phoenix Suns,L,,99,107,21,15,L 1
2003,UTA,2003-01-15,9:00p,@,Denver Nuggets,W,,92,81,22,15,W 1
2003,UTA,2003-01-16,10:00p,,Seattle SuperSonics,W,,92,85,23,15,W 2
2003,UTA,2003-01-18,9:00p,,Cleveland Cavaliers,W,,95,78,24,15,W 3
2003,UTA,2003-01-20,9:00p,,New Jersey Nets,W,OT,106,103,25,15,W 4
2003,UTA,2003-01-22,9:00p,,Los Angeles Clippers,L,,89,96,25,16,L 1
2003,UTA,2003-01-24,9:00p,,San Antonio Spurs,L,,90,91,25,17,L 2
2003,UTA,2003-01-25,10:30p,@,Golden State Warriors,L,,95,108,25,18,L 3
2003,UTA,2003-01-28,10:00p,@,Sacramento Kings,W,,102,92,26,18,W 1
2003,UTA,2003-01-29,9:00p,,Portland Trail Blazers,W,,95,71,27,18,W 2
2003,UTA,2003-01-31,9:00p,,Golden State Warriors,W,,102,94,28,18,W 3
2003,UTA,2003-02-01,10:30p,@,Los Angeles Lakers,L,,87,99,28,19,L 1
2003,UTA,2003-02-03,9:00p,,Dallas Mavericks,L,,90,92,28,20,L 2
2003,UTA,2003-02-05,9:00p,,Memphis Grizzlies,W,,105,84,29,20,W 1
2003,UTA,2003-02-11,8:30p,@,Houston Rockets,W,OT,103,101,30,20,W 2
2003,UTA,2003-02-12,9:00p,,Houston Rockets,L,,76,106,30,21,L 1
2003,UTA,2003-02-14,9:00p,,Washington Wizards,W,,109,77,31,21,W 1
2003,UTA,2003-02-17,9:00p,,Minnesota Timberwolves,W,,109,97,32,21,W 2
2003,UTA,2003-02-19,9:00p,,Los Angeles Lakers,L,,87,93,32,22,L 1
2003,UTA,2003-02-22,9:00p,,Denver Nuggets,W,,99,89,33,22,W 1
2003,UTA,2003-02-24,8:00p,@,Memphis Grizzlies,L,,92,103,33,23,L 1
2003,UTA,2003-02-26,9:00p,@,Minnesota Timberwolves,L,,85,92,33,24,L 2
2003,UTA,2003-02-28,7:00p,@,Philadelphia 76ers,L,,83,104,33,25,L 3
2003,UTA,2003-03-02,1:00p,@,New Jersey Nets,W,,91,90,34,25,W 1
2003,UTA,2003-03-05,9:00p,,Seattle SuperSonics,W,,94,83,35,25,W 2
2003,UTA,2003-03-07,9:00p,,Sacramento Kings,L,OT,105,108,35,26,L 1
2003,UTA,2003-03-08,8:30p,@,Dallas Mavericks,L,,77,101,35,27,L 2
2003,UTA,2003-03-10,7:30p,@,Miami Heat,W,,83,73,36,27,W 1
2003,UTA,2003-03-12,7:00p,@,Orlando Magic,W,,111,108,37,27,W 2
2003,UTA,2003-03-14,7:00p,@,Indiana Pacers,L,,81,101,37,28,L 1
2003,UTA,2003-03-16,1:00p,@,Cleveland Cavaliers,L,,95,122,37,29,L 2
2003,UTA,2003-03-18,9:00p,,Denver Nuggets,W,,99,81,38,29,W 1
2003,UTA,2003-03-19,9:00p,@,Phoenix Suns,W,,99,86,39,29,W 2
2003,UTA,2003-03-22,9:00p,,Los Angeles Clippers,W,,88,73,40,29,W 3
2003,UTA,2003-03-24,9:00p,,Boston Celtics,W,,96,91,41,29,W 4
2003,UTA,2003-03-26,9:00p,,Portland Trail Blazers,W,,94,85,42,29,W 5
2003,UTA,2003-03-28,9:00p,,Milwaukee Bucks,W,,103,90,43,29,W 6
2003,UTA,2003-03-29,8:30p,@,San Antonio Spurs,L,,81,101,43,30,L 1
2003,UTA,2003-04-01,10:30p,@,Los Angeles Clippers,W,,94,89,44,30,W 1
2003,UTA,2003-04-03,10:00p,@,Portland Trail Blazers,W,,93,88,45,30,W 2
2003,UTA,2003-04-04,9:00p,,New York Knicks,L,OT,92,94,45,31,L 1
2003,UTA,2003-04-06,9:00p,@,Seattle SuperSonics,L,,80,82,45,32,L 2
2003,UTA,2003-04-08,10:30p,@,Golden State Warriors,L,,102,128,45,33,L 3
2003,UTA,2003-04-09,9:00p,,Houston Rockets,W,,94,73,46,33,W 1
2003,UTA,2003-04-11,9:00p,,Dallas Mavericks,W,,95,92,47,33,W 2
2003,UTA,2003-04-14,9:00p,,San Antonio Spurs,L,,83,91,47,34,L 1
2003,UTA,2003-04-16,10:00p,@,Sacramento Kings,L,,84,95,47,35,L 2
2003,UTA,2003-04-19,10:30p,@,Sacramento Kings,L,,90,96,0,1,L 1
2003,UTA,2003-04-21,10:30p,@,Sacramento Kings,L,,95,108,0,2,L 2
2003,UTA,2003-04-26,10:00p,,Sacramento Kings,W,,107,104,1,2,W 1
2003,UTA,2003-04-28,10:30p,,Sacramento Kings,L,,82,99,1,3,L 1
2003,UTA,2003-04-30,11:00p,@,Sacramento Kings,L,,91,111,1,4,L 2
2003,WAS,2002-10-30,7:00p,@,Toronto Raptors,L,,68,74,0,1,L 1
2003,WAS,2002-10-31,7:30p,,Boston Celtics,W,,114,69,1,1,W 1
2003,WAS,2002-11-02,7:00p,,New Jersey Nets,L,,79,87,1,2,L 1
2003,WAS,2002-11-05,8:00p,@,Minnesota Timberwolves,L,,86,90,1,3,L 2
2003,WAS,2002-11-06,7:00p,,Cleveland Cavaliers,W,,107,100,2,3,W 1
2003,WAS,2002-11-08,8:00p,,Los Angeles Lakers,W,,100,99,3,3,W 2
2003,WAS,2002-11-09,7:30p,@,Cleveland Cavaliers,W,,93,79,4,3,W 3
2003,WAS,2002-11-12,7:00p,,Seattle SuperSonics,L,,95,101,4,4,L 1
2003,WAS,2002-11-14,7:30p,,Utah Jazz,W,,105,102,5,4,W 1
2003,WAS,2002-11-16,7:00p,,Miami Heat,W,,95,65,6,4,W 2
2003,WAS,2002-11-17,7:00p,@,Philadelphia 76ers,L,,84,100,6,5,L 1
2003,WAS,2002-11-22,8:30p,@,Houston Rockets,L,,86,93,6,6,L 2
2003,WAS,2002-11-23,8:00p,@,Memphis Grizzlies,L,,74,85,6,7,L 3
2003,WAS,2002-11-26,7:00p,,Indiana Pacers,L,,84,88,6,8,L 4
2003,WAS,2002-11-29,8:00p,@,Indiana Pacers,L,,84,100,6,9,L 5
2003,WAS,2002-11-30,7:00p,,Philadelphia 76ers,L,,94,95,6,10,L 6
2003,WAS,2002-12-03,7:00p,,Milwaukee Bucks,W,,103,78,7,10,W 1
2003,WAS,2002-12-04,7:30p,@,Detroit Pistons,W,,88,83,8,10,W 2
2003,WAS,2002-12-06,7:00p,@,Orlando Magic,L,,78,88,8,11,L 1
2003,WAS,2002-12-07,8:00p,,New York Knicks,W,,100,97,9,11,W 1
2003,WAS,2002-12-10,7:00p,,Portland Trail Blazers,L,,79,98,9,12,L 1
2003,WAS,2002-12-13,8:00p,@,New Jersey Nets,L,,65,79,9,13,L 2
2003,WAS,2002-12-15,1:00p,@,Toronto Raptors,W,,95,82,10,13,W 1
2003,WAS,2002-12-17,7:30p,@,Atlanta Hawks,W,,109,99,11,13,W 2
2003,WAS,2002-12-18,7:00p,,Memphis Grizzlies,W,,118,100,12,13,W 3
2003,WAS,2002-12-21,8:30p,@,San Antonio Spurs,L,,81,92,12,14,L 1
2003,WAS,2002-12-23,8:30p,@,Dallas Mavericks,L,,86,92,12,15,L 2
2003,WAS,2002-12-26,7:30p,,Detroit Pistons,L,,82,87,12,16,L 3
2003,WAS,2002-12-28,7:00p,,Atlanta Hawks,W,,84,76,13,16,W 1
2003,WAS,2002-12-30,7:00p,@,Orlando Magic,L,,95,112,13,17,L 1
2003,WAS,2002-12-31,8:00p,,San Antonio Spurs,W,,105,103,14,17,W 1
2003,WAS,2003-01-02,7:30p,@,Chicago Bulls,W,,107,82,15,17,W 2
2003,WAS,2003-01-04,7:00p,,Indiana Pacers,W,2OT,107,104,16,17,W 3
2003,WAS,2003-01-06,7:00p,@,Boston Celtics,W,,100,95,17,17,W 4
2003,WAS,2003-01-08,7:00p,,Chicago Bulls,W,,101,98,18,17,W 5
2003,WAS,2003-01-10,7:00p,,Golden State Warriors,L,,99,104,18,18,L 1
2003,WAS,2003-01-11,7:30p,@,New York Knicks,W,,89,84,19,18,W 1
2003,WAS,2003-01-14,7:00p,,Toronto Raptors,L,,75,84,19,19,L 1
2003,WAS,2003-01-16,7:30p,,Orlando Magic,W,,108,93,20,19,W 1
2003,WAS,2003-01-18,7:00p,,Philadelphia 76ers,L,,80,88,20,20,L 1
2003,WAS,2003-01-20,1:00p,,Denver Nuggets,W,,89,74,21,20,W 1
2003,WAS,2003-01-22,9:00p,@,New Orleans Hornets,L,,94,103,21,21,L 1
2003,WAS,2003-01-24,8:00p,@,Chicago Bulls,L,,97,104,21,22,L 2
2003,WAS,2003-01-25,7:00p,,Minnesota Timberwolves,L,,89,97,21,23,L 3
2003,WAS,2003-01-27,7:00p,,Phoenix Suns,W,,98,93,22,23,W 1
2003,WAS,2003-01-29,7:30p,@,New Jersey Nets,L,,78,86,22,24,L 1
2003,WAS,2003-01-30,8:00p,@,Milwaukee Bucks,L,,90,97,22,25,L 2
2003,WAS,2003-02-01,7:00p,,New Orleans Hornets,W,,109,104,23,25,W 1
2003,WAS,2003-02-04,7:00p,,Cleveland Cavaliers,W,,93,84,24,25,W 2
2003,WAS,2003-02-11,10:00p,@,Sacramento Kings,L,,80,99,24,26,L 1
2003,WAS,2003-02-12,10:30p,@,Los Angeles Clippers,W,,108,104,25,26,W 1
2003,WAS,2003-02-14,9:00p,@,Utah Jazz,L,,77,109,25,27,L 1
2003,WAS,2003-02-19,8:30p,@,New Orleans Hornets,L,,75,87,25,28,L 2
2003,WAS,2003-02-21,7:00p,,New Jersey Nets,W,,89,86,26,28,W 1
2003,WAS,2003-02-23,12:30p,,Dallas Mavericks,L,OT,101,106,26,29,L 1
2003,WAS,2003-02-25,7:00p,@,Indiana Pacers,W,,83,78,27,29,W 1
2003,WAS,2003-02-27,7:00p,,Houston Rockets,W,OT,100,98,28,29,W 2
2003,WAS,2003-03-01,7:00p,,Chicago Bulls,W,,101,93,29,29,W 3
2003,WAS,2003-03-02,6:00p,@,Miami Heat,L,,83,93,29,30,L 1
2003,WAS,2003-03-04,7:00p,,Toronto Raptors,L,,86,89,29,31,L 2
2003,WAS,2003-03-05,7:00p,,Los Angeles Clippers,W,,99,80,30,31,W 1
2003,WAS,2003-03-07,7:00p,,Milwaukee Bucks,L,,82,85,30,32,L 1
2003,WAS,2003-03-09,1:00p,@,New York Knicks,L,,96,97,30,33,L 2
2003,WAS,2003-03-11,7:00p,,Orlando Magic,W,,106,105,31,33,W 1
2003,WAS,2003-03-14,8:00p,@,Detroit Pistons,L,,80,90,31,34,L 1
2003,WAS,2003-03-15,7:00p,,Miami Heat,W,,89,82,32,34,W 1
2003,WAS,2003-03-18,7:00p,,Detroit Pistons,L,OT,90,94,32,35,L 1
2003,WAS,2003-03-21,10:30p,@,Phoenix Suns,L,,83,109,32,36,L 2
2003,WAS,2003-03-23,9:00p,@,Golden State Warriors,L,,107,113,32,37,L 3
2003,WAS,2003-03-25,10:00p,@,Portland Trail Blazers,W,,95,91,33,37,W 1
2003,WAS,2003-03-26,10:00p,@,Seattle SuperSonics,W,,80,74,34,37,W 2
2003,WAS,2003-03-28,10:30p,@,Los Angeles Lakers,L,,94,108,34,38,L 1
2003,WAS,2003-03-30,9:00p,@,Denver Nuggets,L,,72,88,34,39,L 2
2003,WAS,2003-04-02,8:00p,,Sacramento Kings,L,,99,105,34,40,L 3
2003,WAS,2003-04-03,7:00p,@,Atlanta Hawks,L,,89,91,34,41,L 4
2003,WAS,2003-04-06,1:00p,@,Boston Celtics,W,OT,99,98,35,41,W 1
2003,WAS,2003-04-08,7:00p,@,Cleveland Cavaliers,W,,100,91,36,41,W 2
2003,WAS,2003-04-09,7:00p,,Boston Celtics,L,,83,87,36,42,L 1
2003,WAS,2003-04-11,8:00p,@,Miami Heat,W,,91,87,37,42,W 1
2003,WAS,2003-04-12,7:00p,,Atlanta Hawks,L,,100,101,37,43,L 1
2003,WAS,2003-04-14,7:00p,,New York Knicks,L,,79,93,37,44,L 2
2003,WAS,2003-04-16,7:00p,@,Philadelphia 76ers,L,,87,107,37,45,L 3
2004,ATL,2003-10-29,8:00p,@,New Orleans Hornets,L,OT,83,88,0,1,L 1
2004,ATL,2003-10-31,8:30p,@,Chicago Bulls,L,,94,100,0,2,L 2
2004,ATL,2003-11-01,7:00p,,Indiana Pacers,L,OT,99,103,0,3,L 3
2004,ATL,2003-11-03,7:30p,,New Orleans Hornets,W,,90,80,1,3,W 1
2004,ATL,2003-11-05,10:30p,@,Golden State Warriors,L,,72,99,1,4,L 1
2004,ATL,2003-11-08,10:00p,@,Portland Trail Blazers,L,,83,90,1,5,L 2
2004,ATL,2003-11-09,9:00p,@,Seattle SuperSonics,W,,91,81,2,5,W 1
2004,ATL,2003-11-11,10:30p,@,Los Angeles Clippers,L,,103,115,2,6,L 1
2004,ATL,2003-11-12,9:00p,@,Phoenix Suns,W,,99,94,3,6,W 1
2004,ATL,2003-11-15,7:00p,,New Jersey Nets,L,,85,100,3,7,L 1
2004,ATL,2003-11-17,7:30p,,Washington Wizards,L,,97,106,3,8,L 2
2004,ATL,2003-11-18,8:00p,@,Milwaukee Bucks,W,,101,93,4,8,W 1
2004,ATL,2003-11-21,8:30p,@,San Antonio Spurs,L,,75,114,4,9,L 1
2004,ATL,2003-11-22,7:00p,,Cleveland Cavaliers,W,,92,83,5,9,W 1
2004,ATL,2003-11-24,7:30p,,Detroit Pistons,L,,89,94,5,10,L 1
2004,ATL,2003-11-26,7:30p,,Toronto Raptors,L,OT,97,99,5,11,L 2
2004,ATL,2003-11-28,7:30p,,Miami Heat,W,,95,83,6,11,W 1
2004,ATL,2003-11-29,7:00p,@,Philadelphia 76ers,L,,86,98,6,12,L 1
2004,ATL,2003-12-02,7:30p,,Milwaukee Bucks,L,,94,106,6,13,L 2
2004,ATL,2003-12-05,7:00p,@,Toronto Raptors,L,,87,92,6,14,L 3
2004,ATL,2003-12-06,7:30p,@,Cleveland Cavaliers,L,,85,95,6,15,L 4
2004,ATL,2003-12-09,7:30p,,Denver Nuggets,W,,112,98,7,15,W 1
2004,ATL,2003-12-10,8:00p,@,Memphis Grizzlies,L,,90,103,7,16,L 1
2004,ATL,2003-12-12,7:30p,@,Indiana Pacers,L,,92,103,7,17,L 2
2004,ATL,2003-12-13,7:30p,,Orlando Magic,L,,102,105,7,18,L 3
2004,ATL,2003-12-16,7:30p,@,Miami Heat,L,,79,97,7,19,L 4
2004,ATL,2003-12-17,7:30p,,Golden State Warriors,L,,85,98,7,20,L 5
2004,ATL,2003-12-19,7:30p,,Sacramento Kings,L,,86,98,7,21,L 6
2004,ATL,2003-12-20,7:30p,@,New York Knicks,L,,92,103,7,22,L 7
2004,ATL,2003-12-23,7:30p,,Boston Celtics,W,,93,88,8,22,W 1
2004,ATL,2003-12-26,8:00p,@,New Orleans Hornets,L,,79,109,8,23,L 1
2004,ATL,2003-12-27,7:00p,,Detroit Pistons,L,,84,87,8,24,L 2
2004,ATL,2003-12-30,7:00p,@,Washington Wizards,W,,83,73,9,24,W 1
2004,ATL,2004-01-02,8:00p,@,Minnesota Timberwolves,L,,75,93,9,25,L 1
2004,ATL,2004-01-03,10:00p,@,Denver Nuggets,W,,84,76,10,25,W 1
2004,ATL,2004-01-06,10:00p,@,Sacramento Kings,L,,89,105,10,26,L 1
2004,ATL,2004-01-09,10:30p,@,Los Angeles Lakers,L,,67,113,10,27,L 2
2004,ATL,2004-01-10,9:00p,@,Utah Jazz,L,,71,92,10,28,L 3
2004,ATL,2004-01-13,7:30p,,San Antonio Spurs,W,,86,77,11,28,W 1
2004,ATL,2004-01-14,7:00p,@,Indiana Pacers,L,,78,85,11,29,L 1
2004,ATL,2004-01-17,7:00p,,Toronto Raptors,W,,75,70,12,29,W 1
2004,ATL,2004-01-19,2:00p,,Indiana Pacers,L,,97,100,12,30,L 1
2004,ATL,2004-01-21,7:30p,,Chicago Bulls,W,,97,87,13,30,W 1
2004,ATL,2004-01-23,7:30p,,New York Knicks,L,,94,96,13,31,L 1
2004,ATL,2004-01-25,6:00p,@,Detroit Pistons,W,,91,82,14,31,W 1
2004,ATL,2004-01-27,7:30p,,Phoenix Suns,L,,85,89,14,32,L 1
2004,ATL,2004-01-29,7:30p,,Portland Trail Blazers,L,,85,93,14,33,L 2
2004,ATL,2004-01-31,7:00p,,Milwaukee Bucks,W,,93,83,15,33,W 1
2004,ATL,2004-02-02,7:30p,,Los Angeles Clippers,L,,95,101,15,34,L 1
2004,ATL,2004-02-04,7:30p,,Minnesota Timberwolves,W,,97,89,16,34,W 1
2004,ATL,2004-02-06,7:30p,@,Boston Celtics,W,,100,96,17,34,W 2
2004,ATL,2004-02-07,7:00p,,Houston Rockets,L,,77,86,17,35,L 1
2004,ATL,2004-02-09,7:30p,,Dallas Mavericks,W,,102,96,18,35,W 1
2004,ATL,2004-02-18,7:30p,@,New Jersey Nets,L,,92,98,18,36,L 1
2004,ATL,2004-02-20,7:30p,@,Miami Heat,L,,92,125,18,37,L 2
2004,ATL,2004-02-22,8:30p,@,Houston Rockets,L,3OT,121,123,18,38,L 3
2004,ATL,2004-02-24,7:30p,,Philadelphia 76ers,W,,86,75,19,38,W 1
2004,ATL,2004-02-27,8:00p,@,Detroit Pistons,L,,83,105,19,39,L 1
2004,ATL,2004-02-28,7:00p,,Orlando Magic,L,,99,104,19,40,L 2
2004,ATL,2004-03-02,7:30p,,Los Angeles Lakers,W,,94,93,20,40,W 1
2004,ATL,2004-03-03,7:00p,@,Cleveland Cavaliers,L,,80,112,20,41,L 1
2004,ATL,2004-03-05,7:00p,@,Orlando Magic,L,,96,101,20,42,L 2
2004,ATL,2004-03-08,7:30p,,Cleveland Cavaliers,L,,102,108,20,43,L 3
2004,ATL,2004-03-10,8:00p,@,Milwaukee Bucks,L,,80,94,20,44,L 4
2004,ATL,2004-03-12,7:30p,,Washington Wizards,W,,138,124,21,44,W 1
2004,ATL,2004-03-14,1:00p,@,Toronto Raptors,L,,84,101,21,45,L 1
2004,ATL,2004-03-16,7:30p,,Seattle SuperSonics,L,,110,118,21,46,L 2
2004,ATL,2004-03-17,8:30p,@,Dallas Mavericks,W,,111,110,22,46,W 1
2004,ATL,2004-03-19,7:00p,@,Washington Wizards,L,,84,94,22,47,L 1
2004,ATL,2004-03-20,7:00p,,Utah Jazz,L,,81,87,22,48,L 2
2004,ATL,2004-03-22,7:30p,@,New York Knicks,L,,84,96,22,49,L 3
2004,ATL,2004-03-25,7:30p,,New Orleans Hornets,W,,84,76,23,49,W 1
2004,ATL,2004-03-27,7:00p,,Chicago Bulls,W,,97,88,24,49,W 2
2004,ATL,2004-03-29,7:30p,,Memphis Grizzlies,L,2OT,133,136,24,50,L 1
2004,ATL,2004-03-31,7:30p,,Miami Heat,L,,97,100,24,51,L 2
2004,ATL,2004-04-02,7:00p,@,Orlando Magic,W,,95,87,25,51,W 1
2004,ATL,2004-04-04,8:00p,@,New Jersey Nets,L,,89,106,25,52,L 1
2004,ATL,2004-04-06,7:30p,,Philadelphia 76ers,L,OT,100,103,25,53,L 2
2004,ATL,2004-04-09,8:30p,@,Chicago Bulls,W,,116,101,26,53,W 1
2004,ATL,2004-04-10,7:00p,,Boston Celtics,W,,110,99,27,53,W 2
2004,ATL,2004-04-12,7:30p,,New Jersey Nets,W,,129,107,28,53,W 3
2004,ATL,2004-04-14,7:00p,@,Boston Celtics,L,,132,137,28,54,L 1
2004,BOS,2003-10-29,7:00p,,Miami Heat,W,,98,75,1,0,W 1
2004,BOS,2003-10-31,8:00p,@,Memphis Grizzlies,W,,93,91,2,0,W 2
2004,BOS,2003-11-01,8:00p,@,New Orleans Hornets,L,,90,97,2,1,L 1
2004,BOS,2003-11-05,7:30p,@,Detroit Pistons,L,,88,96,2,2,L 2
2004,BOS,2003-11-07,7:30p,,New Jersey Nets,L,,87,94,2,3,L 3
2004,BOS,2003-11-09,6:00p,,Sacramento Kings,W,,91,82,3,3,W 1
2004,BOS,2003-11-11,7:00p,@,Indiana Pacers,W,,78,76,4,3,W 2
2004,BOS,2003-11-12,7:00p,,Chicago Bulls,L,,82,89,4,4,L 1
2004,BOS,2003-11-14,7:30p,,Cleveland Cavaliers,W,,91,82,5,4,W 1
2004,BOS,2003-11-17,7:30p,@,New York Knicks,L,,86,89,5,5,L 1
2004,BOS,2003-11-19,7:00p,,New Orleans Hornets,L,,73,81,5,6,L 2
2004,BOS,2003-11-21,7:00p,@,Philadelphia 76ers,L,,85,87,5,7,L 3
2004,BOS,2003-11-24,7:00p,,New York Knicks,L,,88,94,5,8,L 4
2004,BOS,2003-11-26,7:00p,@,Orlando Magic,W,,94,92,6,8,W 1
2004,BOS,2003-11-28,7:30p,,Milwaukee Bucks,W,,106,96,7,8,W 2
2004,BOS,2003-11-29,9:00p,@,Milwaukee Bucks,L,,94,100,7,9,L 1
2004,BOS,2003-12-01,7:00p,,Memphis Grizzlies,L,,89,96,7,10,L 2
2004,BOS,2003-12-03,7:00p,@,Toronto Raptors,L,,95,105,7,11,L 3
2004,BOS,2003-12-05,7:30p,,Phoenix Suns,L,,106,110,7,12,L 4
2004,BOS,2003-12-07,9:00p,@,Denver Nuggets,W,,116,111,8,12,W 1
2004,BOS,2003-12-08,9:00p,@,Utah Jazz,W,,102,80,9,12,W 2
2004,BOS,2003-12-10,7:00p,,Seattle SuperSonics,W,,126,112,10,12,W 3
2004,BOS,2003-12-12,7:30p,,Toronto Raptors,W,,114,111,11,12,W 4
2004,BOS,2003-12-13,7:30p,@,Cleveland Cavaliers,W,,105,98,12,12,W 5
2004,BOS,2003-12-15,7:00p,,Minnesota Timberwolves,L,,95,116,12,13,L 1
2004,BOS,2003-12-17,8:00p,,Dallas Mavericks,W,,105,103,13,13,W 1
2004,BOS,2003-12-19,7:30p,,Utah Jazz,L,,96,99,13,14,L 1
2004,BOS,2003-12-21,6:00p,,Philadelphia 76ers,W,,87,84,14,14,W 1
2004,BOS,2003-12-23,7:30p,@,Atlanta Hawks,L,,88,93,14,15,L 1
2004,BOS,2003-12-26,9:00p,@,Phoenix Suns,W,,104,102,15,15,W 1
2004,BOS,2003-12-28,9:30p,@,Los Angeles Lakers,L,,82,105,15,16,L 1
2004,BOS,2003-12-29,10:30p,@,Golden State Warriors,W,,100,91,16,16,W 1
2004,BOS,2003-12-31,2:00p,,New Orleans Hornets,L,,94,96,16,17,L 1
2004,BOS,2004-01-02,7:30p,,Indiana Pacers,L,,90,103,16,18,L 2
2004,BOS,2004-01-03,8:30p,@,Chicago Bulls,W,,88,77,17,18,W 1
2004,BOS,2004-01-05,7:00p,,Detroit Pistons,L,,68,78,17,19,L 1
2004,BOS,2004-01-07,7:00p,,Orlando Magic,W,,101,93,18,19,W 1
2004,BOS,2004-01-09,7:30p,,Cleveland Cavaliers,W,,107,82,19,19,W 2
2004,BOS,2004-01-11,8:30p,@,Houston Rockets,W,,97,93,20,19,W 3
2004,BOS,2004-01-13,8:00p,@,Milwaukee Bucks,L,,103,111,20,20,L 1
2004,BOS,2004-01-14,7:00p,,Houston Rockets,L,,80,95,20,21,L 2
2004,BOS,2004-01-16,7:00p,@,Orlando Magic,L,OT,118,124,20,22,L 3
2004,BOS,2004-01-18,12:30p,,San Antonio Spurs,L,,92,109,20,23,L 4
2004,BOS,2004-01-20,7:30p,@,Miami Heat,W,,86,84,21,23,W 1
2004,BOS,2004-01-23,7:30p,,Washington Wizards,W,,100,89,22,23,W 2
2004,BOS,2004-01-25,1:00p,@,New Jersey Nets,L,,91,110,22,24,L 1
2004,BOS,2004-01-28,7:00p,,Detroit Pistons,L,,103,106,22,25,L 2
2004,BOS,2004-01-30,7:30p,,New York Knicks,L,,74,92,22,26,L 3
2004,BOS,2004-01-31,8:00p,@,Indiana Pacers,L,,98,99,22,27,L 4
2004,BOS,2004-02-04,7:00p,,Los Angeles Clippers,L,,86,95,22,28,L 5
2004,BOS,2004-02-06,7:30p,,Atlanta Hawks,L,,96,100,22,29,L 6
2004,BOS,2004-02-07,7:00p,@,Philadelphia 76ers,W,,110,80,23,29,W 1
2004,BOS,2004-02-09,7:00p,@,Cleveland Cavaliers,L,,89,97,23,30,L 1
2004,BOS,2004-02-12,8:30p,@,Chicago Bulls,L,,87,107,23,31,L 2
2004,BOS,2004-02-17,10:00p,@,Sacramento Kings,L,,111,127,23,32,L 3
2004,BOS,2004-02-19,10:30p,@,Los Angeles Clippers,L,,100,102,23,33,L 4
2004,BOS,2004-02-21,10:00p,@,Portland Trail Blazers,L,,84,105,23,34,L 5
2004,BOS,2004-02-22,9:00p,@,Seattle SuperSonics,L,,87,108,23,35,L 6
2004,BOS,2004-02-25,7:00p,,Milwaukee Bucks,L,,104,106,23,36,L 7
2004,BOS,2004-02-27,7:00p,,Toronto Raptors,W,,88,75,24,36,W 1
2004,BOS,2004-02-29,1:00p,@,Toronto Raptors,W,,91,82,25,36,W 2
2004,BOS,2004-03-01,7:00p,,Orlando Magic,W,,117,96,26,36,W 3
2004,BOS,2004-03-05,7:30p,,Washington Wizards,W,,94,90,27,36,W 4
2004,BOS,2004-03-07,7:30p,@,Minnesota Timberwolves,W,,80,77,28,36,W 5
2004,BOS,2004-03-09,7:30p,@,New York Knicks,W,,87,84,29,36,W 6
2004,BOS,2004-03-10,7:00p,,Los Angeles Lakers,L,,109,117,29,37,L 1
2004,BOS,2004-03-12,7:30p,,Indiana Pacers,L,,81,99,29,38,L 2
2004,BOS,2004-03-13,7:00p,@,Washington Wizards,W,,111,102,30,38,W 1
2004,BOS,2004-03-17,7:00p,,Denver Nuggets,W,,104,100,31,38,W 2
2004,BOS,2004-03-19,8:00p,@,Dallas Mavericks,L,,104,120,31,39,L 1
2004,BOS,2004-03-20,8:30p,@,San Antonio Spurs,L,,87,103,31,40,L 2
2004,BOS,2004-03-26,8:00p,,New Jersey Nets,W,,102,93,32,40,W 1
2004,BOS,2004-03-28,6:30p,,Philadelphia 76ers,W,,89,65,33,40,W 2
2004,BOS,2004-03-29,7:30p,@,New Jersey Nets,W,,84,80,34,40,W 3
2004,BOS,2004-03-31,7:00p,,Portland Trail Blazers,L,,98,105,34,41,L 1
2004,BOS,2004-04-02,7:30p,,Golden State Warriors,W,,111,106,35,41,W 1
2004,BOS,2004-04-04,2:00p,@,Washington Wizards,L,,102,112,35,42,L 1
2004,BOS,2004-04-07,7:30p,@,Miami Heat,L,,101,104,35,43,L 2
2004,BOS,2004-04-09,8:00p,@,New Orleans Hornets,L,,80,89,35,44,L 3
2004,BOS,2004-04-10,7:00p,@,Atlanta Hawks,L,,99,110,35,45,L 4
2004,BOS,2004-04-12,7:00p,,Miami Heat,L,,77,84,35,46,L 5
2004,BOS,2004-04-14,7:00p,,Atlanta Hawks,W,,137,132,36,46,W 1
2004,BOS,2004-04-17,2:00p,@,Indiana Pacers,L,,88,104,0,1,L 1
2004,BOS,2004-04-20,8:30p,@,Indiana Pacers,L,,90,103,0,2,L 2
2004,BOS,2004-04-23,7:00p,,Indiana Pacers,L,,85,108,0,3,L 3
2004,BOS,2004-04-25,1:00p,,Indiana Pacers,L,,75,90,0,4,L 4
2004,CHI,2003-10-29,8:30p,,Washington Wizards,L,,74,99,0,1,L 1
2004,CHI,2003-10-31,8:30p,,Atlanta Hawks,W,,100,94,1,1,W 1
2004,CHI,2003-11-01,8:30p,@,Milwaukee Bucks,L,,68,98,1,2,L 1
2004,CHI,2003-11-03,8:30p,,Houston Rockets,L,,66,98,1,3,L 2
2004,CHI,2003-11-05,7:00p,@,Orlando Magic,W,,106,100,2,3,W 1
2004,CHI,2003-11-07,8:30p,,Philadelphia 76ers,L,,85,106,2,4,L 1
2004,CHI,2003-11-08,8:00p,@,New Orleans Hornets,W,,109,106,3,4,W 1
2004,CHI,2003-11-10,8:30p,,Denver Nuggets,L,,97,105,3,5,L 1
2004,CHI,2003-11-12,7:00p,@,Boston Celtics,W,,89,82,4,5,W 1
2004,CHI,2003-11-13,8:30p,,Minnesota Timberwolves,L,OT,89,92,4,6,L 1
2004,CHI,2003-11-15,8:30p,,Seattle SuperSonics,L,,90,98,4,7,L 2
2004,CHI,2003-11-18,9:00p,@,Phoenix Suns,L,,82,95,4,8,L 3
2004,CHI,2003-11-21,10:30p,@,Los Angeles Lakers,L,,94,101,4,9,L 4
2004,CHI,2003-11-23,8:00p,@,Sacramento Kings,L,,99,110,4,10,L 5
2004,CHI,2003-11-25,8:30p,@,Dallas Mavericks,L,,98,124,4,11,L 6
2004,CHI,2003-11-26,8:30p,@,San Antonio Spurs,L,,98,109,4,12,L 7
2004,CHI,2003-12-01,8:30p,,Milwaukee Bucks,W,,97,87,5,12,W 1
2004,CHI,2003-12-04,7:00p,@,Philadelphia 76ers,L,,82,83,5,13,L 1
2004,CHI,2003-12-06,8:30p,,New Orleans Hornets,L,,91,97,5,14,L 2
2004,CHI,2003-12-08,8:30p,,San Antonio Spurs,L,,82,96,5,15,L 3
2004,CHI,2003-12-12,8:30p,@,Milwaukee Bucks,L,,95,109,5,16,L 4
2004,CHI,2003-12-13,8:30p,,Indiana Pacers,W,,86,75,6,16,W 1
2004,CHI,2003-12-16,8:30p,,Orlando Magic,W,,102,88,7,16,W 2
2004,CHI,2003-12-17,7:30p,@,Detroit Pistons,L,,73,77,7,17,L 1
2004,CHI,2003-12-20,8:30p,,Cleveland Cavaliers,L,,87,95,7,18,L 2
2004,CHI,2003-12-22,8:30p,,Utah Jazz,L,,80,92,7,19,L 3
2004,CHI,2003-12-23,7:30p,@,New Jersey Nets,L,,78,95,7,20,L 4
2004,CHI,2003-12-26,7:30p,@,Cleveland Cavaliers,W,,87,80,8,20,W 1
2004,CHI,2003-12-27,8:30p,,Washington Wizards,W,,100,86,9,20,W 2
2004,CHI,2003-12-29,8:30p,,Miami Heat,L,,83,90,9,21,L 1
2004,CHI,2003-12-30,8:00p,@,Minnesota Timberwolves,L,,93,98,9,22,L 2
2004,CHI,2004-01-02,7:30p,@,New York Knicks,W,,104,99,10,22,W 1
2004,CHI,2004-01-03,8:30p,,Boston Celtics,L,,77,88,10,23,L 1
2004,CHI,2004-01-05,8:30p,,Phoenix Suns,W,,87,82,11,23,W 1
2004,CHI,2004-01-07,7:30p,@,Miami Heat,L,,95,102,11,24,L 1
2004,CHI,2004-01-09,8:30p,,Portland Trail Blazers,L,,78,87,11,25,L 2
2004,CHI,2004-01-10,8:30p,,New Orleans Hornets,W,,89,84,12,25,W 1
2004,CHI,2004-01-13,8:30p,,Detroit Pistons,L,,89,105,12,26,L 1
2004,CHI,2004-01-15,8:00p,@,Memphis Grizzlies,L,,93,108,12,27,L 2
2004,CHI,2004-01-17,8:30p,,New York Knicks,L,,96,101,12,28,L 3
2004,CHI,2004-01-19,1:00p,@,Washington Wizards,L,,83,93,12,29,L 4
2004,CHI,2004-01-21,7:30p,@,Atlanta Hawks,L,,87,97,12,30,L 5
2004,CHI,2004-01-23,8:30p,,Dallas Mavericks,L,,93,106,12,31,L 6
2004,CHI,2004-01-25,3:30p,,Toronto Raptors,W,,96,89,13,31,W 1
2004,CHI,2004-01-27,10:30p,@,Los Angeles Clippers,L,,92,102,13,32,L 1
2004,CHI,2004-01-28,9:00p,@,Denver Nuggets,L,,99,115,13,33,L 2
2004,CHI,2004-01-30,10:30p,@,Golden State Warriors,L,,81,101,13,34,L 3
2004,CHI,2004-01-31,10:00p,@,Portland Trail Blazers,L,OT,95,102,13,35,L 4
2004,CHI,2004-02-02,10:00p,@,Seattle SuperSonics,L,,97,109,13,36,L 5
2004,CHI,2004-02-04,9:00p,@,Utah Jazz,W,,95,79,14,36,W 1
2004,CHI,2004-02-06,8:30p,@,Houston Rockets,L,,80,82,14,37,L 1
2004,CHI,2004-02-10,8:30p,,Indiana Pacers,L,,84,103,14,38,L 2
2004,CHI,2004-02-12,8:30p,,Boston Celtics,W,,107,87,15,38,W 1
2004,CHI,2004-02-17,8:30p,,Toronto Raptors,W,,75,73,16,38,W 2
2004,CHI,2004-02-20,8:30p,,Sacramento Kings,L,,83,91,16,39,L 1
2004,CHI,2004-02-21,8:30p,,Memphis Grizzlies,L,,98,105,16,40,L 2
2004,CHI,2004-02-25,8:30p,,Detroit Pistons,L,,88,107,16,41,L 3
2004,CHI,2004-02-26,7:00p,@,Washington Wizards,L,,87,95,16,42,L 4
2004,CHI,2004-02-28,8:30p,,Golden State Warriors,W,OT,87,81,17,42,W 1
2004,CHI,2004-03-01,8:30p,,Cleveland Cavaliers,W,,92,81,18,42,W 2
2004,CHI,2004-03-03,8:00p,@,New Orleans Hornets,L,OT,97,100,18,43,L 1
2004,CHI,2004-03-06,7:00p,@,Philadelphia 76ers,L,,88,97,18,44,L 2
2004,CHI,2004-03-09,8:30p,,Philadelphia 76ers,L,,81,89,18,45,L 3
2004,CHI,2004-03-10,7:30p,@,Detroit Pistons,L,,65,98,18,46,L 4
2004,CHI,2004-03-12,7:30p,@,New Jersey Nets,L,,76,88,18,47,L 5
2004,CHI,2004-03-13,8:30p,,Los Angeles Lakers,L,,81,88,18,48,L 6
2004,CHI,2004-03-16,7:00p,@,Cleveland Cavaliers,L,,87,111,18,49,L 7
2004,CHI,2004-03-19,7:00p,@,Toronto Raptors,W,,96,91,19,49,W 1
2004,CHI,2004-03-20,8:30p,,New York Knicks,W,,87,81,20,49,W 2
2004,CHI,2004-03-22,7:00p,@,Indiana Pacers,L,,77,101,20,50,L 1
2004,CHI,2004-03-23,8:30p,,New Jersey Nets,L,,81,84,20,51,L 2
2004,CHI,2004-03-26,8:30p,,Milwaukee Bucks,L,,105,115,20,52,L 3
2004,CHI,2004-03-27,7:00p,@,Atlanta Hawks,L,,88,97,20,53,L 4
2004,CHI,2004-03-29,7:30p,@,Miami Heat,L,,96,105,20,54,L 5
2004,CHI,2004-03-31,7:00p,@,Orlando Magic,W,,109,91,21,54,W 1
2004,CHI,2004-04-02,8:30p,,Los Angeles Clippers,W,OT,114,110,22,54,W 2
2004,CHI,2004-04-03,8:30p,,Miami Heat,L,,83,97,22,55,L 1
2004,CHI,2004-04-07,7:30p,@,New York Knicks,L,,82,96,22,56,L 2
2004,CHI,2004-04-09,8:30p,,Atlanta Hawks,L,,101,116,22,57,L 3
2004,CHI,2004-04-11,1:00p,@,Toronto Raptors,W,OT,114,108,23,57,W 1
2004,CHI,2004-04-12,8:30p,,Orlando Magic,L,,84,93,23,58,L 1
2004,CHI,2004-04-14,8:00p,@,Indiana Pacers,L,,96,101,23,59,L 2
2004,CLE,2003-10-29,10:30p,@,Sacramento Kings,L,,92,106,0,1,L 1
2004,CLE,2003-10-30,10:30p,@,Phoenix Suns,L,,86,95,0,2,L 2
2004,CLE,2003-11-01,10:00p,@,Portland Trail Blazers,L,,85,104,0,3,L 3
2004,CLE,2003-11-05,8:00p,,Denver Nuggets,L,,89,93,0,4,L 4
2004,CLE,2003-11-07,7:30p,@,Indiana Pacers,L,,90,91,0,5,L 5
2004,CLE,2003-11-08,7:30p,,Washington Wizards,W,,111,98,1,5,W 1
2004,CLE,2003-11-10,7:00p,,New York Knicks,W,,94,80,2,5,W 2
2004,CLE,2003-11-12,7:30p,@,Miami Heat,L,,83,88,2,6,L 1
2004,CLE,2003-11-14,7:30p,@,Boston Celtics,L,,82,91,2,7,L 2
2004,CLE,2003-11-15,7:30p,,Philadelphia 76ers,W,OT,91,88,3,7,W 1
2004,CLE,2003-11-18,7:00p,,Los Angeles Clippers,W,,103,95,4,7,W 2
2004,CLE,2003-11-19,7:00p,@,Washington Wizards,L,,95,106,4,8,L 1
2004,CLE,2003-11-21,8:00p,,Minnesota Timberwolves,L,,83,97,4,9,L 2
2004,CLE,2003-11-22,7:00p,@,Atlanta Hawks,L,,83,92,4,10,L 3
2004,CLE,2003-11-26,8:00p,@,New Orleans Hornets,L,,72,82,4,11,L 4
2004,CLE,2003-11-28,8:00p,@,Detroit Pistons,L,,88,92,4,12,L 5
2004,CLE,2003-11-29,7:30p,,Memphis Grizzlies,L,2OT,115,122,4,13,L 6
2004,CLE,2003-12-02,9:00p,@,Denver Nuggets,L,,103,115,4,14,L 7
2004,CLE,2003-12-03,10:30p,@,Los Angeles Clippers,L,,80,90,4,15,L 8
2004,CLE,2003-12-06,7:30p,,Atlanta Hawks,W,,95,85,5,15,W 1
2004,CLE,2003-12-09,7:00p,,Toronto Raptors,L,,93,100,5,16,L 1
2004,CLE,2003-12-11,7:30p,,Detroit Pistons,W,,95,86,6,16,W 1
2004,CLE,2003-12-13,7:30p,,Boston Celtics,L,,98,105,6,17,L 1
2004,CLE,2003-12-15,7:00p,@,Indiana Pacers,L,,85,95,6,18,L 2
2004,CLE,2003-12-17,7:00p,,Houston Rockets,L,,85,89,6,19,L 3
2004,CLE,2003-12-19,7:00p,@,Philadelphia 76ers,W,,88,81,7,19,W 1
2004,CLE,2003-12-20,8:30p,@,Chicago Bulls,W,,95,87,8,19,W 2
2004,CLE,2003-12-23,7:00p,,New Orleans Hornets,W,,97,86,9,19,W 3
2004,CLE,2003-12-25,2:30p,@,Orlando Magic,L,OT,101,113,9,20,L 1
2004,CLE,2003-12-26,7:30p,,Chicago Bulls,L,,80,87,9,21,L 2
2004,CLE,2003-12-28,7:00p,,Portland Trail Blazers,W,,86,74,10,21,W 1
2004,CLE,2003-12-30,7:00p,,Indiana Pacers,L,,89,92,10,22,L 1
2004,CLE,2004-01-02,7:30p,@,New Jersey Nets,L,,82,97,10,23,L 2
2004,CLE,2004-01-06,7:00p,,New York Knicks,W,,107,96,11,23,W 1
2004,CLE,2004-01-07,7:00p,@,Toronto Raptors,L,,69,75,11,24,L 1
2004,CLE,2004-01-09,7:30p,@,Boston Celtics,L,,82,107,11,25,L 2
2004,CLE,2004-01-12,10:00p,@,Los Angeles Lakers,L,,79,89,11,26,L 3
2004,CLE,2004-01-13,10:00p,@,Seattle SuperSonics,W,,104,96,12,26,W 1
2004,CLE,2004-01-15,10:30p,@,Golden State Warriors,L,,102,119,12,27,L 1
2004,CLE,2004-01-17,9:00p,@,Utah Jazz,W,OT,102,96,13,27,W 1
2004,CLE,2004-01-20,7:00p,,Seattle SuperSonics,W,,99,94,14,27,W 2
2004,CLE,2004-01-22,7:00p,,Sacramento Kings,L,,89,95,14,28,L 1
2004,CLE,2004-01-24,7:30p,,Philadelphia 76ers,W,,95,87,15,28,W 1
2004,CLE,2004-01-26,7:00p,,Orlando Magic,W,,99,98,16,28,W 2
2004,CLE,2004-01-28,7:00p,,Miami Heat,W,,94,93,17,28,W 3
2004,CLE,2004-01-30,9:30p,@,Milwaukee Bucks,L,,95,101,17,29,L 1
2004,CLE,2004-02-01,12:00p,@,Washington Wizards,W,,104,100,18,29,W 1
2004,CLE,2004-02-03,7:30p,@,Detroit Pistons,W,,85,82,19,29,W 2
2004,CLE,2004-02-04,8:00p,,Los Angeles Lakers,L,OT,106,111,19,30,L 1
2004,CLE,2004-02-06,8:00p,@,Minnesota Timberwolves,L,,92,103,19,31,L 2
2004,CLE,2004-02-07,7:30p,,Washington Wizards,L,,88,106,19,32,L 3
2004,CLE,2004-02-09,7:00p,,Boston Celtics,W,,97,89,20,32,W 1
2004,CLE,2004-02-11,7:00p,,New Jersey Nets,L,,85,105,20,33,L 1
2004,CLE,2004-02-18,7:00p,,Dallas Mavericks,L,,98,114,20,34,L 2
2004,CLE,2004-02-20,7:30p,,San Antonio Spurs,W,,89,87,21,34,W 1
2004,CLE,2004-02-22,1:00p,@,New York Knicks,W,,92,86,22,34,W 2
2004,CLE,2004-02-23,7:00p,,New Orleans Hornets,W,,104,100,23,34,W 3
2004,CLE,2004-02-25,9:00p,@,Houston Rockets,L,,84,90,23,35,L 1
2004,CLE,2004-02-27,7:00p,@,Orlando Magic,W,OT,112,107,24,35,W 1
2004,CLE,2004-03-01,8:30p,@,Chicago Bulls,L,,81,92,24,36,L 1
2004,CLE,2004-03-03,7:00p,,Atlanta Hawks,W,,112,80,25,36,W 1
2004,CLE,2004-03-05,8:00p,@,New Orleans Hornets,W,,88,85,26,36,W 2
2004,CLE,2004-03-06,7:30p,,Milwaukee Bucks,W,,106,97,27,36,W 3
2004,CLE,2004-03-08,7:30p,@,Atlanta Hawks,W,,108,102,28,36,W 4
2004,CLE,2004-03-10,7:00p,@,Toronto Raptors,W,,106,92,29,36,W 5
2004,CLE,2004-03-14,3:00p,,Indiana Pacers,W,,107,104,30,36,W 6
2004,CLE,2004-03-16,7:00p,,Chicago Bulls,W,,111,87,31,36,W 7
2004,CLE,2004-03-19,7:30p,,Utah Jazz,L,,88,97,31,37,L 1
2004,CLE,2004-03-21,4:00p,,Detroit Pistons,L,,76,96,31,38,L 2
2004,CLE,2004-03-23,7:00p,,Phoenix Suns,L,,86,103,31,39,L 3
2004,CLE,2004-03-26,7:00p,@,Philadelphia 76ers,L,,71,86,31,40,L 4
2004,CLE,2004-03-27,7:30p,,New Jersey Nets,W,,107,104,32,40,W 1
2004,CLE,2004-03-29,8:30p,@,San Antonio Spurs,L,,93,101,32,41,L 1
2004,CLE,2004-03-30,8:30p,@,Dallas Mavericks,L,,109,126,32,42,L 2
2004,CLE,2004-04-02,8:30p,@,Milwaukee Bucks,L,,89,107,32,43,L 3
2004,CLE,2004-04-03,7:30p,,Golden State Warriors,L,,100,103,32,44,L 4
2004,CLE,2004-04-06,7:30p,,Toronto Raptors,L,,86,87,32,45,L 5
2004,CLE,2004-04-07,8:00p,@,Memphis Grizzlies,L,,74,92,32,46,L 6
2004,CLE,2004-04-09,7:30p,@,Miami Heat,L,,91,106,32,47,L 7
2004,CLE,2004-04-10,7:30p,,Miami Heat,W,,91,80,33,47,W 1
2004,CLE,2004-04-12,7:00p,,Milwaukee Bucks,W,,93,89,34,47,W 2
2004,CLE,2004-04-14,7:30p,@,New York Knicks,W,,100,90,35,47,W 3
2004,DAL,2003-10-28,10:30p,@,Los Angeles Lakers,L,,93,109,0,1,L 1
2004,DAL,2003-10-29,10:30p,@,Golden State Warriors,W,,95,87,1,1,W 1
2004,DAL,2003-11-01,8:30p,,Utah Jazz,W,,127,102,2,1,W 2
2004,DAL,2003-11-03,8:30p,,Miami Heat,W,,103,93,3,1,W 3
2004,DAL,2003-11-05,7:00p,@,Washington Wizards,L,,90,100,3,2,L 1
2004,DAL,2003-11-06,8:00p,@,Toronto Raptors,L,,71,77,3,3,L 2
2004,DAL,2003-11-08,8:30p,@,San Antonio Spurs,W,,81,78,4,3,W 1
2004,DAL,2003-11-11,8:30p,,New Orleans Hornets,W,,125,97,5,3,W 2
2004,DAL,2003-11-13,7:30p,,Houston Rockets,W,,97,86,6,3,W 3
2004,DAL,2003-11-15,8:00p,@,Memphis Grizzlies,L,OT,101,108,6,4,L 1
2004,DAL,2003-11-17,8:30p,,Portland Trail Blazers,W,,105,98,7,4,W 1
2004,DAL,2003-11-20,7:30p,,San Antonio Spurs,W,,95,92,8,4,W 2
2004,DAL,2003-11-22,8:30p,,Denver Nuggets,W,,115,101,9,4,W 3
2004,DAL,2003-11-25,8:30p,,Chicago Bulls,W,,124,98,10,4,W 4
2004,DAL,2003-11-26,9:00p,@,Phoenix Suns,L,,90,121,10,5,L 1
2004,DAL,2003-11-28,9:00p,@,Denver Nuggets,L,,103,113,10,6,L 2
2004,DAL,2003-11-29,8:30p,,Minnesota Timberwolves,W,,92,88,11,6,W 1
2004,DAL,2003-12-02,8:30p,,Washington Wizards,W,,97,72,12,6,W 2
2004,DAL,2003-12-04,9:30p,,Los Angeles Lakers,L,,103,114,12,7,L 1
2004,DAL,2003-12-06,8:30p,,Orlando Magic,W,,110,97,13,7,W 1
2004,DAL,2003-12-10,10:30p,@,Los Angeles Clippers,L,,99,100,13,8,L 1
2004,DAL,2003-12-12,10:30p,@,Los Angeles Lakers,W,,110,93,14,8,W 1
2004,DAL,2003-12-15,8:30p,,Toronto Raptors,W,,111,94,15,8,W 2
2004,DAL,2003-12-17,8:00p,@,Boston Celtics,L,,103,105,15,9,L 1
2004,DAL,2003-12-18,7:30p,@,Minnesota Timberwolves,L,,109,114,15,10,L 2
2004,DAL,2003-12-20,8:30p,,Los Angeles Clippers,L,,105,115,15,11,L 3
2004,DAL,2003-12-23,10:00p,@,Portland Trail Blazers,L,,88,97,15,12,L 4
2004,DAL,2003-12-25,6:00p,@,Sacramento Kings,W,,111,103,16,12,W 1
2004,DAL,2003-12-27,8:30p,,Memphis Grizzlies,W,,104,98,17,12,W 2
2004,DAL,2003-12-30,8:30p,,Milwaukee Bucks,W,,101,92,18,12,W 3
2004,DAL,2004-01-02,8:30p,@,Milwaukee Bucks,L,,101,109,18,13,L 1
2004,DAL,2004-01-03,8:30p,,Minnesota Timberwolves,W,,119,112,19,13,W 1
2004,DAL,2004-01-05,9:00p,@,Utah Jazz,L,,94,108,19,14,L 1
2004,DAL,2004-01-07,9:00p,,Golden State Warriors,W,,105,99,20,14,W 1
2004,DAL,2004-01-09,8:00p,,Indiana Pacers,L,,80,92,20,15,L 1
2004,DAL,2004-01-11,6:00p,@,Detroit Pistons,L,,102,115,20,16,L 2
2004,DAL,2004-01-12,7:30p,@,New York Knicks,W,OT,127,121,21,16,W 1
2004,DAL,2004-01-14,9:00p,,Philadelphia 76ers,W,2OT,125,122,22,16,W 2
2004,DAL,2004-01-16,9:00p,@,Denver Nuggets,W,,91,88,23,16,W 3
2004,DAL,2004-01-17,10:00p,@,Portland Trail Blazers,W,,108,104,24,16,W 4
2004,DAL,2004-01-20,8:30p,,New Jersey Nets,W,,106,93,25,16,W 5
2004,DAL,2004-01-22,9:30p,,Los Angeles Lakers,W,,106,87,26,16,W 6
2004,DAL,2004-01-23,8:30p,@,Chicago Bulls,W,,106,93,27,16,W 7
2004,DAL,2004-01-25,1:00p,,Sacramento Kings,W,,108,99,28,16,W 8
2004,DAL,2004-01-27,10:00p,@,Seattle SuperSonics,W,,118,116,29,16,W 9
2004,DAL,2004-01-28,9:00p,@,Utah Jazz,L,,88,91,29,17,L 1
2004,DAL,2004-01-31,1:00p,,Denver Nuggets,L,,102,107,29,18,L 2
2004,DAL,2004-02-03,8:30p,,Golden State Warriors,W,,107,93,30,18,W 1
2004,DAL,2004-02-04,8:00p,@,New Orleans Hornets,W,,113,104,31,18,W 2
2004,DAL,2004-02-07,8:30p,,Detroit Pistons,W,,111,108,32,18,W 3
2004,DAL,2004-02-09,7:30p,@,Atlanta Hawks,L,,96,102,32,19,L 1
2004,DAL,2004-02-10,8:30p,,New York Knicks,W,,105,90,33,19,W 1
2004,DAL,2004-02-17,8:00p,@,Memphis Grizzlies,L,,92,109,33,20,L 1
2004,DAL,2004-02-18,7:00p,@,Cleveland Cavaliers,W,,114,98,34,20,W 1
2004,DAL,2004-02-21,8:30p,,Houston Rockets,W,,97,88,35,20,W 2
2004,DAL,2004-02-24,8:30p,,Los Angeles Clippers,W,,116,91,36,20,W 3
2004,DAL,2004-02-26,8:00p,,San Antonio Spurs,W,,115,91,37,20,W 4
2004,DAL,2004-02-28,8:30p,,Portland Trail Blazers,W,,111,91,38,20,W 5
2004,DAL,2004-03-02,8:30p,,Seattle SuperSonics,W,,107,96,39,20,W 6
2004,DAL,2004-03-03,8:00p,@,Minnesota Timberwolves,L,,97,121,39,21,L 1
2004,DAL,2004-03-05,8:00p,@,San Antonio Spurs,L,,100,113,39,22,L 2
2004,DAL,2004-03-07,1:00p,@,Houston Rockets,L,,98,101,39,23,L 3
2004,DAL,2004-03-08,8:30p,,Phoenix Suns,W,,103,90,40,23,W 1
2004,DAL,2004-03-11,10:00p,@,Sacramento Kings,L,,102,120,40,24,L 1
2004,DAL,2004-03-13,9:00p,@,Phoenix Suns,W,,113,90,41,24,W 1
2004,DAL,2004-03-14,10:30p,@,Los Angeles Clippers,W,,101,88,42,24,W 2
2004,DAL,2004-03-17,8:30p,,Atlanta Hawks,L,,110,111,42,25,L 1
2004,DAL,2004-03-19,8:00p,,Boston Celtics,W,,120,104,43,25,W 1
2004,DAL,2004-03-21,1:30p,@,New Jersey Nets,W,,101,98,44,25,W 2
2004,DAL,2004-03-22,7:00p,@,Philadelphia 76ers,L,,98,107,44,26,L 1
2004,DAL,2004-03-24,8:00p,@,Indiana Pacers,L,,99,103,44,27,L 2
2004,DAL,2004-03-26,8:00p,@,Miami Heat,L,OT,118,119,44,28,L 3
2004,DAL,2004-03-28,1:30p,@,Orlando Magic,W,,118,88,45,28,W 1
2004,DAL,2004-03-30,8:30p,,Cleveland Cavaliers,W,,126,109,46,28,W 2
2004,DAL,2004-04-01,8:00p,,Sacramento Kings,W,,127,117,47,28,W 3
2004,DAL,2004-04-03,8:30p,,Phoenix Suns,W,,124,103,48,28,W 4
2004,DAL,2004-04-06,8:30p,,Seattle SuperSonics,W,,118,108,49,28,W 5
2004,DAL,2004-04-08,8:30p,,Utah Jazz,W,,117,94,50,28,W 6
2004,DAL,2004-04-10,3:30p,@,Seattle SuperSonics,L,,99,119,50,29,L 1
2004,DAL,2004-04-11,9:00p,@,Golden State Warriors,L,,107,108,50,30,L 2
2004,DAL,2004-04-13,8:30p,,Memphis Grizzlies,W,,110,103,51,30,W 1
2004,DAL,2004-04-14,9:30p,@,Houston Rockets,W,,92,89,52,30,W 2
2004,DAL,2004-04-18,3:30p,@,Sacramento Kings,L,,105,116,0,1,L 1
2004,DAL,2004-04-20,10:30p,@,Sacramento Kings,L,,79,83,0,2,L 2
2004,DAL,2004-04-24,7:00p,,Sacramento Kings,W,,104,79,1,2,W 1
2004,DAL,2004-04-26,9:30p,,Sacramento Kings,L,,92,94,1,3,L 1
2004,DAL,2004-04-29,10:30p,@,Sacramento Kings,L,,118,119,1,4,L 2
2004,DEN,2003-10-29,9:00p,,San Antonio Spurs,W,,80,72,1,0,W 1
2004,DEN,2003-10-30,8:00p,@,Houston Rockets,L,,85,102,1,1,L 1
2004,DEN,2003-11-01,9:00p,,Sacramento Kings,W,,109,88,2,1,W 1
2004,DEN,2003-11-04,7:00p,@,Indiana Pacers,L,,60,71,2,2,L 1
2004,DEN,2003-11-05,8:00p,@,Cleveland Cavaliers,W,,93,89,3,2,W 1
2004,DEN,2003-11-07,9:00p,,Los Angeles Clippers,L,OT,102,104,3,3,L 1
2004,DEN,2003-11-09,12:30p,@,Toronto Raptors,L,,76,89,3,4,L 2
2004,DEN,2003-11-10,8:30p,@,Chicago Bulls,W,,105,97,4,4,W 1
2004,DEN,2003-11-14,10:30p,,Orlando Magic,W,,106,101,5,4,W 2
2004,DEN,2003-11-18,8:00p,@,Minnesota Timberwolves,L,,76,89,5,5,L 1
2004,DEN,2003-11-19,9:00p,,Milwaukee Bucks,W,,94,86,6,5,W 1
2004,DEN,2003-11-21,9:00p,,Washington Wizards,W,,108,87,7,5,W 2
2004,DEN,2003-11-22,8:30p,@,Dallas Mavericks,L,,101,115,7,6,L 1
2004,DEN,2003-11-25,9:00p,,Phoenix Suns,W,,110,80,8,6,W 1
2004,DEN,2003-11-28,9:00p,,Dallas Mavericks,W,,113,103,9,6,W 2
2004,DEN,2003-11-29,10:30p,@,Los Angeles Clippers,W,,98,86,10,6,W 3
2004,DEN,2003-12-02,9:00p,,Cleveland Cavaliers,W,,115,103,11,6,W 4
2004,DEN,2003-12-03,10:30p,@,Golden State Warriors,W,,117,109,12,6,W 5
2004,DEN,2003-12-05,9:00p,,Golden State Warriors,W,,98,91,13,6,W 6
2004,DEN,2003-12-07,9:00p,,Boston Celtics,L,,111,116,13,7,L 1
2004,DEN,2003-12-09,7:30p,@,Atlanta Hawks,L,,98,112,13,8,L 2
2004,DEN,2003-12-12,7:00p,@,Philadelphia 76ers,W,,86,77,14,8,W 1
2004,DEN,2003-12-13,7:30p,@,New York Knicks,L,,88,95,14,9,L 1
2004,DEN,2003-12-16,9:00p,,New Orleans Hornets,W,,116,94,15,9,W 1
2004,DEN,2003-12-17,10:00p,@,Seattle SuperSonics,W,,99,98,16,9,W 2
2004,DEN,2003-12-19,10:30p,@,Los Angeles Lakers,L,,99,101,16,10,L 1
2004,DEN,2003-12-20,9:00p,,Seattle SuperSonics,L,,106,115,16,11,L 2
2004,DEN,2003-12-22,9:00p,,Memphis Grizzlies,W,,106,99,17,11,W 1
2004,DEN,2003-12-26,9:00p,,Houston Rockets,W,,95,94,18,11,W 2
2004,DEN,2003-12-28,9:00p,,Golden State Warriors,W,,103,79,19,11,W 3
2004,DEN,2003-12-30,9:00p,,Toronto Raptors,L,,74,81,19,12,L 1
2004,DEN,2003-12-31,9:30p,@,Los Angeles Clippers,L,,104,120,19,13,L 2
2004,DEN,2004-01-02,10:00p,@,Portland Trail Blazers,W,,106,96,20,13,W 1
2004,DEN,2004-01-03,10:00p,,Atlanta Hawks,L,,76,84,20,14,L 1
2004,DEN,2004-01-05,9:00p,,San Antonio Spurs,L,,74,98,20,15,L 2
2004,DEN,2004-01-07,9:00p,,Los Angeles Lakers,W,,113,91,21,15,W 1
2004,DEN,2004-01-09,9:00p,,Utah Jazz,W,,106,96,22,15,W 2
2004,DEN,2004-01-11,9:00p,@,Sacramento Kings,L,,106,117,22,16,L 1
2004,DEN,2004-01-13,9:00p,@,Phoenix Suns,W,,105,92,23,16,W 1
2004,DEN,2004-01-14,10:30p,@,Los Angeles Lakers,L,,71,97,23,17,L 1
2004,DEN,2004-01-16,9:00p,,Dallas Mavericks,L,,88,91,23,18,L 2
2004,DEN,2004-01-18,9:00p,,Miami Heat,W,,88,80,24,18,W 1
2004,DEN,2004-01-20,9:00p,@,Utah Jazz,W,,96,75,25,18,W 2
2004,DEN,2004-01-21,9:00p,,Phoenix Suns,W,,97,92,26,18,W 3
2004,DEN,2004-01-23,8:00p,@,New Orleans Hornets,L,,91,97,26,19,L 1
2004,DEN,2004-01-25,4:00p,@,Memphis Grizzlies,L,,88,106,26,20,L 2
2004,DEN,2004-01-26,9:00p,,Minnesota Timberwolves,L,,95,97,26,21,L 3
2004,DEN,2004-01-28,9:00p,,Chicago Bulls,W,,115,99,27,21,W 1
2004,DEN,2004-01-31,1:00p,@,Dallas Mavericks,W,,107,102,28,21,W 2
2004,DEN,2004-02-02,9:00p,,Portland Trail Blazers,W,,116,97,29,21,W 3
2004,DEN,2004-02-06,10:30p,@,Golden State Warriors,L,,87,96,29,22,L 1
2004,DEN,2004-02-08,7:00p,@,Sacramento Kings,L,,92,115,29,23,L 2
2004,DEN,2004-02-09,9:00p,,Memphis Grizzlies,W,,86,83,30,23,W 1
2004,DEN,2004-02-12,10:00p,@,Portland Trail Blazers,W,,107,98,31,23,W 2
2004,DEN,2004-02-17,9:00p,,Philadelphia 76ers,W,,106,85,32,23,W 3
2004,DEN,2004-02-20,7:00p,@,Orlando Magic,L,,98,102,32,24,L 1
2004,DEN,2004-02-21,7:30p,@,Miami Heat,L,,81,97,32,25,L 2
2004,DEN,2004-02-23,8:00p,@,Memphis Grizzlies,L,,106,109,32,26,L 3
2004,DEN,2004-02-25,9:00p,,Los Angeles Lakers,L,,111,112,32,27,L 4
2004,DEN,2004-02-28,8:30p,@,San Antonio Spurs,L,,92,117,32,28,L 5
2004,DEN,2004-02-29,9:00p,,New York Knicks,W,,107,96,33,28,W 1
2004,DEN,2004-03-02,9:00p,,New Jersey Nets,L,,91,95,33,29,L 1
2004,DEN,2004-03-06,9:00p,,Detroit Pistons,L,,66,97,33,30,L 2
2004,DEN,2004-03-07,10:00p,,Indiana Pacers,L,,94,103,33,31,L 3
2004,DEN,2004-03-09,7:00p,@,Washington Wizards,W,,117,87,34,31,W 1
2004,DEN,2004-03-10,7:30p,@,New Jersey Nets,L,,97,98,34,32,L 1
2004,DEN,2004-03-12,8:30p,@,Milwaukee Bucks,W,,117,111,35,32,W 1
2004,DEN,2004-03-14,10:00p,,Utah Jazz,W,,102,75,36,32,W 2
2004,DEN,2004-03-17,7:00p,@,Boston Celtics,L,,100,104,36,33,L 1
2004,DEN,2004-03-19,8:00p,@,Detroit Pistons,L,,75,94,36,34,L 2
2004,DEN,2004-03-21,4:00p,@,Minnesota Timberwolves,L,,77,98,36,35,L 3
2004,DEN,2004-03-22,9:00p,,Los Angeles Clippers,W,,102,80,37,35,W 1
2004,DEN,2004-03-24,9:00p,,Minnesota Timberwolves,W,,101,92,38,35,W 2
2004,DEN,2004-03-26,10:30p,@,Seattle SuperSonics,L,,86,102,38,36,L 1
2004,DEN,2004-03-27,9:00p,@,Utah Jazz,L,,83,85,38,37,L 2
2004,DEN,2004-03-30,9:00p,,Seattle SuperSonics,W,,124,119,39,37,W 1
2004,DEN,2004-04-02,9:00p,,Houston Rockets,W,,110,100,40,37,W 2
2004,DEN,2004-04-07,10:00p,@,Phoenix Suns,W,,111,96,41,37,W 3
2004,DEN,2004-04-09,8:30p,@,Houston Rockets,L,,103,106,41,38,L 1
2004,DEN,2004-04-10,9:00p,,Portland Trail Blazers,W,OT,110,100,42,38,W 1
2004,DEN,2004-04-12,9:00p,,Sacramento Kings,W,,97,89,43,38,W 2
2004,DEN,2004-04-14,8:30p,@,San Antonio Spurs,L,,67,93,43,39,L 1
2004,DEN,2004-04-18,9:30p,@,Minnesota Timberwolves,L,,92,106,0,1,L 1
2004,DEN,2004-04-21,9:30p,@,Minnesota Timberwolves,L,,81,95,0,2,L 2
2004,DEN,2004-04-24,9:30p,,Minnesota Timberwolves,W,,107,86,1,2,W 1
2004,DEN,2004-04-27,10:30p,,Minnesota Timberwolves,L,,82,84,1,3,L 1
2004,DEN,2004-04-30,9:30p,@,Minnesota Timberwolves,L,,91,102,1,4,L 2
2004,DET,2003-10-29,8:00p,,Indiana Pacers,L,,87,89,0,1,L 1
2004,DET,2003-10-31,7:30p,@,Miami Heat,W,,93,81,1,1,W 1
2004,DET,2003-11-01,7:00p,@,Orlando Magic,W,,96,85,2,1,W 2
2004,DET,2003-11-05,7:30p,,Boston Celtics,W,,96,88,3,1,W 3
2004,DET,2003-11-07,8:00p,,Milwaukee Bucks,W,,105,99,4,1,W 4
2004,DET,2003-11-09,6:00p,,New Jersey Nets,W,,98,84,5,1,W 5
2004,DET,2003-11-11,10:00p,@,Sacramento Kings,L,,91,97,5,2,L 1
2004,DET,2003-11-12,9:30p,@,Golden State Warriors,L,OT,85,87,5,3,L 2
2004,DET,2003-11-14,10:30p,@,Los Angeles Lakers,L,,89,94,5,4,L 3
2004,DET,2003-11-15,9:00p,@,Phoenix Suns,W,,100,91,6,4,W 1
2004,DET,2003-11-18,7:30p,,Los Angeles Lakers,W,,106,96,7,4,W 2
2004,DET,2003-11-19,9:00p,@,Memphis Grizzlies,W,,99,92,8,4,W 3
2004,DET,2003-11-21,8:00p,,New York Knicks,W,,94,85,9,4,W 4
2004,DET,2003-11-23,6:00p,,New Orleans Hornets,L,,80,81,9,5,L 1
2004,DET,2003-11-24,7:30p,@,Atlanta Hawks,W,,94,89,10,5,W 1
2004,DET,2003-11-26,7:00p,@,Philadelphia 76ers,L,,86,90,10,6,L 1
2004,DET,2003-11-28,8:00p,,Cleveland Cavaliers,W,,92,88,11,6,W 1
2004,DET,2003-11-29,7:00p,@,Washington Wizards,W,,80,69,12,6,W 2
2004,DET,2003-12-01,7:30p,@,New York Knicks,W,OT,79,78,13,6,W 3
2004,DET,2003-12-03,7:30p,,Miami Heat,W,,87,73,14,6,W 4
2004,DET,2003-12-06,8:30p,@,Houston Rockets,L,,80,86,14,7,L 1
2004,DET,2003-12-09,7:30p,,Philadelphia 76ers,L,,76,78,14,8,L 2
2004,DET,2003-12-11,7:30p,@,Cleveland Cavaliers,L,,86,95,14,9,L 3
2004,DET,2003-12-12,8:00p,,Seattle SuperSonics,L,,72,93,14,10,L 4
2004,DET,2003-12-17,7:30p,,Chicago Bulls,W,,77,73,15,10,W 1
2004,DET,2003-12-19,8:00p,@,Indiana Pacers,L,,75,80,15,11,L 1
2004,DET,2003-12-21,6:00p,,Utah Jazz,W,,96,75,16,11,W 1
2004,DET,2003-12-23,8:00p,@,Milwaukee Bucks,L,,78,83,16,12,L 1
2004,DET,2003-12-26,8:00p,,New Jersey Nets,L,,79,82,16,13,L 2
2004,DET,2003-12-27,7:00p,@,Atlanta Hawks,W,,87,84,17,13,W 1
2004,DET,2003-12-29,7:30p,,New Orleans Hornets,W,,108,99,18,13,W 2
2004,DET,2003-12-31,4:00p,,Portland Trail Blazers,W,,78,71,19,13,W 3
2004,DET,2004-01-02,8:00p,,Phoenix Suns,W,,93,81,20,13,W 4
2004,DET,2004-01-03,7:30p,,Golden State Warriors,W,,99,93,21,13,W 5
2004,DET,2004-01-05,7:00p,@,Boston Celtics,W,,78,68,22,13,W 6
2004,DET,2004-01-07,7:30p,,Houston Rockets,W,,85,66,23,13,W 7
2004,DET,2004-01-11,6:00p,,Dallas Mavericks,W,,115,102,24,13,W 8
2004,DET,2004-01-13,8:30p,@,Chicago Bulls,W,,105,89,25,13,W 9
2004,DET,2004-01-14,7:30p,,Toronto Raptors,W,,95,91,26,13,W 10
2004,DET,2004-01-16,8:00p,,Washington Wizards,W,,98,77,27,13,W 11
2004,DET,2004-01-17,8:30p,@,Milwaukee Bucks,W,,99,94,28,13,W 12
2004,DET,2004-01-19,3:00p,,San Antonio Spurs,W,,85,77,29,13,W 13
2004,DET,2004-01-20,7:00p,@,Indiana Pacers,L,,69,81,29,14,L 1
2004,DET,2004-01-23,8:00p,@,Minnesota Timberwolves,L,,79,80,29,15,L 2
2004,DET,2004-01-25,6:00p,,Atlanta Hawks,L,,82,91,29,16,L 3
2004,DET,2004-01-28,7:00p,@,Boston Celtics,W,,106,103,30,16,W 1
2004,DET,2004-01-30,7:00p,@,Toronto Raptors,W,OT,90,89,31,16,W 2
2004,DET,2004-01-31,7:30p,,Memphis Grizzlies,W,,80,78,32,16,W 3
2004,DET,2004-02-02,7:30p,@,Miami Heat,W,OT,102,100,33,16,W 4
2004,DET,2004-02-03,7:30p,,Cleveland Cavaliers,L,,82,85,33,17,L 1
2004,DET,2004-02-06,8:00p,@,New Orleans Hornets,L,,81,92,33,18,L 2
2004,DET,2004-02-07,8:30p,@,Dallas Mavericks,L,,108,111,33,19,L 3
2004,DET,2004-02-10,7:30p,@,New Jersey Nets,L,,78,89,33,20,L 4
2004,DET,2004-02-11,7:30p,,Sacramento Kings,L,,94,96,33,21,L 5
2004,DET,2004-02-17,7:30p,@,New York Knicks,L,,88,92,33,22,L 6
2004,DET,2004-02-18,7:30p,,Milwaukee Bucks,W,,102,98,34,22,W 1
2004,DET,2004-02-20,8:00p,,Minnesota Timberwolves,L,,87,88,34,23,L 1
2004,DET,2004-02-22,6:00p,,Orlando Magic,L,,86,87,34,24,L 2
2004,DET,2004-02-23,7:00p,@,Philadelphia 76ers,W,,76,66,35,24,W 1
2004,DET,2004-02-25,8:30p,@,Chicago Bulls,W,,107,88,36,24,W 2
2004,DET,2004-02-27,8:00p,,Atlanta Hawks,W,,105,83,37,24,W 3
2004,DET,2004-02-29,3:30p,@,Los Angeles Clippers,W,,100,88,38,24,W 4
2004,DET,2004-03-01,9:00p,@,Utah Jazz,L,,86,94,38,25,L 1
2004,DET,2004-03-04,10:00p,@,Portland Trail Blazers,W,,83,68,39,25,W 1
2004,DET,2004-03-06,9:00p,@,Denver Nuggets,W,,97,66,40,25,W 2
2004,DET,2004-03-07,9:00p,@,Seattle SuperSonics,W,,86,65,41,25,W 3
2004,DET,2004-03-10,7:30p,,Chicago Bulls,W,,98,65,42,25,W 4
2004,DET,2004-03-14,1:00p,,Philadelphia 76ers,W,,85,69,43,25,W 5
2004,DET,2004-03-18,7:00p,@,New Jersey Nets,W,,89,71,44,25,W 6
2004,DET,2004-03-19,8:00p,,Denver Nuggets,W,,94,75,45,25,W 7
2004,DET,2004-03-21,4:00p,@,Cleveland Cavaliers,W,,96,76,46,25,W 8
2004,DET,2004-03-23,8:00p,@,New Orleans Hornets,L,,81,82,46,26,L 1
2004,DET,2004-03-25,8:30p,@,San Antonio Spurs,L,,75,84,46,27,L 2
2004,DET,2004-03-27,7:30p,,New York Knicks,W,,100,85,47,27,W 1
2004,DET,2004-03-31,7:30p,,Los Angeles Clippers,W,,108,99,48,27,W 2
2004,DET,2004-04-02,8:00p,,Miami Heat,W,,92,84,49,27,W 3
2004,DET,2004-04-04,1:00p,,Indiana Pacers,W,,79,61,50,27,W 4
2004,DET,2004-04-06,7:30p,,Orlando Magic,W,,102,86,51,27,W 5
2004,DET,2004-04-09,8:00p,,Toronto Raptors,W,,74,66,52,27,W 6
2004,DET,2004-04-10,7:00p,@,Orlando Magic,W,,101,89,53,27,W 7
2004,DET,2004-04-12,7:30p,,Washington Wizards,W,,101,79,54,27,W 8
2004,DET,2004-04-13,7:30p,@,Toronto Raptors,L,,78,87,54,28,L 1
2004,DET,2004-04-18,1:00p,,Milwaukee Bucks,W,,108,82,1,0,W 1
2004,DET,2004-04-21,7:00p,,Milwaukee Bucks,L,,88,92,1,1,L 1
2004,DET,2004-04-24,3:30p,@,Milwaukee Bucks,W,,95,85,2,1,W 1
2004,DET,2004-04-26,7:00p,@,Milwaukee Bucks,W,,109,92,3,1,W 2
2004,DET,2004-04-29,8:00p,,Milwaukee Bucks,W,,91,77,4,1,W 3
2004,DET,2004-05-03,8:00p,,New Jersey Nets,W,,78,56,5,1,W 4
2004,DET,2004-05-07,8:00p,,New Jersey Nets,W,,95,80,6,1,W 5
2004,DET,2004-05-09,8:00p,@,New Jersey Nets,L,,64,82,6,2,L 1
2004,DET,2004-05-11,8:00p,@,New Jersey Nets,L,,79,94,6,3,L 2
2004,DET,2004-05-14,7:00p,,New Jersey Nets,L,3OT,120,127,6,4,L 3
2004,DET,2004-05-16,8:00p,@,New Jersey Nets,W,,81,75,7,4,W 1
2004,DET,2004-05-20,8:00p,,New Jersey Nets,W,,90,69,8,4,W 2
2004,DET,2004-05-22,8:00p,@,Indiana Pacers,L,,74,78,8,5,L 1
2004,DET,2004-05-24,8:00p,@,Indiana Pacers,W,,72,67,9,5,W 1
2004,DET,2004-05-26,8:30p,,Indiana Pacers,W,,85,78,10,5,W 2
2004,DET,2004-05-28,8:00p,,Indiana Pacers,L,,68,83,10,6,L 1
2004,DET,2004-05-30,8:00p,@,Indiana Pacers,W,,83,65,11,6,W 1
2004,DET,2004-06-01,8:00p,,Indiana Pacers,W,,69,65,12,6,W 2
2004,DET,2004-06-06,9:00p,@,Los Angeles Lakers,W,,87,75,13,6,W 3
2004,DET,2004-06-08,9:00p,@,Los Angeles Lakers,L,OT,91,99,13,7,L 1
2004,DET,2004-06-10,9:00p,,Los Angeles Lakers,W,,88,68,14,7,W 1
2004,DET,2004-06-13,9:00p,,Los Angeles Lakers,W,,88,80,15,7,W 2
2004,DET,2004-06-15,9:00p,,Los Angeles Lakers,W,,100,87,16,7,W 3
2004,GSW,2003-10-29,10:30p,,Dallas Mavericks,L,,87,95,0,1,L 1
2004,GSW,2003-11-01,10:30p,,Philadelphia 76ers,W,,104,90,1,1,W 1
2004,GSW,2003-11-02,9:30p,@,Los Angeles Lakers,L,,72,87,1,2,L 1
2004,GSW,2003-11-05,10:30p,,Atlanta Hawks,W,,99,72,2,2,W 1
2004,GSW,2003-11-07,10:30p,,Utah Jazz,W,,95,89,3,2,W 2
2004,GSW,2003-11-10,10:30p,,Phoenix Suns,L,,96,99,3,3,L 1
2004,GSW,2003-11-12,9:30p,,Detroit Pistons,W,OT,87,85,4,3,W 1
2004,GSW,2003-11-14,10:30p,,Los Angeles Clippers,L,,98,104,4,4,L 1
2004,GSW,2003-11-16,7:00p,@,Sacramento Kings,L,,104,106,4,5,L 2
2004,GSW,2003-11-18,8:30p,@,San Antonio Spurs,L,,81,94,4,6,L 3
2004,GSW,2003-11-19,8:30p,@,Houston Rockets,L,,83,85,4,7,L 4
2004,GSW,2003-11-21,10:30p,,Miami Heat,W,,101,91,5,7,W 1
2004,GSW,2003-11-23,9:00p,,Portland Trail Blazers,W,,78,72,6,7,W 2
2004,GSW,2003-11-28,9:00p,@,Phoenix Suns,W,,92,83,7,7,W 3
2004,GSW,2003-11-29,10:30p,,San Antonio Spurs,W,,91,89,8,7,W 4
2004,GSW,2003-12-03,10:30p,,Denver Nuggets,L,,109,117,8,8,L 1
2004,GSW,2003-12-05,9:00p,@,Denver Nuggets,L,,91,98,8,9,L 2
2004,GSW,2003-12-06,10:30p,,New York Knicks,W,,104,92,9,9,W 1
2004,GSW,2003-12-09,8:00p,@,Minnesota Timberwolves,W,,98,95,10,9,W 2
2004,GSW,2003-12-10,8:00p,@,Milwaukee Bucks,L,OT,89,94,10,10,L 1
2004,GSW,2003-12-12,10:30p,,New Orleans Hornets,L,,85,96,10,11,L 2
2004,GSW,2003-12-16,7:30p,@,New York Knicks,W,,104,86,11,11,W 1
2004,GSW,2003-12-17,7:30p,@,Atlanta Hawks,W,,98,85,12,11,W 2
2004,GSW,2003-12-19,7:00p,@,Orlando Magic,L,,93,119,12,12,L 1
2004,GSW,2003-12-21,6:00p,@,Miami Heat,L,,93,104,12,13,L 2
2004,GSW,2003-12-23,10:30p,,Los Angeles Lakers,W,,107,98,13,13,W 1
2004,GSW,2003-12-26,10:30p,,Sacramento Kings,W,,98,91,14,13,W 2
2004,GSW,2003-12-28,9:00p,@,Denver Nuggets,L,,79,103,14,14,L 1
2004,GSW,2003-12-29,10:30p,,Boston Celtics,L,,91,100,14,15,L 2
2004,GSW,2003-12-31,7:00p,@,New Jersey Nets,L,,70,88,14,16,L 3
2004,GSW,2004-01-02,7:00p,@,Washington Wizards,L,,79,97,14,17,L 4
2004,GSW,2004-01-03,7:30p,@,Detroit Pistons,L,,93,99,14,18,L 5
2004,GSW,2004-01-05,8:30p,@,Houston Rockets,L,,65,83,14,19,L 6
2004,GSW,2004-01-07,9:00p,@,Dallas Mavericks,L,,99,105,14,20,L 7
2004,GSW,2004-01-10,10:30p,,Seattle SuperSonics,W,OT,113,110,15,20,W 1
2004,GSW,2004-01-12,10:30p,,Memphis Grizzlies,L,2OT,113,115,15,21,L 1
2004,GSW,2004-01-13,9:00p,@,Utah Jazz,L,,80,97,15,22,L 2
2004,GSW,2004-01-15,10:30p,,Cleveland Cavaliers,W,,119,102,16,22,W 1
2004,GSW,2004-01-16,9:00p,@,Phoenix Suns,L,,93,104,16,23,L 1
2004,GSW,2004-01-19,10:00p,,Utah Jazz,W,,101,85,17,23,W 1
2004,GSW,2004-01-21,10:30p,@,Los Angeles Clippers,L,,102,106,17,24,L 1
2004,GSW,2004-01-22,10:00p,@,Seattle SuperSonics,L,,87,103,17,25,L 2
2004,GSW,2004-01-24,3:30p,@,Portland Trail Blazers,W,,105,87,18,25,W 1
2004,GSW,2004-01-28,10:30p,,Minnesota Timberwolves,W,,97,90,19,25,W 2
2004,GSW,2004-01-30,10:30p,,Chicago Bulls,W,,101,81,20,25,W 3
2004,GSW,2004-02-02,8:00p,@,Memphis Grizzlies,L,,101,106,20,26,L 1
2004,GSW,2004-02-03,8:30p,@,Dallas Mavericks,L,,93,107,20,27,L 2
2004,GSW,2004-02-06,10:30p,,Denver Nuggets,W,,96,87,21,27,W 1
2004,GSW,2004-02-08,9:00p,,Toronto Raptors,L,OT,81,84,21,28,L 1
2004,GSW,2004-02-10,10:00p,@,Seattle SuperSonics,W,,106,97,22,28,W 1
2004,GSW,2004-02-11,10:30p,,Phoenix Suns,W,,110,99,23,28,W 2
2004,GSW,2004-02-18,10:30p,,Los Angeles Lakers,L,,99,100,23,29,L 1
2004,GSW,2004-02-20,10:30p,,Portland Trail Blazers,L,,93,94,23,30,L 2
2004,GSW,2004-02-21,10:30p,,Seattle SuperSonics,W,,94,92,24,30,W 1
2004,GSW,2004-02-24,7:00p,@,Indiana Pacers,L,,96,107,24,31,L 1
2004,GSW,2004-02-25,8:00p,@,Memphis Grizzlies,W,,99,92,25,31,W 1
2004,GSW,2004-02-27,8:00p,@,Minnesota Timberwolves,L,,81,91,25,32,L 1
2004,GSW,2004-02-28,8:30p,@,Chicago Bulls,L,OT,81,87,25,33,L 2
2004,GSW,2004-03-02,10:30p,,Indiana Pacers,L,,88,96,25,34,L 3
2004,GSW,2004-03-05,10:30p,,New Jersey Nets,L,,74,78,25,35,L 4
2004,GSW,2004-03-07,9:00p,,Memphis Grizzlies,L,,85,95,25,36,L 5
2004,GSW,2004-03-09,10:00p,@,Sacramento Kings,L,,92,96,25,37,L 6
2004,GSW,2004-03-10,9:00p,@,Utah Jazz,L,,77,91,25,38,L 7
2004,GSW,2004-03-12,8:30p,@,San Antonio Spurs,L,,74,99,25,39,L 8
2004,GSW,2004-03-13,8:00p,@,New Orleans Hornets,L,,84,102,25,40,L 9
2004,GSW,2004-03-15,10:00p,,San Antonio Spurs,W,,97,80,26,40,W 1
2004,GSW,2004-03-17,10:30p,,Orlando Magic,W,,110,85,27,40,W 2
2004,GSW,2004-03-19,10:30p,,Houston Rockets,W,,90,84,28,40,W 3
2004,GSW,2004-03-21,3:30p,@,Los Angeles Clippers,W,,96,85,29,40,W 4
2004,GSW,2004-03-24,10:30p,,Milwaukee Bucks,W,,98,89,30,40,W 5
2004,GSW,2004-03-26,10:30p,,Washington Wizards,W,,99,78,31,40,W 6
2004,GSW,2004-03-28,9:00p,,Los Angeles Clippers,W,,105,77,32,40,W 7
2004,GSW,2004-03-30,7:00p,@,Philadelphia 76ers,L,,71,95,32,41,L 1
2004,GSW,2004-03-31,7:30p,@,Toronto Raptors,W,,85,78,33,41,W 1
2004,GSW,2004-04-02,7:30p,@,Boston Celtics,L,,106,111,33,42,L 1
2004,GSW,2004-04-03,7:30p,@,Cleveland Cavaliers,W,,103,100,34,42,W 1
2004,GSW,2004-04-06,10:30p,,Houston Rockets,W,,97,90,35,42,W 2
2004,GSW,2004-04-07,10:00p,@,Portland Trail Blazers,L,,81,87,35,43,L 1
2004,GSW,2004-04-09,10:30p,,Minnesota Timberwolves,L,,74,92,35,44,L 2
2004,GSW,2004-04-11,9:00p,,Dallas Mavericks,W,,108,107,36,44,W 1
2004,GSW,2004-04-13,10:30p,@,Los Angeles Lakers,L,,104,109,36,45,L 1
2004,GSW,2004-04-14,10:30p,,Sacramento Kings,W,,97,91,37,45,W 1
2004,HOU,2003-10-30,8:00p,,Denver Nuggets,W,,102,85,1,0,W 1
2004,HOU,2003-11-01,8:30p,,Memphis Grizzlies,L,,71,79,1,1,L 1
2004,HOU,2003-11-03,8:30p,@,Chicago Bulls,W,,98,66,2,1,W 1
2004,HOU,2003-11-04,7:30p,@,New Jersey Nets,W,,86,75,3,1,W 2
2004,HOU,2003-11-08,8:30p,,Orlando Magic,W,,96,86,4,1,W 3
2004,HOU,2003-11-11,8:30p,,Miami Heat,W,,90,70,5,1,W 4
2004,HOU,2003-11-13,7:30p,@,Dallas Mavericks,L,,86,97,5,2,L 1
2004,HOU,2003-11-14,8:30p,,Phoenix Suns,W,,90,85,6,2,W 1
2004,HOU,2003-11-16,1:00p,@,Toronto Raptors,L,2OT,97,101,6,3,L 1
2004,HOU,2003-11-17,7:00p,@,Philadelphia 76ers,W,,74,66,7,3,W 1
2004,HOU,2003-11-19,8:30p,,Golden State Warriors,W,,85,83,8,3,W 2
2004,HOU,2003-11-21,10:30p,@,Portland Trail Blazers,L,,78,85,8,4,L 1
2004,HOU,2003-11-24,10:30p,@,Los Angeles Clippers,W,,105,90,9,4,W 1
2004,HOU,2003-11-26,9:00p,@,Utah Jazz,L,,76,83,9,5,L 1
2004,HOU,2003-11-28,10:00p,@,Sacramento Kings,L,,74,103,9,6,L 2
2004,HOU,2003-11-29,10:00p,@,Seattle SuperSonics,L,,88,95,9,7,L 3
2004,HOU,2003-12-03,8:30p,,Utah Jazz,W,OT,107,101,10,7,W 1
2004,HOU,2003-12-05,8:00p,@,New Orleans Hornets,W,,83,74,11,7,W 2
2004,HOU,2003-12-06,8:30p,,Detroit Pistons,W,,86,80,12,7,W 3
2004,HOU,2003-12-09,8:30p,,Portland Trail Blazers,W,,93,91,13,7,W 4
2004,HOU,2003-12-11,8:30p,,San Antonio Spurs,L,,67,71,13,8,L 1
2004,HOU,2003-12-13,8:30p,@,San Antonio Spurs,L,,73,86,13,9,L 2
2004,HOU,2003-12-16,8:00p,@,Minnesota Timberwolves,L,,75,92,13,10,L 3
2004,HOU,2003-12-17,7:00p,@,Cleveland Cavaliers,W,,89,85,14,10,W 1
2004,HOU,2003-12-19,8:30p,,Los Angeles Clippers,W,,99,85,15,10,W 2
2004,HOU,2003-12-20,9:00p,@,Phoenix Suns,L,,87,102,15,11,L 1
2004,HOU,2003-12-23,8:30p,,Indiana Pacers,L,,71,79,15,12,L 2
2004,HOU,2003-12-25,8:30p,@,Los Angeles Lakers,W,,99,87,16,12,W 1
2004,HOU,2003-12-26,9:00p,@,Denver Nuggets,L,,94,95,16,13,L 1
2004,HOU,2003-12-29,8:30p,,Seattle SuperSonics,L,,86,87,16,14,L 2
2004,HOU,2003-12-31,10:00p,,Philadelphia 76ers,W,,80,72,17,14,W 1
2004,HOU,2004-01-03,8:30p,,Utah Jazz,W,,84,63,18,14,W 2
2004,HOU,2004-01-05,8:30p,,Golden State Warriors,W,,83,65,19,14,W 3
2004,HOU,2004-01-07,7:30p,@,Detroit Pistons,L,,66,85,19,15,L 1
2004,HOU,2004-01-08,7:00p,@,New York Knicks,W,,111,79,20,15,W 1
2004,HOU,2004-01-11,8:30p,,Boston Celtics,L,,93,97,20,16,L 1
2004,HOU,2004-01-13,7:00p,@,Washington Wizards,W,,93,80,21,16,W 1
2004,HOU,2004-01-14,7:00p,@,Boston Celtics,W,,95,80,22,16,W 2
2004,HOU,2004-01-17,3:30p,,Minnesota Timberwolves,W,,95,76,23,16,W 3
2004,HOU,2004-01-19,7:30p,@,Memphis Grizzlies,L,,83,88,23,17,L 1
2004,HOU,2004-01-21,9:00p,,New York Knicks,W,,86,71,24,17,W 1
2004,HOU,2004-01-23,8:00p,@,Indiana Pacers,W,,78,74,25,17,W 2
2004,HOU,2004-01-25,6:00p,@,Orlando Magic,W,,99,87,26,17,W 3
2004,HOU,2004-01-26,7:30p,@,Miami Heat,L,,81,95,26,18,L 1
2004,HOU,2004-01-28,9:00p,,Sacramento Kings,L,,94,99,26,19,L 2
2004,HOU,2004-01-31,3:30p,,New Jersey Nets,L,,77,88,26,20,L 3
2004,HOU,2004-02-02,9:00p,@,Phoenix Suns,L,,79,99,26,21,L 4
2004,HOU,2004-02-04,8:30p,,Milwaukee Bucks,W,,103,89,27,21,W 1
2004,HOU,2004-02-06,8:30p,,Chicago Bulls,W,,82,80,28,21,W 2
2004,HOU,2004-02-07,7:00p,@,Atlanta Hawks,W,,86,77,29,21,W 3
2004,HOU,2004-02-09,9:30p,,San Antonio Spurs,L,,82,85,29,22,L 1
2004,HOU,2004-02-11,9:00p,,Los Angeles Lakers,W,,102,87,30,22,W 1
2004,HOU,2004-02-17,8:30p,,Washington Wizards,W,,107,81,31,22,W 2
2004,HOU,2004-02-21,8:30p,@,Dallas Mavericks,L,,88,97,31,23,L 1
2004,HOU,2004-02-22,8:30p,,Atlanta Hawks,W,3OT,123,121,32,23,W 1
2004,HOU,2004-02-24,8:30p,@,San Antonio Spurs,L,,77,86,32,24,L 1
2004,HOU,2004-02-25,9:00p,,Cleveland Cavaliers,W,,90,84,33,24,W 1
2004,HOU,2004-02-27,8:30p,,Portland Trail Blazers,W,,89,85,34,24,W 2
2004,HOU,2004-02-29,4:00p,,Seattle SuperSonics,L,,80,97,34,25,L 1
2004,HOU,2004-03-03,9:00p,,Los Angeles Lakers,L,,93,96,34,26,L 2
2004,HOU,2004-03-05,8:00p,@,Minnesota Timberwolves,W,,112,109,35,26,W 1
2004,HOU,2004-03-07,1:00p,,Dallas Mavericks,W,,101,98,36,26,W 2
2004,HOU,2004-03-09,8:30p,,Los Angeles Clippers,W,,90,85,37,26,W 3
2004,HOU,2004-03-11,7:30p,,New Orleans Hornets,W,,97,86,38,26,W 4
2004,HOU,2004-03-13,8:30p,,Memphis Grizzlies,W,,88,80,39,26,W 5
2004,HOU,2004-03-15,7:30p,,Phoenix Suns,L,OT,97,99,39,27,L 1
2004,HOU,2004-03-19,10:30p,@,Golden State Warriors,L,,84,90,39,28,L 2
2004,HOU,2004-03-21,7:30p,@,Sacramento Kings,L,,95,100,39,29,L 3
2004,HOU,2004-03-22,10:00p,@,Portland Trail Blazers,W,OT,93,85,40,29,W 1
2004,HOU,2004-03-24,8:30p,,Toronto Raptors,W,OT,90,89,41,29,W 2
2004,HOU,2004-03-26,8:00p,@,Memphis Grizzlies,L,,86,109,41,30,L 1
2004,HOU,2004-03-28,4:00p,@,Milwaukee Bucks,W,OT,111,107,42,30,W 1
2004,HOU,2004-03-29,8:30p,,Minnesota Timberwolves,L,,88,94,42,31,L 1
2004,HOU,2004-04-01,10:30p,@,Los Angeles Lakers,L,,85,93,42,32,L 2
2004,HOU,2004-04-02,9:00p,@,Denver Nuggets,L,,100,110,42,33,L 3
2004,HOU,2004-04-04,1:00p,,Sacramento Kings,L,,94,99,42,34,L 4
2004,HOU,2004-04-06,10:30p,@,Golden State Warriors,L,,90,97,42,35,L 5
2004,HOU,2004-04-07,10:30p,@,Los Angeles Clippers,W,,102,79,43,35,W 1
2004,HOU,2004-04-09,8:30p,,Denver Nuggets,W,,106,103,44,35,W 2
2004,HOU,2004-04-10,9:00p,@,Utah Jazz,L,,69,82,44,36,L 1
2004,HOU,2004-04-12,10:00p,@,Seattle SuperSonics,W,,111,107,45,36,W 1
2004,HOU,2004-04-14,9:30p,,Dallas Mavericks,L,,89,92,45,37,L 1
2004,HOU,2004-04-17,10:30p,@,Los Angeles Lakers,L,,71,72,0,1,L 1
2004,HOU,2004-04-19,10:30p,@,Los Angeles Lakers,L,,84,98,0,2,L 2
2004,HOU,2004-04-23,9:30p,,Los Angeles Lakers,W,,102,91,1,2,W 1
2004,HOU,2004-04-25,3:30p,,Los Angeles Lakers,L,OT,88,92,1,3,L 1
2004,HOU,2004-04-28,10:00p,@,Los Angeles Lakers,L,,78,97,1,4,L 2
2004,IND,2003-10-29,8:00p,@,Detroit Pistons,W,,89,87,1,0,W 1
2004,IND,2003-10-31,7:30p,,Milwaukee Bucks,L,,79,93,1,1,L 1
2004,IND,2003-11-01,7:00p,@,Atlanta Hawks,W,OT,103,99,2,1,W 1
2004,IND,2003-11-04,7:00p,,Denver Nuggets,W,,71,60,3,1,W 2
2004,IND,2003-11-06,7:00p,@,New Jersey Nets,W,,87,81,4,1,W 3
2004,IND,2003-11-07,7:30p,,Cleveland Cavaliers,W,,91,90,5,1,W 4
2004,IND,2003-11-09,6:00p,@,Philadelphia 76ers,W,,85,74,6,1,W 5
2004,IND,2003-11-11,7:00p,,Boston Celtics,L,,76,78,6,2,L 1
2004,IND,2003-11-14,7:30p,,Seattle SuperSonics,W,,101,78,7,2,W 1
2004,IND,2003-11-15,7:30p,@,New York Knicks,W,,95,94,8,2,W 2
2004,IND,2003-11-19,7:00p,,Los Angeles Clippers,W,,91,78,9,2,W 3
2004,IND,2003-11-21,8:00p,@,New Orleans Hornets,W,,76,75,10,2,W 4
2004,IND,2003-11-24,7:00p,@,Orlando Magic,W,,89,78,11,2,W 5
2004,IND,2003-11-25,7:00p,,Minnesota Timberwolves,W,,98,75,12,2,W 6
2004,IND,2003-11-27,7:30p,,New York Knicks,W,,93,70,13,2,W 7
2004,IND,2003-11-28,8:00p,,Philadelphia 76ers,W,,90,77,14,2,W 8
2004,IND,2003-11-30,9:30p,@,Los Angeles Lakers,L,,77,99,14,3,L 1
2004,IND,2003-12-01,9:00p,@,Phoenix Suns,W,,89,82,15,3,W 1
2004,IND,2003-12-03,10:00p,@,Portland Trail Blazers,L,OT,95,97,15,4,L 1
2004,IND,2003-12-05,10:30p,@,Seattle SuperSonics,W,,101,94,16,4,W 1
2004,IND,2003-12-07,9:00p,@,Sacramento Kings,L,,88,91,16,5,L 1
2004,IND,2003-12-09,7:00p,,Washington Wizards,W,,93,79,17,5,W 1
2004,IND,2003-12-12,7:30p,,Atlanta Hawks,W,,103,92,18,5,W 2
2004,IND,2003-12-13,8:30p,@,Chicago Bulls,L,,75,86,18,6,L 1
2004,IND,2003-12-15,7:00p,,Cleveland Cavaliers,W,,95,85,19,6,W 1
2004,IND,2003-12-17,7:00p,,Orlando Magic,L,,90,94,19,7,L 1
2004,IND,2003-12-19,8:00p,,Detroit Pistons,W,,80,75,20,7,W 1
2004,IND,2003-12-20,8:00p,@,Minnesota Timberwolves,L,,80,102,20,8,L 1
2004,IND,2003-12-23,8:30p,@,Houston Rockets,W,,79,71,21,8,W 1
2004,IND,2003-12-26,8:30p,@,Milwaukee Bucks,L,,96,101,21,9,L 1
2004,IND,2003-12-27,8:00p,,New Jersey Nets,L,,75,82,21,10,L 2
2004,IND,2003-12-29,7:00p,,Memphis Grizzlies,W,,94,86,22,10,W 1
2004,IND,2003-12-30,7:00p,@,Cleveland Cavaliers,W,,92,89,23,10,W 2
2004,IND,2004-01-02,7:30p,@,Boston Celtics,W,,103,90,24,10,W 3
2004,IND,2004-01-03,8:00p,,New Orleans Hornets,W,,91,84,25,10,W 4
2004,IND,2004-01-05,7:30p,@,Miami Heat,W,,87,65,26,10,W 5
2004,IND,2004-01-06,7:00p,,Orlando Magic,W,,114,107,27,10,W 6
2004,IND,2004-01-09,8:00p,@,Dallas Mavericks,W,,92,80,28,10,W 7
2004,IND,2004-01-10,8:30p,@,San Antonio Spurs,L,OT,88,89,28,11,L 1
2004,IND,2004-01-14,7:00p,,Atlanta Hawks,W,,85,78,29,11,W 1
2004,IND,2004-01-16,7:00p,,San Antonio Spurs,W,,89,79,30,11,W 2
2004,IND,2004-01-17,8:00p,@,New Jersey Nets,W,,90,84,31,11,W 3
2004,IND,2004-01-19,2:00p,@,Atlanta Hawks,W,,100,97,32,11,W 4
2004,IND,2004-01-20,7:00p,,Detroit Pistons,W,,81,69,33,11,W 5
2004,IND,2004-01-23,8:00p,,Houston Rockets,L,,74,78,33,12,L 1
2004,IND,2004-01-24,7:00p,@,Washington Wizards,L,,96,107,33,13,L 2
2004,IND,2004-01-28,7:00p,,Phoenix Suns,W,,101,79,34,13,W 1
2004,IND,2004-01-31,8:00p,,Boston Celtics,W,,99,98,35,13,W 2
2004,IND,2004-02-02,7:00p,,Los Angeles Lakers,W,,85,72,36,13,W 3
2004,IND,2004-02-03,7:30p,@,New York Knicks,L,,90,97,36,14,L 1
2004,IND,2004-02-06,7:30p,@,Toronto Raptors,W,,83,77,37,14,W 1
2004,IND,2004-02-08,2:30p,,Miami Heat,W,,97,91,38,14,W 2
2004,IND,2004-02-10,8:30p,@,Chicago Bulls,W,,103,84,39,14,W 3
2004,IND,2004-02-17,7:00p,,New Orleans Hornets,L,,75,89,39,15,L 1
2004,IND,2004-02-20,7:00p,@,Washington Wizards,W,,96,87,40,15,W 1
2004,IND,2004-02-22,3:30p,,Utah Jazz,W,,94,80,41,15,W 2
2004,IND,2004-02-24,7:00p,,Golden State Warriors,W,,107,96,42,15,W 3
2004,IND,2004-02-27,8:00p,@,New Orleans Hornets,L,,77,89,42,16,L 1
2004,IND,2004-02-28,8:00p,,Philadelphia 76ers,W,,81,74,43,16,W 1
2004,IND,2004-03-02,10:30p,@,Golden State Warriors,W,,96,88,44,16,W 2
2004,IND,2004-03-03,10:30p,@,Los Angeles Clippers,W,OT,101,94,45,16,W 3
2004,IND,2004-03-05,9:00p,@,Utah Jazz,W,,96,88,46,16,W 4
2004,IND,2004-03-07,10:00p,@,Denver Nuggets,W,,103,94,47,16,W 5
2004,IND,2004-03-09,7:00p,,Toronto Raptors,W,OT,94,84,48,16,W 6
2004,IND,2004-03-12,7:30p,@,Boston Celtics,W,,99,81,49,16,W 7
2004,IND,2004-03-14,3:00p,@,Cleveland Cavaliers,L,,104,107,49,17,L 1
2004,IND,2004-03-17,7:00p,,Portland Trail Blazers,W,,80,71,50,17,W 1
2004,IND,2004-03-19,7:30p,,Sacramento Kings,L,,92,94,50,18,L 1
2004,IND,2004-03-20,8:00p,@,Memphis Grizzlies,L,,95,99,50,19,L 2
2004,IND,2004-03-22,7:00p,,Chicago Bulls,W,,101,77,51,19,W 1
2004,IND,2004-03-24,8:00p,,Dallas Mavericks,W,,103,99,52,19,W 2
2004,IND,2004-03-26,7:00p,@,Orlando Magic,W,,107,92,53,19,W 3
2004,IND,2004-03-28,5:00p,,Miami Heat,W,,87,80,54,19,W 4
2004,IND,2004-03-30,8:00p,@,Milwaukee Bucks,L,,86,95,54,20,L 1
2004,IND,2004-03-31,7:00p,,Milwaukee Bucks,W,,111,78,55,20,W 1
2004,IND,2004-04-02,7:30p,,Toronto Raptors,W,,84,64,56,20,W 2
2004,IND,2004-04-04,1:00p,@,Detroit Pistons,L,,61,79,56,21,L 1
2004,IND,2004-04-06,8:00p,,New York Knicks,W,,107,86,57,21,W 1
2004,IND,2004-04-07,7:30p,@,Toronto Raptors,W,,94,90,58,21,W 2
2004,IND,2004-04-09,8:00p,,New Jersey Nets,W,,90,80,59,21,W 3
2004,IND,2004-04-12,7:30p,@,Philadelphia 76ers,W,,107,93,60,21,W 4
2004,IND,2004-04-14,8:00p,,Chicago Bulls,W,,101,96,61,21,W 5
2004,IND,2004-04-17,2:00p,,Boston Celtics,W,,104,88,1,0,W 1
2004,IND,2004-04-20,8:30p,,Boston Celtics,W,,103,90,2,0,W 2
2004,IND,2004-04-23,7:00p,@,Boston Celtics,W,,108,85,3,0,W 3
2004,IND,2004-04-25,1:00p,@,Boston Celtics,W,,90,75,4,0,W 4
2004,IND,2004-05-06,9:00p,,Miami Heat,W,,94,81,5,0,W 5
2004,IND,2004-05-08,7:00p,,Miami Heat,W,,91,80,6,0,W 6
2004,IND,2004-05-10,8:00p,@,Miami Heat,L,,87,94,6,1,L 1
2004,IND,2004-05-12,8:00p,@,Miami Heat,L,,88,100,6,2,L 2
2004,IND,2004-05-15,8:00p,,Miami Heat,W,,94,83,7,2,W 1
2004,IND,2004-05-18,8:00p,@,Miami Heat,W,,73,70,8,2,W 2
2004,IND,2004-05-22,8:00p,,Detroit Pistons,W,,78,74,9,2,W 3
2004,IND,2004-05-24,8:00p,,Detroit Pistons,L,,67,72,9,3,L 1
2004,IND,2004-05-26,8:30p,@,Detroit Pistons,L,,78,85,9,4,L 2
2004,IND,2004-05-28,8:00p,@,Detroit Pistons,W,,83,68,10,4,W 1
2004,IND,2004-05-30,8:00p,,Detroit Pistons,L,,65,83,10,5,L 1
2004,IND,2004-06-01,8:00p,@,Detroit Pistons,L,,65,69,10,6,L 2
2004,LAC,2003-10-30,5:30a,@,Seattle SuperSonics,L,,100,109,0,1,L 1
2004,LAC,2003-10-31,10:00p,,Seattle SuperSonics,L,,105,124,0,2,L 2
2004,LAC,2003-11-07,9:00p,@,Denver Nuggets,W,OT,104,102,1,2,W 1
2004,LAC,2003-11-11,10:30p,,Atlanta Hawks,W,,115,103,2,2,W 2
2004,LAC,2003-11-14,10:30p,@,Golden State Warriors,W,,104,98,3,2,W 3
2004,LAC,2003-11-15,10:30p,,Orlando Magic,W,,95,92,4,2,W 4
2004,LAC,2003-11-18,7:00p,@,Cleveland Cavaliers,L,,95,103,4,3,L 1
2004,LAC,2003-11-19,7:00p,@,Indiana Pacers,L,,78,91,4,4,L 2
2004,LAC,2003-11-22,8:00p,@,Minnesota Timberwolves,L,,91,103,4,5,L 3
2004,LAC,2003-11-24,10:30p,,Houston Rockets,L,,90,105,4,6,L 4
2004,LAC,2003-11-27,10:00p,,New Jersey Nets,L,,96,102,4,7,L 5
2004,LAC,2003-11-29,10:30p,,Denver Nuggets,L,,86,98,4,8,L 6
2004,LAC,2003-12-01,10:30p,,San Antonio Spurs,W,,91,83,5,8,W 1
2004,LAC,2003-12-03,10:30p,,Cleveland Cavaliers,W,,90,80,6,8,W 2
2004,LAC,2003-12-05,9:00p,@,Utah Jazz,L,,67,86,6,9,L 1
2004,LAC,2003-12-07,3:30p,,Minnesota Timberwolves,L,,94,96,6,10,L 2
2004,LAC,2003-12-09,10:00p,@,Sacramento Kings,L,,95,105,6,11,L 3
2004,LAC,2003-12-10,10:30p,,Dallas Mavericks,W,,100,99,7,11,W 1
2004,LAC,2003-12-13,10:30p,,Phoenix Suns,W,,106,91,8,11,W 2
2004,LAC,2003-12-15,10:30p,,New Orleans Hornets,W,,109,80,9,11,W 3
2004,LAC,2003-12-17,10:30p,,Milwaukee Bucks,W,,93,83,10,11,W 4
2004,LAC,2003-12-19,8:30p,@,Houston Rockets,L,,85,99,10,12,L 1
2004,LAC,2003-12-20,8:30p,@,Dallas Mavericks,W,,115,105,11,12,W 1
2004,LAC,2003-12-23,8:30p,@,San Antonio Spurs,L,,90,111,11,13,L 1
2004,LAC,2003-12-26,10:30p,,Philadelphia 76ers,W,,101,98,12,13,W 1
2004,LAC,2003-12-28,3:30p,,Toronto Raptors,L,,88,94,12,14,L 1
2004,LAC,2003-12-29,10:30p,,Phoenix Suns,L,,105,113,12,15,L 2
2004,LAC,2003-12-31,9:30p,,Denver Nuggets,W,,120,104,13,15,W 1
2004,LAC,2004-01-03,4:00p,,Sacramento Kings,L,,109,116,13,16,L 1
2004,LAC,2004-01-04,9:30p,,Los Angeles Lakers,W,,101,98,14,16,W 1
2004,LAC,2004-01-06,7:30p,@,New Jersey Nets,L,,75,92,14,17,L 1
2004,LAC,2004-01-07,7:00p,@,Philadelphia 76ers,L,,80,100,14,18,L 2
2004,LAC,2004-01-09,7:00p,@,Toronto Raptors,W,,78,68,15,18,W 1
2004,LAC,2004-01-11,9:30p,,Memphis Grizzlies,L,OT,107,108,15,19,L 1
2004,LAC,2004-01-13,10:30p,,Portland Trail Blazers,W,OT,103,96,16,19,W 1
2004,LAC,2004-01-16,10:30p,,Miami Heat,L,,85,87,16,20,L 1
2004,LAC,2004-01-17,10:30p,@,Los Angeles Lakers,L,,89,91,16,21,L 2
2004,LAC,2004-01-19,3:30p,,Sacramento Kings,L,,100,125,16,22,L 3
2004,LAC,2004-01-21,10:30p,,Golden State Warriors,W,,106,102,17,22,W 1
2004,LAC,2004-01-23,10:30p,,Utah Jazz,W,,93,82,18,22,W 2
2004,LAC,2004-01-24,10:00p,@,Seattle SuperSonics,L,,97,102,18,23,L 1
2004,LAC,2004-01-26,9:00p,@,Utah Jazz,L,,93,98,18,24,L 2
2004,LAC,2004-01-27,10:30p,,Chicago Bulls,W,,102,92,19,24,W 1
2004,LAC,2004-01-30,7:30p,@,Miami Heat,L,,88,97,19,25,L 1
2004,LAC,2004-01-31,7:00p,@,Orlando Magic,W,,115,106,20,25,W 1
2004,LAC,2004-02-02,7:30p,@,Atlanta Hawks,W,,101,95,21,25,W 2
2004,LAC,2004-02-04,7:00p,@,Boston Celtics,W,,95,86,22,25,W 3
2004,LAC,2004-02-06,7:00p,@,Washington Wizards,L,,100,112,22,26,L 1
2004,LAC,2004-02-08,7:00p,@,New York Knicks,L,,104,110,22,27,L 2
2004,LAC,2004-02-10,8:00p,@,Minnesota Timberwolves,L,,84,96,22,28,L 3
2004,LAC,2004-02-11,8:00p,@,Memphis Grizzlies,L,,102,110,22,29,L 4
2004,LAC,2004-02-18,10:00p,@,Portland Trail Blazers,L,,86,101,22,30,L 5
2004,LAC,2004-02-19,10:30p,,Boston Celtics,W,,102,100,23,30,W 1
2004,LAC,2004-02-21,8:30p,@,Milwaukee Bucks,W,,105,103,24,30,W 2
2004,LAC,2004-02-24,8:30p,@,Dallas Mavericks,L,,91,116,24,31,L 1
2004,LAC,2004-02-25,8:00p,@,New Orleans Hornets,L,,93,99,24,32,L 2
2004,LAC,2004-02-27,10:30p,,New York Knicks,W,,96,94,25,32,W 1
2004,LAC,2004-02-29,3:30p,,Detroit Pistons,L,,88,100,25,33,L 1
2004,LAC,2004-03-02,10:00p,@,Sacramento Kings,L,,106,113,25,34,L 2
2004,LAC,2004-03-03,10:30p,,Indiana Pacers,L,OT,94,101,25,35,L 3
2004,LAC,2004-03-06,3:30p,,Memphis Grizzlies,L,,92,98,25,36,L 4
2004,LAC,2004-03-07,9:30p,,Portland Trail Blazers,W,,91,71,26,36,W 1
2004,LAC,2004-03-09,8:30p,@,Houston Rockets,L,,85,90,26,37,L 1
2004,LAC,2004-03-10,8:30p,@,San Antonio Spurs,L,,90,108,26,38,L 2
2004,LAC,2004-03-12,8:00p,@,Memphis Grizzlies,L,,89,98,26,39,L 3
2004,LAC,2004-03-14,10:30p,,Dallas Mavericks,L,,88,101,26,40,L 4
2004,LAC,2004-03-16,9:00p,@,Phoenix Suns,W,,110,98,27,40,W 1
2004,LAC,2004-03-17,10:30p,,Los Angeles Lakers,L,,103,106,27,41,L 1
2004,LAC,2004-03-19,10:30p,@,Los Angeles Lakers,L,,100,106,27,42,L 2
2004,LAC,2004-03-21,3:30p,,Golden State Warriors,L,,85,96,27,43,L 3
2004,LAC,2004-03-22,9:00p,@,Denver Nuggets,L,,80,102,27,44,L 4
2004,LAC,2004-03-24,10:00p,@,Portland Trail Blazers,L,,85,91,27,45,L 5
2004,LAC,2004-03-25,10:30p,,Washington Wizards,L,,94,103,27,46,L 6
2004,LAC,2004-03-27,10:30p,,Minnesota Timberwolves,L,,82,98,27,47,L 7
2004,LAC,2004-03-28,9:00p,@,Golden State Warriors,L,,77,105,27,48,L 8
2004,LAC,2004-03-31,7:30p,@,Detroit Pistons,L,,99,108,27,49,L 9
2004,LAC,2004-04-02,8:30p,@,Chicago Bulls,L,OT,110,114,27,50,L 10
2004,LAC,2004-04-04,9:30p,,Utah Jazz,L,,92,97,27,51,L 11
2004,LAC,2004-04-07,10:30p,,Houston Rockets,L,,79,102,27,52,L 12
2004,LAC,2004-04-11,9:30p,,San Antonio Spurs,L,,79,88,27,53,L 13
2004,LAC,2004-04-13,10:00p,@,Phoenix Suns,W,,98,96,28,53,W 1
2004,LAC,2004-04-14,10:30p,,Seattle SuperSonics,L,,87,118,28,54,L 1
2004,LAL,2003-10-28,10:30p,,Dallas Mavericks,W,,109,93,1,0,W 1
2004,LAL,2003-11-01,9:00p,@,Phoenix Suns,W,,103,99,2,0,W 2
2004,LAL,2003-11-02,9:30p,,Golden State Warriors,W,,87,72,3,0,W 3
2004,LAL,2003-11-04,8:00p,@,Milwaukee Bucks,W,,113,107,4,0,W 4
2004,LAL,2003-11-06,9:30p,@,San Antonio Spurs,W,2OT,120,117,5,0,W 5
2004,LAL,2003-11-07,8:00p,@,New Orleans Hornets,L,,95,114,5,1,L 1
2004,LAL,2003-11-10,8:00p,@,Memphis Grizzlies,L,,95,105,5,2,L 2
2004,LAL,2003-11-12,10:30p,,Toronto Raptors,W,,94,79,6,2,W 1
2004,LAL,2003-11-14,10:30p,,Detroit Pistons,W,,94,89,7,2,W 2
2004,LAL,2003-11-16,9:30p,,Miami Heat,W,,99,77,8,2,W 3
2004,LAL,2003-11-18,7:30p,@,Detroit Pistons,L,,96,106,8,3,L 1
2004,LAL,2003-11-19,7:30p,@,New York Knicks,W,,104,83,9,3,W 1
2004,LAL,2003-11-21,10:30p,,Chicago Bulls,W,,101,94,10,3,W 2
2004,LAL,2003-11-23,9:30p,,Memphis Grizzlies,W,,121,89,11,3,W 3
2004,LAL,2003-11-26,10:30p,,Washington Wizards,W,,120,99,12,3,W 4
2004,LAL,2003-11-28,10:30p,,San Antonio Spurs,W,,103,87,13,3,W 5
2004,LAL,2003-11-30,9:30p,,Indiana Pacers,W,,99,77,14,3,W 6
2004,LAL,2003-12-03,8:30p,@,San Antonio Spurs,W,,90,86,15,3,W 7
2004,LAL,2003-12-04,9:30p,@,Dallas Mavericks,W,,114,103,16,3,W 8
2004,LAL,2003-12-07,9:30p,,Utah Jazz,W,,94,92,17,3,W 9
2004,LAL,2003-12-09,10:30p,,New York Knicks,W,,98,90,18,3,W 10
2004,LAL,2003-12-12,10:30p,,Dallas Mavericks,L,,93,110,18,4,L 1
2004,LAL,2003-12-13,10:00p,@,Portland Trail Blazers,L,,108,112,18,5,L 2
2004,LAL,2003-12-19,10:30p,,Denver Nuggets,W,,101,99,19,5,W 1
2004,LAL,2003-12-21,9:30p,,Phoenix Suns,W,,107,101,20,5,W 2
2004,LAL,2003-12-23,10:30p,@,Golden State Warriors,L,,98,107,20,6,L 1
2004,LAL,2003-12-25,8:30p,,Houston Rockets,L,,87,99,20,7,L 2
2004,LAL,2003-12-28,9:30p,,Boston Celtics,W,,105,82,21,7,W 1
2004,LAL,2004-01-02,10:30p,@,Seattle SuperSonics,L,,109,111,21,8,L 1
2004,LAL,2004-01-04,9:30p,@,Los Angeles Clippers,L,,98,101,21,9,L 2
2004,LAL,2004-01-06,8:00p,@,Minnesota Timberwolves,L,,90,106,21,10,L 3
2004,LAL,2004-01-07,9:00p,@,Denver Nuggets,L,,91,113,21,11,L 4
2004,LAL,2004-01-09,10:30p,,Atlanta Hawks,W,,113,67,22,11,W 1
2004,LAL,2004-01-12,10:00p,,Cleveland Cavaliers,W,,89,79,23,11,W 2
2004,LAL,2004-01-14,10:30p,,Denver Nuggets,W,,97,71,24,11,W 3
2004,LAL,2004-01-16,10:30p,@,Sacramento Kings,L,,83,103,24,12,L 1
2004,LAL,2004-01-17,10:30p,,Los Angeles Clippers,W,,91,89,25,12,W 1
2004,LAL,2004-01-19,10:30p,,Phoenix Suns,L,,85,88,25,13,L 1
2004,LAL,2004-01-21,8:00p,@,Memphis Grizzlies,L,,82,88,25,14,L 2
2004,LAL,2004-01-22,9:30p,@,Dallas Mavericks,L,,87,106,25,15,L 3
2004,LAL,2004-01-24,9:00p,@,Utah Jazz,W,,93,86,26,15,W 1
2004,LAL,2004-01-28,10:30p,,Seattle SuperSonics,W,,96,82,27,15,W 2
2004,LAL,2004-01-30,10:30p,,Minnesota Timberwolves,L,,84,97,27,16,L 1
2004,LAL,2004-02-01,12:30p,@,Toronto Raptors,W,,84,83,28,16,W 1
2004,LAL,2004-02-02,7:00p,@,Indiana Pacers,L,,72,85,28,17,L 1
2004,LAL,2004-02-04,8:00p,@,Cleveland Cavaliers,W,OT,111,106,29,17,W 1
2004,LAL,2004-02-05,7:30p,@,Philadelphia 76ers,L,,73,96,29,18,L 1
2004,LAL,2004-02-08,12:30p,@,Orlando Magic,W,,98,96,30,18,W 1
2004,LAL,2004-02-10,7:30p,@,Miami Heat,W,,98,83,31,18,W 2
2004,LAL,2004-02-11,9:00p,@,Houston Rockets,L,,87,102,31,19,L 1
2004,LAL,2004-02-17,10:30p,,Portland Trail Blazers,W,,89,86,32,19,W 1
2004,LAL,2004-02-18,10:30p,@,Golden State Warriors,W,,100,99,33,19,W 2
2004,LAL,2004-02-20,10:30p,,Philadelphia 76ers,W,,116,88,34,19,W 3
2004,LAL,2004-02-22,7:00p,@,Phoenix Suns,W,,104,92,35,19,W 4
2004,LAL,2004-02-25,9:00p,@,Denver Nuggets,W,,112,111,36,19,W 5
2004,LAL,2004-02-26,10:30p,,Sacramento Kings,L,,101,103,36,20,L 1
2004,LAL,2004-02-28,3:30p,@,Washington Wizards,W,,122,110,37,20,W 1
2004,LAL,2004-02-29,6:00p,@,New Jersey Nets,W,,100,83,38,20,W 2
2004,LAL,2004-03-02,7:30p,@,Atlanta Hawks,L,,93,94,38,21,L 1
2004,LAL,2004-03-03,9:00p,@,Houston Rockets,W,,96,93,39,21,W 1
2004,LAL,2004-03-05,10:30p,,Seattle SuperSonics,W,,99,91,40,21,W 2
2004,LAL,2004-03-07,3:30p,,New Jersey Nets,W,,94,88,41,21,W 3
2004,LAL,2004-03-08,9:00p,@,Utah Jazz,L,,83,88,41,22,L 1
2004,LAL,2004-03-10,7:00p,@,Boston Celtics,W,,117,109,42,22,W 1
2004,LAL,2004-03-12,8:00p,@,Minnesota Timberwolves,L,,86,96,42,23,L 1
2004,LAL,2004-03-13,8:30p,@,Chicago Bulls,W,,88,81,43,23,W 1
2004,LAL,2004-03-15,10:30p,,Orlando Magic,W,OT,113,110,44,23,W 2
2004,LAL,2004-03-17,10:30p,@,Los Angeles Clippers,W,,106,103,45,23,W 3
2004,LAL,2004-03-19,10:30p,,Los Angeles Clippers,W,,106,100,46,23,W 4
2004,LAL,2004-03-21,9:30p,,Milwaukee Bucks,W,OT,104,103,47,23,W 5
2004,LAL,2004-03-24,10:30p,,Sacramento Kings,W,,115,91,48,23,W 6
2004,LAL,2004-03-26,10:30p,,Minnesota Timberwolves,W,,90,73,49,23,W 7
2004,LAL,2004-03-28,9:30p,,Utah Jazz,W,,91,84,50,23,W 8
2004,LAL,2004-03-30,10:30p,,New Orleans Hornets,W,,107,88,51,23,W 9
2004,LAL,2004-04-01,10:30p,,Houston Rockets,W,,93,85,52,23,W 10
2004,LAL,2004-04-02,10:30p,@,Seattle SuperSonics,W,,97,86,53,23,W 11
2004,LAL,2004-04-04,3:30p,,San Antonio Spurs,L,,89,95,53,24,L 1
2004,LAL,2004-04-06,10:00p,,Portland Trail Blazers,L,,80,91,53,25,L 2
2004,LAL,2004-04-09,10:30p,,Memphis Grizzlies,W,,103,95,54,25,W 1
2004,LAL,2004-04-11,3:30p,@,Sacramento Kings,L,,85,102,54,26,L 1
2004,LAL,2004-04-13,10:30p,,Golden State Warriors,W,,109,104,55,26,W 1
2004,LAL,2004-04-14,10:00p,@,Portland Trail Blazers,W,2OT,105,104,56,26,W 2
2004,LAL,2004-04-17,10:30p,,Houston Rockets,W,,72,71,1,0,W 1
2004,LAL,2004-04-19,10:30p,,Houston Rockets,W,,98,84,2,0,W 2
2004,LAL,2004-04-23,9:30p,@,Houston Rockets,L,,91,102,2,1,L 1
2004,LAL,2004-04-25,3:30p,@,Houston Rockets,W,OT,92,88,3,1,W 1
2004,LAL,2004-04-28,10:00p,,Houston Rockets,W,,97,78,4,1,W 2
2004,LAL,2004-05-02,3:30p,@,San Antonio Spurs,L,,78,88,4,2,L 1
2004,LAL,2004-05-05,9:00p,@,San Antonio Spurs,L,,85,95,4,3,L 2
2004,LAL,2004-05-09,3:30p,,San Antonio Spurs,W,,105,81,5,3,W 1
2004,LAL,2004-05-11,10:30p,,San Antonio Spurs,W,,98,90,6,3,W 2
2004,LAL,2004-05-13,8:00p,@,San Antonio Spurs,W,,74,73,7,3,W 3
2004,LAL,2004-05-15,10:30p,,San Antonio Spurs,W,,88,76,8,3,W 4
2004,LAL,2004-05-21,9:00p,@,Minnesota Timberwolves,W,,97,88,9,3,W 5
2004,LAL,2004-05-23,8:30p,@,Minnesota Timberwolves,L,,71,89,9,4,L 1
2004,LAL,2004-05-25,9:00p,,Minnesota Timberwolves,W,,100,89,10,4,W 1
2004,LAL,2004-05-27,9:00p,,Minnesota Timberwolves,W,,92,85,11,4,W 2
2004,LAL,2004-05-29,8:30p,@,Minnesota Timberwolves,L,,96,98,11,5,L 1
2004,LAL,2004-05-31,9:00p,,Minnesota Timberwolves,W,,96,90,12,5,W 1
2004,LAL,2004-06-06,9:00p,,Detroit Pistons,L,,75,87,12,6,L 1
2004,LAL,2004-06-08,9:00p,,Detroit Pistons,W,OT,99,91,13,6,W 1
2004,LAL,2004-06-10,9:00p,@,Detroit Pistons,L,,68,88,13,7,L 1
2004,LAL,2004-06-13,9:00p,@,Detroit Pistons,L,,80,88,13,8,L 2
2004,LAL,2004-06-15,9:00p,@,Detroit Pistons,L,,87,100,13,9,L 3
2004,MEM,2003-10-31,8:00p,,Boston Celtics,L,,91,93,0,1,L 1
2004,MEM,2003-11-01,8:30p,@,Houston Rockets,W,,79,71,1,1,W 1
2004,MEM,2003-11-03,8:00p,,San Antonio Spurs,W,,88,80,2,1,W 2
2004,MEM,2003-11-05,10:30p,@,Portland Trail Blazers,L,,87,93,2,2,L 1
2004,MEM,2003-11-07,9:00p,@,Phoenix Suns,L,,88,96,2,3,L 2
2004,MEM,2003-11-08,9:00p,@,Utah Jazz,L,,89,96,2,4,L 3
2004,MEM,2003-11-10,8:00p,,Los Angeles Lakers,W,,105,95,3,4,W 1
2004,MEM,2003-11-12,7:00p,@,Orlando Magic,W,,107,97,4,4,W 2
2004,MEM,2003-11-15,8:00p,,Dallas Mavericks,W,OT,108,101,5,4,W 3
2004,MEM,2003-11-19,9:00p,,Detroit Pistons,L,,92,99,5,5,L 1
2004,MEM,2003-11-21,10:30p,@,Seattle SuperSonics,W,,98,97,6,5,W 1
2004,MEM,2003-11-23,9:30p,@,Los Angeles Lakers,L,,89,121,6,6,L 1
2004,MEM,2003-11-25,10:00p,@,Sacramento Kings,L,,89,109,6,7,L 2
2004,MEM,2003-11-28,8:00p,,Minnesota Timberwolves,L,,98,102,6,8,L 3
2004,MEM,2003-11-29,7:30p,@,Cleveland Cavaliers,W,2OT,122,115,7,8,W 1
2004,MEM,2003-12-01,7:00p,@,Boston Celtics,W,,96,89,8,8,W 2
2004,MEM,2003-12-03,7:30p,@,New Jersey Nets,W,,96,93,9,8,W 3
2004,MEM,2003-12-05,8:00p,,Washington Wizards,W,,92,77,10,8,W 4
2004,MEM,2003-12-07,4:00p,,Portland Trail Blazers,W,,93,79,11,8,W 5
2004,MEM,2003-12-10,8:00p,,Atlanta Hawks,W,,103,90,12,8,W 6
2004,MEM,2003-12-12,7:30p,@,Miami Heat,L,,88,91,12,9,L 1
2004,MEM,2003-12-13,8:00p,,New Jersey Nets,W,,110,63,13,9,W 1
2004,MEM,2003-12-15,8:30p,@,San Antonio Spurs,L,,67,78,13,10,L 1
2004,MEM,2003-12-16,8:00p,,Sacramento Kings,W,,105,100,14,10,W 1
2004,MEM,2003-12-19,8:00p,,Miami Heat,W,,97,83,15,10,W 2
2004,MEM,2003-12-20,8:00p,@,New Orleans Hornets,L,,89,94,15,11,L 1
2004,MEM,2003-12-22,9:00p,@,Denver Nuggets,L,,99,106,15,12,L 2
2004,MEM,2003-12-23,10:00p,@,Sacramento Kings,L,,97,114,15,13,L 3
2004,MEM,2003-12-26,8:00p,,New York Knicks,L,,94,98,15,14,L 4
2004,MEM,2003-12-27,8:30p,@,Dallas Mavericks,L,,98,104,15,15,L 5
2004,MEM,2003-12-29,7:00p,@,Indiana Pacers,L,,86,94,15,16,L 6
2004,MEM,2003-12-30,8:00p,,Seattle SuperSonics,L,,99,105,15,17,L 7
2004,MEM,2004-01-02,8:00p,,Utah Jazz,W,,100,88,16,17,W 1
2004,MEM,2004-01-03,8:00p,,Orlando Magic,W,,112,103,17,17,W 2
2004,MEM,2004-01-09,10:30p,@,Seattle SuperSonics,L,,116,122,17,18,L 1
2004,MEM,2004-01-11,9:30p,@,Los Angeles Clippers,W,OT,108,107,18,18,W 1
2004,MEM,2004-01-12,10:30p,@,Golden State Warriors,W,2OT,115,113,19,18,W 2
2004,MEM,2004-01-15,8:00p,,Chicago Bulls,W,,108,93,20,18,W 3
2004,MEM,2004-01-17,1:00p,@,Philadelphia 76ers,W,,91,87,21,18,W 4
2004,MEM,2004-01-19,7:30p,,Houston Rockets,W,,88,83,22,18,W 5
2004,MEM,2004-01-21,8:00p,,Los Angeles Lakers,W,,88,82,23,18,W 6
2004,MEM,2004-01-23,8:00p,,Sacramento Kings,W,,109,95,24,18,W 7
2004,MEM,2004-01-25,4:00p,,Denver Nuggets,W,,106,88,25,18,W 8
2004,MEM,2004-01-28,8:00p,,Portland Trail Blazers,L,,76,88,25,19,L 1
2004,MEM,2004-01-30,8:00p,,Utah Jazz,L,,79,85,25,20,L 2
2004,MEM,2004-01-31,7:30p,@,Detroit Pistons,L,,78,80,25,21,L 3
2004,MEM,2004-02-02,8:00p,,Golden State Warriors,W,,106,101,26,21,W 1
2004,MEM,2004-02-04,7:00p,@,Washington Wizards,W,,103,101,27,21,W 2
2004,MEM,2004-02-06,8:00p,,Milwaukee Bucks,W,,105,85,28,21,W 3
2004,MEM,2004-02-08,3:30p,@,Minnesota Timberwolves,W,,99,98,29,21,W 4
2004,MEM,2004-02-09,9:00p,@,Denver Nuggets,L,,83,86,29,22,L 1
2004,MEM,2004-02-11,8:00p,,Los Angeles Clippers,W,,110,102,30,22,W 1
2004,MEM,2004-02-17,8:00p,,Dallas Mavericks,W,,109,92,31,22,W 2
2004,MEM,2004-02-20,8:00p,,Phoenix Suns,W,,97,92,32,22,W 3
2004,MEM,2004-02-21,8:30p,@,Chicago Bulls,W,,105,98,33,22,W 4
2004,MEM,2004-02-23,8:00p,,Denver Nuggets,W,,109,106,34,22,W 5
2004,MEM,2004-02-25,8:00p,,Golden State Warriors,L,,92,99,34,23,L 1
2004,MEM,2004-02-27,8:30p,@,Milwaukee Bucks,L,,104,106,34,24,L 2
2004,MEM,2004-02-28,8:00p,,New Orleans Hornets,W,,97,92,35,24,W 1
2004,MEM,2004-03-01,8:30p,@,San Antonio Spurs,W,,81,80,36,24,W 2
2004,MEM,2004-03-03,10:00p,@,Portland Trail Blazers,W,,97,88,37,24,W 3
2004,MEM,2004-03-06,3:30p,@,Los Angeles Clippers,W,,98,92,38,24,W 4
2004,MEM,2004-03-07,9:00p,@,Golden State Warriors,W,,95,85,39,24,W 5
2004,MEM,2004-03-09,8:00p,,San Antonio Spurs,W,,94,88,40,24,W 6
2004,MEM,2004-03-12,8:00p,,Los Angeles Clippers,W,,98,89,41,24,W 7
2004,MEM,2004-03-13,8:30p,@,Houston Rockets,L,,80,88,41,25,L 1
2004,MEM,2004-03-16,8:00p,,Philadelphia 76ers,W,,82,79,42,25,W 1
2004,MEM,2004-03-18,8:00p,,Seattle SuperSonics,L,,94,97,42,26,L 1
2004,MEM,2004-03-20,8:00p,,Indiana Pacers,W,,99,95,43,26,W 1
2004,MEM,2004-03-23,8:00p,,Toronto Raptors,W,,95,86,44,26,W 2
2004,MEM,2004-03-24,7:30p,@,New York Knicks,W,,111,97,45,26,W 3
2004,MEM,2004-03-26,8:00p,,Houston Rockets,W,,109,86,46,26,W 4
2004,MEM,2004-03-28,1:00p,@,Toronto Raptors,W,,94,88,47,26,W 5
2004,MEM,2004-03-29,7:30p,@,Atlanta Hawks,W,2OT,136,133,48,26,W 6
2004,MEM,2004-04-02,8:00p,,Phoenix Suns,W,,109,99,49,26,W 7
2004,MEM,2004-04-04,3:30p,@,Minnesota Timberwolves,L,,82,90,49,27,L 1
2004,MEM,2004-04-05,9:00p,@,Utah Jazz,L,,81,92,49,28,L 2
2004,MEM,2004-04-07,8:00p,,Cleveland Cavaliers,W,,92,74,50,28,W 1
2004,MEM,2004-04-09,10:30p,@,Los Angeles Lakers,L,,95,103,50,29,L 1
2004,MEM,2004-04-11,9:00p,@,Phoenix Suns,L,,83,89,50,30,L 2
2004,MEM,2004-04-13,8:30p,@,Dallas Mavericks,L,,103,110,50,31,L 3
2004,MEM,2004-04-14,8:00p,,Minnesota Timberwolves,L,,90,107,50,32,L 4
2004,MEM,2004-04-17,8:00p,@,San Antonio Spurs,L,,74,98,0,1,L 1
2004,MEM,2004-04-19,8:00p,@,San Antonio Spurs,L,,70,87,0,2,L 2
2004,MEM,2004-04-22,9:30p,,San Antonio Spurs,L,,93,95,0,3,L 3
2004,MEM,2004-04-25,9:30p,,San Antonio Spurs,L,,97,110,0,4,L 4
2004,MIA,2003-10-28,7:00p,@,Philadelphia 76ers,L,,74,89,0,1,L 1
2004,MIA,2003-10-29,7:00p,@,Boston Celtics,L,,75,98,0,2,L 2
2004,MIA,2003-10-31,7:30p,,Detroit Pistons,L,,81,93,0,3,L 3
2004,MIA,2003-11-03,8:30p,@,Dallas Mavericks,L,,93,103,0,4,L 4
2004,MIA,2003-11-04,8:30p,@,San Antonio Spurs,L,,73,80,0,5,L 5
2004,MIA,2003-11-08,7:30p,,Minnesota Timberwolves,L,,79,88,0,6,L 6
2004,MIA,2003-11-11,8:30p,@,Houston Rockets,L,,70,90,0,7,L 7
2004,MIA,2003-11-12,7:30p,,Cleveland Cavaliers,W,,88,83,1,7,W 1
2004,MIA,2003-11-14,7:30p,,Washington Wizards,W,OT,105,101,2,7,W 2
2004,MIA,2003-11-16,9:30p,@,Los Angeles Lakers,L,,77,99,2,8,L 1
2004,MIA,2003-11-18,10:00p,@,Seattle SuperSonics,W,,105,98,3,8,W 1
2004,MIA,2003-11-19,10:00p,@,Portland Trail Blazers,L,,93,94,3,9,L 1
2004,MIA,2003-11-21,10:30p,@,Golden State Warriors,L,,91,101,3,10,L 2
2004,MIA,2003-11-22,9:00p,@,Phoenix Suns,L,,98,100,3,11,L 3
2004,MIA,2003-11-25,7:30p,,New Orleans Hornets,W,,91,87,4,11,W 1
2004,MIA,2003-11-28,7:30p,@,Atlanta Hawks,L,,83,95,4,12,L 1
2004,MIA,2003-11-29,7:30p,,Toronto Raptors,W,,78,66,5,12,W 1
2004,MIA,2003-12-03,7:30p,@,Detroit Pistons,L,,73,87,5,13,L 1
2004,MIA,2003-12-05,7:30p,,Philadelphia 76ers,L,,90,93,5,14,L 2
2004,MIA,2003-12-06,7:30p,,San Antonio Spurs,L,,70,86,5,15,L 3
2004,MIA,2003-12-09,7:30p,,Phoenix Suns,W,,92,72,6,15,W 1
2004,MIA,2003-12-12,7:30p,,Memphis Grizzlies,W,,91,88,7,15,W 2
2004,MIA,2003-12-14,12:30p,@,Toronto Raptors,W,,90,89,8,15,W 3
2004,MIA,2003-12-16,7:30p,,Atlanta Hawks,W,,97,79,9,15,W 4
2004,MIA,2003-12-17,7:00p,@,Philadelphia 76ers,L,,76,87,9,16,L 1
2004,MIA,2003-12-19,8:00p,@,Memphis Grizzlies,L,,83,97,9,17,L 2
2004,MIA,2003-12-21,6:00p,,Golden State Warriors,W,,104,93,10,17,W 1
2004,MIA,2003-12-23,7:30p,,Washington Wizards,W,,79,72,11,17,W 2
2004,MIA,2003-12-26,7:00p,@,Washington Wizards,W,,92,84,12,17,W 3
2004,MIA,2003-12-27,7:30p,,New York Knicks,L,,80,100,12,18,L 1
2004,MIA,2003-12-29,8:30p,@,Chicago Bulls,W,,90,83,13,18,W 1
2004,MIA,2003-12-30,7:30p,@,New York Knicks,L,,73,102,13,19,L 1
2004,MIA,2004-01-02,7:30p,,Orlando Magic,W,,112,101,14,19,W 1
2004,MIA,2004-01-05,7:30p,,Indiana Pacers,L,,65,87,14,20,L 1
2004,MIA,2004-01-07,7:30p,,Chicago Bulls,W,,102,95,15,20,W 1
2004,MIA,2004-01-09,8:30p,@,Milwaukee Bucks,L,,94,103,15,21,L 1
2004,MIA,2004-01-10,8:00p,@,Minnesota Timberwolves,L,,77,83,15,22,L 2
2004,MIA,2004-01-13,10:00p,@,Sacramento Kings,L,,86,90,15,23,L 3
2004,MIA,2004-01-15,9:00p,@,Utah Jazz,L,,85,97,15,24,L 4
2004,MIA,2004-01-16,10:30p,@,Los Angeles Clippers,W,,87,85,16,24,W 1
2004,MIA,2004-01-18,9:00p,@,Denver Nuggets,L,,80,88,16,25,L 1
2004,MIA,2004-01-20,7:30p,,Boston Celtics,L,,84,86,16,26,L 2
2004,MIA,2004-01-23,7:30p,,New Jersey Nets,W,,85,64,17,26,W 1
2004,MIA,2004-01-24,7:30p,@,New York Knicks,W,,85,77,18,26,W 2
2004,MIA,2004-01-26,7:30p,,Houston Rockets,W,,95,81,19,26,W 3
2004,MIA,2004-01-28,7:00p,@,Cleveland Cavaliers,L,,93,94,19,27,L 1
2004,MIA,2004-01-30,7:30p,,Los Angeles Clippers,W,,97,88,20,27,W 1
2004,MIA,2004-01-31,8:00p,@,New Orleans Hornets,W,,94,70,21,27,W 2
2004,MIA,2004-02-02,7:30p,,Detroit Pistons,L,OT,100,102,21,28,L 1
2004,MIA,2004-02-04,7:30p,@,New Jersey Nets,L,,88,99,21,29,L 2
2004,MIA,2004-02-07,1:00p,,New York Knicks,L,,64,76,21,30,L 3
2004,MIA,2004-02-08,2:30p,@,Indiana Pacers,L,,91,97,21,31,L 4
2004,MIA,2004-02-10,7:30p,,Los Angeles Lakers,L,,83,98,21,32,L 5
2004,MIA,2004-02-11,7:00p,@,Orlando Magic,W,,111,98,22,32,W 1
2004,MIA,2004-02-17,7:30p,,Utah Jazz,W,,97,85,23,32,W 2
2004,MIA,2004-02-20,7:30p,,Atlanta Hawks,W,,125,92,24,32,W 3
2004,MIA,2004-02-21,7:30p,,Denver Nuggets,W,,97,81,25,32,W 4
2004,MIA,2004-02-23,7:30p,,Portland Trail Blazers,L,,81,89,25,33,L 1
2004,MIA,2004-02-28,1:00p,@,New Jersey Nets,L,,86,92,25,34,L 2
2004,MIA,2004-02-29,3:00p,@,Milwaukee Bucks,L,,104,108,25,35,L 3
2004,MIA,2004-03-02,7:30p,,Toronto Raptors,L,,86,89,25,36,L 4
2004,MIA,2004-03-04,7:30p,,Milwaukee Bucks,W,,104,98,26,36,W 1
2004,MIA,2004-03-06,3:30p,,Sacramento Kings,W,,102,96,27,36,W 2
2004,MIA,2004-03-09,7:30p,,Orlando Magic,W,,100,89,28,36,W 3
2004,MIA,2004-03-10,8:00p,@,New Orleans Hornets,L,,84,95,28,37,L 1
2004,MIA,2004-03-12,7:30p,,Seattle SuperSonics,W,,82,74,29,37,W 1
2004,MIA,2004-03-14,6:00p,,New Jersey Nets,W,,104,95,30,37,W 2
2004,MIA,2004-03-16,7:30p,,New Orleans Hornets,W,,96,83,31,37,W 3
2004,MIA,2004-03-20,1:00p,,Philadelphia 76ers,W,,101,69,32,37,W 4
2004,MIA,2004-03-21,4:00p,@,Washington Wizards,W,,101,81,33,37,W 5
2004,MIA,2004-03-24,7:00p,@,Orlando Magic,W,,105,90,34,37,W 6
2004,MIA,2004-03-26,8:00p,,Dallas Mavericks,W,OT,119,118,35,37,W 7
2004,MIA,2004-03-28,5:00p,@,Indiana Pacers,L,,80,87,35,38,L 1
2004,MIA,2004-03-29,7:30p,,Chicago Bulls,W,,105,96,36,38,W 1
2004,MIA,2004-03-31,7:30p,@,Atlanta Hawks,W,,100,97,37,38,W 2
2004,MIA,2004-04-02,8:00p,@,Detroit Pistons,L,,84,92,37,39,L 1
2004,MIA,2004-04-03,8:30p,@,Chicago Bulls,W,,97,83,38,39,W 1
2004,MIA,2004-04-07,7:30p,,Boston Celtics,W,,104,101,39,39,W 2
2004,MIA,2004-04-09,7:30p,,Cleveland Cavaliers,W,,106,91,40,39,W 3
2004,MIA,2004-04-10,7:30p,@,Cleveland Cavaliers,L,,80,91,40,40,L 1
2004,MIA,2004-04-12,7:00p,@,Boston Celtics,W,,84,77,41,40,W 1
2004,MIA,2004-04-14,7:30p,,New Jersey Nets,W,,96,84,42,40,W 2
2004,MIA,2004-04-18,7:00p,,New Orleans Hornets,W,,81,79,1,0,W 1
2004,MIA,2004-04-21,8:00p,,New Orleans Hornets,W,,93,63,2,0,W 2
2004,MIA,2004-04-24,1:00p,@,New Orleans Hornets,L,,71,77,2,1,L 1
2004,MIA,2004-04-27,8:00p,@,New Orleans Hornets,L,,85,96,2,2,L 2
2004,MIA,2004-04-30,7:00p,,New Orleans Hornets,W,,87,83,3,2,W 1
2004,MIA,2004-05-02,1:00p,@,New Orleans Hornets,L,,83,89,3,3,L 1
2004,MIA,2004-05-04,7:00p,,New Orleans Hornets,W,,85,77,4,3,W 1
2004,MIA,2004-05-06,9:00p,@,Indiana Pacers,L,,81,94,4,4,L 1
2004,MIA,2004-05-08,7:00p,@,Indiana Pacers,L,,80,91,4,5,L 2
2004,MIA,2004-05-10,8:00p,,Indiana Pacers,W,,94,87,5,5,W 1
2004,MIA,2004-05-12,8:00p,,Indiana Pacers,W,,100,88,6,5,W 2
2004,MIA,2004-05-15,8:00p,@,Indiana Pacers,L,,83,94,6,6,L 1
2004,MIA,2004-05-18,8:00p,,Indiana Pacers,L,,70,73,6,7,L 2
2004,MIL,2003-10-29,8:00p,@,Minnesota Timberwolves,L,,89,95,0,1,L 1
2004,MIL,2003-10-31,7:30p,@,Indiana Pacers,W,,93,79,1,1,W 1
2004,MIL,2003-11-01,8:30p,,Chicago Bulls,W,,98,68,2,1,W 2
2004,MIL,2003-11-04,8:00p,,Los Angeles Lakers,L,,107,113,2,2,L 1
2004,MIL,2003-11-05,7:30p,@,New York Knicks,W,,106,90,3,2,W 1
2004,MIL,2003-11-07,8:00p,@,Detroit Pistons,L,,99,105,3,3,L 1
2004,MIL,2003-11-08,8:30p,,New York Knicks,W,,90,87,4,3,W 1
2004,MIL,2003-11-12,8:00p,,Seattle SuperSonics,L,,99,104,4,4,L 1
2004,MIL,2003-11-15,8:30p,,Utah Jazz,W,,100,95,5,4,W 1
2004,MIL,2003-11-18,8:00p,,Atlanta Hawks,L,,93,101,5,5,L 1
2004,MIL,2003-11-19,9:00p,@,Denver Nuggets,L,,86,94,5,6,L 2
2004,MIL,2003-11-21,9:00p,@,Utah Jazz,L,,90,99,5,7,L 3
2004,MIL,2003-11-23,1:00p,@,Toronto Raptors,W,,82,62,6,7,W 1
2004,MIL,2003-11-25,8:00p,,Philadelphia 76ers,W,,95,91,7,7,W 2
2004,MIL,2003-11-28,7:30p,@,Boston Celtics,L,,96,106,7,8,L 1
2004,MIL,2003-11-29,9:00p,,Boston Celtics,W,,100,94,8,8,W 1
2004,MIL,2003-12-01,8:30p,@,Chicago Bulls,L,,87,97,8,9,L 1
2004,MIL,2003-12-02,7:30p,@,Atlanta Hawks,W,,106,94,9,9,W 1
2004,MIL,2003-12-05,7:30p,@,New Jersey Nets,L,,86,93,9,10,L 1
2004,MIL,2003-12-06,8:30p,,Washington Wizards,L,OT,109,114,9,11,L 2
2004,MIL,2003-12-08,8:00p,@,New Orleans Hornets,L,,85,91,9,12,L 3
2004,MIL,2003-12-10,8:00p,,Golden State Warriors,W,OT,94,89,10,12,W 1
2004,MIL,2003-12-12,8:30p,,Chicago Bulls,W,,109,95,11,12,W 2
2004,MIL,2003-12-14,3:30p,@,Seattle SuperSonics,L,,102,108,11,13,L 1
2004,MIL,2003-12-16,10:00p,@,Portland Trail Blazers,W,,106,99,12,13,W 1
2004,MIL,2003-12-17,10:30p,@,Los Angeles Clippers,L,,83,93,12,14,L 1
2004,MIL,2003-12-20,8:30p,,New Jersey Nets,W,,92,87,13,14,W 1
2004,MIL,2003-12-23,8:00p,,Detroit Pistons,W,,83,78,14,14,W 2
2004,MIL,2003-12-26,8:30p,,Indiana Pacers,W,,101,96,15,14,W 3
2004,MIL,2003-12-28,7:00p,@,San Antonio Spurs,L,,74,89,15,15,L 1
2004,MIL,2003-12-30,8:30p,@,Dallas Mavericks,L,,92,101,15,16,L 2
2004,MIL,2004-01-02,8:30p,,Dallas Mavericks,W,,109,101,16,16,W 1
2004,MIL,2004-01-04,2:00p,@,Washington Wizards,W,,100,94,17,16,W 2
2004,MIL,2004-01-05,7:00p,@,Philadelphia 76ers,W,,88,76,18,16,W 3
2004,MIL,2004-01-07,8:00p,,Phoenix Suns,W,,95,87,19,16,W 4
2004,MIL,2004-01-09,8:30p,,Miami Heat,W,,103,94,20,16,W 5
2004,MIL,2004-01-10,7:30p,@,New York Knicks,L,,88,94,20,17,L 1
2004,MIL,2004-01-13,8:00p,,Boston Celtics,W,,111,103,21,17,W 1
2004,MIL,2004-01-15,8:00p,,New Jersey Nets,W,,86,83,22,17,W 2
2004,MIL,2004-01-17,8:30p,,Detroit Pistons,L,,94,99,22,18,L 1
2004,MIL,2004-01-19,3:00p,@,Orlando Magic,L,,99,106,22,19,L 2
2004,MIL,2004-01-21,8:00p,,Orlando Magic,W,,113,102,23,19,W 1
2004,MIL,2004-01-23,8:30p,,Toronto Raptors,W,,98,86,24,19,W 2
2004,MIL,2004-01-26,8:00p,,San Antonio Spurs,W,,93,92,25,19,W 3
2004,MIL,2004-01-28,8:00p,@,New Orleans Hornets,L,,100,101,25,20,L 1
2004,MIL,2004-01-30,9:30p,,Cleveland Cavaliers,W,,101,95,26,20,W 1
2004,MIL,2004-01-31,7:00p,@,Atlanta Hawks,L,,83,93,26,21,L 1
2004,MIL,2004-02-04,8:30p,@,Houston Rockets,L,,89,103,26,22,L 2
2004,MIL,2004-02-06,8:00p,@,Memphis Grizzlies,L,,85,105,26,23,L 3
2004,MIL,2004-02-07,8:30p,,New Orleans Hornets,W,,107,97,27,23,W 1
2004,MIL,2004-02-10,8:00p,,Sacramento Kings,L,,117,124,27,24,L 1
2004,MIL,2004-02-17,8:00p,,Orlando Magic,W,,127,104,28,24,W 1
2004,MIL,2004-02-18,7:30p,@,Detroit Pistons,L,,98,102,28,25,L 1
2004,MIL,2004-02-21,8:30p,,Los Angeles Clippers,L,,103,105,28,26,L 2
2004,MIL,2004-02-22,6:00p,@,Washington Wizards,W,,113,85,29,26,W 1
2004,MIL,2004-02-24,8:00p,,Minnesota Timberwolves,L,,102,108,29,27,L 1
2004,MIL,2004-02-25,7:00p,@,Boston Celtics,W,,106,104,30,27,W 1
2004,MIL,2004-02-27,8:30p,,Memphis Grizzlies,W,,106,104,31,27,W 2
2004,MIL,2004-02-29,3:00p,,Miami Heat,W,,108,104,32,27,W 3
2004,MIL,2004-03-03,7:00p,@,Orlando Magic,W,,105,97,33,27,W 4
2004,MIL,2004-03-04,7:30p,@,Miami Heat,L,,98,104,33,28,L 1
2004,MIL,2004-03-06,7:30p,@,Cleveland Cavaliers,L,,97,106,33,29,L 2
2004,MIL,2004-03-08,7:00p,@,Philadelphia 76ers,L,,92,97,33,30,L 3
2004,MIL,2004-03-10,8:00p,,Atlanta Hawks,W,,94,80,34,30,W 1
2004,MIL,2004-03-12,8:30p,,Denver Nuggets,L,,111,117,34,31,L 1
2004,MIL,2004-03-14,3:30p,,New York Knicks,L,,100,103,34,32,L 2
2004,MIL,2004-03-16,8:00p,,Portland Trail Blazers,L,,99,100,34,33,L 3
2004,MIL,2004-03-20,9:00p,@,Phoenix Suns,L,,111,123,34,34,L 4
2004,MIL,2004-03-21,9:30p,@,Los Angeles Lakers,L,OT,103,104,34,35,L 5
2004,MIL,2004-03-23,10:00p,@,Sacramento Kings,W,,112,101,35,35,W 1
2004,MIL,2004-03-24,10:30p,@,Golden State Warriors,L,,89,98,35,36,L 1
2004,MIL,2004-03-26,8:30p,@,Chicago Bulls,W,,115,105,36,36,W 1
2004,MIL,2004-03-28,4:00p,,Houston Rockets,L,OT,107,111,36,37,L 1
2004,MIL,2004-03-30,8:00p,,Indiana Pacers,W,,95,86,37,37,W 1
2004,MIL,2004-03-31,7:00p,@,Indiana Pacers,L,,78,111,37,38,L 1
2004,MIL,2004-04-02,8:30p,,Cleveland Cavaliers,W,,107,89,38,38,W 1
2004,MIL,2004-04-04,1:00p,@,Toronto Raptors,W,,90,83,39,38,W 2
2004,MIL,2004-04-06,7:30p,@,New Jersey Nets,W,,103,98,40,38,W 3
2004,MIL,2004-04-07,8:00p,,Washington Wizards,W,,116,107,41,38,W 4
2004,MIL,2004-04-10,8:30p,,New Orleans Hornets,L,,87,92,41,39,L 1
2004,MIL,2004-04-12,7:00p,@,Cleveland Cavaliers,L,,89,93,41,40,L 2
2004,MIL,2004-04-14,8:00p,,Toronto Raptors,L,,87,89,41,41,L 3
2004,MIL,2004-04-18,1:00p,@,Detroit Pistons,L,,82,108,0,1,L 1
2004,MIL,2004-04-21,7:00p,@,Detroit Pistons,W,,92,88,1,1,W 1
2004,MIL,2004-04-24,3:30p,,Detroit Pistons,L,,85,95,1,2,L 1
2004,MIL,2004-04-26,7:00p,,Detroit Pistons,L,,92,109,1,3,L 2
2004,MIL,2004-04-29,8:00p,@,Detroit Pistons,L,,77,91,1,4,L 3
2004,MIN,2003-10-29,8:00p,,Milwaukee Bucks,W,,95,89,1,0,W 1
2004,MIN,2003-10-31,8:00p,@,New Jersey Nets,L,,61,84,1,1,L 1
2004,MIN,2003-11-01,8:00p,,Toronto Raptors,W,,73,56,2,1,W 1
2004,MIN,2003-11-03,9:00p,@,Utah Jazz,L,,88,93,2,2,L 1
2004,MIN,2003-11-05,8:00p,,Sacramento Kings,L,OT,121,125,2,3,L 2
2004,MIN,2003-11-07,8:00p,@,Orlando Magic,W,,100,71,3,3,W 1
2004,MIN,2003-11-08,7:30p,@,Miami Heat,W,,88,79,4,3,W 2
2004,MIN,2003-11-11,8:00p,,Seattle SuperSonics,L,,87,89,4,4,L 1
2004,MIN,2003-11-13,8:30p,@,Chicago Bulls,W,OT,92,89,5,4,W 1
2004,MIN,2003-11-14,8:00p,,Utah Jazz,L,,77,85,5,5,L 1
2004,MIN,2003-11-18,8:00p,,Denver Nuggets,W,,89,76,6,5,W 1
2004,MIN,2003-11-21,8:00p,@,Cleveland Cavaliers,W,,97,83,7,5,W 2
2004,MIN,2003-11-22,8:00p,,Los Angeles Clippers,W,,103,91,8,5,W 3
2004,MIN,2003-11-25,7:00p,@,Indiana Pacers,L,,75,98,8,6,L 1
2004,MIN,2003-11-26,8:00p,,New York Knicks,L,,92,97,8,7,L 2
2004,MIN,2003-11-28,8:00p,@,Memphis Grizzlies,W,,102,98,9,7,W 1
2004,MIN,2003-11-29,8:30p,@,Dallas Mavericks,L,,88,92,9,8,L 1
2004,MIN,2003-12-03,9:00p,@,Phoenix Suns,W,,92,79,10,8,W 1
2004,MIN,2003-12-05,10:30p,@,Sacramento Kings,W,OT,112,109,11,8,W 2
2004,MIN,2003-12-07,3:30p,@,Los Angeles Clippers,W,,96,94,12,8,W 3
2004,MIN,2003-12-09,8:00p,,Golden State Warriors,L,,95,98,12,9,L 1
2004,MIN,2003-12-12,7:00p,@,Washington Wizards,W,,110,91,13,9,W 1
2004,MIN,2003-12-15,7:00p,@,Boston Celtics,W,,116,95,14,9,W 2
2004,MIN,2003-12-16,8:00p,,Houston Rockets,W,,92,75,15,9,W 3
2004,MIN,2003-12-18,7:30p,,Dallas Mavericks,W,,114,109,16,9,W 4
2004,MIN,2003-12-20,8:00p,,Indiana Pacers,W,,102,80,17,9,W 5
2004,MIN,2003-12-23,7:30p,@,New York Knicks,W,,98,92,18,9,W 6
2004,MIN,2003-12-26,10:30p,@,Portland Trail Blazers,L,,92,101,18,10,L 1
2004,MIN,2003-12-27,10:00p,@,Seattle SuperSonics,W,,104,86,19,10,W 1
2004,MIN,2003-12-30,8:00p,,Chicago Bulls,W,,98,93,20,10,W 2
2004,MIN,2004-01-02,8:00p,,Atlanta Hawks,W,,93,75,21,10,W 3
2004,MIN,2004-01-03,8:30p,@,Dallas Mavericks,L,,112,119,21,11,L 1
2004,MIN,2004-01-06,8:00p,,Los Angeles Lakers,W,,106,90,22,11,W 1
2004,MIN,2004-01-08,9:30p,,Portland Trail Blazers,W,,96,75,23,11,W 2
2004,MIN,2004-01-10,8:00p,,Miami Heat,W,,83,77,24,11,W 3
2004,MIN,2004-01-13,8:00p,@,New Orleans Hornets,W,,94,89,25,11,W 4
2004,MIN,2004-01-14,8:30p,@,San Antonio Spurs,W,,100,93,26,11,W 5
2004,MIN,2004-01-17,3:30p,@,Houston Rockets,L,,76,95,26,12,L 1
2004,MIN,2004-01-19,6:00p,,New Orleans Hornets,W,,97,90,27,12,W 1
2004,MIN,2004-01-21,7:00p,@,Toronto Raptors,W,,108,97,28,12,W 2
2004,MIN,2004-01-23,8:00p,,Detroit Pistons,W,,80,79,29,12,W 3
2004,MIN,2004-01-25,3:30p,,Phoenix Suns,W,,99,95,30,12,W 4
2004,MIN,2004-01-26,9:00p,@,Denver Nuggets,W,,97,95,31,12,W 5
2004,MIN,2004-01-28,10:30p,@,Golden State Warriors,L,,90,97,31,13,L 1
2004,MIN,2004-01-30,10:30p,@,Los Angeles Lakers,W,,97,84,32,13,W 1
2004,MIN,2004-02-01,2:00p,,Philadelphia 76ers,W,,106,101,33,13,W 2
2004,MIN,2004-02-03,8:00p,,Orlando Magic,W,,113,100,34,13,W 3
2004,MIN,2004-02-04,7:30p,@,Atlanta Hawks,L,,89,97,34,14,L 1
2004,MIN,2004-02-06,8:00p,,Cleveland Cavaliers,W,,103,92,35,14,W 1
2004,MIN,2004-02-08,3:30p,,Memphis Grizzlies,L,,98,99,35,15,L 1
2004,MIN,2004-02-10,8:00p,,Los Angeles Clippers,W,,96,84,36,15,W 1
2004,MIN,2004-02-11,9:00p,@,Utah Jazz,W,,77,66,37,15,W 2
2004,MIN,2004-02-17,8:00p,,Phoenix Suns,W,,110,95,38,15,W 3
2004,MIN,2004-02-19,7:30p,,Sacramento Kings,W,,92,75,39,15,W 4
2004,MIN,2004-02-20,8:00p,@,Detroit Pistons,W,,88,87,40,15,W 5
2004,MIN,2004-02-22,3:30p,,San Antonio Spurs,L,,92,94,40,16,L 1
2004,MIN,2004-02-24,8:00p,@,Milwaukee Bucks,W,,108,102,41,16,W 1
2004,MIN,2004-02-25,8:00p,,New Jersey Nets,W,,81,68,42,16,W 2
2004,MIN,2004-02-27,8:00p,,Golden State Warriors,W,,91,81,43,16,W 3
2004,MIN,2004-02-29,7:30p,@,Philadelphia 76ers,L,,74,81,43,17,L 1
2004,MIN,2004-03-03,8:00p,,Dallas Mavericks,W,,121,97,44,17,W 1
2004,MIN,2004-03-05,8:00p,,Houston Rockets,L,,109,112,44,18,L 1
2004,MIN,2004-03-07,7:30p,,Boston Celtics,L,,77,80,44,19,L 2
2004,MIN,2004-03-09,10:00p,@,Seattle SuperSonics,W,,105,92,45,19,W 1
2004,MIN,2004-03-10,10:00p,@,Portland Trail Blazers,L,,79,92,45,20,L 1
2004,MIN,2004-03-12,8:00p,,Los Angeles Lakers,W,,96,86,46,20,W 1
2004,MIN,2004-03-14,3:30p,,Portland Trail Blazers,L,,83,92,46,21,L 1
2004,MIN,2004-03-18,9:30p,@,San Antonio Spurs,L,,86,106,46,22,L 2
2004,MIN,2004-03-19,9:00p,@,Phoenix Suns,W,,93,80,47,22,W 1
2004,MIN,2004-03-21,4:00p,,Denver Nuggets,W,,98,77,48,22,W 2
2004,MIN,2004-03-23,8:00p,,San Antonio Spurs,W,,86,81,49,22,W 3
2004,MIN,2004-03-24,9:00p,@,Denver Nuggets,L,,92,101,49,23,L 1
2004,MIN,2004-03-26,10:30p,@,Los Angeles Lakers,L,,73,90,49,24,L 2
2004,MIN,2004-03-27,10:30p,@,Los Angeles Clippers,W,,98,82,50,24,W 1
2004,MIN,2004-03-29,8:30p,@,Houston Rockets,W,,94,88,51,24,W 2
2004,MIN,2004-03-31,8:00p,,Seattle SuperSonics,W,,90,83,52,24,W 3
2004,MIN,2004-04-02,8:00p,,Washington Wizards,W,,91,73,53,24,W 4
2004,MIN,2004-04-04,3:30p,,Memphis Grizzlies,W,,90,82,54,24,W 5
2004,MIN,2004-04-08,10:00p,@,Sacramento Kings,W,,94,86,55,24,W 6
2004,MIN,2004-04-09,10:30p,@,Golden State Warriors,W,,92,74,56,24,W 7
2004,MIN,2004-04-12,8:00p,,Utah Jazz,W,,104,90,57,24,W 8
2004,MIN,2004-04-14,8:00p,@,Memphis Grizzlies,W,,107,90,58,24,W 9
2004,MIN,2004-04-18,9:30p,,Denver Nuggets,W,,106,92,1,0,W 1
2004,MIN,2004-04-21,9:30p,,Denver Nuggets,W,,95,81,2,0,W 2
2004,MIN,2004-04-24,9:30p,@,Denver Nuggets,L,,86,107,2,1,L 1
2004,MIN,2004-04-27,10:30p,@,Denver Nuggets,W,,84,82,3,1,W 1
2004,MIN,2004-04-30,9:30p,,Denver Nuggets,W,,102,91,4,1,W 2
2004,MIN,2004-05-04,9:30p,,Sacramento Kings,L,,98,104,4,2,L 1
2004,MIN,2004-05-08,9:30p,,Sacramento Kings,W,,94,89,5,2,W 1
2004,MIN,2004-05-10,10:30p,@,Sacramento Kings,W,OT,114,113,6,2,W 2
2004,MIN,2004-05-12,10:30p,@,Sacramento Kings,L,,81,87,6,3,L 1
2004,MIN,2004-05-14,9:30p,,Sacramento Kings,W,,86,74,7,3,W 1
2004,MIN,2004-05-16,3:30p,@,Sacramento Kings,L,,87,104,7,4,L 1
2004,MIN,2004-05-19,8:30p,,Sacramento Kings,W,,83,80,8,4,W 1
2004,MIN,2004-05-21,9:00p,,Los Angeles Lakers,L,,88,97,8,5,L 1
2004,MIN,2004-05-23,8:30p,,Los Angeles Lakers,W,,89,71,9,5,W 1
2004,MIN,2004-05-25,9:00p,@,Los Angeles Lakers,L,,89,100,9,6,L 1
2004,MIN,2004-05-27,9:00p,@,Los Angeles Lakers,L,,85,92,9,7,L 2
2004,MIN,2004-05-29,8:30p,,Los Angeles Lakers,W,,98,96,10,7,W 1
2004,MIN,2004-05-31,9:00p,@,Los Angeles Lakers,L,,90,96,10,8,L 1
2004,NJN,2003-10-29,8:00p,@,Toronto Raptors,L,,87,90,0,1,L 1
2004,NJN,2003-10-31,8:00p,,Minnesota Timberwolves,W,,84,61,1,1,W 1
2004,NJN,2003-11-01,7:00p,@,Washington Wizards,W,,98,85,2,1,W 2
2004,NJN,2003-11-04,7:30p,,Houston Rockets,L,,75,86,2,2,L 1
2004,NJN,2003-11-06,7:00p,,Indiana Pacers,L,,81,87,2,3,L 2
2004,NJN,2003-11-07,7:30p,@,Boston Celtics,W,,94,87,3,3,W 1
2004,NJN,2003-11-09,6:00p,@,Detroit Pistons,L,,84,98,3,4,L 1
2004,NJN,2003-11-12,7:00p,,San Antonio Spurs,L,,71,85,3,5,L 2
2004,NJN,2003-11-14,7:30p,,New York Knicks,W,,85,80,4,5,W 1
2004,NJN,2003-11-15,7:00p,@,Atlanta Hawks,W,,100,85,5,5,W 2
2004,NJN,2003-11-18,7:30p,,New Orleans Hornets,L,,85,88,5,6,L 1
2004,NJN,2003-11-22,1:00p,,Toronto Raptors,L,,80,81,5,7,L 2
2004,NJN,2003-11-25,10:00p,@,Seattle SuperSonics,W,,93,70,6,7,W 1
2004,NJN,2003-11-27,10:00p,@,Los Angeles Clippers,W,,102,96,7,7,W 2
2004,NJN,2003-11-28,10:00p,@,Portland Trail Blazers,L,,93,97,7,8,L 1
2004,NJN,2003-11-30,9:00p,@,Sacramento Kings,L,,92,105,7,9,L 2
2004,NJN,2003-12-01,9:00p,@,Utah Jazz,L,,84,91,7,10,L 3
2004,NJN,2003-12-03,7:30p,,Memphis Grizzlies,L,,93,96,7,11,L 4
2004,NJN,2003-12-05,7:30p,,Milwaukee Bucks,W,,93,86,8,11,W 1
2004,NJN,2003-12-06,7:30p,,Phoenix Suns,W,,99,88,9,11,W 2
2004,NJN,2003-12-09,7:30p,,Seattle SuperSonics,W,,101,88,10,11,W 3
2004,NJN,2003-12-12,8:00p,@,Orlando Magic,W,,99,95,11,11,W 4
2004,NJN,2003-12-13,8:00p,@,Memphis Grizzlies,L,,63,110,11,12,L 1
2004,NJN,2003-12-17,7:30p,,Utah Jazz,W,,87,74,12,12,W 1
2004,NJN,2003-12-19,7:30p,,Washington Wizards,W,,97,87,13,12,W 2
2004,NJN,2003-12-20,8:30p,@,Milwaukee Bucks,L,,87,92,13,13,L 1
2004,NJN,2003-12-23,7:30p,,Chicago Bulls,W,,95,78,14,13,W 1
2004,NJN,2003-12-26,8:00p,@,Detroit Pistons,W,,82,79,15,13,W 2
2004,NJN,2003-12-27,8:00p,@,Indiana Pacers,W,,82,75,16,13,W 3
2004,NJN,2003-12-29,7:30p,,Portland Trail Blazers,L,,87,91,16,14,L 1
2004,NJN,2003-12-31,7:00p,,Golden State Warriors,W,,88,70,17,14,W 1
2004,NJN,2004-01-02,7:30p,,Cleveland Cavaliers,W,,97,82,18,14,W 2
2004,NJN,2004-01-04,7:00p,@,New York Knicks,W,,95,85,19,14,W 3
2004,NJN,2004-01-06,7:30p,,Los Angeles Clippers,W,,92,75,20,14,W 4
2004,NJN,2004-01-09,7:00p,@,Philadelphia 76ers,L,,81,97,20,15,L 1
2004,NJN,2004-01-14,7:30p,,Washington Wizards,W,,115,103,21,15,W 1
2004,NJN,2004-01-15,8:00p,@,Milwaukee Bucks,L,,83,86,21,16,L 1
2004,NJN,2004-01-17,8:00p,,Indiana Pacers,L,,84,90,21,17,L 2
2004,NJN,2004-01-20,8:30p,@,Dallas Mavericks,L,,93,106,21,18,L 3
2004,NJN,2004-01-21,8:30p,@,San Antonio Spurs,L,,76,99,21,19,L 4
2004,NJN,2004-01-23,7:30p,@,Miami Heat,L,,64,85,21,20,L 5
2004,NJN,2004-01-25,1:00p,,Boston Celtics,W,,110,91,22,20,W 1
2004,NJN,2004-01-27,7:00p,@,Philadelphia 76ers,W,,94,76,23,20,W 2
2004,NJN,2004-01-29,7:00p,@,Orlando Magic,W,,89,79,24,20,W 3
2004,NJN,2004-01-31,3:30p,@,Houston Rockets,W,,88,77,25,20,W 4
2004,NJN,2004-02-02,8:00p,@,New Orleans Hornets,W,,91,70,26,20,W 5
2004,NJN,2004-02-04,7:30p,,Miami Heat,W,,99,88,27,20,W 6
2004,NJN,2004-02-06,8:00p,,Orlando Magic,W,,120,99,28,20,W 7
2004,NJN,2004-02-08,7:30p,,Philadelphia 76ers,W,,99,87,29,20,W 8
2004,NJN,2004-02-10,7:30p,,Detroit Pistons,W,,89,78,30,20,W 9
2004,NJN,2004-02-11,7:00p,@,Cleveland Cavaliers,W,,105,85,31,20,W 10
2004,NJN,2004-02-18,7:30p,,Atlanta Hawks,W,,98,92,32,20,W 11
2004,NJN,2004-02-20,7:30p,@,Toronto Raptors,W,,91,72,33,20,W 12
2004,NJN,2004-02-21,7:30p,,New Orleans Hornets,W,,97,84,34,20,W 13
2004,NJN,2004-02-24,7:30p,,Toronto Raptors,W,,86,74,35,20,W 14
2004,NJN,2004-02-25,8:00p,@,Minnesota Timberwolves,L,,68,81,35,21,L 1
2004,NJN,2004-02-28,1:00p,,Miami Heat,W,,92,86,36,21,W 1
2004,NJN,2004-02-29,6:00p,,Los Angeles Lakers,L,,83,100,36,22,L 1
2004,NJN,2004-03-02,9:00p,@,Denver Nuggets,W,,95,91,37,22,W 1
2004,NJN,2004-03-03,9:00p,@,Phoenix Suns,L,,74,87,37,23,L 1
2004,NJN,2004-03-05,10:30p,@,Golden State Warriors,W,,78,74,38,23,W 1
2004,NJN,2004-03-07,3:30p,@,Los Angeles Lakers,L,,88,94,38,24,L 1
2004,NJN,2004-03-10,7:30p,,Denver Nuggets,W,,98,97,39,24,W 1
2004,NJN,2004-03-12,7:30p,,Chicago Bulls,W,,88,76,40,24,W 2
2004,NJN,2004-03-14,6:00p,@,Miami Heat,L,,95,104,40,25,L 1
2004,NJN,2004-03-16,7:30p,,Sacramento Kings,W,,94,77,41,25,W 1
2004,NJN,2004-03-18,7:00p,,Detroit Pistons,L,,71,89,41,26,L 1
2004,NJN,2004-03-19,7:30p,@,New York Knicks,L,,65,79,41,27,L 2
2004,NJN,2004-03-21,1:30p,,Dallas Mavericks,L,,98,101,41,28,L 3
2004,NJN,2004-03-23,8:30p,@,Chicago Bulls,W,,84,81,42,28,W 1
2004,NJN,2004-03-26,8:00p,@,Boston Celtics,L,,93,102,42,29,L 1
2004,NJN,2004-03-27,7:30p,@,Cleveland Cavaliers,L,,104,107,42,30,L 2
2004,NJN,2004-03-29,7:30p,,Boston Celtics,L,,80,84,42,31,L 3
2004,NJN,2004-03-31,7:00p,@,Washington Wizards,W,OT,103,99,43,31,W 1
2004,NJN,2004-04-02,8:00p,,New York Knicks,W,,108,83,44,31,W 2
2004,NJN,2004-04-04,8:00p,,Atlanta Hawks,W,,106,89,45,31,W 3
2004,NJN,2004-04-06,7:30p,,Milwaukee Bucks,L,,98,103,45,32,L 1
2004,NJN,2004-04-08,7:30p,,Orlando Magic,W,,101,81,46,32,W 1
2004,NJN,2004-04-09,8:00p,@,Indiana Pacers,L,,80,90,46,33,L 1
2004,NJN,2004-04-11,1:00p,,Philadelphia 76ers,W,,89,75,47,33,W 1
2004,NJN,2004-04-12,7:30p,@,Atlanta Hawks,L,,107,129,47,34,L 1
2004,NJN,2004-04-14,7:30p,@,Miami Heat,L,,84,96,47,35,L 2
2004,NJN,2004-04-17,4:30p,,New York Knicks,W,,107,83,1,0,W 1
2004,NJN,2004-04-20,8:00p,,New York Knicks,W,,99,81,2,0,W 2
2004,NJN,2004-04-22,7:00p,@,New York Knicks,W,,81,78,3,0,W 3
2004,NJN,2004-04-25,7:00p,@,New York Knicks,W,,100,94,4,0,W 4
2004,NJN,2004-05-03,8:00p,@,Detroit Pistons,L,,56,78,4,1,L 1
2004,NJN,2004-05-07,8:00p,@,Detroit Pistons,L,,80,95,4,2,L 2
2004,NJN,2004-05-09,8:00p,,Detroit Pistons,W,,82,64,5,2,W 1
2004,NJN,2004-05-11,8:00p,,Detroit Pistons,W,,94,79,6,2,W 2
2004,NJN,2004-05-14,7:00p,@,Detroit Pistons,W,3OT,127,120,7,2,W 3
2004,NJN,2004-05-16,8:00p,,Detroit Pistons,L,,75,81,7,3,L 1
2004,NJN,2004-05-20,8:00p,@,Detroit Pistons,L,,69,90,7,4,L 2
2004,NOH,2003-10-29,8:00p,,Atlanta Hawks,W,OT,88,83,1,0,W 1
2004,NOH,2003-10-30,7:00p,@,Orlando Magic,W,,100,98,2,0,W 2
2004,NOH,2003-11-01,8:00p,,Boston Celtics,W,,97,90,3,0,W 3
2004,NOH,2003-11-03,7:30p,@,Atlanta Hawks,L,,80,90,3,1,L 1
2004,NOH,2003-11-05,7:00p,@,Philadelphia 76ers,W,OT,106,99,4,1,W 1
2004,NOH,2003-11-07,8:00p,,Los Angeles Lakers,W,,114,95,5,1,W 2
2004,NOH,2003-11-08,8:00p,,Chicago Bulls,L,,106,109,5,2,L 1
2004,NOH,2003-11-11,8:30p,@,Dallas Mavericks,L,,97,125,5,3,L 2
2004,NOH,2003-11-12,8:00p,,Utah Jazz,W,,96,89,6,3,W 1
2004,NOH,2003-11-15,8:00p,,Portland Trail Blazers,W,,101,79,7,3,W 2
2004,NOH,2003-11-18,7:30p,@,New Jersey Nets,W,,88,85,8,3,W 3
2004,NOH,2003-11-19,7:00p,@,Boston Celtics,W,,81,73,9,3,W 4
2004,NOH,2003-11-21,8:00p,,Indiana Pacers,L,,75,76,9,4,L 1
2004,NOH,2003-11-23,6:00p,@,Detroit Pistons,W,,81,80,10,4,W 1
2004,NOH,2003-11-25,7:30p,@,Miami Heat,L,,87,91,10,5,L 1
2004,NOH,2003-11-26,8:00p,,Cleveland Cavaliers,W,,82,72,11,5,W 1
2004,NOH,2003-11-29,1:00p,@,New York Knicks,L,,74,79,11,6,L 1
2004,NOH,2003-12-02,7:00p,@,Orlando Magic,W,,100,91,12,6,W 1
2004,NOH,2003-12-03,8:00p,,Orlando Magic,W,,106,91,13,6,W 2
2004,NOH,2003-12-05,8:00p,,Houston Rockets,L,,74,83,13,7,L 1
2004,NOH,2003-12-06,8:30p,@,Chicago Bulls,W,,97,91,14,7,W 1
2004,NOH,2003-12-08,8:00p,,Milwaukee Bucks,W,,91,85,15,7,W 2
2004,NOH,2003-12-11,10:00p,@,Phoenix Suns,W,,111,101,16,7,W 3
2004,NOH,2003-12-12,10:30p,@,Golden State Warriors,W,,96,85,17,7,W 4
2004,NOH,2003-12-15,10:30p,@,Los Angeles Clippers,L,,80,109,17,8,L 1
2004,NOH,2003-12-16,9:00p,@,Denver Nuggets,L,,94,116,17,9,L 2
2004,NOH,2003-12-18,8:00p,,Sacramento Kings,L,,90,101,17,10,L 3
2004,NOH,2003-12-20,8:00p,,Memphis Grizzlies,W,,94,89,18,10,W 1
2004,NOH,2003-12-23,7:00p,@,Cleveland Cavaliers,L,,86,97,18,11,L 1
2004,NOH,2003-12-26,8:00p,,Atlanta Hawks,W,,109,79,19,11,W 1
2004,NOH,2003-12-29,7:30p,@,Detroit Pistons,L,,99,108,19,12,L 1
2004,NOH,2003-12-31,2:00p,@,Boston Celtics,W,,96,94,20,12,W 1
2004,NOH,2004-01-02,7:00p,@,Toronto Raptors,W,,86,74,21,12,W 2
2004,NOH,2004-01-03,8:00p,@,Indiana Pacers,L,,84,91,21,13,L 1
2004,NOH,2004-01-07,8:00p,,Washington Wizards,W,,97,87,22,13,W 1
2004,NOH,2004-01-09,8:00p,,San Antonio Spurs,L,,84,94,22,14,L 1
2004,NOH,2004-01-10,8:30p,@,Chicago Bulls,L,,84,89,22,15,L 2
2004,NOH,2004-01-13,8:00p,,Minnesota Timberwolves,L,,89,94,22,16,L 3
2004,NOH,2004-01-15,8:00p,,Toronto Raptors,L,OT,74,78,22,17,L 4
2004,NOH,2004-01-17,8:00p,,Orlando Magic,W,,91,90,23,17,W 1
2004,NOH,2004-01-19,6:00p,@,Minnesota Timberwolves,L,,90,97,23,18,L 1
2004,NOH,2004-01-21,8:00p,,Philadelphia 76ers,L,,86,92,23,19,L 2
2004,NOH,2004-01-23,8:00p,,Denver Nuggets,W,,97,91,24,19,W 1
2004,NOH,2004-01-24,8:30p,@,San Antonio Spurs,W,,98,96,25,19,W 2
2004,NOH,2004-01-28,8:00p,,Milwaukee Bucks,W,,101,100,26,19,W 3
2004,NOH,2004-01-30,7:00p,@,Philadelphia 76ers,L,,82,85,26,20,L 1
2004,NOH,2004-01-31,8:00p,,Miami Heat,L,,70,94,26,21,L 2
2004,NOH,2004-02-02,8:00p,,New Jersey Nets,L,,70,91,26,22,L 3
2004,NOH,2004-02-04,8:00p,,Dallas Mavericks,L,,104,113,26,23,L 4
2004,NOH,2004-02-06,8:00p,,Detroit Pistons,W,,92,81,27,23,W 1
2004,NOH,2004-02-07,8:30p,@,Milwaukee Bucks,L,,97,107,27,24,L 1
2004,NOH,2004-02-11,8:00p,,New York Knicks,W,,106,98,28,24,W 1
2004,NOH,2004-02-17,7:00p,@,Indiana Pacers,W,,89,75,29,24,W 2
2004,NOH,2004-02-18,8:00p,,Washington Wizards,W,,120,98,30,24,W 3
2004,NOH,2004-02-21,7:30p,@,New Jersey Nets,L,,84,97,30,25,L 1
2004,NOH,2004-02-23,7:00p,@,Cleveland Cavaliers,L,,100,104,30,26,L 2
2004,NOH,2004-02-25,8:00p,,Los Angeles Clippers,W,,99,93,31,26,W 1
2004,NOH,2004-02-27,8:00p,,Indiana Pacers,W,,89,77,32,26,W 2
2004,NOH,2004-02-28,8:00p,@,Memphis Grizzlies,L,,92,97,32,27,L 1
2004,NOH,2004-03-01,7:00p,@,Washington Wizards,L,OT,106,111,32,28,L 2
2004,NOH,2004-03-03,8:00p,,Chicago Bulls,W,OT,100,97,33,28,W 1
2004,NOH,2004-03-05,8:00p,,Cleveland Cavaliers,L,,85,88,33,29,L 1
2004,NOH,2004-03-07,1:00p,@,Toronto Raptors,L,,76,84,33,30,L 2
2004,NOH,2004-03-10,8:00p,,Miami Heat,W,,95,84,34,30,W 1
2004,NOH,2004-03-11,7:30p,@,Houston Rockets,L,,86,97,34,31,L 1
2004,NOH,2004-03-13,8:00p,,Golden State Warriors,W,,102,84,35,31,W 1
2004,NOH,2004-03-16,7:30p,@,Miami Heat,L,,83,96,35,32,L 1
2004,NOH,2004-03-17,8:00p,,Philadelphia 76ers,W,,104,80,36,32,W 1
2004,NOH,2004-03-19,8:00p,,Seattle SuperSonics,L,,80,91,36,33,L 1
2004,NOH,2004-03-21,7:00p,,Toronto Raptors,L,OT,120,121,36,34,L 2
2004,NOH,2004-03-23,8:00p,,Detroit Pistons,W,,82,81,37,34,W 1
2004,NOH,2004-03-25,7:30p,@,Atlanta Hawks,L,,76,84,37,35,L 1
2004,NOH,2004-03-26,8:00p,,Phoenix Suns,L,,94,99,37,36,L 2
2004,NOH,2004-03-30,10:30p,@,Los Angeles Lakers,L,,88,107,37,37,L 3
2004,NOH,2004-03-31,9:00p,@,Utah Jazz,L,,76,89,37,38,L 4
2004,NOH,2004-04-03,10:00p,@,Portland Trail Blazers,W,,94,81,38,38,W 1
2004,NOH,2004-04-04,9:00p,@,Seattle SuperSonics,L,,88,96,38,39,L 1
2004,NOH,2004-04-06,10:00p,@,Sacramento Kings,L,,91,105,38,40,L 2
2004,NOH,2004-04-09,8:00p,,Boston Celtics,W,,89,80,39,40,W 1
2004,NOH,2004-04-10,8:30p,@,Milwaukee Bucks,W,,92,87,40,40,W 2
2004,NOH,2004-04-12,8:00p,,New York Knicks,L,,97,101,40,41,L 1
2004,NOH,2004-04-14,7:00p,@,Washington Wizards,W,,94,78,41,41,W 1
2004,NOH,2004-04-18,7:00p,@,Miami Heat,L,,79,81,0,1,L 1
2004,NOH,2004-04-21,8:00p,@,Miami Heat,L,,63,93,0,2,L 2
2004,NOH,2004-04-24,1:00p,,Miami Heat,W,,77,71,1,2,W 1
2004,NOH,2004-04-27,8:00p,,Miami Heat,W,,96,85,2,2,W 2
2004,NOH,2004-04-30,7:00p,@,Miami Heat,L,,83,87,2,3,L 1
2004,NOH,2004-05-02,1:00p,,Miami Heat,W,,89,83,3,3,W 1
2004,NOH,2004-05-04,7:00p,@,Miami Heat,L,,77,85,3,4,L 1
2004,NYK,2003-10-29,8:00p,,Orlando Magic,L,OT,83,85,0,1,L 1
2004,NYK,2003-11-01,8:30p,@,San Antonio Spurs,L,,74,86,0,2,L 2
2004,NYK,2003-11-03,7:00p,@,Orlando Magic,W,,75,68,1,2,W 1
2004,NYK,2003-11-05,7:30p,,Milwaukee Bucks,L,,90,106,1,3,L 1
2004,NYK,2003-11-07,7:30p,,Sacramento Kings,W,,114,111,2,3,W 1
2004,NYK,2003-11-08,8:30p,@,Milwaukee Bucks,L,,87,90,2,4,L 1
2004,NYK,2003-11-10,7:00p,@,Cleveland Cavaliers,L,,80,94,2,5,L 2
2004,NYK,2003-11-14,7:30p,@,New Jersey Nets,L,,80,85,2,6,L 3
2004,NYK,2003-11-15,7:30p,,Indiana Pacers,L,,94,95,2,7,L 4
2004,NYK,2003-11-17,7:30p,,Boston Celtics,W,,89,86,3,7,W 1
2004,NYK,2003-11-19,7:30p,,Los Angeles Lakers,L,,83,104,3,8,L 1
2004,NYK,2003-11-21,8:00p,@,Detroit Pistons,L,,85,94,3,9,L 2
2004,NYK,2003-11-22,7:30p,,Philadelphia 76ers,W,,99,88,4,9,W 1
2004,NYK,2003-11-24,7:00p,@,Boston Celtics,W,,94,88,5,9,W 2
2004,NYK,2003-11-26,8:00p,@,Minnesota Timberwolves,W,,97,92,6,9,W 3
2004,NYK,2003-11-27,7:30p,@,Indiana Pacers,L,,70,93,6,10,L 1
2004,NYK,2003-11-29,1:00p,,New Orleans Hornets,W,,79,74,7,10,W 1
2004,NYK,2003-12-01,7:30p,,Detroit Pistons,L,OT,78,79,7,11,L 1
2004,NYK,2003-12-03,10:00p,@,Seattle SuperSonics,L,,87,95,7,12,L 2
2004,NYK,2003-12-05,10:00p,@,Portland Trail Blazers,L,,81,88,7,13,L 3
2004,NYK,2003-12-06,10:30p,@,Golden State Warriors,L,,92,104,7,14,L 4
2004,NYK,2003-12-09,10:30p,@,Los Angeles Lakers,L,,90,98,7,15,L 5
2004,NYK,2003-12-10,9:00p,@,Utah Jazz,L,,73,95,7,16,L 6
2004,NYK,2003-12-13,7:30p,,Denver Nuggets,W,,95,88,8,16,W 1
2004,NYK,2003-12-14,7:00p,,Washington Wizards,W,,89,87,9,16,W 2
2004,NYK,2003-12-16,7:30p,,Golden State Warriors,L,,86,104,9,17,L 1
2004,NYK,2003-12-19,7:00p,@,Toronto Raptors,L,OT,99,105,9,18,L 2
2004,NYK,2003-12-20,7:30p,,Atlanta Hawks,W,,103,92,10,18,W 1
2004,NYK,2003-12-23,7:30p,,Minnesota Timberwolves,L,,92,98,10,19,L 1
2004,NYK,2003-12-26,8:00p,@,Memphis Grizzlies,W,,98,94,11,19,W 1
2004,NYK,2003-12-27,7:30p,@,Miami Heat,W,,100,80,12,19,W 2
2004,NYK,2003-12-29,7:00p,@,Orlando Magic,W,,114,86,13,19,W 3
2004,NYK,2003-12-30,7:30p,,Miami Heat,W,,102,73,14,19,W 4
2004,NYK,2004-01-02,7:30p,,Chicago Bulls,L,,99,104,14,20,L 1
2004,NYK,2004-01-04,7:00p,,New Jersey Nets,L,,85,95,14,21,L 2
2004,NYK,2004-01-06,7:00p,@,Cleveland Cavaliers,L,,96,107,14,22,L 3
2004,NYK,2004-01-08,7:00p,,Houston Rockets,L,,79,111,14,23,L 4
2004,NYK,2004-01-10,7:30p,,Milwaukee Bucks,W,,94,88,15,23,W 1
2004,NYK,2004-01-12,7:30p,,Dallas Mavericks,L,OT,121,127,15,24,L 1
2004,NYK,2004-01-14,7:30p,,Orlando Magic,W,,120,110,16,24,W 1
2004,NYK,2004-01-16,7:30p,,Seattle SuperSonics,W,,108,88,17,24,W 2
2004,NYK,2004-01-17,8:30p,@,Chicago Bulls,W,,101,96,18,24,W 3
2004,NYK,2004-01-19,1:00p,,Toronto Raptors,W,,90,79,19,24,W 4
2004,NYK,2004-01-21,9:00p,@,Houston Rockets,L,,71,86,19,25,L 1
2004,NYK,2004-01-23,7:30p,@,Atlanta Hawks,W,,96,94,20,25,W 1
2004,NYK,2004-01-24,7:30p,,Miami Heat,L,,77,85,20,26,L 1
2004,NYK,2004-01-27,7:30p,,San Antonio Spurs,L,,67,77,20,27,L 2
2004,NYK,2004-01-30,7:30p,@,Boston Celtics,W,,92,74,21,27,W 1
2004,NYK,2004-01-31,7:30p,,Phoenix Suns,W,,110,105,22,27,W 2
2004,NYK,2004-02-03,7:30p,,Indiana Pacers,W,,97,90,23,27,W 3
2004,NYK,2004-02-07,1:00p,@,Miami Heat,W,,76,64,24,27,W 4
2004,NYK,2004-02-08,7:00p,,Los Angeles Clippers,W,,110,104,25,27,W 5
2004,NYK,2004-02-10,8:30p,@,Dallas Mavericks,L,,90,105,25,28,L 1
2004,NYK,2004-02-11,8:00p,@,New Orleans Hornets,L,,98,106,25,29,L 2
2004,NYK,2004-02-17,7:30p,,Detroit Pistons,W,,92,88,26,29,W 1
2004,NYK,2004-02-20,7:30p,,Utah Jazz,L,,78,92,26,30,L 1
2004,NYK,2004-02-22,1:00p,,Cleveland Cavaliers,L,,86,92,26,31,L 2
2004,NYK,2004-02-24,10:00p,@,Sacramento Kings,L,,99,107,26,32,L 3
2004,NYK,2004-02-25,9:00p,@,Phoenix Suns,L,,95,113,26,33,L 4
2004,NYK,2004-02-27,10:30p,@,Los Angeles Clippers,L,,94,96,26,34,L 5
2004,NYK,2004-02-29,9:00p,@,Denver Nuggets,L,,96,107,26,35,L 6
2004,NYK,2004-03-03,7:30p,,Philadelphia 76ers,W,,88,77,27,35,W 1
2004,NYK,2004-03-05,7:00p,@,Toronto Raptors,W,,109,103,28,35,W 2
2004,NYK,2004-03-07,2:00p,@,Washington Wizards,W,,99,86,29,35,W 3
2004,NYK,2004-03-09,7:30p,,Boston Celtics,L,,84,87,29,36,L 1
2004,NYK,2004-03-12,7:00p,@,Philadelphia 76ers,L,2OT,94,99,29,37,L 2
2004,NYK,2004-03-14,3:30p,@,Milwaukee Bucks,W,,103,100,30,37,W 1
2004,NYK,2004-03-16,7:30p,,Washington Wizards,W,OT,114,110,31,37,W 2
2004,NYK,2004-03-19,7:30p,,New Jersey Nets,W,,79,65,32,37,W 3
2004,NYK,2004-03-20,8:30p,@,Chicago Bulls,L,,81,87,32,38,L 1
2004,NYK,2004-03-22,7:30p,,Atlanta Hawks,W,,96,84,33,38,W 1
2004,NYK,2004-03-24,7:30p,,Memphis Grizzlies,L,,97,111,33,39,L 1
2004,NYK,2004-03-26,7:30p,,Toronto Raptors,W,,108,101,34,39,W 1
2004,NYK,2004-03-27,7:30p,@,Detroit Pistons,L,,85,100,34,40,L 1
2004,NYK,2004-03-29,7:30p,,Portland Trail Blazers,W,,92,91,35,40,W 1
2004,NYK,2004-04-02,8:00p,@,New Jersey Nets,L,,83,108,35,41,L 1
2004,NYK,2004-04-03,7:00p,@,Philadelphia 76ers,W,,86,75,36,41,W 1
2004,NYK,2004-04-06,8:00p,@,Indiana Pacers,L,,86,107,36,42,L 1
2004,NYK,2004-04-07,7:30p,,Chicago Bulls,W,,96,82,37,42,W 1
2004,NYK,2004-04-10,7:00p,@,Washington Wizards,W,OT,102,98,38,42,W 2
2004,NYK,2004-04-12,8:00p,@,New Orleans Hornets,W,,101,97,39,42,W 3
2004,NYK,2004-04-14,7:30p,,Cleveland Cavaliers,L,,90,100,39,43,L 1
2004,NYK,2004-04-17,4:30p,@,New Jersey Nets,L,,83,107,0,1,L 1
2004,NYK,2004-04-20,8:00p,@,New Jersey Nets,L,,81,99,0,2,L 2
2004,NYK,2004-04-22,7:00p,,New Jersey Nets,L,,78,81,0,3,L 3
2004,NYK,2004-04-25,7:00p,,New Jersey Nets,L,,94,100,0,4,L 4
2004,ORL,2003-10-29,8:00p,@,New York Knicks,W,OT,85,83,1,0,W 1
2004,ORL,2003-10-30,7:00p,,New Orleans Hornets,L,,98,100,1,1,L 1
2004,ORL,2003-11-01,7:00p,,Detroit Pistons,L,,85,96,1,2,L 2
2004,ORL,2003-11-03,7:00p,,New York Knicks,L,,68,75,1,3,L 3
2004,ORL,2003-11-05,7:00p,,Chicago Bulls,L,,100,106,1,4,L 4
2004,ORL,2003-11-07,8:00p,,Minnesota Timberwolves,L,,71,100,1,5,L 5
2004,ORL,2003-11-08,8:30p,@,Houston Rockets,L,,86,96,1,6,L 6
2004,ORL,2003-11-12,7:00p,,Memphis Grizzlies,L,,97,107,1,7,L 7
2004,ORL,2003-11-14,10:30p,@,Denver Nuggets,L,,101,106,1,8,L 8
2004,ORL,2003-11-15,10:30p,@,Los Angeles Clippers,L,,92,95,1,9,L 9
2004,ORL,2003-11-17,9:00p,@,Utah Jazz,L,,88,90,1,10,L 10
2004,ORL,2003-11-20,10:00p,@,Phoenix Suns,L,,89,96,1,11,L 11
2004,ORL,2003-11-21,10:00p,@,Sacramento Kings,L,,92,122,1,12,L 12
2004,ORL,2003-11-24,7:00p,,Indiana Pacers,L,,78,89,1,13,L 13
2004,ORL,2003-11-26,7:00p,,Boston Celtics,L,,92,94,1,14,L 14
2004,ORL,2003-11-28,8:00p,,Toronto Raptors,L,,86,87,1,15,L 15
2004,ORL,2003-12-02,7:00p,,New Orleans Hornets,L,,91,100,1,16,L 16
2004,ORL,2003-12-03,8:00p,@,New Orleans Hornets,L,,91,106,1,17,L 17
2004,ORL,2003-12-05,8:00p,,San Antonio Spurs,L,,94,105,1,18,L 18
2004,ORL,2003-12-06,8:30p,@,Dallas Mavericks,L,,97,110,1,19,L 19
2004,ORL,2003-12-08,7:00p,,Phoenix Suns,W,,105,98,2,19,W 1
2004,ORL,2003-12-10,7:00p,@,Washington Wizards,W,,95,91,3,19,W 2
2004,ORL,2003-12-12,8:00p,,New Jersey Nets,L,,95,99,3,20,L 1
2004,ORL,2003-12-13,7:30p,@,Atlanta Hawks,W,,105,102,4,20,W 1
2004,ORL,2003-12-16,8:30p,@,Chicago Bulls,L,,88,102,4,21,L 1
2004,ORL,2003-12-17,7:00p,@,Indiana Pacers,W,,94,90,5,21,W 1
2004,ORL,2003-12-19,7:00p,,Golden State Warriors,W,,119,93,6,21,W 2
2004,ORL,2003-12-21,4:00p,@,Toronto Raptors,W,,104,93,7,21,W 3
2004,ORL,2003-12-22,7:00p,@,Philadelphia 76ers,L,,73,95,7,22,L 1
2004,ORL,2003-12-25,2:30p,,Cleveland Cavaliers,W,OT,113,101,8,22,W 1
2004,ORL,2003-12-26,8:30p,@,San Antonio Spurs,L,,83,98,8,23,L 1
2004,ORL,2003-12-29,7:00p,,New York Knicks,L,,86,114,8,24,L 2
2004,ORL,2004-01-02,7:30p,@,Miami Heat,L,,101,112,8,25,L 3
2004,ORL,2004-01-03,8:00p,@,Memphis Grizzlies,L,,103,112,8,26,L 4
2004,ORL,2004-01-06,7:00p,@,Indiana Pacers,L,,107,114,8,27,L 5
2004,ORL,2004-01-07,7:00p,@,Boston Celtics,L,,93,101,8,28,L 6
2004,ORL,2004-01-09,7:00p,,Washington Wizards,W,,103,92,9,28,W 1
2004,ORL,2004-01-12,7:30p,,Philadelphia 76ers,L,,82,87,9,29,L 1
2004,ORL,2004-01-14,7:30p,@,New York Knicks,L,,110,120,9,30,L 2
2004,ORL,2004-01-16,7:00p,,Boston Celtics,W,OT,124,118,10,30,W 1
2004,ORL,2004-01-17,8:00p,@,New Orleans Hornets,L,,90,91,10,31,L 1
2004,ORL,2004-01-19,3:00p,,Milwaukee Bucks,W,,106,99,11,31,W 1
2004,ORL,2004-01-21,8:00p,@,Milwaukee Bucks,L,,102,113,11,32,L 1
2004,ORL,2004-01-23,7:00p,@,Philadelphia 76ers,W,,98,93,12,32,W 1
2004,ORL,2004-01-25,6:00p,,Houston Rockets,L,,87,99,12,33,L 1
2004,ORL,2004-01-26,7:00p,@,Cleveland Cavaliers,L,,98,99,12,34,L 2
2004,ORL,2004-01-28,7:00p,@,Washington Wizards,W,,104,100,13,34,W 1
2004,ORL,2004-01-29,7:00p,,New Jersey Nets,L,,79,89,13,35,L 1
2004,ORL,2004-01-31,7:00p,,Los Angeles Clippers,L,,106,115,13,36,L 2
2004,ORL,2004-02-03,8:00p,@,Minnesota Timberwolves,L,,100,113,13,37,L 3
2004,ORL,2004-02-04,7:00p,@,Toronto Raptors,L,,90,110,13,38,L 4
2004,ORL,2004-02-06,8:00p,@,New Jersey Nets,L,,99,120,13,39,L 5
2004,ORL,2004-02-08,12:30p,,Los Angeles Lakers,L,,96,98,13,40,L 6
2004,ORL,2004-02-11,7:00p,,Miami Heat,L,,98,111,13,41,L 7
2004,ORL,2004-02-17,8:00p,@,Milwaukee Bucks,L,,104,127,13,42,L 8
2004,ORL,2004-02-18,7:00p,,Utah Jazz,W,,90,77,14,42,W 1
2004,ORL,2004-02-20,7:00p,,Denver Nuggets,W,,102,98,15,42,W 2
2004,ORL,2004-02-22,6:00p,@,Detroit Pistons,W,,87,86,16,42,W 3
2004,ORL,2004-02-24,7:00p,,Portland Trail Blazers,L,OT,91,94,16,43,L 1
2004,ORL,2004-02-27,7:00p,,Cleveland Cavaliers,L,OT,107,112,16,44,L 2
2004,ORL,2004-02-28,7:00p,@,Atlanta Hawks,W,,104,99,17,44,W 1
2004,ORL,2004-03-01,7:00p,@,Boston Celtics,L,,96,117,17,45,L 1
2004,ORL,2004-03-03,7:00p,,Milwaukee Bucks,L,,97,105,17,46,L 2
2004,ORL,2004-03-05,7:00p,,Atlanta Hawks,W,,101,96,18,46,W 1
2004,ORL,2004-03-07,6:00p,,Sacramento Kings,L,,90,107,18,47,L 1
2004,ORL,2004-03-09,7:30p,@,Miami Heat,L,,89,100,18,48,L 2
2004,ORL,2004-03-10,7:00p,,Washington Wizards,W,,108,99,19,48,W 1
2004,ORL,2004-03-13,7:00p,,Seattle SuperSonics,L,,101,115,19,49,L 1
2004,ORL,2004-03-15,10:30p,@,Los Angeles Lakers,L,OT,110,113,19,50,L 2
2004,ORL,2004-03-17,10:30p,@,Golden State Warriors,L,,85,110,19,51,L 3
2004,ORL,2004-03-20,10:00p,@,Portland Trail Blazers,L,,73,92,19,52,L 4
2004,ORL,2004-03-21,9:00p,@,Seattle SuperSonics,L,,67,84,19,53,L 5
2004,ORL,2004-03-24,7:00p,,Miami Heat,L,,90,105,19,54,L 6
2004,ORL,2004-03-26,7:00p,,Indiana Pacers,L,,92,107,19,55,L 7
2004,ORL,2004-03-28,1:30p,,Dallas Mavericks,L,,88,118,19,56,L 8
2004,ORL,2004-03-31,7:00p,,Chicago Bulls,L,,91,109,19,57,L 9
2004,ORL,2004-04-02,7:00p,,Atlanta Hawks,L,,87,95,19,58,L 10
2004,ORL,2004-04-06,7:30p,@,Detroit Pistons,L,,86,102,19,59,L 11
2004,ORL,2004-04-08,7:30p,@,New Jersey Nets,L,,81,101,19,60,L 12
2004,ORL,2004-04-10,7:00p,,Detroit Pistons,L,,89,101,19,61,L 13
2004,ORL,2004-04-12,8:30p,@,Chicago Bulls,W,,93,84,20,61,W 1
2004,ORL,2004-04-14,7:00p,,Philadelphia 76ers,W,,95,89,21,61,W 2
2004,PHI,2003-10-28,7:00p,,Miami Heat,W,,89,74,1,0,W 1
2004,PHI,2003-10-31,10:30p,@,Sacramento Kings,L,,89,100,1,1,L 1
2004,PHI,2003-11-01,10:30p,@,Golden State Warriors,L,,90,104,1,2,L 2
2004,PHI,2003-11-03,10:00p,@,Portland Trail Blazers,W,,94,83,2,2,W 1
2004,PHI,2003-11-05,7:00p,,New Orleans Hornets,L,OT,99,106,2,3,L 1
2004,PHI,2003-11-07,8:30p,@,Chicago Bulls,W,,106,85,3,3,W 1
2004,PHI,2003-11-09,6:00p,,Indiana Pacers,L,,74,85,3,4,L 1
2004,PHI,2003-11-11,7:00p,@,Washington Wizards,W,,112,105,4,4,W 1
2004,PHI,2003-11-14,8:00p,,San Antonio Spurs,W,,100,96,5,4,W 2
2004,PHI,2003-11-15,7:30p,@,Cleveland Cavaliers,L,OT,88,91,5,5,L 1
2004,PHI,2003-11-17,7:00p,,Houston Rockets,L,,66,74,5,6,L 2
2004,PHI,2003-11-19,7:00p,@,Toronto Raptors,W,,81,75,6,6,W 1
2004,PHI,2003-11-21,7:00p,,Boston Celtics,W,,87,85,7,6,W 2
2004,PHI,2003-11-22,7:30p,@,New York Knicks,L,,88,99,7,7,L 1
2004,PHI,2003-11-25,8:00p,@,Milwaukee Bucks,L,,91,95,7,8,L 2
2004,PHI,2003-11-26,7:00p,,Detroit Pistons,W,,90,86,8,8,W 1
2004,PHI,2003-11-28,8:00p,@,Indiana Pacers,L,,77,90,8,9,L 1
2004,PHI,2003-11-29,7:00p,,Atlanta Hawks,W,,98,86,9,9,W 1
2004,PHI,2003-12-02,7:00p,,Toronto Raptors,L,,88,95,9,10,L 1
2004,PHI,2003-12-04,7:00p,,Chicago Bulls,W,,83,82,10,10,W 1
2004,PHI,2003-12-05,7:30p,@,Miami Heat,W,,93,90,11,10,W 2
2004,PHI,2003-12-09,7:30p,@,Detroit Pistons,W,,78,76,12,10,W 3
2004,PHI,2003-12-12,7:00p,,Denver Nuggets,L,,77,86,12,11,L 1
2004,PHI,2003-12-14,6:00p,,Utah Jazz,L,,86,94,12,12,L 2
2004,PHI,2003-12-17,7:00p,,Miami Heat,W,,87,76,13,12,W 1
2004,PHI,2003-12-19,7:00p,,Cleveland Cavaliers,L,,81,88,13,13,L 1
2004,PHI,2003-12-21,6:00p,@,Boston Celtics,L,,84,87,13,14,L 2
2004,PHI,2003-12-22,7:00p,,Orlando Magic,W,,95,73,14,14,W 1
2004,PHI,2003-12-26,10:30p,@,Los Angeles Clippers,L,,98,101,14,15,L 1
2004,PHI,2003-12-28,8:00p,@,Phoenix Suns,L,,92,100,14,16,L 2
2004,PHI,2003-12-29,9:00p,@,Utah Jazz,L,,97,106,14,17,L 3
2004,PHI,2003-12-31,10:00p,@,Houston Rockets,L,,72,80,14,18,L 4
2004,PHI,2004-01-03,1:30p,@,San Antonio Spurs,W,,83,77,15,18,W 1
2004,PHI,2004-01-05,7:00p,,Milwaukee Bucks,L,,76,88,15,19,L 1
2004,PHI,2004-01-07,7:00p,,Los Angeles Clippers,W,,100,80,16,19,W 1
2004,PHI,2004-01-09,7:00p,,New Jersey Nets,W,,97,81,17,19,W 2
2004,PHI,2004-01-10,7:00p,@,Washington Wizards,L,,87,94,17,20,L 1
2004,PHI,2004-01-12,7:30p,@,Orlando Magic,W,,87,82,18,20,W 1
2004,PHI,2004-01-14,9:00p,@,Dallas Mavericks,L,2OT,122,125,18,21,L 1
2004,PHI,2004-01-17,1:00p,,Memphis Grizzlies,L,,87,91,18,22,L 2
2004,PHI,2004-01-19,2:00p,,Seattle SuperSonics,L,,81,90,18,23,L 3
2004,PHI,2004-01-21,8:00p,@,New Orleans Hornets,W,,92,86,19,23,W 1
2004,PHI,2004-01-23,7:00p,,Orlando Magic,L,,93,98,19,24,L 1
2004,PHI,2004-01-24,7:30p,@,Cleveland Cavaliers,L,,87,95,19,25,L 2
2004,PHI,2004-01-27,7:00p,,New Jersey Nets,L,,76,94,19,26,L 3
2004,PHI,2004-01-28,7:30p,@,Toronto Raptors,L,,84,94,19,27,L 4
2004,PHI,2004-01-30,7:00p,,New Orleans Hornets,W,,85,82,20,27,W 1
2004,PHI,2004-02-01,2:00p,@,Minnesota Timberwolves,L,,101,106,20,28,L 1
2004,PHI,2004-02-03,7:00p,,Toronto Raptors,L,,80,93,20,29,L 2
2004,PHI,2004-02-05,7:30p,,Los Angeles Lakers,W,,96,73,21,29,W 1
2004,PHI,2004-02-07,7:00p,,Boston Celtics,L,,80,110,21,30,L 1
2004,PHI,2004-02-08,7:30p,@,New Jersey Nets,L,,87,99,21,31,L 2
2004,PHI,2004-02-11,7:00p,,Washington Wizards,W,,113,88,22,31,W 1
2004,PHI,2004-02-17,9:00p,@,Denver Nuggets,L,,85,106,22,32,L 1
2004,PHI,2004-02-19,10:00p,@,Seattle SuperSonics,W,,112,101,23,32,W 1
2004,PHI,2004-02-20,10:30p,@,Los Angeles Lakers,L,,88,116,23,33,L 1
2004,PHI,2004-02-23,7:00p,,Detroit Pistons,L,,66,76,23,34,L 2
2004,PHI,2004-02-24,7:30p,@,Atlanta Hawks,L,,75,86,23,35,L 3
2004,PHI,2004-02-28,8:00p,@,Indiana Pacers,L,,74,81,23,36,L 4
2004,PHI,2004-02-29,7:30p,,Minnesota Timberwolves,W,,81,74,24,36,W 1
2004,PHI,2004-03-03,7:30p,@,New York Knicks,L,,77,88,24,37,L 1
2004,PHI,2004-03-04,7:30p,,Sacramento Kings,L,,105,114,24,38,L 2
2004,PHI,2004-03-06,7:00p,,Chicago Bulls,W,,97,88,25,38,W 1
2004,PHI,2004-03-08,7:00p,,Milwaukee Bucks,W,,97,92,26,38,W 2
2004,PHI,2004-03-09,8:30p,@,Chicago Bulls,W,,89,81,27,38,W 3
2004,PHI,2004-03-12,7:00p,,New York Knicks,W,2OT,99,94,28,38,W 4
2004,PHI,2004-03-14,1:00p,@,Detroit Pistons,L,,69,85,28,39,L 1
2004,PHI,2004-03-16,8:00p,@,Memphis Grizzlies,L,,79,82,28,40,L 2
2004,PHI,2004-03-17,8:00p,@,New Orleans Hornets,L,,80,104,28,41,L 3
2004,PHI,2004-03-20,1:00p,@,Miami Heat,L,,69,101,28,42,L 4
2004,PHI,2004-03-22,7:00p,,Dallas Mavericks,W,,107,98,29,42,W 1
2004,PHI,2004-03-24,7:00p,,Phoenix Suns,W,,99,94,30,42,W 2
2004,PHI,2004-03-26,7:00p,,Cleveland Cavaliers,W,,86,71,31,42,W 3
2004,PHI,2004-03-28,6:30p,@,Boston Celtics,L,,65,89,31,43,L 1
2004,PHI,2004-03-30,7:00p,,Golden State Warriors,W,,95,71,32,43,W 1
2004,PHI,2004-04-01,7:00p,,Portland Trail Blazers,L,,82,88,32,44,L 1
2004,PHI,2004-04-03,7:00p,,New York Knicks,L,,75,86,32,45,L 2
2004,PHI,2004-04-06,7:30p,@,Atlanta Hawks,W,OT,103,100,33,45,W 1
2004,PHI,2004-04-09,7:00p,,Washington Wizards,L,,80,83,33,46,L 1
2004,PHI,2004-04-11,1:00p,@,New Jersey Nets,L,,75,89,33,47,L 2
2004,PHI,2004-04-12,7:30p,,Indiana Pacers,L,,93,107,33,48,L 3
2004,PHI,2004-04-14,7:00p,@,Orlando Magic,L,,89,95,33,49,L 4
2004,PHO,2003-10-28,8:00p,@,San Antonio Spurs,L,,82,83,0,1,L 1
2004,PHO,2003-10-30,10:30p,,Cleveland Cavaliers,W,,95,86,1,1,W 1
2004,PHO,2003-11-01,9:00p,,Los Angeles Lakers,L,,99,103,1,2,L 1
2004,PHO,2003-11-05,9:00p,@,Utah Jazz,L,,80,91,1,3,L 2
2004,PHO,2003-11-07,9:00p,,Memphis Grizzlies,W,,96,88,2,3,W 1
2004,PHO,2003-11-10,10:30p,@,Golden State Warriors,W,,99,96,3,3,W 2
2004,PHO,2003-11-12,9:00p,,Atlanta Hawks,L,,94,99,3,4,L 1
2004,PHO,2003-11-14,8:30p,@,Houston Rockets,L,,85,90,3,5,L 2
2004,PHO,2003-11-15,9:00p,,Detroit Pistons,L,,91,100,3,6,L 3
2004,PHO,2003-11-18,9:00p,,Chicago Bulls,W,,95,82,4,6,W 1
2004,PHO,2003-11-20,10:00p,,Orlando Magic,W,,96,89,5,6,W 2
2004,PHO,2003-11-22,9:00p,,Miami Heat,W,,100,98,6,6,W 3
2004,PHO,2003-11-25,9:00p,@,Denver Nuggets,L,,80,110,6,7,L 1
2004,PHO,2003-11-26,9:00p,,Dallas Mavericks,W,,121,90,7,7,W 1
2004,PHO,2003-11-28,9:00p,,Golden State Warriors,L,,83,92,7,8,L 1
2004,PHO,2003-12-01,9:00p,,Indiana Pacers,L,,82,89,7,9,L 2
2004,PHO,2003-12-03,9:00p,,Minnesota Timberwolves,L,,79,92,7,10,L 3
2004,PHO,2003-12-05,7:30p,@,Boston Celtics,W,,110,106,8,10,W 1
2004,PHO,2003-12-06,7:30p,@,New Jersey Nets,L,,88,99,8,11,L 1
2004,PHO,2003-12-08,7:00p,@,Orlando Magic,L,,98,105,8,12,L 2
2004,PHO,2003-12-09,7:30p,@,Miami Heat,L,,72,92,8,13,L 3
2004,PHO,2003-12-11,10:00p,,New Orleans Hornets,L,,101,111,8,14,L 4
2004,PHO,2003-12-13,10:30p,@,Los Angeles Clippers,L,,91,106,8,15,L 5
2004,PHO,2003-12-14,9:00p,@,Sacramento Kings,L,,102,107,8,16,L 6
2004,PHO,2003-12-16,9:00p,,Seattle SuperSonics,W,OT,92,91,9,16,W 1
2004,PHO,2003-12-18,10:00p,@,Portland Trail Blazers,L,,94,101,9,17,L 1
2004,PHO,2003-12-20,9:00p,,Houston Rockets,W,,102,87,10,17,W 1
2004,PHO,2003-12-21,9:30p,@,Los Angeles Lakers,L,,101,107,10,18,L 1
2004,PHO,2003-12-23,10:00p,@,Seattle SuperSonics,L,,90,116,10,19,L 2
2004,PHO,2003-12-26,9:00p,,Boston Celtics,L,,102,104,10,20,L 3
2004,PHO,2003-12-28,8:00p,,Philadelphia 76ers,W,,100,92,11,20,W 1
2004,PHO,2003-12-29,10:30p,@,Los Angeles Clippers,W,,113,105,12,20,W 2
2004,PHO,2004-01-02,8:00p,@,Detroit Pistons,L,,81,93,12,21,L 1
2004,PHO,2004-01-04,1:00p,@,Toronto Raptors,L,,73,83,12,22,L 2
2004,PHO,2004-01-05,8:30p,@,Chicago Bulls,L,,82,87,12,23,L 3
2004,PHO,2004-01-07,8:00p,@,Milwaukee Bucks,L,,87,95,12,24,L 4
2004,PHO,2004-01-09,10:30p,,Sacramento Kings,L,,93,113,12,25,L 5
2004,PHO,2004-01-13,9:00p,,Denver Nuggets,L,,92,105,12,26,L 6
2004,PHO,2004-01-15,10:00p,@,Portland Trail Blazers,W,,105,96,13,26,W 1
2004,PHO,2004-01-16,9:00p,,Golden State Warriors,W,,104,93,14,26,W 2
2004,PHO,2004-01-18,8:00p,,Portland Trail Blazers,W,,96,92,15,26,W 3
2004,PHO,2004-01-19,10:30p,@,Los Angeles Lakers,W,,88,85,16,26,W 4
2004,PHO,2004-01-21,9:00p,@,Denver Nuggets,L,,92,97,16,27,L 1
2004,PHO,2004-01-23,10:30p,,San Antonio Spurs,L,,84,86,16,28,L 2
2004,PHO,2004-01-25,3:30p,@,Minnesota Timberwolves,L,,95,99,16,29,L 3
2004,PHO,2004-01-27,7:30p,@,Atlanta Hawks,W,,89,85,17,29,W 1
2004,PHO,2004-01-28,7:00p,@,Indiana Pacers,L,,79,101,17,30,L 1
2004,PHO,2004-01-30,7:00p,@,Washington Wizards,L,,100,105,17,31,L 2
2004,PHO,2004-01-31,7:30p,@,New York Knicks,L,,105,110,17,32,L 3
2004,PHO,2004-02-02,9:00p,,Houston Rockets,W,,99,79,18,32,W 1
2004,PHO,2004-02-04,9:00p,,Portland Trail Blazers,L,,97,101,18,33,L 1
2004,PHO,2004-02-06,9:00p,,Seattle SuperSonics,L,,105,107,18,34,L 2
2004,PHO,2004-02-07,9:00p,,Utah Jazz,L,,92,96,18,35,L 3
2004,PHO,2004-02-10,10:00p,,Toronto Raptors,L,,94,101,18,36,L 4
2004,PHO,2004-02-11,10:30p,@,Golden State Warriors,L,,99,110,18,37,L 5
2004,PHO,2004-02-17,8:00p,@,Minnesota Timberwolves,L,,95,110,18,38,L 6
2004,PHO,2004-02-20,8:00p,@,Memphis Grizzlies,L,,92,97,18,39,L 7
2004,PHO,2004-02-22,7:00p,,Los Angeles Lakers,L,,92,104,18,40,L 8
2004,PHO,2004-02-25,9:00p,,New York Knicks,W,,113,95,19,40,W 1
2004,PHO,2004-02-27,9:30p,@,Seattle SuperSonics,W,,104,99,20,40,W 2
2004,PHO,2004-02-29,9:00p,@,Sacramento Kings,L,,94,108,20,41,L 1
2004,PHO,2004-03-03,9:00p,,New Jersey Nets,W,,87,74,21,41,W 1
2004,PHO,2004-03-06,9:00p,,San Antonio Spurs,L,,86,107,21,42,L 1
2004,PHO,2004-03-08,8:30p,@,Dallas Mavericks,L,,90,103,21,43,L 2
2004,PHO,2004-03-12,9:00p,,Utah Jazz,L,,90,99,21,44,L 3
2004,PHO,2004-03-13,9:00p,,Dallas Mavericks,L,,90,113,21,45,L 4
2004,PHO,2004-03-15,7:30p,@,Houston Rockets,W,OT,99,97,22,45,W 1
2004,PHO,2004-03-16,9:00p,,Los Angeles Clippers,L,,98,110,22,46,L 1
2004,PHO,2004-03-19,9:00p,,Minnesota Timberwolves,L,,80,93,22,47,L 2
2004,PHO,2004-03-20,9:00p,,Milwaukee Bucks,W,,123,111,23,47,W 1
2004,PHO,2004-03-23,7:00p,@,Cleveland Cavaliers,W,,103,86,24,47,W 2
2004,PHO,2004-03-24,7:00p,@,Philadelphia 76ers,L,,94,99,24,48,L 1
2004,PHO,2004-03-26,8:00p,@,New Orleans Hornets,W,,99,94,25,48,W 1
2004,PHO,2004-03-27,8:30p,@,San Antonio Spurs,L,,76,105,25,49,L 1
2004,PHO,2004-03-29,9:00p,,Washington Wizards,W,,101,95,26,49,W 1
2004,PHO,2004-04-02,8:00p,@,Memphis Grizzlies,L,,99,109,26,50,L 1
2004,PHO,2004-04-03,8:30p,@,Dallas Mavericks,L,,103,124,26,51,L 2
2004,PHO,2004-04-07,10:00p,,Denver Nuggets,L,,96,111,26,52,L 3
2004,PHO,2004-04-09,10:30p,,Sacramento Kings,W,,101,96,27,52,W 1
2004,PHO,2004-04-11,9:00p,,Memphis Grizzlies,W,,89,83,28,52,W 2
2004,PHO,2004-04-13,10:00p,,Los Angeles Clippers,L,,96,98,28,53,L 1
2004,PHO,2004-04-14,9:00p,@,Utah Jazz,W,,89,84,29,53,W 1
2004,POR,2003-10-29,9:00p,@,Utah Jazz,L,,92,99,0,1,L 1
2004,POR,2003-11-01,10:00p,,Cleveland Cavaliers,W,,104,85,1,1,W 1
2004,POR,2003-11-03,10:00p,,Philadelphia 76ers,L,,83,94,1,2,L 1
2004,POR,2003-11-05,10:30p,,Memphis Grizzlies,W,,93,87,2,2,W 1
2004,POR,2003-11-07,10:30p,@,Seattle SuperSonics,L,,82,100,2,3,L 1
2004,POR,2003-11-08,10:00p,,Atlanta Hawks,W,,90,83,3,3,W 1
2004,POR,2003-11-11,10:00p,,Toronto Raptors,W,,83,80,4,3,W 2
2004,POR,2003-11-13,10:00p,,Sacramento Kings,W,OT,112,110,5,3,W 3
2004,POR,2003-11-15,8:00p,@,New Orleans Hornets,L,,79,101,5,4,L 1
2004,POR,2003-11-17,8:30p,@,Dallas Mavericks,L,,98,105,5,5,L 2
2004,POR,2003-11-19,10:00p,,Miami Heat,W,,94,93,6,5,W 1
2004,POR,2003-11-21,10:30p,,Houston Rockets,W,,85,78,7,5,W 2
2004,POR,2003-11-23,9:00p,@,Golden State Warriors,L,,72,78,7,6,L 1
2004,POR,2003-11-25,10:00p,,Washington Wizards,L,,80,81,7,7,L 2
2004,POR,2003-11-28,10:00p,,New Jersey Nets,W,,97,93,8,7,W 1
2004,POR,2003-12-03,10:00p,,Indiana Pacers,W,OT,97,95,9,7,W 2
2004,POR,2003-12-05,10:00p,,New York Knicks,W,,88,81,10,7,W 3
2004,POR,2003-12-07,4:00p,@,Memphis Grizzlies,L,,79,93,10,8,L 1
2004,POR,2003-12-09,8:30p,@,Houston Rockets,L,,91,93,10,9,L 2
2004,POR,2003-12-10,8:30p,@,San Antonio Spurs,L,,77,102,10,10,L 3
2004,POR,2003-12-13,10:00p,,Los Angeles Lakers,W,,112,108,11,10,W 1
2004,POR,2003-12-16,10:00p,,Milwaukee Bucks,L,,99,106,11,11,L 1
2004,POR,2003-12-18,10:00p,,Phoenix Suns,W,,101,94,12,11,W 1
2004,POR,2003-12-20,10:00p,,San Antonio Spurs,L,,91,101,12,12,L 1
2004,POR,2003-12-21,9:00p,@,Sacramento Kings,L,,98,117,12,13,L 2
2004,POR,2003-12-23,10:00p,,Dallas Mavericks,W,,97,88,13,13,W 1
2004,POR,2003-12-26,10:30p,,Minnesota Timberwolves,W,,101,92,14,13,W 2
2004,POR,2003-12-28,7:00p,@,Cleveland Cavaliers,L,,74,86,14,14,L 1
2004,POR,2003-12-29,7:30p,@,New Jersey Nets,W,,91,87,15,14,W 1
2004,POR,2003-12-31,4:00p,@,Detroit Pistons,L,,71,78,15,15,L 1
2004,POR,2004-01-02,10:00p,,Denver Nuggets,L,,96,106,15,16,L 2
2004,POR,2004-01-05,10:00p,@,Seattle SuperSonics,L,OT,108,119,15,17,L 3
2004,POR,2004-01-08,9:30p,@,Minnesota Timberwolves,L,,75,96,15,18,L 4
2004,POR,2004-01-09,8:30p,@,Chicago Bulls,W,,87,78,16,18,W 1
2004,POR,2004-01-11,1:00p,@,Toronto Raptors,L,,72,83,16,19,L 1
2004,POR,2004-01-13,10:30p,@,Los Angeles Clippers,L,OT,96,103,16,20,L 2
2004,POR,2004-01-15,10:00p,,Phoenix Suns,L,,96,105,16,21,L 3
2004,POR,2004-01-17,10:00p,,Dallas Mavericks,L,,104,108,16,22,L 4
2004,POR,2004-01-18,8:00p,@,Phoenix Suns,L,,92,96,16,23,L 5
2004,POR,2004-01-20,10:00p,@,Sacramento Kings,W,OT,109,104,17,23,W 1
2004,POR,2004-01-24,3:30p,,Golden State Warriors,L,,87,105,17,24,L 1
2004,POR,2004-01-26,7:00p,@,Washington Wizards,W,,94,83,18,24,W 1
2004,POR,2004-01-28,8:00p,@,Memphis Grizzlies,W,,88,76,19,24,W 2
2004,POR,2004-01-29,7:30p,@,Atlanta Hawks,W,,93,85,20,24,W 3
2004,POR,2004-01-31,10:00p,,Chicago Bulls,W,OT,102,95,21,24,W 4
2004,POR,2004-02-02,9:00p,@,Denver Nuggets,L,,97,116,21,25,L 1
2004,POR,2004-02-04,9:00p,@,Phoenix Suns,W,,101,97,22,25,W 1
2004,POR,2004-02-06,9:00p,@,Utah Jazz,W,,87,73,23,25,W 2
2004,POR,2004-02-08,3:00p,,Seattle SuperSonics,W,,95,85,24,25,W 3
2004,POR,2004-02-10,10:00p,,Utah Jazz,L,,81,86,24,26,L 1
2004,POR,2004-02-12,10:00p,,Denver Nuggets,L,,98,107,24,27,L 2
2004,POR,2004-02-17,10:30p,@,Los Angeles Lakers,L,,86,89,24,28,L 3
2004,POR,2004-02-18,10:00p,,Los Angeles Clippers,W,,101,86,25,28,W 1
2004,POR,2004-02-20,10:30p,@,Golden State Warriors,W,,94,93,26,28,W 2
2004,POR,2004-02-21,10:00p,,Boston Celtics,W,,105,84,27,28,W 3
2004,POR,2004-02-23,7:30p,@,Miami Heat,W,,89,81,28,28,W 4
2004,POR,2004-02-24,7:00p,@,Orlando Magic,W,OT,94,91,29,28,W 5
2004,POR,2004-02-27,8:30p,@,Houston Rockets,L,,85,89,29,29,L 1
2004,POR,2004-02-28,8:30p,@,Dallas Mavericks,L,,91,111,29,30,L 2
2004,POR,2004-03-03,10:00p,,Memphis Grizzlies,L,,88,97,29,31,L 3
2004,POR,2004-03-04,10:00p,,Detroit Pistons,L,,68,83,29,32,L 4
2004,POR,2004-03-06,10:00p,,Utah Jazz,W,,91,70,30,32,W 1
2004,POR,2004-03-07,9:30p,@,Los Angeles Clippers,L,,71,91,30,33,L 1
2004,POR,2004-03-10,10:00p,,Minnesota Timberwolves,W,,92,79,31,33,W 1
2004,POR,2004-03-12,10:00p,,Sacramento Kings,W,,83,81,32,33,W 2
2004,POR,2004-03-14,3:30p,@,Minnesota Timberwolves,W,,92,83,33,33,W 3
2004,POR,2004-03-16,8:00p,@,Milwaukee Bucks,W,,100,99,34,33,W 4
2004,POR,2004-03-17,7:00p,@,Indiana Pacers,L,,71,80,34,34,L 1
2004,POR,2004-03-20,10:00p,,Orlando Magic,W,,92,73,35,34,W 1
2004,POR,2004-03-22,10:00p,,Houston Rockets,L,OT,85,93,35,35,L 1
2004,POR,2004-03-24,10:00p,,Los Angeles Clippers,W,,91,85,36,35,W 1
2004,POR,2004-03-27,10:00p,,Seattle SuperSonics,W,OT,115,108,37,35,W 2
2004,POR,2004-03-29,7:30p,@,New York Knicks,L,,91,92,37,36,L 1
2004,POR,2004-03-31,7:00p,@,Boston Celtics,W,,105,98,38,36,W 1
2004,POR,2004-04-01,7:00p,@,Philadelphia 76ers,W,,88,82,39,36,W 2
2004,POR,2004-04-03,10:00p,,New Orleans Hornets,L,,81,94,39,37,L 1
2004,POR,2004-04-06,10:00p,@,Los Angeles Lakers,W,,91,80,40,37,W 1
2004,POR,2004-04-07,10:00p,,Golden State Warriors,W,,87,81,41,37,W 2
2004,POR,2004-04-09,8:30p,@,San Antonio Spurs,L,,74,84,41,38,L 1
2004,POR,2004-04-10,9:00p,@,Denver Nuggets,L,OT,100,110,41,39,L 2
2004,POR,2004-04-12,10:00p,,San Antonio Spurs,L,,66,78,41,40,L 3
2004,POR,2004-04-14,10:00p,,Los Angeles Lakers,L,2OT,104,105,41,41,L 4
2004,SAC,2003-10-29,10:30p,,Cleveland Cavaliers,W,,106,92,1,0,W 1
2004,SAC,2003-10-31,10:30p,,Philadelphia 76ers,W,,100,89,2,0,W 2
2004,SAC,2003-11-01,9:00p,@,Denver Nuggets,L,,88,109,2,1,L 1
2004,SAC,2003-11-05,8:00p,@,Minnesota Timberwolves,W,OT,125,121,3,1,W 1
2004,SAC,2003-11-07,7:30p,@,New York Knicks,L,,111,114,3,2,L 1
2004,SAC,2003-11-09,6:00p,@,Boston Celtics,L,,82,91,3,3,L 2
2004,SAC,2003-11-11,10:00p,,Detroit Pistons,W,,97,91,4,3,W 1
2004,SAC,2003-11-13,10:00p,@,Portland Trail Blazers,L,OT,110,112,4,4,L 1
2004,SAC,2003-11-14,10:00p,,Toronto Raptors,W,,94,64,5,4,W 1
2004,SAC,2003-11-16,7:00p,,Golden State Warriors,W,,106,104,6,4,W 2
2004,SAC,2003-11-19,9:00p,@,Utah Jazz,W,,118,110,7,4,W 3
2004,SAC,2003-11-21,10:00p,,Orlando Magic,W,,122,92,8,4,W 4
2004,SAC,2003-11-23,8:00p,,Chicago Bulls,W,,110,99,9,4,W 5
2004,SAC,2003-11-25,10:00p,,Memphis Grizzlies,W,,109,89,10,4,W 6
2004,SAC,2003-11-28,10:00p,,Houston Rockets,W,,103,74,11,4,W 7
2004,SAC,2003-11-30,9:00p,,New Jersey Nets,W,,105,92,12,4,W 8
2004,SAC,2003-12-05,10:30p,,Minnesota Timberwolves,L,OT,109,112,12,5,L 1
2004,SAC,2003-12-07,9:00p,,Indiana Pacers,W,,91,88,13,5,W 1
2004,SAC,2003-12-09,10:00p,,Los Angeles Clippers,W,,105,95,14,5,W 2
2004,SAC,2003-12-12,9:00p,@,Utah Jazz,W,,100,93,15,5,W 3
2004,SAC,2003-12-14,9:00p,,Phoenix Suns,W,,107,102,16,5,W 4
2004,SAC,2003-12-16,8:00p,@,Memphis Grizzlies,L,,100,105,16,6,L 1
2004,SAC,2003-12-18,8:00p,@,New Orleans Hornets,W,,101,90,17,6,W 1
2004,SAC,2003-12-19,7:30p,@,Atlanta Hawks,W,,98,86,18,6,W 2
2004,SAC,2003-12-21,9:00p,,Portland Trail Blazers,W,,117,98,19,6,W 3
2004,SAC,2003-12-23,10:00p,,Memphis Grizzlies,W,,114,97,20,6,W 4
2004,SAC,2003-12-25,6:00p,,Dallas Mavericks,L,,103,111,20,7,L 1
2004,SAC,2003-12-26,10:30p,@,Golden State Warriors,L,,91,98,20,8,L 2
2004,SAC,2003-12-28,7:00p,,Utah Jazz,W,,98,89,21,8,W 1
2004,SAC,2004-01-03,4:00p,@,Los Angeles Clippers,W,,116,109,22,8,W 2
2004,SAC,2004-01-04,9:00p,,Seattle SuperSonics,W,,130,99,23,8,W 3
2004,SAC,2004-01-06,10:00p,,Atlanta Hawks,W,,105,89,24,8,W 4
2004,SAC,2004-01-07,10:00p,@,Seattle SuperSonics,L,,93,104,24,9,L 1
2004,SAC,2004-01-09,10:30p,@,Phoenix Suns,W,,113,93,25,9,W 1
2004,SAC,2004-01-11,9:00p,,Denver Nuggets,W,,117,106,26,9,W 2
2004,SAC,2004-01-13,10:00p,,Miami Heat,W,,90,86,27,9,W 3
2004,SAC,2004-01-16,10:30p,,Los Angeles Lakers,W,,103,83,28,9,W 4
2004,SAC,2004-01-19,3:30p,@,Los Angeles Clippers,W,,125,100,29,9,W 5
2004,SAC,2004-01-20,10:00p,,Portland Trail Blazers,L,OT,104,109,29,10,L 1
2004,SAC,2004-01-22,7:00p,@,Cleveland Cavaliers,W,,95,89,30,10,W 1
2004,SAC,2004-01-23,8:00p,@,Memphis Grizzlies,L,,95,109,30,11,L 1
2004,SAC,2004-01-25,1:00p,@,Dallas Mavericks,L,,99,108,30,12,L 2
2004,SAC,2004-01-28,9:00p,@,Houston Rockets,W,,99,94,31,12,W 1
2004,SAC,2004-01-29,9:30p,@,San Antonio Spurs,W,,96,91,32,12,W 2
2004,SAC,2004-01-31,10:00p,@,Seattle SuperSonics,W,,110,103,33,12,W 3
2004,SAC,2004-02-03,10:00p,,Seattle SuperSonics,W,,117,101,34,12,W 4
2004,SAC,2004-02-06,10:30p,,San Antonio Spurs,L,,94,102,34,13,L 1
2004,SAC,2004-02-08,7:00p,,Denver Nuggets,W,,115,92,35,13,W 1
2004,SAC,2004-02-10,8:00p,@,Milwaukee Bucks,W,,124,117,36,13,W 2
2004,SAC,2004-02-11,7:30p,@,Detroit Pistons,W,,96,94,37,13,W 3
2004,SAC,2004-02-17,10:00p,,Boston Celtics,W,,127,111,38,13,W 4
2004,SAC,2004-02-19,7:30p,@,Minnesota Timberwolves,L,,75,92,38,14,L 1
2004,SAC,2004-02-20,8:30p,@,Chicago Bulls,W,,91,83,39,14,W 1
2004,SAC,2004-02-22,1:00p,@,Toronto Raptors,W,,96,81,40,14,W 2
2004,SAC,2004-02-24,10:00p,,New York Knicks,W,,107,99,41,14,W 3
2004,SAC,2004-02-26,10:30p,@,Los Angeles Lakers,W,,103,101,42,14,W 4
2004,SAC,2004-02-27,10:00p,,Utah Jazz,L,,97,102,42,15,L 1
2004,SAC,2004-02-29,9:00p,,Phoenix Suns,W,,108,94,43,15,W 1
2004,SAC,2004-03-02,10:00p,,Los Angeles Clippers,W,,113,106,44,15,W 2
2004,SAC,2004-03-04,7:30p,@,Philadelphia 76ers,W,,114,105,45,15,W 3
2004,SAC,2004-03-06,3:30p,@,Miami Heat,L,,96,102,45,16,L 1
2004,SAC,2004-03-07,6:00p,@,Orlando Magic,W,,107,90,46,16,W 1
2004,SAC,2004-03-09,10:00p,,Golden State Warriors,W,,96,92,47,16,W 2
2004,SAC,2004-03-11,10:00p,,Dallas Mavericks,W,,120,102,48,16,W 3
2004,SAC,2004-03-12,10:00p,@,Portland Trail Blazers,L,,81,83,48,17,L 1
2004,SAC,2004-03-14,3:30p,,San Antonio Spurs,W,,101,87,49,17,W 1
2004,SAC,2004-03-16,7:30p,@,New Jersey Nets,L,,77,94,49,18,L 1
2004,SAC,2004-03-17,7:00p,@,Washington Wizards,L,,108,114,49,19,L 2
2004,SAC,2004-03-19,7:30p,@,Indiana Pacers,W,,94,92,50,19,W 1
2004,SAC,2004-03-21,7:30p,,Houston Rockets,W,,100,95,51,19,W 2
2004,SAC,2004-03-23,10:00p,,Milwaukee Bucks,L,,101,112,51,20,L 1
2004,SAC,2004-03-24,10:30p,@,Los Angeles Lakers,L,,91,115,51,21,L 2
2004,SAC,2004-03-28,7:00p,,Washington Wizards,W,,100,92,52,21,W 1
2004,SAC,2004-03-31,8:30p,@,San Antonio Spurs,L,,89,107,52,22,L 1
2004,SAC,2004-04-01,8:00p,@,Dallas Mavericks,L,,117,127,52,23,L 2
2004,SAC,2004-04-04,1:00p,@,Houston Rockets,W,,99,94,53,23,W 1
2004,SAC,2004-04-06,10:00p,,New Orleans Hornets,W,,105,91,54,23,W 2
2004,SAC,2004-04-08,10:00p,,Minnesota Timberwolves,L,,86,94,54,24,L 1
2004,SAC,2004-04-09,10:30p,@,Phoenix Suns,L,,96,101,54,25,L 2
2004,SAC,2004-04-11,3:30p,,Los Angeles Lakers,W,,102,85,55,25,W 1
2004,SAC,2004-04-12,9:00p,@,Denver Nuggets,L,,89,97,55,26,L 1
2004,SAC,2004-04-14,10:30p,@,Golden State Warriors,L,,91,97,55,27,L 2
2004,SAC,2004-04-18,3:30p,,Dallas Mavericks,W,,116,105,1,0,W 1
2004,SAC,2004-04-20,10:30p,,Dallas Mavericks,W,,83,79,2,0,W 2
2004,SAC,2004-04-24,7:00p,@,Dallas Mavericks,L,,79,104,2,1,L 1
2004,SAC,2004-04-26,9:30p,@,Dallas Mavericks,W,,94,92,3,1,W 1
2004,SAC,2004-04-29,10:30p,,Dallas Mavericks,W,,119,118,4,1,W 2
2004,SAC,2004-05-04,9:30p,@,Minnesota Timberwolves,W,,104,98,5,1,W 3
2004,SAC,2004-05-08,9:30p,@,Minnesota Timberwolves,L,,89,94,5,2,L 1
2004,SAC,2004-05-10,10:30p,,Minnesota Timberwolves,L,OT,113,114,5,3,L 2
2004,SAC,2004-05-12,10:30p,,Minnesota Timberwolves,W,,87,81,6,3,W 1
2004,SAC,2004-05-14,9:30p,@,Minnesota Timberwolves,L,,74,86,6,4,L 1
2004,SAC,2004-05-16,3:30p,,Minnesota Timberwolves,W,,104,87,7,4,W 1
2004,SAC,2004-05-19,8:30p,@,Minnesota Timberwolves,L,,80,83,7,5,L 1
2004,SAS,2003-10-28,8:00p,,Phoenix Suns,W,,83,82,1,0,W 1
2004,SAS,2003-10-29,9:00p,@,Denver Nuggets,L,,72,80,1,1,L 1
2004,SAS,2003-11-01,8:30p,,New York Knicks,W,,86,74,2,1,W 1
2004,SAS,2003-11-03,8:00p,@,Memphis Grizzlies,L,,80,88,2,2,L 1
2004,SAS,2003-11-04,8:30p,,Miami Heat,W,,80,73,3,2,W 1
2004,SAS,2003-11-06,9:30p,,Los Angeles Lakers,L,2OT,117,120,3,3,L 1
2004,SAS,2003-11-08,8:30p,,Dallas Mavericks,L,,78,81,3,4,L 2
2004,SAS,2003-11-10,8:00p,,Utah Jazz,W,,87,78,4,4,W 1
2004,SAS,2003-11-12,7:00p,@,New Jersey Nets,W,,85,71,5,4,W 2
2004,SAS,2003-11-14,8:00p,@,Philadelphia 76ers,L,,96,100,5,5,L 1
2004,SAS,2003-11-15,7:00p,@,Washington Wizards,W,,95,71,6,5,W 1
2004,SAS,2003-11-18,8:30p,,Golden State Warriors,W,,94,81,7,5,W 2
2004,SAS,2003-11-20,7:30p,@,Dallas Mavericks,L,,92,95,7,6,L 1
2004,SAS,2003-11-21,8:30p,,Atlanta Hawks,W,,114,75,8,6,W 1
2004,SAS,2003-11-26,8:30p,,Chicago Bulls,W,,109,98,9,6,W 2
2004,SAS,2003-11-28,10:30p,@,Los Angeles Lakers,L,,87,103,9,7,L 1
2004,SAS,2003-11-29,10:30p,@,Golden State Warriors,L,,89,91,9,8,L 2
2004,SAS,2003-12-01,10:30p,@,Los Angeles Clippers,L,,83,91,9,9,L 3
2004,SAS,2003-12-03,8:30p,,Los Angeles Lakers,L,,86,90,9,10,L 4
2004,SAS,2003-12-05,8:00p,@,Orlando Magic,W,,105,94,10,10,W 1
2004,SAS,2003-12-06,7:30p,@,Miami Heat,W,,86,70,11,10,W 2
2004,SAS,2003-12-08,8:30p,@,Chicago Bulls,W,,96,82,12,10,W 3
2004,SAS,2003-12-10,8:30p,,Portland Trail Blazers,W,,102,77,13,10,W 4
2004,SAS,2003-12-11,8:30p,@,Houston Rockets,W,,71,67,14,10,W 5
2004,SAS,2003-12-13,8:30p,,Houston Rockets,W,,86,73,15,10,W 6
2004,SAS,2003-12-15,8:30p,,Memphis Grizzlies,W,,78,67,16,10,W 7
2004,SAS,2003-12-17,8:30p,,Toronto Raptors,W,,73,70,17,10,W 8
2004,SAS,2003-12-19,10:30p,@,Seattle SuperSonics,W,,87,73,18,10,W 9
2004,SAS,2003-12-20,10:00p,@,Portland Trail Blazers,W,,101,91,19,10,W 10
2004,SAS,2003-12-23,8:30p,,Los Angeles Clippers,W,,111,90,20,10,W 11
2004,SAS,2003-12-26,8:30p,,Orlando Magic,W,,98,83,21,10,W 12
2004,SAS,2003-12-28,7:00p,,Milwaukee Bucks,W,,89,74,22,10,W 13
2004,SAS,2004-01-03,1:30p,,Philadelphia 76ers,L,,77,83,22,11,L 1
2004,SAS,2004-01-05,9:00p,@,Denver Nuggets,W,,98,74,23,11,W 1
2004,SAS,2004-01-06,8:30p,,Washington Wizards,W,,94,72,24,11,W 2
2004,SAS,2004-01-09,8:00p,@,New Orleans Hornets,W,,94,84,25,11,W 3
2004,SAS,2004-01-10,8:30p,,Indiana Pacers,W,OT,89,88,26,11,W 4
2004,SAS,2004-01-13,7:30p,@,Atlanta Hawks,L,,77,86,26,12,L 1
2004,SAS,2004-01-14,8:30p,,Minnesota Timberwolves,L,,93,100,26,13,L 2
2004,SAS,2004-01-16,7:00p,@,Indiana Pacers,L,,79,89,26,14,L 3
2004,SAS,2004-01-18,12:30p,@,Boston Celtics,W,,109,92,27,14,W 1
2004,SAS,2004-01-19,3:00p,@,Detroit Pistons,L,,77,85,27,15,L 1
2004,SAS,2004-01-21,8:30p,,New Jersey Nets,W,,99,76,28,15,W 1
2004,SAS,2004-01-23,10:30p,@,Phoenix Suns,W,,86,84,29,15,W 2
2004,SAS,2004-01-24,8:30p,,New Orleans Hornets,L,,96,98,29,16,L 1
2004,SAS,2004-01-26,8:00p,@,Milwaukee Bucks,L,,92,93,29,17,L 2
2004,SAS,2004-01-27,7:30p,@,New York Knicks,W,,77,67,30,17,W 1
2004,SAS,2004-01-29,9:30p,,Sacramento Kings,L,,91,96,30,18,L 1
2004,SAS,2004-01-31,8:30p,,Utah Jazz,W,,85,81,31,18,W 1
2004,SAS,2004-02-02,9:00p,@,Utah Jazz,W,,83,65,32,18,W 2
2004,SAS,2004-02-05,10:00p,@,Seattle SuperSonics,W,,96,90,33,18,W 3
2004,SAS,2004-02-06,10:30p,@,Sacramento Kings,W,,102,94,34,18,W 4
2004,SAS,2004-02-09,9:30p,@,Houston Rockets,W,,85,82,35,18,W 5
2004,SAS,2004-02-18,7:00p,@,Toronto Raptors,W,,86,82,36,18,W 6
2004,SAS,2004-02-20,7:30p,@,Cleveland Cavaliers,L,,87,89,36,19,L 1
2004,SAS,2004-02-22,3:30p,@,Minnesota Timberwolves,W,,94,92,37,19,W 1
2004,SAS,2004-02-24,8:30p,,Houston Rockets,W,,86,77,38,19,W 2
2004,SAS,2004-02-26,8:00p,@,Dallas Mavericks,L,,91,115,38,20,L 1
2004,SAS,2004-02-28,8:30p,,Denver Nuggets,W,,117,92,39,20,W 1
2004,SAS,2004-03-01,8:30p,,Memphis Grizzlies,L,,80,81,39,21,L 1
2004,SAS,2004-03-03,8:30p,,Seattle SuperSonics,W,,88,84,40,21,W 1
2004,SAS,2004-03-05,8:00p,,Dallas Mavericks,W,,113,100,41,21,W 2
2004,SAS,2004-03-06,9:00p,@,Phoenix Suns,W,,107,86,42,21,W 3
2004,SAS,2004-03-09,8:00p,@,Memphis Grizzlies,L,,88,94,42,22,L 1
2004,SAS,2004-03-10,8:30p,,Los Angeles Clippers,W,,108,90,43,22,W 1
2004,SAS,2004-03-12,8:30p,,Golden State Warriors,W,,99,74,44,22,W 2
2004,SAS,2004-03-14,3:30p,@,Sacramento Kings,L,,87,101,44,23,L 1
2004,SAS,2004-03-15,10:00p,@,Golden State Warriors,L,,80,97,44,24,L 2
2004,SAS,2004-03-18,9:30p,,Minnesota Timberwolves,W,,106,86,45,24,W 1
2004,SAS,2004-03-20,8:30p,,Boston Celtics,W,,103,87,46,24,W 2
2004,SAS,2004-03-23,8:00p,@,Minnesota Timberwolves,L,,81,86,46,25,L 1
2004,SAS,2004-03-25,8:30p,,Detroit Pistons,W,,84,75,47,25,W 1
2004,SAS,2004-03-27,8:30p,,Phoenix Suns,W,,105,76,48,25,W 2
2004,SAS,2004-03-29,8:30p,,Cleveland Cavaliers,W,,101,93,49,25,W 3
2004,SAS,2004-03-31,8:30p,,Sacramento Kings,W,,107,89,50,25,W 4
2004,SAS,2004-04-02,9:00p,@,Utah Jazz,W,,94,81,51,25,W 5
2004,SAS,2004-04-04,3:30p,@,Los Angeles Lakers,W,,95,89,52,25,W 6
2004,SAS,2004-04-07,8:30p,,Seattle SuperSonics,W,,96,75,53,25,W 7
2004,SAS,2004-04-09,8:30p,,Portland Trail Blazers,W,,84,74,54,25,W 8
2004,SAS,2004-04-11,9:30p,@,Los Angeles Clippers,W,,88,79,55,25,W 9
2004,SAS,2004-04-12,10:00p,@,Portland Trail Blazers,W,,78,66,56,25,W 10
2004,SAS,2004-04-14,8:30p,,Denver Nuggets,W,,93,67,57,25,W 11
2004,SAS,2004-04-17,8:00p,,Memphis Grizzlies,W,,98,74,1,0,W 1
2004,SAS,2004-04-19,8:00p,,Memphis Grizzlies,W,,87,70,2,0,W 2
2004,SAS,2004-04-22,9:30p,@,Memphis Grizzlies,W,,95,93,3,0,W 3
2004,SAS,2004-04-25,9:30p,@,Memphis Grizzlies,W,,110,97,4,0,W 4
2004,SAS,2004-05-02,3:30p,,Los Angeles Lakers,W,,88,78,5,0,W 5
2004,SAS,2004-05-05,9:00p,,Los Angeles Lakers,W,,95,85,6,0,W 6
2004,SAS,2004-05-09,3:30p,@,Los Angeles Lakers,L,,81,105,6,1,L 1
2004,SAS,2004-05-11,10:30p,@,Los Angeles Lakers,L,,90,98,6,2,L 2
2004,SAS,2004-05-13,8:00p,,Los Angeles Lakers,L,,73,74,6,3,L 3
2004,SAS,2004-05-15,10:30p,@,Los Angeles Lakers,L,,76,88,6,4,L 4
2004,SEA,2003-10-30,5:30a,,Los Angeles Clippers,W,,109,100,1,0,W 1
2004,SEA,2003-10-31,10:00p,@,Los Angeles Clippers,W,,124,105,2,0,W 2
2004,SEA,2003-11-07,10:30p,,Portland Trail Blazers,W,,100,82,3,0,W 3
2004,SEA,2003-11-09,9:00p,,Atlanta Hawks,L,,81,91,3,1,L 1
2004,SEA,2003-11-11,8:00p,@,Minnesota Timberwolves,W,,89,87,4,1,W 1
2004,SEA,2003-11-12,8:00p,@,Milwaukee Bucks,W,,104,99,5,1,W 2
2004,SEA,2003-11-14,7:30p,@,Indiana Pacers,L,,78,101,5,2,L 1
2004,SEA,2003-11-15,8:30p,@,Chicago Bulls,W,,98,90,6,2,W 1
2004,SEA,2003-11-18,10:00p,,Miami Heat,L,,98,105,6,3,L 1
2004,SEA,2003-11-21,10:30p,,Memphis Grizzlies,L,,97,98,6,4,L 2
2004,SEA,2003-11-23,9:00p,,Washington Wizards,W,,88,85,7,4,W 1
2004,SEA,2003-11-25,10:00p,,New Jersey Nets,L,,70,93,7,5,L 1
2004,SEA,2003-11-28,9:00p,@,Utah Jazz,L,,81,98,7,6,L 2
2004,SEA,2003-11-29,10:00p,,Houston Rockets,W,,95,88,8,6,W 1
2004,SEA,2003-12-03,10:00p,,New York Knicks,W,,95,87,9,6,W 2
2004,SEA,2003-12-05,10:30p,,Indiana Pacers,L,,94,101,9,7,L 1
2004,SEA,2003-12-07,4:00p,@,Toronto Raptors,L,,98,108,9,8,L 2
2004,SEA,2003-12-09,7:30p,@,New Jersey Nets,L,,88,101,9,9,L 3
2004,SEA,2003-12-10,7:00p,@,Boston Celtics,L,,112,126,9,10,L 4
2004,SEA,2003-12-12,8:00p,@,Detroit Pistons,W,,93,72,10,10,W 1
2004,SEA,2003-12-14,3:30p,,Milwaukee Bucks,W,,108,102,11,10,W 2
2004,SEA,2003-12-16,9:00p,@,Phoenix Suns,L,OT,91,92,11,11,L 1
2004,SEA,2003-12-17,10:00p,,Denver Nuggets,L,,98,99,11,12,L 2
2004,SEA,2003-12-19,10:30p,,San Antonio Spurs,L,,73,87,11,13,L 3
2004,SEA,2003-12-20,9:00p,@,Denver Nuggets,W,,115,106,12,13,W 1
2004,SEA,2003-12-23,10:00p,,Phoenix Suns,W,,116,90,13,13,W 2
2004,SEA,2003-12-27,10:00p,,Minnesota Timberwolves,L,,86,104,13,14,L 1
2004,SEA,2003-12-29,8:30p,@,Houston Rockets,W,,87,86,14,14,W 1
2004,SEA,2003-12-30,8:00p,@,Memphis Grizzlies,W,,105,99,15,14,W 2
2004,SEA,2004-01-02,10:30p,,Los Angeles Lakers,W,,111,109,16,14,W 3
2004,SEA,2004-01-04,9:00p,@,Sacramento Kings,L,,99,130,16,15,L 1
2004,SEA,2004-01-05,10:00p,,Portland Trail Blazers,W,OT,119,108,17,15,W 1
2004,SEA,2004-01-07,10:00p,,Sacramento Kings,W,,104,93,18,15,W 2
2004,SEA,2004-01-09,10:30p,,Memphis Grizzlies,W,,122,116,19,15,W 3
2004,SEA,2004-01-10,10:30p,@,Golden State Warriors,L,OT,110,113,19,16,L 1
2004,SEA,2004-01-13,10:00p,,Cleveland Cavaliers,L,,96,104,19,17,L 2
2004,SEA,2004-01-16,7:30p,@,New York Knicks,L,,88,108,19,18,L 3
2004,SEA,2004-01-17,7:00p,@,Washington Wizards,L,,84,99,19,19,L 4
2004,SEA,2004-01-19,2:00p,@,Philadelphia 76ers,W,,90,81,20,19,W 1
2004,SEA,2004-01-20,7:00p,@,Cleveland Cavaliers,L,,94,99,20,20,L 1
2004,SEA,2004-01-22,10:00p,,Golden State Warriors,W,,103,87,21,20,W 1
2004,SEA,2004-01-24,10:00p,,Los Angeles Clippers,W,,102,97,22,20,W 2
2004,SEA,2004-01-27,10:00p,,Dallas Mavericks,L,,116,118,22,21,L 1
2004,SEA,2004-01-28,10:30p,@,Los Angeles Lakers,L,,82,96,22,22,L 2
2004,SEA,2004-01-31,10:00p,,Sacramento Kings,L,,103,110,22,23,L 3
2004,SEA,2004-02-02,10:00p,,Chicago Bulls,W,,109,97,23,23,W 1
2004,SEA,2004-02-03,10:00p,@,Sacramento Kings,L,,101,117,23,24,L 1
2004,SEA,2004-02-05,10:00p,,San Antonio Spurs,L,,90,96,23,25,L 2
2004,SEA,2004-02-06,9:00p,@,Phoenix Suns,W,,107,105,24,25,W 1
2004,SEA,2004-02-08,3:00p,@,Portland Trail Blazers,L,,85,95,24,26,L 1
2004,SEA,2004-02-10,10:00p,,Golden State Warriors,L,,97,106,24,27,L 2
2004,SEA,2004-02-12,10:00p,,Toronto Raptors,W,,94,74,25,27,W 1
2004,SEA,2004-02-19,10:00p,,Philadelphia 76ers,L,,101,112,25,28,L 1
2004,SEA,2004-02-21,10:30p,@,Golden State Warriors,L,,92,94,25,29,L 2
2004,SEA,2004-02-22,9:00p,,Boston Celtics,W,,108,87,26,29,W 1
2004,SEA,2004-02-24,9:00p,@,Utah Jazz,L,,86,99,26,30,L 1
2004,SEA,2004-02-25,10:00p,,Utah Jazz,L,OT,92,93,26,31,L 2
2004,SEA,2004-02-27,9:30p,,Phoenix Suns,L,,99,104,26,32,L 3
2004,SEA,2004-02-29,4:00p,@,Houston Rockets,W,,97,80,27,32,W 1
2004,SEA,2004-03-02,8:30p,@,Dallas Mavericks,L,,96,107,27,33,L 1
2004,SEA,2004-03-03,8:30p,@,San Antonio Spurs,L,,84,88,27,34,L 2
2004,SEA,2004-03-05,10:30p,@,Los Angeles Lakers,L,,91,99,27,35,L 3
2004,SEA,2004-03-07,9:00p,,Detroit Pistons,L,,65,86,27,36,L 4
2004,SEA,2004-03-09,10:00p,,Minnesota Timberwolves,L,,92,105,27,37,L 5
2004,SEA,2004-03-12,7:30p,@,Miami Heat,L,,74,82,27,38,L 6
2004,SEA,2004-03-13,7:00p,@,Orlando Magic,W,,115,101,28,38,W 1
2004,SEA,2004-03-16,7:30p,@,Atlanta Hawks,W,,118,110,29,38,W 2
2004,SEA,2004-03-18,8:00p,@,Memphis Grizzlies,W,,97,94,30,38,W 3
2004,SEA,2004-03-19,8:00p,@,New Orleans Hornets,W,,91,80,31,38,W 4
2004,SEA,2004-03-21,9:00p,,Orlando Magic,W,,84,67,32,38,W 5
2004,SEA,2004-03-24,10:00p,,Utah Jazz,W,,84,77,33,38,W 6
2004,SEA,2004-03-26,10:30p,,Denver Nuggets,W,,102,86,34,38,W 7
2004,SEA,2004-03-27,10:00p,@,Portland Trail Blazers,L,OT,108,115,34,39,L 1
2004,SEA,2004-03-30,9:00p,@,Denver Nuggets,L,,119,124,34,40,L 2
2004,SEA,2004-03-31,8:00p,@,Minnesota Timberwolves,L,,83,90,34,41,L 3
2004,SEA,2004-04-02,10:30p,,Los Angeles Lakers,L,,86,97,34,42,L 4
2004,SEA,2004-04-04,9:00p,,New Orleans Hornets,W,,96,88,35,42,W 1
2004,SEA,2004-04-06,8:30p,@,Dallas Mavericks,L,,108,118,35,43,L 1
2004,SEA,2004-04-07,8:30p,@,San Antonio Spurs,L,,75,96,35,44,L 2
2004,SEA,2004-04-10,3:30p,,Dallas Mavericks,W,,119,99,36,44,W 1
2004,SEA,2004-04-12,10:00p,,Houston Rockets,L,,107,111,36,45,L 1
2004,SEA,2004-04-14,10:30p,@,Los Angeles Clippers,W,,118,87,37,45,W 1
2004,TOR,2003-10-29,8:00p,,New Jersey Nets,W,,90,87,1,0,W 1
2004,TOR,2003-10-31,7:00p,,Washington Wizards,W,,82,79,2,0,W 2
2004,TOR,2003-11-01,8:00p,@,Minnesota Timberwolves,L,,56,73,2,1,L 1
2004,TOR,2003-11-06,8:00p,,Dallas Mavericks,W,,77,71,3,1,W 1
2004,TOR,2003-11-07,7:00p,@,Washington Wizards,L,,60,86,3,2,L 1
2004,TOR,2003-11-09,12:30p,,Denver Nuggets,W,,89,76,4,2,W 1
2004,TOR,2003-11-11,10:00p,@,Portland Trail Blazers,L,,80,83,4,3,L 1
2004,TOR,2003-11-12,10:30p,@,Los Angeles Lakers,L,,79,94,4,4,L 2
2004,TOR,2003-11-14,10:00p,@,Sacramento Kings,L,,64,94,4,5,L 3
2004,TOR,2003-11-16,1:00p,,Houston Rockets,W,2OT,101,97,5,5,W 1
2004,TOR,2003-11-19,7:00p,,Philadelphia 76ers,L,,75,81,5,6,L 1
2004,TOR,2003-11-22,1:00p,@,New Jersey Nets,W,,81,80,6,6,W 1
2004,TOR,2003-11-23,1:00p,,Milwaukee Bucks,L,,62,82,6,7,L 1
2004,TOR,2003-11-26,7:30p,@,Atlanta Hawks,W,OT,99,97,7,7,W 1
2004,TOR,2003-11-28,8:00p,@,Orlando Magic,W,,87,86,8,7,W 2
2004,TOR,2003-11-29,7:30p,@,Miami Heat,L,,66,78,8,8,L 1
2004,TOR,2003-12-02,7:00p,@,Philadelphia 76ers,W,,95,88,9,8,W 1
2004,TOR,2003-12-03,7:00p,,Boston Celtics,W,,105,95,10,8,W 2
2004,TOR,2003-12-05,7:00p,,Atlanta Hawks,W,,92,87,11,8,W 3
2004,TOR,2003-12-07,4:00p,,Seattle SuperSonics,W,,108,98,12,8,W 4
2004,TOR,2003-12-09,7:00p,@,Cleveland Cavaliers,W,,100,93,13,8,W 5
2004,TOR,2003-12-12,7:30p,@,Boston Celtics,L,,111,114,13,9,L 1
2004,TOR,2003-12-14,12:30p,,Miami Heat,L,,89,90,13,10,L 2
2004,TOR,2003-12-15,8:30p,@,Dallas Mavericks,L,,94,111,13,11,L 3
2004,TOR,2003-12-17,8:30p,@,San Antonio Spurs,L,,70,73,13,12,L 4
2004,TOR,2003-12-19,7:00p,,New York Knicks,W,OT,105,99,14,12,W 1
2004,TOR,2003-12-21,4:00p,,Orlando Magic,L,,93,104,14,13,L 1
2004,TOR,2003-12-26,9:00p,@,Utah Jazz,L,OT,94,97,14,14,L 2
2004,TOR,2003-12-28,3:30p,@,Los Angeles Clippers,W,,94,88,15,14,W 1
2004,TOR,2003-12-30,9:00p,@,Denver Nuggets,W,,81,74,16,14,W 2
2004,TOR,2004-01-02,7:00p,,New Orleans Hornets,L,,74,86,16,15,L 1
2004,TOR,2004-01-04,1:00p,,Phoenix Suns,W,,83,73,17,15,W 1
2004,TOR,2004-01-07,7:00p,,Cleveland Cavaliers,W,,75,69,18,15,W 2
2004,TOR,2004-01-09,7:00p,,Los Angeles Clippers,L,,68,78,18,16,L 1
2004,TOR,2004-01-11,1:00p,,Portland Trail Blazers,W,,83,72,19,16,W 1
2004,TOR,2004-01-14,7:30p,@,Detroit Pistons,L,,91,95,19,17,L 1
2004,TOR,2004-01-15,8:00p,@,New Orleans Hornets,W,OT,78,74,20,17,W 1
2004,TOR,2004-01-17,7:00p,@,Atlanta Hawks,L,,70,75,20,18,L 1
2004,TOR,2004-01-19,1:00p,@,New York Knicks,L,,79,90,20,19,L 2
2004,TOR,2004-01-21,7:00p,,Minnesota Timberwolves,L,,97,108,20,20,L 3
2004,TOR,2004-01-23,8:30p,@,Milwaukee Bucks,L,,86,98,20,21,L 4
2004,TOR,2004-01-25,3:30p,@,Chicago Bulls,L,,89,96,20,22,L 5
2004,TOR,2004-01-28,7:30p,,Philadelphia 76ers,W,,94,84,21,22,W 1
2004,TOR,2004-01-30,7:00p,,Detroit Pistons,L,OT,89,90,21,23,L 1
2004,TOR,2004-02-01,12:30p,,Los Angeles Lakers,L,,83,84,21,24,L 2
2004,TOR,2004-02-03,7:00p,@,Philadelphia 76ers,W,,93,80,22,24,W 1
2004,TOR,2004-02-04,7:00p,,Orlando Magic,W,,110,90,23,24,W 2
2004,TOR,2004-02-06,7:30p,,Indiana Pacers,L,,77,83,23,25,L 1
2004,TOR,2004-02-08,9:00p,@,Golden State Warriors,W,OT,84,81,24,25,W 1
2004,TOR,2004-02-10,10:00p,@,Phoenix Suns,W,,101,94,25,25,W 2
2004,TOR,2004-02-12,10:00p,@,Seattle SuperSonics,L,,74,94,25,26,L 1
2004,TOR,2004-02-17,8:30p,@,Chicago Bulls,L,,73,75,25,27,L 2
2004,TOR,2004-02-18,7:00p,,San Antonio Spurs,L,,82,86,25,28,L 3
2004,TOR,2004-02-20,7:30p,,New Jersey Nets,L,,72,91,25,29,L 4
2004,TOR,2004-02-22,1:00p,,Sacramento Kings,L,,81,96,25,30,L 5
2004,TOR,2004-02-24,7:30p,@,New Jersey Nets,L,,74,86,25,31,L 6
2004,TOR,2004-02-25,7:00p,,Washington Wizards,L,,74,76,25,32,L 7
2004,TOR,2004-02-27,7:00p,@,Boston Celtics,L,,75,88,25,33,L 8
2004,TOR,2004-02-29,1:00p,,Boston Celtics,L,,82,91,25,34,L 9
2004,TOR,2004-03-02,7:30p,@,Miami Heat,W,,89,86,26,34,W 1
2004,TOR,2004-03-03,7:00p,@,Washington Wizards,L,,70,84,26,35,L 1
2004,TOR,2004-03-05,7:00p,,New York Knicks,L,,103,109,26,36,L 2
2004,TOR,2004-03-07,1:00p,,New Orleans Hornets,W,,84,76,27,36,W 1
2004,TOR,2004-03-09,7:00p,@,Indiana Pacers,L,OT,84,94,27,37,L 1
2004,TOR,2004-03-10,7:00p,,Cleveland Cavaliers,L,,92,106,27,38,L 2
2004,TOR,2004-03-14,1:00p,,Atlanta Hawks,W,,101,84,28,38,W 1
2004,TOR,2004-03-17,7:30p,,Utah Jazz,W,,85,81,29,38,W 2
2004,TOR,2004-03-19,7:00p,,Chicago Bulls,L,,91,96,29,39,L 1
2004,TOR,2004-03-21,7:00p,@,New Orleans Hornets,W,OT,121,120,30,39,W 1
2004,TOR,2004-03-23,8:00p,@,Memphis Grizzlies,L,,86,95,30,40,L 1
2004,TOR,2004-03-24,8:30p,@,Houston Rockets,L,OT,89,90,30,41,L 2
2004,TOR,2004-03-26,7:30p,@,New York Knicks,L,,101,108,30,42,L 3
2004,TOR,2004-03-28,1:00p,,Memphis Grizzlies,L,,88,94,30,43,L 4
2004,TOR,2004-03-31,7:30p,,Golden State Warriors,L,,78,85,30,44,L 5
2004,TOR,2004-04-02,7:30p,@,Indiana Pacers,L,,64,84,30,45,L 6
2004,TOR,2004-04-04,1:00p,,Milwaukee Bucks,L,,83,90,30,46,L 7
2004,TOR,2004-04-06,7:30p,@,Cleveland Cavaliers,W,,87,86,31,46,W 1
2004,TOR,2004-04-07,7:30p,,Indiana Pacers,L,,90,94,31,47,L 1
2004,TOR,2004-04-09,8:00p,@,Detroit Pistons,L,,66,74,31,48,L 2
2004,TOR,2004-04-11,1:00p,,Chicago Bulls,L,OT,108,114,31,49,L 3
2004,TOR,2004-04-13,7:30p,,Detroit Pistons,W,,87,78,32,49,W 1
2004,TOR,2004-04-14,8:00p,@,Milwaukee Bucks,W,,89,87,33,49,W 2
2004,UTA,2003-10-29,9:00p,,Portland Trail Blazers,W,,99,92,1,0,W 1
2004,UTA,2003-11-01,8:30p,@,Dallas Mavericks,L,,102,127,1,1,L 1
2004,UTA,2003-11-03,9:00p,,Minnesota Timberwolves,W,,93,88,2,1,W 1
2004,UTA,2003-11-05,9:00p,,Phoenix Suns,W,,91,80,3,1,W 2
2004,UTA,2003-11-07,10:30p,@,Golden State Warriors,L,,89,95,3,2,L 1
2004,UTA,2003-11-08,9:00p,,Memphis Grizzlies,W,,96,89,4,2,W 1
2004,UTA,2003-11-10,8:00p,@,San Antonio Spurs,L,,78,87,4,3,L 1
2004,UTA,2003-11-12,8:00p,@,New Orleans Hornets,L,,89,96,4,4,L 2
2004,UTA,2003-11-14,8:00p,@,Minnesota Timberwolves,W,,85,77,5,4,W 1
2004,UTA,2003-11-15,8:30p,@,Milwaukee Bucks,L,,95,100,5,5,L 1
2004,UTA,2003-11-17,9:00p,,Orlando Magic,W,,90,88,6,5,W 1
2004,UTA,2003-11-19,9:00p,,Sacramento Kings,L,,110,118,6,6,L 1
2004,UTA,2003-11-21,9:00p,,Milwaukee Bucks,W,,99,90,7,6,W 1
2004,UTA,2003-11-26,9:00p,,Houston Rockets,W,,83,76,8,6,W 2
2004,UTA,2003-11-28,9:00p,,Seattle SuperSonics,W,,98,81,9,6,W 3
2004,UTA,2003-12-01,9:00p,,New Jersey Nets,W,,91,84,10,6,W 4
2004,UTA,2003-12-03,8:30p,@,Houston Rockets,L,OT,101,107,10,7,L 1
2004,UTA,2003-12-05,9:00p,,Los Angeles Clippers,W,,86,67,11,7,W 1
2004,UTA,2003-12-07,9:30p,@,Los Angeles Lakers,L,,92,94,11,8,L 1
2004,UTA,2003-12-08,9:00p,,Boston Celtics,L,,80,102,11,9,L 2
2004,UTA,2003-12-10,9:00p,,New York Knicks,W,,95,73,12,9,W 1
2004,UTA,2003-12-12,9:00p,,Sacramento Kings,L,,93,100,12,10,L 1
2004,UTA,2003-12-14,6:00p,@,Philadelphia 76ers,W,,94,86,13,10,W 1
2004,UTA,2003-12-16,7:00p,@,Washington Wizards,L,,87,91,13,11,L 1
2004,UTA,2003-12-17,7:30p,@,New Jersey Nets,L,,74,87,13,12,L 2
2004,UTA,2003-12-19,7:30p,@,Boston Celtics,W,,99,96,14,12,W 1
2004,UTA,2003-12-21,6:00p,@,Detroit Pistons,L,,75,96,14,13,L 1
2004,UTA,2003-12-22,8:30p,@,Chicago Bulls,W,,92,80,15,13,W 1
2004,UTA,2003-12-26,9:00p,,Toronto Raptors,W,OT,97,94,16,13,W 2
2004,UTA,2003-12-28,7:00p,@,Sacramento Kings,L,,89,98,16,14,L 1
2004,UTA,2003-12-29,9:00p,,Philadelphia 76ers,W,,106,97,17,14,W 1
2004,UTA,2004-01-02,8:00p,@,Memphis Grizzlies,L,,88,100,17,15,L 1
2004,UTA,2004-01-03,8:30p,@,Houston Rockets,L,,63,84,17,16,L 2
2004,UTA,2004-01-05,9:00p,,Dallas Mavericks,W,,108,94,18,16,W 1
2004,UTA,2004-01-09,9:00p,@,Denver Nuggets,L,,96,106,18,17,L 1
2004,UTA,2004-01-10,9:00p,,Atlanta Hawks,W,,92,71,19,17,W 1
2004,UTA,2004-01-13,9:00p,,Golden State Warriors,W,,97,80,20,17,W 2
2004,UTA,2004-01-15,9:00p,,Miami Heat,W,,97,85,21,17,W 3
2004,UTA,2004-01-17,9:00p,,Cleveland Cavaliers,L,OT,96,102,21,18,L 1
2004,UTA,2004-01-19,10:00p,@,Golden State Warriors,L,,85,101,21,19,L 2
2004,UTA,2004-01-20,9:00p,,Denver Nuggets,L,,75,96,21,20,L 3
2004,UTA,2004-01-23,10:30p,@,Los Angeles Clippers,L,,82,93,21,21,L 4
2004,UTA,2004-01-24,9:00p,,Los Angeles Lakers,L,,86,93,21,22,L 5
2004,UTA,2004-01-26,9:00p,,Los Angeles Clippers,W,,98,93,22,22,W 1
2004,UTA,2004-01-28,9:00p,,Dallas Mavericks,W,,91,88,23,22,W 2
2004,UTA,2004-01-30,8:00p,@,Memphis Grizzlies,W,,85,79,24,22,W 3
2004,UTA,2004-01-31,8:30p,@,San Antonio Spurs,L,,81,85,24,23,L 1
2004,UTA,2004-02-02,9:00p,,San Antonio Spurs,L,,65,83,24,24,L 2
2004,UTA,2004-02-04,9:00p,,Chicago Bulls,L,,79,95,24,25,L 3
2004,UTA,2004-02-06,9:00p,,Portland Trail Blazers,L,,73,87,24,26,L 4
2004,UTA,2004-02-07,9:00p,@,Phoenix Suns,W,,96,92,25,26,W 1
2004,UTA,2004-02-10,10:00p,@,Portland Trail Blazers,W,,86,81,26,26,W 2
2004,UTA,2004-02-11,9:00p,,Minnesota Timberwolves,L,,66,77,26,27,L 1
2004,UTA,2004-02-17,7:30p,@,Miami Heat,L,,85,97,26,28,L 2
2004,UTA,2004-02-18,7:00p,@,Orlando Magic,L,,77,90,26,29,L 3
2004,UTA,2004-02-20,7:30p,@,New York Knicks,W,,92,78,27,29,W 1
2004,UTA,2004-02-22,3:30p,@,Indiana Pacers,L,,80,94,27,30,L 1
2004,UTA,2004-02-24,9:00p,,Seattle SuperSonics,W,,99,86,28,30,W 1
2004,UTA,2004-02-25,10:00p,@,Seattle SuperSonics,W,OT,93,92,29,30,W 2
2004,UTA,2004-02-27,10:00p,@,Sacramento Kings,W,,102,97,30,30,W 3
2004,UTA,2004-03-01,9:00p,,Detroit Pistons,W,,94,86,31,30,W 4
2004,UTA,2004-03-05,9:00p,,Indiana Pacers,L,,88,96,31,31,L 1
2004,UTA,2004-03-06,10:00p,@,Portland Trail Blazers,L,,70,91,31,32,L 2
2004,UTA,2004-03-08,9:00p,,Los Angeles Lakers,W,,88,83,32,32,W 1
2004,UTA,2004-03-10,9:00p,,Golden State Warriors,W,,91,77,33,32,W 2
2004,UTA,2004-03-12,9:00p,@,Phoenix Suns,W,,99,90,34,32,W 3
2004,UTA,2004-03-14,10:00p,@,Denver Nuggets,L,,75,102,34,33,L 1
2004,UTA,2004-03-17,7:30p,@,Toronto Raptors,L,,81,85,34,34,L 2
2004,UTA,2004-03-19,7:30p,@,Cleveland Cavaliers,W,,97,88,35,34,W 1
2004,UTA,2004-03-20,7:00p,@,Atlanta Hawks,W,,87,81,36,34,W 2
2004,UTA,2004-03-23,9:00p,,Washington Wizards,W,,85,77,37,34,W 3
2004,UTA,2004-03-24,10:00p,@,Seattle SuperSonics,L,,77,84,37,35,L 1
2004,UTA,2004-03-27,9:00p,,Denver Nuggets,W,,85,83,38,35,W 1
2004,UTA,2004-03-28,9:30p,@,Los Angeles Lakers,L,,84,91,38,36,L 1
2004,UTA,2004-03-31,9:00p,,New Orleans Hornets,W,,89,76,39,36,W 1
2004,UTA,2004-04-02,9:00p,,San Antonio Spurs,L,,81,94,39,37,L 1
2004,UTA,2004-04-04,9:30p,@,Los Angeles Clippers,W,,97,92,40,37,W 1
2004,UTA,2004-04-05,9:00p,,Memphis Grizzlies,W,,92,81,41,37,W 2
2004,UTA,2004-04-08,8:30p,@,Dallas Mavericks,L,,94,117,41,38,L 1
2004,UTA,2004-04-10,9:00p,,Houston Rockets,W,,82,69,42,38,W 1
2004,UTA,2004-04-12,8:00p,@,Minnesota Timberwolves,L,,90,104,42,39,L 1
2004,UTA,2004-04-14,9:00p,,Phoenix Suns,L,,84,89,42,40,L 2
2004,WAS,2003-10-29,8:30p,@,Chicago Bulls,W,,99,74,1,0,W 1
2004,WAS,2003-10-31,7:00p,@,Toronto Raptors,L,,79,82,1,1,L 1
2004,WAS,2003-11-01,7:00p,,New Jersey Nets,L,,85,98,1,2,L 2
2004,WAS,2003-11-05,7:00p,,Dallas Mavericks,W,,100,90,2,2,W 1
2004,WAS,2003-11-07,7:00p,,Toronto Raptors,W,,86,60,3,2,W 2
2004,WAS,2003-11-08,7:30p,@,Cleveland Cavaliers,L,,98,111,3,3,L 1
2004,WAS,2003-11-11,7:00p,,Philadelphia 76ers,L,,105,112,3,4,L 2
2004,WAS,2003-11-14,7:30p,@,Miami Heat,L,OT,101,105,3,5,L 3
2004,WAS,2003-11-15,7:00p,,San Antonio Spurs,L,,71,95,3,6,L 4
2004,WAS,2003-11-17,7:30p,@,Atlanta Hawks,W,,106,97,4,6,W 1
2004,WAS,2003-11-19,7:00p,,Cleveland Cavaliers,W,,106,95,5,6,W 2
2004,WAS,2003-11-21,9:00p,@,Denver Nuggets,L,,87,108,5,7,L 1
2004,WAS,2003-11-23,9:00p,@,Seattle SuperSonics,L,,85,88,5,8,L 2
2004,WAS,2003-11-25,10:00p,@,Portland Trail Blazers,W,,81,80,6,8,W 1
2004,WAS,2003-11-26,10:30p,@,Los Angeles Lakers,L,,99,120,6,9,L 1
2004,WAS,2003-11-29,7:00p,,Detroit Pistons,L,,69,80,6,10,L 2
2004,WAS,2003-12-02,8:30p,@,Dallas Mavericks,L,,72,97,6,11,L 3
2004,WAS,2003-12-05,8:00p,@,Memphis Grizzlies,L,,77,92,6,12,L 4
2004,WAS,2003-12-06,8:30p,@,Milwaukee Bucks,W,OT,114,109,7,12,W 1
2004,WAS,2003-12-09,7:00p,@,Indiana Pacers,L,,79,93,7,13,L 1
2004,WAS,2003-12-10,7:00p,,Orlando Magic,L,,91,95,7,14,L 2
2004,WAS,2003-12-12,7:00p,,Minnesota Timberwolves,L,,91,110,7,15,L 3
2004,WAS,2003-12-14,7:00p,@,New York Knicks,L,,87,89,7,16,L 4
2004,WAS,2003-12-16,7:00p,,Utah Jazz,W,,91,87,8,16,W 1
2004,WAS,2003-12-19,7:30p,@,New Jersey Nets,L,,87,97,8,17,L 1
2004,WAS,2003-12-23,7:30p,@,Miami Heat,L,,72,79,8,18,L 2
2004,WAS,2003-12-26,7:00p,,Miami Heat,L,,84,92,8,19,L 3
2004,WAS,2003-12-27,8:30p,@,Chicago Bulls,L,,86,100,8,20,L 4
2004,WAS,2003-12-30,7:00p,,Atlanta Hawks,L,,73,83,8,21,L 5
2004,WAS,2004-01-02,7:00p,,Golden State Warriors,W,,97,79,9,21,W 1
2004,WAS,2004-01-04,2:00p,,Milwaukee Bucks,L,,94,100,9,22,L 1
2004,WAS,2004-01-06,8:30p,@,San Antonio Spurs,L,,72,94,9,23,L 2
2004,WAS,2004-01-07,8:00p,@,New Orleans Hornets,L,,87,97,9,24,L 3
2004,WAS,2004-01-09,7:00p,@,Orlando Magic,L,,92,103,9,25,L 4
2004,WAS,2004-01-10,7:00p,,Philadelphia 76ers,W,,94,87,10,25,W 1
2004,WAS,2004-01-13,7:00p,,Houston Rockets,L,,80,93,10,26,L 1
2004,WAS,2004-01-14,7:30p,@,New Jersey Nets,L,,103,115,10,27,L 2
2004,WAS,2004-01-16,8:00p,@,Detroit Pistons,L,,77,98,10,28,L 3
2004,WAS,2004-01-17,7:00p,,Seattle SuperSonics,W,,99,84,11,28,W 1
2004,WAS,2004-01-19,1:00p,,Chicago Bulls,W,,93,83,12,28,W 2
2004,WAS,2004-01-23,7:30p,@,Boston Celtics,L,,89,100,12,29,L 1
2004,WAS,2004-01-24,7:00p,,Indiana Pacers,W,,107,96,13,29,W 1
2004,WAS,2004-01-26,7:00p,,Portland Trail Blazers,L,,83,94,13,30,L 1
2004,WAS,2004-01-28,7:00p,,Orlando Magic,L,,100,104,13,31,L 2
2004,WAS,2004-01-30,7:00p,,Phoenix Suns,W,,105,100,14,31,W 1
2004,WAS,2004-02-01,12:00p,,Cleveland Cavaliers,L,,100,104,14,32,L 1
2004,WAS,2004-02-04,7:00p,,Memphis Grizzlies,L,,101,103,14,33,L 2
2004,WAS,2004-02-06,7:00p,,Los Angeles Clippers,W,,112,100,15,33,W 1
2004,WAS,2004-02-07,7:30p,@,Cleveland Cavaliers,W,,106,88,16,33,W 2
2004,WAS,2004-02-11,7:00p,@,Philadelphia 76ers,L,,88,113,16,34,L 1
2004,WAS,2004-02-17,8:30p,@,Houston Rockets,L,,81,107,16,35,L 2
2004,WAS,2004-02-18,8:00p,@,New Orleans Hornets,L,,98,120,16,36,L 3
2004,WAS,2004-02-20,7:00p,,Indiana Pacers,L,,87,96,16,37,L 4
2004,WAS,2004-02-22,6:00p,,Milwaukee Bucks,L,,85,113,16,38,L 5
2004,WAS,2004-02-25,7:00p,@,Toronto Raptors,W,,76,74,17,38,W 1
2004,WAS,2004-02-26,7:00p,,Chicago Bulls,W,,95,87,18,38,W 2
2004,WAS,2004-02-28,3:30p,,Los Angeles Lakers,L,,110,122,18,39,L 1
2004,WAS,2004-03-01,7:00p,,New Orleans Hornets,W,OT,111,106,19,39,W 1
2004,WAS,2004-03-03,7:00p,,Toronto Raptors,W,,84,70,20,39,W 2
2004,WAS,2004-03-05,7:30p,@,Boston Celtics,L,,90,94,20,40,L 1
2004,WAS,2004-03-07,2:00p,,New York Knicks,L,,86,99,20,41,L 2
2004,WAS,2004-03-09,7:00p,,Denver Nuggets,L,,87,117,20,42,L 3
2004,WAS,2004-03-10,7:00p,@,Orlando Magic,L,,99,108,20,43,L 4
2004,WAS,2004-03-12,7:30p,@,Atlanta Hawks,L,,124,138,20,44,L 5
2004,WAS,2004-03-13,7:00p,,Boston Celtics,L,,102,111,20,45,L 6
2004,WAS,2004-03-16,7:30p,@,New York Knicks,L,OT,110,114,20,46,L 7
2004,WAS,2004-03-17,7:00p,,Sacramento Kings,W,,114,108,21,46,W 1
2004,WAS,2004-03-19,7:00p,,Atlanta Hawks,W,,94,84,22,46,W 2
2004,WAS,2004-03-21,4:00p,,Miami Heat,L,,81,101,22,47,L 1
2004,WAS,2004-03-23,9:00p,@,Utah Jazz,L,,77,85,22,48,L 2
2004,WAS,2004-03-25,10:30p,@,Los Angeles Clippers,W,,103,94,23,48,W 1
2004,WAS,2004-03-26,10:30p,@,Golden State Warriors,L,,78,99,23,49,L 1
2004,WAS,2004-03-28,7:00p,@,Sacramento Kings,L,,92,100,23,50,L 2
2004,WAS,2004-03-29,9:00p,@,Phoenix Suns,L,,95,101,23,51,L 3
2004,WAS,2004-03-31,7:00p,,New Jersey Nets,L,OT,99,103,23,52,L 4
2004,WAS,2004-04-02,8:00p,@,Minnesota Timberwolves,L,,73,91,23,53,L 5
2004,WAS,2004-04-04,2:00p,,Boston Celtics,W,,112,102,24,53,W 1
2004,WAS,2004-04-07,8:00p,@,Milwaukee Bucks,L,,107,116,24,54,L 1
2004,WAS,2004-04-09,7:00p,@,Philadelphia 76ers,W,,83,80,25,54,W 1
2004,WAS,2004-04-10,7:00p,,New York Knicks,L,OT,98,102,25,55,L 1
2004,WAS,2004-04-12,7:30p,@,Detroit Pistons,L,,79,101,25,56,L 2
2004,WAS,2004-04-14,7:00p,,New Orleans Hornets,L,,78,94,25,57,L 3
2005,ATL,2004-11-03,9:00p,@,Phoenix Suns,L,,82,112,0,1,L 1
2005,ATL,2004-11-05,10:30p,@,Seattle SuperSonics,L,,85,106,0,2,L 2
2005,ATL,2004-11-07,9:30p,@,Los Angeles Lakers,L,,90,106,0,3,L 3
2005,ATL,2004-11-09,7:30p,,Cleveland Cavaliers,L,,79,93,0,4,L 4
2005,ATL,2004-11-12,8:00p,@,New Orleans Hornets,W,,96,95,1,4,W 1
2005,ATL,2004-11-13,7:00p,,San Antonio Spurs,L,,88,103,1,5,L 1
2005,ATL,2004-11-16,7:30p,,Houston Rockets,W,,88,84,2,5,W 1
2005,ATL,2004-11-17,7:00p,@,Indiana Pacers,L,,86,93,2,6,L 1
2005,ATL,2004-11-20,7:00p,,Utah Jazz,L,,79,92,2,7,L 2
2005,ATL,2004-11-23,7:30p,@,New York Knicks,L,,88,104,2,8,L 3
2005,ATL,2004-11-24,7:30p,,Miami Heat,L,,93,99,2,9,L 4
2005,ATL,2004-11-26,7:30p,,Orlando Magic,L,,99,117,2,10,L 5
2005,ATL,2004-11-27,7:00p,@,Charlotte Bobcats,L,,92,107,2,11,L 6
2005,ATL,2004-11-30,7:30p,,New York Knicks,L,OT,109,110,2,12,L 7
2005,ATL,2004-12-03,7:30p,,Washington Wizards,L,,90,114,2,13,L 8
2005,ATL,2004-12-04,7:30p,@,New Jersey Nets,L,,88,109,2,14,L 9
2005,ATL,2004-12-06,7:30p,,Philadelphia 76ers,W,,96,92,3,14,W 1
2005,ATL,2004-12-08,7:30p,,Memphis Grizzlies,L,,89,97,3,15,L 1
2005,ATL,2004-12-10,8:00p,@,Detroit Pistons,W,,88,72,4,15,W 1
2005,ATL,2004-12-11,7:00p,,New Jersey Nets,L,,90,95,4,16,L 1
2005,ATL,2004-12-14,7:30p,,Indiana Pacers,L,OT,97,108,4,17,L 2
2005,ATL,2004-12-15,8:30p,@,Houston Rockets,L,,69,92,4,18,L 3
2005,ATL,2004-12-17,7:30p,,Portland Trail Blazers,L,,84,100,4,19,L 4
2005,ATL,2004-12-18,8:30p,@,Dallas Mavericks,L,,68,90,4,20,L 5
2005,ATL,2004-12-22,7:30p,,Dallas Mavericks,W,,113,100,5,20,W 1
2005,ATL,2004-12-27,7:30p,@,Miami Heat,L,,102,116,5,21,L 1
2005,ATL,2004-12-28,7:30p,,Cleveland Cavaliers,L,,102,111,5,22,L 2
2005,ATL,2004-12-30,2:00p,,Seattle SuperSonics,L,,79,94,5,23,L 3
2005,ATL,2005-01-02,12:00p,@,Washington Wizards,L,,101,104,5,24,L 4
2005,ATL,2005-01-05,7:00p,@,Cleveland Cavaliers,L,,85,101,5,25,L 5
2005,ATL,2005-01-07,7:30p,,Sacramento Kings,L,,97,100,5,26,L 6
2005,ATL,2005-01-11,7:30p,,Milwaukee Bucks,W,,103,80,6,26,W 1
2005,ATL,2005-01-14,7:30p,@,Boston Celtics,L,,94,106,6,27,L 1
2005,ATL,2005-01-15,6:00p,,Charlotte Bobcats,W,,103,95,7,27,W 1
2005,ATL,2005-01-17,2:00p,,New Jersey Nets,L,,84,85,7,28,L 1
2005,ATL,2005-01-19,7:30p,@,Miami Heat,L,,92,111,7,29,L 2
2005,ATL,2005-01-21,8:30p,@,Chicago Bulls,L,,85,95,7,30,L 3
2005,ATL,2005-01-22,7:00p,,Boston Celtics,W,,100,96,8,30,W 1
2005,ATL,2005-01-24,7:30p,,Chicago Bulls,L,,82,107,8,31,L 1
2005,ATL,2005-01-26,8:00p,@,Minnesota Timberwolves,L,,87,104,8,32,L 2
2005,ATL,2005-01-28,7:30p,,Miami Heat,L,,96,106,8,33,L 3
2005,ATL,2005-01-29,8:00p,@,Memphis Grizzlies,L,,83,84,8,34,L 4
2005,ATL,2005-01-31,7:30p,,Orlando Magic,W,,80,79,9,34,W 1
2005,ATL,2005-02-02,7:30p,@,Detroit Pistons,L,,84,99,9,35,L 1
2005,ATL,2005-02-04,7:00p,@,Philadelphia 76ers,L,,85,103,9,36,L 2
2005,ATL,2005-02-05,7:00p,,Indiana Pacers,L,,79,84,9,37,L 3
2005,ATL,2005-02-07,7:30p,,Los Angeles Lakers,W,,114,108,10,37,W 1
2005,ATL,2005-02-10,7:00p,@,Orlando Magic,L,,96,101,10,38,L 1
2005,ATL,2005-02-12,8:30p,@,Milwaukee Bucks,L,,83,113,10,39,L 2
2005,ATL,2005-02-15,7:30p,,Denver Nuggets,L,,96,100,10,40,L 3
2005,ATL,2005-02-16,7:00p,@,Cleveland Cavaliers,L,,89,111,10,41,L 4
2005,ATL,2005-02-22,10:00p,@,Sacramento Kings,L,,104,114,10,42,L 5
2005,ATL,2005-02-23,10:30p,@,Golden State Warriors,L,,96,101,10,43,L 6
2005,ATL,2005-02-25,10:00p,@,Portland Trail Blazers,L,,101,102,10,44,L 7
2005,ATL,2005-02-27,9:30p,@,Los Angeles Clippers,L,,104,111,10,45,L 8
2005,ATL,2005-03-01,9:00p,@,Denver Nuggets,L,,74,97,10,46,L 9
2005,ATL,2005-03-02,9:00p,@,Utah Jazz,L,,74,96,10,47,L 10
2005,ATL,2005-03-05,7:00p,,Philadelphia 76ers,L,,97,98,10,48,L 11
2005,ATL,2005-03-08,8:00p,@,Milwaukee Bucks,L,,101,105,10,49,L 12
2005,ATL,2005-03-09,7:00p,@,Boston Celtics,L,,91,95,10,50,L 13
2005,ATL,2005-03-11,7:00p,@,Toronto Raptors,W,OT,116,112,11,50,W 1
2005,ATL,2005-03-12,7:00p,,Golden State Warriors,L,,92,105,11,51,L 1
2005,ATL,2005-03-14,7:30p,,Detroit Pistons,L,OT,108,114,11,52,L 2
2005,ATL,2005-03-16,7:30p,,Washington Wizards,L,,93,122,11,53,L 3
2005,ATL,2005-03-18,7:30p,,New York Knicks,L,,92,106,11,54,L 4
2005,ATL,2005-03-21,8:30p,@,Chicago Bulls,L,,91,105,11,55,L 5
2005,ATL,2005-03-22,7:30p,,Phoenix Suns,L,,94,105,11,56,L 6
2005,ATL,2005-03-25,8:30p,@,San Antonio Spurs,L,,95,111,11,57,L 7
2005,ATL,2005-03-26,7:00p,,Toronto Raptors,L,,104,109,11,58,L 8
2005,ATL,2005-03-28,7:00p,@,Orlando Magic,L,,102,109,11,59,L 9
2005,ATL,2005-03-30,7:00p,@,Washington Wizards,L,,99,102,11,60,L 10
2005,ATL,2005-04-01,7:30p,,Boston Celtics,L,,100,116,11,61,L 11
2005,ATL,2005-04-03,6:00p,,Los Angeles Clippers,L,,91,111,11,62,L 12
2005,ATL,2005-04-05,7:30p,,New Orleans Hornets,L,,86,96,11,63,L 13
2005,ATL,2005-04-08,7:00p,@,Toronto Raptors,L,OT,101,109,11,64,L 14
2005,ATL,2005-04-09,7:00p,,Minnesota Timberwolves,W,,105,98,12,64,W 1
2005,ATL,2005-04-11,7:30p,,Charlotte Bobcats,L,OT,105,110,12,65,L 1
2005,ATL,2005-04-13,7:00p,@,Charlotte Bobcats,L,,84,105,12,66,L 2
2005,ATL,2005-04-16,7:00p,,Chicago Bulls,L,,105,114,12,67,L 3
2005,ATL,2005-04-17,7:30p,@,New York Knicks,W,OT,139,135,13,67,W 1
2005,ATL,2005-04-19,7:30p,,Detroit Pistons,L,,68,95,13,68,L 1
2005,ATL,2005-04-20,7:00p,@,Philadelphia 76ers,L,,86,110,13,69,L 2
2005,BOS,2004-11-03,7:30p,,Philadelphia 76ers,L,,95,98,0,1,L 1
2005,BOS,2004-11-05,7:30p,,Indiana Pacers,L,,94,100,0,2,L 2
2005,BOS,2004-11-06,7:30p,@,New York Knicks,W,,107,73,1,2,W 1
2005,BOS,2004-11-10,7:00p,,Portland Trail Blazers,W,,90,88,2,2,W 2
2005,BOS,2004-11-12,7:30p,,Charlotte Bobcats,W,,91,74,3,2,W 3
2005,BOS,2004-11-17,7:00p,@,Washington Wizards,L,OT,105,110,3,3,L 1
2005,BOS,2004-11-19,7:30p,,San Antonio Spurs,L,,84,92,3,4,L 2
2005,BOS,2004-11-21,6:00p,,Seattle SuperSonics,W,,102,83,4,4,W 1
2005,BOS,2004-11-23,7:00p,@,Indiana Pacers,L,,96,106,4,5,L 1
2005,BOS,2004-11-24,7:00p,@,Philadelphia 76ers,L,,97,110,4,6,L 2
2005,BOS,2004-11-26,7:30p,,Cleveland Cavaliers,L,,96,98,4,7,L 3
2005,BOS,2004-11-28,6:00p,@,Miami Heat,L,,104,106,4,8,L 4
2005,BOS,2004-11-29,7:00p,@,Orlando Magic,W,,117,101,5,8,W 1
2005,BOS,2004-12-01,7:00p,,Milwaukee Bucks,W,,101,100,6,8,W 2
2005,BOS,2004-12-03,7:30p,,Toronto Raptors,W,,91,89,7,8,W 3
2005,BOS,2004-12-05,9:00p,@,Sacramento Kings,L,,105,119,7,9,L 1
2005,BOS,2004-12-06,10:30p,@,Golden State Warriors,L,,106,110,7,10,L 2
2005,BOS,2004-12-09,10:30p,@,Portland Trail Blazers,L,,87,89,7,11,L 3
2005,BOS,2004-12-11,10:00p,@,Seattle SuperSonics,W,,98,84,8,11,W 1
2005,BOS,2004-12-13,10:30p,@,Los Angeles Clippers,W,2OT,134,127,9,11,W 2
2005,BOS,2004-12-15,7:00p,,Denver Nuggets,L,,99,100,9,12,L 1
2005,BOS,2004-12-17,7:30p,,Utah Jazz,W,,114,106,10,12,W 1
2005,BOS,2004-12-18,7:30p,@,Cleveland Cavaliers,W,OT,114,107,11,12,W 2
2005,BOS,2004-12-21,7:30p,@,Miami Heat,L,,100,108,11,13,L 1
2005,BOS,2004-12-22,7:00p,,New York Knicks,W,,114,109,12,13,W 1
2005,BOS,2004-12-26,7:00p,@,San Antonio Spurs,L,,90,107,12,14,L 1
2005,BOS,2004-12-28,8:30p,@,Dallas Mavericks,L,,94,113,12,15,L 2
2005,BOS,2004-12-29,8:00p,@,Memphis Grizzlies,L,,109,117,12,16,L 3
2005,BOS,2004-12-31,3:00p,,Washington Wizards,W,,108,103,13,16,W 1
2005,BOS,2005-01-02,6:00p,@,Detroit Pistons,L,,88,100,13,17,L 1
2005,BOS,2005-01-03,7:00p,,New Orleans Hornets,W,,108,90,14,17,W 1
2005,BOS,2005-01-05,7:00p,,Golden State Warriors,W,,84,83,15,17,W 2
2005,BOS,2005-01-07,7:30p,,Detroit Pistons,L,,104,110,15,18,L 1
2005,BOS,2005-01-08,8:30p,@,Chicago Bulls,L,,91,102,15,19,L 2
2005,BOS,2005-01-10,7:00p,,Orlando Magic,W,,119,101,16,19,W 1
2005,BOS,2005-01-12,7:00p,@,Toronto Raptors,L,,93,104,16,20,L 1
2005,BOS,2005-01-14,7:30p,,Atlanta Hawks,W,,106,94,17,20,W 1
2005,BOS,2005-01-19,7:00p,,Chicago Bulls,W,,92,83,18,20,W 2
2005,BOS,2005-01-21,7:30p,@,New Jersey Nets,L,,98,104,18,21,L 1
2005,BOS,2005-01-22,7:00p,@,Atlanta Hawks,L,,96,100,18,22,L 2
2005,BOS,2005-01-25,7:00p,@,Charlotte Bobcats,W,,97,92,19,22,W 1
2005,BOS,2005-01-26,7:00p,,Indiana Pacers,W,,100,86,20,22,W 2
2005,BOS,2005-01-28,7:30p,,Phoenix Suns,L,,119,128,20,23,L 1
2005,BOS,2005-01-29,8:30p,@,Chicago Bulls,W,,101,97,21,23,W 1
2005,BOS,2005-01-31,7:00p,,Houston Rockets,L,,94,97,21,24,L 1
2005,BOS,2005-02-02,7:00p,,New Jersey Nets,W,,110,89,22,24,W 1
2005,BOS,2005-02-04,7:30p,,Orlando Magic,W,,112,100,23,24,W 2
2005,BOS,2005-02-06,1:00p,@,Minnesota Timberwolves,W,,103,100,24,24,W 3
2005,BOS,2005-02-08,8:00p,@,Milwaukee Bucks,L,,97,121,24,25,L 1
2005,BOS,2005-02-09,7:00p,,Los Angeles Clippers,W,,94,89,25,25,W 1
2005,BOS,2005-02-11,7:30p,,New York Knicks,W,,111,94,26,25,W 2
2005,BOS,2005-02-13,6:00p,,Sacramento Kings,L,,100,104,26,26,L 1
2005,BOS,2005-02-16,7:00p,,Memphis Grizzlies,W,,90,88,27,26,W 1
2005,BOS,2005-02-22,10:30p,@,Los Angeles Lakers,L,,95,104,27,27,L 1
2005,BOS,2005-02-23,9:00p,@,Denver Nuggets,L,,86,107,27,28,L 2
2005,BOS,2005-02-25,9:00p,@,Utah Jazz,W,,109,102,28,28,W 1
2005,BOS,2005-02-27,8:00p,@,Phoenix Suns,W,OT,120,113,29,28,W 2
2005,BOS,2005-03-02,7:30p,,Los Angeles Lakers,W,,104,101,30,28,W 3
2005,BOS,2005-03-04,7:30p,,Charlotte Bobcats,W,,104,84,31,28,W 4
2005,BOS,2005-03-06,6:00p,,Minnesota Timberwolves,L,,97,99,31,29,L 1
2005,BOS,2005-03-09,7:00p,,Atlanta Hawks,W,,95,91,32,29,W 1
2005,BOS,2005-03-11,7:30p,,Detroit Pistons,W,2OT,115,113,33,29,W 2
2005,BOS,2005-03-13,6:00p,,Washington Wizards,W,,105,101,34,29,W 3
2005,BOS,2005-03-14,7:00p,@,Charlotte Bobcats,W,,119,110,35,29,W 4
2005,BOS,2005-03-16,7:00p,,Toronto Raptors,W,,110,109,36,29,W 5
2005,BOS,2005-03-18,8:30p,@,Houston Rockets,W,,103,92,37,29,W 6
2005,BOS,2005-03-19,8:00p,@,New Orleans Hornets,W,,113,100,38,29,W 7
2005,BOS,2005-03-23,7:30p,@,New York Knicks,L,,82,107,38,30,L 1
2005,BOS,2005-03-25,7:30p,,Chicago Bulls,L,,86,94,38,31,L 2
2005,BOS,2005-03-26,7:30p,@,Detroit Pistons,L,OT,99,105,38,32,L 3
2005,BOS,2005-03-30,7:00p,,Dallas Mavericks,L,,100,112,38,33,L 4
2005,BOS,2005-04-01,7:30p,@,Atlanta Hawks,W,,116,100,39,33,W 1
2005,BOS,2005-04-03,1:00p,,Philadelphia 76ers,L,,93,97,39,34,L 1
2005,BOS,2005-04-05,7:00p,@,Washington Wizards,W,,116,108,40,34,W 1
2005,BOS,2005-04-06,7:00p,,Milwaukee Bucks,W,,103,97,41,34,W 2
2005,BOS,2005-04-09,1:00p,@,New Jersey Nets,L,,86,99,41,35,L 1
2005,BOS,2005-04-12,7:00p,@,Philadelphia 76ers,W,,105,98,42,35,W 1
2005,BOS,2005-04-13,8:00p,@,Milwaukee Bucks,W,,111,108,43,35,W 2
2005,BOS,2005-04-15,7:30p,,Miami Heat,W,,101,99,44,35,W 3
2005,BOS,2005-04-17,6:00p,@,Toronto Raptors,W,,103,98,45,35,W 4
2005,BOS,2005-04-19,7:00p,@,Cleveland Cavaliers,L,,86,100,45,36,L 1
2005,BOS,2005-04-20,7:00p,,New Jersey Nets,L,,93,102,45,37,L 2
2005,BOS,2005-04-23,8:00p,,Indiana Pacers,W,,102,82,1,0,W 1
2005,BOS,2005-04-25,7:00p,,Indiana Pacers,L,,79,82,1,1,L 1
2005,BOS,2005-04-28,8:30p,@,Indiana Pacers,L,,76,99,1,2,L 2
2005,BOS,2005-04-30,8:00p,@,Indiana Pacers,W,,110,79,2,2,W 1
2005,BOS,2005-05-03,7:30p,,Indiana Pacers,L,,85,90,2,3,L 1
2005,BOS,2005-05-05,7:00p,@,Indiana Pacers,W,OT,92,89,3,3,W 1
2005,BOS,2005-05-07,7:00p,,Indiana Pacers,L,,70,97,3,4,L 1
2005,CHA,2004-11-04,7:00p,,Washington Wizards,L,,96,103,0,1,L 1
2005,CHA,2004-11-06,7:00p,,Orlando Magic,W,,111,100,1,1,W 1
2005,CHA,2004-11-10,8:00p,@,Milwaukee Bucks,L,,100,102,1,2,L 1
2005,CHA,2004-11-12,7:30p,@,Boston Celtics,L,,74,91,1,3,L 2
2005,CHA,2004-11-13,7:00p,,Golden State Warriors,L,,87,103,1,4,L 3
2005,CHA,2004-11-16,7:00p,,Utah Jazz,L,,105,107,1,5,L 4
2005,CHA,2004-11-18,7:00p,,Cleveland Cavaliers,L,,89,106,1,6,L 5
2005,CHA,2004-11-20,7:30p,@,Cleveland Cavaliers,L,,84,100,1,7,L 6
2005,CHA,2004-11-21,6:00p,@,Detroit Pistons,L,2OT,116,117,1,8,L 7
2005,CHA,2004-11-23,7:00p,,Detroit Pistons,W,,91,89,2,8,W 1
2005,CHA,2004-11-26,8:00p,@,Indiana Pacers,L,,77,82,2,9,L 1
2005,CHA,2004-11-27,7:00p,,Atlanta Hawks,W,,107,92,3,9,W 1
2005,CHA,2004-11-30,7:30p,@,New Jersey Nets,L,,86,99,3,10,L 1
2005,CHA,2004-12-04,7:00p,,New York Knicks,W,,107,101,4,10,W 1
2005,CHA,2004-12-06,10:30p,@,Los Angeles Clippers,L,2OT,93,99,4,11,L 1
2005,CHA,2004-12-07,10:00p,@,Sacramento Kings,L,,92,109,4,12,L 2
2005,CHA,2004-12-10,9:00p,@,Phoenix Suns,L,,106,115,4,13,L 3
2005,CHA,2004-12-12,9:00p,@,Golden State Warriors,L,,87,99,4,14,L 4
2005,CHA,2004-12-14,7:00p,,New Orleans Hornets,W,OT,94,93,5,14,W 1
2005,CHA,2004-12-18,7:00p,,Houston Rockets,W,OT,101,100,6,14,W 2
2005,CHA,2004-12-21,7:00p,,New Jersey Nets,L,,91,94,6,15,L 1
2005,CHA,2004-12-22,8:30p,@,Houston Rockets,W,,90,87,7,15,W 1
2005,CHA,2004-12-26,1:00p,@,New York Knicks,L,,82,91,7,16,L 1
2005,CHA,2004-12-27,7:00p,@,Washington Wizards,L,,87,106,7,17,L 2
2005,CHA,2004-12-29,7:00p,,Indiana Pacers,L,,71,74,7,18,L 3
2005,CHA,2004-12-31,7:00p,,Seattle SuperSonics,L,,97,103,7,19,L 4
2005,CHA,2005-01-01,7:30p,@,Miami Heat,L,,90,113,7,20,L 5
2005,CHA,2005-01-03,7:00p,,Cleveland Cavaliers,L,,83,94,7,21,L 6
2005,CHA,2005-01-05,7:00p,,Minnesota Timberwolves,W,,102,84,8,21,W 1
2005,CHA,2005-01-07,7:00p,@,Orlando Magic,L,,91,111,8,22,L 1
2005,CHA,2005-01-11,7:00p,@,Cleveland Cavaliers,L,OT,98,100,8,23,L 2
2005,CHA,2005-01-14,7:00p,,Memphis Grizzlies,L,,89,109,8,24,L 3
2005,CHA,2005-01-15,6:00p,@,Atlanta Hawks,L,,95,103,8,25,L 4
2005,CHA,2005-01-17,1:00p,,Milwaukee Bucks,L,,92,99,8,26,L 5
2005,CHA,2005-01-19,7:00p,,Philadelphia 76ers,L,,105,107,8,27,L 6
2005,CHA,2005-01-21,7:00p,,Dallas Mavericks,L,,99,105,8,28,L 7
2005,CHA,2005-01-23,1:00p,@,Toronto Raptors,L,,92,103,8,29,L 8
2005,CHA,2005-01-25,7:00p,,Boston Celtics,L,,92,97,8,30,L 9
2005,CHA,2005-01-27,8:30p,@,Chicago Bulls,L,,93,101,8,31,L 10
2005,CHA,2005-01-28,7:00p,,Toronto Raptors,W,,101,94,9,31,W 1
2005,CHA,2005-01-30,9:30p,@,Los Angeles Lakers,L,,90,101,9,32,L 1
2005,CHA,2005-02-01,9:00p,@,Utah Jazz,W,,109,105,10,32,W 1
2005,CHA,2005-02-04,10:00p,@,Portland Trail Blazers,L,,89,101,10,33,L 1
2005,CHA,2005-02-05,10:00p,@,Seattle SuperSonics,L,,99,113,10,34,L 2
2005,CHA,2005-02-08,7:00p,,San Antonio Spurs,L,,85,104,10,35,L 3
2005,CHA,2005-02-09,7:00p,@,Indiana Pacers,L,,87,94,10,36,L 4
2005,CHA,2005-02-11,7:00p,,Miami Heat,L,,87,97,10,37,L 5
2005,CHA,2005-02-13,6:00p,@,New York Knicks,L,,99,102,10,38,L 6
2005,CHA,2005-02-14,7:00p,,Portland Trail Blazers,L,,77,80,10,39,L 7
2005,CHA,2005-02-16,7:00p,,Denver Nuggets,W,,94,88,11,39,W 1
2005,CHA,2005-02-22,7:00p,,Milwaukee Bucks,L,,102,112,11,40,L 1
2005,CHA,2005-02-25,7:30p,@,New Jersey Nets,L,,86,93,11,41,L 2
2005,CHA,2005-02-26,7:00p,,Chicago Bulls,L,,90,94,11,42,L 3
2005,CHA,2005-03-01,7:00p,,Sacramento Kings,W,,94,87,12,42,W 1
2005,CHA,2005-03-02,9:00p,@,New Orleans Hornets,L,,85,94,12,43,L 1
2005,CHA,2005-03-04,7:30p,@,Boston Celtics,L,,84,104,12,44,L 2
2005,CHA,2005-03-05,7:00p,,Washington Wizards,L,,84,86,12,45,L 3
2005,CHA,2005-03-08,8:00p,@,Minnesota Timberwolves,L,,97,102,12,46,L 4
2005,CHA,2005-03-11,7:00p,@,Philadelphia 76ers,L,,80,112,12,47,L 5
2005,CHA,2005-03-12,7:00p,,Los Angeles Lakers,L,,116,117,12,48,L 6
2005,CHA,2005-03-14,7:00p,,Boston Celtics,L,,110,119,12,49,L 7
2005,CHA,2005-03-16,9:00p,@,Denver Nuggets,L,,101,120,12,50,L 8
2005,CHA,2005-03-18,8:30p,@,San Antonio Spurs,L,,76,93,12,51,L 9
2005,CHA,2005-03-19,8:30p,@,Dallas Mavericks,L,,93,104,12,52,L 10
2005,CHA,2005-03-21,7:00p,,Orlando Magic,W,,102,97,13,52,W 1
2005,CHA,2005-03-23,7:00p,,Phoenix Suns,L,,105,120,13,53,L 1
2005,CHA,2005-03-24,7:00p,@,Orlando Magic,W,,108,94,14,53,W 1
2005,CHA,2005-03-26,7:00p,,Miami Heat,W,,94,92,15,53,W 2
2005,CHA,2005-03-28,7:00p,,New Jersey Nets,L,,91,95,15,54,L 1
2005,CHA,2005-03-30,7:00p,,Chicago Bulls,L,,99,102,15,55,L 2
2005,CHA,2005-04-01,7:00p,,Toronto Raptors,L,,107,119,15,56,L 3
2005,CHA,2005-04-02,8:30p,@,Chicago Bulls,L,,97,112,15,57,L 4
2005,CHA,2005-04-05,7:00p,,Los Angeles Clippers,L,,102,104,15,58,L 5
2005,CHA,2005-04-06,7:00p,@,Philadelphia 76ers,L,,103,106,15,59,L 6
2005,CHA,2005-04-08,8:30p,@,Milwaukee Bucks,L,,75,93,15,60,L 7
2005,CHA,2005-04-10,8:00p,@,Memphis Grizzlies,L,,95,102,15,61,L 8
2005,CHA,2005-04-11,7:30p,@,Atlanta Hawks,W,OT,110,105,16,61,W 1
2005,CHA,2005-04-13,7:00p,,Atlanta Hawks,W,,105,84,17,61,W 2
2005,CHA,2005-04-16,1:00p,,New York Knicks,L,,98,100,17,62,L 1
2005,CHA,2005-04-17,1:00p,@,Washington Wizards,L,,104,106,17,63,L 2
2005,CHA,2005-04-19,7:30p,@,Miami Heat,L,,80,99,17,64,L 3
2005,CHA,2005-04-20,7:00p,,Detroit Pistons,W,,97,86,18,64,W 1
2005,CHI,2004-11-05,8:30p,,New Jersey Nets,L,2OT,106,111,0,1,L 1
2005,CHI,2004-11-06,8:00p,@,Indiana Pacers,L,,90,100,0,2,L 2
2005,CHI,2004-11-09,8:30p,,Phoenix Suns,L,,74,94,0,3,L 3
2005,CHI,2004-11-13,8:30p,,Los Angeles Clippers,L,,96,97,0,4,L 4
2005,CHI,2004-11-16,10:00p,@,Sacramento Kings,L,,106,113,0,5,L 5
2005,CHI,2004-11-17,10:30p,@,Golden State Warriors,L,,85,98,0,6,L 6
2005,CHI,2004-11-19,9:00p,@,Denver Nuggets,L,,81,99,0,7,L 7
2005,CHI,2004-11-21,9:30p,@,Los Angeles Lakers,L,,93,102,0,8,L 8
2005,CHI,2004-11-22,9:00p,@,Phoenix Suns,L,,82,100,0,9,L 9
2005,CHI,2004-11-24,9:00p,@,Utah Jazz,W,,101,99,1,9,W 1
2005,CHI,2004-11-27,7:30p,@,Cleveland Cavaliers,L,,74,96,1,10,L 1
2005,CHI,2004-12-01,8:30p,,Los Angeles Lakers,W,,92,84,2,10,W 1
2005,CHI,2004-12-03,8:30p,,Miami Heat,L,,81,105,2,11,L 1
2005,CHI,2004-12-04,8:00p,@,Washington Wizards,L,,88,95,2,12,L 2
2005,CHI,2004-12-06,8:30p,,San Antonio Spurs,L,,75,91,2,13,L 3
2005,CHI,2004-12-08,8:30p,,Cleveland Cavaliers,W,,113,85,3,13,W 1
2005,CHI,2004-12-10,8:00p,,Philadelphia 76ers,L,,88,93,3,14,L 1
2005,CHI,2004-12-11,8:30p,,Minnesota Timberwolves,W,,99,88,4,14,W 1
2005,CHI,2004-12-13,8:30p,,Dallas Mavericks,L,,93,94,4,15,L 1
2005,CHI,2004-12-15,8:00p,@,Memphis Grizzlies,W,,96,88,5,15,W 1
2005,CHI,2004-12-16,8:30p,,Milwaukee Bucks,W,,85,77,6,15,W 2
2005,CHI,2004-12-18,8:30p,,Indiana Pacers,W,,85,71,7,15,W 3
2005,CHI,2004-12-20,8:30p,,Portland Trail Blazers,W,,92,87,8,15,W 4
2005,CHI,2004-12-22,7:30p,@,Detroit Pistons,W,,89,82,9,15,W 5
2005,CHI,2004-12-26,7:00p,@,Milwaukee Bucks,L,,92,99,9,16,L 1
2005,CHI,2004-12-28,8:30p,,New Jersey Nets,L,,80,84,9,17,L 2
2005,CHI,2005-01-01,8:30p,,Orlando Magic,W,,105,90,10,17,W 1
2005,CHI,2005-01-03,8:30p,,Detroit Pistons,L,,80,87,10,18,L 1
2005,CHI,2005-01-05,8:00p,@,New Orleans Hornets,W,,95,89,11,18,W 1
2005,CHI,2005-01-07,8:30p,,Utah Jazz,W,,84,78,12,18,W 2
2005,CHI,2005-01-08,8:30p,,Boston Celtics,W,,102,91,13,18,W 3
2005,CHI,2005-01-10,8:30p,,Golden State Warriors,W,,94,85,14,18,W 4
2005,CHI,2005-01-12,8:30p,,Philadelphia 76ers,W,,110,78,15,18,W 5
2005,CHI,2005-01-15,3:30p,,New York Knicks,W,,86,84,16,18,W 6
2005,CHI,2005-01-17,1:00p,@,New York Knicks,W,,88,86,17,18,W 7
2005,CHI,2005-01-19,7:00p,@,Boston Celtics,L,,83,92,17,19,L 1
2005,CHI,2005-01-21,8:30p,,Atlanta Hawks,W,,95,85,18,19,W 1
2005,CHI,2005-01-22,7:30p,@,Detroit Pistons,W,,100,89,19,19,W 2
2005,CHI,2005-01-24,7:30p,@,Atlanta Hawks,W,,107,82,20,19,W 3
2005,CHI,2005-01-25,8:30p,,Denver Nuggets,W,,111,107,21,19,W 4
2005,CHI,2005-01-27,8:30p,,Charlotte Bobcats,W,,101,93,22,19,W 5
2005,CHI,2005-01-29,8:30p,,Boston Celtics,L,,97,101,22,20,L 1
2005,CHI,2005-02-01,7:30p,@,New Jersey Nets,L,,97,107,22,21,L 2
2005,CHI,2005-02-05,7:30p,@,Miami Heat,L,,97,108,22,22,L 3
2005,CHI,2005-02-08,8:30p,@,Dallas Mavericks,W,,107,100,23,22,W 1
2005,CHI,2005-02-09,8:30p,@,Houston Rockets,L,,92,105,23,23,L 1
2005,CHI,2005-02-13,3:30p,@,Minnesota Timberwolves,W,,87,83,24,23,W 1
2005,CHI,2005-02-15,8:30p,,Sacramento Kings,W,,107,102,25,23,W 2
2005,CHI,2005-02-16,7:00p,@,Toronto Raptors,W,,121,115,26,23,W 3
2005,CHI,2005-02-22,8:30p,,Miami Heat,W,OT,105,101,27,23,W 4
2005,CHI,2005-02-23,7:00p,@,Cleveland Cavaliers,L,,91,100,27,24,L 1
2005,CHI,2005-02-25,8:30p,,Washington Wizards,W,,97,90,28,24,W 1
2005,CHI,2005-02-26,7:00p,@,Charlotte Bobcats,W,,94,90,29,24,W 2
2005,CHI,2005-03-01,8:30p,,Houston Rockets,L,,89,119,29,25,L 1
2005,CHI,2005-03-04,8:30p,@,San Antonio Spurs,L,,99,102,29,26,L 2
2005,CHI,2005-03-05,8:30p,@,Milwaukee Bucks,L,,87,95,29,27,L 3
2005,CHI,2005-03-07,8:30p,,Milwaukee Bucks,W,,90,85,30,27,W 1
2005,CHI,2005-03-09,10:00p,@,Portland Trail Blazers,W,,97,84,31,27,W 2
2005,CHI,2005-03-11,10:30p,@,Seattle SuperSonics,W,,100,97,32,27,W 3
2005,CHI,2005-03-13,3:30p,@,Los Angeles Clippers,L,,78,83,32,28,L 1
2005,CHI,2005-03-15,8:30p,,Seattle SuperSonics,L,,93,99,32,29,L 2
2005,CHI,2005-03-16,7:30p,@,New Jersey Nets,L,,84,100,32,30,L 3
2005,CHI,2005-03-18,8:30p,,New Orleans Hornets,L,,90,94,32,31,L 4
2005,CHI,2005-03-19,7:00p,@,Philadelphia 76ers,W,,94,88,33,31,W 1
2005,CHI,2005-03-21,8:30p,,Atlanta Hawks,W,,105,91,34,31,W 2
2005,CHI,2005-03-23,7:00p,@,Toronto Raptors,W,,94,85,35,31,W 3
2005,CHI,2005-03-25,7:30p,@,Boston Celtics,W,,94,86,36,31,W 4
2005,CHI,2005-03-26,8:30p,,Indiana Pacers,W,,100,96,37,31,W 5
2005,CHI,2005-03-28,8:30p,,Memphis Grizzlies,W,,94,86,38,31,W 6
2005,CHI,2005-03-30,7:00p,@,Charlotte Bobcats,W,,102,99,39,31,W 7
2005,CHI,2005-03-31,8:00p,,Cleveland Cavaliers,W,OT,102,90,40,31,W 8
2005,CHI,2005-04-02,8:30p,,Charlotte Bobcats,W,,112,97,41,31,W 9
2005,CHI,2005-04-05,7:30p,@,Miami Heat,L,,86,104,41,32,L 1
2005,CHI,2005-04-06,7:00p,@,Orlando Magic,W,OT,102,101,42,32,W 1
2005,CHI,2005-04-08,8:00p,@,New York Knicks,W,,102,94,43,32,W 2
2005,CHI,2005-04-09,8:30p,,Toronto Raptors,W,,110,97,44,32,W 3
2005,CHI,2005-04-11,8:30p,,Detroit Pistons,L,OT,84,85,44,33,L 1
2005,CHI,2005-04-13,8:00p,@,Washington Wizards,L,,82,93,44,34,L 2
2005,CHI,2005-04-15,8:30p,,Orlando Magic,W,,117,77,45,34,W 1
2005,CHI,2005-04-16,7:00p,@,Atlanta Hawks,W,,114,105,46,34,W 2
2005,CHI,2005-04-19,8:30p,,New York Knicks,W,,92,91,47,34,W 3
2005,CHI,2005-04-20,8:00p,@,Indiana Pacers,L,,83,85,47,35,L 1
2005,CHI,2005-04-24,5:30p,,Washington Wizards,W,,103,94,1,0,W 1
2005,CHI,2005-04-27,8:30p,,Washington Wizards,W,,113,103,2,0,W 2
2005,CHI,2005-04-30,3:00p,@,Washington Wizards,L,,99,117,2,1,L 1
2005,CHI,2005-05-02,7:30p,@,Washington Wizards,L,,99,106,2,2,L 2
2005,CHI,2005-05-04,7:00p,,Washington Wizards,L,,110,112,2,3,L 3
2005,CHI,2005-05-06,8:00p,@,Washington Wizards,L,,91,94,2,4,L 4
2005,CLE,2004-11-03,7:00p,,Indiana Pacers,L,2OT,104,109,0,1,L 1
2005,CLE,2004-11-04,8:00p,@,Miami Heat,L,,86,92,0,2,L 2
2005,CLE,2004-11-06,8:30p,@,Milwaukee Bucks,L,,88,102,0,3,L 3
2005,CLE,2004-11-09,7:30p,@,Atlanta Hawks,W,,93,79,1,3,W 1
2005,CLE,2004-11-10,8:00p,,Phoenix Suns,W,OT,114,109,2,3,W 2
2005,CLE,2004-11-13,1:00p,,Washington Wizards,W,,105,74,3,3,W 3
2005,CLE,2004-11-15,7:00p,,Golden State Warriors,W,,99,88,4,3,W 4
2005,CLE,2004-11-18,7:00p,@,Charlotte Bobcats,W,,106,89,5,3,W 5
2005,CLE,2004-11-20,7:30p,,Charlotte Bobcats,W,,100,84,6,3,W 6
2005,CLE,2004-11-21,7:30p,@,New York Knicks,L,,88,98,6,4,L 1
2005,CLE,2004-11-24,7:00p,,Detroit Pistons,W,,92,76,7,4,W 1
2005,CLE,2004-11-26,7:30p,@,Boston Celtics,W,,98,96,8,4,W 2
2005,CLE,2004-11-27,7:30p,,Chicago Bulls,W,,96,74,9,4,W 3
2005,CLE,2004-11-29,10:30p,@,Los Angeles Clippers,L,,82,94,9,5,L 1
2005,CLE,2004-12-01,9:00p,@,Phoenix Suns,L,,101,120,9,6,L 2
2005,CLE,2004-12-02,10:30p,@,Denver Nuggets,W,,92,73,10,6,W 1
2005,CLE,2004-12-04,7:30p,,Toronto Raptors,W,,105,97,11,6,W 2
2005,CLE,2004-12-07,7:00p,,New Jersey Nets,W,,103,97,12,6,W 3
2005,CLE,2004-12-08,8:30p,@,Chicago Bulls,L,,85,113,12,7,L 1
2005,CLE,2004-12-11,8:30p,@,San Antonio Spurs,L,,97,116,12,8,L 2
2005,CLE,2004-12-13,8:00p,@,Memphis Grizzlies,W,,92,86,13,8,W 1
2005,CLE,2004-12-15,7:00p,,Portland Trail Blazers,W,,112,88,14,8,W 2
2005,CLE,2004-12-16,8:00p,@,Detroit Pistons,L,,69,81,14,9,L 1
2005,CLE,2004-12-18,7:30p,,Boston Celtics,L,OT,107,114,14,10,L 2
2005,CLE,2004-12-21,7:00p,,Minnesota Timberwolves,W,,107,97,15,10,W 1
2005,CLE,2004-12-22,7:30p,@,New Jersey Nets,L,,90,92,15,11,L 1
2005,CLE,2004-12-26,7:00p,,New Orleans Hornets,W,,100,91,16,11,W 1
2005,CLE,2004-12-28,7:30p,@,Atlanta Hawks,W,,111,102,17,11,W 2
2005,CLE,2004-12-29,7:00p,,Houston Rockets,L,,87,98,17,12,L 1
2005,CLE,2005-01-03,7:00p,@,Charlotte Bobcats,W,,94,83,18,12,W 1
2005,CLE,2005-01-05,7:00p,,Atlanta Hawks,W,,101,85,19,12,W 2
2005,CLE,2005-01-08,1:30p,,New York Knicks,W,,104,79,20,12,W 3
2005,CLE,2005-01-11,7:00p,,Charlotte Bobcats,W,OT,100,98,21,12,W 4
2005,CLE,2005-01-13,10:30p,@,Los Angeles Lakers,L,,94,98,21,13,L 1
2005,CLE,2005-01-15,9:00p,@,Utah Jazz,W,,84,71,22,13,W 1
2005,CLE,2005-01-16,9:00p,@,Seattle SuperSonics,L,,97,105,22,14,L 1
2005,CLE,2005-01-19,10:00p,@,Portland Trail Blazers,W,,107,101,23,14,W 1
2005,CLE,2005-01-20,10:30p,@,Sacramento Kings,L,,96,123,23,15,L 1
2005,CLE,2005-01-22,10:30p,@,Golden State Warriors,W,,105,87,24,15,W 1
2005,CLE,2005-01-24,7:00p,,Washington Wizards,L,,97,106,24,16,L 1
2005,CLE,2005-01-26,7:00p,,Memphis Grizzlies,W,,114,111,25,16,W 1
2005,CLE,2005-01-28,7:00p,@,New York Knicks,L,,96,99,25,17,L 1
2005,CLE,2005-01-30,6:30p,,Milwaukee Bucks,W,,104,87,26,17,W 1
2005,CLE,2005-02-01,7:00p,@,Orlando Magic,L,,102,105,26,18,L 1
2005,CLE,2005-02-03,8:00p,@,Miami Heat,L,,88,100,26,19,L 2
2005,CLE,2005-02-05,7:30p,,Orlando Magic,W,,101,92,27,19,W 1
2005,CLE,2005-02-08,7:00p,,Toronto Raptors,W,,104,91,28,19,W 2
2005,CLE,2005-02-11,8:00p,,Denver Nuggets,L,,101,106,28,20,L 1
2005,CLE,2005-02-13,3:30p,,Los Angeles Lakers,W,,103,89,29,20,W 1
2005,CLE,2005-02-16,7:00p,,Atlanta Hawks,W,,111,89,30,20,W 2
2005,CLE,2005-02-17,8:00p,@,Minnesota Timberwolves,L,,88,94,30,21,L 1
2005,CLE,2005-02-23,7:00p,,Chicago Bulls,W,,100,91,31,21,W 1
2005,CLE,2005-02-25,8:00p,@,Indiana Pacers,L,,82,106,31,22,L 1
2005,CLE,2005-02-27,1:00p,@,New Jersey Nets,L,,98,104,31,23,L 2
2005,CLE,2005-02-28,7:00p,,San Antonio Spurs,L,,92,94,31,24,L 3
2005,CLE,2005-03-02,7:00p,,Seattle SuperSonics,L,,86,103,31,25,L 4
2005,CLE,2005-03-04,7:00p,@,Philadelphia 76ers,L,,89,98,31,26,L 5
2005,CLE,2005-03-06,7:30p,,Miami Heat,L,,82,102,31,27,L 6
2005,CLE,2005-03-08,7:00p,,Orlando Magic,W,,111,92,32,27,W 1
2005,CLE,2005-03-13,7:00p,,Indiana Pacers,W,,98,86,33,27,W 2
2005,CLE,2005-03-15,7:00p,,Utah Jazz,W,,92,73,34,27,W 3
2005,CLE,2005-03-16,8:00p,@,Milwaukee Bucks,L,,88,96,34,28,L 1
2005,CLE,2005-03-18,7:30p,,Philadelphia 76ers,L,,81,93,34,29,L 2
2005,CLE,2005-03-20,1:00p,@,Toronto Raptors,L,,98,105,34,30,L 3
2005,CLE,2005-03-22,7:00p,,Detroit Pistons,W,,91,76,35,30,W 1
2005,CLE,2005-03-24,8:30p,@,Houston Rockets,L,,80,99,35,31,L 1
2005,CLE,2005-03-26,8:30p,@,Dallas Mavericks,L,,86,117,35,32,L 2
2005,CLE,2005-03-28,8:00p,@,New Orleans Hornets,W,OT,109,108,36,32,W 1
2005,CLE,2005-03-29,7:00p,,Los Angeles Clippers,W,,94,84,37,32,W 2
2005,CLE,2005-03-31,8:00p,@,Chicago Bulls,L,OT,90,102,37,33,L 1
2005,CLE,2005-04-01,8:00p,,Sacramento Kings,L,,109,128,37,34,L 2
2005,CLE,2005-04-03,3:30p,,Dallas Mavericks,W,,100,80,38,34,W 1
2005,CLE,2005-04-05,7:00p,,New Jersey Nets,L,,80,111,38,35,L 1
2005,CLE,2005-04-06,7:00p,@,Indiana Pacers,L,,77,98,38,36,L 2
2005,CLE,2005-04-08,7:00p,@,Philadelphia 76ers,L,,98,103,38,37,L 3
2005,CLE,2005-04-09,7:30p,,Milwaukee Bucks,W,,98,81,39,37,W 1
2005,CLE,2005-04-11,7:00p,@,Orlando Magic,W,,114,106,40,37,W 2
2005,CLE,2005-04-14,8:00p,,New York Knicks,L,,89,95,40,38,L 1
2005,CLE,2005-04-15,8:00p,@,Washington Wizards,L,,111,119,40,39,L 2
2005,CLE,2005-04-17,1:00p,@,Detroit Pistons,L,,87,90,40,40,L 3
2005,CLE,2005-04-19,7:00p,,Boston Celtics,W,,100,86,41,40,W 1
2005,CLE,2005-04-20,7:00p,@,Toronto Raptors,W,,104,95,42,40,W 2
2005,DAL,2004-11-02,8:30p,,Sacramento Kings,W,,107,98,1,0,W 1
2005,DAL,2004-11-03,8:00p,@,New Orleans Hornets,W,,106,91,2,0,W 2
2005,DAL,2004-11-06,8:30p,,Memphis Grizzlies,W,,112,88,3,0,W 3
2005,DAL,2004-11-08,8:30p,,Golden State Warriors,W,OT,101,98,4,0,W 4
2005,DAL,2004-11-09,7:00p,@,Orlando Magic,L,,84,94,4,1,L 1
2005,DAL,2004-11-11,8:00p,@,Miami Heat,W,,113,93,5,1,W 1
2005,DAL,2004-11-13,1:00p,@,New Jersey Nets,W,,94,78,6,1,W 2
2005,DAL,2004-11-14,1:00p,@,Washington Wizards,W,,122,113,7,1,W 3
2005,DAL,2004-11-16,8:30p,,Phoenix Suns,L,,101,107,7,2,L 1
2005,DAL,2004-11-19,8:30p,,New York Knicks,W,,103,101,8,2,W 1
2005,DAL,2004-11-21,9:00p,@,Denver Nuggets,L,,82,110,8,3,L 1
2005,DAL,2004-11-22,8:30p,,Minnesota Timberwolves,L,,82,83,8,4,L 2
2005,DAL,2004-11-24,8:30p,@,San Antonio Spurs,L,,80,94,8,5,L 3
2005,DAL,2004-11-26,1:00p,,Portland Trail Blazers,W,,92,83,9,5,W 1
2005,DAL,2004-11-27,8:00p,@,Memphis Grizzlies,W,,98,85,10,5,W 2
2005,DAL,2004-11-30,8:30p,,San Antonio Spurs,L,,89,107,10,6,L 1
2005,DAL,2004-12-02,8:00p,,Houston Rockets,W,OT,113,106,11,6,W 1
2005,DAL,2004-12-04,8:30p,,Utah Jazz,W,,109,86,12,6,W 2
2005,DAL,2004-12-06,8:30p,,Detroit Pistons,L,,85,101,12,7,L 1
2005,DAL,2004-12-07,8:00p,@,Minnesota Timberwolves,W,,97,87,13,7,W 1
2005,DAL,2004-12-09,8:30p,,Seattle SuperSonics,L,,102,107,13,8,L 1
2005,DAL,2004-12-11,8:30p,@,Houston Rockets,W,,102,78,14,8,W 1
2005,DAL,2004-12-13,8:30p,@,Chicago Bulls,W,,94,93,15,8,W 2
2005,DAL,2004-12-14,8:30p,,Golden State Warriors,L,,107,111,15,9,L 1
2005,DAL,2004-12-18,8:30p,,Atlanta Hawks,W,,90,68,16,9,W 1
2005,DAL,2004-12-21,7:30p,@,New York Knicks,W,,123,94,17,9,W 2
2005,DAL,2004-12-22,7:30p,@,Atlanta Hawks,L,,100,113,17,10,L 1
2005,DAL,2004-12-26,9:00p,@,Denver Nuggets,W,,102,88,18,10,W 1
2005,DAL,2004-12-28,8:30p,,Boston Celtics,W,,113,94,19,10,W 2
2005,DAL,2005-01-02,8:30p,,Milwaukee Bucks,W,,123,104,20,10,W 3
2005,DAL,2005-01-05,8:30p,,Los Angeles Lakers,W,,118,104,21,10,W 4
2005,DAL,2005-01-08,8:30p,,Indiana Pacers,W,,121,101,22,10,W 5
2005,DAL,2005-01-12,9:00p,,Houston Rockets,L,,114,124,22,11,L 1
2005,DAL,2005-01-14,8:00p,@,San Antonio Spurs,L,,95,98,22,12,L 2
2005,DAL,2005-01-15,8:30p,,New Jersey Nets,W,,98,93,23,12,W 1
2005,DAL,2005-01-18,8:30p,,Washington Wizards,W,,137,120,24,12,W 2
2005,DAL,2005-01-20,8:30p,,Los Angeles Clippers,W,,99,77,25,12,W 3
2005,DAL,2005-01-21,7:00p,@,Charlotte Bobcats,W,,105,99,26,12,W 4
2005,DAL,2005-01-23,1:00p,,Denver Nuggets,W,,95,93,27,12,W 5
2005,DAL,2005-01-24,10:30p,@,Los Angeles Clippers,L,,87,97,27,13,L 1
2005,DAL,2005-01-26,10:00p,@,Portland Trail Blazers,W,,95,88,28,13,W 1
2005,DAL,2005-01-29,8:30p,,Philadelphia 76ers,L,,89,93,28,14,L 1
2005,DAL,2005-02-01,8:30p,,Miami Heat,W,,109,104,29,14,W 1
2005,DAL,2005-02-02,8:00p,@,New Orleans Hornets,W,,90,82,30,14,W 2
2005,DAL,2005-02-04,7:00p,@,Indiana Pacers,L,,94,95,30,15,L 1
2005,DAL,2005-02-06,1:00p,@,Toronto Raptors,W,,122,113,31,15,W 1
2005,DAL,2005-02-08,8:30p,,Chicago Bulls,L,,100,107,31,16,L 1
2005,DAL,2005-02-11,10:30p,@,Sacramento Kings,W,,115,113,32,16,W 1
2005,DAL,2005-02-13,8:00p,@,Seattle SuperSonics,W,,95,92,33,16,W 2
2005,DAL,2005-02-15,10:30p,@,Golden State Warriors,W,,114,107,34,16,W 3
2005,DAL,2005-02-17,10:30p,@,Phoenix Suns,W,,119,113,35,16,W 4
2005,DAL,2005-02-23,9:00p,@,Utah Jazz,W,,101,83,36,16,W 5
2005,DAL,2005-02-24,9:30p,,Sacramento Kings,W,,122,113,37,16,W 6
2005,DAL,2005-02-26,8:30p,,Phoenix Suns,L,,123,124,37,17,L 1
2005,DAL,2005-02-28,8:30p,,New Orleans Hornets,W,,90,86,38,17,W 1
2005,DAL,2005-03-02,10:30p,@,Los Angeles Clippers,L,,92,101,38,18,L 1
2005,DAL,2005-03-04,10:30p,@,Los Angeles Lakers,L,,103,108,38,19,L 2
2005,DAL,2005-03-06,1:00p,@,Houston Rockets,L,,69,90,38,20,L 3
2005,DAL,2005-03-07,8:30p,,Toronto Raptors,W,,113,105,39,20,W 1
2005,DAL,2005-03-10,9:30p,,Los Angeles Lakers,L,,95,100,39,21,L 1
2005,DAL,2005-03-11,8:30p,@,Milwaukee Bucks,W,,112,110,40,21,W 1
2005,DAL,2005-03-13,1:00p,@,Minnesota Timberwolves,W,,102,93,41,21,W 2
2005,DAL,2005-03-15,8:30p,,Minnesota Timberwolves,L,,91,100,41,22,L 1
2005,DAL,2005-03-17,8:30p,,Portland Trail Blazers,W,,98,94,42,22,W 1
2005,DAL,2005-03-19,8:30p,,Charlotte Bobcats,W,,104,93,43,22,W 2
2005,DAL,2005-03-21,8:30p,,New Orleans Hornets,W,,103,86,44,22,W 3
2005,DAL,2005-03-23,10:30p,@,Golden State Warriors,W,,109,97,45,22,W 4
2005,DAL,2005-03-24,10:00p,@,Sacramento Kings,L,,101,109,45,23,L 1
2005,DAL,2005-03-26,8:30p,,Cleveland Cavaliers,W,,117,86,46,23,W 1
2005,DAL,2005-03-28,7:30p,@,Detroit Pistons,W,,95,88,47,23,W 2
2005,DAL,2005-03-30,7:00p,@,Boston Celtics,W,,112,100,48,23,W 3
2005,DAL,2005-04-01,7:00p,@,Philadelphia 76ers,W,,100,83,49,23,W 4
2005,DAL,2005-04-03,3:30p,@,Cleveland Cavaliers,L,,80,100,49,24,L 1
2005,DAL,2005-04-05,8:30p,,Orlando Magic,W,,114,105,50,24,W 1
2005,DAL,2005-04-07,8:00p,,San Antonio Spurs,W,,104,68,51,24,W 2
2005,DAL,2005-04-09,8:30p,,Utah Jazz,W,,88,81,52,24,W 3
2005,DAL,2005-04-11,8:30p,,Memphis Grizzlies,W,,110,89,53,24,W 4
2005,DAL,2005-04-13,10:30p,@,Seattle SuperSonics,W,,95,90,54,24,W 5
2005,DAL,2005-04-14,10:30p,@,Portland Trail Blazers,W,,102,90,55,24,W 6
2005,DAL,2005-04-17,3:30p,@,Los Angeles Lakers,W,,114,112,56,24,W 7
2005,DAL,2005-04-19,8:30p,,Seattle SuperSonics,W,,101,96,57,24,W 8
2005,DAL,2005-04-20,8:00p,@,Memphis Grizzlies,W,,108,88,58,24,W 9
2005,DAL,2005-04-23,5:30p,,Houston Rockets,L,,86,98,0,1,L 1
2005,DAL,2005-04-25,9:30p,,Houston Rockets,L,,111,113,0,2,L 2
2005,DAL,2005-04-28,9:30p,@,Houston Rockets,W,,106,102,1,2,W 1
2005,DAL,2005-04-30,5:30p,@,Houston Rockets,W,,97,93,2,2,W 2
2005,DAL,2005-05-02,8:00p,,Houston Rockets,W,,103,100,3,2,W 3
2005,DAL,2005-05-05,9:30p,@,Houston Rockets,L,,83,101,3,3,L 1
2005,DAL,2005-05-07,9:30p,,Houston Rockets,W,,116,76,4,3,W 1
2005,DAL,2005-05-09,10:30p,@,Phoenix Suns,L,,102,127,4,4,L 1
2005,DAL,2005-05-11,10:30p,@,Phoenix Suns,W,,108,106,5,4,W 1
2005,DAL,2005-05-13,9:30p,,Phoenix Suns,L,,102,119,5,5,L 1
2005,DAL,2005-05-15,9:30p,,Phoenix Suns,W,,119,109,6,5,W 1
2005,DAL,2005-05-18,9:00p,@,Phoenix Suns,L,,108,114,6,6,L 1
2005,DAL,2005-05-20,9:00p,,Phoenix Suns,L,OT,126,130,6,7,L 2
2005,DEN,2004-11-02,10:30p,@,Los Angeles Lakers,L,,78,89,0,1,L 1
2005,DEN,2004-11-04,10:30p,,Minnesota Timberwolves,W,OT,94,92,1,1,W 1
2005,DEN,2004-11-06,9:00p,,Utah Jazz,L,,82,106,1,2,L 1
2005,DEN,2004-11-08,9:00p,@,Utah Jazz,L,,91,102,1,3,L 2
2005,DEN,2004-11-09,9:00p,,Seattle SuperSonics,L,,88,108,1,4,L 3
2005,DEN,2004-11-11,10:30p,,Detroit Pistons,W,,117,109,2,4,W 1
2005,DEN,2004-11-14,9:00p,@,Sacramento Kings,L,,89,101,2,5,L 1
2005,DEN,2004-11-17,9:00p,,Toronto Raptors,W,,112,106,3,5,W 1
2005,DEN,2004-11-19,9:00p,,Chicago Bulls,W,,99,81,4,5,W 2
2005,DEN,2004-11-21,9:00p,,Dallas Mavericks,W,,110,82,5,5,W 3
2005,DEN,2004-11-23,9:00p,,New Jersey Nets,W,,90,88,6,5,W 4
2005,DEN,2004-11-26,9:00p,,San Antonio Spurs,L,,75,89,6,6,L 1
2005,DEN,2004-11-27,8:30p,@,Houston Rockets,W,,82,76,7,6,W 1
2005,DEN,2004-11-29,9:00p,,New Orleans Hornets,W,,76,67,8,6,W 2
2005,DEN,2004-12-02,10:30p,,Cleveland Cavaliers,L,,73,92,8,7,L 1
2005,DEN,2004-12-04,9:00p,,Miami Heat,W,,104,95,9,7,W 1
2005,DEN,2004-12-06,9:00p,,Orlando Magic,W,,115,102,10,7,W 2
2005,DEN,2004-12-08,7:00p,@,Washington Wizards,W,,111,105,11,7,W 3
2005,DEN,2004-12-10,7:00p,@,Toronto Raptors,W,,101,87,12,7,W 4
2005,DEN,2004-12-12,12:00p,@,New York Knicks,L,,96,107,12,8,L 1
2005,DEN,2004-12-14,7:00p,@,Philadelphia 76ers,L,,102,110,12,9,L 2
2005,DEN,2004-12-15,7:00p,@,Boston Celtics,W,,100,99,13,9,W 1
2005,DEN,2004-12-17,8:00p,@,Miami Heat,L,,100,107,13,10,L 1
2005,DEN,2004-12-18,7:00p,@,Orlando Magic,L,,95,117,13,11,L 2
2005,DEN,2004-12-20,9:00p,,Phoenix Suns,L,,105,107,13,12,L 3
2005,DEN,2004-12-22,10:00p,@,Seattle SuperSonics,L,,83,98,13,13,L 4
2005,DEN,2004-12-26,9:00p,,Dallas Mavericks,L,,88,102,13,14,L 5
2005,DEN,2004-12-27,10:30p,@,Golden State Warriors,L,,101,104,13,15,L 6
2005,DEN,2004-12-31,8:00p,,Philadelphia 76ers,W,,97,92,14,15,W 1
2005,DEN,2005-01-02,9:30p,@,Los Angeles Lakers,L,,91,99,14,16,L 1
2005,DEN,2005-01-03,9:00p,,Los Angeles Clippers,L,,98,102,14,17,L 2
2005,DEN,2005-01-08,1:30p,@,San Antonio Spurs,L,,90,99,14,18,L 3
2005,DEN,2005-01-09,9:00p,,Houston Rockets,L,,98,116,14,19,L 4
2005,DEN,2005-01-11,10:00p,@,Sacramento Kings,L,,100,109,14,20,L 5
2005,DEN,2005-01-12,9:00p,,Los Angeles Lakers,W,,95,83,15,20,W 1
2005,DEN,2005-01-14,10:30p,,Minnesota Timberwolves,L,,83,93,15,21,L 1
2005,DEN,2005-01-17,10:30p,@,Golden State Warriors,L,,97,107,15,22,L 2
2005,DEN,2005-01-18,10:00p,@,Seattle SuperSonics,W,OT,116,110,16,22,W 1
2005,DEN,2005-01-21,10:30p,,Memphis Grizzlies,W,,92,82,17,22,W 2
2005,DEN,2005-01-23,1:00p,@,Dallas Mavericks,L,,93,95,17,23,L 1
2005,DEN,2005-01-25,8:30p,@,Chicago Bulls,L,,107,111,17,24,L 2
2005,DEN,2005-01-26,7:30p,@,Detroit Pistons,L,,70,87,17,25,L 3
2005,DEN,2005-01-28,8:30p,@,Milwaukee Bucks,W,,106,100,18,25,W 1
2005,DEN,2005-01-29,8:00p,@,Indiana Pacers,W,,95,88,19,25,W 2
2005,DEN,2005-02-01,9:00p,,New York Knicks,W,,96,76,20,25,W 3
2005,DEN,2005-02-02,10:00p,@,Portland Trail Blazers,L,,94,97,20,26,L 1
2005,DEN,2005-02-05,9:00p,,Golden State Warriors,W,,107,91,21,26,W 1
2005,DEN,2005-02-08,9:00p,,Utah Jazz,W,,97,87,22,26,W 2
2005,DEN,2005-02-09,8:00p,@,Minnesota Timberwolves,L,,92,98,22,27,L 1
2005,DEN,2005-02-11,8:00p,@,Cleveland Cavaliers,W,,106,101,23,27,W 1
2005,DEN,2005-02-13,6:00p,@,New Jersey Nets,L,,79,94,23,28,L 1
2005,DEN,2005-02-15,7:30p,@,Atlanta Hawks,W,,100,96,24,28,W 1
2005,DEN,2005-02-16,7:00p,@,Charlotte Bobcats,L,,88,94,24,29,L 1
2005,DEN,2005-02-23,9:00p,,Boston Celtics,W,,107,86,25,29,W 1
2005,DEN,2005-02-25,8:00p,@,Memphis Grizzlies,W,OT,97,94,26,29,W 2
2005,DEN,2005-02-27,7:00p,@,New Orleans Hornets,W,,94,93,27,29,W 3
2005,DEN,2005-03-01,9:00p,,Atlanta Hawks,W,,97,74,28,29,W 4
2005,DEN,2005-03-03,8:00p,,Indiana Pacers,W,,96,87,29,29,W 5
2005,DEN,2005-03-05,10:30p,@,Los Angeles Clippers,W,,105,89,30,29,W 6
2005,DEN,2005-03-07,9:00p,,Portland Trail Blazers,W,,111,98,31,29,W 7
2005,DEN,2005-03-12,8:30p,@,San Antonio Spurs,W,,90,87,32,29,W 8
2005,DEN,2005-03-13,9:00p,,Phoenix Suns,L,,101,106,32,30,L 1
2005,DEN,2005-03-16,9:00p,,Charlotte Bobcats,W,,120,101,33,30,W 1
2005,DEN,2005-03-18,9:00p,,Los Angeles Clippers,W,,115,96,34,30,W 2
2005,DEN,2005-03-20,9:00p,,Milwaukee Bucks,W,,114,103,35,30,W 3
2005,DEN,2005-03-22,9:00p,,Washington Wizards,W,,127,98,36,30,W 4
2005,DEN,2005-03-24,9:00p,,Los Angeles Lakers,W,,117,96,37,30,W 5
2005,DEN,2005-03-26,9:00p,,Sacramento Kings,W,,113,99,38,30,W 6
2005,DEN,2005-03-28,9:00p,@,Phoenix Suns,L,,114,123,38,31,L 1
2005,DEN,2005-03-30,9:00p,@,Utah Jazz,W,,109,98,39,31,W 1
2005,DEN,2005-04-01,10:30p,,San Antonio Spurs,W,,102,84,40,31,W 2
2005,DEN,2005-04-02,10:00p,@,Portland Trail Blazers,W,,103,97,41,31,W 3
2005,DEN,2005-04-05,8:00p,@,Memphis Grizzlies,W,,94,91,42,31,W 4
2005,DEN,2005-04-06,8:00p,@,New Orleans Hornets,W,,94,83,43,31,W 5
2005,DEN,2005-04-08,9:30p,@,Minnesota Timberwolves,W,,107,104,44,31,W 6
2005,DEN,2005-04-09,9:00p,,Seattle SuperSonics,W,,121,105,45,31,W 7
2005,DEN,2005-04-11,9:00p,,Golden State Warriors,W,,122,106,46,31,W 8
2005,DEN,2005-04-13,9:00p,,New Orleans Hornets,W,,116,102,47,31,W 9
2005,DEN,2005-04-15,9:00p,,Memphis Grizzlies,W,,111,102,48,31,W 10
2005,DEN,2005-04-16,7:30p,@,Houston Rockets,L,,87,115,48,32,L 1
2005,DEN,2005-04-18,10:00p,@,Phoenix Suns,L,,114,128,48,33,L 2
2005,DEN,2005-04-19,9:00p,,Portland Trail Blazers,W,,119,115,49,33,W 1
2005,DEN,2005-04-24,8:00p,@,San Antonio Spurs,W,,93,87,1,0,W 1
2005,DEN,2005-04-27,8:00p,@,San Antonio Spurs,L,,76,104,1,1,L 1
2005,DEN,2005-04-30,10:30p,,San Antonio Spurs,L,,78,86,1,2,L 2
2005,DEN,2005-05-02,10:30p,,San Antonio Spurs,L,OT,115,126,1,3,L 3
2005,DEN,2005-05-04,9:30p,@,San Antonio Spurs,L,,89,99,1,4,L 4
2005,DET,2004-11-02,8:00p,,Houston Rockets,W,,87,79,1,0,W 1
2005,DET,2004-11-05,7:00p,@,Toronto Raptors,L,,89,101,1,1,L 1
2005,DET,2004-11-06,7:30p,,Philadelphia 76ers,W,,99,91,2,1,W 1
2005,DET,2004-11-08,10:30p,@,Los Angeles Clippers,W,2OT,99,96,3,1,W 2
2005,DET,2004-11-11,10:30p,@,Denver Nuggets,L,,109,117,3,2,L 1
2005,DET,2004-11-13,9:00p,@,Utah Jazz,L,,93,108,3,3,L 2
2005,DET,2004-11-17,7:30p,,Minnesota Timberwolves,W,,93,85,4,3,W 1
2005,DET,2004-11-19,8:00p,,Indiana Pacers,L,,82,97,4,4,L 1
2005,DET,2004-11-21,6:00p,,Charlotte Bobcats,W,2OT,117,116,5,4,W 1
2005,DET,2004-11-23,7:00p,@,Charlotte Bobcats,L,,89,91,5,5,L 1
2005,DET,2004-11-24,7:00p,@,Cleveland Cavaliers,L,,76,92,5,6,L 2
2005,DET,2004-11-26,8:00p,,Miami Heat,W,,78,77,6,6,W 1
2005,DET,2004-11-27,9:00p,@,Milwaukee Bucks,L,,90,96,6,7,L 1
2005,DET,2004-11-30,8:30p,@,Houston Rockets,W,,93,72,7,7,W 1
2005,DET,2004-12-03,8:00p,@,San Antonio Spurs,L,,77,80,7,8,L 1
2005,DET,2004-12-04,8:00p,@,New Orleans Hornets,W,,92,69,8,8,W 1
2005,DET,2004-12-06,8:30p,@,Dallas Mavericks,W,,101,85,9,8,W 2
2005,DET,2004-12-08,7:30p,,Toronto Raptors,W,OT,90,86,10,8,W 3
2005,DET,2004-12-10,8:00p,,Atlanta Hawks,L,,72,88,10,9,L 1
2005,DET,2004-12-11,8:00p,@,Memphis Grizzlies,L,,68,72,10,10,L 2
2005,DET,2004-12-15,8:00p,@,New York Knicks,W,,94,93,11,10,W 1
2005,DET,2004-12-16,8:00p,,Cleveland Cavaliers,W,,81,69,12,10,W 2
2005,DET,2004-12-18,7:30p,,Portland Trail Blazers,L,,74,75,12,11,L 1
2005,DET,2004-12-22,7:30p,,Chicago Bulls,L,,82,89,12,12,L 2
2005,DET,2004-12-25,12:30p,@,Indiana Pacers,W,,98,93,13,12,W 1
2005,DET,2004-12-27,7:30p,,New Jersey Nets,W,OT,100,90,14,12,W 2
2005,DET,2004-12-29,7:00p,@,Washington Wizards,W,,107,105,15,12,W 3
2005,DET,2004-12-30,8:00p,,Miami Heat,L,,78,89,15,13,L 1
2005,DET,2005-01-02,6:00p,,Boston Celtics,W,,100,88,16,13,W 1
2005,DET,2005-01-03,8:30p,@,Chicago Bulls,W,,87,80,17,13,W 2
2005,DET,2005-01-06,7:30p,,Memphis Grizzlies,L,,79,101,17,14,L 1
2005,DET,2005-01-07,7:30p,@,Boston Celtics,W,,110,104,18,14,W 1
2005,DET,2005-01-11,7:30p,@,New Jersey Nets,W,,89,80,19,14,W 2
2005,DET,2005-01-12,7:30p,,New Orleans Hornets,W,,90,76,20,14,W 3
2005,DET,2005-01-14,8:00p,,Orlando Magic,W,,101,94,21,14,W 4
2005,DET,2005-01-15,7:30p,,Philadelphia 76ers,W,,99,95,22,14,W 5
2005,DET,2005-01-17,3:30p,,Phoenix Suns,W,,94,80,23,14,W 6
2005,DET,2005-01-18,7:00p,@,Orlando Magic,L,,101,103,23,15,L 1
2005,DET,2005-01-21,8:30p,@,Milwaukee Bucks,L,,86,89,23,16,L 2
2005,DET,2005-01-22,7:30p,,Chicago Bulls,L,,89,100,23,17,L 3
2005,DET,2005-01-24,8:00p,@,Minnesota Timberwolves,L,,83,86,23,18,L 4
2005,DET,2005-01-26,7:30p,,Denver Nuggets,W,,87,70,24,18,W 1
2005,DET,2005-01-27,7:00p,@,Indiana Pacers,W,,88,76,25,18,W 2
2005,DET,2005-01-29,7:30p,,New York Knicks,W,,91,61,26,18,W 3
2005,DET,2005-02-01,7:00p,@,Washington Wizards,W,,105,96,27,18,W 4
2005,DET,2005-02-02,7:30p,,Atlanta Hawks,W,,99,84,28,18,W 5
2005,DET,2005-02-05,1:00p,@,New Jersey Nets,L,,85,107,28,19,L 1
2005,DET,2005-02-10,8:00p,,Los Angeles Lakers,W,,103,81,29,19,W 1
2005,DET,2005-02-12,7:30p,,Washington Wizards,W,,107,86,30,19,W 2
2005,DET,2005-02-14,7:30p,,Milwaukee Bucks,W,,107,83,31,19,W 3
2005,DET,2005-02-16,7:00p,@,Philadelphia 76ers,W,,93,75,32,19,W 4
2005,DET,2005-02-22,7:30p,,New York Knicks,W,,97,88,33,19,W 5
2005,DET,2005-02-25,10:30p,@,Los Angeles Lakers,W,,111,90,34,19,W 6
2005,DET,2005-02-27,9:00p,@,Golden State Warriors,W,,94,88,35,19,W 7
2005,DET,2005-03-01,10:00p,@,Portland Trail Blazers,W,,103,93,36,19,W 8
2005,DET,2005-03-03,10:30p,@,Phoenix Suns,L,,97,100,36,20,L 1
2005,DET,2005-03-04,10:30p,@,Seattle SuperSonics,L,,87,95,36,21,L 2
2005,DET,2005-03-06,3:30p,@,Sacramento Kings,L,,85,100,36,22,L 3
2005,DET,2005-03-09,7:30p,,Golden State Warriors,W,,92,88,37,22,W 1
2005,DET,2005-03-11,7:30p,@,Boston Celtics,L,2OT,113,115,37,23,L 1
2005,DET,2005-03-13,6:00p,,Utah Jazz,W,,64,62,38,23,W 1
2005,DET,2005-03-14,7:30p,@,Atlanta Hawks,W,OT,114,108,39,23,W 2
2005,DET,2005-03-16,7:30p,,Seattle SuperSonics,W,,102,95,40,23,W 3
2005,DET,2005-03-18,8:00p,,Toronto Raptors,W,,103,92,41,23,W 4
2005,DET,2005-03-20,3:30p,,San Antonio Spurs,W,,110,101,42,23,W 5
2005,DET,2005-03-22,7:00p,@,Cleveland Cavaliers,L,,76,91,42,24,L 1
2005,DET,2005-03-23,8:00p,@,Philadelphia 76ers,L,,84,107,42,25,L 2
2005,DET,2005-03-25,8:00p,,Indiana Pacers,L,,81,94,42,26,L 3
2005,DET,2005-03-26,7:30p,,Boston Celtics,W,OT,105,99,43,26,W 1
2005,DET,2005-03-28,7:30p,,Dallas Mavericks,L,,88,95,43,27,L 1
2005,DET,2005-03-30,7:30p,,Sacramento Kings,W,,99,82,44,27,W 1
2005,DET,2005-04-01,8:00p,,Los Angeles Clippers,W,,97,84,45,27,W 2
2005,DET,2005-04-03,6:00p,@,Toronto Raptors,W,,113,103,46,27,W 3
2005,DET,2005-04-06,7:30p,,Washington Wizards,W,,105,93,47,27,W 4
2005,DET,2005-04-08,7:00p,@,Orlando Magic,W,,114,102,48,27,W 5
2005,DET,2005-04-10,1:00p,@,Miami Heat,W,,80,72,49,27,W 6
2005,DET,2005-04-11,8:30p,@,Chicago Bulls,W,OT,85,84,50,27,W 7
2005,DET,2005-04-13,7:30p,,Orlando Magic,W,,103,94,51,27,W 8
2005,DET,2005-04-15,8:00p,,Milwaukee Bucks,W,,99,73,52,27,W 9
2005,DET,2005-04-17,1:00p,,Cleveland Cavaliers,W,,90,87,53,27,W 10
2005,DET,2005-04-19,7:30p,@,Atlanta Hawks,W,,95,68,54,27,W 11
2005,DET,2005-04-20,7:00p,@,Charlotte Bobcats,L,,86,97,54,28,L 1
2005,DET,2005-04-23,3:00p,,Philadelphia 76ers,W,,106,85,1,0,W 1
2005,DET,2005-04-26,7:30p,,Philadelphia 76ers,W,,99,84,2,0,W 2
2005,DET,2005-04-29,8:00p,@,Philadelphia 76ers,L,,104,115,2,1,L 1
2005,DET,2005-05-01,1:00p,@,Philadelphia 76ers,W,OT,97,92,3,1,W 1
2005,DET,2005-05-03,8:00p,,Philadelphia 76ers,W,,88,78,4,1,W 2
2005,DET,2005-05-09,8:00p,,Indiana Pacers,W,,96,81,5,1,W 3
2005,DET,2005-05-11,8:00p,,Indiana Pacers,L,,83,92,5,2,L 1
2005,DET,2005-05-13,7:00p,@,Indiana Pacers,L,,74,79,5,3,L 2
2005,DET,2005-05-15,3:30p,@,Indiana Pacers,W,,89,76,6,3,W 1
2005,DET,2005-05-17,7:00p,,Indiana Pacers,W,,86,67,7,3,W 2
2005,DET,2005-05-19,8:00p,@,Indiana Pacers,W,,88,79,8,3,W 3
2005,DET,2005-05-23,8:00p,@,Miami Heat,W,,90,81,9,3,W 4
2005,DET,2005-05-25,8:00p,@,Miami Heat,L,,86,92,9,4,L 1
2005,DET,2005-05-29,8:00p,,Miami Heat,L,,104,113,9,5,L 2
2005,DET,2005-05-31,8:00p,,Miami Heat,W,,106,96,10,5,W 1
2005,DET,2005-06-02,8:00p,@,Miami Heat,L,,76,88,10,6,L 1
2005,DET,2005-06-04,8:00p,,Miami Heat,W,,91,66,11,6,W 1
2005,DET,2005-06-06,8:00p,@,Miami Heat,W,,88,82,12,6,W 2
2005,DET,2005-06-09,9:00p,@,San Antonio Spurs,L,,69,84,12,7,L 1
2005,DET,2005-06-12,9:00p,@,San Antonio Spurs,L,,76,97,12,8,L 2
2005,DET,2005-06-14,9:00p,,San Antonio Spurs,W,,96,79,13,8,W 1
2005,DET,2005-06-16,9:00p,,San Antonio Spurs,W,,102,71,14,8,W 2
2005,DET,2005-06-19,9:00p,,San Antonio Spurs,L,OT,95,96,14,9,L 1
2005,DET,2005-06-21,9:00p,@,San Antonio Spurs,W,,95,86,15,9,W 1
2005,DET,2005-06-23,9:00p,@,San Antonio Spurs,L,,74,81,15,10,L 1
2005,GSW,2004-11-03,10:30p,,Portland Trail Blazers,L,,75,78,0,1,L 1
2005,GSW,2004-11-05,10:30p,,Utah Jazz,L,,80,102,0,2,L 2
2005,GSW,2004-11-06,10:30p,,Los Angeles Clippers,L,,86,94,0,3,L 3
2005,GSW,2004-11-08,8:30p,@,Dallas Mavericks,L,OT,98,101,0,4,L 4
2005,GSW,2004-11-10,8:30p,@,San Antonio Spurs,L,,71,91,0,5,L 5
2005,GSW,2004-11-12,8:00p,@,Memphis Grizzlies,L,,67,96,0,6,L 6
2005,GSW,2004-11-13,7:00p,@,Charlotte Bobcats,W,,103,87,1,6,W 1
2005,GSW,2004-11-15,7:00p,@,Cleveland Cavaliers,L,,88,99,1,7,L 1
2005,GSW,2004-11-17,10:30p,,Chicago Bulls,W,,98,85,2,7,W 1
2005,GSW,2004-11-20,10:30p,,Memphis Grizzlies,L,,87,100,2,8,L 1
2005,GSW,2004-11-23,10:30p,,New Orleans Hornets,W,3OT,115,109,3,8,W 1
2005,GSW,2004-11-26,10:30p,,Los Angeles Clippers,L,,87,98,3,9,L 1
2005,GSW,2004-11-28,3:30p,@,Los Angeles Clippers,L,,91,103,3,10,L 2
2005,GSW,2004-12-01,10:30p,,Minnesota Timberwolves,L,,99,107,3,11,L 3
2005,GSW,2004-12-03,10:30p,@,Los Angeles Lakers,L,,88,97,3,12,L 4
2005,GSW,2004-12-04,10:30p,,Indiana Pacers,W,,104,96,4,12,W 1
2005,GSW,2004-12-06,10:30p,,Boston Celtics,W,,110,106,5,12,W 2
2005,GSW,2004-12-07,9:00p,@,Phoenix Suns,L,,104,118,5,13,L 1
2005,GSW,2004-12-10,10:30p,,Orlando Magic,L,,109,113,5,14,L 2
2005,GSW,2004-12-12,9:00p,,Charlotte Bobcats,W,,99,87,6,14,W 1
2005,GSW,2004-12-14,8:30p,@,Dallas Mavericks,W,,111,107,7,14,W 2
2005,GSW,2004-12-15,8:00p,@,New Orleans Hornets,L,,89,98,7,15,L 1
2005,GSW,2004-12-17,8:30p,@,Houston Rockets,L,,83,100,7,16,L 2
2005,GSW,2004-12-18,8:30p,@,San Antonio Spurs,L,,85,104,7,17,L 3
2005,GSW,2004-12-20,10:30p,,Washington Wizards,L,,101,103,7,18,L 4
2005,GSW,2004-12-22,10:00p,,Memphis Grizzlies,W,,109,99,8,18,W 1
2005,GSW,2004-12-26,9:00p,@,Sacramento Kings,W,,98,94,9,18,W 2
2005,GSW,2004-12-27,10:30p,,Denver Nuggets,W,,104,101,10,18,W 3
2005,GSW,2004-12-29,10:30p,,Toronto Raptors,W,,111,105,11,18,W 4
2005,GSW,2005-01-01,10:00p,@,Portland Trail Blazers,L,,88,97,11,19,L 1
2005,GSW,2005-01-03,10:30p,,Philadelphia 76ers,L,,104,112,11,20,L 2
2005,GSW,2005-01-05,7:00p,@,Boston Celtics,L,,83,84,11,21,L 3
2005,GSW,2005-01-07,7:30p,@,New Jersey Nets,L,,72,82,11,22,L 4
2005,GSW,2005-01-09,1:00p,@,Toronto Raptors,L,,87,109,11,23,L 5
2005,GSW,2005-01-10,8:30p,@,Chicago Bulls,L,,85,94,11,24,L 6
2005,GSW,2005-01-12,10:30p,,Miami Heat,L,,91,98,11,25,L 7
2005,GSW,2005-01-14,10:30p,@,Seattle SuperSonics,L,,84,103,11,26,L 8
2005,GSW,2005-01-15,10:30p,,Los Angeles Lakers,L,,102,104,11,27,L 9
2005,GSW,2005-01-17,10:30p,,Denver Nuggets,W,,107,97,12,27,W 1
2005,GSW,2005-01-21,10:30p,@,Los Angeles Lakers,L,,101,105,12,28,L 1
2005,GSW,2005-01-22,10:30p,,Cleveland Cavaliers,L,,87,105,12,29,L 2
2005,GSW,2005-01-26,10:30p,,New Jersey Nets,L,,99,113,12,30,L 3
2005,GSW,2005-01-28,10:30p,,Seattle SuperSonics,L,,85,88,12,31,L 4
2005,GSW,2005-01-29,10:30p,@,Los Angeles Clippers,L,,85,96,12,32,L 5
2005,GSW,2005-02-02,10:30p,,Sacramento Kings,L,OT,107,111,12,33,L 6
2005,GSW,2005-02-04,10:30p,,New Orleans Hornets,W,,90,82,13,33,W 1
2005,GSW,2005-02-05,9:00p,@,Denver Nuggets,L,,91,107,13,34,L 1
2005,GSW,2005-02-07,7:30p,@,Miami Heat,L,,96,105,13,35,L 2
2005,GSW,2005-02-08,7:00p,@,Orlando Magic,W,,113,109,14,35,W 1
2005,GSW,2005-02-11,8:00p,@,New Orleans Hornets,L,,108,111,14,36,L 1
2005,GSW,2005-02-13,9:00p,,Phoenix Suns,L,OT,102,106,14,37,L 2
2005,GSW,2005-02-15,10:30p,,Dallas Mavericks,L,,107,114,14,38,L 3
2005,GSW,2005-02-16,9:00p,@,Seattle SuperSonics,W,,117,110,15,38,W 1
2005,GSW,2005-02-23,10:30p,,Atlanta Hawks,W,,101,96,16,38,W 2
2005,GSW,2005-02-27,9:00p,,Detroit Pistons,L,,88,94,16,39,L 1
2005,GSW,2005-03-01,2:00p,@,Memphis Grizzlies,L,,97,99,16,40,L 2
2005,GSW,2005-03-02,8:00p,@,Minnesota Timberwolves,W,,99,93,17,40,W 1
2005,GSW,2005-03-04,7:00p,@,Washington Wizards,W,,103,90,18,40,W 2
2005,GSW,2005-03-06,7:30p,@,New York Knicks,L,,99,115,18,41,L 1
2005,GSW,2005-03-08,7:00p,@,Philadelphia 76ers,W,,104,85,19,41,W 1
2005,GSW,2005-03-09,7:30p,@,Detroit Pistons,L,,88,92,19,42,L 1
2005,GSW,2005-03-11,7:00p,@,Indiana Pacers,L,,83,101,19,43,L 2
2005,GSW,2005-03-12,7:00p,@,Atlanta Hawks,W,,105,92,20,43,W 1
2005,GSW,2005-03-14,10:30p,,Houston Rockets,L,,94,97,20,44,L 1
2005,GSW,2005-03-17,10:30p,,Sacramento Kings,W,,100,97,21,44,W 1
2005,GSW,2005-03-18,9:00p,@,Phoenix Suns,W,,110,100,22,44,W 2
2005,GSW,2005-03-20,9:00p,@,Sacramento Kings,W,,104,94,23,44,W 3
2005,GSW,2005-03-23,10:30p,,Dallas Mavericks,L,,97,109,23,45,L 1
2005,GSW,2005-03-25,10:30p,,Milwaukee Bucks,W,OT,118,117,24,45,W 1
2005,GSW,2005-03-28,10:30p,,New York Knicks,W,,108,100,25,45,W 2
2005,GSW,2005-03-30,8:00p,@,Milwaukee Bucks,W,,113,109,26,45,W 3
2005,GSW,2005-04-01,9:00p,@,Utah Jazz,W,,108,91,27,45,W 4
2005,GSW,2005-04-03,6:00p,,Seattle SuperSonics,W,,101,92,28,45,W 5
2005,GSW,2005-04-05,10:30p,,Houston Rockets,W,,122,117,29,45,W 6
2005,GSW,2005-04-06,10:00p,@,Portland Trail Blazers,W,,104,102,30,45,W 7
2005,GSW,2005-04-08,10:30p,,Phoenix Suns,W,,127,119,31,45,W 8
2005,GSW,2005-04-10,9:00p,,San Antonio Spurs,L,2OT,134,136,31,46,L 1
2005,GSW,2005-04-11,9:00p,@,Denver Nuggets,L,,106,122,31,47,L 2
2005,GSW,2005-04-13,8:00p,@,Minnesota Timberwolves,L,,100,116,31,48,L 3
2005,GSW,2005-04-15,10:30p,,Portland Trail Blazers,W,,108,88,32,48,W 1
2005,GSW,2005-04-18,10:30p,,Los Angeles Lakers,W,,126,99,33,48,W 2
2005,GSW,2005-04-20,10:30p,,Utah Jazz,W,,106,89,34,48,W 3
2005,HOU,2004-11-02,8:00p,@,Detroit Pistons,L,,79,87,0,1,L 1
2005,HOU,2004-11-03,7:00p,@,Toronto Raptors,L,,88,95,0,2,L 2
2005,HOU,2004-11-05,8:00p,@,Memphis Grizzlies,W,,89,81,1,2,W 1
2005,HOU,2004-11-06,8:30p,,Sacramento Kings,W,OT,104,101,2,2,W 2
2005,HOU,2004-11-09,8:30p,,Memphis Grizzlies,W,,90,87,3,2,W 3
2005,HOU,2004-11-11,8:30p,,Minnesota Timberwolves,L,,91,96,3,3,L 1
2005,HOU,2004-11-13,8:30p,,Los Angeles Lakers,L,,79,84,3,4,L 2
2005,HOU,2004-11-15,7:30p,@,New Jersey Nets,W,,80,69,4,4,W 1
2005,HOU,2004-11-16,7:30p,@,Atlanta Hawks,L,,84,88,4,5,L 1
2005,HOU,2004-11-18,9:30p,,New York Knicks,L,,92,93,4,6,L 2
2005,HOU,2004-11-20,3:30p,@,Los Angeles Clippers,W,OT,91,86,5,6,W 1
2005,HOU,2004-11-21,8:00p,@,Portland Trail Blazers,W,,97,93,6,6,W 2
2005,HOU,2004-11-23,10:00p,@,Sacramento Kings,L,,96,102,6,7,L 1
2005,HOU,2004-11-26,9:00p,@,Utah Jazz,L,,80,90,6,8,L 2
2005,HOU,2004-11-27,8:30p,,Denver Nuggets,L,,76,82,6,9,L 3
2005,HOU,2004-11-30,8:30p,,Detroit Pistons,L,,72,93,6,10,L 4
2005,HOU,2004-12-02,8:00p,@,Dallas Mavericks,L,OT,106,113,6,11,L 5
2005,HOU,2004-12-04,8:30p,,Philadelphia 76ers,W,,77,76,7,11,W 1
2005,HOU,2004-12-07,8:30p,,New Orleans Hornets,W,,89,81,8,11,W 2
2005,HOU,2004-12-09,8:00p,,San Antonio Spurs,W,,81,80,9,11,W 3
2005,HOU,2004-12-11,8:30p,,Dallas Mavericks,L,,78,102,9,12,L 1
2005,HOU,2004-12-15,8:30p,,Atlanta Hawks,W,,92,69,10,12,W 1
2005,HOU,2004-12-17,8:30p,,Golden State Warriors,W,,100,83,11,12,W 2
2005,HOU,2004-12-18,7:00p,@,Charlotte Bobcats,L,OT,100,101,11,13,L 1
2005,HOU,2004-12-20,8:30p,,Toronto Raptors,W,,114,102,12,13,W 1
2005,HOU,2004-12-22,8:30p,,Charlotte Bobcats,L,,87,90,12,14,L 1
2005,HOU,2004-12-26,8:30p,,Los Angeles Clippers,W,,96,79,13,14,W 1
2005,HOU,2004-12-28,8:00p,@,Milwaukee Bucks,L,,87,115,13,15,L 1
2005,HOU,2004-12-29,7:00p,@,Cleveland Cavaliers,W,,98,87,14,15,W 1
2005,HOU,2004-12-31,10:00p,,Milwaukee Bucks,W,,105,90,15,15,W 2
2005,HOU,2005-01-02,8:30p,,Utah Jazz,W,,99,80,16,15,W 3
2005,HOU,2005-01-05,9:00p,,Phoenix Suns,L,,98,108,16,16,L 1
2005,HOU,2005-01-07,10:30p,@,Los Angeles Lakers,L,,104,111,16,17,L 2
2005,HOU,2005-01-09,9:00p,@,Denver Nuggets,W,,116,98,17,17,W 1
2005,HOU,2005-01-12,9:00p,@,Dallas Mavericks,W,,124,114,18,17,W 2
2005,HOU,2005-01-13,8:00p,,New Jersey Nets,W,OT,94,85,19,17,W 3
2005,HOU,2005-01-15,8:30p,,San Antonio Spurs,W,,73,67,20,17,W 4
2005,HOU,2005-01-17,8:00p,@,Memphis Grizzlies,L,,80,99,20,18,L 1
2005,HOU,2005-01-18,8:30p,,Indiana Pacers,L,,74,87,20,19,L 2
2005,HOU,2005-01-20,8:00p,@,Orlando Magic,W,,108,99,21,19,W 1
2005,HOU,2005-01-21,7:30p,@,New York Knicks,W,,92,91,22,19,W 2
2005,HOU,2005-01-24,8:30p,,Orlando Magic,W,,89,78,23,19,W 3
2005,HOU,2005-01-26,8:00p,@,New Orleans Hornets,W,,82,77,24,19,W 4
2005,HOU,2005-01-28,9:30p,,Sacramento Kings,L,OT,111,117,24,20,L 1
2005,HOU,2005-01-30,1:00p,@,Miami Heat,L,,95,104,24,21,L 2
2005,HOU,2005-01-31,7:00p,@,Boston Celtics,W,,97,94,25,21,W 1
2005,HOU,2005-02-02,7:00p,@,Philadelphia 76ers,W,,118,95,26,21,W 2
2005,HOU,2005-02-04,9:30p,@,Minnesota Timberwolves,W,OT,119,113,27,21,W 3
2005,HOU,2005-02-06,3:30p,,Los Angeles Lakers,W,,103,102,28,21,W 4
2005,HOU,2005-02-09,8:30p,,Chicago Bulls,W,,105,92,29,21,W 5
2005,HOU,2005-02-11,7:00p,@,Indiana Pacers,W,,91,83,30,21,W 6
2005,HOU,2005-02-13,8:30p,,Portland Trail Blazers,W,,81,80,31,21,W 7
2005,HOU,2005-02-15,8:30p,,Washington Wizards,W,,123,93,32,21,W 8
2005,HOU,2005-02-22,8:30p,,Seattle SuperSonics,L,,85,87,32,22,L 1
2005,HOU,2005-02-23,9:00p,@,San Antonio Spurs,L,,81,99,32,23,L 2
2005,HOU,2005-02-27,4:00p,,Utah Jazz,L,,92,99,32,24,L 3
2005,HOU,2005-03-01,8:30p,@,Chicago Bulls,W,,119,89,33,24,W 1
2005,HOU,2005-03-02,7:00p,@,Washington Wizards,L,,98,101,33,25,L 1
2005,HOU,2005-03-06,1:00p,,Dallas Mavericks,W,,90,69,34,25,W 1
2005,HOU,2005-03-08,10:00p,@,Seattle SuperSonics,W,,97,95,35,25,W 2
2005,HOU,2005-03-11,9:00p,@,Phoenix Suns,W,,127,107,36,25,W 3
2005,HOU,2005-03-13,3:30p,@,Sacramento Kings,W,,111,96,37,25,W 4
2005,HOU,2005-03-14,10:30p,@,Golden State Warriors,W,,97,94,38,25,W 5
2005,HOU,2005-03-16,8:30p,,Portland Trail Blazers,W,,108,77,39,25,W 6
2005,HOU,2005-03-18,8:30p,,Boston Celtics,L,,92,103,39,26,L 1
2005,HOU,2005-03-20,7:30p,@,Minnesota Timberwolves,L,,86,94,39,27,L 2
2005,HOU,2005-03-22,9:30p,,Miami Heat,W,,84,82,40,27,W 1
2005,HOU,2005-03-24,8:30p,,Cleveland Cavaliers,W,,99,80,41,27,W 2
2005,HOU,2005-03-25,8:00p,@,New Orleans Hornets,W,,81,68,42,27,W 3
2005,HOU,2005-03-27,1:00p,@,San Antonio Spurs,L,,70,83,42,28,L 1
2005,HOU,2005-03-28,9:00p,@,Utah Jazz,W,,99,85,43,28,W 1
2005,HOU,2005-03-30,10:00p,@,Portland Trail Blazers,W,,100,84,44,28,W 2
2005,HOU,2005-04-01,8:30p,,New Orleans Hornets,L,,73,76,44,29,L 1
2005,HOU,2005-04-03,8:30p,,Phoenix Suns,L,,78,91,44,30,L 2
2005,HOU,2005-04-05,10:30p,@,Golden State Warriors,L,,117,122,44,31,L 3
2005,HOU,2005-04-07,10:30p,@,Los Angeles Lakers,W,,114,100,45,31,W 1
2005,HOU,2005-04-09,10:00p,@,Phoenix Suns,W,,98,97,46,31,W 2
2005,HOU,2005-04-11,10:00p,@,Seattle SuperSonics,W,,90,78,47,31,W 3
2005,HOU,2005-04-13,8:30p,,Memphis Grizzlies,W,,100,92,48,31,W 4
2005,HOU,2005-04-16,7:30p,,Denver Nuggets,W,,115,87,49,31,W 5
2005,HOU,2005-04-18,8:30p,,Los Angeles Clippers,W,,115,90,50,31,W 6
2005,HOU,2005-04-20,8:30p,,Seattle SuperSonics,W,,106,78,51,31,W 7
2005,HOU,2005-04-23,5:30p,@,Dallas Mavericks,W,,98,86,1,0,W 1
2005,HOU,2005-04-25,9:30p,@,Dallas Mavericks,W,,113,111,2,0,W 2
2005,HOU,2005-04-28,9:30p,,Dallas Mavericks,L,,102,106,2,1,L 1
2005,HOU,2005-04-30,5:30p,,Dallas Mavericks,L,,93,97,2,2,L 2
2005,HOU,2005-05-02,8:00p,@,Dallas Mavericks,L,,100,103,2,3,L 3
2005,HOU,2005-05-05,9:30p,,Dallas Mavericks,W,,101,83,3,3,W 1
2005,HOU,2005-05-07,9:30p,@,Dallas Mavericks,L,,76,116,3,4,L 1
2005,IND,2004-11-03,7:00p,@,Cleveland Cavaliers,W,2OT,109,104,1,0,W 1
2005,IND,2004-11-05,7:30p,@,Boston Celtics,W,,100,94,2,0,W 2
2005,IND,2004-11-06,8:00p,,Chicago Bulls,W,,100,90,3,0,W 3
2005,IND,2004-11-09,8:00p,@,Minnesota Timberwolves,W,,102,101,4,0,W 4
2005,IND,2004-11-10,7:00p,,Los Angeles Clippers,L,,68,102,4,1,L 1
2005,IND,2004-11-12,7:00p,@,Philadelphia 76ers,L,OT,104,106,4,2,L 2
2005,IND,2004-11-13,8:00p,,New York Knicks,W,,103,97,5,2,W 1
2005,IND,2004-11-17,7:00p,,Atlanta Hawks,W,,93,86,6,2,W 2
2005,IND,2004-11-19,8:00p,@,Detroit Pistons,W,,97,82,7,2,W 3
2005,IND,2004-11-20,8:00p,,Orlando Magic,L,,83,86,7,3,L 1
2005,IND,2004-11-23,7:00p,,Boston Celtics,W,,106,96,8,3,W 1
2005,IND,2004-11-25,8:00p,,Minnesota Timberwolves,W,,106,102,9,3,W 2
2005,IND,2004-11-26,8:00p,,Charlotte Bobcats,W,,82,77,10,3,W 3
2005,IND,2004-11-28,9:00p,@,Seattle SuperSonics,L,,95,103,10,4,L 1
2005,IND,2004-12-01,10:30p,@,Los Angeles Clippers,L,,76,88,10,5,L 2
2005,IND,2004-12-03,10:30p,@,Sacramento Kings,L,,87,113,10,6,L 3
2005,IND,2004-12-04,10:30p,@,Golden State Warriors,L,,96,104,10,7,L 4
2005,IND,2004-12-07,7:00p,,Milwaukee Bucks,L,,86,89,10,8,L 5
2005,IND,2004-12-10,8:30p,@,Milwaukee Bucks,L,,86,95,10,9,L 6
2005,IND,2004-12-11,8:00p,,Sacramento Kings,L,OT,92,97,10,10,L 7
2005,IND,2004-12-14,7:30p,@,Atlanta Hawks,W,OT,108,97,11,10,W 1
2005,IND,2004-12-17,7:00p,,Toronto Raptors,W,,89,86,12,10,W 2
2005,IND,2004-12-18,8:30p,@,Chicago Bulls,L,,71,85,12,11,L 1
2005,IND,2004-12-22,7:00p,,Philadelphia 76ers,L,,90,102,12,12,L 2
2005,IND,2004-12-25,12:30p,,Detroit Pistons,L,,93,98,12,13,L 3
2005,IND,2004-12-27,7:00p,,New Orleans Hornets,W,,100,82,13,13,W 1
2005,IND,2004-12-29,7:00p,@,Charlotte Bobcats,W,,74,71,14,13,W 2
2005,IND,2004-12-30,7:30p,@,New Jersey Nets,W,,96,83,15,13,W 3
2005,IND,2005-01-04,7:00p,,Milwaukee Bucks,W,,116,99,16,13,W 4
2005,IND,2005-01-06,9:30p,@,San Antonio Spurs,L,,98,111,16,14,L 1
2005,IND,2005-01-08,8:30p,@,Dallas Mavericks,L,,101,121,16,15,L 2
2005,IND,2005-01-09,8:00p,@,Phoenix Suns,L,,89,124,16,16,L 3
2005,IND,2005-01-11,8:00p,@,Memphis Grizzlies,W,,86,85,17,16,W 1
2005,IND,2005-01-14,7:00p,,Phoenix Suns,W,,101,83,18,16,W 2
2005,IND,2005-01-15,8:00p,,Orlando Magic,L,,84,85,18,17,L 1
2005,IND,2005-01-18,8:30p,@,Houston Rockets,W,,87,74,19,17,W 1
2005,IND,2005-01-19,8:00p,@,New Orleans Hornets,L,,87,90,19,18,L 1
2005,IND,2005-01-21,8:00p,@,Miami Heat,W,OT,106,100,20,18,W 1
2005,IND,2005-01-22,8:00p,,Washington Wizards,L,,93,95,20,19,L 1
2005,IND,2005-01-26,7:00p,@,Boston Celtics,L,,86,100,20,20,L 2
2005,IND,2005-01-27,7:00p,,Detroit Pistons,L,,76,88,20,21,L 3
2005,IND,2005-01-29,8:00p,,Denver Nuggets,L,,88,95,20,22,L 4
2005,IND,2005-01-31,7:00p,@,Philadelphia 76ers,L,,88,89,20,23,L 5
2005,IND,2005-02-02,7:00p,,Toronto Raptors,L,,97,98,20,24,L 6
2005,IND,2005-02-04,7:00p,,Dallas Mavericks,W,,95,94,21,24,W 1
2005,IND,2005-02-05,7:00p,@,Atlanta Hawks,W,,84,79,22,24,W 2
2005,IND,2005-02-07,7:00p,@,Washington Wizards,L,,104,108,22,25,L 1
2005,IND,2005-02-09,7:00p,,Charlotte Bobcats,W,,94,87,23,25,W 1
2005,IND,2005-02-11,7:00p,,Houston Rockets,L,,83,91,23,26,L 1
2005,IND,2005-02-13,6:00p,,Memphis Grizzlies,W,,76,73,24,26,W 1
2005,IND,2005-02-16,7:00p,,Portland Trail Blazers,W,,95,87,25,26,W 2
2005,IND,2005-02-22,7:00p,@,Orlando Magic,W,,108,84,26,26,W 3
2005,IND,2005-02-23,7:00p,,Miami Heat,W,OT,93,91,27,26,W 4
2005,IND,2005-02-25,8:00p,,Cleveland Cavaliers,W,,106,82,28,26,W 5
2005,IND,2005-02-26,7:30p,@,New York Knicks,L,,79,90,28,27,L 1
2005,IND,2005-03-01,7:00p,,Seattle SuperSonics,L,,93,101,28,28,L 2
2005,IND,2005-03-03,8:00p,@,Denver Nuggets,L,,87,96,28,29,L 3
2005,IND,2005-03-04,10:00p,@,Portland Trail Blazers,W,,106,97,29,29,W 1
2005,IND,2005-03-06,9:30p,@,Los Angeles Lakers,L,,94,103,29,30,L 1
2005,IND,2005-03-08,9:00p,@,Utah Jazz,W,,89,83,30,30,W 1
2005,IND,2005-03-11,7:00p,,Golden State Warriors,W,,101,83,31,30,W 2
2005,IND,2005-03-13,7:00p,@,Cleveland Cavaliers,L,,86,98,31,31,L 1
2005,IND,2005-03-16,7:00p,,Utah Jazz,W,,103,84,32,31,W 1
2005,IND,2005-03-18,7:30p,,Los Angeles Lakers,W,,103,97,33,31,W 2
2005,IND,2005-03-20,3:30p,,New Jersey Nets,L,,85,94,33,32,L 1
2005,IND,2005-03-22,7:30p,@,New Jersey Nets,L,,91,98,33,33,L 2
2005,IND,2005-03-23,7:00p,,San Antonio Spurs,W,,100,93,34,33,W 1
2005,IND,2005-03-25,8:00p,@,Detroit Pistons,W,,94,81,35,33,W 2
2005,IND,2005-03-26,8:30p,@,Chicago Bulls,L,,96,100,35,34,L 1
2005,IND,2005-03-28,8:00p,@,Milwaukee Bucks,W,,90,76,36,34,W 1
2005,IND,2005-03-31,8:00p,,Miami Heat,W,OT,114,108,37,34,W 2
2005,IND,2005-04-03,1:00p,@,Washington Wizards,W,,79,76,38,34,W 3
2005,IND,2005-04-05,7:30p,@,New York Knicks,W,,97,79,39,34,W 4
2005,IND,2005-04-06,7:00p,,Cleveland Cavaliers,W,,98,77,40,34,W 5
2005,IND,2005-04-08,8:00p,,Washington Wizards,W,,93,83,41,34,W 6
2005,IND,2005-04-10,3:30p,,New York Knicks,L,OT,112,113,41,35,L 1
2005,IND,2005-04-11,7:00p,@,Toronto Raptors,W,,94,90,42,35,W 1
2005,IND,2005-04-13,8:00p,,New Jersey Nets,W,,90,86,43,35,W 2
2005,IND,2005-04-15,8:00p,,Philadelphia 76ers,L,,86,90,43,36,L 1
2005,IND,2005-04-17,3:30p,@,Miami Heat,L,,80,84,43,37,L 2
2005,IND,2005-04-18,7:00p,@,Orlando Magic,L,,88,92,43,38,L 3
2005,IND,2005-04-20,8:00p,,Chicago Bulls,W,,85,83,44,38,W 1
2005,IND,2005-04-23,8:00p,@,Boston Celtics,L,,82,102,0,1,L 1
2005,IND,2005-04-25,7:00p,@,Boston Celtics,W,,82,79,1,1,W 1
2005,IND,2005-04-28,8:30p,,Boston Celtics,W,,99,76,2,1,W 2
2005,IND,2005-04-30,8:00p,,Boston Celtics,L,,79,110,2,2,L 1
2005,IND,2005-05-03,7:30p,@,Boston Celtics,W,,90,85,3,2,W 1
2005,IND,2005-05-05,7:00p,,Boston Celtics,L,OT,89,92,3,3,L 1
2005,IND,2005-05-07,7:00p,@,Boston Celtics,W,,97,70,4,3,W 1
2005,IND,2005-05-09,8:00p,@,Detroit Pistons,L,,81,96,4,4,L 1
2005,IND,2005-05-11,8:00p,@,Detroit Pistons,W,,92,83,5,4,W 1
2005,IND,2005-05-13,7:00p,,Detroit Pistons,W,,79,74,6,4,W 2
2005,IND,2005-05-15,3:30p,,Detroit Pistons,L,,76,89,6,5,L 1
2005,IND,2005-05-17,7:00p,@,Detroit Pistons,L,,67,86,6,6,L 2
2005,IND,2005-05-19,8:00p,,Detroit Pistons,L,,79,88,6,7,L 3
2005,LAC,2004-11-03,10:30p,,Seattle SuperSonics,W,,114,84,1,0,W 1
2005,LAC,2004-11-05,10:00p,@,Portland Trail Blazers,L,,81,94,1,1,L 1
2005,LAC,2004-11-06,10:30p,@,Golden State Warriors,W,,94,86,2,1,W 1
2005,LAC,2004-11-08,10:30p,,Detroit Pistons,L,2OT,96,99,2,2,L 1
2005,LAC,2004-11-10,7:00p,@,Indiana Pacers,W,,102,68,3,2,W 1
2005,LAC,2004-11-12,7:30p,@,New York Knicks,L,,96,110,3,3,L 1
2005,LAC,2004-11-13,8:30p,@,Chicago Bulls,W,,97,96,4,3,W 1
2005,LAC,2004-11-16,10:30p,,Toronto Raptors,W,,101,89,5,3,W 2
2005,LAC,2004-11-17,10:30p,@,Los Angeles Lakers,L,,89,103,5,4,L 1
2005,LAC,2004-11-20,3:30p,,Houston Rockets,L,OT,86,91,5,5,L 2
2005,LAC,2004-11-21,3:30p,,Phoenix Suns,L,,111,122,5,6,L 3
2005,LAC,2004-11-25,10:30p,,New Jersey Nets,W,,101,88,6,6,W 1
2005,LAC,2004-11-26,10:30p,@,Golden State Warriors,W,,98,87,7,6,W 2
2005,LAC,2004-11-28,3:30p,,Golden State Warriors,W,,103,91,8,6,W 3
2005,LAC,2004-11-29,10:30p,,Cleveland Cavaliers,W,,94,82,9,6,W 4
2005,LAC,2004-12-01,10:30p,,Indiana Pacers,W,,88,76,10,6,W 5
2005,LAC,2004-12-04,10:30p,,Minnesota Timberwolves,L,OT,100,107,10,7,L 1
2005,LAC,2004-12-06,10:30p,,Charlotte Bobcats,W,2OT,99,93,11,7,W 1
2005,LAC,2004-12-11,10:30p,,Los Angeles Lakers,L,,87,89,11,8,L 1
2005,LAC,2004-12-13,10:30p,,Boston Celtics,L,2OT,127,134,11,9,L 2
2005,LAC,2004-12-14,9:00p,@,Utah Jazz,L,,91,93,11,10,L 3
2005,LAC,2004-12-17,8:00p,@,Minnesota Timberwolves,L,,86,113,11,11,L 4
2005,LAC,2004-12-19,9:30p,,Memphis Grizzlies,L,,82,92,11,12,L 5
2005,LAC,2004-12-21,10:30p,,New Orleans Hornets,W,OT,100,91,12,12,W 1
2005,LAC,2004-12-26,8:30p,@,Houston Rockets,L,,79,96,12,13,L 1
2005,LAC,2004-12-27,8:00p,@,Memphis Grizzlies,L,,76,96,12,14,L 2
2005,LAC,2004-12-29,10:30p,,Utah Jazz,W,,101,90,13,14,W 1
2005,LAC,2004-12-31,9:30p,,San Antonio Spurs,L,,79,98,13,15,L 1
2005,LAC,2005-01-02,3:30p,,Philadelphia 76ers,W,,89,83,14,15,W 1
2005,LAC,2005-01-03,9:00p,@,Denver Nuggets,W,,102,98,15,15,W 2
2005,LAC,2005-01-05,10:30p,,Portland Trail Blazers,W,,102,98,16,15,W 3
2005,LAC,2005-01-08,10:30p,,Phoenix Suns,L,,91,108,16,16,L 1
2005,LAC,2005-01-11,10:00p,@,Seattle SuperSonics,L,,99,104,16,17,L 2
2005,LAC,2005-01-12,10:30p,,Seattle SuperSonics,W,,103,92,17,17,W 1
2005,LAC,2005-01-14,10:30p,,Miami Heat,W,2OT,114,112,18,17,W 2
2005,LAC,2005-01-15,10:00p,@,Sacramento Kings,L,,95,99,18,18,L 1
2005,LAC,2005-01-17,3:30p,,Sacramento Kings,L,,83,89,18,19,L 2
2005,LAC,2005-01-19,8:30p,@,San Antonio Spurs,L,,79,80,18,20,L 3
2005,LAC,2005-01-20,8:30p,@,Dallas Mavericks,L,,77,99,18,21,L 4
2005,LAC,2005-01-22,8:00p,@,New Orleans Hornets,L,,85,88,18,22,L 5
2005,LAC,2005-01-24,10:30p,,Dallas Mavericks,W,,97,87,19,22,W 1
2005,LAC,2005-01-26,10:30p,,Los Angeles Lakers,W,,105,89,20,22,W 2
2005,LAC,2005-01-28,10:00p,@,Portland Trail Blazers,L,,86,90,20,23,L 1
2005,LAC,2005-01-29,10:30p,,Golden State Warriors,W,,96,85,21,23,W 1
2005,LAC,2005-01-31,10:30p,,New York Knicks,W,,96,89,22,23,W 2
2005,LAC,2005-02-03,8:00p,@,Memphis Grizzlies,W,,106,103,23,23,W 3
2005,LAC,2005-02-04,8:30p,@,Milwaukee Bucks,L,,90,92,23,24,L 1
2005,LAC,2005-02-06,1:00p,@,Philadelphia 76ers,L,,104,106,23,25,L 2
2005,LAC,2005-02-09,7:00p,@,Boston Celtics,L,,89,94,23,26,L 3
2005,LAC,2005-02-11,7:00p,@,Washington Wizards,L,,91,94,23,27,L 4
2005,LAC,2005-02-13,6:00p,@,Toronto Raptors,L,,106,109,23,28,L 5
2005,LAC,2005-02-15,7:00p,@,Orlando Magic,L,,94,99,23,29,L 6
2005,LAC,2005-02-16,7:30p,@,Miami Heat,L,,95,113,23,30,L 7
2005,LAC,2005-02-23,9:00p,@,Phoenix Suns,L,,101,118,23,31,L 8
2005,LAC,2005-02-24,10:30p,,Minnesota Timberwolves,W,,92,86,24,31,W 1
2005,LAC,2005-02-27,9:30p,,Atlanta Hawks,W,,111,104,25,31,W 2
2005,LAC,2005-02-28,9:00p,@,Utah Jazz,L,,86,87,25,32,L 1
2005,LAC,2005-03-02,10:30p,,Dallas Mavericks,W,,101,92,26,32,W 1
2005,LAC,2005-03-05,10:30p,,Denver Nuggets,L,,89,105,26,33,L 1
2005,LAC,2005-03-07,10:30p,,Memphis Grizzlies,L,,102,105,26,34,L 2
2005,LAC,2005-03-08,10:30p,@,Los Angeles Lakers,W,,110,101,27,34,W 1
2005,LAC,2005-03-11,10:00p,@,Sacramento Kings,L,,112,113,27,35,L 1
2005,LAC,2005-03-13,3:30p,,Chicago Bulls,W,,83,78,28,35,W 1
2005,LAC,2005-03-16,10:30p,,Orlando Magic,W,,110,102,29,35,W 2
2005,LAC,2005-03-18,9:00p,@,Denver Nuggets,L,,96,115,29,36,L 1
2005,LAC,2005-03-19,10:30p,,Sacramento Kings,L,OT,107,111,29,37,L 2
2005,LAC,2005-03-21,10:30p,,Portland Trail Blazers,W,,96,89,30,37,W 1
2005,LAC,2005-03-23,10:30p,,Milwaukee Bucks,W,,116,108,31,37,W 2
2005,LAC,2005-03-25,10:30p,,Washington Wizards,W,,98,94,32,37,W 3
2005,LAC,2005-03-27,3:30p,@,Minnesota Timberwolves,L,,85,89,32,38,L 1
2005,LAC,2005-03-29,7:00p,@,Cleveland Cavaliers,L,,84,94,32,39,L 2
2005,LAC,2005-03-30,7:30p,@,New Jersey Nets,L,,78,95,32,40,L 3
2005,LAC,2005-04-01,8:00p,@,Detroit Pistons,L,,84,97,32,41,L 4
2005,LAC,2005-04-03,6:00p,@,Atlanta Hawks,W,,111,91,33,41,W 1
2005,LAC,2005-04-05,7:00p,@,Charlotte Bobcats,W,,104,102,34,41,W 2
2005,LAC,2005-04-06,8:30p,@,San Antonio Spurs,L,,82,91,34,42,L 1
2005,LAC,2005-04-09,10:30p,,San Antonio Spurs,L,2OT,124,125,34,43,L 2
2005,LAC,2005-04-12,10:30p,,Utah Jazz,W,,94,85,35,43,W 1
2005,LAC,2005-04-15,10:00p,@,Phoenix Suns,L,,91,98,35,44,L 1
2005,LAC,2005-04-16,10:30p,,New Orleans Hornets,W,,94,89,36,44,W 1
2005,LAC,2005-04-18,8:30p,@,Houston Rockets,L,,90,115,36,45,L 1
2005,LAC,2005-04-20,8:00p,@,New Orleans Hornets,W,,86,75,37,45,W 1
2005,LAL,2004-11-02,10:30p,,Denver Nuggets,W,,89,78,1,0,W 1
2005,LAL,2004-11-03,10:30p,@,Utah Jazz,L,,78,104,1,1,L 1
2005,LAL,2004-11-05,10:30p,,San Antonio Spurs,L,,96,105,1,2,L 2
2005,LAL,2004-11-07,9:30p,,Atlanta Hawks,W,,106,90,2,2,W 1
2005,LAL,2004-11-09,8:00p,@,New Orleans Hornets,W,,106,98,3,2,W 2
2005,LAL,2004-11-10,8:00p,@,Memphis Grizzlies,L,,87,110,3,3,L 1
2005,LAL,2004-11-12,7:00p,@,Orlando Magic,L,,113,122,3,4,L 2
2005,LAL,2004-11-13,8:30p,@,Houston Rockets,W,,84,79,4,4,W 1
2005,LAL,2004-11-17,10:30p,,Los Angeles Clippers,W,,103,89,5,4,W 2
2005,LAL,2004-11-19,9:00p,@,Phoenix Suns,L,,102,107,5,5,L 1
2005,LAL,2004-11-21,9:30p,,Chicago Bulls,W,,102,93,6,5,W 1
2005,LAL,2004-11-23,10:30p,,Milwaukee Bucks,W,,100,96,7,5,W 2
2005,LAL,2004-11-26,10:30p,,Sacramento Kings,L,,106,109,7,6,L 1
2005,LAL,2004-11-28,9:30p,,New Orleans Hornets,W,,89,76,8,6,W 1
2005,LAL,2004-11-30,8:00p,@,Milwaukee Bucks,W,,95,90,9,6,W 2
2005,LAL,2004-12-01,8:30p,@,Chicago Bulls,L,,84,92,9,7,L 1
2005,LAL,2004-12-03,10:30p,,Golden State Warriors,W,,97,88,10,7,W 1
2005,LAL,2004-12-08,10:30p,,Phoenix Suns,L,,110,113,10,8,L 1
2005,LAL,2004-12-11,10:30p,@,Los Angeles Clippers,W,,89,87,11,8,W 1
2005,LAL,2004-12-12,9:30p,,Orlando Magic,W,,105,98,12,8,W 2
2005,LAL,2004-12-14,10:00p,@,Seattle SuperSonics,L,,93,108,12,9,L 1
2005,LAL,2004-12-16,10:30p,@,Sacramento Kings,W,,115,99,13,9,W 1
2005,LAL,2004-12-17,10:30p,,Washington Wizards,L,OT,116,120,13,10,L 1
2005,LAL,2004-12-20,10:30p,,Memphis Grizzlies,L,,72,82,13,11,L 2
2005,LAL,2004-12-22,10:30p,,New Orleans Hornets,W,,101,89,14,11,W 1
2005,LAL,2004-12-25,3:00p,,Miami Heat,L,OT,102,104,14,12,L 1
2005,LAL,2004-12-28,10:30p,,Toronto Raptors,W,,117,99,15,12,W 1
2005,LAL,2005-01-02,9:30p,,Denver Nuggets,W,,99,91,16,12,W 2
2005,LAL,2005-01-04,8:30p,@,San Antonio Spurs,L,,83,100,16,13,L 1
2005,LAL,2005-01-05,8:30p,@,Dallas Mavericks,L,,104,118,16,14,L 2
2005,LAL,2005-01-07,10:30p,,Houston Rockets,W,,111,104,17,14,W 1
2005,LAL,2005-01-10,8:00p,@,Minnesota Timberwolves,W,,105,96,18,14,W 2
2005,LAL,2005-01-12,9:00p,@,Denver Nuggets,L,,83,95,18,15,L 1
2005,LAL,2005-01-13,10:30p,,Cleveland Cavaliers,W,,98,94,19,15,W 1
2005,LAL,2005-01-15,10:30p,@,Golden State Warriors,W,,104,102,20,15,W 2
2005,LAL,2005-01-17,10:30p,,Utah Jazz,L,,94,102,20,16,L 1
2005,LAL,2005-01-19,10:30p,,Minnesota Timberwolves,W,,93,90,21,16,W 1
2005,LAL,2005-01-21,10:30p,,Golden State Warriors,W,,105,101,22,16,W 2
2005,LAL,2005-01-25,10:30p,,Seattle SuperSonics,L,,93,104,22,17,L 1
2005,LAL,2005-01-26,10:30p,@,Los Angeles Clippers,L,,89,105,22,18,L 2
2005,LAL,2005-01-28,10:30p,,New Jersey Nets,L,,103,109,22,19,L 3
2005,LAL,2005-01-30,9:30p,,Charlotte Bobcats,W,,101,90,23,19,W 1
2005,LAL,2005-02-01,10:30p,,Portland Trail Blazers,W,,92,79,24,19,W 2
2005,LAL,2005-02-03,10:30p,,San Antonio Spurs,L,,91,103,24,20,L 1
2005,LAL,2005-02-06,3:30p,@,Houston Rockets,L,,102,103,24,21,L 2
2005,LAL,2005-02-07,7:30p,@,Atlanta Hawks,L,,108,114,24,22,L 3
2005,LAL,2005-02-09,7:30p,@,New Jersey Nets,W,OT,104,103,25,22,W 1
2005,LAL,2005-02-10,8:00p,@,Detroit Pistons,L,,81,103,25,23,L 1
2005,LAL,2005-02-13,3:30p,@,Cleveland Cavaliers,L,,89,103,25,24,L 2
2005,LAL,2005-02-15,10:30p,,Utah Jazz,W,,102,95,26,24,W 1
2005,LAL,2005-02-22,10:30p,,Boston Celtics,W,,104,95,27,24,W 2
2005,LAL,2005-02-23,10:00p,@,Portland Trail Blazers,W,,86,83,28,24,W 3
2005,LAL,2005-02-25,10:30p,,Detroit Pistons,L,,90,111,28,25,L 1
2005,LAL,2005-02-27,1:00p,@,Toronto Raptors,L,,102,108,28,26,L 2
2005,LAL,2005-02-28,7:30p,@,New York Knicks,L,OT,115,117,28,27,L 3
2005,LAL,2005-03-02,7:30p,@,Boston Celtics,L,,101,104,28,28,L 4
2005,LAL,2005-03-04,10:30p,,Dallas Mavericks,W,,108,103,29,28,W 1
2005,LAL,2005-03-06,9:30p,,Indiana Pacers,W,,103,94,30,28,W 2
2005,LAL,2005-03-08,10:30p,,Los Angeles Clippers,L,,101,110,30,29,L 1
2005,LAL,2005-03-10,9:30p,@,Dallas Mavericks,W,,100,95,31,29,W 1
2005,LAL,2005-03-12,7:00p,@,Charlotte Bobcats,W,,117,116,32,29,W 2
2005,LAL,2005-03-14,7:00p,@,Washington Wizards,L,,81,95,32,30,L 1
2005,LAL,2005-03-15,7:00p,@,Philadelphia 76ers,L,,91,108,32,31,L 2
2005,LAL,2005-03-17,8:00p,@,Miami Heat,L,,89,102,32,32,L 3
2005,LAL,2005-03-18,7:30p,@,Indiana Pacers,L,,97,103,32,33,L 4
2005,LAL,2005-03-20,9:30p,,Seattle SuperSonics,L,,100,102,32,34,L 5
2005,LAL,2005-03-22,9:00p,@,Utah Jazz,L,,107,115,32,35,L 6
2005,LAL,2005-03-24,9:00p,@,Denver Nuggets,L,,96,117,32,36,L 7
2005,LAL,2005-03-27,7:30p,,Philadelphia 76ers,L,,89,96,32,37,L 8
2005,LAL,2005-03-29,10:30p,,New York Knicks,W,,117,107,33,37,W 1
2005,LAL,2005-03-31,10:30p,,Minnesota Timberwolves,L,,96,105,33,38,L 1
2005,LAL,2005-04-02,8:30p,@,San Antonio Spurs,L,,94,95,33,39,L 2
2005,LAL,2005-04-03,8:00p,@,Memphis Grizzlies,L,,82,102,33,40,L 3
2005,LAL,2005-04-05,10:00p,@,Phoenix Suns,L,,99,125,33,41,L 4
2005,LAL,2005-04-07,10:30p,,Houston Rockets,L,,100,114,33,42,L 5
2005,LAL,2005-04-08,10:30p,@,Seattle SuperSonics,W,,117,94,34,42,W 1
2005,LAL,2005-04-10,3:30p,@,Sacramento Kings,L,,105,124,34,43,L 1
2005,LAL,2005-04-11,10:30p,,Phoenix Suns,L,,97,108,34,44,L 2
2005,LAL,2005-04-15,10:30p,,Sacramento Kings,L,,106,115,34,45,L 3
2005,LAL,2005-04-17,3:30p,,Dallas Mavericks,L,,112,114,34,46,L 4
2005,LAL,2005-04-18,10:30p,@,Golden State Warriors,L,,99,126,34,47,L 5
2005,LAL,2005-04-20,10:00p,@,Portland Trail Blazers,L,,103,106,34,48,L 6
2005,MEM,2004-11-03,8:00p,,Washington Wizards,L,,91,103,0,1,L 1
2005,MEM,2004-11-05,8:00p,,Houston Rockets,L,,81,89,0,2,L 2
2005,MEM,2004-11-06,8:30p,@,Dallas Mavericks,L,,88,112,0,3,L 3
2005,MEM,2004-11-09,8:30p,@,Houston Rockets,L,,87,90,0,4,L 4
2005,MEM,2004-11-10,8:00p,,Los Angeles Lakers,W,,110,87,1,4,W 1
2005,MEM,2004-11-12,8:00p,,Golden State Warriors,W,,96,67,2,4,W 2
2005,MEM,2004-11-14,8:00p,@,Seattle SuperSonics,L,,113,118,2,5,L 1
2005,MEM,2004-11-17,10:00p,@,Portland Trail Blazers,W,,101,82,3,5,W 1
2005,MEM,2004-11-19,10:30p,@,Sacramento Kings,L,,105,107,3,6,L 1
2005,MEM,2004-11-20,10:30p,@,Golden State Warriors,W,,100,87,4,6,W 1
2005,MEM,2004-11-22,8:00p,,San Antonio Spurs,W,,93,90,5,6,W 2
2005,MEM,2004-11-24,8:00p,,Seattle SuperSonics,L,,84,93,5,7,L 1
2005,MEM,2004-11-26,8:00p,@,Minnesota Timberwolves,L,,90,115,5,8,L 2
2005,MEM,2004-11-27,8:00p,,Dallas Mavericks,L,,85,98,5,9,L 3
2005,MEM,2004-11-30,8:00p,,Sacramento Kings,L,,93,98,5,10,L 4
2005,MEM,2004-12-01,7:30p,@,New York Knicks,L,,82,90,5,11,L 5
2005,MEM,2004-12-03,8:00p,,Philadelphia 76ers,W,,94,86,6,11,W 1
2005,MEM,2004-12-04,7:00p,@,Orlando Magic,L,,91,96,6,12,L 1
2005,MEM,2004-12-07,8:00p,,New York Knicks,W,,96,88,7,12,W 1
2005,MEM,2004-12-08,7:30p,@,Atlanta Hawks,W,,97,89,8,12,W 2
2005,MEM,2004-12-10,7:30p,@,Miami Heat,L,,84,92,8,13,L 1
2005,MEM,2004-12-11,8:00p,,Detroit Pistons,W,,72,68,9,13,W 1
2005,MEM,2004-12-13,8:00p,,Cleveland Cavaliers,L,,86,92,9,14,L 1
2005,MEM,2004-12-15,8:00p,,Chicago Bulls,L,,88,96,9,15,L 2
2005,MEM,2004-12-17,8:00p,,New Jersey Nets,W,,89,84,10,15,W 1
2005,MEM,2004-12-19,9:30p,@,Los Angeles Clippers,W,,92,82,11,15,W 2
2005,MEM,2004-12-20,10:30p,@,Los Angeles Lakers,W,,82,72,12,15,W 3
2005,MEM,2004-12-22,10:00p,@,Golden State Warriors,L,,99,109,12,16,L 1
2005,MEM,2004-12-23,9:00p,@,Phoenix Suns,L,,102,109,12,17,L 2
2005,MEM,2004-12-27,8:00p,,Los Angeles Clippers,W,,96,76,13,17,W 1
2005,MEM,2004-12-29,8:00p,,Boston Celtics,W,,117,109,14,17,W 2
2005,MEM,2005-01-01,8:00p,@,Minnesota Timberwolves,W,,104,95,15,17,W 3
2005,MEM,2005-01-03,8:00p,,Utah Jazz,W,,92,82,16,17,W 4
2005,MEM,2005-01-06,7:30p,@,Detroit Pistons,W,,101,79,17,17,W 5
2005,MEM,2005-01-07,8:00p,,New Orleans Hornets,W,,84,76,18,17,W 6
2005,MEM,2005-01-11,8:00p,,Indiana Pacers,L,,85,86,18,18,L 1
2005,MEM,2005-01-14,7:00p,@,Charlotte Bobcats,W,,109,89,19,18,W 1
2005,MEM,2005-01-15,8:00p,,Milwaukee Bucks,W,,101,82,20,18,W 2
2005,MEM,2005-01-17,8:00p,,Houston Rockets,W,,99,80,21,18,W 3
2005,MEM,2005-01-19,9:00p,@,Phoenix Suns,W,,88,79,22,18,W 4
2005,MEM,2005-01-21,10:30p,@,Denver Nuggets,L,,82,92,22,19,L 1
2005,MEM,2005-01-22,9:00p,@,Utah Jazz,W,,110,94,23,19,W 1
2005,MEM,2005-01-25,8:00p,,Orlando Magic,W,,95,83,24,19,W 2
2005,MEM,2005-01-26,7:00p,@,Cleveland Cavaliers,L,,111,114,24,20,L 1
2005,MEM,2005-01-29,8:00p,,Atlanta Hawks,W,,84,83,25,20,W 1
2005,MEM,2005-01-31,8:00p,@,New Orleans Hornets,W,,98,91,26,20,W 2
2005,MEM,2005-02-01,8:00p,,Phoenix Suns,W,,108,97,27,20,W 3
2005,MEM,2005-02-03,8:00p,,Los Angeles Clippers,L,,103,106,27,21,L 1
2005,MEM,2005-02-08,8:00p,,Minnesota Timberwolves,W,,108,96,28,21,W 1
2005,MEM,2005-02-09,7:00p,@,Philadelphia 76ers,W,,98,95,29,21,W 2
2005,MEM,2005-02-11,8:00p,,Portland Trail Blazers,W,,88,82,30,21,W 3
2005,MEM,2005-02-13,6:00p,@,Indiana Pacers,L,,73,76,30,22,L 1
2005,MEM,2005-02-16,7:00p,@,Boston Celtics,L,,88,90,30,23,L 2
2005,MEM,2005-02-23,7:00p,@,Washington Wizards,L,,83,93,30,24,L 3
2005,MEM,2005-02-25,8:00p,,Denver Nuggets,L,OT,94,97,30,25,L 4
2005,MEM,2005-02-26,8:30p,@,San Antonio Spurs,W,,84,82,31,25,W 1
2005,MEM,2005-03-01,2:00p,,Golden State Warriors,W,,99,97,32,25,W 2
2005,MEM,2005-03-04,8:00p,,Toronto Raptors,W,,86,75,33,25,W 3
2005,MEM,2005-03-07,10:30p,@,Los Angeles Clippers,W,,105,102,34,25,W 4
2005,MEM,2005-03-08,10:00p,@,Sacramento Kings,L,,82,85,34,26,L 1
2005,MEM,2005-03-11,9:00p,@,Utah Jazz,W,,94,82,35,26,W 1
2005,MEM,2005-03-12,10:00p,@,Portland Trail Blazers,L,,66,80,35,27,L 1
2005,MEM,2005-03-14,8:00p,,Portland Trail Blazers,W,,104,83,36,27,W 1
2005,MEM,2005-03-16,8:00p,@,New Orleans Hornets,W,,88,82,37,27,W 2
2005,MEM,2005-03-18,8:00p,,Minnesota Timberwolves,W,,88,83,38,27,W 3
2005,MEM,2005-03-20,3:30p,,Phoenix Suns,L,,91,97,38,28,L 1
2005,MEM,2005-03-24,7:30p,@,New Jersey Nets,W,,105,96,39,28,W 1
2005,MEM,2005-03-26,8:00p,,New Orleans Hornets,L,,85,96,39,29,L 1
2005,MEM,2005-03-28,8:30p,@,Chicago Bulls,L,,86,94,39,30,L 2
2005,MEM,2005-03-29,8:00p,,Seattle SuperSonics,L,,99,102,39,31,L 3
2005,MEM,2005-04-01,8:30p,@,Milwaukee Bucks,W,,93,82,40,31,W 1
2005,MEM,2005-04-03,8:00p,,Los Angeles Lakers,W,,102,82,41,31,W 2
2005,MEM,2005-04-05,8:00p,,Denver Nuggets,L,,91,94,41,32,L 1
2005,MEM,2005-04-06,7:00p,@,Toronto Raptors,W,,104,74,42,32,W 1
2005,MEM,2005-04-08,8:00p,,Miami Heat,W,,97,81,43,32,W 2
2005,MEM,2005-04-10,8:00p,,Charlotte Bobcats,W,,102,95,44,32,W 3
2005,MEM,2005-04-11,8:30p,@,Dallas Mavericks,L,,89,110,44,33,L 1
2005,MEM,2005-04-13,8:30p,@,Houston Rockets,L,,92,100,44,34,L 2
2005,MEM,2005-04-15,9:00p,@,Denver Nuggets,L,,102,111,44,35,L 3
2005,MEM,2005-04-16,8:30p,@,San Antonio Spurs,L,,75,97,44,36,L 4
2005,MEM,2005-04-18,8:00p,,San Antonio Spurs,W,,94,92,45,36,W 1
2005,MEM,2005-04-20,8:00p,,Dallas Mavericks,L,,88,108,45,37,L 1
2005,MEM,2005-04-24,10:30p,@,Phoenix Suns,L,,103,114,0,1,L 1
2005,MEM,2005-04-27,10:30p,@,Phoenix Suns,L,,103,108,0,2,L 2
2005,MEM,2005-04-29,9:00p,,Phoenix Suns,L,,90,110,0,3,L 3
2005,MEM,2005-05-01,8:00p,,Phoenix Suns,L,,115,123,0,4,L 4
2005,MIA,2004-11-03,8:00p,@,New Jersey Nets,W,,100,77,1,0,W 1
2005,MIA,2004-11-04,8:00p,,Cleveland Cavaliers,W,,92,86,2,0,W 2
2005,MIA,2004-11-06,7:00p,@,Washington Wizards,W,,118,106,3,0,W 3
2005,MIA,2004-11-09,7:30p,,Washington Wizards,W,,103,93,4,0,W 4
2005,MIA,2004-11-11,8:00p,,Dallas Mavericks,L,,93,113,4,1,L 1
2005,MIA,2004-11-12,8:00p,@,San Antonio Spurs,L,,84,93,4,2,L 2
2005,MIA,2004-11-14,6:00p,,Milwaukee Bucks,W,2OT,112,110,5,2,W 1
2005,MIA,2004-11-16,8:00p,@,Minnesota Timberwolves,L,,97,108,5,3,L 1
2005,MIA,2004-11-17,9:00p,@,Milwaukee Bucks,W,,113,106,6,3,W 1
2005,MIA,2004-11-19,7:30p,,Utah Jazz,W,OT,107,105,7,3,W 2
2005,MIA,2004-11-21,6:00p,,Philadelphia 76ers,W,,93,83,8,3,W 3
2005,MIA,2004-11-23,7:30p,,Portland Trail Blazers,L,,87,99,8,4,L 1
2005,MIA,2004-11-24,7:30p,@,Atlanta Hawks,W,,99,93,9,4,W 1
2005,MIA,2004-11-26,8:00p,@,Detroit Pistons,L,,77,78,9,5,L 1
2005,MIA,2004-11-28,6:00p,,Boston Celtics,W,,106,104,10,5,W 1
2005,MIA,2004-11-30,7:30p,,Toronto Raptors,L,,92,94,10,6,L 1
2005,MIA,2004-12-03,8:30p,@,Chicago Bulls,W,,105,81,11,6,W 1
2005,MIA,2004-12-04,9:00p,@,Denver Nuggets,L,,95,104,11,7,L 1
2005,MIA,2004-12-06,9:00p,@,Utah Jazz,W,,100,80,12,7,W 1
2005,MIA,2004-12-08,8:00p,@,Milwaukee Bucks,W,,101,96,13,7,W 2
2005,MIA,2004-12-10,7:30p,,Memphis Grizzlies,W,,92,84,14,7,W 3
2005,MIA,2004-12-12,1:00p,@,Toronto Raptors,W,,106,98,15,7,W 4
2005,MIA,2004-12-13,7:30p,,Washington Wizards,W,,106,83,16,7,W 5
2005,MIA,2004-12-15,7:00p,@,Washington Wizards,W,,98,93,17,7,W 6
2005,MIA,2004-12-17,8:00p,,Denver Nuggets,W,,107,100,18,7,W 7
2005,MIA,2004-12-19,6:00p,,Orlando Magic,W,,117,107,19,7,W 8
2005,MIA,2004-12-21,7:30p,,Boston Celtics,W,,108,100,20,7,W 9
2005,MIA,2004-12-23,10:30p,@,Sacramento Kings,W,,109,107,21,7,W 10
2005,MIA,2004-12-25,3:00p,@,Los Angeles Lakers,W,OT,104,102,22,7,W 11
2005,MIA,2004-12-27,7:30p,,Atlanta Hawks,W,,116,102,23,7,W 12
2005,MIA,2004-12-30,8:00p,@,Detroit Pistons,W,,89,78,24,7,W 13
2005,MIA,2005-01-01,7:30p,,Charlotte Bobcats,W,,113,90,25,7,W 14
2005,MIA,2005-01-03,7:30p,,Seattle SuperSonics,L,,96,98,25,8,L 1
2005,MIA,2005-01-05,7:30p,,New York Knicks,W,,102,94,26,8,W 1
2005,MIA,2005-01-07,10:00p,@,Portland Trail Blazers,W,,103,92,27,8,W 2
2005,MIA,2005-01-09,8:00p,@,Seattle SuperSonics,L,,98,108,27,9,L 1
2005,MIA,2005-01-11,9:00p,@,Phoenix Suns,L,,107,122,27,10,L 2
2005,MIA,2005-01-12,10:30p,@,Golden State Warriors,W,,98,91,28,10,W 1
2005,MIA,2005-01-14,10:30p,@,Los Angeles Clippers,L,2OT,112,114,28,11,L 1
2005,MIA,2005-01-19,7:30p,,Atlanta Hawks,W,,111,92,29,11,W 1
2005,MIA,2005-01-21,8:00p,,Indiana Pacers,L,OT,100,106,29,12,L 1
2005,MIA,2005-01-23,6:00p,,New Orleans Hornets,W,,97,68,30,12,W 1
2005,MIA,2005-01-24,7:00p,@,Philadelphia 76ers,L,,98,106,30,13,L 1
2005,MIA,2005-01-26,7:00p,@,Toronto Raptors,W,,111,96,31,13,W 1
2005,MIA,2005-01-28,7:30p,@,Atlanta Hawks,W,,106,96,32,13,W 2
2005,MIA,2005-01-30,1:00p,,Houston Rockets,W,,104,95,33,13,W 3
2005,MIA,2005-02-01,8:30p,@,Dallas Mavericks,L,,104,109,33,14,L 1
2005,MIA,2005-02-03,8:00p,,Cleveland Cavaliers,W,,100,88,34,14,W 1
2005,MIA,2005-02-05,7:30p,,Chicago Bulls,W,,108,97,35,14,W 2
2005,MIA,2005-02-07,7:30p,,Golden State Warriors,W,,105,96,36,14,W 3
2005,MIA,2005-02-09,7:30p,@,New York Knicks,W,OT,116,110,37,14,W 4
2005,MIA,2005-02-11,7:00p,@,Charlotte Bobcats,W,,97,87,38,14,W 5
2005,MIA,2005-02-13,1:00p,,San Antonio Spurs,W,,96,92,39,14,W 6
2005,MIA,2005-02-16,7:30p,,Los Angeles Clippers,W,,113,95,40,14,W 7
2005,MIA,2005-02-22,8:30p,@,Chicago Bulls,L,OT,101,105,40,15,L 1
2005,MIA,2005-02-23,7:00p,@,Indiana Pacers,L,OT,91,93,40,16,L 2
2005,MIA,2005-02-26,1:00p,,Orlando Magic,W,,101,98,41,16,W 1
2005,MIA,2005-02-27,7:30p,@,Orlando Magic,W,,112,103,42,16,W 2
2005,MIA,2005-03-03,7:30p,@,New Jersey Nets,W,,106,90,43,16,W 3
2005,MIA,2005-03-04,8:00p,,Sacramento Kings,W,,104,83,44,16,W 4
2005,MIA,2005-03-06,7:30p,@,Cleveland Cavaliers,W,,102,82,45,16,W 5
2005,MIA,2005-03-07,7:30p,,Philadelphia 76ers,W,,108,100,46,16,W 6
2005,MIA,2005-03-10,7:00p,,Minnesota Timberwolves,W,,107,90,47,16,W 7
2005,MIA,2005-03-12,1:00p,,New Jersey Nets,W,,90,65,48,16,W 8
2005,MIA,2005-03-14,7:30p,,Milwaukee Bucks,W,,110,71,49,16,W 9
2005,MIA,2005-03-15,7:30p,@,New York Knicks,W,,98,96,50,16,W 10
2005,MIA,2005-03-17,8:00p,,Los Angeles Lakers,W,,102,89,51,16,W 11
2005,MIA,2005-03-19,7:30p,,New York Knicks,W,,97,82,52,16,W 12
2005,MIA,2005-03-22,9:30p,@,Houston Rockets,L,,82,84,52,17,L 1
2005,MIA,2005-03-25,8:00p,,Phoenix Suns,W,,125,115,53,17,W 1
2005,MIA,2005-03-26,7:00p,@,Charlotte Bobcats,L,,92,94,53,18,L 1
2005,MIA,2005-03-29,7:30p,,Toronto Raptors,W,,103,91,54,18,W 1
2005,MIA,2005-03-31,8:00p,@,Indiana Pacers,L,OT,108,114,54,19,L 1
2005,MIA,2005-04-02,8:00p,@,New Orleans Hornets,W,,111,99,55,19,W 1
2005,MIA,2005-04-05,7:30p,,Chicago Bulls,W,,104,86,56,19,W 2
2005,MIA,2005-04-08,8:00p,@,Memphis Grizzlies,L,,81,97,56,20,L 1
2005,MIA,2005-04-10,1:00p,,Detroit Pistons,L,,72,80,56,21,L 2
2005,MIA,2005-04-14,8:00p,@,Philadelphia 76ers,L,OT,119,126,56,22,L 3
2005,MIA,2005-04-15,7:30p,@,Boston Celtics,L,,99,101,56,23,L 4
2005,MIA,2005-04-17,3:30p,,Indiana Pacers,W,,84,80,57,23,W 1
2005,MIA,2005-04-19,7:30p,,Charlotte Bobcats,W,,99,80,58,23,W 2
2005,MIA,2005-04-20,7:00p,@,Orlando Magic,W,,98,93,59,23,W 3
2005,MIA,2005-04-24,3:00p,,New Jersey Nets,W,,116,98,1,0,W 1
2005,MIA,2005-04-26,8:00p,,New Jersey Nets,W,,104,87,2,0,W 2
2005,MIA,2005-04-28,7:00p,@,New Jersey Nets,W,2OT,108,105,3,0,W 3
2005,MIA,2005-05-01,3:30p,@,New Jersey Nets,W,,110,97,4,0,W 4
2005,MIA,2005-05-08,3:30p,,Washington Wizards,W,,105,86,5,0,W 5
2005,MIA,2005-05-10,7:00p,,Washington Wizards,W,,108,102,6,0,W 6
2005,MIA,2005-05-12,8:00p,@,Washington Wizards,W,,102,95,7,0,W 7
2005,MIA,2005-05-14,8:00p,@,Washington Wizards,W,,99,95,8,0,W 8
2005,MIA,2005-05-23,8:00p,,Detroit Pistons,L,,81,90,8,1,L 1
2005,MIA,2005-05-25,8:00p,,Detroit Pistons,W,,92,86,9,1,W 1
2005,MIA,2005-05-29,8:00p,@,Detroit Pistons,W,,113,104,10,1,W 2
2005,MIA,2005-05-31,8:00p,@,Detroit Pistons,L,,96,106,10,2,L 1
2005,MIA,2005-06-02,8:00p,,Detroit Pistons,W,,88,76,11,2,W 1
2005,MIA,2005-06-04,8:00p,@,Detroit Pistons,L,,66,91,11,3,L 1
2005,MIA,2005-06-06,8:00p,,Detroit Pistons,L,,82,88,11,4,L 2
2005,MIL,2004-11-03,7:00p,@,Orlando Magic,L,,92,93,0,1,L 1
2005,MIL,2004-11-06,8:30p,,Cleveland Cavaliers,W,,102,88,1,1,W 1
2005,MIL,2004-11-10,8:00p,,Charlotte Bobcats,W,,102,100,2,1,W 2
2005,MIL,2004-11-13,8:30p,,New Orleans Hornets,W,,94,91,3,1,W 3
2005,MIL,2004-11-14,6:00p,@,Miami Heat,L,2OT,110,112,3,2,L 1
2005,MIL,2004-11-17,9:00p,,Miami Heat,L,,106,113,3,3,L 2
2005,MIL,2004-11-19,10:00p,@,Portland Trail Blazers,L,,98,110,3,4,L 3
2005,MIL,2004-11-21,9:00p,@,Sacramento Kings,L,,79,88,3,5,L 4
2005,MIL,2004-11-23,10:30p,@,Los Angeles Lakers,L,,96,100,3,6,L 5
2005,MIL,2004-11-24,9:00p,@,Phoenix Suns,L,,104,111,3,7,L 6
2005,MIL,2004-11-27,9:00p,,Detroit Pistons,W,,96,90,4,7,W 1
2005,MIL,2004-11-30,8:00p,,Los Angeles Lakers,L,,90,95,4,8,L 1
2005,MIL,2004-12-01,7:00p,@,Boston Celtics,L,,100,101,4,9,L 2
2005,MIL,2004-12-04,8:30p,,San Antonio Spurs,L,,83,104,4,10,L 3
2005,MIL,2004-12-07,7:00p,@,Indiana Pacers,W,,89,86,5,10,W 1
2005,MIL,2004-12-08,8:00p,,Miami Heat,L,,96,101,5,11,L 1
2005,MIL,2004-12-10,8:30p,,Indiana Pacers,W,,95,86,6,11,W 1
2005,MIL,2004-12-12,2:00p,@,Philadelphia 76ers,L,,101,107,6,12,L 1
2005,MIL,2004-12-14,8:00p,,Sacramento Kings,L,,86,89,6,13,L 2
2005,MIL,2004-12-16,8:30p,@,Chicago Bulls,L,,77,85,6,14,L 3
2005,MIL,2004-12-18,8:30p,,Philadelphia 76ers,L,,97,116,6,15,L 4
2005,MIL,2004-12-22,8:00p,,Portland Trail Blazers,L,,95,104,6,16,L 5
2005,MIL,2004-12-26,7:00p,,Chicago Bulls,W,,99,92,7,16,W 1
2005,MIL,2004-12-28,8:00p,,Houston Rockets,W,,115,87,8,16,W 2
2005,MIL,2004-12-29,7:00p,@,Orlando Magic,W,,111,105,9,16,W 3
2005,MIL,2004-12-31,10:00p,@,Houston Rockets,L,,90,105,9,17,L 1
2005,MIL,2005-01-02,8:30p,@,Dallas Mavericks,L,,104,123,9,18,L 2
2005,MIL,2005-01-04,7:00p,@,Indiana Pacers,L,,99,116,9,19,L 3
2005,MIL,2005-01-05,8:00p,,New Jersey Nets,W,,97,74,10,19,W 1
2005,MIL,2005-01-07,7:00p,@,Toronto Raptors,W,OT,107,105,11,19,W 2
2005,MIL,2005-01-08,8:30p,,Utah Jazz,W,,89,86,12,19,W 3
2005,MIL,2005-01-11,7:30p,@,Atlanta Hawks,L,,80,103,12,20,L 1
2005,MIL,2005-01-12,8:30p,@,San Antonio Spurs,L,,79,94,12,21,L 2
2005,MIL,2005-01-14,8:30p,,Washington Wizards,L,,103,105,12,22,L 3
2005,MIL,2005-01-15,8:00p,@,Memphis Grizzlies,L,,82,101,12,23,L 4
2005,MIL,2005-01-17,1:00p,@,Charlotte Bobcats,W,,99,92,13,23,W 1
2005,MIL,2005-01-19,7:30p,@,New Jersey Nets,L,,90,96,13,24,L 1
2005,MIL,2005-01-21,8:30p,,Detroit Pistons,W,,89,86,14,24,W 1
2005,MIL,2005-01-23,3:00p,@,New York Knicks,W,,101,96,15,24,W 2
2005,MIL,2005-01-26,8:00p,,Phoenix Suns,L,,115,121,15,25,L 1
2005,MIL,2005-01-28,8:30p,,Denver Nuggets,L,,100,106,15,26,L 2
2005,MIL,2005-01-30,6:30p,@,Cleveland Cavaliers,L,,87,104,15,27,L 3
2005,MIL,2005-02-01,8:00p,,Minnesota Timberwolves,W,,91,86,16,27,W 1
2005,MIL,2005-02-04,8:30p,,Los Angeles Clippers,W,,92,90,17,27,W 2
2005,MIL,2005-02-05,7:00p,@,Washington Wizards,L,,94,112,17,28,L 1
2005,MIL,2005-02-08,8:00p,,Boston Celtics,W,,121,97,18,28,W 1
2005,MIL,2005-02-09,7:00p,@,Toronto Raptors,W,,110,107,19,28,W 2
2005,MIL,2005-02-12,8:30p,,Atlanta Hawks,W,,113,83,20,28,W 3
2005,MIL,2005-02-14,7:30p,@,Detroit Pistons,L,,83,107,20,29,L 1
2005,MIL,2005-02-16,7:30p,@,New York Knicks,L,,90,108,20,30,L 2
2005,MIL,2005-02-22,7:00p,@,Charlotte Bobcats,W,,112,102,21,30,W 1
2005,MIL,2005-02-23,8:00p,,New Jersey Nets,W,,100,81,22,30,W 2
2005,MIL,2005-02-25,8:30p,,Toronto Raptors,L,,102,106,22,31,L 1
2005,MIL,2005-02-27,3:00p,,Seattle SuperSonics,W,,99,73,23,31,W 1
2005,MIL,2005-03-01,8:00p,,Philadelphia 76ers,L,,111,118,23,32,L 1
2005,MIL,2005-03-04,8:00p,@,Minnesota Timberwolves,L,,97,103,23,33,L 2
2005,MIL,2005-03-05,8:30p,,Chicago Bulls,W,,95,87,24,33,W 1
2005,MIL,2005-03-07,8:30p,@,Chicago Bulls,L,,85,90,24,34,L 1
2005,MIL,2005-03-08,8:00p,,Atlanta Hawks,W,,105,101,25,34,W 1
2005,MIL,2005-03-11,8:30p,,Dallas Mavericks,L,,110,112,25,35,L 1
2005,MIL,2005-03-12,8:00p,@,New Orleans Hornets,L,,107,111,25,36,L 2
2005,MIL,2005-03-14,7:30p,@,Miami Heat,L,,71,110,25,37,L 3
2005,MIL,2005-03-16,8:00p,,Cleveland Cavaliers,W,,96,88,26,37,W 1
2005,MIL,2005-03-18,8:30p,,Washington Wizards,W,,99,90,27,37,W 2
2005,MIL,2005-03-20,9:00p,@,Denver Nuggets,L,,103,114,27,38,L 1
2005,MIL,2005-03-22,10:00p,@,Seattle SuperSonics,L,,84,92,27,39,L 2
2005,MIL,2005-03-23,10:30p,@,Los Angeles Clippers,L,,108,116,27,40,L 3
2005,MIL,2005-03-25,10:30p,@,Golden State Warriors,L,OT,117,118,27,41,L 4
2005,MIL,2005-03-26,9:00p,@,Utah Jazz,L,,89,94,27,42,L 5
2005,MIL,2005-03-28,8:00p,,Indiana Pacers,L,,76,90,27,43,L 6
2005,MIL,2005-03-30,8:00p,,Golden State Warriors,L,,109,113,27,44,L 7
2005,MIL,2005-04-01,8:30p,,Memphis Grizzlies,L,,82,93,27,45,L 8
2005,MIL,2005-04-03,2:00p,,New York Knicks,W,,106,102,28,45,W 1
2005,MIL,2005-04-06,7:00p,@,Boston Celtics,L,,97,103,28,46,L 1
2005,MIL,2005-04-08,8:30p,,Charlotte Bobcats,W,,93,75,29,46,W 1
2005,MIL,2005-04-09,7:30p,@,Cleveland Cavaliers,L,,81,98,29,47,L 1
2005,MIL,2005-04-11,7:00p,@,Washington Wizards,L,,112,119,29,48,L 2
2005,MIL,2005-04-13,8:00p,,Boston Celtics,L,,108,111,29,49,L 3
2005,MIL,2005-04-15,8:00p,@,Detroit Pistons,L,,73,99,29,50,L 4
2005,MIL,2005-04-16,8:30p,,Orlando Magic,W,,113,103,30,50,W 1
2005,MIL,2005-04-18,7:00p,@,Philadelphia 76ers,L,,106,122,30,51,L 1
2005,MIL,2005-04-19,8:00p,,Toronto Raptors,L,,109,127,30,52,L 2
2005,MIN,2004-11-03,8:00p,,New York Knicks,W,,99,93,1,0,W 1
2005,MIN,2004-11-04,10:30p,@,Denver Nuggets,L,OT,92,94,1,1,L 1
2005,MIN,2004-11-06,8:00p,,New Orleans Hornets,W,,99,92,2,1,W 1
2005,MIN,2004-11-09,8:00p,,Indiana Pacers,L,,101,102,2,2,L 1
2005,MIN,2004-11-11,8:30p,@,Houston Rockets,W,,96,91,3,2,W 1
2005,MIN,2004-11-16,8:00p,,Miami Heat,W,,108,97,4,2,W 2
2005,MIN,2004-11-17,7:30p,@,Detroit Pistons,L,,85,93,4,3,L 1
2005,MIN,2004-11-20,8:00p,@,New Orleans Hornets,W,,99,94,5,3,W 1
2005,MIN,2004-11-22,8:30p,@,Dallas Mavericks,W,,83,82,6,3,W 2
2005,MIN,2004-11-23,8:00p,,Seattle SuperSonics,L,,92,103,6,4,L 1
2005,MIN,2004-11-25,8:00p,@,Indiana Pacers,L,,102,106,6,5,L 2
2005,MIN,2004-11-26,8:00p,,Memphis Grizzlies,W,,115,90,7,5,W 1
2005,MIN,2004-11-28,9:00p,@,Sacramento Kings,W,,121,110,8,5,W 2
2005,MIN,2004-12-01,10:30p,@,Golden State Warriors,W,,107,99,9,5,W 3
2005,MIN,2004-12-03,9:00p,@,Phoenix Suns,W,,97,93,10,5,W 4
2005,MIN,2004-12-04,10:30p,@,Los Angeles Clippers,W,OT,107,100,11,5,W 5
2005,MIN,2004-12-07,8:00p,,Dallas Mavericks,L,,87,97,11,6,L 1
2005,MIN,2004-12-08,7:00p,@,Philadelphia 76ers,W,,119,84,12,6,W 1
2005,MIN,2004-12-10,8:00p,,Sacramento Kings,W,,113,105,13,6,W 2
2005,MIN,2004-12-11,8:30p,@,Chicago Bulls,L,,88,99,13,7,L 1
2005,MIN,2004-12-14,8:00p,,Portland Trail Blazers,W,,100,89,14,7,W 1
2005,MIN,2004-12-15,7:00p,@,Toronto Raptors,L,,90,96,14,8,L 1
2005,MIN,2004-12-17,8:00p,,Los Angeles Clippers,W,,113,86,15,8,W 1
2005,MIN,2004-12-21,7:00p,@,Cleveland Cavaliers,L,,97,107,15,9,L 1
2005,MIN,2004-12-23,8:00p,@,San Antonio Spurs,L,,82,96,15,10,L 2
2005,MIN,2004-12-26,8:00p,,Washington Wizards,W,,109,74,16,10,W 1
2005,MIN,2004-12-29,7:30p,@,New York Knicks,L,,87,100,16,11,L 1
2005,MIN,2005-01-01,8:00p,,Memphis Grizzlies,L,,95,104,16,12,L 2
2005,MIN,2005-01-04,8:00p,,Phoenix Suns,L,,115,122,16,13,L 3
2005,MIN,2005-01-05,7:00p,@,Charlotte Bobcats,L,,84,102,16,14,L 4
2005,MIN,2005-01-07,8:00p,,Philadelphia 76ers,W,,89,84,17,14,W 1
2005,MIN,2005-01-08,7:00p,@,Washington Wizards,L,,114,117,17,15,L 1
2005,MIN,2005-01-10,8:00p,,Los Angeles Lakers,L,,96,105,17,16,L 2
2005,MIN,2005-01-12,8:00p,,Orlando Magic,L,,80,87,17,17,L 3
2005,MIN,2005-01-14,10:30p,@,Denver Nuggets,W,,93,83,18,17,W 1
2005,MIN,2005-01-15,8:00p,,Portland Trail Blazers,W,,92,84,19,17,W 2
2005,MIN,2005-01-17,6:00p,,Toronto Raptors,L,,91,100,19,18,L 1
2005,MIN,2005-01-19,10:30p,@,Los Angeles Lakers,L,,90,93,19,19,L 2
2005,MIN,2005-01-21,10:30p,@,Seattle SuperSonics,W,,112,107,20,19,W 1
2005,MIN,2005-01-22,10:00p,@,Portland Trail Blazers,W,,92,83,21,19,W 2
2005,MIN,2005-01-24,8:00p,,Detroit Pistons,W,,86,83,22,19,W 3
2005,MIN,2005-01-26,8:00p,,Atlanta Hawks,W,,104,87,23,19,W 4
2005,MIN,2005-01-28,8:00p,,Utah Jazz,W,,93,91,24,19,W 5
2005,MIN,2005-01-30,3:30p,,Sacramento Kings,L,,84,94,24,20,L 1
2005,MIN,2005-02-01,8:00p,@,Milwaukee Bucks,L,,86,91,24,21,L 2
2005,MIN,2005-02-02,8:00p,,Phoenix Suns,L,,79,108,24,22,L 3
2005,MIN,2005-02-04,9:30p,,Houston Rockets,L,OT,113,119,24,23,L 4
2005,MIN,2005-02-06,1:00p,,Boston Celtics,L,,100,103,24,24,L 5
2005,MIN,2005-02-08,8:00p,@,Memphis Grizzlies,L,,96,108,24,25,L 6
2005,MIN,2005-02-09,8:00p,,Denver Nuggets,W,,98,92,25,25,W 1
2005,MIN,2005-02-11,9:00p,@,Utah Jazz,L,,82,100,25,26,L 1
2005,MIN,2005-02-13,3:30p,,Chicago Bulls,L,,83,87,25,27,L 2
2005,MIN,2005-02-15,8:00p,,New Jersey Nets,W,,82,71,26,27,W 1
2005,MIN,2005-02-17,8:00p,,Cleveland Cavaliers,W,,94,88,27,27,W 2
2005,MIN,2005-02-24,10:30p,@,Los Angeles Clippers,L,,86,92,27,28,L 1
2005,MIN,2005-02-25,10:30p,@,Seattle SuperSonics,L,,88,98,27,29,L 2
2005,MIN,2005-02-27,8:00p,@,Portland Trail Blazers,W,,91,83,28,29,W 1
2005,MIN,2005-03-02,8:00p,,Golden State Warriors,L,,93,99,28,30,L 1
2005,MIN,2005-03-04,8:00p,,Milwaukee Bucks,W,,103,97,29,30,W 1
2005,MIN,2005-03-06,6:00p,@,Boston Celtics,W,,99,97,30,30,W 2
2005,MIN,2005-03-08,8:00p,,Charlotte Bobcats,W,,102,97,31,30,W 3
2005,MIN,2005-03-10,7:00p,@,Miami Heat,L,,90,107,31,31,L 1
2005,MIN,2005-03-11,7:00p,@,Orlando Magic,W,,101,96,32,31,W 1
2005,MIN,2005-03-13,1:00p,,Dallas Mavericks,L,,93,102,32,32,L 1
2005,MIN,2005-03-15,8:30p,@,Dallas Mavericks,W,,100,91,33,32,W 1
2005,MIN,2005-03-16,9:00p,@,San Antonio Spurs,L,,73,89,33,33,L 1
2005,MIN,2005-03-18,8:00p,@,Memphis Grizzlies,L,,83,88,33,34,L 2
2005,MIN,2005-03-20,7:30p,,Houston Rockets,W,,94,86,34,34,W 1
2005,MIN,2005-03-23,8:00p,,New Orleans Hornets,W,,107,102,35,34,W 2
2005,MIN,2005-03-26,1:00p,@,New Jersey Nets,W,,96,75,36,34,W 3
2005,MIN,2005-03-27,3:30p,,Los Angeles Clippers,W,,89,85,37,34,W 4
2005,MIN,2005-03-31,10:30p,@,Los Angeles Lakers,W,,105,96,38,34,W 5
2005,MIN,2005-04-01,9:00p,@,Phoenix Suns,L,,98,107,38,35,L 1
2005,MIN,2005-04-03,3:30p,@,Sacramento Kings,W,,112,100,39,35,W 1
2005,MIN,2005-04-06,9:30p,,Utah Jazz,W,,111,86,40,35,W 2
2005,MIN,2005-04-08,9:30p,,Denver Nuggets,L,,104,107,40,36,L 1
2005,MIN,2005-04-09,7:00p,@,Atlanta Hawks,L,,98,105,40,37,L 2
2005,MIN,2005-04-13,8:00p,,Golden State Warriors,W,,116,100,41,37,W 1
2005,MIN,2005-04-15,9:00p,@,Utah Jazz,W,,100,84,42,37,W 2
2005,MIN,2005-04-17,3:30p,,Seattle SuperSonics,L,,94,109,42,38,L 1
2005,MIN,2005-04-18,8:00p,@,New Orleans Hornets,W,,102,99,43,38,W 1
2005,MIN,2005-04-20,8:00p,,San Antonio Spurs,W,,95,73,44,38,W 2
2005,NJN,2004-11-03,8:00p,,Miami Heat,L,,77,100,0,1,L 1
2005,NJN,2004-11-05,8:30p,@,Chicago Bulls,W,2OT,111,106,1,1,W 1
2005,NJN,2004-11-06,8:00p,,Phoenix Suns,L,,80,112,1,2,L 1
2005,NJN,2004-11-09,7:30p,,Portland Trail Blazers,W,,64,60,2,2,W 1
2005,NJN,2004-11-10,7:00p,@,Philadelphia 76ers,L,OT,100,108,2,3,L 1
2005,NJN,2004-11-13,1:00p,,Dallas Mavericks,L,,78,94,2,4,L 2
2005,NJN,2004-11-15,7:30p,,Houston Rockets,L,,69,80,2,5,L 3
2005,NJN,2004-11-17,7:30p,,Seattle SuperSonics,L,,68,79,2,6,L 4
2005,NJN,2004-11-20,8:00p,,Washington Wizards,L,,86,97,2,7,L 5
2005,NJN,2004-11-23,9:00p,@,Denver Nuggets,L,,88,90,2,8,L 6
2005,NJN,2004-11-25,10:30p,@,Los Angeles Clippers,L,,88,101,2,9,L 7
2005,NJN,2004-11-26,10:30p,@,Seattle SuperSonics,L,,79,92,2,10,L 8
2005,NJN,2004-11-28,6:00p,@,Portland Trail Blazers,L,,71,83,2,11,L 9
2005,NJN,2004-11-30,7:30p,,Charlotte Bobcats,W,,99,86,3,11,W 1
2005,NJN,2004-12-01,7:00p,@,Washington Wizards,L,,68,95,3,12,L 1
2005,NJN,2004-12-04,7:30p,,Atlanta Hawks,W,,109,88,4,12,W 1
2005,NJN,2004-12-06,7:30p,,Toronto Raptors,W,,88,86,5,12,W 2
2005,NJN,2004-12-07,7:00p,@,Cleveland Cavaliers,L,,97,103,5,13,L 1
2005,NJN,2004-12-10,7:30p,,New Orleans Hornets,W,OT,94,91,6,13,W 1
2005,NJN,2004-12-11,7:00p,@,Atlanta Hawks,W,,95,90,7,13,W 2
2005,NJN,2004-12-14,7:30p,,New York Knicks,L,,79,87,7,14,L 1
2005,NJN,2004-12-17,8:00p,@,Memphis Grizzlies,L,,84,89,7,15,L 2
2005,NJN,2004-12-19,3:00p,@,Toronto Raptors,L,,99,110,7,16,L 3
2005,NJN,2004-12-21,7:00p,@,Charlotte Bobcats,W,,94,91,8,16,W 1
2005,NJN,2004-12-22,7:30p,,Cleveland Cavaliers,W,,92,90,9,16,W 2
2005,NJN,2004-12-27,7:30p,@,Detroit Pistons,L,OT,90,100,9,17,L 1
2005,NJN,2004-12-28,8:30p,@,Chicago Bulls,W,,84,80,10,17,W 1
2005,NJN,2004-12-30,7:30p,,Indiana Pacers,L,,83,96,10,18,L 1
2005,NJN,2005-01-01,7:30p,@,New York Knicks,W,,93,87,11,18,W 1
2005,NJN,2005-01-04,7:00p,@,Washington Wizards,L,,88,112,11,19,L 1
2005,NJN,2005-01-05,8:00p,@,Milwaukee Bucks,L,,74,97,11,20,L 2
2005,NJN,2005-01-07,7:30p,,Golden State Warriors,W,,82,72,12,20,W 1
2005,NJN,2005-01-08,7:00p,@,Orlando Magic,L,,101,104,12,21,L 1
2005,NJN,2005-01-11,7:30p,,Detroit Pistons,L,,80,89,12,22,L 2
2005,NJN,2005-01-13,8:00p,@,Houston Rockets,L,OT,85,94,12,23,L 3
2005,NJN,2005-01-15,8:30p,@,Dallas Mavericks,L,,93,98,12,24,L 4
2005,NJN,2005-01-17,2:00p,@,Atlanta Hawks,W,,85,84,13,24,W 1
2005,NJN,2005-01-19,7:30p,,Milwaukee Bucks,W,,96,90,14,24,W 2
2005,NJN,2005-01-21,7:30p,,Boston Celtics,W,,104,98,15,24,W 3
2005,NJN,2005-01-23,8:00p,@,Phoenix Suns,L,,105,113,15,25,L 1
2005,NJN,2005-01-25,10:00p,@,Sacramento Kings,L,,93,113,15,26,L 2
2005,NJN,2005-01-26,10:30p,@,Golden State Warriors,W,,113,99,16,26,W 1
2005,NJN,2005-01-28,10:30p,@,Los Angeles Lakers,W,,109,103,17,26,W 2
2005,NJN,2005-01-29,9:00p,@,Utah Jazz,W,,99,82,18,26,W 3
2005,NJN,2005-02-01,7:30p,,Chicago Bulls,W,,107,97,19,26,W 4
2005,NJN,2005-02-02,7:00p,@,Boston Celtics,L,,89,110,19,27,L 1
2005,NJN,2005-02-05,1:00p,,Detroit Pistons,W,,107,85,20,27,W 1
2005,NJN,2005-02-07,7:30p,,Philadelphia 76ers,W,OT,107,97,21,27,W 2
2005,NJN,2005-02-09,7:30p,,Los Angeles Lakers,L,OT,103,104,21,28,L 1
2005,NJN,2005-02-11,7:30p,,San Antonio Spurs,L,,91,101,21,29,L 2
2005,NJN,2005-02-13,6:00p,,Denver Nuggets,W,,94,79,22,29,W 1
2005,NJN,2005-02-15,8:00p,@,Minnesota Timberwolves,L,,71,82,22,30,L 1
2005,NJN,2005-02-16,7:30p,,Sacramento Kings,W,,96,85,23,30,W 1
2005,NJN,2005-02-22,7:30p,,Toronto Raptors,L,,82,100,23,31,L 1
2005,NJN,2005-02-23,8:00p,@,Milwaukee Bucks,L,,81,100,23,32,L 2
2005,NJN,2005-02-25,7:30p,,Charlotte Bobcats,W,,93,86,24,32,W 1
2005,NJN,2005-02-27,1:00p,,Cleveland Cavaliers,W,,104,98,25,32,W 2
2005,NJN,2005-03-02,7:00p,@,Philadelphia 76ers,W,,99,93,26,32,W 3
2005,NJN,2005-03-03,7:30p,,Miami Heat,L,,90,106,26,33,L 1
2005,NJN,2005-03-05,7:30p,,Orlando Magic,L,,81,105,26,34,L 2
2005,NJN,2005-03-08,8:30p,@,San Antonio Spurs,L,,74,90,26,35,L 3
2005,NJN,2005-03-09,8:00p,@,New Orleans Hornets,W,OT,86,85,27,35,W 1
2005,NJN,2005-03-12,1:00p,@,Miami Heat,L,,65,90,27,36,L 1
2005,NJN,2005-03-13,6:00p,@,Orlando Magic,W,,98,82,28,36,W 1
2005,NJN,2005-03-16,7:30p,,Chicago Bulls,W,,100,84,29,36,W 2
2005,NJN,2005-03-18,7:30p,,Utah Jazz,W,,94,80,30,36,W 3
2005,NJN,2005-03-20,3:30p,@,Indiana Pacers,W,,94,85,31,36,W 4
2005,NJN,2005-03-22,7:30p,,Indiana Pacers,W,,98,91,32,36,W 5
2005,NJN,2005-03-24,7:30p,,Memphis Grizzlies,L,,96,105,32,37,L 1
2005,NJN,2005-03-26,1:00p,,Minnesota Timberwolves,L,,75,96,32,38,L 2
2005,NJN,2005-03-28,7:00p,@,Charlotte Bobcats,W,,95,91,33,38,W 1
2005,NJN,2005-03-30,7:30p,,Los Angeles Clippers,W,,95,78,34,38,W 2
2005,NJN,2005-04-01,8:00p,@,New York Knicks,W,,93,91,35,38,W 3
2005,NJN,2005-04-02,7:30p,,Orlando Magic,L,,102,103,35,39,L 1
2005,NJN,2005-04-05,7:00p,@,Cleveland Cavaliers,W,,111,80,36,39,W 1
2005,NJN,2005-04-07,7:30p,,New York Knicks,W,,110,98,37,39,W 2
2005,NJN,2005-04-09,1:00p,,Boston Celtics,W,,99,86,38,39,W 3
2005,NJN,2005-04-13,8:00p,@,Indiana Pacers,L,,86,90,38,40,L 1
2005,NJN,2005-04-15,7:00p,@,Toronto Raptors,W,,101,90,39,40,W 1
2005,NJN,2005-04-17,6:00p,,Philadelphia 76ers,W,,104,83,40,40,W 2
2005,NJN,2005-04-19,7:30p,,Washington Wizards,W,,109,101,41,40,W 3
2005,NJN,2005-04-20,7:00p,@,Boston Celtics,W,,102,93,42,40,W 4
2005,NJN,2005-04-24,3:00p,@,Miami Heat,L,,98,116,0,1,L 1
2005,NJN,2005-04-26,8:00p,@,Miami Heat,L,,87,104,0,2,L 2
2005,NJN,2005-04-28,7:00p,,Miami Heat,L,2OT,105,108,0,3,L 3
2005,NJN,2005-05-01,3:30p,,Miami Heat,L,,97,110,0,4,L 4
2005,NOH,2004-11-03,8:00p,,Dallas Mavericks,L,,91,106,0,1,L 1
2005,NOH,2004-11-05,8:00p,,Orlando Magic,L,,89,90,0,2,L 2
2005,NOH,2004-11-06,8:00p,@,Minnesota Timberwolves,L,,92,99,0,3,L 3
2005,NOH,2004-11-09,8:00p,,Los Angeles Lakers,L,,98,106,0,4,L 4
2005,NOH,2004-11-12,8:00p,,Atlanta Hawks,L,,95,96,0,5,L 5
2005,NOH,2004-11-13,8:30p,@,Milwaukee Bucks,L,,91,94,0,6,L 6
2005,NOH,2004-11-17,8:00p,,Phoenix Suns,L,,84,95,0,7,L 7
2005,NOH,2004-11-20,8:00p,,Minnesota Timberwolves,L,,94,99,0,8,L 8
2005,NOH,2004-11-22,9:00p,@,Utah Jazz,W,,76,75,1,8,W 1
2005,NOH,2004-11-23,10:30p,@,Golden State Warriors,L,3OT,109,115,1,9,L 1
2005,NOH,2004-11-26,9:00p,@,Phoenix Suns,L,,86,95,1,10,L 2
2005,NOH,2004-11-28,9:30p,@,Los Angeles Lakers,L,,76,89,1,11,L 3
2005,NOH,2004-11-29,9:00p,@,Denver Nuggets,L,,67,76,1,12,L 4
2005,NOH,2004-12-01,8:00p,,Sacramento Kings,L,,81,94,1,13,L 5
2005,NOH,2004-12-04,8:00p,,Detroit Pistons,L,,69,92,1,14,L 6
2005,NOH,2004-12-07,8:30p,@,Houston Rockets,L,,81,89,1,15,L 7
2005,NOH,2004-12-08,8:00p,,New York Knicks,L,,79,86,1,16,L 8
2005,NOH,2004-12-10,7:30p,@,New Jersey Nets,L,OT,91,94,1,17,L 9
2005,NOH,2004-12-12,1:00p,@,Washington Wizards,L,,69,88,1,18,L 10
2005,NOH,2004-12-14,7:00p,@,Charlotte Bobcats,L,OT,93,94,1,19,L 11
2005,NOH,2004-12-15,8:00p,,Golden State Warriors,W,,98,89,2,19,W 1
2005,NOH,2004-12-17,8:00p,,San Antonio Spurs,L,,67,83,2,20,L 1
2005,NOH,2004-12-19,9:00p,@,Sacramento Kings,L,,71,107,2,21,L 2
2005,NOH,2004-12-21,10:30p,@,Los Angeles Clippers,L,OT,91,100,2,22,L 3
2005,NOH,2004-12-22,10:30p,@,Los Angeles Lakers,L,,89,101,2,23,L 4
2005,NOH,2004-12-26,7:00p,@,Cleveland Cavaliers,L,,91,100,2,24,L 5
2005,NOH,2004-12-27,7:00p,@,Indiana Pacers,L,,82,100,2,25,L 6
2005,NOH,2004-12-29,8:00p,,Phoenix Suns,L,,96,107,2,26,L 7
2005,NOH,2005-01-03,7:00p,@,Boston Celtics,L,,90,108,2,27,L 8
2005,NOH,2005-01-05,8:00p,,Chicago Bulls,L,,89,95,2,28,L 9
2005,NOH,2005-01-07,8:00p,@,Memphis Grizzlies,L,,76,84,2,29,L 10
2005,NOH,2005-01-08,8:00p,,Sacramento Kings,W,OT,121,117,3,29,W 1
2005,NOH,2005-01-11,7:30p,@,New York Knicks,W,,88,82,4,29,W 2
2005,NOH,2005-01-12,7:30p,@,Detroit Pistons,L,,76,90,4,30,L 1
2005,NOH,2005-01-14,8:00p,,Portland Trail Blazers,W,,112,106,5,30,W 1
2005,NOH,2005-01-16,1:00p,@,Toronto Raptors,L,,99,102,5,31,L 1
2005,NOH,2005-01-17,2:00p,@,Philadelphia 76ers,L,,91,95,5,32,L 2
2005,NOH,2005-01-19,8:00p,,Indiana Pacers,W,,90,87,6,32,W 1
2005,NOH,2005-01-22,8:00p,,Los Angeles Clippers,W,,88,85,7,32,W 2
2005,NOH,2005-01-23,6:00p,@,Miami Heat,L,,68,97,7,33,L 1
2005,NOH,2005-01-26,8:00p,,Houston Rockets,L,,77,82,7,34,L 2
2005,NOH,2005-01-28,8:00p,,Philadelphia 76ers,W,OT,99,95,8,34,W 1
2005,NOH,2005-01-29,8:30p,@,San Antonio Spurs,L,,83,93,8,35,L 1
2005,NOH,2005-01-31,8:00p,,Memphis Grizzlies,L,,91,98,8,36,L 2
2005,NOH,2005-02-02,8:00p,,Dallas Mavericks,L,,82,90,8,37,L 3
2005,NOH,2005-02-04,10:30p,@,Golden State Warriors,L,,82,90,8,38,L 4
2005,NOH,2005-02-05,9:00p,@,Utah Jazz,L,,92,108,8,39,L 5
2005,NOH,2005-02-08,10:00p,@,Seattle SuperSonics,L,,91,108,8,40,L 6
2005,NOH,2005-02-09,10:00p,@,Portland Trail Blazers,W,,91,80,9,40,W 1
2005,NOH,2005-02-11,8:00p,,Golden State Warriors,W,,111,108,10,40,W 2
2005,NOH,2005-02-13,6:00p,@,Orlando Magic,L,,94,97,10,41,L 1
2005,NOH,2005-02-14,8:00p,,Washington Wizards,W,,98,96,11,41,W 1
2005,NOH,2005-02-16,9:00p,,San Antonio Spurs,L,,78,101,11,42,L 1
2005,NOH,2005-02-23,8:00p,,Seattle SuperSonics,L,,85,103,11,43,L 2
2005,NOH,2005-02-27,7:00p,,Denver Nuggets,L,,93,94,11,44,L 3
2005,NOH,2005-02-28,8:30p,@,Dallas Mavericks,L,,86,90,11,45,L 4
2005,NOH,2005-03-02,9:00p,,Charlotte Bobcats,W,,94,85,12,45,W 1
2005,NOH,2005-03-04,8:00p,,Utah Jazz,W,,92,85,13,45,W 2
2005,NOH,2005-03-06,7:00p,,Toronto Raptors,L,,84,95,13,46,L 1
2005,NOH,2005-03-09,8:00p,,New Jersey Nets,L,OT,85,86,13,47,L 2
2005,NOH,2005-03-12,8:00p,,Milwaukee Bucks,W,,111,107,14,47,W 1
2005,NOH,2005-03-14,8:30p,@,San Antonio Spurs,L,,89,112,14,48,L 1
2005,NOH,2005-03-16,8:00p,,Memphis Grizzlies,L,,82,88,14,49,L 2
2005,NOH,2005-03-18,8:30p,@,Chicago Bulls,W,,94,90,15,49,W 1
2005,NOH,2005-03-19,8:00p,,Boston Celtics,L,,100,113,15,50,L 1
2005,NOH,2005-03-21,8:30p,@,Dallas Mavericks,L,,86,103,15,51,L 2
2005,NOH,2005-03-23,8:00p,@,Minnesota Timberwolves,L,,102,107,15,52,L 3
2005,NOH,2005-03-25,8:00p,,Houston Rockets,L,,68,81,15,53,L 4
2005,NOH,2005-03-26,8:00p,@,Memphis Grizzlies,W,,96,85,16,53,W 1
2005,NOH,2005-03-28,8:00p,,Cleveland Cavaliers,L,OT,108,109,16,54,L 1
2005,NOH,2005-04-01,8:30p,@,Houston Rockets,W,,76,73,17,54,W 1
2005,NOH,2005-04-02,8:00p,,Miami Heat,L,,99,111,17,55,L 1
2005,NOH,2005-04-05,7:30p,@,Atlanta Hawks,W,,96,86,18,55,W 1
2005,NOH,2005-04-06,8:00p,,Denver Nuggets,L,,83,94,18,56,L 1
2005,NOH,2005-04-08,8:00p,,Utah Jazz,L,,87,98,18,57,L 2
2005,NOH,2005-04-10,7:00p,,Portland Trail Blazers,L,,81,90,18,58,L 3
2005,NOH,2005-04-12,10:00p,@,Phoenix Suns,L,,85,99,18,59,L 4
2005,NOH,2005-04-13,9:00p,@,Denver Nuggets,L,,102,116,18,60,L 5
2005,NOH,2005-04-15,10:30p,@,Seattle SuperSonics,L,,72,97,18,61,L 6
2005,NOH,2005-04-16,10:30p,@,Los Angeles Clippers,L,,89,94,18,62,L 7
2005,NOH,2005-04-18,8:00p,,Minnesota Timberwolves,L,,99,102,18,63,L 8
2005,NOH,2005-04-20,8:00p,,Los Angeles Clippers,L,,75,86,18,64,L 9
2005,NYK,2004-11-03,8:00p,@,Minnesota Timberwolves,L,,93,99,0,1,L 1
2005,NYK,2004-11-06,7:30p,,Boston Celtics,L,,73,107,0,2,L 2
2005,NYK,2004-11-09,7:30p,,Philadelphia 76ers,W,,96,88,1,2,W 1
2005,NYK,2004-11-12,7:30p,,Los Angeles Clippers,W,,110,96,2,2,W 2
2005,NYK,2004-11-13,8:00p,@,Indiana Pacers,L,,97,103,2,3,L 1
2005,NYK,2004-11-16,8:30p,@,San Antonio Spurs,L,,81,99,2,4,L 2
2005,NYK,2004-11-18,9:30p,@,Houston Rockets,W,,93,92,3,4,W 1
2005,NYK,2004-11-19,8:30p,@,Dallas Mavericks,L,,101,103,3,5,L 1
2005,NYK,2004-11-21,7:30p,,Cleveland Cavaliers,W,,98,88,4,5,W 1
2005,NYK,2004-11-23,7:30p,,Atlanta Hawks,W,,104,88,5,5,W 2
2005,NYK,2004-11-24,7:00p,@,Toronto Raptors,L,,91,114,5,6,L 1
2005,NYK,2004-11-27,1:00p,,Toronto Raptors,W,,108,102,6,6,W 1
2005,NYK,2004-11-30,7:30p,@,Atlanta Hawks,W,OT,110,109,7,6,W 2
2005,NYK,2004-12-01,7:30p,,Memphis Grizzlies,W,,90,82,8,6,W 3
2005,NYK,2004-12-03,7:30p,,Orlando Magic,L,,98,104,8,7,L 1
2005,NYK,2004-12-04,7:00p,@,Charlotte Bobcats,L,,101,107,8,8,L 2
2005,NYK,2004-12-07,8:00p,@,Memphis Grizzlies,L,,88,96,8,9,L 3
2005,NYK,2004-12-08,8:00p,@,New Orleans Hornets,W,,86,79,9,9,W 1
2005,NYK,2004-12-10,7:00p,@,Washington Wizards,L,,104,106,9,10,L 1
2005,NYK,2004-12-12,12:00p,,Denver Nuggets,W,,107,96,10,10,W 1
2005,NYK,2004-12-14,7:30p,@,New Jersey Nets,W,,87,79,11,10,W 2
2005,NYK,2004-12-15,8:00p,,Detroit Pistons,L,,93,94,11,11,L 1
2005,NYK,2004-12-17,7:00p,@,Philadelphia 76ers,W,OT,113,107,12,11,W 1
2005,NYK,2004-12-19,3:00p,,Utah Jazz,W,,94,93,13,11,W 2
2005,NYK,2004-12-21,7:30p,,Dallas Mavericks,L,,94,123,13,12,L 1
2005,NYK,2004-12-22,7:00p,@,Boston Celtics,L,,109,114,13,13,L 2
2005,NYK,2004-12-26,1:00p,,Charlotte Bobcats,W,,91,82,14,13,W 1
2005,NYK,2004-12-27,7:00p,@,Orlando Magic,W,,119,111,15,13,W 2
2005,NYK,2004-12-29,7:30p,,Minnesota Timberwolves,W,,100,87,16,13,W 3
2005,NYK,2005-01-01,7:30p,,New Jersey Nets,L,,87,93,16,14,L 1
2005,NYK,2005-01-04,7:30p,,Sacramento Kings,L,,98,105,16,15,L 2
2005,NYK,2005-01-05,7:30p,@,Miami Heat,L,,94,102,16,16,L 3
2005,NYK,2005-01-08,1:30p,@,Cleveland Cavaliers,L,,79,104,16,17,L 4
2005,NYK,2005-01-09,7:30p,,Portland Trail Blazers,W,,113,105,17,17,W 1
2005,NYK,2005-01-11,7:30p,,New Orleans Hornets,L,,82,88,17,18,L 1
2005,NYK,2005-01-15,3:30p,@,Chicago Bulls,L,,84,86,17,19,L 2
2005,NYK,2005-01-17,1:00p,,Chicago Bulls,L,,86,88,17,20,L 3
2005,NYK,2005-01-19,7:00p,@,Toronto Raptors,L,,81,98,17,21,L 4
2005,NYK,2005-01-21,7:30p,,Houston Rockets,L,,91,92,17,22,L 5
2005,NYK,2005-01-23,3:00p,,Milwaukee Bucks,L,,96,101,17,23,L 6
2005,NYK,2005-01-25,7:30p,,Phoenix Suns,L,,118,133,17,24,L 7
2005,NYK,2005-01-28,7:00p,,Cleveland Cavaliers,W,,99,96,18,24,W 1
2005,NYK,2005-01-29,7:30p,@,Detroit Pistons,L,,61,91,18,25,L 1
2005,NYK,2005-01-31,10:30p,@,Los Angeles Clippers,L,,89,96,18,26,L 2
2005,NYK,2005-02-01,9:00p,@,Denver Nuggets,L,,76,96,18,27,L 3
2005,NYK,2005-02-04,10:00p,@,Sacramento Kings,L,,115,116,18,28,L 4
2005,NYK,2005-02-05,9:00p,@,Phoenix Suns,L,,106,114,18,29,L 5
2005,NYK,2005-02-07,9:00p,@,Utah Jazz,W,OT,102,99,19,29,W 1
2005,NYK,2005-02-09,7:30p,,Miami Heat,L,OT,110,116,19,30,L 1
2005,NYK,2005-02-11,7:30p,@,Boston Celtics,L,,94,111,19,31,L 2
2005,NYK,2005-02-13,6:00p,,Charlotte Bobcats,W,,102,99,20,31,W 1
2005,NYK,2005-02-14,7:00p,@,Philadelphia 76ers,L,,105,106,20,32,L 1
2005,NYK,2005-02-16,7:30p,,Milwaukee Bucks,W,,108,90,21,32,W 1
2005,NYK,2005-02-22,7:30p,@,Detroit Pistons,L,,88,97,21,33,L 1
2005,NYK,2005-02-24,7:00p,,Philadelphia 76ers,W,,113,101,22,33,W 1
2005,NYK,2005-02-26,7:30p,,Indiana Pacers,W,,90,79,23,33,W 2
2005,NYK,2005-02-28,7:30p,,Los Angeles Lakers,W,OT,117,115,24,33,W 3
2005,NYK,2005-03-04,7:00p,@,Orlando Magic,L,,89,111,24,34,L 1
2005,NYK,2005-03-06,7:30p,,Golden State Warriors,W,,115,99,25,34,W 1
2005,NYK,2005-03-08,7:30p,,Washington Wizards,W,,93,83,26,34,W 2
2005,NYK,2005-03-13,6:00p,,Seattle SuperSonics,L,,80,90,26,35,L 1
2005,NYK,2005-03-15,7:30p,,Miami Heat,L,,96,98,26,36,L 2
2005,NYK,2005-03-18,7:30p,@,Atlanta Hawks,W,,106,92,27,36,W 1
2005,NYK,2005-03-19,7:30p,@,Miami Heat,L,,82,97,27,37,L 1
2005,NYK,2005-03-21,7:30p,,San Antonio Spurs,W,,88,75,28,37,W 1
2005,NYK,2005-03-23,7:30p,,Boston Celtics,W,,107,82,29,37,W 2
2005,NYK,2005-03-25,10:30p,@,Seattle SuperSonics,L,OT,101,109,29,38,L 1
2005,NYK,2005-03-26,10:00p,@,Portland Trail Blazers,L,,96,103,29,39,L 2
2005,NYK,2005-03-28,10:30p,@,Golden State Warriors,L,,100,108,29,40,L 3
2005,NYK,2005-03-29,10:30p,@,Los Angeles Lakers,L,,107,117,29,41,L 4
2005,NYK,2005-04-01,8:00p,,New Jersey Nets,L,,91,93,29,42,L 5
2005,NYK,2005-04-03,2:00p,@,Milwaukee Bucks,L,,102,106,29,43,L 6
2005,NYK,2005-04-05,7:30p,,Indiana Pacers,L,,79,97,29,44,L 7
2005,NYK,2005-04-07,7:30p,@,New Jersey Nets,L,,98,110,29,45,L 8
2005,NYK,2005-04-08,8:00p,,Chicago Bulls,L,,94,102,29,46,L 9
2005,NYK,2005-04-10,3:30p,@,Indiana Pacers,W,OT,113,112,30,46,W 1
2005,NYK,2005-04-12,7:30p,,Toronto Raptors,L,,93,105,30,47,L 1
2005,NYK,2005-04-14,8:00p,@,Cleveland Cavaliers,W,,95,89,31,47,W 1
2005,NYK,2005-04-16,1:00p,@,Charlotte Bobcats,W,,100,98,32,47,W 2
2005,NYK,2005-04-17,7:30p,,Atlanta Hawks,L,OT,135,139,32,48,L 1
2005,NYK,2005-04-19,8:30p,@,Chicago Bulls,L,,91,92,32,49,L 2
2005,NYK,2005-04-20,7:30p,,Washington Wizards,W,,113,105,33,49,W 1
2005,ORL,2004-11-03,7:00p,,Milwaukee Bucks,W,,93,92,1,0,W 1
2005,ORL,2004-11-05,8:00p,@,New Orleans Hornets,W,,90,89,2,0,W 2
2005,ORL,2004-11-06,7:00p,@,Charlotte Bobcats,L,,100,111,2,1,L 1
2005,ORL,2004-11-09,7:00p,,Dallas Mavericks,W,,94,84,3,1,W 1
2005,ORL,2004-11-10,7:00p,@,Washington Wizards,L,,96,106,3,2,L 1
2005,ORL,2004-11-12,7:00p,,Los Angeles Lakers,W,,122,113,4,2,W 1
2005,ORL,2004-11-14,2:00p,@,Philadelphia 76ers,L,,87,96,4,3,L 1
2005,ORL,2004-11-17,7:00p,,Utah Jazz,W,,107,92,5,3,W 1
2005,ORL,2004-11-20,8:00p,@,Indiana Pacers,W,,86,83,6,3,W 2
2005,ORL,2004-11-24,7:00p,,Portland Trail Blazers,L,,83,89,6,4,L 1
2005,ORL,2004-11-26,7:30p,@,Atlanta Hawks,W,,117,99,7,4,W 1
2005,ORL,2004-11-27,7:00p,,Philadelphia 76ers,W,,105,99,8,4,W 2
2005,ORL,2004-11-29,7:00p,,Boston Celtics,L,,101,117,8,5,L 1
2005,ORL,2004-12-01,7:00p,,Toronto Raptors,W,,129,108,9,5,W 1
2005,ORL,2004-12-03,7:30p,@,New York Knicks,W,,104,98,10,5,W 2
2005,ORL,2004-12-04,7:00p,,Memphis Grizzlies,W,,96,91,11,5,W 3
2005,ORL,2004-12-06,9:00p,@,Denver Nuggets,L,,102,115,11,6,L 1
2005,ORL,2004-12-08,9:00p,@,Utah Jazz,W,,106,100,12,6,W 1
2005,ORL,2004-12-10,10:30p,@,Golden State Warriors,W,,113,109,13,6,W 2
2005,ORL,2004-12-12,9:30p,@,Los Angeles Lakers,L,,98,105,13,7,L 1
2005,ORL,2004-12-13,9:00p,@,Phoenix Suns,L,,100,121,13,8,L 2
2005,ORL,2004-12-15,8:30p,@,San Antonio Spurs,L,,91,94,13,9,L 3
2005,ORL,2004-12-18,7:00p,,Denver Nuggets,W,,117,95,14,9,W 1
2005,ORL,2004-12-19,6:00p,@,Miami Heat,L,,107,117,14,10,L 1
2005,ORL,2004-12-22,7:00p,,San Antonio Spurs,W,,93,87,15,10,W 1
2005,ORL,2004-12-27,7:00p,,New York Knicks,L,,111,119,15,11,L 1
2005,ORL,2004-12-29,7:00p,,Milwaukee Bucks,L,,105,111,15,12,L 2
2005,ORL,2005-01-01,8:30p,@,Chicago Bulls,L,,90,105,15,13,L 3
2005,ORL,2005-01-03,7:00p,@,Toronto Raptors,L,,94,105,15,14,L 4
2005,ORL,2005-01-05,7:00p,,Seattle SuperSonics,W,,105,87,16,14,W 1
2005,ORL,2005-01-07,7:00p,,Charlotte Bobcats,W,,111,91,17,14,W 2
2005,ORL,2005-01-08,7:00p,,New Jersey Nets,W,,104,101,18,14,W 3
2005,ORL,2005-01-10,7:00p,@,Boston Celtics,L,,101,119,18,15,L 1
2005,ORL,2005-01-12,8:00p,@,Minnesota Timberwolves,W,,87,80,19,15,W 1
2005,ORL,2005-01-14,8:00p,@,Detroit Pistons,L,,94,101,19,16,L 1
2005,ORL,2005-01-15,8:00p,@,Indiana Pacers,W,,85,84,20,16,W 1
2005,ORL,2005-01-18,7:00p,,Detroit Pistons,W,,103,101,21,16,W 2
2005,ORL,2005-01-20,8:00p,,Houston Rockets,L,,99,108,21,17,L 1
2005,ORL,2005-01-22,7:00p,,Philadelphia 76ers,W,,115,111,22,17,W 1
2005,ORL,2005-01-24,8:30p,@,Houston Rockets,L,,78,89,22,18,L 1
2005,ORL,2005-01-25,8:00p,@,Memphis Grizzlies,L,,83,95,22,19,L 2
2005,ORL,2005-01-28,7:00p,,Washington Wizards,W,,108,101,23,19,W 1
2005,ORL,2005-01-29,7:00p,@,Washington Wizards,W,,103,97,24,19,W 2
2005,ORL,2005-01-31,7:30p,@,Atlanta Hawks,L,,79,80,24,20,L 1
2005,ORL,2005-02-01,7:00p,,Cleveland Cavaliers,W,,105,102,25,20,W 1
2005,ORL,2005-02-04,7:30p,@,Boston Celtics,L,,100,112,25,21,L 1
2005,ORL,2005-02-05,7:30p,@,Cleveland Cavaliers,L,,92,101,25,22,L 2
2005,ORL,2005-02-08,7:00p,,Golden State Warriors,L,,109,113,25,23,L 3
2005,ORL,2005-02-10,7:00p,,Atlanta Hawks,W,,101,96,26,23,W 1
2005,ORL,2005-02-12,7:00p,@,Philadelphia 76ers,L,,99,112,26,24,L 1
2005,ORL,2005-02-13,6:00p,,New Orleans Hornets,W,,97,94,27,24,W 1
2005,ORL,2005-02-15,7:00p,,Los Angeles Clippers,W,,99,94,28,24,W 2
2005,ORL,2005-02-22,7:00p,,Indiana Pacers,L,,84,108,28,25,L 1
2005,ORL,2005-02-26,1:00p,@,Miami Heat,L,,98,101,28,26,L 2
2005,ORL,2005-02-27,7:30p,,Miami Heat,L,,103,112,28,27,L 3
2005,ORL,2005-03-02,7:00p,,Sacramento Kings,W,,114,111,29,27,W 1
2005,ORL,2005-03-04,7:00p,,New York Knicks,W,,111,89,30,27,W 2
2005,ORL,2005-03-05,7:30p,@,New Jersey Nets,W,,105,81,31,27,W 3
2005,ORL,2005-03-08,7:00p,@,Cleveland Cavaliers,L,,92,111,31,28,L 1
2005,ORL,2005-03-09,7:00p,@,Toronto Raptors,L,,96,106,31,29,L 2
2005,ORL,2005-03-11,7:00p,,Minnesota Timberwolves,L,,96,101,31,30,L 3
2005,ORL,2005-03-13,6:00p,,New Jersey Nets,L,,82,98,31,31,L 4
2005,ORL,2005-03-15,10:00p,@,Sacramento Kings,L,,94,105,31,32,L 5
2005,ORL,2005-03-16,10:30p,@,Los Angeles Clippers,L,,102,110,31,33,L 6
2005,ORL,2005-03-18,10:30p,@,Seattle SuperSonics,L,,90,98,31,34,L 7
2005,ORL,2005-03-19,10:00p,@,Portland Trail Blazers,W,,97,92,32,34,W 1
2005,ORL,2005-03-21,7:00p,@,Charlotte Bobcats,L,,97,102,32,35,L 1
2005,ORL,2005-03-24,7:00p,,Charlotte Bobcats,L,,94,108,32,36,L 2
2005,ORL,2005-03-26,7:00p,,Phoenix Suns,L,,116,118,32,37,L 3
2005,ORL,2005-03-28,7:00p,,Atlanta Hawks,W,,109,102,33,37,W 1
2005,ORL,2005-03-30,7:00p,,Toronto Raptors,W,,108,96,34,37,W 2
2005,ORL,2005-04-01,7:00p,,Washington Wizards,L,,102,111,34,38,L 1
2005,ORL,2005-04-02,7:30p,@,New Jersey Nets,W,,103,102,35,38,W 1
2005,ORL,2005-04-05,8:30p,@,Dallas Mavericks,L,,105,114,35,39,L 1
2005,ORL,2005-04-06,7:00p,,Chicago Bulls,L,OT,101,102,35,40,L 2
2005,ORL,2005-04-08,7:00p,,Detroit Pistons,L,,102,114,35,41,L 3
2005,ORL,2005-04-11,7:00p,,Cleveland Cavaliers,L,,106,114,35,42,L 4
2005,ORL,2005-04-13,7:30p,@,Detroit Pistons,L,,94,103,35,43,L 5
2005,ORL,2005-04-15,8:30p,@,Chicago Bulls,L,,77,117,35,44,L 6
2005,ORL,2005-04-16,8:30p,@,Milwaukee Bucks,L,,103,113,35,45,L 7
2005,ORL,2005-04-18,7:00p,,Indiana Pacers,W,,92,88,36,45,W 1
2005,ORL,2005-04-20,7:00p,,Miami Heat,L,,93,98,36,46,L 1
2005,PHI,2004-11-03,7:30p,@,Boston Celtics,W,,98,95,1,0,W 1
2005,PHI,2004-11-05,7:00p,,Phoenix Suns,L,,98,108,1,1,L 1
2005,PHI,2004-11-06,7:30p,@,Detroit Pistons,L,,91,99,1,2,L 2
2005,PHI,2004-11-09,7:30p,@,New York Knicks,L,,88,96,1,3,L 3
2005,PHI,2004-11-10,7:00p,,New Jersey Nets,W,OT,108,100,2,3,W 1
2005,PHI,2004-11-12,7:00p,,Indiana Pacers,W,OT,106,104,3,3,W 2
2005,PHI,2004-11-14,2:00p,,Orlando Magic,W,,96,87,4,3,W 3
2005,PHI,2004-11-16,7:00p,,Seattle SuperSonics,L,,95,103,4,4,L 1
2005,PHI,2004-11-18,7:00p,,San Antonio Spurs,L,,80,88,4,5,L 2
2005,PHI,2004-11-21,6:00p,@,Miami Heat,L,,83,93,4,6,L 3
2005,PHI,2004-11-24,7:00p,,Boston Celtics,W,,110,97,5,6,W 1
2005,PHI,2004-11-26,1:00p,,Washington Wizards,W,OT,116,114,6,6,W 2
2005,PHI,2004-11-27,7:00p,@,Orlando Magic,L,,99,105,6,7,L 1
2005,PHI,2004-12-01,8:30p,@,San Antonio Spurs,L,,72,105,6,8,L 2
2005,PHI,2004-12-03,8:00p,@,Memphis Grizzlies,L,,86,94,6,9,L 3
2005,PHI,2004-12-04,8:30p,@,Houston Rockets,L,,76,77,6,10,L 4
2005,PHI,2004-12-06,7:30p,@,Atlanta Hawks,L,,92,96,6,11,L 5
2005,PHI,2004-12-08,7:00p,,Minnesota Timberwolves,L,,84,119,6,12,L 6
2005,PHI,2004-12-10,8:00p,@,Chicago Bulls,W,,93,88,7,12,W 1
2005,PHI,2004-12-12,2:00p,,Milwaukee Bucks,W,,107,101,8,12,W 2
2005,PHI,2004-12-14,7:00p,,Denver Nuggets,W,,110,102,9,12,W 3
2005,PHI,2004-12-17,7:00p,,New York Knicks,L,OT,107,113,9,13,L 1
2005,PHI,2004-12-18,8:30p,@,Milwaukee Bucks,W,,116,97,10,13,W 1
2005,PHI,2004-12-20,7:00p,,Utah Jazz,L,,101,103,10,14,L 1
2005,PHI,2004-12-22,7:00p,@,Indiana Pacers,W,,102,90,11,14,W 1
2005,PHI,2004-12-27,10:00p,@,Portland Trail Blazers,W,,111,104,12,14,W 2
2005,PHI,2004-12-28,10:00p,@,Seattle SuperSonics,W,,114,107,13,14,W 3
2005,PHI,2004-12-31,8:00p,@,Denver Nuggets,L,,92,97,13,15,L 1
2005,PHI,2005-01-02,3:30p,@,Los Angeles Clippers,L,,83,89,13,16,L 2
2005,PHI,2005-01-03,10:30p,@,Golden State Warriors,W,,112,104,14,16,W 1
2005,PHI,2005-01-05,9:00p,@,Utah Jazz,W,,106,99,15,16,W 2
2005,PHI,2005-01-07,8:00p,@,Minnesota Timberwolves,L,,84,89,15,17,L 1
2005,PHI,2005-01-10,7:00p,,Portland Trail Blazers,L,,100,109,15,18,L 2
2005,PHI,2005-01-12,8:30p,@,Chicago Bulls,L,,78,110,15,19,L 3
2005,PHI,2005-01-14,7:00p,,Toronto Raptors,W,,106,96,16,19,W 1
2005,PHI,2005-01-15,7:30p,@,Detroit Pistons,L,,95,99,16,20,L 1
2005,PHI,2005-01-17,2:00p,,New Orleans Hornets,W,,95,91,17,20,W 1
2005,PHI,2005-01-19,7:00p,@,Charlotte Bobcats,W,,107,105,18,20,W 2
2005,PHI,2005-01-22,7:00p,@,Orlando Magic,L,,111,115,18,21,L 1
2005,PHI,2005-01-24,7:00p,,Miami Heat,W,,106,98,19,21,W 1
2005,PHI,2005-01-26,7:00p,@,Washington Wizards,L,,107,117,19,22,L 1
2005,PHI,2005-01-28,8:00p,@,New Orleans Hornets,L,OT,95,99,19,23,L 2
2005,PHI,2005-01-29,8:30p,@,Dallas Mavericks,W,,93,89,20,23,W 1
2005,PHI,2005-01-31,7:00p,,Indiana Pacers,W,,89,88,21,23,W 2
2005,PHI,2005-02-02,7:00p,,Houston Rockets,L,,95,118,21,24,L 1
2005,PHI,2005-02-04,7:00p,,Atlanta Hawks,W,,103,85,22,24,W 1
2005,PHI,2005-02-06,1:00p,,Los Angeles Clippers,W,,106,104,23,24,W 2
2005,PHI,2005-02-07,7:30p,@,New Jersey Nets,L,OT,97,107,23,25,L 1
2005,PHI,2005-02-09,7:00p,,Memphis Grizzlies,L,,95,98,23,26,L 2
2005,PHI,2005-02-11,7:00p,@,Toronto Raptors,W,,106,91,24,26,W 1
2005,PHI,2005-02-12,7:00p,,Orlando Magic,W,,112,99,25,26,W 2
2005,PHI,2005-02-14,7:00p,,New York Knicks,W,,106,105,26,26,W 3
2005,PHI,2005-02-16,7:00p,,Detroit Pistons,L,,75,93,26,27,L 1
2005,PHI,2005-02-24,7:00p,@,New York Knicks,L,,101,113,26,28,L 2
2005,PHI,2005-02-26,7:30p,,Sacramento Kings,L,,99,101,26,29,L 3
2005,PHI,2005-03-01,8:00p,@,Milwaukee Bucks,W,,118,111,27,29,W 1
2005,PHI,2005-03-02,7:00p,,New Jersey Nets,L,,93,99,27,30,L 1
2005,PHI,2005-03-04,7:00p,,Cleveland Cavaliers,W,,98,89,28,30,W 1
2005,PHI,2005-03-05,7:00p,@,Atlanta Hawks,W,,98,97,29,30,W 2
2005,PHI,2005-03-07,7:30p,@,Miami Heat,L,,100,108,29,31,L 1
2005,PHI,2005-03-08,7:00p,,Golden State Warriors,L,,85,104,29,32,L 2
2005,PHI,2005-03-11,7:00p,,Charlotte Bobcats,W,,112,80,30,32,W 1
2005,PHI,2005-03-13,6:00p,@,Toronto Raptors,L,,110,128,30,33,L 1
2005,PHI,2005-03-15,7:00p,,Los Angeles Lakers,W,,108,91,31,33,W 1
2005,PHI,2005-03-18,7:30p,@,Cleveland Cavaliers,W,,93,81,32,33,W 2
2005,PHI,2005-03-19,7:00p,,Chicago Bulls,L,,88,94,32,34,L 1
2005,PHI,2005-03-23,8:00p,,Detroit Pistons,W,,107,84,33,34,W 1
2005,PHI,2005-03-25,7:00p,,Toronto Raptors,W,,103,101,34,34,W 2
2005,PHI,2005-03-27,7:30p,@,Los Angeles Lakers,W,,96,89,35,34,W 3
2005,PHI,2005-03-28,10:00p,@,Sacramento Kings,L,,109,118,35,35,L 1
2005,PHI,2005-03-30,10:00p,@,Phoenix Suns,L,,87,116,35,36,L 2
2005,PHI,2005-04-01,7:00p,,Dallas Mavericks,L,,83,100,35,37,L 3
2005,PHI,2005-04-03,1:00p,@,Boston Celtics,W,,97,93,36,37,W 1
2005,PHI,2005-04-06,7:00p,,Charlotte Bobcats,W,,106,103,37,37,W 2
2005,PHI,2005-04-08,7:00p,,Cleveland Cavaliers,W,,103,98,38,37,W 3
2005,PHI,2005-04-09,7:00p,@,Washington Wizards,W,,112,106,39,37,W 4
2005,PHI,2005-04-12,7:00p,,Boston Celtics,L,,98,105,39,38,L 1
2005,PHI,2005-04-14,8:00p,,Miami Heat,W,OT,126,119,40,38,W 1
2005,PHI,2005-04-15,8:00p,@,Indiana Pacers,W,,90,86,41,38,W 2
2005,PHI,2005-04-17,6:00p,@,New Jersey Nets,L,,83,104,41,39,L 1
2005,PHI,2005-04-18,7:00p,,Milwaukee Bucks,W,,122,106,42,39,W 1
2005,PHI,2005-04-20,7:00p,,Atlanta Hawks,W,,110,86,43,39,W 2
2005,PHI,2005-04-23,3:00p,@,Detroit Pistons,L,,85,106,0,1,L 1
2005,PHI,2005-04-26,7:30p,@,Detroit Pistons,L,,84,99,0,2,L 2
2005,PHI,2005-04-29,8:00p,,Detroit Pistons,W,,115,104,1,2,W 1
2005,PHI,2005-05-01,1:00p,,Detroit Pistons,L,OT,92,97,1,3,L 1
2005,PHI,2005-05-03,8:00p,@,Detroit Pistons,L,,78,88,1,4,L 2
2005,PHO,2004-11-03,9:00p,,Atlanta Hawks,W,,112,82,1,0,W 1
2005,PHO,2004-11-05,7:00p,@,Philadelphia 76ers,W,,108,98,2,0,W 2
2005,PHO,2004-11-06,8:00p,@,New Jersey Nets,W,,112,80,3,0,W 3
2005,PHO,2004-11-09,8:30p,@,Chicago Bulls,W,,94,74,4,0,W 4
2005,PHO,2004-11-10,8:00p,@,Cleveland Cavaliers,L,OT,109,114,4,1,L 1
2005,PHO,2004-11-13,9:00p,,Sacramento Kings,L,,111,113,4,2,L 2
2005,PHO,2004-11-16,8:30p,@,Dallas Mavericks,W,,107,101,5,2,W 1
2005,PHO,2004-11-17,8:00p,@,New Orleans Hornets,W,,95,84,6,2,W 2
2005,PHO,2004-11-19,9:00p,,Los Angeles Lakers,W,,107,102,7,2,W 3
2005,PHO,2004-11-21,3:30p,@,Los Angeles Clippers,W,,122,111,8,2,W 4
2005,PHO,2004-11-22,9:00p,,Chicago Bulls,W,,100,82,9,2,W 5
2005,PHO,2004-11-24,9:00p,,Milwaukee Bucks,W,,111,104,10,2,W 6
2005,PHO,2004-11-26,9:00p,,New Orleans Hornets,W,,95,86,11,2,W 7
2005,PHO,2004-11-30,9:00p,@,Utah Jazz,W,,115,102,12,2,W 8
2005,PHO,2004-12-01,9:00p,,Cleveland Cavaliers,W,,120,101,13,2,W 9
2005,PHO,2004-12-03,9:00p,,Minnesota Timberwolves,L,,93,97,13,3,L 1
2005,PHO,2004-12-05,9:00p,@,Portland Trail Blazers,W,,121,99,14,3,W 1
2005,PHO,2004-12-07,9:00p,,Golden State Warriors,W,,118,104,15,3,W 2
2005,PHO,2004-12-08,10:30p,@,Los Angeles Lakers,W,,113,110,16,3,W 3
2005,PHO,2004-12-10,9:00p,,Charlotte Bobcats,W,,115,106,17,3,W 4
2005,PHO,2004-12-13,9:00p,,Orlando Magic,W,,121,100,18,3,W 5
2005,PHO,2004-12-15,10:30p,,Utah Jazz,W,,108,86,19,3,W 6
2005,PHO,2004-12-17,10:30p,@,Seattle SuperSonics,W,,112,110,20,3,W 7
2005,PHO,2004-12-18,9:00p,,Washington Wizards,W,,110,96,21,3,W 8
2005,PHO,2004-12-20,9:00p,@,Denver Nuggets,W,,107,105,22,3,W 9
2005,PHO,2004-12-23,9:00p,,Memphis Grizzlies,W,,109,102,23,3,W 10
2005,PHO,2004-12-26,8:00p,,Toronto Raptors,W,,106,94,24,3,W 11
2005,PHO,2004-12-28,8:30p,@,San Antonio Spurs,L,,94,115,24,4,L 1
2005,PHO,2004-12-29,8:00p,@,New Orleans Hornets,W,,107,96,25,4,W 1
2005,PHO,2005-01-02,8:00p,,Portland Trail Blazers,W,,117,98,26,4,W 2
2005,PHO,2005-01-04,8:00p,@,Minnesota Timberwolves,W,,122,115,27,4,W 3
2005,PHO,2005-01-05,9:00p,@,Houston Rockets,W,,108,98,28,4,W 4
2005,PHO,2005-01-08,10:30p,@,Los Angeles Clippers,W,,108,91,29,4,W 5
2005,PHO,2005-01-09,8:00p,,Indiana Pacers,W,,124,89,30,4,W 6
2005,PHO,2005-01-11,9:00p,,Miami Heat,W,,122,107,31,4,W 7
2005,PHO,2005-01-12,9:00p,@,Utah Jazz,L,,108,115,31,5,L 1
2005,PHO,2005-01-14,7:00p,@,Indiana Pacers,L,,83,101,31,6,L 2
2005,PHO,2005-01-15,7:00p,@,Washington Wizards,L,,103,108,31,7,L 3
2005,PHO,2005-01-17,3:30p,@,Detroit Pistons,L,,80,94,31,8,L 4
2005,PHO,2005-01-19,9:00p,,Memphis Grizzlies,L,,79,88,31,9,L 5
2005,PHO,2005-01-21,10:30p,,San Antonio Spurs,L,OT,123,128,31,10,L 6
2005,PHO,2005-01-23,8:00p,,New Jersey Nets,W,,113,105,32,10,W 1
2005,PHO,2005-01-25,7:30p,@,New York Knicks,W,,133,118,33,10,W 2
2005,PHO,2005-01-26,8:00p,@,Milwaukee Bucks,W,,121,115,34,10,W 3
2005,PHO,2005-01-28,7:30p,@,Boston Celtics,W,,128,119,35,10,W 4
2005,PHO,2005-01-30,4:30p,@,Toronto Raptors,W,,123,105,36,10,W 5
2005,PHO,2005-02-01,8:00p,@,Memphis Grizzlies,L,,97,108,36,11,L 1
2005,PHO,2005-02-02,8:00p,@,Minnesota Timberwolves,W,,108,79,37,11,W 1
2005,PHO,2005-02-05,9:00p,,New York Knicks,W,,114,106,38,11,W 2
2005,PHO,2005-02-08,10:00p,@,Sacramento Kings,W,,125,123,39,11,W 3
2005,PHO,2005-02-11,9:00p,,Seattle SuperSonics,L,,105,113,39,12,L 1
2005,PHO,2005-02-13,9:00p,@,Golden State Warriors,W,OT,106,102,40,12,W 1
2005,PHO,2005-02-14,9:00p,,Utah Jazz,W,,136,128,41,12,W 2
2005,PHO,2005-02-17,10:30p,,Dallas Mavericks,L,,113,119,41,13,L 1
2005,PHO,2005-02-23,9:00p,,Los Angeles Clippers,W,,118,101,42,13,W 1
2005,PHO,2005-02-26,8:30p,@,Dallas Mavericks,W,,124,123,43,13,W 2
2005,PHO,2005-02-27,8:00p,,Boston Celtics,L,OT,113,120,43,14,L 1
2005,PHO,2005-03-03,10:30p,,Detroit Pistons,W,,100,97,44,14,W 1
2005,PHO,2005-03-05,9:00p,,Portland Trail Blazers,W,,129,116,45,14,W 2
2005,PHO,2005-03-06,9:00p,@,Seattle SuperSonics,W,,110,99,46,14,W 3
2005,PHO,2005-03-09,9:00p,,San Antonio Spurs,W,,107,101,47,14,W 4
2005,PHO,2005-03-11,9:00p,,Houston Rockets,L,,107,127,47,15,L 1
2005,PHO,2005-03-13,9:00p,@,Denver Nuggets,W,,106,101,48,15,W 1
2005,PHO,2005-03-18,9:00p,,Golden State Warriors,L,,100,110,48,16,L 1
2005,PHO,2005-03-20,3:30p,@,Memphis Grizzlies,W,,97,91,49,16,W 1
2005,PHO,2005-03-22,7:30p,@,Atlanta Hawks,W,,105,94,50,16,W 2
2005,PHO,2005-03-23,7:00p,@,Charlotte Bobcats,W,,120,105,51,16,W 3
2005,PHO,2005-03-25,8:00p,@,Miami Heat,L,,115,125,51,17,L 1
2005,PHO,2005-03-26,7:00p,@,Orlando Magic,W,,118,116,52,17,W 1
2005,PHO,2005-03-28,9:00p,,Denver Nuggets,W,,123,114,53,17,W 2
2005,PHO,2005-03-30,10:00p,,Philadelphia 76ers,W,,116,87,54,17,W 3
2005,PHO,2005-04-01,9:00p,,Minnesota Timberwolves,W,,107,98,55,17,W 4
2005,PHO,2005-04-03,8:30p,@,Houston Rockets,W,,91,78,56,17,W 5
2005,PHO,2005-04-05,10:00p,,Los Angeles Lakers,W,,125,99,57,17,W 6
2005,PHO,2005-04-08,10:30p,@,Golden State Warriors,L,,119,127,57,18,L 1
2005,PHO,2005-04-09,10:00p,,Houston Rockets,L,,97,98,57,19,L 2
2005,PHO,2005-04-11,10:30p,@,Los Angeles Lakers,W,,108,97,58,19,W 1
2005,PHO,2005-04-12,10:00p,,New Orleans Hornets,W,,99,85,59,19,W 2
2005,PHO,2005-04-15,10:00p,,Los Angeles Clippers,W,,98,91,60,19,W 3
2005,PHO,2005-04-16,10:00p,,Sacramento Kings,W,,116,98,61,19,W 4
2005,PHO,2005-04-18,10:00p,,Denver Nuggets,W,,128,114,62,19,W 5
2005,PHO,2005-04-20,10:30p,@,Sacramento Kings,L,,107,132,62,20,L 1
2005,PHO,2005-04-24,10:30p,,Memphis Grizzlies,W,,114,103,1,0,W 1
2005,PHO,2005-04-27,10:30p,,Memphis Grizzlies,W,,108,103,2,0,W 2
2005,PHO,2005-04-29,9:00p,@,Memphis Grizzlies,W,,110,90,3,0,W 3
2005,PHO,2005-05-01,8:00p,@,Memphis Grizzlies,W,,123,115,4,0,W 4
2005,PHO,2005-05-09,10:30p,,Dallas Mavericks,W,,127,102,5,0,W 5
2005,PHO,2005-05-11,10:30p,,Dallas Mavericks,L,,106,108,5,1,L 1
2005,PHO,2005-05-13,9:30p,@,Dallas Mavericks,W,,119,102,6,1,W 1
2005,PHO,2005-05-15,9:30p,@,Dallas Mavericks,L,,109,119,6,2,L 1
2005,PHO,2005-05-18,9:00p,,Dallas Mavericks,W,,114,108,7,2,W 1
2005,PHO,2005-05-20,9:00p,@,Dallas Mavericks,W,OT,130,126,8,2,W 2
2005,PHO,2005-05-22,3:30p,,San Antonio Spurs,L,,114,121,8,3,L 1
2005,PHO,2005-05-24,9:00p,,San Antonio Spurs,L,,108,111,8,4,L 2
2005,PHO,2005-05-28,9:00p,@,San Antonio Spurs,L,,92,102,8,5,L 3
2005,PHO,2005-05-30,8:30p,@,San Antonio Spurs,W,,111,106,9,5,W 1
2005,PHO,2005-06-01,9:00p,,San Antonio Spurs,L,,95,101,9,6,L 1
2005,POR,2004-11-03,10:30p,@,Golden State Warriors,W,,78,75,1,0,W 1
2005,POR,2004-11-05,10:00p,,Los Angeles Clippers,W,,94,81,2,0,W 2
2005,POR,2004-11-07,12:30p,@,Toronto Raptors,L,,97,101,2,1,L 1
2005,POR,2004-11-09,7:30p,@,New Jersey Nets,L,,60,64,2,2,L 2
2005,POR,2004-11-10,7:00p,@,Boston Celtics,L,,88,90,2,3,L 3
2005,POR,2004-11-13,10:00p,,Toronto Raptors,W,,105,102,3,3,W 1
2005,POR,2004-11-17,10:00p,,Memphis Grizzlies,L,,82,101,3,4,L 1
2005,POR,2004-11-19,10:00p,,Milwaukee Bucks,W,,110,98,4,4,W 1
2005,POR,2004-11-21,8:00p,,Houston Rockets,L,,93,97,4,5,L 1
2005,POR,2004-11-23,7:30p,@,Miami Heat,W,,99,87,5,5,W 1
2005,POR,2004-11-24,7:00p,@,Orlando Magic,W,,89,83,6,5,W 2
2005,POR,2004-11-26,1:00p,@,Dallas Mavericks,L,,83,92,6,6,L 1
2005,POR,2004-11-28,6:00p,,New Jersey Nets,W,,83,71,7,6,W 1
2005,POR,2004-11-30,10:00p,,Seattle SuperSonics,W,,100,94,8,6,W 2
2005,POR,2004-12-04,10:30p,@,Seattle SuperSonics,L,,89,99,8,7,L 1
2005,POR,2004-12-05,9:00p,,Phoenix Suns,L,,99,121,8,8,L 2
2005,POR,2004-12-09,10:30p,,Boston Celtics,W,,89,87,9,8,W 1
2005,POR,2004-12-10,10:30p,@,Utah Jazz,L,OT,87,92,9,9,L 1
2005,POR,2004-12-12,8:00p,,Utah Jazz,W,,98,88,10,9,W 1
2005,POR,2004-12-14,8:00p,@,Minnesota Timberwolves,L,,89,100,10,10,L 1
2005,POR,2004-12-15,7:00p,@,Cleveland Cavaliers,L,,88,112,10,11,L 2
2005,POR,2004-12-17,7:30p,@,Atlanta Hawks,W,,100,84,11,11,W 1
2005,POR,2004-12-18,7:30p,@,Detroit Pistons,W,,75,74,12,11,W 2
2005,POR,2004-12-20,8:30p,@,Chicago Bulls,L,,87,92,12,12,L 1
2005,POR,2004-12-22,8:00p,@,Milwaukee Bucks,W,,104,95,13,12,W 1
2005,POR,2004-12-27,10:00p,,Philadelphia 76ers,L,,104,111,13,13,L 1
2005,POR,2004-12-30,10:30p,,San Antonio Spurs,L,,80,114,13,14,L 2
2005,POR,2005-01-01,10:00p,,Golden State Warriors,W,,97,88,14,14,W 1
2005,POR,2005-01-02,8:00p,@,Phoenix Suns,L,,98,117,14,15,L 1
2005,POR,2005-01-05,10:30p,@,Los Angeles Clippers,L,,98,102,14,16,L 2
2005,POR,2005-01-07,10:00p,,Miami Heat,L,,92,103,14,17,L 3
2005,POR,2005-01-09,7:30p,@,New York Knicks,L,,105,113,14,18,L 4
2005,POR,2005-01-10,7:00p,@,Philadelphia 76ers,W,,109,100,15,18,W 1
2005,POR,2005-01-12,7:00p,@,Washington Wizards,L,,100,104,15,19,L 1
2005,POR,2005-01-14,8:00p,@,New Orleans Hornets,L,,106,112,15,20,L 2
2005,POR,2005-01-15,8:00p,@,Minnesota Timberwolves,L,,84,92,15,21,L 3
2005,POR,2005-01-18,10:00p,@,Sacramento Kings,L,OT,107,113,15,22,L 4
2005,POR,2005-01-19,10:00p,,Cleveland Cavaliers,L,,101,107,15,23,L 5
2005,POR,2005-01-22,10:00p,,Minnesota Timberwolves,L,,83,92,15,24,L 6
2005,POR,2005-01-24,10:00p,,San Antonio Spurs,W,,107,99,16,24,W 1
2005,POR,2005-01-26,10:00p,,Dallas Mavericks,L,,88,95,16,25,L 1
2005,POR,2005-01-28,10:00p,,Los Angeles Clippers,W,,90,86,17,25,W 1
2005,POR,2005-02-01,10:30p,@,Los Angeles Lakers,L,,79,92,17,26,L 1
2005,POR,2005-02-02,10:00p,,Denver Nuggets,W,,97,94,18,26,W 1
2005,POR,2005-02-04,10:00p,,Charlotte Bobcats,W,,101,89,19,26,W 2
2005,POR,2005-02-05,10:00p,,Sacramento Kings,W,,114,108,20,26,W 3
2005,POR,2005-02-09,10:00p,,New Orleans Hornets,L,,80,91,20,27,L 1
2005,POR,2005-02-11,8:00p,@,Memphis Grizzlies,L,,82,88,20,28,L 2
2005,POR,2005-02-13,8:30p,@,Houston Rockets,L,,80,81,20,29,L 3
2005,POR,2005-02-14,7:00p,@,Charlotte Bobcats,W,,80,77,21,29,W 1
2005,POR,2005-02-16,7:00p,@,Indiana Pacers,L,,87,95,21,30,L 1
2005,POR,2005-02-23,10:00p,,Los Angeles Lakers,L,,83,86,21,31,L 2
2005,POR,2005-02-25,10:00p,,Atlanta Hawks,W,,102,101,22,31,W 1
2005,POR,2005-02-27,8:00p,,Minnesota Timberwolves,L,,83,91,22,32,L 1
2005,POR,2005-03-01,10:00p,,Detroit Pistons,L,,93,103,22,33,L 2
2005,POR,2005-03-04,10:00p,,Indiana Pacers,L,,97,106,22,34,L 3
2005,POR,2005-03-05,9:00p,@,Phoenix Suns,L,,116,129,22,35,L 4
2005,POR,2005-03-07,9:00p,@,Denver Nuggets,L,,98,111,22,36,L 5
2005,POR,2005-03-09,10:00p,,Chicago Bulls,L,,84,97,22,37,L 6
2005,POR,2005-03-12,10:00p,,Memphis Grizzlies,W,,80,66,23,37,W 1
2005,POR,2005-03-14,8:00p,@,Memphis Grizzlies,L,,83,104,23,38,L 1
2005,POR,2005-03-16,8:30p,@,Houston Rockets,L,,77,108,23,39,L 2
2005,POR,2005-03-17,8:30p,@,Dallas Mavericks,L,,94,98,23,40,L 3
2005,POR,2005-03-19,10:00p,,Orlando Magic,L,,92,97,23,41,L 4
2005,POR,2005-03-21,10:30p,@,Los Angeles Clippers,L,,89,96,23,42,L 5
2005,POR,2005-03-22,10:00p,@,Sacramento Kings,L,,93,112,23,43,L 6
2005,POR,2005-03-24,10:00p,,Seattle SuperSonics,L,,91,96,23,44,L 7
2005,POR,2005-03-26,10:00p,,New York Knicks,W,,103,96,24,44,W 1
2005,POR,2005-03-28,10:00p,,Washington Wizards,L,,106,114,24,45,L 1
2005,POR,2005-03-30,10:00p,,Houston Rockets,L,,84,100,24,46,L 2
2005,POR,2005-04-01,10:30p,@,Seattle SuperSonics,L,,87,89,24,47,L 3
2005,POR,2005-04-02,10:00p,,Denver Nuggets,L,,97,103,24,48,L 4
2005,POR,2005-04-05,9:00p,@,Utah Jazz,L,,79,90,24,49,L 5
2005,POR,2005-04-06,10:00p,,Golden State Warriors,L,,102,104,24,50,L 6
2005,POR,2005-04-08,10:00p,,Sacramento Kings,L,,115,119,24,51,L 7
2005,POR,2005-04-10,7:00p,@,New Orleans Hornets,W,,90,81,25,51,W 1
2005,POR,2005-04-12,8:30p,@,San Antonio Spurs,L,,89,95,25,52,L 1
2005,POR,2005-04-14,10:30p,,Dallas Mavericks,L,,90,102,25,53,L 2
2005,POR,2005-04-15,10:30p,@,Golden State Warriors,L,,88,108,25,54,L 3
2005,POR,2005-04-17,8:00p,,Utah Jazz,W,,100,82,26,54,W 1
2005,POR,2005-04-19,9:00p,@,Denver Nuggets,L,,115,119,26,55,L 1
2005,POR,2005-04-20,10:00p,,Los Angeles Lakers,W,,106,103,27,55,W 1
2005,SAC,2004-11-02,8:30p,@,Dallas Mavericks,L,,98,107,0,1,L 1
2005,SAC,2004-11-03,8:30p,@,San Antonio Spurs,L,,85,101,0,2,L 2
2005,SAC,2004-11-06,8:30p,@,Houston Rockets,L,OT,101,104,0,3,L 3
2005,SAC,2004-11-09,10:00p,,Toronto Raptors,W,,108,92,1,3,W 1
2005,SAC,2004-11-10,10:30p,@,Seattle SuperSonics,L,,78,108,1,4,L 1
2005,SAC,2004-11-13,9:00p,@,Phoenix Suns,W,,113,111,2,4,W 1
2005,SAC,2004-11-14,9:00p,,Denver Nuggets,W,,101,89,3,4,W 2
2005,SAC,2004-11-16,10:00p,,Chicago Bulls,W,,113,106,4,4,W 3
2005,SAC,2004-11-19,10:30p,,Memphis Grizzlies,W,,107,105,5,4,W 4
2005,SAC,2004-11-21,9:00p,,Milwaukee Bucks,W,,88,79,6,4,W 5
2005,SAC,2004-11-23,10:00p,,Houston Rockets,W,,102,96,7,4,W 6
2005,SAC,2004-11-26,10:30p,@,Los Angeles Lakers,W,,109,106,8,4,W 7
2005,SAC,2004-11-28,9:00p,,Minnesota Timberwolves,L,,110,121,8,5,L 1
2005,SAC,2004-11-30,8:00p,@,Memphis Grizzlies,W,,98,93,9,5,W 1
2005,SAC,2004-12-01,8:00p,@,New Orleans Hornets,W,,94,81,10,5,W 2
2005,SAC,2004-12-03,10:30p,,Indiana Pacers,W,,113,87,11,5,W 3
2005,SAC,2004-12-05,9:00p,,Boston Celtics,W,,119,105,12,5,W 4
2005,SAC,2004-12-07,10:00p,,Charlotte Bobcats,W,,109,92,13,5,W 5
2005,SAC,2004-12-10,8:00p,@,Minnesota Timberwolves,L,,105,113,13,6,L 1
2005,SAC,2004-12-11,8:00p,@,Indiana Pacers,W,OT,97,92,14,6,W 1
2005,SAC,2004-12-14,8:00p,@,Milwaukee Bucks,W,,89,86,15,6,W 2
2005,SAC,2004-12-16,10:30p,,Los Angeles Lakers,L,,99,115,15,7,L 1
2005,SAC,2004-12-19,9:00p,,New Orleans Hornets,W,,107,71,16,7,W 1
2005,SAC,2004-12-21,10:00p,,Washington Wizards,W,,104,93,17,7,W 2
2005,SAC,2004-12-23,10:30p,,Miami Heat,L,,107,109,17,8,L 1
2005,SAC,2004-12-26,9:00p,,Golden State Warriors,L,,94,98,17,9,L 2
2005,SAC,2004-12-31,8:00p,@,Utah Jazz,W,,109,102,18,9,W 1
2005,SAC,2005-01-02,9:00p,,San Antonio Spurs,W,,86,81,19,9,W 2
2005,SAC,2005-01-04,7:30p,@,New York Knicks,W,,105,98,20,9,W 3
2005,SAC,2005-01-05,7:00p,@,Toronto Raptors,L,,93,96,20,10,L 1
2005,SAC,2005-01-07,7:30p,@,Atlanta Hawks,W,,100,97,21,10,W 1
2005,SAC,2005-01-08,8:00p,@,New Orleans Hornets,L,OT,117,121,21,11,L 1
2005,SAC,2005-01-11,10:00p,,Denver Nuggets,W,,109,100,22,11,W 1
2005,SAC,2005-01-13,10:00p,,Utah Jazz,W,,107,93,23,11,W 2
2005,SAC,2005-01-15,10:00p,,Los Angeles Clippers,W,,99,95,24,11,W 3
2005,SAC,2005-01-17,3:30p,@,Los Angeles Clippers,W,,89,83,25,11,W 4
2005,SAC,2005-01-18,10:00p,,Portland Trail Blazers,W,OT,113,107,26,11,W 5
2005,SAC,2005-01-20,10:30p,,Cleveland Cavaliers,W,,123,96,27,11,W 6
2005,SAC,2005-01-23,9:00p,,San Antonio Spurs,L,,73,103,27,12,L 1
2005,SAC,2005-01-25,10:00p,,New Jersey Nets,W,,113,93,28,12,W 1
2005,SAC,2005-01-27,9:30p,@,San Antonio Spurs,L,,80,90,28,13,L 1
2005,SAC,2005-01-28,9:30p,@,Houston Rockets,W,OT,117,111,29,13,W 1
2005,SAC,2005-01-30,3:30p,@,Minnesota Timberwolves,W,,94,84,30,13,W 2
2005,SAC,2005-02-01,10:00p,,Seattle SuperSonics,L,,101,106,30,14,L 1
2005,SAC,2005-02-02,10:30p,@,Golden State Warriors,W,OT,111,107,31,14,W 1
2005,SAC,2005-02-04,10:00p,,New York Knicks,W,,116,115,32,14,W 2
2005,SAC,2005-02-05,10:00p,@,Portland Trail Blazers,L,,108,114,32,15,L 1
2005,SAC,2005-02-08,10:00p,,Phoenix Suns,L,,123,125,32,16,L 2
2005,SAC,2005-02-10,10:30p,@,Seattle SuperSonics,L,,107,115,32,17,L 3
2005,SAC,2005-02-11,10:30p,,Dallas Mavericks,L,,113,115,32,18,L 4
2005,SAC,2005-02-13,6:00p,@,Boston Celtics,W,,104,100,33,18,W 1
2005,SAC,2005-02-15,8:30p,@,Chicago Bulls,L,,102,107,33,19,L 1
2005,SAC,2005-02-16,7:30p,@,New Jersey Nets,L,,85,96,33,20,L 2
2005,SAC,2005-02-22,10:00p,,Atlanta Hawks,W,,114,104,34,20,W 1
2005,SAC,2005-02-24,9:30p,@,Dallas Mavericks,L,,113,122,34,21,L 1
2005,SAC,2005-02-26,7:30p,@,Philadelphia 76ers,W,,101,99,35,21,W 1
2005,SAC,2005-02-27,6:00p,@,Washington Wizards,W,,110,108,36,21,W 2
2005,SAC,2005-03-01,7:00p,@,Charlotte Bobcats,L,,87,94,36,22,L 1
2005,SAC,2005-03-02,7:00p,@,Orlando Magic,L,,111,114,36,23,L 2
2005,SAC,2005-03-04,8:00p,@,Miami Heat,L,,83,104,36,24,L 3
2005,SAC,2005-03-06,3:30p,,Detroit Pistons,W,,100,85,37,24,W 1
2005,SAC,2005-03-08,10:00p,,Memphis Grizzlies,W,,85,82,38,24,W 2
2005,SAC,2005-03-11,10:00p,,Los Angeles Clippers,W,,113,112,39,24,W 3
2005,SAC,2005-03-13,3:30p,,Houston Rockets,L,,96,111,39,25,L 1
2005,SAC,2005-03-15,10:00p,,Orlando Magic,W,,105,94,40,25,W 1
2005,SAC,2005-03-17,10:30p,@,Golden State Warriors,L,,97,100,40,26,L 1
2005,SAC,2005-03-19,10:30p,@,Los Angeles Clippers,W,OT,111,107,41,26,W 1
2005,SAC,2005-03-20,9:00p,,Golden State Warriors,L,,94,104,41,27,L 1
2005,SAC,2005-03-22,10:00p,,Portland Trail Blazers,W,,112,93,42,27,W 1
2005,SAC,2005-03-24,10:00p,,Dallas Mavericks,W,,109,101,43,27,W 2
2005,SAC,2005-03-26,9:00p,@,Denver Nuggets,L,,99,113,43,28,L 1
2005,SAC,2005-03-28,10:00p,,Philadelphia 76ers,W,,118,109,44,28,W 1
2005,SAC,2005-03-30,7:30p,@,Detroit Pistons,L,,82,99,44,29,L 1
2005,SAC,2005-04-01,8:00p,@,Cleveland Cavaliers,W,,128,109,45,29,W 1
2005,SAC,2005-04-03,3:30p,,Minnesota Timberwolves,L,,100,112,45,30,L 1
2005,SAC,2005-04-05,10:00p,,Seattle SuperSonics,W,,122,101,46,30,W 1
2005,SAC,2005-04-08,10:00p,@,Portland Trail Blazers,W,,119,115,47,30,W 2
2005,SAC,2005-04-10,3:30p,,Los Angeles Lakers,W,,124,105,48,30,W 3
2005,SAC,2005-04-15,10:30p,@,Los Angeles Lakers,W,,115,106,49,30,W 4
2005,SAC,2005-04-16,10:00p,@,Phoenix Suns,L,,98,116,49,31,L 1
2005,SAC,2005-04-18,9:00p,@,Utah Jazz,L,,82,92,49,32,L 2
2005,SAC,2005-04-20,10:30p,,Phoenix Suns,W,,132,107,50,32,W 1
2005,SAC,2005-04-23,10:30p,@,Seattle SuperSonics,L,,82,87,0,1,L 1
2005,SAC,2005-04-26,10:30p,@,Seattle SuperSonics,L,,93,105,0,2,L 2
2005,SAC,2005-04-29,10:30p,,Seattle SuperSonics,W,,116,104,1,2,W 1
2005,SAC,2005-05-01,10:30p,,Seattle SuperSonics,L,,102,115,1,3,L 1
2005,SAC,2005-05-03,10:30p,@,Seattle SuperSonics,L,,118,122,1,4,L 2
2005,SAS,2004-11-03,8:30p,,Sacramento Kings,W,,101,85,1,0,W 1
2005,SAS,2004-11-05,10:30p,@,Los Angeles Lakers,W,,105,96,2,0,W 2
2005,SAS,2004-11-07,8:00p,@,Seattle SuperSonics,L,,94,113,2,1,L 1
2005,SAS,2004-11-10,8:30p,,Golden State Warriors,W,,91,71,3,1,W 1
2005,SAS,2004-11-12,8:00p,,Miami Heat,W,,93,84,4,1,W 2
2005,SAS,2004-11-13,7:00p,@,Atlanta Hawks,W,,103,88,5,1,W 3
2005,SAS,2004-11-16,8:30p,,New York Knicks,W,,99,81,6,1,W 4
2005,SAS,2004-11-18,7:00p,@,Philadelphia 76ers,W,,88,80,7,1,W 5
2005,SAS,2004-11-19,7:30p,@,Boston Celtics,W,,92,84,8,1,W 6
2005,SAS,2004-11-21,1:00p,@,Toronto Raptors,L,,91,96,8,2,L 1
2005,SAS,2004-11-22,8:00p,@,Memphis Grizzlies,L,,90,93,8,3,L 2
2005,SAS,2004-11-24,8:30p,,Dallas Mavericks,W,,94,80,9,3,W 1
2005,SAS,2004-11-26,9:00p,@,Denver Nuggets,W,,89,75,10,3,W 2
2005,SAS,2004-11-27,8:30p,,Utah Jazz,W,,109,76,11,3,W 3
2005,SAS,2004-11-30,8:30p,@,Dallas Mavericks,W,,107,89,12,3,W 4
2005,SAS,2004-12-01,8:30p,,Philadelphia 76ers,W,,105,72,13,3,W 5
2005,SAS,2004-12-03,8:00p,,Detroit Pistons,W,,80,77,14,3,W 6
2005,SAS,2004-12-04,8:30p,@,Milwaukee Bucks,W,,104,83,15,3,W 7
2005,SAS,2004-12-06,8:30p,@,Chicago Bulls,W,,91,75,16,3,W 8
2005,SAS,2004-12-08,8:30p,,Seattle SuperSonics,L,,96,102,16,4,L 1
2005,SAS,2004-12-09,8:00p,@,Houston Rockets,L,,80,81,16,5,L 2
2005,SAS,2004-12-11,8:30p,,Cleveland Cavaliers,W,,116,97,17,5,W 1
2005,SAS,2004-12-15,8:30p,,Orlando Magic,W,,94,91,18,5,W 2
2005,SAS,2004-12-17,8:00p,@,New Orleans Hornets,W,,83,67,19,5,W 3
2005,SAS,2004-12-18,8:30p,,Golden State Warriors,W,,104,85,20,5,W 4
2005,SAS,2004-12-22,7:00p,@,Orlando Magic,L,,87,93,20,6,L 1
2005,SAS,2004-12-23,8:00p,,Minnesota Timberwolves,W,,96,82,21,6,W 1
2005,SAS,2004-12-26,7:00p,,Boston Celtics,W,,107,90,22,6,W 2
2005,SAS,2004-12-28,8:30p,,Phoenix Suns,W,,115,94,23,6,W 3
2005,SAS,2004-12-30,10:30p,@,Portland Trail Blazers,W,,114,80,24,6,W 4
2005,SAS,2004-12-31,9:30p,@,Los Angeles Clippers,W,,98,79,25,6,W 5
2005,SAS,2005-01-02,9:00p,@,Sacramento Kings,L,,81,86,25,7,L 1
2005,SAS,2005-01-04,8:30p,,Los Angeles Lakers,W,,100,83,26,7,W 1
2005,SAS,2005-01-06,9:30p,,Indiana Pacers,W,,111,98,27,7,W 2
2005,SAS,2005-01-08,1:30p,,Denver Nuggets,W,,99,90,28,7,W 3
2005,SAS,2005-01-10,9:00p,@,Utah Jazz,L,,96,97,28,8,L 1
2005,SAS,2005-01-12,8:30p,,Milwaukee Bucks,W,,94,79,29,8,W 1
2005,SAS,2005-01-14,8:00p,,Dallas Mavericks,W,,98,95,30,8,W 2
2005,SAS,2005-01-15,8:30p,@,Houston Rockets,L,,67,73,30,9,L 1
2005,SAS,2005-01-17,5:00p,,Washington Wizards,W,,101,73,31,9,W 1
2005,SAS,2005-01-19,8:30p,,Los Angeles Clippers,W,,80,79,32,9,W 2
2005,SAS,2005-01-21,10:30p,@,Phoenix Suns,W,OT,128,123,33,9,W 3
2005,SAS,2005-01-23,9:00p,@,Sacramento Kings,W,,103,73,34,9,W 4
2005,SAS,2005-01-24,10:00p,@,Portland Trail Blazers,L,,99,107,34,10,L 1
2005,SAS,2005-01-27,9:30p,,Sacramento Kings,W,,90,80,35,10,W 1
2005,SAS,2005-01-29,8:30p,,New Orleans Hornets,W,,93,83,36,10,W 2
2005,SAS,2005-01-31,10:00p,@,Seattle SuperSonics,W,,103,84,37,10,W 3
2005,SAS,2005-02-03,10:30p,@,Los Angeles Lakers,W,,103,91,38,10,W 4
2005,SAS,2005-02-08,7:00p,@,Charlotte Bobcats,W,,104,85,39,10,W 5
2005,SAS,2005-02-09,7:00p,@,Washington Wizards,L,,87,95,39,11,L 1
2005,SAS,2005-02-11,7:30p,@,New Jersey Nets,W,,101,91,40,11,W 1
2005,SAS,2005-02-13,1:00p,@,Miami Heat,L,,92,96,40,12,L 1
2005,SAS,2005-02-16,9:00p,@,New Orleans Hornets,W,,101,78,41,12,W 1
2005,SAS,2005-02-23,9:00p,,Houston Rockets,W,,99,81,42,12,W 2
2005,SAS,2005-02-26,8:30p,,Memphis Grizzlies,L,,82,84,42,13,L 1
2005,SAS,2005-02-28,7:00p,@,Cleveland Cavaliers,W,,94,92,43,13,W 1
2005,SAS,2005-03-02,8:30p,,Toronto Raptors,W,,92,86,44,13,W 2
2005,SAS,2005-03-04,8:30p,,Chicago Bulls,W,,102,99,45,13,W 3
2005,SAS,2005-03-06,7:00p,,Utah Jazz,W,,101,94,46,13,W 4
2005,SAS,2005-03-08,8:30p,,New Jersey Nets,W,,90,74,47,13,W 5
2005,SAS,2005-03-09,9:00p,@,Phoenix Suns,L,,101,107,47,14,L 1
2005,SAS,2005-03-12,8:30p,,Denver Nuggets,L,,87,90,47,15,L 2
2005,SAS,2005-03-14,8:30p,,New Orleans Hornets,W,,112,89,48,15,W 1
2005,SAS,2005-03-16,9:00p,,Minnesota Timberwolves,W,,89,73,49,15,W 2
2005,SAS,2005-03-18,8:30p,,Charlotte Bobcats,W,,93,76,50,15,W 3
2005,SAS,2005-03-20,3:30p,@,Detroit Pistons,L,,101,110,50,16,L 1
2005,SAS,2005-03-21,7:30p,@,New York Knicks,L,,75,88,50,17,L 2
2005,SAS,2005-03-23,7:00p,@,Indiana Pacers,L,,93,100,50,18,L 3
2005,SAS,2005-03-25,8:30p,,Atlanta Hawks,W,,111,95,51,18,W 1
2005,SAS,2005-03-27,1:00p,,Houston Rockets,W,,83,70,52,18,W 2
2005,SAS,2005-03-30,8:30p,,Seattle SuperSonics,W,,89,76,53,18,W 3
2005,SAS,2005-04-01,10:30p,@,Denver Nuggets,L,,84,102,53,19,L 1
2005,SAS,2005-04-02,8:30p,,Los Angeles Lakers,W,,95,94,54,19,W 1
2005,SAS,2005-04-06,8:30p,,Los Angeles Clippers,W,,91,82,55,19,W 2
2005,SAS,2005-04-07,8:00p,@,Dallas Mavericks,L,,68,104,55,20,L 1
2005,SAS,2005-04-09,10:30p,@,Los Angeles Clippers,W,2OT,125,124,56,20,W 1
2005,SAS,2005-04-10,9:00p,@,Golden State Warriors,W,2OT,136,134,57,20,W 2
2005,SAS,2005-04-12,8:30p,,Portland Trail Blazers,W,,95,89,58,20,W 3
2005,SAS,2005-04-13,9:00p,@,Utah Jazz,L,,91,93,58,21,L 1
2005,SAS,2005-04-16,8:30p,,Memphis Grizzlies,W,,97,75,59,21,W 1
2005,SAS,2005-04-18,8:00p,@,Memphis Grizzlies,L,,92,94,59,22,L 1
2005,SAS,2005-04-20,8:00p,@,Minnesota Timberwolves,L,,73,95,59,23,L 2
2005,SAS,2005-04-24,8:00p,,Denver Nuggets,L,,87,93,0,1,L 1
2005,SAS,2005-04-27,8:00p,,Denver Nuggets,W,,104,76,1,1,W 1
2005,SAS,2005-04-30,10:30p,@,Denver Nuggets,W,,86,78,2,1,W 2
2005,SAS,2005-05-02,10:30p,@,Denver Nuggets,W,OT,126,115,3,1,W 3
2005,SAS,2005-05-04,9:30p,,Denver Nuggets,W,,99,89,4,1,W 4
2005,SAS,2005-05-08,8:00p,,Seattle SuperSonics,W,,103,81,5,1,W 5
2005,SAS,2005-05-10,9:30p,,Seattle SuperSonics,W,,108,91,6,1,W 6
2005,SAS,2005-05-12,10:30p,@,Seattle SuperSonics,L,,91,92,6,2,L 1
2005,SAS,2005-05-15,7:00p,@,Seattle SuperSonics,L,,89,101,6,3,L 2
2005,SAS,2005-05-17,9:30p,,Seattle SuperSonics,W,,103,90,7,3,W 1
2005,SAS,2005-05-19,10:30p,@,Seattle SuperSonics,W,,98,96,8,3,W 2
2005,SAS,2005-05-22,3:30p,@,Phoenix Suns,W,,121,114,9,3,W 3
2005,SAS,2005-05-24,9:00p,@,Phoenix Suns,W,,111,108,10,3,W 4
2005,SAS,2005-05-28,9:00p,,Phoenix Suns,W,,102,92,11,3,W 5
2005,SAS,2005-05-30,8:30p,,Phoenix Suns,L,,106,111,11,4,L 1
2005,SAS,2005-06-01,9:00p,@,Phoenix Suns,W,,101,95,12,4,W 1
2005,SAS,2005-06-09,9:00p,,Detroit Pistons,W,,84,69,13,4,W 2
2005,SAS,2005-06-12,9:00p,,Detroit Pistons,W,,97,76,14,4,W 3
2005,SAS,2005-06-14,9:00p,@,Detroit Pistons,L,,79,96,14,5,L 1
2005,SAS,2005-06-16,9:00p,@,Detroit Pistons,L,,71,102,14,6,L 2
2005,SAS,2005-06-19,9:00p,@,Detroit Pistons,W,OT,96,95,15,6,W 1
2005,SAS,2005-06-21,9:00p,,Detroit Pistons,L,,86,95,15,7,L 1
2005,SAS,2005-06-23,9:00p,,Detroit Pistons,W,,81,74,16,7,W 1
2005,SEA,2004-11-03,10:30p,@,Los Angeles Clippers,L,,84,114,0,1,L 1
2005,SEA,2004-11-05,10:30p,,Atlanta Hawks,W,,106,85,1,1,W 1
2005,SEA,2004-11-07,8:00p,,San Antonio Spurs,W,,113,94,2,1,W 2
2005,SEA,2004-11-09,9:00p,@,Denver Nuggets,W,,108,88,3,1,W 3
2005,SEA,2004-11-10,10:30p,,Sacramento Kings,W,,108,78,4,1,W 4
2005,SEA,2004-11-12,10:30p,,Toronto Raptors,W,,88,87,5,1,W 5
2005,SEA,2004-11-14,8:00p,,Memphis Grizzlies,W,,118,113,6,1,W 6
2005,SEA,2004-11-16,7:00p,@,Philadelphia 76ers,W,,103,95,7,1,W 7
2005,SEA,2004-11-17,7:30p,@,New Jersey Nets,W,,79,68,8,1,W 8
2005,SEA,2004-11-19,7:00p,@,Toronto Raptors,W,,101,94,9,1,W 9
2005,SEA,2004-11-21,6:00p,@,Boston Celtics,L,,83,102,9,2,L 1
2005,SEA,2004-11-23,8:00p,@,Minnesota Timberwolves,W,,103,92,10,2,W 1
2005,SEA,2004-11-24,8:00p,@,Memphis Grizzlies,W,,93,84,11,2,W 2
2005,SEA,2004-11-26,10:30p,,New Jersey Nets,W,,92,79,12,2,W 3
2005,SEA,2004-11-28,9:00p,,Indiana Pacers,W,,103,95,13,2,W 4
2005,SEA,2004-11-30,10:00p,@,Portland Trail Blazers,L,,94,100,13,3,L 1
2005,SEA,2004-12-01,10:00p,,Utah Jazz,W,OT,129,119,14,3,W 1
2005,SEA,2004-12-04,10:30p,,Portland Trail Blazers,W,,99,89,15,3,W 2
2005,SEA,2004-12-08,8:30p,@,San Antonio Spurs,W,,102,96,16,3,W 3
2005,SEA,2004-12-09,8:30p,@,Dallas Mavericks,W,,107,102,17,3,W 4
2005,SEA,2004-12-11,10:00p,,Boston Celtics,L,,84,98,17,4,L 1
2005,SEA,2004-12-14,10:00p,,Los Angeles Lakers,W,,108,93,18,4,W 1
2005,SEA,2004-12-17,10:30p,,Phoenix Suns,L,,110,112,18,5,L 1
2005,SEA,2004-12-22,10:00p,,Denver Nuggets,W,,98,83,19,5,W 1
2005,SEA,2004-12-27,9:00p,@,Utah Jazz,W,,98,88,20,5,W 2
2005,SEA,2004-12-28,10:00p,,Philadelphia 76ers,L,,107,114,20,6,L 1
2005,SEA,2004-12-30,2:00p,@,Atlanta Hawks,W,,94,79,21,6,W 1
2005,SEA,2004-12-31,7:00p,@,Charlotte Bobcats,W,,103,97,22,6,W 2
2005,SEA,2005-01-03,7:30p,@,Miami Heat,W,,98,96,23,6,W 3
2005,SEA,2005-01-05,7:00p,@,Orlando Magic,L,,87,105,23,7,L 1
2005,SEA,2005-01-06,7:00p,@,Washington Wizards,L,,96,107,23,8,L 2
2005,SEA,2005-01-09,8:00p,,Miami Heat,W,,108,98,24,8,W 1
2005,SEA,2005-01-11,10:00p,,Los Angeles Clippers,W,,104,99,25,8,W 2
2005,SEA,2005-01-12,10:30p,@,Los Angeles Clippers,L,,92,103,25,9,L 1
2005,SEA,2005-01-14,10:30p,,Golden State Warriors,W,,103,84,26,9,W 1
2005,SEA,2005-01-16,9:00p,,Cleveland Cavaliers,W,,105,97,27,9,W 2
2005,SEA,2005-01-18,10:00p,,Denver Nuggets,L,OT,110,116,27,10,L 1
2005,SEA,2005-01-21,10:30p,,Minnesota Timberwolves,L,,107,112,27,11,L 2
2005,SEA,2005-01-23,9:00p,,Utah Jazz,W,,122,105,28,11,W 1
2005,SEA,2005-01-25,10:30p,@,Los Angeles Lakers,W,,104,93,29,11,W 2
2005,SEA,2005-01-26,9:00p,@,Utah Jazz,L,,100,109,29,12,L 1
2005,SEA,2005-01-28,10:30p,@,Golden State Warriors,W,,88,85,30,12,W 1
2005,SEA,2005-01-31,10:00p,,San Antonio Spurs,L,,84,103,30,13,L 1
2005,SEA,2005-02-01,10:00p,@,Sacramento Kings,W,,106,101,31,13,W 1
2005,SEA,2005-02-05,10:00p,,Charlotte Bobcats,W,,113,99,32,13,W 2
2005,SEA,2005-02-08,10:00p,,New Orleans Hornets,W,,108,91,33,13,W 3
2005,SEA,2005-02-10,10:30p,,Sacramento Kings,W,,115,107,34,13,W 4
2005,SEA,2005-02-11,9:00p,@,Phoenix Suns,W,,113,105,35,13,W 5
2005,SEA,2005-02-13,8:00p,,Dallas Mavericks,L,,92,95,35,14,L 1
2005,SEA,2005-02-16,9:00p,,Golden State Warriors,L,,110,117,35,15,L 2
2005,SEA,2005-02-22,8:30p,@,Houston Rockets,W,,87,85,36,15,W 1
2005,SEA,2005-02-23,8:00p,@,New Orleans Hornets,W,,103,85,37,15,W 2
2005,SEA,2005-02-25,10:30p,,Minnesota Timberwolves,W,,98,88,38,15,W 3
2005,SEA,2005-02-27,3:00p,@,Milwaukee Bucks,L,,73,99,38,16,L 1
2005,SEA,2005-03-01,7:00p,@,Indiana Pacers,W,,101,93,39,16,W 1
2005,SEA,2005-03-02,7:00p,@,Cleveland Cavaliers,W,,103,86,40,16,W 2
2005,SEA,2005-03-04,10:30p,,Detroit Pistons,W,,95,87,41,16,W 3
2005,SEA,2005-03-06,9:00p,,Phoenix Suns,L,,99,110,41,17,L 1
2005,SEA,2005-03-08,10:00p,,Houston Rockets,L,,95,97,41,18,L 2
2005,SEA,2005-03-11,10:30p,,Chicago Bulls,L,,97,100,41,19,L 3
2005,SEA,2005-03-13,6:00p,@,New York Knicks,W,,90,80,42,19,W 1
2005,SEA,2005-03-15,8:30p,@,Chicago Bulls,W,,99,93,43,19,W 2
2005,SEA,2005-03-16,7:30p,@,Detroit Pistons,L,,95,102,43,20,L 1
2005,SEA,2005-03-18,10:30p,,Orlando Magic,W,,98,90,44,20,W 1
2005,SEA,2005-03-20,9:30p,@,Los Angeles Lakers,W,,102,100,45,20,W 2
2005,SEA,2005-03-22,10:00p,,Milwaukee Bucks,W,,92,84,46,20,W 3
2005,SEA,2005-03-24,10:00p,@,Portland Trail Blazers,W,,96,91,47,20,W 4
2005,SEA,2005-03-25,10:30p,,New York Knicks,W,OT,109,101,48,20,W 5
2005,SEA,2005-03-27,8:00p,,Washington Wizards,L,,94,95,48,21,L 1
2005,SEA,2005-03-29,8:00p,@,Memphis Grizzlies,W,,102,99,49,21,W 1
2005,SEA,2005-03-30,8:30p,@,San Antonio Spurs,L,,76,89,49,22,L 1
2005,SEA,2005-04-01,10:30p,,Portland Trail Blazers,W,,89,87,50,22,W 1
2005,SEA,2005-04-03,6:00p,@,Golden State Warriors,L,,92,101,50,23,L 1
2005,SEA,2005-04-05,10:00p,@,Sacramento Kings,L,,101,122,50,24,L 2
2005,SEA,2005-04-08,10:30p,,Los Angeles Lakers,L,,94,117,50,25,L 3
2005,SEA,2005-04-09,9:00p,@,Denver Nuggets,L,,105,121,50,26,L 4
2005,SEA,2005-04-11,10:00p,,Houston Rockets,L,,78,90,50,27,L 5
2005,SEA,2005-04-13,10:30p,,Dallas Mavericks,L,,90,95,50,28,L 6
2005,SEA,2005-04-15,10:30p,,New Orleans Hornets,W,,97,72,51,28,W 1
2005,SEA,2005-04-17,3:30p,@,Minnesota Timberwolves,W,,109,94,52,28,W 2
2005,SEA,2005-04-19,8:30p,@,Dallas Mavericks,L,,96,101,52,29,L 1
2005,SEA,2005-04-20,8:30p,@,Houston Rockets,L,,78,106,52,30,L 2
2005,SEA,2005-04-23,10:30p,,Sacramento Kings,W,,87,82,1,0,W 1
2005,SEA,2005-04-26,10:30p,,Sacramento Kings,W,,105,93,2,0,W 2
2005,SEA,2005-04-29,10:30p,@,Sacramento Kings,L,,104,116,2,1,L 1
2005,SEA,2005-05-01,10:30p,@,Sacramento Kings,W,,115,102,3,1,W 1
2005,SEA,2005-05-03,10:30p,,Sacramento Kings,W,,122,118,4,1,W 2
2005,SEA,2005-05-08,8:00p,@,San Antonio Spurs,L,,81,103,4,2,L 1
2005,SEA,2005-05-10,9:30p,@,San Antonio Spurs,L,,91,108,4,3,L 2
2005,SEA,2005-05-12,10:30p,,San Antonio Spurs,W,,92,91,5,3,W 1
2005,SEA,2005-05-15,7:00p,,San Antonio Spurs,W,,101,89,6,3,W 2
2005,SEA,2005-05-17,9:30p,@,San Antonio Spurs,L,,90,103,6,4,L 1
2005,SEA,2005-05-19,10:30p,,San Antonio Spurs,L,,96,98,6,5,L 2
2005,TOR,2004-11-03,7:00p,,Houston Rockets,W,,95,88,1,0,W 1
2005,TOR,2004-11-05,7:00p,,Detroit Pistons,W,,101,89,2,0,W 2
2005,TOR,2004-11-07,12:30p,,Portland Trail Blazers,W,,101,97,3,0,W 3
2005,TOR,2004-11-09,10:00p,@,Sacramento Kings,L,,92,108,3,1,L 1
2005,TOR,2004-11-10,9:00p,@,Utah Jazz,W,,104,95,4,1,W 1
2005,TOR,2004-11-12,10:30p,@,Seattle SuperSonics,L,,87,88,4,2,L 1
2005,TOR,2004-11-13,10:00p,@,Portland Trail Blazers,L,,102,105,4,3,L 2
2005,TOR,2004-11-16,10:30p,@,Los Angeles Clippers,L,,89,101,4,4,L 3
2005,TOR,2004-11-17,9:00p,@,Denver Nuggets,L,,106,112,4,5,L 4
2005,TOR,2004-11-19,7:00p,,Seattle SuperSonics,L,,94,101,4,6,L 5
2005,TOR,2004-11-21,1:00p,,San Antonio Spurs,W,,96,91,5,6,W 1
2005,TOR,2004-11-23,7:00p,@,Washington Wizards,L,,86,102,5,7,L 1
2005,TOR,2004-11-24,7:00p,,New York Knicks,W,,114,91,6,7,W 1
2005,TOR,2004-11-27,1:00p,@,New York Knicks,L,,102,108,6,8,L 1
2005,TOR,2004-11-28,3:00p,,Washington Wizards,L,OT,109,114,6,9,L 2
2005,TOR,2004-11-30,7:30p,@,Miami Heat,W,,94,92,7,9,W 1
2005,TOR,2004-12-01,7:00p,@,Orlando Magic,L,,108,129,7,10,L 1
2005,TOR,2004-12-03,7:30p,@,Boston Celtics,L,,89,91,7,11,L 2
2005,TOR,2004-12-04,7:30p,@,Cleveland Cavaliers,L,,97,105,7,12,L 3
2005,TOR,2004-12-06,7:30p,@,New Jersey Nets,L,,86,88,7,13,L 4
2005,TOR,2004-12-08,7:30p,@,Detroit Pistons,L,OT,86,90,7,14,L 5
2005,TOR,2004-12-10,7:00p,,Denver Nuggets,L,,87,101,7,15,L 6
2005,TOR,2004-12-12,1:00p,,Miami Heat,L,,98,106,7,16,L 7
2005,TOR,2004-12-15,7:00p,,Minnesota Timberwolves,W,,96,90,8,16,W 1
2005,TOR,2004-12-17,7:00p,@,Indiana Pacers,L,,86,89,8,17,L 1
2005,TOR,2004-12-19,3:00p,,New Jersey Nets,W,,110,99,9,17,W 1
2005,TOR,2004-12-20,8:30p,@,Houston Rockets,L,,102,114,9,18,L 1
2005,TOR,2004-12-22,7:00p,,Utah Jazz,W,,98,86,10,18,W 1
2005,TOR,2004-12-26,8:00p,@,Phoenix Suns,L,,94,106,10,19,L 1
2005,TOR,2004-12-28,10:30p,@,Los Angeles Lakers,L,,99,117,10,20,L 2
2005,TOR,2004-12-29,10:30p,@,Golden State Warriors,L,,105,111,10,21,L 3
2005,TOR,2005-01-03,7:00p,,Orlando Magic,W,,105,94,11,21,W 1
2005,TOR,2005-01-05,7:00p,,Sacramento Kings,W,,96,93,12,21,W 2
2005,TOR,2005-01-07,7:00p,,Milwaukee Bucks,L,OT,105,107,12,22,L 1
2005,TOR,2005-01-09,1:00p,,Golden State Warriors,W,,109,87,13,22,W 1
2005,TOR,2005-01-12,7:00p,,Boston Celtics,W,,104,93,14,22,W 2
2005,TOR,2005-01-14,7:00p,@,Philadelphia 76ers,L,,96,106,14,23,L 1
2005,TOR,2005-01-16,1:00p,,New Orleans Hornets,W,,102,99,15,23,W 1
2005,TOR,2005-01-17,6:00p,@,Minnesota Timberwolves,W,,100,91,16,23,W 2
2005,TOR,2005-01-19,7:00p,,New York Knicks,W,,98,81,17,23,W 3
2005,TOR,2005-01-21,7:00p,@,Washington Wizards,L,,109,118,17,24,L 1
2005,TOR,2005-01-23,1:00p,,Charlotte Bobcats,W,,103,92,18,24,W 1
2005,TOR,2005-01-26,7:00p,,Miami Heat,L,,96,111,18,25,L 1
2005,TOR,2005-01-28,7:00p,@,Charlotte Bobcats,L,,94,101,18,26,L 2
2005,TOR,2005-01-30,4:30p,,Phoenix Suns,L,,105,123,18,27,L 3
2005,TOR,2005-02-02,7:00p,@,Indiana Pacers,W,,98,97,19,27,W 1
2005,TOR,2005-02-04,7:00p,,Washington Wizards,W,,103,100,20,27,W 2
2005,TOR,2005-02-06,1:00p,,Dallas Mavericks,L,,113,122,20,28,L 1
2005,TOR,2005-02-08,7:00p,@,Cleveland Cavaliers,L,,91,104,20,29,L 2
2005,TOR,2005-02-09,7:00p,,Milwaukee Bucks,L,,107,110,20,30,L 3
2005,TOR,2005-02-11,7:00p,,Philadelphia 76ers,L,,91,106,20,31,L 4
2005,TOR,2005-02-13,6:00p,,Los Angeles Clippers,W,,109,106,21,31,W 1
2005,TOR,2005-02-16,7:00p,,Chicago Bulls,L,,115,121,21,32,L 1
2005,TOR,2005-02-22,7:30p,@,New Jersey Nets,W,,100,82,22,32,W 1
2005,TOR,2005-02-25,8:30p,@,Milwaukee Bucks,W,,106,102,23,32,W 2
2005,TOR,2005-02-27,1:00p,,Los Angeles Lakers,W,,108,102,24,32,W 3
2005,TOR,2005-03-02,8:30p,@,San Antonio Spurs,L,,86,92,24,33,L 1
2005,TOR,2005-03-04,8:00p,@,Memphis Grizzlies,L,,75,86,24,34,L 2
2005,TOR,2005-03-06,7:00p,@,New Orleans Hornets,W,,95,84,25,34,W 1
2005,TOR,2005-03-07,8:30p,@,Dallas Mavericks,L,,105,113,25,35,L 1
2005,TOR,2005-03-09,7:00p,,Orlando Magic,W,,106,96,26,35,W 1
2005,TOR,2005-03-11,7:00p,,Atlanta Hawks,L,OT,112,116,26,36,L 1
2005,TOR,2005-03-13,6:00p,,Philadelphia 76ers,W,,128,110,27,36,W 1
2005,TOR,2005-03-16,7:00p,@,Boston Celtics,L,,109,110,27,37,L 1
2005,TOR,2005-03-18,8:00p,@,Detroit Pistons,L,,92,103,27,38,L 2
2005,TOR,2005-03-20,1:00p,,Cleveland Cavaliers,W,,105,98,28,38,W 1
2005,TOR,2005-03-23,7:00p,,Chicago Bulls,L,,85,94,28,39,L 1
2005,TOR,2005-03-25,7:00p,@,Philadelphia 76ers,L,,101,103,28,40,L 2
2005,TOR,2005-03-26,7:00p,@,Atlanta Hawks,W,,109,104,29,40,W 1
2005,TOR,2005-03-29,7:30p,@,Miami Heat,L,,91,103,29,41,L 1
2005,TOR,2005-03-30,7:00p,@,Orlando Magic,L,,96,108,29,42,L 2
2005,TOR,2005-04-01,7:00p,@,Charlotte Bobcats,W,,119,107,30,42,W 1
2005,TOR,2005-04-03,6:00p,,Detroit Pistons,L,,103,113,30,43,L 1
2005,TOR,2005-04-06,7:00p,,Memphis Grizzlies,L,,74,104,30,44,L 2
2005,TOR,2005-04-08,7:00p,,Atlanta Hawks,W,OT,109,101,31,44,W 1
2005,TOR,2005-04-09,8:30p,@,Chicago Bulls,L,,97,110,31,45,L 1
2005,TOR,2005-04-11,7:00p,,Indiana Pacers,L,,90,94,31,46,L 2
2005,TOR,2005-04-12,7:30p,@,New York Knicks,W,,105,93,32,46,W 1
2005,TOR,2005-04-15,7:00p,,New Jersey Nets,L,,90,101,32,47,L 1
2005,TOR,2005-04-17,6:00p,,Boston Celtics,L,,98,103,32,48,L 2
2005,TOR,2005-04-19,8:00p,@,Milwaukee Bucks,W,,127,109,33,48,W 1
2005,TOR,2005-04-20,7:00p,,Cleveland Cavaliers,L,,95,104,33,49,L 1
2005,UTA,2004-11-03,10:30p,,Los Angeles Lakers,W,,104,78,1,0,W 1
2005,UTA,2004-11-05,10:30p,@,Golden State Warriors,W,,102,80,2,0,W 2
2005,UTA,2004-11-06,9:00p,@,Denver Nuggets,W,,106,82,3,0,W 3
2005,UTA,2004-11-08,9:00p,,Denver Nuggets,W,,102,91,4,0,W 4
2005,UTA,2004-11-10,9:00p,,Toronto Raptors,L,,95,104,4,1,L 1
2005,UTA,2004-11-13,9:00p,,Detroit Pistons,W,,108,93,5,1,W 1
2005,UTA,2004-11-16,7:00p,@,Charlotte Bobcats,W,,107,105,6,1,W 2
2005,UTA,2004-11-17,7:00p,@,Orlando Magic,L,,92,107,6,2,L 1
2005,UTA,2004-11-19,7:30p,@,Miami Heat,L,OT,105,107,6,3,L 2
2005,UTA,2004-11-20,7:00p,@,Atlanta Hawks,W,,92,79,7,3,W 1
2005,UTA,2004-11-22,9:00p,,New Orleans Hornets,L,,75,76,7,4,L 1
2005,UTA,2004-11-24,9:00p,,Chicago Bulls,L,,99,101,7,5,L 2
2005,UTA,2004-11-26,9:00p,,Houston Rockets,W,,90,80,8,5,W 1
2005,UTA,2004-11-27,8:30p,@,San Antonio Spurs,L,,76,109,8,6,L 1
2005,UTA,2004-11-30,9:00p,,Phoenix Suns,L,,102,115,8,7,L 2
2005,UTA,2004-12-01,10:00p,@,Seattle SuperSonics,L,OT,119,129,8,8,L 3
2005,UTA,2004-12-04,8:30p,@,Dallas Mavericks,L,,86,109,8,9,L 4
2005,UTA,2004-12-06,9:00p,,Miami Heat,L,,80,100,8,10,L 5
2005,UTA,2004-12-08,9:00p,,Orlando Magic,L,,100,106,8,11,L 6
2005,UTA,2004-12-10,10:30p,,Portland Trail Blazers,W,OT,92,87,9,11,W 1
2005,UTA,2004-12-12,8:00p,@,Portland Trail Blazers,L,,88,98,9,12,L 1
2005,UTA,2004-12-14,9:00p,,Los Angeles Clippers,W,,93,91,10,12,W 1
2005,UTA,2004-12-15,10:30p,@,Phoenix Suns,L,,86,108,10,13,L 1
2005,UTA,2004-12-17,7:30p,@,Boston Celtics,L,,106,114,10,14,L 2
2005,UTA,2004-12-19,3:00p,@,New York Knicks,L,,93,94,10,15,L 3
2005,UTA,2004-12-20,7:00p,@,Philadelphia 76ers,W,,103,101,11,15,W 1
2005,UTA,2004-12-22,7:00p,@,Toronto Raptors,L,,86,98,11,16,L 1
2005,UTA,2004-12-27,9:00p,,Seattle SuperSonics,L,,88,98,11,17,L 2
2005,UTA,2004-12-29,10:30p,@,Los Angeles Clippers,L,,90,101,11,18,L 3
2005,UTA,2004-12-31,8:00p,,Sacramento Kings,L,,102,109,11,19,L 4
2005,UTA,2005-01-02,8:30p,@,Houston Rockets,L,,80,99,11,20,L 5
2005,UTA,2005-01-03,8:00p,@,Memphis Grizzlies,L,,82,92,11,21,L 6
2005,UTA,2005-01-05,9:00p,,Philadelphia 76ers,L,,99,106,11,22,L 7
2005,UTA,2005-01-07,8:30p,@,Chicago Bulls,L,,78,84,11,23,L 8
2005,UTA,2005-01-08,8:30p,@,Milwaukee Bucks,L,,86,89,11,24,L 9
2005,UTA,2005-01-10,9:00p,,San Antonio Spurs,W,,97,96,12,24,W 1
2005,UTA,2005-01-12,9:00p,,Phoenix Suns,W,,115,108,13,24,W 2
2005,UTA,2005-01-13,10:00p,@,Sacramento Kings,L,,93,107,13,25,L 1
2005,UTA,2005-01-15,9:00p,,Cleveland Cavaliers,L,,71,84,13,26,L 2
2005,UTA,2005-01-17,10:30p,@,Los Angeles Lakers,W,,102,94,14,26,W 1
2005,UTA,2005-01-22,9:00p,,Memphis Grizzlies,L,,94,110,14,27,L 1
2005,UTA,2005-01-23,9:00p,@,Seattle SuperSonics,L,,105,122,14,28,L 2
2005,UTA,2005-01-26,9:00p,,Seattle SuperSonics,W,,109,100,15,28,W 1
2005,UTA,2005-01-28,8:00p,@,Minnesota Timberwolves,L,,91,93,15,29,L 1
2005,UTA,2005-01-29,9:00p,,New Jersey Nets,L,,82,99,15,30,L 2
2005,UTA,2005-02-01,9:00p,,Charlotte Bobcats,L,,105,109,15,31,L 3
2005,UTA,2005-02-05,9:00p,,New Orleans Hornets,W,,108,92,16,31,W 1
2005,UTA,2005-02-07,9:00p,,New York Knicks,L,OT,99,102,16,32,L 1
2005,UTA,2005-02-08,9:00p,@,Denver Nuggets,L,,87,97,16,33,L 2
2005,UTA,2005-02-11,9:00p,,Minnesota Timberwolves,W,,100,82,17,33,W 1
2005,UTA,2005-02-14,9:00p,@,Phoenix Suns,L,,128,136,17,34,L 1
2005,UTA,2005-02-15,10:30p,@,Los Angeles Lakers,L,,95,102,17,35,L 2
2005,UTA,2005-02-23,9:00p,,Dallas Mavericks,L,,83,101,17,36,L 3
2005,UTA,2005-02-25,9:00p,,Boston Celtics,L,,102,109,17,37,L 4
2005,UTA,2005-02-27,4:00p,@,Houston Rockets,W,,99,92,18,37,W 1
2005,UTA,2005-02-28,9:00p,,Los Angeles Clippers,W,,87,86,19,37,W 2
2005,UTA,2005-03-02,9:00p,,Atlanta Hawks,W,,96,74,20,37,W 3
2005,UTA,2005-03-04,8:00p,@,New Orleans Hornets,L,,85,92,20,38,L 1
2005,UTA,2005-03-06,7:00p,@,San Antonio Spurs,L,,94,101,20,39,L 2
2005,UTA,2005-03-08,9:00p,,Indiana Pacers,L,,83,89,20,40,L 3
2005,UTA,2005-03-11,9:00p,,Memphis Grizzlies,L,,82,94,20,41,L 4
2005,UTA,2005-03-13,6:00p,@,Detroit Pistons,L,,62,64,20,42,L 5
2005,UTA,2005-03-15,7:00p,@,Cleveland Cavaliers,L,,73,92,20,43,L 6
2005,UTA,2005-03-16,7:00p,@,Indiana Pacers,L,,84,103,20,44,L 7
2005,UTA,2005-03-18,7:30p,@,New Jersey Nets,L,,80,94,20,45,L 8
2005,UTA,2005-03-19,7:00p,@,Washington Wizards,L,,95,96,20,46,L 9
2005,UTA,2005-03-22,9:00p,,Los Angeles Lakers,W,,115,107,21,46,W 1
2005,UTA,2005-03-24,9:00p,,Washington Wizards,L,,84,85,21,47,L 1
2005,UTA,2005-03-26,9:00p,,Milwaukee Bucks,W,,94,89,22,47,W 1
2005,UTA,2005-03-28,9:00p,,Houston Rockets,L,,85,99,22,48,L 1
2005,UTA,2005-03-30,9:00p,,Denver Nuggets,L,,98,109,22,49,L 2
2005,UTA,2005-04-01,9:00p,,Golden State Warriors,L,,91,108,22,50,L 3
2005,UTA,2005-04-05,9:00p,,Portland Trail Blazers,W,,90,79,23,50,W 1
2005,UTA,2005-04-06,9:30p,@,Minnesota Timberwolves,L,,86,111,23,51,L 1
2005,UTA,2005-04-08,8:00p,@,New Orleans Hornets,W,,98,87,24,51,W 1
2005,UTA,2005-04-09,8:30p,@,Dallas Mavericks,L,,81,88,24,52,L 1
2005,UTA,2005-04-12,10:30p,@,Los Angeles Clippers,L,,85,94,24,53,L 2
2005,UTA,2005-04-13,9:00p,,San Antonio Spurs,W,,93,91,25,53,W 1
2005,UTA,2005-04-15,9:00p,,Minnesota Timberwolves,L,,84,100,25,54,L 1
2005,UTA,2005-04-17,8:00p,@,Portland Trail Blazers,L,,82,100,25,55,L 2
2005,UTA,2005-04-18,9:00p,,Sacramento Kings,W,,92,82,26,55,W 1
2005,UTA,2005-04-20,10:30p,@,Golden State Warriors,L,,89,106,26,56,L 1
2005,WAS,2004-11-03,8:00p,@,Memphis Grizzlies,W,,103,91,1,0,W 1
2005,WAS,2004-11-04,7:00p,@,Charlotte Bobcats,W,,103,96,2,0,W 2
2005,WAS,2004-11-06,7:00p,,Miami Heat,L,,106,118,2,1,L 1
2005,WAS,2004-11-09,7:30p,@,Miami Heat,L,,93,103,2,2,L 2
2005,WAS,2004-11-10,7:00p,,Orlando Magic,W,,106,96,3,2,W 1
2005,WAS,2004-11-13,1:00p,@,Cleveland Cavaliers,L,,74,105,3,3,L 1
2005,WAS,2004-11-14,1:00p,,Dallas Mavericks,L,,113,122,3,4,L 2
2005,WAS,2004-11-17,7:00p,,Boston Celtics,W,OT,110,105,4,4,W 1
2005,WAS,2004-11-20,8:00p,@,New Jersey Nets,W,,97,86,5,4,W 2
2005,WAS,2004-11-23,7:00p,,Toronto Raptors,W,,102,86,6,4,W 3
2005,WAS,2004-11-26,1:00p,@,Philadelphia 76ers,L,OT,114,116,6,5,L 1
2005,WAS,2004-11-28,3:00p,@,Toronto Raptors,W,OT,114,109,7,5,W 1
2005,WAS,2004-12-01,7:00p,,New Jersey Nets,W,,95,68,8,5,W 2
2005,WAS,2004-12-03,7:30p,@,Atlanta Hawks,W,,114,90,9,5,W 3
2005,WAS,2004-12-04,8:00p,,Chicago Bulls,W,,95,88,10,5,W 4
2005,WAS,2004-12-08,7:00p,,Denver Nuggets,L,,105,111,10,6,L 1
2005,WAS,2004-12-10,7:00p,,New York Knicks,W,,106,104,11,6,W 1
2005,WAS,2004-12-12,1:00p,,New Orleans Hornets,W,,88,69,12,6,W 2
2005,WAS,2004-12-13,7:30p,@,Miami Heat,L,,83,106,12,7,L 1
2005,WAS,2004-12-15,7:00p,,Miami Heat,L,,93,98,12,8,L 2
2005,WAS,2004-12-17,10:30p,@,Los Angeles Lakers,W,OT,120,116,13,8,W 1
2005,WAS,2004-12-18,9:00p,@,Phoenix Suns,L,,96,110,13,9,L 1
2005,WAS,2004-12-20,10:30p,@,Golden State Warriors,W,,103,101,14,9,W 1
2005,WAS,2004-12-21,10:00p,@,Sacramento Kings,L,,93,104,14,10,L 1
2005,WAS,2004-12-26,8:00p,@,Minnesota Timberwolves,L,,74,109,14,11,L 2
2005,WAS,2004-12-27,7:00p,,Charlotte Bobcats,W,,106,87,15,11,W 1
2005,WAS,2004-12-29,7:00p,,Detroit Pistons,L,,105,107,15,12,L 1
2005,WAS,2004-12-31,3:00p,@,Boston Celtics,L,,103,108,15,13,L 2
2005,WAS,2005-01-02,12:00p,,Atlanta Hawks,W,,104,101,16,13,W 1
2005,WAS,2005-01-04,7:00p,,New Jersey Nets,W,,112,88,17,13,W 2
2005,WAS,2005-01-06,7:00p,,Seattle SuperSonics,W,,107,96,18,13,W 3
2005,WAS,2005-01-08,7:00p,,Minnesota Timberwolves,W,,117,114,19,13,W 4
2005,WAS,2005-01-12,7:00p,,Portland Trail Blazers,W,,104,100,20,13,W 5
2005,WAS,2005-01-14,8:30p,@,Milwaukee Bucks,W,,105,103,21,13,W 6
2005,WAS,2005-01-15,7:00p,,Phoenix Suns,W,,108,103,22,13,W 7
2005,WAS,2005-01-17,5:00p,@,San Antonio Spurs,L,,73,101,22,14,L 1
2005,WAS,2005-01-18,8:30p,@,Dallas Mavericks,L,,120,137,22,15,L 2
2005,WAS,2005-01-21,7:00p,,Toronto Raptors,W,,118,109,23,15,W 1
2005,WAS,2005-01-22,8:00p,@,Indiana Pacers,W,,95,93,24,15,W 2
2005,WAS,2005-01-24,7:00p,@,Cleveland Cavaliers,W,,106,97,25,15,W 3
2005,WAS,2005-01-26,7:00p,,Philadelphia 76ers,W,,117,107,26,15,W 4
2005,WAS,2005-01-28,7:00p,@,Orlando Magic,L,,101,108,26,16,L 1
2005,WAS,2005-01-29,7:00p,,Orlando Magic,L,,97,103,26,17,L 2
2005,WAS,2005-02-01,7:00p,,Detroit Pistons,L,,96,105,26,18,L 3
2005,WAS,2005-02-04,7:00p,@,Toronto Raptors,L,,100,103,26,19,L 4
2005,WAS,2005-02-05,7:00p,,Milwaukee Bucks,W,,112,94,27,19,W 1
2005,WAS,2005-02-07,7:00p,,Indiana Pacers,W,,108,104,28,19,W 2
2005,WAS,2005-02-09,7:00p,,San Antonio Spurs,W,,95,87,29,19,W 3
2005,WAS,2005-02-11,7:00p,,Los Angeles Clippers,W,,94,91,30,19,W 4
2005,WAS,2005-02-12,7:30p,@,Detroit Pistons,L,,86,107,30,20,L 1
2005,WAS,2005-02-14,8:00p,@,New Orleans Hornets,L,,96,98,30,21,L 2
2005,WAS,2005-02-15,8:30p,@,Houston Rockets,L,,93,123,30,22,L 3
2005,WAS,2005-02-23,7:00p,,Memphis Grizzlies,W,,93,83,31,22,W 1
2005,WAS,2005-02-25,8:30p,@,Chicago Bulls,L,,90,97,31,23,L 1
2005,WAS,2005-02-27,6:00p,,Sacramento Kings,L,,108,110,31,24,L 2
2005,WAS,2005-03-02,7:00p,,Houston Rockets,W,,101,98,32,24,W 1
2005,WAS,2005-03-04,7:00p,,Golden State Warriors,L,,90,103,32,25,L 1
2005,WAS,2005-03-05,7:00p,@,Charlotte Bobcats,W,,86,84,33,25,W 1
2005,WAS,2005-03-08,7:30p,@,New York Knicks,L,,83,93,33,26,L 1
2005,WAS,2005-03-13,6:00p,@,Boston Celtics,L,,101,105,33,27,L 2
2005,WAS,2005-03-14,7:00p,,Los Angeles Lakers,W,,95,81,34,27,W 1
2005,WAS,2005-03-16,7:30p,@,Atlanta Hawks,W,,122,93,35,27,W 2
2005,WAS,2005-03-18,8:30p,@,Milwaukee Bucks,L,,90,99,35,28,L 1
2005,WAS,2005-03-19,7:00p,,Utah Jazz,W,,96,95,36,28,W 1
2005,WAS,2005-03-22,9:00p,@,Denver Nuggets,L,,98,127,36,29,L 1
2005,WAS,2005-03-24,9:00p,@,Utah Jazz,W,,85,84,37,29,W 1
2005,WAS,2005-03-25,10:30p,@,Los Angeles Clippers,L,,94,98,37,30,L 1
2005,WAS,2005-03-27,8:00p,@,Seattle SuperSonics,W,,95,94,38,30,W 1
2005,WAS,2005-03-28,10:00p,@,Portland Trail Blazers,W,,114,106,39,30,W 2
2005,WAS,2005-03-30,7:00p,,Atlanta Hawks,W,,102,99,40,30,W 3
2005,WAS,2005-04-01,7:00p,@,Orlando Magic,W,,111,102,41,30,W 4
2005,WAS,2005-04-03,1:00p,,Indiana Pacers,L,,76,79,41,31,L 1
2005,WAS,2005-04-05,7:00p,,Boston Celtics,L,,108,116,41,32,L 2
2005,WAS,2005-04-06,7:30p,@,Detroit Pistons,L,,93,105,41,33,L 3
2005,WAS,2005-04-08,8:00p,@,Indiana Pacers,L,,83,93,41,34,L 4
2005,WAS,2005-04-09,7:00p,,Philadelphia 76ers,L,,106,112,41,35,L 5
2005,WAS,2005-04-11,7:00p,,Milwaukee Bucks,W,,119,112,42,35,W 1
2005,WAS,2005-04-13,8:00p,,Chicago Bulls,W,,93,82,43,35,W 2
2005,WAS,2005-04-15,8:00p,,Cleveland Cavaliers,W,,119,111,44,35,W 3
2005,WAS,2005-04-17,1:00p,,Charlotte Bobcats,W,,106,104,45,35,W 4
2005,WAS,2005-04-19,7:30p,@,New Jersey Nets,L,,101,109,45,36,L 1
2005,WAS,2005-04-20,7:30p,@,New York Knicks,L,,105,113,45,37,L 2
2005,WAS,2005-04-24,5:30p,@,Chicago Bulls,L,,94,103,0,1,L 1
2005,WAS,2005-04-27,8:30p,@,Chicago Bulls,L,,103,113,0,2,L 2
2005,WAS,2005-04-30,3:00p,,Chicago Bulls,W,,117,99,1,2,W 1
2005,WAS,2005-05-02,7:30p,,Chicago Bulls,W,,106,99,2,2,W 2
2005,WAS,2005-05-04,7:00p,@,Chicago Bulls,W,,112,110,3,2,W 3
2005,WAS,2005-05-06,8:00p,,Chicago Bulls,W,,94,91,4,2,W 4
2005,WAS,2005-05-08,3:30p,@,Miami Heat,L,,86,105,4,3,L 1
2005,WAS,2005-05-10,7:00p,@,Miami Heat,L,,102,108,4,4,L 2
2005,WAS,2005-05-12,8:00p,,Miami Heat,L,,95,102,4,5,L 3
2005,WAS,2005-05-14,8:00p,,Miami Heat,L,,95,99,4,6,L 4
2006,ATL,2005-11-02,10:30p,@,Golden State Warriors,L,,97,122,0,1,L 1
2006,ATL,2005-11-04,10:30p,@,Los Angeles Clippers,L,,77,92,0,2,L 2
2006,ATL,2005-11-05,10:00p,@,Portland Trail Blazers,L,,93,94,0,3,L 3
2006,ATL,2005-11-08,7:00p,,Los Angeles Lakers,L,,97,103,0,4,L 4
2006,ATL,2005-11-10,7:00p,,Los Angeles Clippers,L,,95,102,0,5,L 5
2006,ATL,2005-11-12,7:00p,,Memphis Grizzlies,L,,84,85,0,6,L 6
2006,ATL,2005-11-15,8:30p,@,San Antonio Spurs,L,,79,103,0,7,L 7
2006,ATL,2005-11-17,8:30p,@,Dallas Mavericks,L,,78,87,0,8,L 8
2006,ATL,2005-11-18,8:00p,@,New Orleans/Oklahoma City Hornets,L,,92,95,0,9,L 9
2006,ATL,2005-11-23,7:00p,,Boston Celtics,W,,120,117,1,9,W 1
2006,ATL,2005-11-25,8:00p,@,Indiana Pacers,W,,87,85,2,9,W 2
2006,ATL,2005-11-27,2:00p,,Portland Trail Blazers,L,,75,77,2,10,L 1
2006,ATL,2005-11-29,8:30p,@,Houston Rockets,L,,85,100,2,11,L 2
2006,ATL,2005-11-30,7:00p,,Miami Heat,L,,74,96,2,12,L 3
2006,ATL,2005-12-02,7:00p,,Toronto Raptors,L,,101,102,2,13,L 4
2006,ATL,2005-12-04,8:00p,@,Phoenix Suns,L,,94,112,2,14,L 5
2006,ATL,2005-12-06,9:00p,@,Denver Nuggets,L,,116,125,2,15,L 6
2006,ATL,2005-12-07,9:00p,@,Utah Jazz,L,,83,95,2,16,L 7
2006,ATL,2005-12-10,7:00p,,San Antonio Spurs,W,,94,84,3,16,W 1
2006,ATL,2005-12-13,7:00p,@,Cleveland Cavaliers,W,,100,94,4,16,W 2
2006,ATL,2005-12-14,7:00p,@,Philadelphia 76ers,L,,101,106,4,17,L 1
2006,ATL,2005-12-16,7:00p,,New York Knicks,W,,122,111,5,17,W 1
2006,ATL,2005-12-18,2:00p,,Denver Nuggets,W,OT,110,107,6,17,W 2
2006,ATL,2005-12-20,7:30p,@,Miami Heat,L,,92,111,6,18,L 1
2006,ATL,2005-12-23,7:00p,,Philadelphia 76ers,W,,111,108,7,18,W 1
2006,ATL,2005-12-27,7:00p,,Charlotte Bobcats,L,,90,93,7,19,L 1
2006,ATL,2005-12-28,7:00p,@,Toronto Raptors,L,,102,108,7,20,L 2
2006,ATL,2005-12-30,7:30p,@,New Jersey Nets,L,,91,99,7,21,L 3
2006,ATL,2006-01-03,7:00p,,Toronto Raptors,L,,97,108,7,22,L 4
2006,ATL,2006-01-06,7:30p,@,Boston Celtics,W,,103,98,8,22,W 1
2006,ATL,2006-01-07,7:00p,,New Orleans/Oklahoma City Hornets,W,,101,93,9,22,W 2
2006,ATL,2006-01-10,7:00p,,Boston Celtics,L,,94,98,9,23,L 1
2006,ATL,2006-01-11,7:00p,@,Washington Wizards,L,,72,103,9,24,L 2
2006,ATL,2006-01-13,7:30p,@,New York Knicks,L,,94,105,9,25,L 3
2006,ATL,2006-01-14,7:00p,,Washington Wizards,L,OT,106,114,9,26,L 4
2006,ATL,2006-01-16,2:00p,,Houston Rockets,W,,94,83,10,26,W 1
2006,ATL,2006-01-18,7:00p,,Detroit Pistons,L,,89,117,10,27,L 1
2006,ATL,2006-01-20,7:00p,,Milwaukee Bucks,L,,102,118,10,28,L 2
2006,ATL,2006-01-23,7:00p,,Indiana Pacers,W,,104,94,11,28,W 1
2006,ATL,2006-01-25,7:00p,,Cleveland Cavaliers,L,,97,106,11,29,L 1
2006,ATL,2006-01-27,7:00p,,Phoenix Suns,L,,106,110,11,30,L 2
2006,ATL,2006-01-28,8:30p,@,Chicago Bulls,L,,99,111,11,31,L 3
2006,ATL,2006-01-30,7:00p,,New York Knicks,W,,120,101,12,31,W 1
2006,ATL,2006-02-01,7:30p,@,Charlotte Bobcats,W,,102,92,13,31,W 2
2006,ATL,2006-02-03,7:00p,,Orlando Magic,W,,96,94,14,31,W 3
2006,ATL,2006-02-04,7:00p,@,Washington Wizards,L,,85,98,14,32,L 1
2006,ATL,2006-02-07,7:00p,,Detroit Pistons,W,,99,98,15,32,W 1
2006,ATL,2006-02-10,10:30p,@,Seattle SuperSonics,L,,91,99,15,33,L 1
2006,ATL,2006-02-12,9:00p,@,Sacramento Kings,L,,84,109,15,34,L 2
2006,ATL,2006-02-15,10:30p,@,Los Angeles Lakers,W,,114,110,16,34,W 1
2006,ATL,2006-02-21,7:30p,@,Detroit Pistons,L,,87,97,16,35,L 1
2006,ATL,2006-02-22,7:00p,,Seattle SuperSonics,L,,109,114,16,36,L 2
2006,ATL,2006-02-24,7:00p,@,Indiana Pacers,W,OT,117,112,17,36,W 1
2006,ATL,2006-02-25,7:00p,,Milwaukee Bucks,L,,89,99,17,37,L 1
2006,ATL,2006-02-27,7:00p,,New Jersey Nets,W,OT,104,102,18,37,W 1
2006,ATL,2006-03-01,7:00p,@,Toronto Raptors,W,OT,113,111,19,37,W 2
2006,ATL,2006-03-03,7:00p,,Sacramento Kings,L,,93,102,19,38,L 1
2006,ATL,2006-03-04,7:30p,@,Miami Heat,L,,93,95,19,39,L 2
2006,ATL,2006-03-07,7:00p,,Golden State Warriors,W,,113,106,20,39,W 1
2006,ATL,2006-03-11,7:00p,,Chicago Bulls,L,,90,95,20,40,L 1
2006,ATL,2006-03-13,8:00p,@,Milwaukee Bucks,L,,87,88,20,41,L 2
2006,ATL,2006-03-15,7:30p,@,New York Knicks,L,2OT,117,121,20,42,L 3
2006,ATL,2006-03-17,7:00p,,Utah Jazz,L,,101,111,20,43,L 4
2006,ATL,2006-03-19,2:00p,,Orlando Magic,W,OT,108,107,21,43,W 1
2006,ATL,2006-03-20,7:30p,@,Detroit Pistons,L,,84,91,21,44,L 1
2006,ATL,2006-03-22,7:00p,@,Philadelphia 76ers,L,,106,115,21,45,L 2
2006,ATL,2006-03-25,7:00p,,Dallas Mavericks,L,,83,98,21,46,L 3
2006,ATL,2006-03-26,6:00p,@,Orlando Magic,L,,101,108,21,47,L 4
2006,ATL,2006-03-28,7:30p,@,Charlotte Bobcats,L,,117,125,21,48,L 5
2006,ATL,2006-03-29,7:00p,,Indiana Pacers,W,,94,93,22,48,W 1
2006,ATL,2006-03-31,7:00p,,New Jersey Nets,L,,88,91,22,49,L 1
2006,ATL,2006-04-02,4:00p,@,Memphis Grizzlies,L,,87,98,22,50,L 2
2006,ATL,2006-04-04,7:30p,@,New Jersey Nets,L,,94,96,22,51,L 3
2006,ATL,2006-04-05,7:00p,,Minnesota Timberwolves,W,,101,99,23,51,W 1
2006,ATL,2006-04-07,7:00p,,Washington Wizards,W,,114,101,24,51,W 2
2006,ATL,2006-04-09,3:30p,@,Minnesota Timberwolves,L,,83,84,24,52,L 1
2006,ATL,2006-04-10,7:00p,@,Orlando Magic,L,,88,105,24,53,L 2
2006,ATL,2006-04-12,7:00p,,Chicago Bulls,L,,90,96,24,54,L 3
2006,ATL,2006-04-14,7:00p,,Charlotte Bobcats,L,,110,116,24,55,L 4
2006,ATL,2006-04-15,8:30p,@,Milwaukee Bucks,W,,120,114,25,55,W 1
2006,ATL,2006-04-18,7:00p,,Miami Heat,W,,103,100,26,55,W 2
2006,ATL,2006-04-19,7:00p,@,Cleveland Cavaliers,L,,99,100,26,56,L 1
2006,BOS,2005-11-02,7:30p,,New York Knicks,W,OT,114,100,1,0,W 1
2006,BOS,2005-11-04,7:30p,,Detroit Pistons,L,,81,82,1,1,L 1
2006,BOS,2005-11-05,7:30p,@,Charlotte Bobcats,L,OT,105,107,1,2,L 2
2006,BOS,2005-11-09,7:30p,,Memphis Grizzlies,W,,99,98,2,2,W 1
2006,BOS,2005-11-11,7:30p,,San Antonio Spurs,L,,82,103,2,3,L 1
2006,BOS,2005-11-13,6:00p,,Houston Rockets,W,,102,82,3,3,W 1
2006,BOS,2005-11-15,7:30p,@,Detroit Pistons,L,,100,115,3,4,L 1
2006,BOS,2005-11-16,7:30p,,Seattle SuperSonics,L,,100,113,3,5,L 2
2006,BOS,2005-11-18,7:30p,,Toronto Raptors,W,,100,93,4,5,W 1
2006,BOS,2005-11-22,7:00p,@,Cleveland Cavaliers,L,,93,115,4,6,L 1
2006,BOS,2005-11-23,7:00p,@,Atlanta Hawks,L,,117,120,4,7,L 2
2006,BOS,2005-11-25,7:30p,,Charlotte Bobcats,W,,90,89,5,7,W 1
2006,BOS,2005-11-28,7:30p,,Orlando Magic,L,,83,87,5,8,L 1
2006,BOS,2005-11-30,7:30p,,Philadelphia 76ers,W,,110,103,6,8,W 1
2006,BOS,2005-12-02,7:30p,,Chicago Bulls,L,,102,106,6,9,L 1
2006,BOS,2005-12-04,1:00p,@,New York Knicks,W,,102,99,7,9,W 1
2006,BOS,2005-12-06,8:30p,@,Houston Rockets,L,,73,91,7,10,L 1
2006,BOS,2005-12-07,8:00p,@,New Orleans/Oklahoma City Hornets,W,,101,87,8,10,W 1
2006,BOS,2005-12-09,8:30p,@,San Antonio Spurs,L,,89,101,8,11,L 1
2006,BOS,2005-12-10,8:30p,@,Dallas Mavericks,L,,94,103,8,12,L 2
2006,BOS,2005-12-14,7:30p,,Indiana Pacers,W,,85,71,9,12,W 1
2006,BOS,2005-12-16,7:30p,,Milwaukee Bucks,L,,96,100,9,13,L 1
2006,BOS,2005-12-17,8:30p,@,Chicago Bulls,L,,86,118,9,14,L 2
2006,BOS,2005-12-19,7:30p,,Golden State Warriors,W,,109,98,10,14,W 1
2006,BOS,2005-12-21,7:30p,,Utah Jazz,W,,101,89,11,14,W 2
2006,BOS,2005-12-26,10:00p,@,Seattle SuperSonics,L,,111,118,11,15,L 1
2006,BOS,2005-12-28,10:30p,@,Golden State Warriors,L,,109,111,11,16,L 2
2006,BOS,2005-12-30,10:00p,@,Sacramento Kings,L,,112,116,11,17,L 3
2006,BOS,2005-12-31,9:30p,@,Los Angeles Clippers,W,,111,92,12,17,W 1
2006,BOS,2006-01-02,9:00p,@,Denver Nuggets,L,,110,120,12,18,L 1
2006,BOS,2006-01-04,7:30p,,Charlotte Bobcats,W,,109,106,13,18,W 1
2006,BOS,2006-01-06,7:30p,,Atlanta Hawks,L,,98,103,13,19,L 1
2006,BOS,2006-01-07,7:00p,@,Washington Wizards,L,,102,103,13,20,L 2
2006,BOS,2006-01-09,7:30p,,Dallas Mavericks,L,,102,104,13,21,L 3
2006,BOS,2006-01-10,7:00p,@,Atlanta Hawks,W,,98,94,14,21,W 1
2006,BOS,2006-01-13,8:00p,@,Philadelphia 76ers,L,3OT,124,125,14,22,L 1
2006,BOS,2006-01-16,3:30p,@,Detroit Pistons,L,,84,94,14,23,L 2
2006,BOS,2006-01-18,7:30p,,Minnesota Timberwolves,W,,103,96,15,23,W 1
2006,BOS,2006-01-20,7:30p,,New Jersey Nets,W,,99,96,16,23,W 2
2006,BOS,2006-01-21,8:00p,@,New Jersey Nets,L,,83,103,16,24,L 1
2006,BOS,2006-01-23,7:30p,,New Orleans/Oklahoma City Hornets,W,,91,78,17,24,W 1
2006,BOS,2006-01-25,7:30p,,Washington Wizards,L,,87,89,17,25,L 1
2006,BOS,2006-01-27,7:30p,,Sacramento Kings,W,,84,74,18,25,W 1
2006,BOS,2006-01-29,3:30p,@,Milwaukee Bucks,L,,79,83,18,26,L 1
2006,BOS,2006-01-30,8:00p,@,Minnesota Timberwolves,L,,85,110,18,27,L 2
2006,BOS,2006-02-01,7:30p,,Phoenix Suns,L,,94,102,18,28,L 3
2006,BOS,2006-02-03,7:30p,,Los Angeles Clippers,L,,81,98,18,29,L 4
2006,BOS,2006-02-04,7:00p,@,Orlando Magic,L,,91,100,18,30,L 5
2006,BOS,2006-02-06,7:30p,@,Miami Heat,L,,98,114,18,31,L 6
2006,BOS,2006-02-10,7:30p,,Portland Trail Blazers,W,,115,83,19,31,W 1
2006,BOS,2006-02-12,6:00p,,Orlando Magic,W,,102,94,20,31,W 2
2006,BOS,2006-02-15,7:30p,,Cleveland Cavaliers,L,2OT,109,113,20,32,L 1
2006,BOS,2006-02-21,9:00p,@,Utah Jazz,W,,103,83,21,32,W 1
2006,BOS,2006-02-22,9:00p,@,Phoenix Suns,L,,94,103,21,33,L 1
2006,BOS,2006-02-24,10:00p,@,Portland Trail Blazers,W,,102,96,22,33,W 1
2006,BOS,2006-02-26,7:30p,@,Los Angeles Lakers,W,,112,111,23,33,W 2
2006,BOS,2006-03-01,7:30p,,Miami Heat,L,,96,103,23,34,L 1
2006,BOS,2006-03-03,7:30p,,Indiana Pacers,W,,99,98,24,34,W 1
2006,BOS,2006-03-05,6:00p,@,Toronto Raptors,L,,105,111,24,35,L 1
2006,BOS,2006-03-07,7:00p,@,Washington Wizards,W,OT,116,115,25,35,W 1
2006,BOS,2006-03-08,7:30p,,Philadelphia 76ers,W,,104,101,26,35,W 2
2006,BOS,2006-03-10,7:30p,,Milwaukee Bucks,L,,86,92,26,36,L 1
2006,BOS,2006-03-12,6:00p,,Denver Nuggets,W,,106,101,27,36,W 1
2006,BOS,2006-03-14,8:00p,@,Memphis Grizzlies,L,,76,93,27,37,L 1
2006,BOS,2006-03-16,8:00p,@,Miami Heat,L,,104,107,27,38,L 2
2006,BOS,2006-03-17,7:00p,@,Orlando Magic,L,,77,84,27,39,L 3
2006,BOS,2006-03-19,3:30p,@,Indiana Pacers,W,,103,88,28,39,W 1
2006,BOS,2006-03-20,7:30p,,Los Angeles Lakers,L,,97,105,28,40,L 1
2006,BOS,2006-03-22,7:30p,,Toronto Raptors,W,,110,96,29,40,W 1
2006,BOS,2006-03-24,7:30p,@,Cleveland Cavaliers,L,,82,94,29,41,L 1
2006,BOS,2006-03-26,4:00p,,Chicago Bulls,L,,97,101,29,42,L 2
2006,BOS,2006-03-29,7:30p,@,New York Knicks,W,,123,98,30,42,W 1
2006,BOS,2006-04-01,8:30p,@,Chicago Bulls,L,,94,100,30,43,L 1
2006,BOS,2006-04-04,7:00p,@,Toronto Raptors,W,,124,120,31,43,W 1
2006,BOS,2006-04-05,7:00p,,Washington Wizards,L,,91,108,31,44,L 1
2006,BOS,2006-04-07,7:00p,@,Philadelphia 76ers,W,,109,99,32,44,W 1
2006,BOS,2006-04-09,4:00p,,New York Knicks,L,,86,101,32,45,L 1
2006,BOS,2006-04-12,7:00p,@,Indiana Pacers,L,,112,117,32,46,L 2
2006,BOS,2006-04-14,7:30p,,New Jersey Nets,L,,74,79,32,47,L 3
2006,BOS,2006-04-16,8:00p,@,New Jersey Nets,L,,93,95,32,48,L 4
2006,BOS,2006-04-17,7:30p,,Cleveland Cavaliers,L,,88,93,32,49,L 5
2006,BOS,2006-04-19,7:30p,,Miami Heat,W,,85,78,33,49,W 1
2006,CHA,2005-11-02,8:30p,@,Chicago Bulls,L,OT,105,109,0,1,L 1
2006,CHA,2005-11-04,7:00p,@,Philadelphia 76ers,W,,110,93,1,1,W 1
2006,CHA,2005-11-05,7:30p,,Boston Celtics,W,OT,107,105,2,1,W 2
2006,CHA,2005-11-07,7:30p,,Utah Jazz,L,OT,91,95,2,2,L 1
2006,CHA,2005-11-09,7:30p,,San Antonio Spurs,L,,86,94,2,3,L 2
2006,CHA,2005-11-11,7:30p,,Dallas Mavericks,L,,88,98,2,4,L 3
2006,CHA,2005-11-12,7:30p,@,Miami Heat,L,,99,108,2,5,L 4
2006,CHA,2005-11-15,7:00p,@,Orlando Magic,L,,77,85,2,6,L 5
2006,CHA,2005-11-16,7:30p,,Indiana Pacers,W,,122,90,3,6,W 1
2006,CHA,2005-11-18,7:00p,@,Indiana Pacers,L,,85,93,3,7,L 1
2006,CHA,2005-11-19,8:00p,@,Minnesota Timberwolves,L,,89,102,3,8,L 2
2006,CHA,2005-11-23,7:30p,,New York Knicks,W,,108,95,4,8,W 1
2006,CHA,2005-11-25,7:30p,@,Boston Celtics,L,,89,90,4,9,L 1
2006,CHA,2005-11-26,7:30p,,Washington Wizards,W,,100,82,5,9,W 1
2006,CHA,2005-11-29,10:00p,@,Sacramento Kings,L,,92,110,5,10,L 1
2006,CHA,2005-11-30,10:00p,@,Seattle SuperSonics,L,,94,104,5,11,L 2
2006,CHA,2005-12-02,10:30p,@,Golden State Warriors,L,,100,107,5,12,L 3
2006,CHA,2005-12-04,9:30p,@,Los Angeles Lakers,L,,98,99,5,13,L 4
2006,CHA,2005-12-07,7:30p,,New Jersey Nets,L,,84,97,5,14,L 5
2006,CHA,2005-12-09,7:00p,@,Philadelphia 76ers,L,,115,119,5,15,L 6
2006,CHA,2005-12-10,7:30p,,Toronto Raptors,L,,103,111,5,16,L 7
2006,CHA,2005-12-13,7:30p,,Denver Nuggets,L,,85,101,5,17,L 8
2006,CHA,2005-12-14,7:30p,@,New Jersey Nets,W,,91,83,6,17,W 1
2006,CHA,2005-12-17,7:30p,,Detroit Pistons,L,,78,103,6,18,L 1
2006,CHA,2005-12-19,7:30p,,Sacramento Kings,W,OT,106,103,7,18,W 1
2006,CHA,2005-12-20,8:30p,@,Chicago Bulls,W,,105,92,8,18,W 2
2006,CHA,2005-12-23,7:30p,,Los Angeles Clippers,L,,88,97,8,19,L 1
2006,CHA,2005-12-27,7:00p,@,Atlanta Hawks,W,,93,90,9,19,W 1
2006,CHA,2005-12-28,7:30p,,Chicago Bulls,W,,93,80,10,19,W 2
2006,CHA,2005-12-30,7:30p,,Phoenix Suns,L,,100,110,10,20,L 1
2006,CHA,2006-01-02,8:00p,@,New Orleans/Oklahoma City Hornets,L,,86,103,10,21,L 2
2006,CHA,2006-01-04,7:30p,@,Boston Celtics,L,,106,109,10,22,L 3
2006,CHA,2006-01-07,7:00p,@,Orlando Magic,L,,92,108,10,23,L 4
2006,CHA,2006-01-10,7:30p,,Houston Rockets,W,2OT,111,106,11,23,W 1
2006,CHA,2006-01-11,7:00p,@,Toronto Raptors,L,,86,95,11,24,L 1
2006,CHA,2006-01-13,7:30p,,Milwaukee Bucks,L,,102,103,11,25,L 2
2006,CHA,2006-01-14,7:30p,@,Detroit Pistons,L,,91,114,11,26,L 3
2006,CHA,2006-01-16,1:00p,,New Orleans/Oklahoma City Hornets,L,,92,107,11,27,L 4
2006,CHA,2006-01-18,7:00p,@,Indiana Pacers,L,,92,98,11,28,L 5
2006,CHA,2006-01-20,7:30p,,Orlando Magic,L,,93,104,11,29,L 6
2006,CHA,2006-01-21,8:30p,@,Milwaukee Bucks,L,,91,101,11,30,L 7
2006,CHA,2006-01-24,8:30p,@,San Antonio Spurs,L,,76,104,11,31,L 8
2006,CHA,2006-01-25,8:30p,@,Houston Rockets,L,,78,102,11,32,L 9
2006,CHA,2006-01-27,7:30p,,Miami Heat,L,,85,91,11,33,L 10
2006,CHA,2006-01-28,7:00p,@,Washington Wizards,L,,97,107,11,34,L 11
2006,CHA,2006-01-30,7:30p,,Cleveland Cavaliers,L,,91,103,11,35,L 12
2006,CHA,2006-02-01,7:30p,,Atlanta Hawks,L,,92,102,11,36,L 13
2006,CHA,2006-02-03,7:30p,,Los Angeles Lakers,W,,112,102,12,36,W 1
2006,CHA,2006-02-06,7:30p,,Seattle SuperSonics,W,,119,106,13,36,W 2
2006,CHA,2006-02-08,7:30p,,Philadelphia 76ers,W,,100,92,14,36,W 3
2006,CHA,2006-02-10,7:30p,,Toronto Raptors,L,,73,88,14,37,L 1
2006,CHA,2006-02-11,8:30p,@,Milwaukee Bucks,L,,93,99,14,38,L 2
2006,CHA,2006-02-13,7:30p,,Portland Trail Blazers,L,,83,91,14,39,L 3
2006,CHA,2006-02-15,7:30p,,New Jersey Nets,L,,94,95,14,40,L 4
2006,CHA,2006-02-21,9:00p,@,Denver Nuggets,L,,84,100,14,41,L 5
2006,CHA,2006-02-22,10:00p,@,Portland Trail Blazers,W,,110,106,15,41,W 1
2006,CHA,2006-02-25,9:00p,@,Phoenix Suns,L,,121,136,15,42,L 1
2006,CHA,2006-02-27,10:30p,@,Los Angeles Clippers,L,,87,95,15,43,L 2
2006,CHA,2006-03-01,9:00p,@,Utah Jazz,W,,104,89,16,43,W 1
2006,CHA,2006-03-03,8:30p,@,Dallas Mavericks,L,,76,90,16,44,L 1
2006,CHA,2006-03-06,7:30p,,Miami Heat,L,OT,105,106,16,45,L 2
2006,CHA,2006-03-08,7:30p,,Golden State Warriors,W,,104,101,17,45,W 1
2006,CHA,2006-03-11,7:30p,,New York Knicks,W,,116,109,18,45,W 2
2006,CHA,2006-03-12,6:00p,@,Detroit Pistons,L,,78,94,18,46,L 1
2006,CHA,2006-03-14,7:30p,,Washington Wizards,L,,114,119,18,47,L 2
2006,CHA,2006-03-15,7:00p,@,Washington Wizards,L,,99,107,18,48,L 3
2006,CHA,2006-03-18,7:30p,,Detroit Pistons,L,,103,108,18,49,L 4
2006,CHA,2006-03-21,7:30p,,Orlando Magic,W,,108,102,19,49,W 1
2006,CHA,2006-03-22,7:00p,@,Cleveland Cavaliers,L,OT,118,120,19,50,L 1
2006,CHA,2006-03-24,7:30p,@,Miami Heat,L,,93,114,19,51,L 2
2006,CHA,2006-03-26,4:00p,@,Memphis Grizzlies,L,,95,102,19,52,L 3
2006,CHA,2006-03-28,7:30p,,Atlanta Hawks,W,,125,117,20,52,W 1
2006,CHA,2006-03-31,7:30p,,Chicago Bulls,L,,107,113,20,53,L 1
2006,CHA,2006-04-02,6:00p,,Cleveland Cavaliers,L,,97,101,20,54,L 2
2006,CHA,2006-04-04,7:30p,,Minnesota Timberwolves,W,,97,92,21,54,W 1
2006,CHA,2006-04-06,7:30p,@,New Jersey Nets,L,,102,113,21,55,L 1
2006,CHA,2006-04-09,3:30p,@,Toronto Raptors,W,,94,88,22,55,W 1
2006,CHA,2006-04-12,7:30p,,Memphis Grizzlies,L,,88,96,22,56,L 1
2006,CHA,2006-04-14,7:00p,@,Atlanta Hawks,W,,116,110,23,56,W 1
2006,CHA,2006-04-15,7:30p,,Indiana Pacers,W,OT,92,91,24,56,W 2
2006,CHA,2006-04-17,7:30p,@,New York Knicks,W,,98,91,25,56,W 3
2006,CHA,2006-04-19,7:30p,,Philadelphia 76ers,W,,96,86,26,56,W 4
2006,CHI,2005-11-02,8:30p,,Charlotte Bobcats,W,OT,109,105,1,0,W 1
2006,CHI,2005-11-05,7:30p,@,New Jersey Nets,L,,99,100,1,1,L 1
2006,CHI,2005-11-07,8:30p,,San Antonio Spurs,L,OT,95,104,1,2,L 2
2006,CHI,2005-11-09,8:30p,,Golden State Warriors,W,,85,84,2,2,W 1
2006,CHI,2005-11-12,8:30p,,Utah Jazz,W,,103,98,3,2,W 2
2006,CHI,2005-11-14,10:30p,@,Golden State Warriors,L,,82,100,3,3,L 1
2006,CHI,2005-11-16,10:00p,@,Portland Trail Blazers,L,,93,96,3,4,L 2
2006,CHI,2005-11-18,10:30p,@,Seattle SuperSonics,L,,84,98,3,5,L 3
2006,CHI,2005-11-20,9:30p,@,Los Angeles Lakers,W,,96,93,4,5,W 1
2006,CHI,2005-11-25,8:30p,@,San Antonio Spurs,W,,106,99,5,5,W 2
2006,CHI,2005-11-26,8:30p,@,Houston Rockets,W,,94,89,6,5,W 3
2006,CHI,2005-11-29,8:30p,,Orlando Magic,W,,85,76,7,5,W 4
2006,CHI,2005-11-30,7:30p,@,New York Knicks,L,,101,109,7,6,L 1
2006,CHI,2005-12-02,7:30p,@,Boston Celtics,W,,106,102,8,6,W 1
2006,CHI,2005-12-03,8:30p,,Detroit Pistons,L,,79,92,8,7,L 1
2006,CHI,2005-12-05,8:30p,,Dallas Mavericks,L,,94,102,8,8,L 2
2006,CHI,2005-12-07,7:00p,@,Orlando Magic,W,,102,93,9,8,W 1
2006,CHI,2005-12-09,8:30p,,Los Angeles Lakers,L,,80,93,9,9,L 1
2006,CHI,2005-12-10,7:00p,@,Washington Wizards,W,,118,111,10,9,W 1
2006,CHI,2005-12-13,8:30p,,Miami Heat,L,,97,100,10,10,L 1
2006,CHI,2005-12-14,7:00p,@,Toronto Raptors,W,,105,94,11,10,W 1
2006,CHI,2005-12-16,8:00p,@,Detroit Pistons,L,,82,110,11,11,L 1
2006,CHI,2005-12-17,8:30p,,Boston Celtics,W,,118,86,12,11,W 1
2006,CHI,2005-12-20,8:30p,,Charlotte Bobcats,L,,92,105,12,12,L 1
2006,CHI,2005-12-22,8:00p,,Cleveland Cavaliers,L,,100,108,12,13,L 2
2006,CHI,2005-12-23,8:00p,@,Memphis Grizzlies,L,,77,95,12,14,L 3
2006,CHI,2005-12-26,7:00p,@,Cleveland Cavaliers,L,,91,102,12,15,L 4
2006,CHI,2005-12-28,7:30p,@,Charlotte Bobcats,L,,80,93,12,16,L 5
2006,CHI,2005-12-31,7:00p,,Phoenix Suns,L,OT,98,107,12,17,L 6
2006,CHI,2006-01-02,8:30p,,Milwaukee Bucks,L,,92,93,12,18,L 7
2006,CHI,2006-01-04,8:30p,,Seattle SuperSonics,L,,97,101,12,19,L 8
2006,CHI,2006-01-06,8:30p,@,Milwaukee Bucks,W,,105,91,13,19,W 1
2006,CHI,2006-01-07,8:30p,,Memphis Grizzlies,W,,111,82,14,19,W 2
2006,CHI,2006-01-09,8:30p,,Toronto Raptors,W,,113,104,15,19,W 3
2006,CHI,2006-01-11,8:00p,@,Minnesota Timberwolves,L,,93,99,15,20,L 1
2006,CHI,2006-01-14,8:30p,,Indiana Pacers,L,,89,91,15,21,L 2
2006,CHI,2006-01-16,2:00p,,Denver Nuggets,L,,94,97,15,22,L 3
2006,CHI,2006-01-18,8:30p,,New York Knicks,W,OT,106,104,16,22,W 1
2006,CHI,2006-01-20,8:30p,,Houston Rockets,L,2OT,108,109,16,23,L 1
2006,CHI,2006-01-21,8:00p,@,Indiana Pacers,W,,101,89,17,23,W 1
2006,CHI,2006-01-25,7:00p,@,Toronto Raptors,W,,104,88,18,23,W 2
2006,CHI,2006-01-27,8:30p,,Washington Wizards,W,,90,79,19,23,W 3
2006,CHI,2006-01-28,8:30p,,Atlanta Hawks,W,,111,99,20,23,W 4
2006,CHI,2006-01-31,8:30p,@,Dallas Mavericks,L,,94,98,20,24,L 1
2006,CHI,2006-02-01,8:00p,@,New Orleans/Oklahoma City Hornets,L,,95,100,20,25,L 2
2006,CHI,2006-02-04,9:00p,@,Phoenix Suns,L,,101,118,20,26,L 3
2006,CHI,2006-02-06,9:00p,@,Utah Jazz,L,OT,107,109,20,27,L 4
2006,CHI,2006-02-08,9:30p,@,Denver Nuggets,W,,110,107,21,27,W 1
2006,CHI,2006-02-09,10:30p,@,Sacramento Kings,L,,80,98,21,28,L 1
2006,CHI,2006-02-12,10:30p,@,Los Angeles Clippers,W,,97,91,22,28,W 1
2006,CHI,2006-02-14,8:30p,,Sacramento Kings,L,OT,101,105,22,29,L 1
2006,CHI,2006-02-16,7:30p,,Philadelphia 76ers,W,,117,84,23,29,W 1
2006,CHI,2006-02-22,9:00p,,Milwaukee Bucks,W,,97,91,24,29,W 2
2006,CHI,2006-02-24,8:30p,,Detroit Pistons,L,,87,95,24,30,L 1
2006,CHI,2006-02-25,7:30p,@,Philadelphia 76ers,L,,102,108,24,31,L 2
2006,CHI,2006-02-28,8:30p,,Minnesota Timberwolves,W,,111,100,25,31,W 1
2006,CHI,2006-03-02,7:00p,,Cleveland Cavaliers,L,,91,92,25,32,L 1
2006,CHI,2006-03-03,7:30p,@,New York Knicks,W,,108,101,26,32,W 1
2006,CHI,2006-03-05,7:30p,@,Cleveland Cavaliers,L,,72,91,26,33,L 1
2006,CHI,2006-03-07,8:30p,,New Jersey Nets,W,,95,87,27,33,W 1
2006,CHI,2006-03-08,7:30p,@,Detroit Pistons,L,,101,106,27,34,L 1
2006,CHI,2006-03-10,8:30p,,Los Angeles Clippers,L,,96,107,27,35,L 2
2006,CHI,2006-03-11,7:00p,@,Atlanta Hawks,W,,95,90,28,35,W 1
2006,CHI,2006-03-14,8:30p,,Portland Trail Blazers,W,,95,66,29,35,W 2
2006,CHI,2006-03-15,8:00p,@,Milwaukee Bucks,L,,88,104,29,36,L 1
2006,CHI,2006-03-18,2:00p,,Miami Heat,L,,84,85,29,37,L 2
2006,CHI,2006-03-19,3:30p,@,Washington Wizards,L,,104,113,29,38,L 3
2006,CHI,2006-03-22,7:00p,@,Indiana Pacers,L,,85,95,29,39,L 4
2006,CHI,2006-03-24,8:30p,,New Orleans/Oklahoma City Hornets,W,,96,82,30,39,W 1
2006,CHI,2006-03-26,4:00p,@,Boston Celtics,W,,101,97,31,39,W 2
2006,CHI,2006-03-28,8:30p,,Orlando Magic,L,,93,97,31,40,L 1
2006,CHI,2006-03-31,7:30p,@,Charlotte Bobcats,W,,113,107,32,40,W 1
2006,CHI,2006-04-01,8:30p,,Boston Celtics,W,,100,94,33,40,W 2
2006,CHI,2006-04-04,8:30p,,Indiana Pacers,W,,102,96,34,40,W 3
2006,CHI,2006-04-05,7:00p,@,Philadelphia 76ers,W,,99,92,35,40,W 4
2006,CHI,2006-04-08,8:30p,,Philadelphia 76ers,L,,75,89,35,41,L 1
2006,CHI,2006-04-11,8:30p,,New Jersey Nets,W,,104,101,36,41,W 1
2006,CHI,2006-04-12,7:00p,@,Atlanta Hawks,W,,96,90,37,41,W 2
2006,CHI,2006-04-14,8:00p,,Washington Wizards,W,,103,101,38,41,W 3
2006,CHI,2006-04-16,1:00p,@,Miami Heat,W,,117,93,39,41,W 4
2006,CHI,2006-04-17,7:00p,@,Orlando Magic,W,OT,116,112,40,41,W 5
2006,CHI,2006-04-19,8:30p,,Toronto Raptors,W,,127,106,41,41,W 6
2006,CHI,2006-04-22,8:00p,@,Miami Heat,L,,106,111,0,1,L 1
2006,CHI,2006-04-24,8:00p,@,Miami Heat,L,,108,115,0,2,L 2
2006,CHI,2006-04-27,8:00p,,Miami Heat,W,,109,90,1,2,W 1
2006,CHI,2006-04-30,1:00p,,Miami Heat,W,,93,87,2,2,W 2
2006,CHI,2006-05-02,8:00p,@,Miami Heat,L,,78,92,2,3,L 1
2006,CHI,2006-05-04,8:00p,,Miami Heat,L,,96,113,2,4,L 2
2006,CLE,2005-11-02,7:00p,,New Orleans/Oklahoma City Hornets,W,,109,87,1,0,W 1
2006,CLE,2005-11-04,8:00p,@,San Antonio Spurs,L,,76,102,1,1,L 1
2006,CLE,2005-11-05,8:00p,@,Memphis Grizzlies,L,,106,113,1,2,L 2
2006,CLE,2005-11-07,7:00p,@,Toronto Raptors,W,,105,93,2,2,W 1
2006,CLE,2005-11-09,7:00p,,Seattle SuperSonics,W,,112,85,3,2,W 2
2006,CLE,2005-11-11,7:30p,,Memphis Grizzlies,W,,89,70,4,2,W 3
2006,CLE,2005-11-13,6:00p,@,Orlando Magic,W,OT,108,100,5,2,W 4
2006,CLE,2005-11-15,7:00p,,Washington Wizards,W,,114,99,6,2,W 5
2006,CLE,2005-11-18,7:00p,,Orlando Magic,W,,102,84,7,2,W 6
2006,CLE,2005-11-19,7:00p,@,Philadelphia 76ers,W,,123,120,8,2,W 7
2006,CLE,2005-11-22,7:00p,,Boston Celtics,W,,115,93,9,2,W 8
2006,CLE,2005-11-24,8:00p,@,Indiana Pacers,L,,76,98,9,3,L 1
2006,CLE,2005-11-26,7:30p,,Minnesota Timberwolves,L,,85,89,9,4,L 2
2006,CLE,2005-11-30,7:00p,,Los Angeles Clippers,W,OT,112,105,10,4,W 1
2006,CLE,2005-12-02,10:30p,@,Seattle SuperSonics,L,,108,115,10,5,L 1
2006,CLE,2005-12-03,10:30p,@,Los Angeles Clippers,L,,90,102,10,6,L 2
2006,CLE,2005-12-06,10:00p,@,Sacramento Kings,W,,102,97,11,6,W 1
2006,CLE,2005-12-09,7:30p,,New Jersey Nets,L,,100,109,11,7,L 1
2006,CLE,2005-12-10,8:30p,@,Milwaukee Bucks,L,,106,111,11,8,L 2
2006,CLE,2005-12-13,7:00p,,Atlanta Hawks,L,,94,100,11,9,L 3
2006,CLE,2005-12-15,8:00p,,Denver Nuggets,W,,94,85,12,9,W 1
2006,CLE,2005-12-17,7:30p,,Miami Heat,W,,115,107,13,9,W 2
2006,CLE,2005-12-20,7:00p,,Utah Jazz,W,,110,85,14,9,W 3
2006,CLE,2005-12-22,8:00p,@,Chicago Bulls,W,,108,100,15,9,W 4
2006,CLE,2005-12-23,8:00p,,Indiana Pacers,W,,94,89,16,9,W 5
2006,CLE,2005-12-26,7:00p,,Chicago Bulls,W,,102,91,17,9,W 6
2006,CLE,2005-12-27,7:30p,@,New Jersey Nets,L,,91,96,17,10,L 1
2006,CLE,2005-12-31,1:30p,,Detroit Pistons,W,,97,84,18,10,W 1
2006,CLE,2006-01-04,8:00p,@,Milwaukee Bucks,W,,91,84,19,10,W 2
2006,CLE,2006-01-05,8:00p,,Houston Rockets,L,,81,90,19,11,L 1
2006,CLE,2006-01-07,7:30p,,Milwaukee Bucks,W,,96,88,20,11,W 1
2006,CLE,2006-01-10,7:00p,,New York Knicks,L,,84,92,20,12,L 1
2006,CLE,2006-01-12,10:30p,@,Los Angeles Lakers,L,,98,99,20,13,L 2
2006,CLE,2006-01-14,9:00p,@,Phoenix Suns,L,,106,115,20,14,L 3
2006,CLE,2006-01-15,9:00p,@,Portland Trail Blazers,L,,87,89,20,15,L 4
2006,CLE,2006-01-18,9:00p,@,Denver Nuggets,L,,89,90,20,16,L 5
2006,CLE,2006-01-20,10:30p,@,Golden State Warriors,L,,79,99,20,17,L 6
2006,CLE,2006-01-21,9:00p,@,Utah Jazz,W,,108,90,21,17,W 1
2006,CLE,2006-01-24,7:00p,,Indiana Pacers,W,,96,66,22,17,W 2
2006,CLE,2006-01-25,7:00p,@,Atlanta Hawks,W,,106,97,23,17,W 3
2006,CLE,2006-01-27,7:00p,@,Indiana Pacers,W,,93,89,24,17,W 4
2006,CLE,2006-01-29,1:00p,,Phoenix Suns,W,,113,106,25,17,W 5
2006,CLE,2006-01-30,7:30p,@,Charlotte Bobcats,W,,103,91,26,17,W 6
2006,CLE,2006-02-01,7:00p,,New Jersey Nets,W,,91,85,27,17,W 7
2006,CLE,2006-02-02,8:00p,@,Miami Heat,L,,73,101,27,18,L 1
2006,CLE,2006-02-04,7:30p,,Philadelphia 76ers,L,,95,100,27,19,L 2
2006,CLE,2006-02-06,7:00p,,Milwaukee Bucks,W,,89,86,28,19,W 1
2006,CLE,2006-02-08,8:00p,@,Minnesota Timberwolves,W,,97,91,29,19,W 2
2006,CLE,2006-02-10,7:00p,@,Washington Wizards,L,,89,101,29,20,L 1
2006,CLE,2006-02-11,7:30p,,Golden State Warriors,L,,91,99,29,21,L 2
2006,CLE,2006-02-13,7:00p,,San Antonio Spurs,W,,101,87,30,21,W 1
2006,CLE,2006-02-15,7:30p,@,Boston Celtics,W,2OT,113,109,31,21,W 2
2006,CLE,2006-02-21,7:00p,,Orlando Magic,W,,105,92,32,21,W 3
2006,CLE,2006-02-22,7:00p,@,Philadelphia 76ers,L,,107,116,32,22,L 1
2006,CLE,2006-02-24,7:30p,,Washington Wizards,L,,94,102,32,23,L 2
2006,CLE,2006-02-26,12:00p,@,Detroit Pistons,L,,78,90,32,24,L 3
2006,CLE,2006-02-27,7:00p,,Detroit Pistons,L,,72,84,32,25,L 4
2006,CLE,2006-03-01,7:00p,,Sacramento Kings,L,,90,97,32,26,L 5
2006,CLE,2006-03-02,7:00p,@,Chicago Bulls,W,,92,91,33,26,W 1
2006,CLE,2006-03-05,7:30p,,Chicago Bulls,W,,91,72,34,26,W 2
2006,CLE,2006-03-07,7:00p,,Toronto Raptors,W,,106,99,35,26,W 3
2006,CLE,2006-03-08,7:00p,@,Toronto Raptors,W,,98,97,36,26,W 4
2006,CLE,2006-03-10,7:00p,@,Orlando Magic,L,,73,102,36,27,L 1
2006,CLE,2006-03-12,1:00p,@,Miami Heat,L,,92,98,36,28,L 2
2006,CLE,2006-03-14,8:30p,@,Dallas Mavericks,L,,87,91,36,29,L 3
2006,CLE,2006-03-17,7:30p,,Portland Trail Blazers,W,,99,84,37,29,W 1
2006,CLE,2006-03-19,1:00p,,Los Angeles Lakers,W,,96,95,38,29,W 2
2006,CLE,2006-03-22,7:00p,,Charlotte Bobcats,W,OT,120,118,39,29,W 3
2006,CLE,2006-03-24,7:30p,,Boston Celtics,W,,94,82,40,29,W 4
2006,CLE,2006-03-26,4:00p,@,Houston Rockets,W,OT,104,102,41,29,W 5
2006,CLE,2006-03-29,7:00p,,Dallas Mavericks,W,,107,94,42,29,W 6
2006,CLE,2006-04-01,2:00p,,Miami Heat,W,,106,99,43,29,W 7
2006,CLE,2006-04-02,6:00p,@,Charlotte Bobcats,W,,101,97,44,29,W 8
2006,CLE,2006-04-04,7:00p,,Philadelphia 76ers,W,,124,91,45,29,W 9
2006,CLE,2006-04-05,7:30p,@,New York Knicks,L,,94,96,45,30,L 1
2006,CLE,2006-04-08,1:00p,@,New Jersey Nets,W,,108,102,46,30,W 1
2006,CLE,2006-04-10,8:00p,@,New Orleans/Oklahoma City Hornets,W,,103,101,47,30,W 2
2006,CLE,2006-04-12,8:00p,@,Detroit Pistons,L,,73,96,47,31,L 1
2006,CLE,2006-04-13,8:00p,,New York Knicks,W,,91,87,48,31,W 1
2006,CLE,2006-04-16,6:00p,@,Washington Wizards,L,,92,104,48,32,L 1
2006,CLE,2006-04-17,7:30p,@,Boston Celtics,W,,93,88,49,32,W 1
2006,CLE,2006-04-19,7:00p,,Atlanta Hawks,W,,100,99,50,32,W 2
2006,CLE,2006-04-22,3:00p,,Washington Wizards,W,,97,86,1,0,W 1
2006,CLE,2006-04-25,7:00p,,Washington Wizards,L,,84,89,1,1,L 1
2006,CLE,2006-04-28,8:00p,@,Washington Wizards,W,,97,96,2,1,W 1
2006,CLE,2006-04-30,7:30p,@,Washington Wizards,L,,96,106,2,2,L 1
2006,CLE,2006-05-03,8:30p,,Washington Wizards,W,OT,121,120,3,2,W 1
2006,CLE,2006-05-05,8:00p,@,Washington Wizards,W,OT,114,113,4,2,W 2
2006,CLE,2006-05-07,3:30p,@,Detroit Pistons,L,,86,113,4,3,L 1
2006,CLE,2006-05-09,7:00p,@,Detroit Pistons,L,,91,97,4,4,L 2
2006,CLE,2006-05-13,5:00p,,Detroit Pistons,W,,86,77,5,4,W 1
2006,CLE,2006-05-15,7:00p,,Detroit Pistons,W,,74,72,6,4,W 2
2006,CLE,2006-05-17,7:00p,@,Detroit Pistons,W,,86,84,7,4,W 3
2006,CLE,2006-05-19,7:00p,,Detroit Pistons,L,,82,84,7,5,L 1
2006,CLE,2006-05-21,3:30p,@,Detroit Pistons,L,,61,79,7,6,L 2
2006,DAL,2005-11-01,10:30p,@,Phoenix Suns,W,2OT,111,108,1,0,W 1
2006,DAL,2005-11-02,9:00p,@,Utah Jazz,L,,82,93,1,1,L 1
2006,DAL,2005-11-05,8:30p,,San Antonio Spurs,W,,103,84,2,1,W 1
2006,DAL,2005-11-09,7:00p,@,Philadelphia 76ers,L,,97,112,2,2,L 1
2006,DAL,2005-11-11,7:30p,@,Charlotte Bobcats,W,,98,88,3,2,W 1
2006,DAL,2005-11-12,8:00p,@,New Orleans/Oklahoma City Hornets,W,,109,103,4,2,W 2
2006,DAL,2005-11-15,8:30p,,Denver Nuggets,W,,83,80,5,2,W 3
2006,DAL,2005-11-17,8:30p,,Atlanta Hawks,W,,87,78,6,2,W 4
2006,DAL,2005-11-19,8:30p,,Detroit Pistons,W,,119,82,7,2,W 5
2006,DAL,2005-11-22,8:30p,,Houston Rockets,W,,102,93,8,2,W 6
2006,DAL,2005-11-25,8:00p,@,Miami Heat,W,,103,90,9,2,W 7
2006,DAL,2005-11-26,8:30p,,Memphis Grizzlies,L,,92,112,9,3,L 1
2006,DAL,2005-11-28,7:00p,@,Toronto Raptors,W,,93,91,10,3,W 1
2006,DAL,2005-11-29,8:00p,@,Milwaukee Bucks,L,OT,111,113,10,4,L 1
2006,DAL,2005-12-01,8:00p,,San Antonio Spurs,L,,90,92,10,5,L 2
2006,DAL,2005-12-03,8:30p,,New Orleans/Oklahoma City Hornets,W,,97,88,11,5,W 1
2006,DAL,2005-12-05,8:30p,@,Chicago Bulls,W,,102,94,12,5,W 2
2006,DAL,2005-12-06,7:00p,@,Indiana Pacers,W,,84,75,13,5,W 3
2006,DAL,2005-12-09,8:00p,@,Memphis Grizzlies,W,,90,83,14,5,W 4
2006,DAL,2005-12-10,8:30p,,Boston Celtics,W,,103,94,15,5,W 5
2006,DAL,2005-12-12,8:30p,,Los Angeles Lakers,L,,106,109,15,6,L 1
2006,DAL,2005-12-14,8:00p,,Phoenix Suns,W,,102,96,16,6,W 1
2006,DAL,2005-12-16,8:30p,,Orlando Magic,W,OT,109,103,17,6,W 2
2006,DAL,2005-12-18,8:30p,,Minnesota Timberwolves,W,,102,95,18,6,W 3
2006,DAL,2005-12-20,10:30p,@,Los Angeles Lakers,L,,90,112,18,7,L 1
2006,DAL,2005-12-22,10:30p,@,Sacramento Kings,W,,105,95,19,7,W 1
2006,DAL,2005-12-23,10:30p,@,Seattle SuperSonics,W,,101,98,20,7,W 2
2006,DAL,2005-12-26,8:30p,,Indiana Pacers,W,,102,80,21,7,W 3
2006,DAL,2005-12-30,8:30p,,Golden State Warriors,L,,109,111,21,8,L 1
2006,DAL,2005-12-31,7:00p,@,New Orleans/Oklahoma City Hornets,W,,95,90,22,8,W 1
2006,DAL,2006-01-03,8:30p,,Portland Trail Blazers,W,,95,81,23,8,W 2
2006,DAL,2006-01-04,8:00p,@,Minnesota Timberwolves,L,,78,91,23,9,L 1
2006,DAL,2006-01-06,9:00p,@,Denver Nuggets,W,OT,114,112,24,9,W 1
2006,DAL,2006-01-07,8:30p,,Minnesota Timberwolves,W,,83,79,25,9,W 2
2006,DAL,2006-01-09,7:30p,@,Boston Celtics,W,,104,102,26,9,W 3
2006,DAL,2006-01-11,7:30p,@,New York Knicks,L,OT,115,117,26,10,L 1
2006,DAL,2006-01-14,8:30p,,New Jersey Nets,W,,110,77,27,10,W 1
2006,DAL,2006-01-16,8:30p,,Milwaukee Bucks,W,,114,95,28,10,W 2
2006,DAL,2006-01-18,8:30p,@,Houston Rockets,W,,103,76,29,10,W 3
2006,DAL,2006-01-20,10:30p,@,Los Angeles Clippers,W,,101,81,30,10,W 4
2006,DAL,2006-01-22,9:00p,@,Portland Trail Blazers,W,OT,95,89,31,10,W 5
2006,DAL,2006-01-25,10:30p,@,Golden State Warriors,W,,102,93,32,10,W 6
2006,DAL,2006-01-26,10:30p,@,Seattle SuperSonics,W,,104,97,33,10,W 7
2006,DAL,2006-01-28,9:00p,,Utah Jazz,W,,103,89,34,10,W 8
2006,DAL,2006-01-31,8:30p,,Chicago Bulls,W,,98,94,35,10,W 9
2006,DAL,2006-02-01,8:00p,@,Memphis Grizzlies,W,,81,80,36,10,W 10
2006,DAL,2006-02-04,8:30p,,Seattle SuperSonics,W,,110,91,37,10,W 11
2006,DAL,2006-02-07,8:30p,,Los Angeles Lakers,W,,102,87,38,10,W 12
2006,DAL,2006-02-09,8:00p,,Miami Heat,W,,112,76,39,10,W 13
2006,DAL,2006-02-10,10:30p,@,Denver Nuggets,L,,104,113,39,11,L 1
2006,DAL,2006-02-13,8:30p,,New York Knicks,W,,100,72,40,11,W 1
2006,DAL,2006-02-15,9:00p,,Washington Wizards,W,,103,97,41,11,W 2
2006,DAL,2006-02-21,8:30p,,Los Angeles Clippers,W,,93,91,42,11,W 3
2006,DAL,2006-02-23,8:30p,,Memphis Grizzlies,W,,97,87,43,11,W 4
2006,DAL,2006-02-25,1:00p,,Toronto Raptors,W,OT,115,113,44,11,W 5
2006,DAL,2006-02-27,8:30p,,Philadelphia 76ers,W,,104,92,45,11,W 6
2006,DAL,2006-03-02,9:30p,@,San Antonio Spurs,L,,89,98,45,12,L 1
2006,DAL,2006-03-03,8:30p,,Charlotte Bobcats,W,,90,76,46,12,W 1
2006,DAL,2006-03-05,3:30p,,Phoenix Suns,L,,107,115,46,13,L 1
2006,DAL,2006-03-07,8:30p,,Portland Trail Blazers,W,,93,87,47,13,W 1
2006,DAL,2006-03-09,10:00p,@,Portland Trail Blazers,W,,109,92,48,13,W 2
2006,DAL,2006-03-11,9:00p,@,Utah Jazz,W,,90,87,49,13,W 3
2006,DAL,2006-03-12,9:00p,@,Sacramento Kings,L,,80,85,49,14,L 1
2006,DAL,2006-03-14,8:30p,,Cleveland Cavaliers,W,,91,87,50,14,W 1
2006,DAL,2006-03-15,9:00p,@,Houston Rockets,W,,95,81,51,14,W 2
2006,DAL,2006-03-17,7:00p,@,Washington Wizards,W,,104,94,52,14,W 3
2006,DAL,2006-03-19,1:00p,@,New Jersey Nets,L,,89,100,52,15,L 1
2006,DAL,2006-03-21,8:00p,,Houston Rockets,W,,88,72,53,15,W 1
2006,DAL,2006-03-23,8:30p,,Golden State Warriors,L,,121,122,53,16,L 1
2006,DAL,2006-03-25,7:00p,@,Atlanta Hawks,W,,98,83,54,16,W 1
2006,DAL,2006-03-28,7:30p,@,Detroit Pistons,L,,90,97,54,17,L 1
2006,DAL,2006-03-29,7:00p,@,Cleveland Cavaliers,L,,94,107,54,18,L 2
2006,DAL,2006-03-31,7:00p,@,Orlando Magic,L,,99,108,54,19,L 3
2006,DAL,2006-04-02,3:30p,,Denver Nuggets,W,,103,79,55,19,W 1
2006,DAL,2006-04-04,8:30p,,Sacramento Kings,W,,127,101,56,19,W 2
2006,DAL,2006-04-07,8:00p,@,San Antonio Spurs,W,,92,86,57,19,W 3
2006,DAL,2006-04-08,8:30p,,New Orleans/Oklahoma City Hornets,W,,101,77,58,19,W 4
2006,DAL,2006-04-10,10:30p,@,Los Angeles Clippers,W,,75,73,59,19,W 5
2006,DAL,2006-04-12,10:30p,@,Golden State Warriors,L,,102,114,59,20,L 1
2006,DAL,2006-04-13,10:30p,@,Phoenix Suns,L,,104,117,59,21,L 2
2006,DAL,2006-04-16,8:30p,,Utah Jazz,W,,111,95,60,21,W 1
2006,DAL,2006-04-19,8:00p,,Los Angeles Clippers,L,,71,85,60,22,L 1
2006,DAL,2006-04-23,9:30p,,Memphis Grizzlies,W,,103,93,1,0,W 1
2006,DAL,2006-04-26,8:00p,,Memphis Grizzlies,W,,94,79,2,0,W 2
2006,DAL,2006-04-29,5:30p,@,Memphis Grizzlies,W,OT,94,89,3,0,W 3
2006,DAL,2006-05-01,8:00p,@,Memphis Grizzlies,W,,102,76,4,0,W 4
2006,DAL,2006-05-07,1:00p,@,San Antonio Spurs,L,,85,87,4,1,L 1
2006,DAL,2006-05-09,9:30p,@,San Antonio Spurs,W,,113,91,5,1,W 1
2006,DAL,2006-05-13,8:00p,,San Antonio Spurs,W,,104,103,6,1,W 2
2006,DAL,2006-05-15,9:30p,,San Antonio Spurs,W,OT,123,118,7,1,W 3
2006,DAL,2006-05-17,9:30p,@,San Antonio Spurs,L,,97,98,7,2,L 1
2006,DAL,2006-05-19,9:30p,,San Antonio Spurs,L,,86,91,7,3,L 2
2006,DAL,2006-05-22,8:00p,@,San Antonio Spurs,W,OT,119,111,8,3,W 1
2006,DAL,2006-05-24,8:30p,,Phoenix Suns,L,,118,121,8,4,L 1
2006,DAL,2006-05-26,8:30p,,Phoenix Suns,W,,105,98,9,4,W 1
2006,DAL,2006-05-28,8:30p,@,Phoenix Suns,W,,95,88,10,4,W 2
2006,DAL,2006-05-30,9:00p,@,Phoenix Suns,L,,86,106,10,5,L 1
2006,DAL,2006-06-01,8:30p,,Phoenix Suns,W,,117,101,11,5,W 1
2006,DAL,2006-06-03,8:30p,@,Phoenix Suns,W,,102,93,12,5,W 2
2006,DAL,2006-06-08,9:00p,,Miami Heat,W,,90,80,13,5,W 3
2006,DAL,2006-06-11,9:00p,,Miami Heat,W,,99,85,14,5,W 4
2006,DAL,2006-06-13,9:00p,@,Miami Heat,L,,96,98,14,6,L 1
2006,DAL,2006-06-15,9:00p,@,Miami Heat,L,,74,98,14,7,L 2
2006,DAL,2006-06-18,9:00p,@,Miami Heat,L,OT,100,101,14,8,L 3
2006,DAL,2006-06-20,9:00p,,Miami Heat,L,,92,95,14,9,L 4
2006,DEN,2005-11-01,8:00p,@,San Antonio Spurs,L,,91,102,0,1,L 1
2006,DEN,2005-11-02,10:30p,,Los Angeles Lakers,L,OT,97,99,0,2,L 2
2006,DEN,2005-11-04,9:00p,,Portland Trail Blazers,W,,107,68,1,2,W 1
2006,DEN,2005-11-06,9:30p,@,Los Angeles Lakers,L,,92,112,1,3,L 1
2006,DEN,2005-11-09,10:30p,,Sacramento Kings,W,,107,91,2,3,W 1
2006,DEN,2005-11-11,10:00p,@,Sacramento Kings,L,,85,101,2,4,L 1
2006,DEN,2005-11-13,9:00p,,Minnesota Timberwolves,W,,102,91,3,4,W 1
2006,DEN,2005-11-15,8:30p,@,Dallas Mavericks,L,,80,83,3,5,L 1
2006,DEN,2005-11-16,8:00p,@,New Orleans/Oklahoma City Hornets,W,,91,81,4,5,W 1
2006,DEN,2005-11-18,9:00p,,New York Knicks,W,,95,86,5,5,W 2
2006,DEN,2005-11-20,9:00p,,Memphis Grizzlies,W,,99,83,6,5,W 3
2006,DEN,2005-11-22,7:00p,@,Washington Wizards,W,,108,105,7,5,W 4
2006,DEN,2005-11-23,7:30p,@,Detroit Pistons,L,,89,114,7,6,L 1
2006,DEN,2005-11-25,9:00p,,Los Angeles Clippers,W,,105,95,8,6,W 1
2006,DEN,2005-11-28,9:00p,,New Jersey Nets,L,,92,101,8,7,L 1
2006,DEN,2005-11-30,9:00p,,New Orleans/Oklahoma City Hornets,L,,95,102,8,8,L 2
2006,DEN,2005-12-02,9:00p,@,Phoenix Suns,L,,97,102,8,9,L 3
2006,DEN,2005-12-03,9:00p,,Miami Heat,W,,101,99,9,9,W 1
2006,DEN,2005-12-06,9:00p,,Atlanta Hawks,W,,125,116,10,9,W 2
2006,DEN,2005-12-09,7:30p,@,Miami Heat,W,,100,92,11,9,W 3
2006,DEN,2005-12-10,7:00p,@,Orlando Magic,L,,83,94,11,10,L 1
2006,DEN,2005-12-13,7:30p,@,Charlotte Bobcats,W,,101,85,12,10,W 1
2006,DEN,2005-12-15,8:00p,@,Cleveland Cavaliers,L,,85,94,12,11,L 1
2006,DEN,2005-12-16,7:30p,@,New Jersey Nets,L,OT,106,115,12,12,L 2
2006,DEN,2005-12-18,2:00p,@,Atlanta Hawks,L,OT,107,110,12,13,L 3
2006,DEN,2005-12-21,9:00p,,Washington Wizards,L,,110,116,12,14,L 4
2006,DEN,2005-12-23,9:00p,,Houston Rockets,W,,108,86,13,14,W 1
2006,DEN,2005-12-26,10:30p,@,Golden State Warriors,W,,118,112,14,14,W 2
2006,DEN,2005-12-27,9:00p,,Philadelphia 76ers,L,,106,108,14,15,L 1
2006,DEN,2005-12-29,10:30p,,Seattle SuperSonics,L,,105,112,14,16,L 2
2006,DEN,2005-12-31,9:00p,,San Antonio Spurs,L,,88,98,14,17,L 3
2006,DEN,2006-01-02,9:00p,,Boston Celtics,W,,120,110,15,17,W 1
2006,DEN,2006-01-04,9:00p,,Indiana Pacers,W,,106,86,16,17,W 2
2006,DEN,2006-01-06,9:00p,,Dallas Mavericks,L,OT,112,114,16,18,L 1
2006,DEN,2006-01-08,8:30p,@,Houston Rockets,W,,92,90,17,18,W 1
2006,DEN,2006-01-10,9:00p,,Phoenix Suns,W,3OT,139,137,18,18,W 2
2006,DEN,2006-01-13,8:00p,@,Minnesota Timberwolves,L,,89,103,18,19,L 1
2006,DEN,2006-01-14,8:30p,@,Milwaukee Bucks,W,,100,93,19,19,W 1
2006,DEN,2006-01-16,2:00p,@,Chicago Bulls,W,,97,94,20,19,W 2
2006,DEN,2006-01-18,9:00p,,Cleveland Cavaliers,W,,90,89,21,19,W 3
2006,DEN,2006-01-20,9:00p,,Utah Jazz,W,,113,83,22,19,W 4
2006,DEN,2006-01-22,1:00p,@,San Antonio Spurs,W,,89,85,23,19,W 5
2006,DEN,2006-01-23,9:00p,,Toronto Raptors,W,,107,101,24,19,W 6
2006,DEN,2006-01-25,10:00p,@,Portland Trail Blazers,W,,97,94,25,19,W 7
2006,DEN,2006-01-27,9:30p,,Los Angeles Clippers,L,,87,105,25,20,L 1
2006,DEN,2006-01-28,10:30p,@,Los Angeles Clippers,L,,79,112,25,21,L 2
2006,DEN,2006-01-31,10:00p,@,Sacramento Kings,L,,91,98,25,22,L 3
2006,DEN,2006-02-01,9:00p,@,Utah Jazz,L,,90,103,25,23,L 4
2006,DEN,2006-02-04,9:00p,,Portland Trail Blazers,W,,105,104,26,23,W 1
2006,DEN,2006-02-06,10:30p,@,Golden State Warriors,L,,114,122,26,24,L 1
2006,DEN,2006-02-08,9:30p,,Chicago Bulls,L,,107,110,26,25,L 2
2006,DEN,2006-02-10,10:30p,,Dallas Mavericks,W,,113,104,27,25,W 1
2006,DEN,2006-02-12,9:00p,@,Seattle SuperSonics,W,OT,120,112,28,25,W 2
2006,DEN,2006-02-15,9:00p,,Phoenix Suns,L,,101,116,28,26,L 1
2006,DEN,2006-02-21,9:00p,,Charlotte Bobcats,W,,100,84,29,26,W 1
2006,DEN,2006-02-24,8:00p,@,Minnesota Timberwolves,W,OT,102,101,30,26,W 2
2006,DEN,2006-02-27,9:00p,,Milwaukee Bucks,L,,89,110,30,27,L 1
2006,DEN,2006-03-01,9:00p,,Detroit Pistons,W,,98,87,31,27,W 1
2006,DEN,2006-03-03,8:30p,@,Houston Rockets,L,,78,89,31,28,L 1
2006,DEN,2006-03-04,9:00p,,Orlando Magic,W,,110,94,32,28,W 1
2006,DEN,2006-03-06,9:00p,,Memphis Grizzlies,W,,115,101,33,28,W 2
2006,DEN,2006-03-09,8:00p,@,Philadelphia 76ers,W,,97,93,34,28,W 3
2006,DEN,2006-03-10,7:00p,@,Toronto Raptors,W,,108,97,35,28,W 4
2006,DEN,2006-03-12,6:00p,@,Boston Celtics,L,,101,106,35,29,L 1
2006,DEN,2006-03-13,7:30p,@,New York Knicks,W,,108,96,36,29,W 1
2006,DEN,2006-03-15,7:00p,@,Indiana Pacers,W,,101,99,37,29,W 2
2006,DEN,2006-03-17,8:00p,@,Memphis Grizzlies,L,,102,116,37,30,L 1
2006,DEN,2006-03-18,8:00p,@,New Orleans/Oklahoma City Hornets,W,,109,94,38,30,W 1
2006,DEN,2006-03-22,10:30p,,San Antonio Spurs,W,,104,92,39,30,W 2
2006,DEN,2006-03-24,9:00p,,Seattle SuperSonics,W,,117,104,40,30,W 3
2006,DEN,2006-03-25,9:00p,@,Phoenix Suns,L,,96,107,40,31,L 1
2006,DEN,2006-03-29,10:00p,,Utah Jazz,L,,104,115,40,32,L 2
2006,DEN,2006-03-31,9:00p,,Minnesota Timberwolves,W,,106,94,41,32,W 1
2006,DEN,2006-04-02,3:30p,@,Dallas Mavericks,L,,79,103,41,33,L 1
2006,DEN,2006-04-04,10:30p,@,Los Angeles Clippers,L,,109,111,41,34,L 2
2006,DEN,2006-04-06,10:30p,,Los Angeles Lakers,W,OT,110,108,42,34,W 1
2006,DEN,2006-04-08,9:00p,,Golden State Warriors,W,,95,92,43,34,W 2
2006,DEN,2006-04-10,10:00p,@,Portland Trail Blazers,W,,110,98,44,34,W 3
2006,DEN,2006-04-12,9:00p,@,Utah Jazz,L,,83,104,44,35,L 1
2006,DEN,2006-04-15,9:00p,,Sacramento Kings,L,,82,100,44,36,L 2
2006,DEN,2006-04-17,9:00p,,Houston Rockets,L,,83,86,44,37,L 3
2006,DEN,2006-04-19,10:30p,@,Seattle SuperSonics,L,,98,109,44,38,L 4
2006,DEN,2006-04-22,10:30p,@,Los Angeles Clippers,L,,87,89,0,1,L 1
2006,DEN,2006-04-24,10:30p,@,Los Angeles Clippers,L,,87,98,0,2,L 2
2006,DEN,2006-04-27,10:30p,,Los Angeles Clippers,W,,94,87,1,2,W 1
2006,DEN,2006-04-29,10:30p,,Los Angeles Clippers,L,,86,100,1,3,L 1
2006,DEN,2006-05-01,10:30p,@,Los Angeles Clippers,L,,83,101,1,4,L 2
2006,DET,2005-11-02,8:00p,,Philadelphia 76ers,W,,108,88,1,0,W 1
2006,DET,2005-11-04,7:30p,@,Boston Celtics,W,,82,81,2,0,W 2
2006,DET,2005-11-05,7:30p,,Toronto Raptors,W,,117,84,3,0,W 3
2006,DET,2005-11-08,10:00p,@,Sacramento Kings,W,,102,88,4,0,W 4
2006,DET,2005-11-10,10:30p,@,Phoenix Suns,W,,111,104,5,0,W 5
2006,DET,2005-11-11,10:30p,@,Portland Trail Blazers,W,,84,81,6,0,W 6
2006,DET,2005-11-15,7:30p,,Boston Celtics,W,,115,100,7,0,W 7
2006,DET,2005-11-18,9:30p,@,Houston Rockets,W,,78,70,8,0,W 8
2006,DET,2005-11-19,8:30p,@,Dallas Mavericks,L,,82,119,8,1,L 1
2006,DET,2005-11-23,7:30p,,Denver Nuggets,W,,114,89,9,1,W 1
2006,DET,2005-11-25,8:00p,,Washington Wizards,L,2OT,114,120,9,2,L 1
2006,DET,2005-11-26,9:00p,@,Milwaukee Bucks,W,,85,76,10,2,W 1
2006,DET,2005-11-30,7:30p,@,New Jersey Nets,W,,93,83,11,2,W 2
2006,DET,2005-12-02,8:00p,,New York Knicks,W,,106,98,12,2,W 3
2006,DET,2005-12-03,8:30p,@,Chicago Bulls,W,,92,79,13,2,W 4
2006,DET,2005-12-09,10:30p,@,Golden State Warriors,W,,106,103,14,2,W 5
2006,DET,2005-12-11,9:00p,@,Los Angeles Clippers,W,,109,101,15,2,W 6
2006,DET,2005-12-12,9:00p,@,Utah Jazz,L,,78,92,15,3,L 1
2006,DET,2005-12-14,7:30p,,Sacramento Kings,W,,109,98,16,3,W 1
2006,DET,2005-12-16,8:00p,,Chicago Bulls,W,,110,82,17,3,W 2
2006,DET,2005-12-17,7:30p,@,Charlotte Bobcats,W,,103,78,18,3,W 3
2006,DET,2005-12-19,8:00p,@,Memphis Grizzlies,W,2OT,106,104,19,3,W 4
2006,DET,2005-12-20,7:30p,,Portland Trail Blazers,W,,93,89,20,3,W 5
2006,DET,2005-12-23,8:00p,,Golden State Warriors,W,,97,85,21,3,W 6
2006,DET,2005-12-25,12:30p,,San Antonio Spurs,W,,85,70,22,3,W 7
2006,DET,2005-12-27,7:30p,,Toronto Raptors,W,,113,106,23,3,W 8
2006,DET,2005-12-29,8:00p,,Miami Heat,W,,106,101,24,3,W 9
2006,DET,2005-12-31,1:30p,@,Cleveland Cavaliers,L,,84,97,24,4,L 1
2006,DET,2006-01-03,7:30p,,Orlando Magic,W,,108,99,25,4,W 1
2006,DET,2006-01-06,8:00p,,Seattle SuperSonics,W,,97,85,26,4,W 2
2006,DET,2006-01-07,7:30p,,Utah Jazz,L,OT,90,94,26,5,L 1
2006,DET,2006-01-10,8:00p,@,New Orleans/Oklahoma City Hornets,W,,96,86,27,5,W 1
2006,DET,2006-01-12,8:00p,@,San Antonio Spurs,W,,83,68,28,5,W 2
2006,DET,2006-01-14,7:30p,,Charlotte Bobcats,W,,114,91,29,5,W 3
2006,DET,2006-01-16,3:30p,,Boston Celtics,W,,94,84,30,5,W 4
2006,DET,2006-01-18,7:00p,@,Atlanta Hawks,W,,117,89,31,5,W 5
2006,DET,2006-01-19,8:00p,@,New York Knicks,W,,105,79,32,5,W 6
2006,DET,2006-01-22,6:00p,,Houston Rockets,W,,99,97,33,5,W 7
2006,DET,2006-01-24,8:00p,@,Minnesota Timberwolves,W,,107,83,34,5,W 8
2006,DET,2006-01-25,7:30p,,Milwaukee Bucks,W,OT,106,102,35,5,W 9
2006,DET,2006-01-27,8:00p,,Memphis Grizzlies,W,,95,89,36,5,W 10
2006,DET,2006-01-29,6:30p,,Los Angeles Lakers,W,,102,93,37,5,W 11
2006,DET,2006-01-31,7:30p,@,New Jersey Nets,L,,84,91,37,6,L 1
2006,DET,2006-02-01,7:30p,,Minnesota Timberwolves,W,,90,74,38,6,W 1
2006,DET,2006-02-03,8:00p,@,Philadelphia 76ers,W,,87,80,39,6,W 2
2006,DET,2006-02-04,8:00p,@,Indiana Pacers,L,,85,93,39,7,L 1
2006,DET,2006-02-07,7:00p,@,Atlanta Hawks,L,,98,99,39,8,L 2
2006,DET,2006-02-08,7:30p,,Los Angeles Clippers,W,,97,87,40,8,W 1
2006,DET,2006-02-10,7:00p,@,Orlando Magic,W,,84,73,41,8,W 2
2006,DET,2006-02-12,3:30p,@,Miami Heat,L,,98,100,41,9,L 1
2006,DET,2006-02-14,7:30p,,New Jersey Nets,W,,85,71,42,9,W 1
2006,DET,2006-02-21,7:30p,,Atlanta Hawks,W,,97,87,43,9,W 2
2006,DET,2006-02-23,8:00p,,Indiana Pacers,W,,88,83,44,9,W 3
2006,DET,2006-02-24,8:30p,@,Chicago Bulls,W,,95,87,45,9,W 4
2006,DET,2006-02-26,12:00p,,Cleveland Cavaliers,W,,90,78,46,9,W 5
2006,DET,2006-02-27,7:00p,@,Cleveland Cavaliers,W,,84,72,47,9,W 6
2006,DET,2006-03-01,9:00p,@,Denver Nuggets,L,,87,98,47,10,L 1
2006,DET,2006-03-03,10:30p,@,Seattle SuperSonics,W,,98,96,48,10,W 1
2006,DET,2006-03-04,10:30p,@,Los Angeles Lakers,L,,94,105,48,11,L 1
2006,DET,2006-03-08,7:30p,,Chicago Bulls,W,,106,101,49,11,W 1
2006,DET,2006-03-11,7:00p,@,Washington Wizards,L,,92,110,49,12,L 1
2006,DET,2006-03-12,6:00p,,Charlotte Bobcats,W,,94,78,50,12,W 1
2006,DET,2006-03-15,7:00p,@,Toronto Raptors,W,,105,98,51,12,W 2
2006,DET,2006-03-17,7:30p,@,New York Knicks,L,,103,105,51,13,L 1
2006,DET,2006-03-18,7:30p,@,Charlotte Bobcats,W,,108,103,52,13,W 1
2006,DET,2006-03-20,7:30p,,Atlanta Hawks,W,,91,84,53,13,W 2
2006,DET,2006-03-22,8:00p,,Miami Heat,W,,82,73,54,13,W 3
2006,DET,2006-03-24,7:00p,@,Indiana Pacers,W,,75,72,55,13,W 4
2006,DET,2006-03-26,7:30p,,New Jersey Nets,L,,74,79,55,14,L 1
2006,DET,2006-03-28,7:30p,,Dallas Mavericks,W,,97,90,56,14,W 1
2006,DET,2006-03-29,7:30p,@,Philadelphia 76ers,W,,101,91,57,14,W 2
2006,DET,2006-03-31,8:00p,,Milwaukee Bucks,W,,112,105,58,14,W 3
2006,DET,2006-04-02,1:00p,,Phoenix Suns,W,,109,102,59,14,W 4
2006,DET,2006-04-04,7:30p,,New Orleans/Oklahoma City Hornets,W,,101,93,60,14,W 5
2006,DET,2006-04-06,8:00p,@,Miami Heat,W,,95,82,61,14,W 6
2006,DET,2006-04-07,7:00p,@,Orlando Magic,L,,87,89,61,15,L 1
2006,DET,2006-04-09,1:00p,,Indiana Pacers,W,,98,73,62,15,W 1
2006,DET,2006-04-12,8:00p,,Cleveland Cavaliers,W,,96,73,63,15,W 2
2006,DET,2006-04-14,7:00p,@,Toronto Raptors,L,,103,108,63,16,L 1
2006,DET,2006-04-16,6:00p,,New York Knicks,W,,103,97,64,16,W 1
2006,DET,2006-04-17,8:00p,@,Milwaukee Bucks,L,,93,113,64,17,L 1
2006,DET,2006-04-19,7:30p,,Washington Wizards,L,,80,96,64,18,L 2
2006,DET,2006-04-23,7:00p,,Milwaukee Bucks,W,,92,74,1,0,W 1
2006,DET,2006-04-26,7:30p,,Milwaukee Bucks,W,,109,98,2,0,W 2
2006,DET,2006-04-29,8:00p,@,Milwaukee Bucks,L,,104,124,2,1,L 1
2006,DET,2006-05-01,8:30p,@,Milwaukee Bucks,W,,109,99,3,1,W 1
2006,DET,2006-05-03,6:00p,,Milwaukee Bucks,W,,122,93,4,1,W 2
2006,DET,2006-05-07,3:30p,,Cleveland Cavaliers,W,,113,86,5,1,W 3
2006,DET,2006-05-09,7:00p,,Cleveland Cavaliers,W,,97,91,6,1,W 4
2006,DET,2006-05-13,5:00p,@,Cleveland Cavaliers,L,,77,86,6,2,L 1
2006,DET,2006-05-15,7:00p,@,Cleveland Cavaliers,L,,72,74,6,3,L 2
2006,DET,2006-05-17,7:00p,,Cleveland Cavaliers,L,,84,86,6,4,L 3
2006,DET,2006-05-19,7:00p,@,Cleveland Cavaliers,W,,84,82,7,4,W 1
2006,DET,2006-05-21,3:30p,,Cleveland Cavaliers,W,,79,61,8,4,W 2
2006,DET,2006-05-23,8:00p,,Miami Heat,L,,86,91,8,5,L 1
2006,DET,2006-05-25,8:00p,,Miami Heat,W,,92,88,9,5,W 1
2006,DET,2006-05-27,8:00p,@,Miami Heat,L,,83,98,9,6,L 1
2006,DET,2006-05-29,8:00p,@,Miami Heat,L,,78,89,9,7,L 2
2006,DET,2006-05-31,8:00p,,Miami Heat,W,,91,78,10,7,W 1
2006,DET,2006-06-02,8:00p,@,Miami Heat,L,,78,95,10,8,L 1
2006,GSW,2005-11-02,10:30p,,Atlanta Hawks,W,,122,97,1,0,W 1
2006,GSW,2005-11-04,10:30p,,Utah Jazz,L,,85,91,1,1,L 1
2006,GSW,2005-11-06,1:00p,@,New York Knicks,W,,83,81,2,1,W 1
2006,GSW,2005-11-08,8:00p,@,Milwaukee Bucks,W,,110,103,3,1,W 2
2006,GSW,2005-11-09,8:30p,@,Chicago Bulls,L,,84,85,3,2,L 1
2006,GSW,2005-11-11,10:30p,,New York Knicks,W,,86,84,4,2,W 1
2006,GSW,2005-11-12,9:00p,@,Phoenix Suns,L,,86,101,4,3,L 1
2006,GSW,2005-11-14,10:30p,,Chicago Bulls,W,,100,82,5,3,W 1
2006,GSW,2005-11-16,10:30p,,Milwaukee Bucks,L,,87,90,5,4,L 1
2006,GSW,2005-11-18,10:00p,@,Portland Trail Blazers,W,,91,80,6,4,W 1
2006,GSW,2005-11-20,3:30p,@,Los Angeles Clippers,L,,101,113,6,5,L 1
2006,GSW,2005-11-21,10:30p,,New Jersey Nets,W,,100,97,7,5,W 1
2006,GSW,2005-11-23,10:30p,,San Antonio Spurs,L,,89,113,7,6,L 1
2006,GSW,2005-11-25,9:00p,@,Utah Jazz,W,,94,90,8,6,W 1
2006,GSW,2005-11-26,10:30p,,Toronto Raptors,W,,117,91,9,6,W 2
2006,GSW,2005-11-28,10:30p,,New Orleans/Oklahoma City Hornets,W,,99,83,10,6,W 3
2006,GSW,2005-11-30,10:30p,,Sacramento Kings,W,,113,106,11,6,W 4
2006,GSW,2005-12-02,10:30p,,Charlotte Bobcats,W,,107,100,12,6,W 5
2006,GSW,2005-12-07,10:30p,,Phoenix Suns,L,,110,118,12,7,L 1
2006,GSW,2005-12-09,10:30p,,Detroit Pistons,L,,103,106,12,8,L 2
2006,GSW,2005-12-13,10:00p,@,Seattle SuperSonics,W,OT,110,107,13,8,W 1
2006,GSW,2005-12-14,10:30p,,Houston Rockets,L,OT,105,111,13,9,L 1
2006,GSW,2005-12-16,7:00p,@,Toronto Raptors,W,,108,98,14,9,W 1
2006,GSW,2005-12-18,6:00p,@,New Jersey Nets,L,,90,118,14,10,L 1
2006,GSW,2005-12-19,7:30p,@,Boston Celtics,L,,98,109,14,11,L 2
2006,GSW,2005-12-21,7:00p,@,Philadelphia 76ers,L,,100,111,14,12,L 3
2006,GSW,2005-12-23,8:00p,@,Detroit Pistons,L,,85,97,14,13,L 4
2006,GSW,2005-12-26,10:30p,,Denver Nuggets,L,,112,118,14,14,L 5
2006,GSW,2005-12-28,10:30p,,Boston Celtics,W,,111,109,15,14,W 1
2006,GSW,2005-12-30,8:30p,@,Dallas Mavericks,W,,111,109,16,14,W 2
2006,GSW,2005-12-31,7:00p,@,Houston Rockets,W,,94,89,17,14,W 3
2006,GSW,2006-01-03,8:00p,@,Memphis Grizzlies,L,,94,104,17,15,L 1
2006,GSW,2006-01-05,10:30p,,Indiana Pacers,L,,89,99,17,16,L 2
2006,GSW,2006-01-11,10:30p,,Miami Heat,L,,96,110,17,17,L 3
2006,GSW,2006-01-12,9:00p,@,Phoenix Suns,L,,99,112,17,18,L 4
2006,GSW,2006-01-14,10:30p,,Los Angeles Lakers,L,,104,110,17,19,L 5
2006,GSW,2006-01-16,4:00p,,Seattle SuperSonics,W,,109,93,18,19,W 1
2006,GSW,2006-01-20,10:30p,,Cleveland Cavaliers,W,,99,79,19,19,W 2
2006,GSW,2006-01-22,3:30p,@,Los Angeles Clippers,L,,92,105,19,20,L 1
2006,GSW,2006-01-23,10:30p,,Los Angeles Clippers,L,,93,96,19,21,L 2
2006,GSW,2006-01-25,10:30p,,Dallas Mavericks,L,,93,102,19,22,L 3
2006,GSW,2006-01-27,10:30p,@,Los Angeles Lakers,L,OT,105,106,19,23,L 4
2006,GSW,2006-01-28,10:30p,,Portland Trail Blazers,W,,98,83,20,23,W 1
2006,GSW,2006-02-01,10:00p,@,Seattle SuperSonics,L,,107,111,20,24,L 1
2006,GSW,2006-02-02,10:30p,,San Antonio Spurs,L,,86,89,20,25,L 2
2006,GSW,2006-02-04,10:30p,,Minnesota Timberwolves,W,,109,77,21,25,W 1
2006,GSW,2006-02-06,10:30p,,Denver Nuggets,W,,122,114,22,25,W 2
2006,GSW,2006-02-08,7:00p,@,Washington Wizards,L,,124,129,22,26,L 1
2006,GSW,2006-02-10,8:00p,@,Indiana Pacers,L,,95,107,22,27,L 2
2006,GSW,2006-02-11,7:30p,@,Cleveland Cavaliers,W,,99,91,23,27,W 1
2006,GSW,2006-02-13,10:30p,,Memphis Grizzlies,L,,79,81,23,28,L 1
2006,GSW,2006-02-15,10:30p,,Los Angeles Clippers,W,,88,81,24,28,W 1
2006,GSW,2006-02-21,10:00p,@,Sacramento Kings,L,,77,102,24,29,L 1
2006,GSW,2006-02-24,8:30p,@,Houston Rockets,L,,88,91,24,30,L 2
2006,GSW,2006-02-25,8:30p,@,San Antonio Spurs,L,,75,92,24,31,L 3
2006,GSW,2006-02-27,10:30p,,Utah Jazz,L,OT,108,117,24,32,L 4
2006,GSW,2006-03-01,10:30p,,Orlando Magic,W,,98,94,25,32,W 1
2006,GSW,2006-03-03,10:30p,,Los Angeles Lakers,L,,94,106,25,33,L 1
2006,GSW,2006-03-05,3:30p,@,Minnesota Timberwolves,L,,90,103,25,34,L 2
2006,GSW,2006-03-07,7:00p,@,Atlanta Hawks,L,,106,113,25,35,L 3
2006,GSW,2006-03-08,7:30p,@,Charlotte Bobcats,L,,101,104,25,36,L 4
2006,GSW,2006-03-10,7:30p,@,Miami Heat,W,,111,106,26,36,W 1
2006,GSW,2006-03-11,7:00p,@,Orlando Magic,L,,92,103,26,37,L 1
2006,GSW,2006-03-16,10:30p,,Minnesota Timberwolves,W,,105,97,27,37,W 1
2006,GSW,2006-03-19,4:00p,,Philadelphia 76ers,W,,98,89,28,37,W 2
2006,GSW,2006-03-21,8:30p,@,San Antonio Spurs,L,,96,107,28,38,L 1
2006,GSW,2006-03-23,8:30p,@,Dallas Mavericks,W,,122,121,29,38,W 1
2006,GSW,2006-03-26,9:00p,@,Sacramento Kings,W,,90,83,30,38,W 2
2006,GSW,2006-03-27,10:30p,,Washington Wizards,L,,98,116,30,39,L 1
2006,GSW,2006-03-29,10:30p,,New Orleans/Oklahoma City Hornets,L,,85,86,30,40,L 2
2006,GSW,2006-03-31,10:30p,,Sacramento Kings,L,,93,96,30,41,L 3
2006,GSW,2006-04-02,3:30p,@,Minnesota Timberwolves,L,OT,104,106,30,42,L 4
2006,GSW,2006-04-04,8:00p,@,Memphis Grizzlies,L,,75,100,30,43,L 5
2006,GSW,2006-04-05,8:00p,@,New Orleans/Oklahoma City Hornets,L,OT,109,114,30,44,L 6
2006,GSW,2006-04-07,10:30p,,Houston Rockets,L,,93,100,30,45,L 7
2006,GSW,2006-04-08,9:00p,@,Denver Nuggets,L,,92,95,30,46,L 8
2006,GSW,2006-04-11,10:30p,@,Los Angeles Lakers,L,,100,111,30,47,L 9
2006,GSW,2006-04-12,10:30p,,Dallas Mavericks,W,,114,102,31,47,W 1
2006,GSW,2006-04-14,10:30p,,Phoenix Suns,W,,110,102,32,47,W 2
2006,GSW,2006-04-15,10:00p,@,Portland Trail Blazers,W,,86,81,33,47,W 3
2006,GSW,2006-04-17,10:30p,,Portland Trail Blazers,W,,93,79,34,47,W 4
2006,GSW,2006-04-19,9:00p,@,Utah Jazz,L,,102,105,34,48,L 1
2006,HOU,2005-11-02,8:30p,,Sacramento Kings,W,,98,89,1,0,W 1
2006,HOU,2005-11-05,8:30p,,New Orleans/Oklahoma City Hornets,L,,84,91,1,1,L 1
2006,HOU,2005-11-08,8:30p,,Orlando Magic,L,,74,76,1,2,L 2
2006,HOU,2005-11-10,8:00p,@,Miami Heat,L,,84,88,1,3,L 3
2006,HOU,2005-11-12,8:00p,@,New Jersey Nets,W,,99,91,2,3,W 1
2006,HOU,2005-11-13,6:00p,@,Boston Celtics,L,,82,102,2,4,L 1
2006,HOU,2005-11-15,8:00p,@,Minnesota Timberwolves,W,,94,89,3,4,W 1
2006,HOU,2005-11-17,9:30p,@,San Antonio Spurs,L,,80,86,3,5,L 1
2006,HOU,2005-11-18,9:30p,,Detroit Pistons,L,,70,78,3,6,L 2
2006,HOU,2005-11-20,7:00p,@,Indiana Pacers,L,,74,85,3,7,L 3
2006,HOU,2005-11-22,8:30p,@,Dallas Mavericks,L,,93,102,3,8,L 4
2006,HOU,2005-11-23,7:30p,,Phoenix Suns,L,,88,100,3,9,L 5
2006,HOU,2005-11-25,8:00p,@,Memphis Grizzlies,L,,81,86,3,10,L 6
2006,HOU,2005-11-26,8:30p,,Chicago Bulls,L,,89,94,3,11,L 7
2006,HOU,2005-11-29,8:30p,,Atlanta Hawks,W,,100,85,4,11,W 1
2006,HOU,2005-12-03,8:30p,,Memphis Grizzlies,L,,75,90,4,12,L 1
2006,HOU,2005-12-06,8:30p,,Boston Celtics,W,,91,73,5,12,W 1
2006,HOU,2005-12-08,10:30p,@,Sacramento Kings,W,,106,95,6,12,W 2
2006,HOU,2005-12-11,9:00p,@,Portland Trail Blazers,W,,100,86,7,12,W 3
2006,HOU,2005-12-14,10:30p,@,Golden State Warriors,W,OT,111,105,8,12,W 4
2006,HOU,2005-12-15,10:30p,@,Seattle SuperSonics,W,,104,98,9,12,W 5
2006,HOU,2005-12-17,3:30p,@,Los Angeles Clippers,L,,81,89,9,13,L 1
2006,HOU,2005-12-18,9:30p,@,Los Angeles Lakers,W,,76,74,10,13,W 1
2006,HOU,2005-12-21,8:30p,,Toronto Raptors,L,,81,94,10,14,L 1
2006,HOU,2005-12-23,9:00p,@,Denver Nuggets,L,,86,108,10,15,L 2
2006,HOU,2005-12-27,8:30p,,Utah Jazz,L,,74,82,10,16,L 3
2006,HOU,2005-12-28,8:00p,@,New Orleans/Oklahoma City Hornets,L,,90,92,10,17,L 4
2006,HOU,2005-12-31,7:00p,,Golden State Warriors,L,,89,94,10,18,L 5
2006,HOU,2006-01-03,7:00p,@,Washington Wizards,W,,123,111,11,18,W 1
2006,HOU,2006-01-05,8:00p,@,Cleveland Cavaliers,W,,90,81,12,18,W 2
2006,HOU,2006-01-06,7:00p,@,Toronto Raptors,L,,92,112,12,19,L 1
2006,HOU,2006-01-08,8:30p,,Denver Nuggets,L,,90,92,12,20,L 2
2006,HOU,2006-01-10,7:30p,@,Charlotte Bobcats,L,2OT,106,111,12,21,L 3
2006,HOU,2006-01-11,8:30p,,Sacramento Kings,L,,80,88,12,22,L 4
2006,HOU,2006-01-14,8:30p,,New Orleans/Oklahoma City Hornets,L,,80,86,12,23,L 5
2006,HOU,2006-01-16,2:00p,@,Atlanta Hawks,L,,83,94,12,24,L 6
2006,HOU,2006-01-18,8:30p,,Dallas Mavericks,L,,76,103,12,25,L 7
2006,HOU,2006-01-20,8:30p,@,Chicago Bulls,W,2OT,109,108,13,25,W 1
2006,HOU,2006-01-22,6:00p,@,Detroit Pistons,L,,97,99,13,26,L 1
2006,HOU,2006-01-23,8:00p,@,Milwaukee Bucks,W,,97,80,14,26,W 1
2006,HOU,2006-01-25,8:30p,,Charlotte Bobcats,W,,102,78,15,26,W 2
2006,HOU,2006-01-27,8:30p,,Minnesota Timberwolves,L,,92,96,15,27,L 1
2006,HOU,2006-01-29,3:30p,,Miami Heat,L,,95,101,15,28,L 2
2006,HOU,2006-01-30,8:00p,@,Memphis Grizzlies,L,,77,86,15,29,L 3
2006,HOU,2006-02-01,8:30p,,Milwaukee Bucks,W,,86,84,16,29,W 1
2006,HOU,2006-02-03,8:30p,,Seattle SuperSonics,W,,100,77,17,29,W 2
2006,HOU,2006-02-05,12:00p,@,New York Knicks,W,,93,89,18,29,W 3
2006,HOU,2006-02-06,7:00p,@,Philadelphia 76ers,W,,87,81,19,29,W 4
2006,HOU,2006-02-08,8:30p,,Los Angeles Lakers,L,,78,89,19,30,L 1
2006,HOU,2006-02-11,8:30p,,Utah Jazz,W,,102,88,20,30,W 1
2006,HOU,2006-02-12,8:30p,,New York Knicks,W,,90,83,21,30,W 2
2006,HOU,2006-02-14,10:30p,@,Los Angeles Clippers,W,,128,97,22,30,W 3
2006,HOU,2006-02-16,10:00p,@,Phoenix Suns,L,,75,109,22,31,L 1
2006,HOU,2006-02-22,8:30p,,Los Angeles Clippers,W,,106,102,23,31,W 1
2006,HOU,2006-02-24,8:30p,,Golden State Warriors,W,,91,88,24,31,W 2
2006,HOU,2006-02-26,3:30p,@,Orlando Magic,W,,89,84,25,31,W 3
2006,HOU,2006-02-27,8:30p,,Phoenix Suns,L,,94,111,25,32,L 1
2006,HOU,2006-03-01,9:00p,,Philadelphia 76ers,L,,101,106,25,33,L 2
2006,HOU,2006-03-03,8:30p,,Denver Nuggets,W,,89,78,26,33,W 1
2006,HOU,2006-03-05,8:30p,,Portland Trail Blazers,W,,102,84,27,33,W 2
2006,HOU,2006-03-07,8:00p,@,Minnesota Timberwolves,W,,93,87,28,33,W 3
2006,HOU,2006-03-08,8:30p,,Indiana Pacers,W,,103,99,29,33,W 4
2006,HOU,2006-03-12,3:30p,@,San Antonio Spurs,L,,81,88,29,34,L 1
2006,HOU,2006-03-13,8:30p,,New Jersey Nets,L,,77,90,29,35,L 2
2006,HOU,2006-03-15,9:00p,,Dallas Mavericks,L,,81,95,29,36,L 3
2006,HOU,2006-03-18,8:30p,,San Antonio Spurs,L,,77,92,29,37,L 4
2006,HOU,2006-03-20,8:30p,,Los Angeles Clippers,L,,91,99,29,38,L 5
2006,HOU,2006-03-21,8:00p,@,Dallas Mavericks,L,,72,88,29,39,L 6
2006,HOU,2006-03-23,8:00p,@,New Orleans/Oklahoma City Hornets,W,,93,92,30,39,W 1
2006,HOU,2006-03-26,4:00p,,Cleveland Cavaliers,L,OT,102,104,30,40,L 1
2006,HOU,2006-03-29,8:30p,,Seattle SuperSonics,W,,115,87,31,40,W 1
2006,HOU,2006-03-31,8:30p,,Washington Wizards,W,,105,103,32,40,W 2
2006,HOU,2006-04-02,3:30p,@,Los Angeles Lakers,L,,88,104,32,41,L 1
2006,HOU,2006-04-04,10:00p,@,Seattle SuperSonics,L,,87,104,32,42,L 2
2006,HOU,2006-04-05,10:00p,@,Portland Trail Blazers,L,,75,76,32,43,L 3
2006,HOU,2006-04-07,10:30p,@,Golden State Warriors,W,,100,93,33,43,W 1
2006,HOU,2006-04-09,9:00p,@,Sacramento Kings,L,,77,86,33,44,L 1
2006,HOU,2006-04-10,9:00p,@,Utah Jazz,L,,83,85,33,45,L 2
2006,HOU,2006-04-12,8:30p,,Minnesota Timberwolves,L,,79,82,33,46,L 3
2006,HOU,2006-04-15,8:30p,,Memphis Grizzlies,L,,81,93,33,47,L 4
2006,HOU,2006-04-17,9:00p,@,Denver Nuggets,W,,86,83,34,47,W 1
2006,HOU,2006-04-19,8:00p,,San Antonio Spurs,L,,87,89,34,48,L 1
2006,IND,2005-11-02,7:00p,@,Orlando Magic,W,,90,78,1,0,W 1
2006,IND,2005-11-03,8:00p,@,Miami Heat,W,,105,102,2,0,W 2
2006,IND,2005-11-05,8:00p,,Philadelphia 76ers,L,,109,111,2,1,L 1
2006,IND,2005-11-09,8:00p,,Miami Heat,W,,95,90,3,1,W 1
2006,IND,2005-11-11,7:00p,,New Jersey Nets,W,,102,90,4,1,W 2
2006,IND,2005-11-12,8:30p,@,Milwaukee Bucks,L,,102,103,4,2,L 1
2006,IND,2005-11-16,7:30p,@,Charlotte Bobcats,L,,90,122,4,3,L 2
2006,IND,2005-11-18,7:00p,,Charlotte Bobcats,W,,93,85,5,3,W 1
2006,IND,2005-11-20,7:00p,,Houston Rockets,W,,85,74,6,3,W 2
2006,IND,2005-11-24,8:00p,,Cleveland Cavaliers,W,,98,76,7,3,W 3
2006,IND,2005-11-25,8:00p,,Atlanta Hawks,L,,85,87,7,4,L 1
2006,IND,2005-11-27,3:30p,@,Los Angeles Clippers,W,,97,92,8,4,W 1
2006,IND,2005-11-29,9:00p,@,Utah Jazz,W,,84,60,9,4,W 2
2006,IND,2005-11-30,9:00p,@,Phoenix Suns,L,,91,109,9,5,L 1
2006,IND,2005-12-02,10:00p,@,Portland Trail Blazers,W,,98,78,10,5,W 1
2006,IND,2005-12-04,8:00p,@,Seattle SuperSonics,L,,102,107,10,6,L 1
2006,IND,2005-12-06,7:00p,,Dallas Mavericks,L,,75,84,10,7,L 2
2006,IND,2005-12-08,8:00p,,Washington Wizards,W,,111,87,11,7,W 1
2006,IND,2005-12-10,8:00p,,Memphis Grizzlies,W,,80,66,12,7,W 2
2006,IND,2005-12-14,7:30p,@,Boston Celtics,L,,71,85,12,8,L 1
2006,IND,2005-12-16,7:00p,,Utah Jazz,W,,93,83,13,8,W 1
2006,IND,2005-12-17,7:30p,@,New York Knicks,W,,102,96,14,8,W 2
2006,IND,2005-12-21,7:00p,,Los Angeles Clippers,W,,97,75,15,8,W 3
2006,IND,2005-12-23,8:00p,@,Cleveland Cavaliers,L,,89,94,15,9,L 1
2006,IND,2005-12-26,8:30p,@,Dallas Mavericks,L,,80,102,15,10,L 2
2006,IND,2005-12-27,8:30p,@,San Antonio Spurs,L,,86,99,15,11,L 3
2006,IND,2005-12-30,7:00p,,Toronto Raptors,L,,97,99,15,12,L 4
2006,IND,2006-01-02,7:00p,,Seattle SuperSonics,W,,115,96,16,12,W 1
2006,IND,2006-01-04,9:00p,@,Denver Nuggets,L,,86,106,16,13,L 1
2006,IND,2006-01-05,10:30p,@,Golden State Warriors,W,,99,89,17,13,W 1
2006,IND,2006-01-08,9:00p,@,Sacramento Kings,W,,108,83,18,13,W 2
2006,IND,2006-01-09,10:30p,@,Los Angeles Lakers,L,,90,96,18,14,L 1
2006,IND,2006-01-11,7:00p,,Milwaukee Bucks,W,,112,88,19,14,W 1
2006,IND,2006-01-13,7:00p,,Washington Wizards,L,,85,94,19,15,L 1
2006,IND,2006-01-14,8:30p,@,Chicago Bulls,W,,91,89,20,15,W 1
2006,IND,2006-01-16,3:30p,@,New Jersey Nets,L,,92,97,20,16,L 1
2006,IND,2006-01-18,7:00p,,Charlotte Bobcats,W,,98,92,21,16,W 1
2006,IND,2006-01-20,8:00p,@,Minnesota Timberwolves,L,,85,90,21,17,L 1
2006,IND,2006-01-21,8:00p,,Chicago Bulls,L,,89,101,21,18,L 2
2006,IND,2006-01-23,7:00p,@,Atlanta Hawks,L,,94,104,21,19,L 3
2006,IND,2006-01-24,7:00p,@,Cleveland Cavaliers,L,,66,96,21,20,L 4
2006,IND,2006-01-27,7:00p,,Cleveland Cavaliers,L,,89,93,21,21,L 5
2006,IND,2006-01-31,7:00p,@,Washington Wizards,L,,79,84,21,22,L 6
2006,IND,2006-02-01,7:00p,,Los Angeles Lakers,W,,105,79,22,22,W 1
2006,IND,2006-02-04,8:00p,,Detroit Pistons,W,,93,85,23,22,W 2
2006,IND,2006-02-08,7:00p,,Portland Trail Blazers,W,,101,69,24,22,W 3
2006,IND,2006-02-10,8:00p,,Golden State Warriors,W,,107,95,25,22,W 4
2006,IND,2006-02-12,1:00p,,San Antonio Spurs,L,,88,92,25,23,L 1
2006,IND,2006-02-15,7:00p,,Milwaukee Bucks,W,,88,77,26,23,W 1
2006,IND,2006-02-21,7:00p,,New Orleans/Oklahoma City Hornets,W,,97,75,27,23,W 2
2006,IND,2006-02-23,8:00p,@,Detroit Pistons,L,,83,88,27,24,L 1
2006,IND,2006-02-24,7:00p,,Atlanta Hawks,L,OT,112,117,27,25,L 2
2006,IND,2006-02-26,6:00p,@,New Jersey Nets,W,,101,91,28,25,W 1
2006,IND,2006-03-01,7:00p,@,Washington Wizards,W,,99,93,29,25,W 2
2006,IND,2006-03-03,7:30p,@,Boston Celtics,L,,98,99,29,26,L 1
2006,IND,2006-03-05,1:00p,@,Philadelphia 76ers,W,,94,93,30,26,W 1
2006,IND,2006-03-07,7:00p,,New York Knicks,L,,92,107,30,27,L 1
2006,IND,2006-03-08,8:30p,@,Houston Rockets,L,,99,103,30,28,L 2
2006,IND,2006-03-10,8:00p,@,New Orleans/Oklahoma City Hornets,W,,92,90,31,28,W 1
2006,IND,2006-03-12,6:00p,@,Toronto Raptors,L,,89,93,31,29,L 1
2006,IND,2006-03-13,7:00p,,Orlando Magic,W,,97,83,32,29,W 1
2006,IND,2006-03-15,7:00p,,Denver Nuggets,L,,99,101,32,30,L 1
2006,IND,2006-03-17,7:00p,,Sacramento Kings,W,,98,93,33,30,W 1
2006,IND,2006-03-19,3:30p,,Boston Celtics,L,,88,103,33,31,L 1
2006,IND,2006-03-21,8:00p,@,Memphis Grizzlies,L,,75,105,33,32,L 2
2006,IND,2006-03-22,7:00p,,Chicago Bulls,W,,95,85,34,32,W 1
2006,IND,2006-03-24,7:00p,,Detroit Pistons,L,,72,75,34,33,L 1
2006,IND,2006-03-26,1:00p,,Philadelphia 76ers,W,,92,79,35,33,W 1
2006,IND,2006-03-27,7:30p,@,Miami Heat,L,,91,96,35,34,L 1
2006,IND,2006-03-29,7:00p,@,Atlanta Hawks,L,,93,94,35,35,L 2
2006,IND,2006-03-30,8:00p,,Phoenix Suns,L,,104,114,35,36,L 3
2006,IND,2006-04-01,8:30p,@,Milwaukee Bucks,L,,89,96,35,37,L 4
2006,IND,2006-04-04,8:30p,@,Chicago Bulls,L,,96,102,35,38,L 5
2006,IND,2006-04-05,7:00p,,Toronto Raptors,W,,111,103,36,38,W 1
2006,IND,2006-04-07,8:00p,@,New York Knicks,L,,96,98,36,39,L 1
2006,IND,2006-04-09,1:00p,@,Detroit Pistons,L,,73,98,36,40,L 2
2006,IND,2006-04-10,7:00p,,New York Knicks,W,,101,82,37,40,W 1
2006,IND,2006-04-12,7:00p,,Boston Celtics,W,,117,112,38,40,W 2
2006,IND,2006-04-14,8:00p,,Minnesota Timberwolves,W,,89,77,39,40,W 3
2006,IND,2006-04-15,7:30p,@,Charlotte Bobcats,L,OT,91,92,39,41,L 1
2006,IND,2006-04-17,7:00p,@,Toronto Raptors,W,,120,95,40,41,W 1
2006,IND,2006-04-19,7:00p,,Orlando Magic,W,,89,83,41,41,W 2
2006,IND,2006-04-23,1:00p,@,New Jersey Nets,W,,90,88,1,0,W 1
2006,IND,2006-04-25,8:00p,@,New Jersey Nets,L,,75,90,1,1,L 1
2006,IND,2006-04-27,7:30p,,New Jersey Nets,W,,107,95,2,1,W 1
2006,IND,2006-04-29,3:00p,,New Jersey Nets,L,,88,97,2,2,L 1
2006,IND,2006-05-02,7:00p,@,New Jersey Nets,L,,86,92,2,3,L 2
2006,IND,2006-05-04,7:00p,,New Jersey Nets,L,,90,96,2,4,L 3
2006,LAC,2005-11-02,10:00p,@,Seattle SuperSonics,W,,101,93,1,0,W 1
2006,LAC,2005-11-04,10:30p,,Atlanta Hawks,W,,92,77,2,0,W 2
2006,LAC,2005-11-05,10:30p,,Minnesota Timberwolves,W,OT,100,99,3,0,W 3
2006,LAC,2005-11-07,8:00p,@,Minnesota Timberwolves,L,,78,93,3,1,L 1
2006,LAC,2005-11-09,7:00p,@,Washington Wizards,W,,102,97,4,1,W 1
2006,LAC,2005-11-10,7:00p,@,Atlanta Hawks,W,,102,95,5,1,W 2
2006,LAC,2005-11-13,6:00p,@,Philadelphia 76ers,L,,108,113,5,2,L 1
2006,LAC,2005-11-15,10:30p,,Milwaukee Bucks,W,,109,85,6,2,W 1
2006,LAC,2005-11-18,10:30p,@,Los Angeles Lakers,W,,97,91,7,2,W 2
2006,LAC,2005-11-20,3:30p,,Golden State Warriors,W,,113,101,8,2,W 3
2006,LAC,2005-11-23,10:30p,,Toronto Raptors,W,,103,100,9,2,W 4
2006,LAC,2005-11-25,9:00p,@,Denver Nuggets,L,,95,105,9,3,L 1
2006,LAC,2005-11-27,3:30p,,Indiana Pacers,L,,92,97,9,4,L 2
2006,LAC,2005-11-29,8:00p,@,Minnesota Timberwolves,W,,93,84,10,4,W 1
2006,LAC,2005-11-30,7:00p,@,Cleveland Cavaliers,L,OT,105,112,10,5,L 1
2006,LAC,2005-12-03,10:30p,,Cleveland Cavaliers,W,,102,90,11,5,W 1
2006,LAC,2005-12-05,10:30p,,Miami Heat,W,,99,89,12,5,W 2
2006,LAC,2005-12-07,10:30p,,New York Knicks,W,,84,79,13,5,W 3
2006,LAC,2005-12-10,10:30p,,Phoenix Suns,W,,101,91,14,5,W 4
2006,LAC,2005-12-11,9:00p,,Detroit Pistons,L,,101,109,14,6,L 1
2006,LAC,2005-12-13,8:30p,@,San Antonio Spurs,L,OT,87,95,14,7,L 2
2006,LAC,2005-12-14,8:00p,@,New Orleans/Oklahoma City Hornets,L,,89,102,14,8,L 3
2006,LAC,2005-12-17,3:30p,,Houston Rockets,W,,89,81,15,8,W 1
2006,LAC,2005-12-20,7:30p,@,New Jersey Nets,L,,85,99,15,9,L 1
2006,LAC,2005-12-21,7:00p,@,Indiana Pacers,L,,75,97,15,10,L 2
2006,LAC,2005-12-23,7:30p,@,Charlotte Bobcats,W,,97,88,16,10,W 1
2006,LAC,2005-12-27,10:30p,,Sacramento Kings,L,,93,110,16,11,L 1
2006,LAC,2005-12-31,9:30p,,Boston Celtics,L,,92,111,16,12,L 2
2006,LAC,2006-01-01,9:00p,@,Portland Trail Blazers,W,,100,94,17,12,W 1
2006,LAC,2006-01-06,10:00p,@,Sacramento Kings,L,,114,118,17,13,L 1
2006,LAC,2006-01-07,10:30p,,Los Angeles Lakers,L,,109,112,17,14,L 2
2006,LAC,2006-01-10,10:30p,,Orlando Magic,W,,90,73,18,14,W 1
2006,LAC,2006-01-14,10:30p,,Seattle SuperSonics,W,,98,72,19,14,W 2
2006,LAC,2006-01-16,3:30p,,Utah Jazz,W,OT,102,93,20,14,W 3
2006,LAC,2006-01-18,10:30p,,Phoenix Suns,L,,102,112,20,15,L 1
2006,LAC,2006-01-20,10:30p,,Dallas Mavericks,L,,81,101,20,16,L 2
2006,LAC,2006-01-22,3:30p,,Golden State Warriors,W,,105,92,21,16,W 1
2006,LAC,2006-01-23,10:30p,@,Golden State Warriors,W,,96,93,22,16,W 2
2006,LAC,2006-01-25,10:30p,,New Jersey Nets,W,,90,77,23,16,W 3
2006,LAC,2006-01-27,9:30p,@,Denver Nuggets,W,,105,87,24,16,W 4
2006,LAC,2006-01-28,10:30p,,Denver Nuggets,W,,112,79,25,16,W 5
2006,LAC,2006-01-30,7:30p,@,Miami Heat,L,,114,118,25,17,L 1
2006,LAC,2006-02-01,7:00p,@,Orlando Magic,W,,106,94,26,17,W 1
2006,LAC,2006-02-03,7:30p,@,Boston Celtics,W,,98,81,27,17,W 2
2006,LAC,2006-02-05,1:00p,@,Toronto Raptors,W,OT,115,113,28,17,W 3
2006,LAC,2006-02-07,7:30p,@,New York Knicks,W,,85,82,29,17,W 4
2006,LAC,2006-02-08,7:30p,@,Detroit Pistons,L,,87,97,29,18,L 1
2006,LAC,2006-02-10,10:30p,,Memphis Grizzlies,W,,91,87,30,18,W 1
2006,LAC,2006-02-12,10:30p,,Chicago Bulls,L,,91,97,30,19,L 1
2006,LAC,2006-02-14,10:30p,,Houston Rockets,L,,97,128,30,20,L 2
2006,LAC,2006-02-15,10:30p,@,Golden State Warriors,L,,81,88,30,21,L 3
2006,LAC,2006-02-21,8:30p,@,Dallas Mavericks,L,,91,93,30,22,L 4
2006,LAC,2006-02-22,8:30p,@,Houston Rockets,L,,102,106,30,23,L 5
2006,LAC,2006-02-24,10:30p,,Los Angeles Lakers,W,,102,83,31,23,W 1
2006,LAC,2006-02-27,10:30p,,Charlotte Bobcats,W,,95,87,32,23,W 2
2006,LAC,2006-03-01,10:30p,,New Orleans/Oklahoma City Hornets,W,,89,67,33,23,W 3
2006,LAC,2006-03-03,10:00p,@,Utah Jazz,L,,103,105,33,24,L 1
2006,LAC,2006-03-05,9:00p,,Memphis Grizzlies,L,,86,102,33,25,L 2
2006,LAC,2006-03-07,10:30p,,San Antonio Spurs,W,,98,85,34,25,W 1
2006,LAC,2006-03-10,8:30p,@,Chicago Bulls,W,,107,96,35,25,W 2
2006,LAC,2006-03-11,8:30p,@,Milwaukee Bucks,W,,106,98,36,25,W 3
2006,LAC,2006-03-13,10:30p,,Minnesota Timberwolves,W,,95,87,37,25,W 4
2006,LAC,2006-03-15,9:00p,@,Phoenix Suns,L,,95,126,37,26,L 1
2006,LAC,2006-03-17,10:30p,,Philadelphia 76ers,W,,99,89,38,26,W 1
2006,LAC,2006-03-20,8:30p,@,Houston Rockets,W,,99,91,39,26,W 2
2006,LAC,2006-03-21,8:00p,@,New Orleans/Oklahoma City Hornets,L,,108,120,39,27,L 1
2006,LAC,2006-03-23,8:00p,@,Memphis Grizzlies,L,,85,95,39,28,L 2
2006,LAC,2006-03-25,3:30p,,Washington Wizards,W,,116,101,40,28,W 1
2006,LAC,2006-03-26,9:00p,@,Portland Trail Blazers,W,,97,83,41,28,W 2
2006,LAC,2006-03-28,10:30p,,San Antonio Spurs,L,,87,98,41,29,L 1
2006,LAC,2006-03-31,10:30p,,Utah Jazz,W,,106,91,42,29,W 1
2006,LAC,2006-04-02,9:00p,@,Sacramento Kings,L,,96,106,42,30,L 1
2006,LAC,2006-04-04,10:30p,,Denver Nuggets,W,,111,109,43,30,W 1
2006,LAC,2006-04-05,10:30p,@,Phoenix Suns,W,,119,105,44,30,W 2
2006,LAC,2006-04-07,10:30p,,Sacramento Kings,L,,93,96,44,31,L 1
2006,LAC,2006-04-09,9:30p,@,Los Angeles Lakers,L,,83,100,44,32,L 2
2006,LAC,2006-04-10,10:30p,,Dallas Mavericks,L,,73,75,44,33,L 3
2006,LAC,2006-04-12,10:30p,,Portland Trail Blazers,W,,97,93,45,33,W 1
2006,LAC,2006-04-14,10:30p,@,Seattle SuperSonics,W,,101,97,46,33,W 2
2006,LAC,2006-04-16,9:00p,,Seattle SuperSonics,L,,98,114,46,34,L 1
2006,LAC,2006-04-18,8:00p,@,Memphis Grizzlies,L,,95,101,46,35,L 2
2006,LAC,2006-04-19,8:00p,@,Dallas Mavericks,W,,85,71,47,35,W 1
2006,LAC,2006-04-22,10:30p,,Denver Nuggets,W,,89,87,1,0,W 1
2006,LAC,2006-04-24,10:30p,,Denver Nuggets,W,,98,87,2,0,W 2
2006,LAC,2006-04-27,10:30p,@,Denver Nuggets,L,,87,94,2,1,L 1
2006,LAC,2006-04-29,10:30p,@,Denver Nuggets,W,,100,86,3,1,W 1
2006,LAC,2006-05-01,10:30p,,Denver Nuggets,W,,101,83,4,1,W 2
2006,LAC,2006-05-08,10:30p,@,Phoenix Suns,L,,123,130,4,2,L 1
2006,LAC,2006-05-10,10:30p,@,Phoenix Suns,W,,122,97,5,2,W 1
2006,LAC,2006-05-12,10:30p,,Phoenix Suns,L,,91,94,5,3,L 1
2006,LAC,2006-05-14,8:00p,,Phoenix Suns,W,,114,107,6,3,W 1
2006,LAC,2006-05-16,10:30p,@,Phoenix Suns,L,2OT,118,125,6,4,L 1
2006,LAC,2006-05-18,10:00p,,Phoenix Suns,W,,118,106,7,4,W 1
2006,LAC,2006-05-22,10:30p,@,Phoenix Suns,L,,107,127,7,5,L 1
2006,LAL,2005-11-02,10:30p,@,Denver Nuggets,W,OT,99,97,1,0,W 1
2006,LAL,2005-11-03,10:30p,,Phoenix Suns,L,,112,122,1,1,L 1
2006,LAL,2005-11-06,9:30p,,Denver Nuggets,W,,112,92,2,1,W 1
2006,LAL,2005-11-08,7:00p,@,Atlanta Hawks,W,,103,97,3,1,W 2
2006,LAL,2005-11-09,8:00p,@,Minnesota Timberwolves,L,,74,88,3,2,L 1
2006,LAL,2005-11-11,8:00p,@,Philadelphia 76ers,L,,81,85,3,3,L 2
2006,LAL,2005-11-14,8:00p,@,Memphis Grizzlies,L,,73,85,3,4,L 3
2006,LAL,2005-11-16,10:00p,,New York Knicks,W,,97,92,4,4,W 1
2006,LAL,2005-11-18,10:30p,,Los Angeles Clippers,L,,91,97,4,5,L 1
2006,LAL,2005-11-20,9:30p,,Chicago Bulls,L,,93,96,4,6,L 2
2006,LAL,2005-11-24,10:30p,,Seattle SuperSonics,W,,108,96,5,6,W 1
2006,LAL,2005-11-27,9:30p,,New Jersey Nets,L,OT,96,102,5,7,L 1
2006,LAL,2005-11-29,8:30p,@,San Antonio Spurs,L,,84,90,5,8,L 2
2006,LAL,2005-12-01,10:30p,@,Utah Jazz,W,OT,105,101,6,8,W 1
2006,LAL,2005-12-02,10:30p,,Minnesota Timberwolves,L,,108,113,6,9,L 1
2006,LAL,2005-12-04,9:30p,,Charlotte Bobcats,W,,99,98,7,9,W 1
2006,LAL,2005-12-06,8:00p,@,Milwaukee Bucks,W,,111,92,8,9,W 2
2006,LAL,2005-12-07,7:00p,@,Toronto Raptors,W,,102,91,9,9,W 3
2006,LAL,2005-12-09,8:30p,@,Chicago Bulls,W,,93,80,10,9,W 4
2006,LAL,2005-12-10,8:00p,@,Minnesota Timberwolves,L,,82,95,10,10,L 1
2006,LAL,2005-12-12,8:30p,@,Dallas Mavericks,W,,109,106,11,10,W 1
2006,LAL,2005-12-14,8:00p,@,Memphis Grizzlies,W,,94,79,12,10,W 2
2006,LAL,2005-12-16,10:30p,,Washington Wizards,W,,97,91,13,10,W 3
2006,LAL,2005-12-18,9:30p,,Houston Rockets,L,,74,76,13,11,L 1
2006,LAL,2005-12-20,10:30p,,Dallas Mavericks,W,,112,90,14,11,W 1
2006,LAL,2005-12-23,7:00p,@,Orlando Magic,W,,104,88,15,11,W 2
2006,LAL,2005-12-25,3:00p,@,Miami Heat,L,,92,97,15,12,L 1
2006,LAL,2005-12-26,7:00p,@,Washington Wizards,L,,91,94,15,13,L 2
2006,LAL,2005-12-28,10:30p,,Memphis Grizzlies,L,OT,99,100,15,14,L 3
2006,LAL,2006-01-01,9:30p,,Utah Jazz,L,,94,98,15,15,L 4
2006,LAL,2006-01-03,9:00p,@,Utah Jazz,L,,80,90,15,16,L 5
2006,LAL,2006-01-06,10:30p,,Philadelphia 76ers,W,,119,93,16,16,W 1
2006,LAL,2006-01-07,10:30p,@,Los Angeles Clippers,W,,112,109,17,16,W 2
2006,LAL,2006-01-09,10:30p,,Indiana Pacers,W,,96,90,18,16,W 3
2006,LAL,2006-01-11,10:00p,@,Portland Trail Blazers,L,,103,113,18,17,L 1
2006,LAL,2006-01-12,10:30p,,Cleveland Cavaliers,W,,99,98,19,17,W 1
2006,LAL,2006-01-14,10:30p,@,Golden State Warriors,W,,110,104,20,17,W 2
2006,LAL,2006-01-16,10:30p,,Miami Heat,W,,100,92,21,17,W 3
2006,LAL,2006-01-19,10:30p,@,Sacramento Kings,L,OT,109,118,21,18,L 1
2006,LAL,2006-01-20,10:30p,@,Phoenix Suns,L,,93,106,21,19,L 2
2006,LAL,2006-01-22,9:30p,,Toronto Raptors,W,,122,104,22,19,W 1
2006,LAL,2006-01-27,10:30p,,Golden State Warriors,W,OT,106,105,23,19,W 2
2006,LAL,2006-01-29,6:30p,@,Detroit Pistons,L,,93,102,23,20,L 1
2006,LAL,2006-01-31,7:30p,@,New York Knicks,W,,130,97,24,20,W 1
2006,LAL,2006-02-01,7:00p,@,Indiana Pacers,L,,79,105,24,21,L 1
2006,LAL,2006-02-03,7:30p,@,Charlotte Bobcats,L,,102,112,24,22,L 2
2006,LAL,2006-02-04,8:00p,@,New Orleans/Oklahoma City Hornets,L,,90,106,24,23,L 3
2006,LAL,2006-02-07,8:30p,@,Dallas Mavericks,L,,87,102,24,24,L 4
2006,LAL,2006-02-08,8:30p,@,Houston Rockets,W,,89,78,25,24,W 1
2006,LAL,2006-02-11,10:30p,,Memphis Grizzlies,L,,99,100,25,25,L 1
2006,LAL,2006-02-13,10:30p,,Utah Jazz,W,,94,88,26,25,W 1
2006,LAL,2006-02-15,10:30p,,Atlanta Hawks,L,,110,114,26,26,L 1
2006,LAL,2006-02-21,10:30p,,Portland Trail Blazers,W,,99,82,27,26,W 1
2006,LAL,2006-02-23,10:30p,,Sacramento Kings,W,,106,85,28,26,W 2
2006,LAL,2006-02-24,10:30p,@,Los Angeles Clippers,L,,83,102,28,27,L 1
2006,LAL,2006-02-26,7:30p,,Boston Celtics,L,,111,112,28,28,L 2
2006,LAL,2006-02-28,10:30p,,Orlando Magic,W,,102,87,29,28,W 1
2006,LAL,2006-03-01,10:00p,@,Portland Trail Blazers,L,,93,99,29,29,L 1
2006,LAL,2006-03-03,10:30p,@,Golden State Warriors,W,,106,94,30,29,W 1
2006,LAL,2006-03-04,10:30p,,Detroit Pistons,W,,105,94,31,29,W 2
2006,LAL,2006-03-06,10:30p,,San Antonio Spurs,L,,96,103,31,30,L 1
2006,LAL,2006-03-08,8:00p,@,New Orleans/Oklahoma City Hornets,W,,113,107,32,30,W 1
2006,LAL,2006-03-10,8:30p,@,San Antonio Spurs,W,,100,92,33,30,W 2
2006,LAL,2006-03-12,3:30p,,Seattle SuperSonics,L,,113,120,33,31,L 1
2006,LAL,2006-03-14,10:00p,@,Sacramento Kings,L,,98,114,33,32,L 2
2006,LAL,2006-03-15,10:30p,,Minnesota Timberwolves,W,,92,89,34,32,W 1
2006,LAL,2006-03-17,7:30p,@,New Jersey Nets,L,,89,92,34,33,L 1
2006,LAL,2006-03-19,1:00p,@,Cleveland Cavaliers,L,,95,96,34,34,L 2
2006,LAL,2006-03-20,7:30p,@,Boston Celtics,W,,105,97,35,34,W 1
2006,LAL,2006-03-22,10:30p,,Sacramento Kings,W,,87,80,36,34,W 2
2006,LAL,2006-03-24,10:30p,,Milwaukee Bucks,W,,101,96,37,34,W 3
2006,LAL,2006-03-26,9:30p,,New Orleans/Oklahoma City Hornets,W,,105,94,38,34,W 4
2006,LAL,2006-03-30,10:30p,,San Antonio Spurs,L,,85,96,38,35,L 1
2006,LAL,2006-03-31,10:30p,@,Seattle SuperSonics,W,,106,93,39,35,W 1
2006,LAL,2006-04-02,3:30p,,Houston Rockets,W,,104,88,40,35,W 2
2006,LAL,2006-04-06,10:30p,@,Denver Nuggets,L,OT,108,110,40,36,L 1
2006,LAL,2006-04-07,10:30p,@,Phoenix Suns,L,,96,107,40,37,L 2
2006,LAL,2006-04-09,9:30p,,Los Angeles Clippers,W,,100,83,41,37,W 1
2006,LAL,2006-04-11,10:30p,,Golden State Warriors,W,,111,100,42,37,W 2
2006,LAL,2006-04-14,10:30p,,Portland Trail Blazers,W,,110,99,43,37,W 3
2006,LAL,2006-04-16,3:30p,,Phoenix Suns,W,,109,89,44,37,W 4
2006,LAL,2006-04-19,10:30p,,New Orleans/Oklahoma City Hornets,W,,115,95,45,37,W 5
2006,LAL,2006-04-23,3:30p,@,Phoenix Suns,L,,102,107,0,1,L 1
2006,LAL,2006-04-26,10:30p,@,Phoenix Suns,W,,99,93,1,1,W 1
2006,LAL,2006-04-28,10:30p,,Phoenix Suns,W,,99,92,2,1,W 2
2006,LAL,2006-04-30,3:30p,,Phoenix Suns,W,OT,99,98,3,1,W 3
2006,LAL,2006-05-02,10:30p,@,Phoenix Suns,L,,97,114,3,2,L 1
2006,LAL,2006-05-04,10:30p,,Phoenix Suns,L,OT,118,126,3,3,L 2
2006,LAL,2006-05-06,8:30p,@,Phoenix Suns,L,,90,121,3,4,L 3
2006,MEM,2005-11-02,8:00p,,Miami Heat,L,,78,97,0,1,L 1
2006,MEM,2005-11-04,7:00p,@,Orlando Magic,W,,94,85,1,1,W 1
2006,MEM,2005-11-05,8:00p,,Cleveland Cavaliers,W,,113,106,2,1,W 2
2006,MEM,2005-11-08,8:00p,,Seattle SuperSonics,W,,94,69,3,1,W 3
2006,MEM,2005-11-09,7:30p,@,Boston Celtics,L,,98,99,3,2,L 1
2006,MEM,2005-11-11,7:30p,@,Cleveland Cavaliers,L,,70,89,3,3,L 2
2006,MEM,2005-11-12,7:00p,@,Atlanta Hawks,W,,85,84,4,3,W 1
2006,MEM,2005-11-14,8:00p,,Los Angeles Lakers,W,,85,73,5,3,W 2
2006,MEM,2005-11-16,9:00p,@,Phoenix Suns,W,,115,103,6,3,W 3
2006,MEM,2005-11-19,9:00p,@,Utah Jazz,W,,80,72,7,3,W 4
2006,MEM,2005-11-20,9:00p,@,Denver Nuggets,L,,83,99,7,4,L 1
2006,MEM,2005-11-22,8:00p,,Portland Trail Blazers,L,,87,95,7,5,L 2
2006,MEM,2005-11-25,8:00p,,Houston Rockets,W,,86,81,8,5,W 1
2006,MEM,2005-11-26,8:30p,@,Dallas Mavericks,W,,112,92,9,5,W 2
2006,MEM,2005-11-30,7:00p,@,Toronto Raptors,W,,92,66,10,5,W 3
2006,MEM,2005-12-02,8:00p,,Orlando Magic,W,,91,69,11,5,W 4
2006,MEM,2005-12-03,8:30p,@,Houston Rockets,W,,90,75,12,5,W 5
2006,MEM,2005-12-06,8:00p,,New Orleans/Oklahoma City Hornets,W,,89,73,13,5,W 6
2006,MEM,2005-12-09,8:00p,,Dallas Mavericks,L,,83,90,13,6,L 1
2006,MEM,2005-12-10,8:00p,@,Indiana Pacers,L,,66,80,13,7,L 2
2006,MEM,2005-12-14,8:00p,,Los Angeles Lakers,L,,79,94,13,8,L 3
2006,MEM,2005-12-17,8:00p,,Phoenix Suns,W,,91,87,14,8,W 1
2006,MEM,2005-12-19,8:00p,,Detroit Pistons,L,2OT,104,106,14,9,L 1
2006,MEM,2005-12-21,8:00p,,Portland Trail Blazers,W,,89,79,15,9,W 1
2006,MEM,2005-12-23,8:00p,,Chicago Bulls,W,,95,77,16,9,W 2
2006,MEM,2005-12-26,9:00p,@,Utah Jazz,L,OT,102,105,16,10,L 1
2006,MEM,2005-12-28,10:30p,@,Los Angeles Lakers,W,OT,100,99,17,10,W 1
2006,MEM,2005-12-30,10:00p,@,Portland Trail Blazers,W,,93,90,18,10,W 2
2006,MEM,2005-12-31,9:00p,@,Seattle SuperSonics,W,,100,96,19,10,W 3
2006,MEM,2006-01-03,8:00p,,Golden State Warriors,W,,104,94,20,10,W 4
2006,MEM,2006-01-06,8:00p,,Utah Jazz,W,,87,65,21,10,W 5
2006,MEM,2006-01-07,8:30p,@,Chicago Bulls,L,,82,111,21,11,L 1
2006,MEM,2006-01-10,8:00p,,Sacramento Kings,W,,99,85,22,11,W 1
2006,MEM,2006-01-13,8:00p,,New Jersey Nets,W,,81,69,23,11,W 2
2006,MEM,2006-01-14,8:30p,@,San Antonio Spurs,L,,79,80,23,12,L 1
2006,MEM,2006-01-16,8:00p,,San Antonio Spurs,L,,83,93,23,13,L 2
2006,MEM,2006-01-18,8:00p,@,New Orleans/Oklahoma City Hornets,L,,79,87,23,14,L 3
2006,MEM,2006-01-20,7:00p,@,Philadelphia 76ers,L,OT,86,89,23,15,L 4
2006,MEM,2006-01-22,3:30p,@,Washington Wizards,W,,93,82,24,15,W 1
2006,MEM,2006-01-24,7:30p,@,Miami Heat,L,,82,94,24,16,L 1
2006,MEM,2006-01-25,9:00p,,Minnesota Timberwolves,W,,107,87,25,16,W 1
2006,MEM,2006-01-27,8:00p,@,Detroit Pistons,L,,89,95,25,17,L 1
2006,MEM,2006-01-28,8:00p,,New Orleans/Oklahoma City Hornets,L,,86,95,25,18,L 2
2006,MEM,2006-01-30,8:00p,,Houston Rockets,W,,86,77,26,18,W 1
2006,MEM,2006-02-01,8:00p,,Dallas Mavericks,L,,80,81,26,19,L 1
2006,MEM,2006-02-04,8:30p,@,Milwaukee Bucks,L,,78,88,26,20,L 2
2006,MEM,2006-02-07,10:00p,@,Sacramento Kings,L,,96,104,26,21,L 3
2006,MEM,2006-02-08,9:00p,@,Phoenix Suns,L,,102,108,26,22,L 4
2006,MEM,2006-02-10,10:30p,@,Los Angeles Clippers,L,,87,91,26,23,L 5
2006,MEM,2006-02-11,10:30p,@,Los Angeles Lakers,W,,100,99,27,23,W 1
2006,MEM,2006-02-13,10:30p,@,Golden State Warriors,W,,81,79,28,23,W 2
2006,MEM,2006-02-15,8:00p,,Sacramento Kings,W,,84,78,29,23,W 3
2006,MEM,2006-02-21,8:00p,,Toronto Raptors,W,,94,88,30,23,W 4
2006,MEM,2006-02-23,8:30p,@,Dallas Mavericks,L,,87,97,30,24,L 1
2006,MEM,2006-02-24,8:00p,,San Antonio Spurs,L,,80,83,30,25,L 2
2006,MEM,2006-02-26,3:30p,@,Minnesota Timberwolves,L,,99,105,30,26,L 3
2006,MEM,2006-02-27,8:00p,,Washington Wizards,W,,108,98,31,26,W 1
2006,MEM,2006-03-01,8:00p,,New York Knicks,W,,101,99,32,26,W 2
2006,MEM,2006-03-05,9:00p,@,Los Angeles Clippers,W,,102,86,33,26,W 3
2006,MEM,2006-03-06,9:00p,@,Denver Nuggets,L,,101,115,33,27,L 1
2006,MEM,2006-03-08,10:00p,@,Seattle SuperSonics,W,,99,74,34,27,W 1
2006,MEM,2006-03-10,10:00p,@,Sacramento Kings,L,,93,105,34,28,L 1
2006,MEM,2006-03-12,4:00p,,Philadelphia 76ers,L,,91,94,34,29,L 2
2006,MEM,2006-03-14,8:00p,,Boston Celtics,W,,93,76,35,29,W 1
2006,MEM,2006-03-17,8:00p,,Denver Nuggets,W,,116,102,36,29,W 2
2006,MEM,2006-03-19,4:00p,,Utah Jazz,W,,90,84,37,29,W 3
2006,MEM,2006-03-21,8:00p,,Indiana Pacers,W,,105,75,38,29,W 4
2006,MEM,2006-03-23,8:00p,,Los Angeles Clippers,W,,95,85,39,29,W 5
2006,MEM,2006-03-24,7:30p,@,New York Knicks,W,,91,75,40,29,W 6
2006,MEM,2006-03-26,4:00p,,Charlotte Bobcats,W,,102,95,41,29,W 7
2006,MEM,2006-03-28,8:00p,,Seattle SuperSonics,L,,97,98,41,30,L 1
2006,MEM,2006-03-29,7:30p,@,New Jersey Nets,L,,74,86,41,31,L 2
2006,MEM,2006-03-31,8:00p,@,New Orleans/Oklahoma City Hornets,L,,102,107,41,32,L 3
2006,MEM,2006-04-02,4:00p,,Atlanta Hawks,W,,98,87,42,32,W 1
2006,MEM,2006-04-04,8:00p,,Golden State Warriors,W,,100,75,43,32,W 2
2006,MEM,2006-04-07,8:00p,,Milwaukee Bucks,W,,100,90,44,32,W 3
2006,MEM,2006-04-09,7:00p,@,San Antonio Spurs,L,,81,83,44,33,L 1
2006,MEM,2006-04-11,8:00p,,Minnesota Timberwolves,W,,92,76,45,33,W 1
2006,MEM,2006-04-12,7:30p,@,Charlotte Bobcats,W,,96,88,46,33,W 2
2006,MEM,2006-04-15,8:30p,@,Houston Rockets,W,,93,81,47,33,W 3
2006,MEM,2006-04-18,8:00p,,Los Angeles Clippers,W,,101,95,48,33,W 4
2006,MEM,2006-04-19,8:00p,@,Minnesota Timberwolves,W,2OT,102,92,49,33,W 5
2006,MEM,2006-04-23,9:30p,@,Dallas Mavericks,L,,93,103,0,1,L 1
2006,MEM,2006-04-26,8:00p,@,Dallas Mavericks,L,,79,94,0,2,L 2
2006,MEM,2006-04-29,5:30p,,Dallas Mavericks,L,OT,89,94,0,3,L 3
2006,MEM,2006-05-01,8:00p,,Dallas Mavericks,L,,76,102,0,4,L 4
2006,MIA,2005-11-02,8:00p,@,Memphis Grizzlies,W,,97,78,1,0,W 1
2006,MIA,2005-11-03,8:00p,,Indiana Pacers,L,,102,105,1,1,L 1
2006,MIA,2005-11-05,8:30p,@,Milwaukee Bucks,L,,100,105,1,2,L 2
2006,MIA,2005-11-07,7:30p,,New Jersey Nets,W,,90,89,2,2,W 1
2006,MIA,2005-11-09,8:00p,@,Indiana Pacers,L,,90,95,2,3,L 1
2006,MIA,2005-11-10,8:00p,,Houston Rockets,W,,88,84,3,3,W 1
2006,MIA,2005-11-12,7:30p,,Charlotte Bobcats,W,,108,99,4,3,W 2
2006,MIA,2005-11-15,7:30p,,New Orleans/Oklahoma City Hornets,W,OT,109,102,5,3,W 3
2006,MIA,2005-11-18,7:30p,,Philadelphia 76ers,W,,106,96,6,3,W 4
2006,MIA,2005-11-20,1:00p,@,Toronto Raptors,L,,94,107,6,4,L 1
2006,MIA,2005-11-23,7:30p,,Portland Trail Blazers,W,,100,79,7,4,W 1
2006,MIA,2005-11-25,8:00p,,Dallas Mavericks,L,,90,103,7,5,L 1
2006,MIA,2005-11-26,7:00p,@,Orlando Magic,L,,77,80,7,6,L 2
2006,MIA,2005-11-28,7:30p,,New York Knicks,W,,107,94,8,6,W 1
2006,MIA,2005-11-30,7:00p,@,Atlanta Hawks,W,,96,74,9,6,W 2
2006,MIA,2005-12-02,10:00p,@,Sacramento Kings,W,,98,87,10,6,W 3
2006,MIA,2005-12-03,9:00p,@,Denver Nuggets,L,,99,101,10,7,L 1
2006,MIA,2005-12-05,10:30p,@,Los Angeles Clippers,L,,89,99,10,8,L 2
2006,MIA,2005-12-07,9:00p,@,San Antonio Spurs,L,,84,98,10,9,L 3
2006,MIA,2005-12-09,7:30p,,Denver Nuggets,L,,92,100,10,10,L 4
2006,MIA,2005-12-11,6:00p,,Washington Wizards,W,OT,104,101,11,10,W 1
2006,MIA,2005-12-13,8:30p,@,Chicago Bulls,W,,100,97,12,10,W 2
2006,MIA,2005-12-14,8:00p,@,Milwaukee Bucks,W,,100,83,13,10,W 3
2006,MIA,2005-12-16,8:00p,@,Philadelphia 76ers,W,,112,105,14,10,W 4
2006,MIA,2005-12-17,7:30p,@,Cleveland Cavaliers,L,,107,115,14,11,L 1
2006,MIA,2005-12-20,7:30p,,Atlanta Hawks,W,,111,92,15,11,W 1
2006,MIA,2005-12-23,7:30p,,New Jersey Nets,L,,88,95,15,12,L 1
2006,MIA,2005-12-25,3:00p,,Los Angeles Lakers,W,,97,92,16,12,W 1
2006,MIA,2005-12-27,7:30p,,Milwaukee Bucks,W,,109,98,17,12,W 2
2006,MIA,2005-12-29,8:00p,@,Detroit Pistons,L,,101,106,17,13,L 1
2006,MIA,2005-12-30,7:00p,@,Washington Wizards,W,,128,113,18,13,W 1
2006,MIA,2006-01-01,6:00p,,Minnesota Timberwolves,W,,97,70,19,13,W 2
2006,MIA,2006-01-04,8:00p,@,New Orleans/Oklahoma City Hornets,L,,92,107,19,14,L 1
2006,MIA,2006-01-06,10:30p,@,Phoenix Suns,L,,93,111,19,15,L 2
2006,MIA,2006-01-08,9:00p,@,Portland Trail Blazers,W,,118,89,20,15,W 1
2006,MIA,2006-01-11,10:30p,@,Golden State Warriors,W,,110,96,21,15,W 2
2006,MIA,2006-01-13,10:30p,@,Seattle SuperSonics,W,,117,104,22,15,W 3
2006,MIA,2006-01-14,9:00p,@,Utah Jazz,W,,100,94,23,15,W 4
2006,MIA,2006-01-16,10:30p,@,Los Angeles Lakers,L,,92,100,23,16,L 1
2006,MIA,2006-01-20,8:00p,,San Antonio Spurs,L,,94,101,23,17,L 2
2006,MIA,2006-01-22,6:00p,,Sacramento Kings,W,,119,99,24,17,W 1
2006,MIA,2006-01-24,7:30p,,Memphis Grizzlies,W,,94,82,25,17,W 2
2006,MIA,2006-01-26,8:00p,,Phoenix Suns,L,,98,107,25,18,L 1
2006,MIA,2006-01-27,7:30p,@,Charlotte Bobcats,W,,91,85,26,18,W 1
2006,MIA,2006-01-29,3:30p,@,Houston Rockets,W,,101,95,27,18,W 2
2006,MIA,2006-01-30,7:30p,,Los Angeles Clippers,W,,118,114,28,18,W 3
2006,MIA,2006-02-02,8:00p,,Cleveland Cavaliers,W,,101,73,29,18,W 4
2006,MIA,2006-02-04,1:00p,@,New Jersey Nets,L,,92,105,29,19,L 1
2006,MIA,2006-02-06,7:30p,,Boston Celtics,W,,114,98,30,19,W 1
2006,MIA,2006-02-09,8:00p,@,Dallas Mavericks,L,,76,112,30,20,L 1
2006,MIA,2006-02-12,3:30p,,Detroit Pistons,W,,100,98,31,20,W 1
2006,MIA,2006-02-14,7:30p,,Orlando Magic,W,,107,93,32,20,W 2
2006,MIA,2006-02-15,7:00p,@,Orlando Magic,W,,110,100,33,20,W 3
2006,MIA,2006-02-22,7:30p,@,New York Knicks,W,,103,83,34,20,W 4
2006,MIA,2006-02-25,7:30p,,Seattle SuperSonics,W,,115,106,35,20,W 5
2006,MIA,2006-02-27,7:30p,,Toronto Raptors,W,,101,94,36,20,W 6
2006,MIA,2006-03-01,7:30p,@,Boston Celtics,W,,103,96,37,20,W 7
2006,MIA,2006-03-04,7:30p,,Atlanta Hawks,W,,95,93,38,20,W 8
2006,MIA,2006-03-06,7:30p,@,Charlotte Bobcats,W,OT,106,105,39,20,W 9
2006,MIA,2006-03-08,7:30p,,Washington Wizards,W,,118,112,40,20,W 10
2006,MIA,2006-03-10,7:30p,,Golden State Warriors,L,,106,111,40,21,L 1
2006,MIA,2006-03-12,1:00p,,Cleveland Cavaliers,W,,98,92,41,21,W 1
2006,MIA,2006-03-14,7:30p,,Utah Jazz,W,,121,83,42,21,W 2
2006,MIA,2006-03-16,8:00p,,Boston Celtics,W,,107,104,43,21,W 3
2006,MIA,2006-03-18,2:00p,@,Chicago Bulls,W,,85,84,44,21,W 4
2006,MIA,2006-03-19,7:30p,@,New York Knicks,W,,111,100,45,21,W 5
2006,MIA,2006-03-21,8:00p,@,Minnesota Timberwolves,L,,96,100,45,22,L 1
2006,MIA,2006-03-22,8:00p,@,Detroit Pistons,L,,73,82,45,23,L 2
2006,MIA,2006-03-24,7:30p,,Charlotte Bobcats,W,,114,93,46,23,W 1
2006,MIA,2006-03-27,7:30p,,Indiana Pacers,W,,96,91,47,23,W 2
2006,MIA,2006-03-29,7:00p,@,Toronto Raptors,W,,98,94,48,23,W 3
2006,MIA,2006-04-01,2:00p,@,Cleveland Cavaliers,L,,99,106,48,24,L 1
2006,MIA,2006-04-02,6:00p,@,New Jersey Nets,L,,78,90,48,25,L 2
2006,MIA,2006-04-04,7:30p,,Milwaukee Bucks,W,,115,89,49,25,W 1
2006,MIA,2006-04-06,8:00p,,Detroit Pistons,L,,82,95,49,26,L 1
2006,MIA,2006-04-08,7:00p,@,Washington Wizards,W,,99,86,50,26,W 1
2006,MIA,2006-04-09,6:00p,,Orlando Magic,L,,84,93,50,27,L 1
2006,MIA,2006-04-11,7:30p,,Toronto Raptors,W,,106,97,51,27,W 1
2006,MIA,2006-04-14,7:30p,,Philadelphia 76ers,W,,104,85,52,27,W 2
2006,MIA,2006-04-16,1:00p,,Chicago Bulls,L,,93,117,52,28,L 1
2006,MIA,2006-04-18,7:00p,@,Atlanta Hawks,L,,100,103,52,29,L 2
2006,MIA,2006-04-19,7:30p,@,Boston Celtics,L,,78,85,52,30,L 3
2006,MIA,2006-04-22,8:00p,,Chicago Bulls,W,,111,106,1,0,W 1
2006,MIA,2006-04-24,8:00p,,Chicago Bulls,W,,115,108,2,0,W 2
2006,MIA,2006-04-27,8:00p,@,Chicago Bulls,L,,90,109,2,1,L 1
2006,MIA,2006-04-30,1:00p,@,Chicago Bulls,L,,87,93,2,2,L 2
2006,MIA,2006-05-02,8:00p,,Chicago Bulls,W,,92,78,3,2,W 1
2006,MIA,2006-05-04,8:00p,@,Chicago Bulls,W,,113,96,4,2,W 2
2006,MIA,2006-05-08,8:00p,,New Jersey Nets,L,,88,100,4,3,L 1
2006,MIA,2006-05-10,8:00p,,New Jersey Nets,W,,111,89,5,3,W 1
2006,MIA,2006-05-12,8:00p,@,New Jersey Nets,W,,103,92,6,3,W 2
2006,MIA,2006-05-14,3:30p,@,New Jersey Nets,W,,102,92,7,3,W 3
2006,MIA,2006-05-16,8:00p,,New Jersey Nets,W,,106,105,8,3,W 4
2006,MIA,2006-05-23,8:00p,@,Detroit Pistons,W,,91,86,9,3,W 5
2006,MIA,2006-05-25,8:00p,@,Detroit Pistons,L,,88,92,9,4,L 1
2006,MIA,2006-05-27,8:00p,,Detroit Pistons,W,,98,83,10,4,W 1
2006,MIA,2006-05-29,8:00p,,Detroit Pistons,W,,89,78,11,4,W 2
2006,MIA,2006-05-31,8:00p,@,Detroit Pistons,L,,78,91,11,5,L 1
2006,MIA,2006-06-02,8:00p,,Detroit Pistons,W,,95,78,12,5,W 1
2006,MIA,2006-06-08,9:00p,@,Dallas Mavericks,L,,80,90,12,6,L 1
2006,MIA,2006-06-11,9:00p,@,Dallas Mavericks,L,,85,99,12,7,L 2
2006,MIA,2006-06-13,9:00p,,Dallas Mavericks,W,,98,96,13,7,W 1
2006,MIA,2006-06-15,9:00p,,Dallas Mavericks,W,,98,74,14,7,W 2
2006,MIA,2006-06-18,9:00p,,Dallas Mavericks,W,OT,101,100,15,7,W 3
2006,MIA,2006-06-20,9:00p,@,Dallas Mavericks,W,,95,92,16,7,W 4
2006,MIL,2005-11-01,7:00p,@,Philadelphia 76ers,W,OT,117,108,1,0,W 1
2006,MIL,2005-11-02,7:30p,@,New Jersey Nets,W,,110,96,2,0,W 2
2006,MIL,2005-11-05,8:30p,,Miami Heat,W,,105,100,3,0,W 3
2006,MIL,2005-11-08,8:00p,,Golden State Warriors,L,,103,110,3,1,L 1
2006,MIL,2005-11-12,8:30p,,Indiana Pacers,W,,103,102,4,1,W 1
2006,MIL,2005-11-15,10:30p,@,Los Angeles Clippers,L,,85,109,4,2,L 1
2006,MIL,2005-11-16,10:30p,@,Golden State Warriors,W,,90,87,5,2,W 1
2006,MIL,2005-11-18,10:00p,@,Sacramento Kings,L,,82,103,5,3,L 1
2006,MIL,2005-11-21,9:00p,@,Utah Jazz,L,,80,100,5,4,L 2
2006,MIL,2005-11-23,8:00p,,Philadelphia 76ers,W,,108,97,6,4,W 1
2006,MIL,2005-11-25,8:00p,@,Minnesota Timberwolves,L,,91,99,6,5,L 1
2006,MIL,2005-11-26,9:00p,,Detroit Pistons,L,,76,85,6,6,L 2
2006,MIL,2005-11-29,8:00p,,Dallas Mavericks,W,OT,113,111,7,6,W 1
2006,MIL,2005-12-02,7:00p,@,Washington Wizards,W,,105,102,8,6,W 2
2006,MIL,2005-12-03,8:30p,,Orlando Magic,W,,104,84,9,6,W 3
2006,MIL,2005-12-06,8:00p,,Los Angeles Lakers,L,,92,111,9,7,L 1
2006,MIL,2005-12-07,7:00p,@,Philadelphia 76ers,W,,88,85,10,7,W 1
2006,MIL,2005-12-10,8:30p,,Cleveland Cavaliers,W,,111,106,11,7,W 2
2006,MIL,2005-12-12,7:30p,@,New York Knicks,W,,112,92,12,7,W 3
2006,MIL,2005-12-14,8:00p,,Miami Heat,L,,83,100,12,8,L 1
2006,MIL,2005-12-16,7:30p,@,Boston Celtics,W,,100,96,13,8,W 1
2006,MIL,2005-12-17,8:30p,,Utah Jazz,L,,80,88,13,9,L 1
2006,MIL,2005-12-20,8:00p,,San Antonio Spurs,W,OT,109,107,14,9,W 1
2006,MIL,2005-12-23,8:30p,,New Orleans/Oklahoma City Hornets,W,,101,94,15,9,W 2
2006,MIL,2005-12-26,7:00p,@,Orlando Magic,L,,93,108,15,10,L 1
2006,MIL,2005-12-27,7:30p,@,Miami Heat,L,,98,109,15,11,L 2
2006,MIL,2005-12-30,8:30p,,New York Knicks,W,,113,108,16,11,W 1
2006,MIL,2006-01-02,8:30p,@,Chicago Bulls,W,,93,92,17,11,W 2
2006,MIL,2006-01-04,8:00p,,Cleveland Cavaliers,L,,84,91,17,12,L 1
2006,MIL,2006-01-06,8:30p,,Chicago Bulls,L,,91,105,17,13,L 2
2006,MIL,2006-01-07,7:30p,@,Cleveland Cavaliers,L,,88,96,17,14,L 3
2006,MIL,2006-01-10,8:00p,,Minnesota Timberwolves,W,,95,92,18,14,W 1
2006,MIL,2006-01-11,7:00p,@,Indiana Pacers,L,,88,112,18,15,L 1
2006,MIL,2006-01-13,7:30p,@,Charlotte Bobcats,W,,103,102,19,15,W 1
2006,MIL,2006-01-14,8:30p,,Denver Nuggets,L,,93,100,19,16,L 1
2006,MIL,2006-01-16,8:30p,@,Dallas Mavericks,L,,95,114,19,17,L 2
2006,MIL,2006-01-18,8:30p,@,San Antonio Spurs,L,,92,95,19,18,L 3
2006,MIL,2006-01-20,7:00p,@,Atlanta Hawks,W,,118,102,20,18,W 1
2006,MIL,2006-01-21,8:30p,,Charlotte Bobcats,W,,101,91,21,18,W 2
2006,MIL,2006-01-23,8:00p,,Houston Rockets,L,,80,97,21,19,L 1
2006,MIL,2006-01-25,7:30p,@,Detroit Pistons,L,OT,102,106,21,20,L 2
2006,MIL,2006-01-27,8:30p,,Toronto Raptors,W,,108,87,22,20,W 1
2006,MIL,2006-01-29,3:30p,,Boston Celtics,W,,83,79,23,20,W 2
2006,MIL,2006-01-30,8:00p,@,New Orleans/Oklahoma City Hornets,L,,93,94,23,21,L 1
2006,MIL,2006-02-01,8:30p,@,Houston Rockets,L,,84,86,23,22,L 2
2006,MIL,2006-02-04,8:30p,,Memphis Grizzlies,W,,88,78,24,22,W 1
2006,MIL,2006-02-06,7:00p,@,Cleveland Cavaliers,L,,86,89,24,23,L 1
2006,MIL,2006-02-08,8:00p,,Orlando Magic,W,2OT,94,89,25,23,W 1
2006,MIL,2006-02-11,8:30p,,Charlotte Bobcats,W,,99,93,26,23,W 2
2006,MIL,2006-02-12,6:00p,@,New Jersey Nets,L,,79,94,26,24,L 1
2006,MIL,2006-02-14,8:00p,,Seattle SuperSonics,W,,106,91,27,24,W 1
2006,MIL,2006-02-15,7:00p,@,Indiana Pacers,L,,77,88,27,25,L 1
2006,MIL,2006-02-21,8:00p,,New Jersey Nets,L,,85,89,27,26,L 2
2006,MIL,2006-02-22,9:00p,@,Chicago Bulls,L,,91,97,27,27,L 3
2006,MIL,2006-02-24,8:30p,,Philadelphia 76ers,L,,111,116,27,28,L 4
2006,MIL,2006-02-25,7:00p,@,Atlanta Hawks,W,,99,89,28,28,W 1
2006,MIL,2006-02-27,9:00p,@,Denver Nuggets,W,,110,89,29,28,W 2
2006,MIL,2006-03-01,9:00p,@,Phoenix Suns,L,,110,123,29,29,L 1
2006,MIL,2006-03-04,8:30p,,New York Knicks,L,,98,103,29,30,L 2
2006,MIL,2006-03-08,8:00p,,Sacramento Kings,L,,116,123,29,31,L 3
2006,MIL,2006-03-10,7:30p,@,Boston Celtics,W,,92,86,30,31,W 1
2006,MIL,2006-03-11,8:30p,,Los Angeles Clippers,L,,98,106,30,32,L 1
2006,MIL,2006-03-13,8:00p,,Atlanta Hawks,W,,88,87,31,32,W 1
2006,MIL,2006-03-15,8:00p,,Chicago Bulls,W,,104,88,32,32,W 2
2006,MIL,2006-03-17,7:00p,@,Toronto Raptors,L,,96,97,32,33,L 1
2006,MIL,2006-03-18,8:30p,,Portland Trail Blazers,W,,97,93,33,33,W 1
2006,MIL,2006-03-20,10:00p,@,Portland Trail Blazers,W,,100,93,34,33,W 2
2006,MIL,2006-03-22,10:00p,@,Seattle SuperSonics,L,,105,114,34,34,L 1
2006,MIL,2006-03-24,10:30p,@,Los Angeles Lakers,L,,96,101,34,35,L 2
2006,MIL,2006-03-26,3:30p,,Toronto Raptors,W,OT,125,116,35,35,W 1
2006,MIL,2006-03-28,8:00p,,Phoenix Suns,W,,132,110,36,35,W 2
2006,MIL,2006-03-31,8:00p,@,Detroit Pistons,L,,105,112,36,36,L 1
2006,MIL,2006-04-01,8:30p,,Indiana Pacers,W,,96,89,37,36,W 1
2006,MIL,2006-04-04,7:30p,@,Miami Heat,L,,89,115,37,37,L 1
2006,MIL,2006-04-05,7:00p,@,Orlando Magic,L,,105,108,37,38,L 2
2006,MIL,2006-04-07,8:00p,@,Memphis Grizzlies,L,,90,100,37,39,L 3
2006,MIL,2006-04-09,3:30p,,New Jersey Nets,L,,83,95,37,40,L 4
2006,MIL,2006-04-12,8:00p,,Washington Wizards,W,,100,97,38,40,W 1
2006,MIL,2006-04-14,7:30p,@,New York Knicks,W,,97,80,39,40,W 2
2006,MIL,2006-04-15,8:30p,,Atlanta Hawks,L,,114,120,39,41,L 1
2006,MIL,2006-04-17,8:00p,,Detroit Pistons,W,,113,93,40,41,W 1
2006,MIL,2006-04-18,7:00p,@,Washington Wizards,L,,103,116,40,42,L 1
2006,MIL,2006-04-23,7:00p,@,Detroit Pistons,L,,74,92,0,1,L 1
2006,MIL,2006-04-26,7:30p,@,Detroit Pistons,L,,98,109,0,2,L 2
2006,MIL,2006-04-29,8:00p,,Detroit Pistons,W,,124,104,1,2,W 1
2006,MIL,2006-05-01,8:30p,,Detroit Pistons,L,,99,109,1,3,L 1
2006,MIL,2006-05-03,6:00p,@,Detroit Pistons,L,,93,122,1,4,L 2
2006,MIN,2005-11-02,8:00p,,Portland Trail Blazers,W,,90,86,1,0,W 1
2006,MIN,2005-11-04,10:30p,@,Seattle SuperSonics,L,OT,102,107,1,1,L 1
2006,MIN,2005-11-05,10:30p,@,Los Angeles Clippers,L,OT,99,100,1,2,L 2
2006,MIN,2005-11-07,8:00p,,Los Angeles Clippers,W,,93,78,2,2,W 1
2006,MIN,2005-11-09,8:00p,,Los Angeles Lakers,W,,88,74,3,2,W 2
2006,MIN,2005-11-13,9:00p,@,Denver Nuggets,L,,91,102,3,3,L 1
2006,MIN,2005-11-15,8:00p,,Houston Rockets,L,,89,94,3,4,L 2
2006,MIN,2005-11-17,7:00p,,Washington Wizards,W,,109,98,4,4,W 1
2006,MIN,2005-11-19,8:00p,,Charlotte Bobcats,W,,102,89,5,4,W 2
2006,MIN,2005-11-23,8:00p,@,New Orleans/Oklahoma City Hornets,L,,80,84,5,5,L 1
2006,MIN,2005-11-25,8:00p,,Milwaukee Bucks,W,,99,91,6,5,W 1
2006,MIN,2005-11-26,7:30p,@,Cleveland Cavaliers,W,,89,85,7,5,W 2
2006,MIN,2005-11-29,8:00p,,Los Angeles Clippers,L,,84,93,7,6,L 1
2006,MIN,2005-12-02,10:30p,@,Los Angeles Lakers,W,,113,108,8,6,W 1
2006,MIN,2005-12-04,9:00p,@,Sacramento Kings,W,,85,77,9,6,W 2
2006,MIN,2005-12-05,9:00p,@,Utah Jazz,W,,91,77,10,6,W 3
2006,MIN,2005-12-07,10:00p,@,Portland Trail Blazers,W,,84,74,11,6,W 4
2006,MIN,2005-12-10,8:00p,,Los Angeles Lakers,W,,95,82,12,6,W 5
2006,MIN,2005-12-12,7:00p,@,Philadelphia 76ers,L,OT,89,90,12,7,L 1
2006,MIN,2005-12-13,8:00p,,Sacramento Kings,L,,91,93,12,8,L 2
2006,MIN,2005-12-15,8:00p,,San Antonio Spurs,L,,88,90,12,9,L 3
2006,MIN,2005-12-18,8:30p,@,Dallas Mavericks,L,,95,102,12,10,L 4
2006,MIN,2005-12-21,8:00p,,New Orleans/Oklahoma City Hornets,W,,88,69,13,10,W 1
2006,MIN,2005-12-23,8:00p,,Portland Trail Blazers,L,,83,91,13,11,L 1
2006,MIN,2005-12-26,8:00p,,Phoenix Suns,L,,89,103,13,12,L 2
2006,MIN,2005-12-28,8:00p,,Seattle SuperSonics,W,,108,95,14,12,W 1
2006,MIN,2005-12-30,7:00p,@,Orlando Magic,L,,87,107,14,13,L 1
2006,MIN,2006-01-01,6:00p,@,Miami Heat,L,,70,97,14,14,L 2
2006,MIN,2006-01-04,8:00p,,Dallas Mavericks,W,,91,78,15,14,W 1
2006,MIN,2006-01-06,8:00p,@,San Antonio Spurs,L,,77,83,15,15,L 1
2006,MIN,2006-01-07,8:30p,@,Dallas Mavericks,L,,79,83,15,16,L 2
2006,MIN,2006-01-10,8:00p,@,Milwaukee Bucks,L,,92,95,15,17,L 3
2006,MIN,2006-01-11,8:00p,,Chicago Bulls,W,,99,93,16,17,W 1
2006,MIN,2006-01-13,8:00p,,Denver Nuggets,W,,103,89,17,17,W 2
2006,MIN,2006-01-16,1:00p,@,New York Knicks,W,,96,90,18,17,W 3
2006,MIN,2006-01-18,7:30p,@,Boston Celtics,L,,96,103,18,18,L 1
2006,MIN,2006-01-20,8:00p,,Indiana Pacers,W,,90,85,19,18,W 1
2006,MIN,2006-01-22,1:00p,,Philadelphia 76ers,L,,84,86,19,19,L 1
2006,MIN,2006-01-24,8:00p,,Detroit Pistons,L,,83,107,19,20,L 2
2006,MIN,2006-01-25,9:00p,@,Memphis Grizzlies,L,,87,107,19,21,L 3
2006,MIN,2006-01-27,8:30p,@,Houston Rockets,W,,96,92,20,21,W 1
2006,MIN,2006-01-28,8:30p,@,San Antonio Spurs,L,,88,102,20,22,L 1
2006,MIN,2006-01-30,8:00p,,Boston Celtics,W,,110,85,21,22,W 1
2006,MIN,2006-02-01,7:30p,@,Detroit Pistons,L,,74,90,21,23,L 1
2006,MIN,2006-02-03,10:30p,@,Portland Trail Blazers,L,,85,89,21,24,L 2
2006,MIN,2006-02-04,10:30p,@,Golden State Warriors,L,,77,109,21,25,L 3
2006,MIN,2006-02-06,9:00p,@,Phoenix Suns,W,,103,101,22,25,W 1
2006,MIN,2006-02-08,8:00p,,Cleveland Cavaliers,L,,91,97,22,26,L 1
2006,MIN,2006-02-10,8:00p,,Utah Jazz,L,,80,94,22,27,L 2
2006,MIN,2006-02-11,8:00p,,New Orleans/Oklahoma City Hornets,L,,94,100,22,28,L 3
2006,MIN,2006-02-13,8:00p,,Toronto Raptors,L,,94,98,22,29,L 4
2006,MIN,2006-02-15,8:00p,,Seattle SuperSonics,W,,102,92,23,29,W 1
2006,MIN,2006-02-21,7:00p,@,Washington Wizards,L,,78,90,23,30,L 1
2006,MIN,2006-02-24,8:00p,,Denver Nuggets,L,OT,101,102,23,31,L 2
2006,MIN,2006-02-26,3:30p,,Memphis Grizzlies,W,,105,99,24,31,W 1
2006,MIN,2006-02-28,8:30p,@,Chicago Bulls,L,,100,111,24,32,L 1
2006,MIN,2006-03-01,8:00p,,New Jersey Nets,W,,100,90,25,32,W 1
2006,MIN,2006-03-05,3:30p,,Golden State Warriors,W,,103,90,26,32,W 2
2006,MIN,2006-03-07,8:00p,,Houston Rockets,L,,87,93,26,33,L 1
2006,MIN,2006-03-08,9:00p,@,Utah Jazz,L,,93,96,26,34,L 2
2006,MIN,2006-03-10,10:30p,@,Seattle SuperSonics,L,,96,107,26,35,L 3
2006,MIN,2006-03-11,9:00p,@,Phoenix Suns,L,,102,110,26,36,L 4
2006,MIN,2006-03-13,10:30p,@,Los Angeles Clippers,L,,87,95,26,37,L 5
2006,MIN,2006-03-15,10:30p,@,Los Angeles Lakers,L,,89,92,26,38,L 6
2006,MIN,2006-03-16,10:30p,@,Golden State Warriors,L,,97,105,26,39,L 7
2006,MIN,2006-03-19,3:30p,,Sacramento Kings,W,,95,89,27,39,W 1
2006,MIN,2006-03-21,8:00p,,Miami Heat,W,,100,96,28,39,W 2
2006,MIN,2006-03-23,7:30p,@,New Jersey Nets,L,,82,86,28,40,L 1
2006,MIN,2006-03-24,7:00p,@,Toronto Raptors,L,,77,97,28,41,L 2
2006,MIN,2006-03-26,3:30p,,New York Knicks,W,,98,94,29,41,W 1
2006,MIN,2006-03-29,8:00p,,Orlando Magic,W,,103,91,30,41,W 2
2006,MIN,2006-03-31,9:00p,@,Denver Nuggets,L,,94,106,30,42,L 1
2006,MIN,2006-04-02,3:30p,,Golden State Warriors,W,OT,106,104,31,42,W 1
2006,MIN,2006-04-04,7:30p,@,Charlotte Bobcats,L,,92,97,31,43,L 1
2006,MIN,2006-04-05,7:00p,@,Atlanta Hawks,L,,99,101,31,44,L 2
2006,MIN,2006-04-07,8:00p,,Utah Jazz,L,,95,103,31,45,L 3
2006,MIN,2006-04-09,3:30p,,Atlanta Hawks,W,,84,83,32,45,W 1
2006,MIN,2006-04-11,8:00p,@,Memphis Grizzlies,L,,76,92,32,46,L 1
2006,MIN,2006-04-12,8:30p,@,Houston Rockets,W,,82,79,33,46,W 1
2006,MIN,2006-04-14,8:00p,@,Indiana Pacers,L,,77,89,33,47,L 1
2006,MIN,2006-04-16,6:00p,,San Antonio Spurs,L,,90,103,33,48,L 2
2006,MIN,2006-04-19,8:00p,,Memphis Grizzlies,L,2OT,92,102,33,49,L 3
2006,NJN,2005-11-02,7:30p,,Milwaukee Bucks,L,,96,110,0,1,L 1
2006,NJN,2005-11-04,7:00p,@,Toronto Raptors,W,,102,92,1,1,W 1
2006,NJN,2005-11-05,7:30p,,Chicago Bulls,W,,100,99,2,1,W 2
2006,NJN,2005-11-07,7:30p,@,Miami Heat,L,,89,90,2,2,L 1
2006,NJN,2005-11-09,7:30p,,Utah Jazz,W,,91,83,3,2,W 1
2006,NJN,2005-11-11,7:00p,@,Indiana Pacers,L,,90,102,3,3,L 1
2006,NJN,2005-11-12,8:00p,,Houston Rockets,L,,91,99,3,4,L 2
2006,NJN,2005-11-15,7:30p,,Seattle SuperSonics,W,,109,99,4,4,W 1
2006,NJN,2005-11-19,7:30p,,Washington Wizards,W,,89,83,5,4,W 2
2006,NJN,2005-11-21,10:30p,@,Golden State Warriors,L,,97,100,5,5,L 1
2006,NJN,2005-11-23,10:00p,@,Sacramento Kings,L,,105,114,5,6,L 2
2006,NJN,2005-11-25,10:30p,@,Phoenix Suns,L,,81,92,5,7,L 3
2006,NJN,2005-11-27,9:30p,@,Los Angeles Lakers,W,OT,102,96,6,7,W 1
2006,NJN,2005-11-28,9:00p,@,Denver Nuggets,W,,101,92,7,7,W 2
2006,NJN,2005-11-30,7:30p,,Detroit Pistons,L,,83,93,7,8,L 1
2006,NJN,2005-12-03,8:00p,,Toronto Raptors,L,,82,95,7,9,L 2
2006,NJN,2005-12-07,7:30p,@,Charlotte Bobcats,W,,97,84,8,9,W 1
2006,NJN,2005-12-09,7:30p,@,Cleveland Cavaliers,W,,109,100,9,9,W 2
2006,NJN,2005-12-10,7:30p,,Philadelphia 76ers,L,,95,107,9,10,L 1
2006,NJN,2005-12-13,7:00p,@,Washington Wizards,L,,74,94,9,11,L 2
2006,NJN,2005-12-14,7:30p,,Charlotte Bobcats,L,,83,91,9,12,L 3
2006,NJN,2005-12-16,7:30p,,Denver Nuggets,W,OT,115,106,10,12,W 1
2006,NJN,2005-12-18,6:00p,,Golden State Warriors,W,,118,90,11,12,W 2
2006,NJN,2005-12-20,7:30p,,Los Angeles Clippers,W,,99,85,12,12,W 3
2006,NJN,2005-12-21,7:00p,@,Orlando Magic,W,,96,85,13,12,W 4
2006,NJN,2005-12-23,7:30p,@,Miami Heat,W,,95,88,14,12,W 5
2006,NJN,2005-12-26,7:30p,@,New York Knicks,W,,109,101,15,12,W 6
2006,NJN,2005-12-27,7:30p,,Cleveland Cavaliers,W,,96,91,16,12,W 7
2006,NJN,2005-12-30,7:30p,,Atlanta Hawks,W,,99,91,17,12,W 8
2006,NJN,2006-01-06,7:30p,,Orlando Magic,W,,113,106,18,12,W 9
2006,NJN,2006-01-08,1:00p,@,Toronto Raptors,W,,105,104,19,12,W 10
2006,NJN,2006-01-10,8:30p,@,San Antonio Spurs,L,,91,96,19,13,L 1
2006,NJN,2006-01-13,8:00p,@,Memphis Grizzlies,L,,69,81,19,14,L 2
2006,NJN,2006-01-14,8:30p,@,Dallas Mavericks,L,,77,110,19,15,L 3
2006,NJN,2006-01-16,3:30p,,Indiana Pacers,W,,97,92,20,15,W 1
2006,NJN,2006-01-18,7:00p,@,Philadelphia 76ers,W,,101,90,21,15,W 2
2006,NJN,2006-01-20,7:30p,@,Boston Celtics,L,,96,99,21,16,L 1
2006,NJN,2006-01-21,8:00p,,Boston Celtics,W,,103,83,22,16,W 1
2006,NJN,2006-01-23,9:00p,@,Utah Jazz,L,,78,89,22,17,L 1
2006,NJN,2006-01-25,10:30p,@,Los Angeles Clippers,L,,77,90,22,18,L 2
2006,NJN,2006-01-27,10:00p,@,Portland Trail Blazers,L,,83,88,22,19,L 3
2006,NJN,2006-01-28,10:00p,@,Seattle SuperSonics,L,,104,113,22,20,L 4
2006,NJN,2006-01-31,7:30p,,Detroit Pistons,W,,91,84,23,20,W 1
2006,NJN,2006-02-01,7:00p,@,Cleveland Cavaliers,L,,85,91,23,21,L 1
2006,NJN,2006-02-04,1:00p,,Miami Heat,W,,105,92,24,21,W 1
2006,NJN,2006-02-06,7:30p,,New Orleans/Oklahoma City Hornets,W,,99,91,25,21,W 2
2006,NJN,2006-02-08,7:30p,,New York Knicks,W,,96,83,26,21,W 3
2006,NJN,2006-02-10,8:00p,,San Antonio Spurs,L,,73,83,26,22,L 1
2006,NJN,2006-02-12,6:00p,,Milwaukee Bucks,W,,94,79,27,22,W 1
2006,NJN,2006-02-14,7:30p,@,Detroit Pistons,L,,71,85,27,23,L 1
2006,NJN,2006-02-15,7:30p,@,Charlotte Bobcats,W,,95,94,28,23,W 1
2006,NJN,2006-02-21,8:00p,@,Milwaukee Bucks,W,,89,85,29,23,W 2
2006,NJN,2006-02-22,7:30p,,Orlando Magic,W,,96,93,30,23,W 3
2006,NJN,2006-02-24,8:00p,@,New York Knicks,W,,94,90,31,23,W 4
2006,NJN,2006-02-26,6:00p,,Indiana Pacers,L,,91,101,31,24,L 1
2006,NJN,2006-02-27,7:00p,@,Atlanta Hawks,L,OT,102,104,31,25,L 2
2006,NJN,2006-03-01,8:00p,@,Minnesota Timberwolves,L,,90,100,31,26,L 3
2006,NJN,2006-03-04,1:00p,,Toronto Raptors,W,OT,105,100,32,26,W 1
2006,NJN,2006-03-06,7:30p,,Sacramento Kings,L,,84,109,32,27,L 1
2006,NJN,2006-03-07,8:30p,@,Chicago Bulls,L,,87,95,32,28,L 2
2006,NJN,2006-03-12,7:00p,@,New Orleans/Oklahoma City Hornets,W,,95,84,33,28,W 1
2006,NJN,2006-03-13,8:30p,@,Houston Rockets,W,,90,77,34,28,W 2
2006,NJN,2006-03-15,7:30p,,Portland Trail Blazers,W,,78,65,35,28,W 3
2006,NJN,2006-03-17,7:30p,,Los Angeles Lakers,W,,92,89,36,28,W 4
2006,NJN,2006-03-19,1:00p,,Dallas Mavericks,W,,100,89,37,28,W 5
2006,NJN,2006-03-21,7:00p,@,Washington Wizards,W,,112,100,38,28,W 6
2006,NJN,2006-03-23,7:30p,,Minnesota Timberwolves,W,,86,82,39,28,W 7
2006,NJN,2006-03-26,7:30p,@,Detroit Pistons,W,,79,74,40,28,W 8
2006,NJN,2006-03-27,7:30p,,Phoenix Suns,W,,110,72,41,28,W 9
2006,NJN,2006-03-29,7:30p,,Memphis Grizzlies,W,,86,74,42,28,W 10
2006,NJN,2006-03-31,7:00p,@,Atlanta Hawks,W,,91,88,43,28,W 11
2006,NJN,2006-04-02,6:00p,,Miami Heat,W,,90,78,44,28,W 12
2006,NJN,2006-04-04,7:30p,,Atlanta Hawks,W,,96,94,45,28,W 13
2006,NJN,2006-04-06,7:30p,,Charlotte Bobcats,W,,113,102,46,28,W 14
2006,NJN,2006-04-08,1:00p,,Cleveland Cavaliers,L,,102,108,46,29,L 1
2006,NJN,2006-04-09,3:30p,@,Milwaukee Bucks,W,,95,83,47,29,W 1
2006,NJN,2006-04-11,8:30p,@,Chicago Bulls,L,,101,104,47,30,L 1
2006,NJN,2006-04-12,7:30p,,Philadelphia 76ers,L,,96,116,47,31,L 2
2006,NJN,2006-04-14,7:30p,@,Boston Celtics,W,,79,74,48,31,W 1
2006,NJN,2006-04-16,8:00p,,Boston Celtics,W,,95,93,49,31,W 2
2006,NJN,2006-04-18,7:00p,@,Philadelphia 76ers,L,,88,91,49,32,L 1
2006,NJN,2006-04-19,7:30p,,New York Knicks,L,,83,90,49,33,L 2
2006,NJN,2006-04-23,1:00p,,Indiana Pacers,L,,88,90,0,1,L 1
2006,NJN,2006-04-25,8:00p,,Indiana Pacers,W,,90,75,1,1,W 1
2006,NJN,2006-04-27,7:30p,@,Indiana Pacers,L,,95,107,1,2,L 1
2006,NJN,2006-04-29,3:00p,@,Indiana Pacers,W,,97,88,2,2,W 1
2006,NJN,2006-05-02,7:00p,,Indiana Pacers,W,,92,86,3,2,W 2
2006,NJN,2006-05-04,7:00p,@,Indiana Pacers,W,,96,90,4,2,W 3
2006,NJN,2006-05-08,8:00p,@,Miami Heat,W,,100,88,5,2,W 4
2006,NJN,2006-05-10,8:00p,@,Miami Heat,L,,89,111,5,3,L 1
2006,NJN,2006-05-12,8:00p,,Miami Heat,L,,92,103,5,4,L 2
2006,NJN,2006-05-14,3:30p,,Miami Heat,L,,92,102,5,5,L 3
2006,NJN,2006-05-16,8:00p,@,Miami Heat,L,,105,106,5,6,L 4
2006,NOK,2005-11-01,8:00p,,Sacramento Kings,W,,93,67,1,0,W 1
2006,NOK,2005-11-02,7:00p,@,Cleveland Cavaliers,L,,87,109,1,1,L 1
2006,NOK,2005-11-05,8:30p,@,Houston Rockets,W,,91,84,2,1,W 1
2006,NOK,2005-11-09,8:00p,,Orlando Magic,L,,83,88,2,2,L 1
2006,NOK,2005-11-12,8:00p,,Dallas Mavericks,L,,103,109,2,3,L 2
2006,NOK,2005-11-15,7:30p,@,Miami Heat,L,OT,102,109,2,4,L 3
2006,NOK,2005-11-16,8:00p,,Denver Nuggets,L,,81,91,2,5,L 4
2006,NOK,2005-11-18,8:00p,,Atlanta Hawks,W,,95,92,3,5,W 1
2006,NOK,2005-11-19,7:00p,@,Orlando Magic,W,,98,95,4,5,W 2
2006,NOK,2005-11-21,7:00p,@,Philadelphia 76ers,L,,91,103,4,6,L 1
2006,NOK,2005-11-23,8:00p,,Minnesota Timberwolves,W,,84,80,5,6,W 1
2006,NOK,2005-11-26,3:30p,@,Seattle SuperSonics,W,,105,99,6,6,W 2
2006,NOK,2005-11-28,10:30p,@,Golden State Warriors,L,,83,99,6,7,L 1
2006,NOK,2005-11-30,9:00p,@,Denver Nuggets,W,,102,95,7,7,W 1
2006,NOK,2005-12-02,8:00p,,Philadelphia 76ers,W,,88,86,8,7,W 2
2006,NOK,2005-12-03,8:30p,@,Dallas Mavericks,L,,88,97,8,8,L 1
2006,NOK,2005-12-06,8:00p,@,Memphis Grizzlies,L,,73,89,8,9,L 2
2006,NOK,2005-12-07,8:00p,,Boston Celtics,L,,87,101,8,10,L 3
2006,NOK,2005-12-09,10:00p,@,Portland Trail Blazers,L,OT,95,98,8,11,L 4
2006,NOK,2005-12-11,9:00p,@,Sacramento Kings,L,,100,110,8,12,L 5
2006,NOK,2005-12-12,9:00p,@,Phoenix Suns,W,,91,87,9,12,W 1
2006,NOK,2005-12-14,8:00p,,Los Angeles Clippers,W,,102,89,10,12,W 2
2006,NOK,2005-12-16,8:00p,,Phoenix Suns,L,,88,101,10,13,L 1
2006,NOK,2005-12-18,7:00p,,San Antonio Spurs,W,,89,76,11,13,W 1
2006,NOK,2005-12-21,8:00p,@,Minnesota Timberwolves,L,,69,88,11,14,L 1
2006,NOK,2005-12-23,8:30p,@,Milwaukee Bucks,L,,94,101,11,15,L 2
2006,NOK,2005-12-28,8:00p,,Houston Rockets,W,,92,90,12,15,W 1
2006,NOK,2005-12-29,8:30p,@,San Antonio Spurs,L,,84,111,12,16,L 1
2006,NOK,2005-12-31,7:00p,,Dallas Mavericks,L,,90,95,12,17,L 2
2006,NOK,2006-01-02,8:00p,,Charlotte Bobcats,W,,103,86,13,17,W 1
2006,NOK,2006-01-04,8:00p,,Miami Heat,W,,107,92,14,17,W 2
2006,NOK,2006-01-06,8:00p,,Portland Trail Blazers,W,,90,80,15,17,W 3
2006,NOK,2006-01-07,7:00p,@,Atlanta Hawks,L,,93,101,15,18,L 1
2006,NOK,2006-01-10,8:00p,,Detroit Pistons,L,,86,96,15,19,L 2
2006,NOK,2006-01-13,8:00p,,Sacramento Kings,W,,90,76,16,19,W 1
2006,NOK,2006-01-14,8:30p,@,Houston Rockets,W,,86,80,17,19,W 2
2006,NOK,2006-01-16,1:00p,@,Charlotte Bobcats,W,,107,92,18,19,W 3
2006,NOK,2006-01-18,8:00p,,Memphis Grizzlies,W,,87,79,19,19,W 4
2006,NOK,2006-01-20,7:00p,@,Washington Wizards,L,,99,110,19,20,L 1
2006,NOK,2006-01-21,7:30p,@,New York Knicks,W,,109,98,20,20,W 1
2006,NOK,2006-01-23,7:30p,@,Boston Celtics,L,,78,91,20,21,L 1
2006,NOK,2006-01-25,8:00p,,San Antonio Spurs,L,,68,84,20,22,L 2
2006,NOK,2006-01-28,8:00p,@,Memphis Grizzlies,W,,95,86,21,22,W 1
2006,NOK,2006-01-30,8:00p,,Milwaukee Bucks,W,,94,93,22,22,W 2
2006,NOK,2006-02-01,8:00p,,Chicago Bulls,W,,100,95,23,22,W 3
2006,NOK,2006-02-04,8:00p,,Los Angeles Lakers,W,,106,90,24,22,W 4
2006,NOK,2006-02-06,7:30p,@,New Jersey Nets,L,,91,99,24,23,L 1
2006,NOK,2006-02-08,8:00p,,Seattle SuperSonics,W,,109,102,25,23,W 1
2006,NOK,2006-02-10,8:00p,,New York Knicks,W,,111,100,26,23,W 2
2006,NOK,2006-02-11,8:00p,@,Minnesota Timberwolves,W,,100,94,27,23,W 3
2006,NOK,2006-02-13,8:00p,,Washington Wizards,W,,97,96,28,23,W 4
2006,NOK,2006-02-15,8:00p,,Portland Trail Blazers,W,,102,86,29,23,W 5
2006,NOK,2006-02-21,7:00p,@,Indiana Pacers,L,,75,97,29,24,L 1
2006,NOK,2006-02-22,8:00p,,Utah Jazz,L,,76,82,29,25,L 2
2006,NOK,2006-02-25,9:00p,@,Utah Jazz,W,,100,95,30,25,W 1
2006,NOK,2006-02-26,9:00p,@,Portland Trail Blazers,W,,88,75,31,25,W 2
2006,NOK,2006-02-28,10:00p,@,Seattle SuperSonics,L,,104,114,31,26,L 1
2006,NOK,2006-03-01,10:30p,@,Los Angeles Clippers,L,,67,89,31,27,L 2
2006,NOK,2006-03-06,8:00p,,Phoenix Suns,L,,88,101,31,28,L 3
2006,NOK,2006-03-08,8:00p,,Los Angeles Lakers,L,,107,113,31,29,L 4
2006,NOK,2006-03-10,8:00p,,Indiana Pacers,L,,90,92,31,30,L 5
2006,NOK,2006-03-12,7:00p,,New Jersey Nets,L,,84,95,31,31,L 6
2006,NOK,2006-03-14,8:30p,@,San Antonio Spurs,L,,81,96,31,32,L 7
2006,NOK,2006-03-18,8:00p,,Denver Nuggets,L,,94,109,31,33,L 8
2006,NOK,2006-03-21,8:00p,,Los Angeles Clippers,W,,120,108,32,33,W 1
2006,NOK,2006-03-23,8:00p,,Houston Rockets,L,,92,93,32,34,L 1
2006,NOK,2006-03-24,8:30p,@,Chicago Bulls,L,,82,96,32,35,L 2
2006,NOK,2006-03-26,9:30p,@,Los Angeles Lakers,L,,94,105,32,36,L 3
2006,NOK,2006-03-27,9:00p,@,Utah Jazz,L,,80,104,32,37,L 4
2006,NOK,2006-03-29,10:30p,@,Golden State Warriors,W,,86,85,33,37,W 1
2006,NOK,2006-03-31,8:00p,,Memphis Grizzlies,W,,107,102,34,37,W 2
2006,NOK,2006-04-02,7:00p,@,Toronto Raptors,W,2OT,120,113,35,37,W 3
2006,NOK,2006-04-04,7:30p,@,Detroit Pistons,L,,93,101,35,38,L 1
2006,NOK,2006-04-05,8:00p,,Golden State Warriors,W,OT,114,109,36,38,W 1
2006,NOK,2006-04-07,8:00p,,Toronto Raptors,W,,95,89,37,38,W 2
2006,NOK,2006-04-08,8:30p,@,Dallas Mavericks,L,,77,101,37,39,L 1
2006,NOK,2006-04-10,8:00p,,Cleveland Cavaliers,L,,101,103,37,40,L 2
2006,NOK,2006-04-12,8:00p,,Seattle SuperSonics,W,,104,99,38,40,W 1
2006,NOK,2006-04-14,8:00p,,Utah Jazz,L,,104,105,38,41,L 1
2006,NOK,2006-04-16,9:00p,@,Sacramento Kings,L,,79,96,38,42,L 2
2006,NOK,2006-04-17,10:00p,@,Phoenix Suns,L,,78,115,38,43,L 3
2006,NOK,2006-04-19,10:30p,@,Los Angeles Lakers,L,,95,115,38,44,L 4
2006,NYK,2005-11-02,7:30p,@,Boston Celtics,L,OT,100,114,0,1,L 1
2006,NYK,2005-11-04,7:30p,,Washington Wizards,L,,75,86,0,2,L 2
2006,NYK,2005-11-06,1:00p,,Golden State Warriors,L,,81,83,0,3,L 3
2006,NYK,2005-11-09,10:00p,@,Portland Trail Blazers,L,,83,95,0,4,L 4
2006,NYK,2005-11-11,10:30p,@,Golden State Warriors,L,,84,86,0,5,L 5
2006,NYK,2005-11-13,9:00p,@,Sacramento Kings,W,,105,95,1,5,W 1
2006,NYK,2005-11-14,9:00p,@,Utah Jazz,W,,73,62,2,5,W 2
2006,NYK,2005-11-16,10:00p,@,Los Angeles Lakers,L,,92,97,2,6,L 1
2006,NYK,2005-11-18,9:00p,@,Denver Nuggets,L,,86,95,2,7,L 2
2006,NYK,2005-11-20,12:00p,,Portland Trail Blazers,W,,103,92,3,7,W 1
2006,NYK,2005-11-23,7:30p,@,Charlotte Bobcats,L,,95,108,3,8,L 1
2006,NYK,2005-11-26,12:30p,,Philadelphia 76ers,W,OT,105,102,4,8,W 1
2006,NYK,2005-11-28,7:30p,@,Miami Heat,L,,94,107,4,9,L 1
2006,NYK,2005-11-30,7:30p,,Chicago Bulls,W,,109,101,5,9,W 1
2006,NYK,2005-12-02,8:00p,@,Detroit Pistons,L,,98,106,5,10,L 1
2006,NYK,2005-12-04,1:00p,,Boston Celtics,L,,99,102,5,11,L 2
2006,NYK,2005-12-06,10:00p,@,Seattle SuperSonics,W,,104,101,6,11,W 1
2006,NYK,2005-12-07,10:30p,@,Los Angeles Clippers,L,,79,84,6,12,L 1
2006,NYK,2005-12-09,10:00p,@,Phoenix Suns,L,,81,85,6,13,L 2
2006,NYK,2005-12-12,7:30p,,Milwaukee Bucks,L,,92,112,6,14,L 3
2006,NYK,2005-12-14,7:30p,,Orlando Magic,L,,90,105,6,15,L 4
2006,NYK,2005-12-16,7:00p,@,Atlanta Hawks,L,,111,122,6,16,L 5
2006,NYK,2005-12-17,7:30p,,Indiana Pacers,L,,96,102,6,17,L 6
2006,NYK,2005-12-21,7:30p,,San Antonio Spurs,L,,96,109,6,18,L 7
2006,NYK,2005-12-23,7:30p,,Utah Jazz,W,,98,90,7,18,W 1
2006,NYK,2005-12-26,7:30p,,New Jersey Nets,L,,101,109,7,19,L 1
2006,NYK,2005-12-28,7:00p,@,Orlando Magic,L,,95,105,7,20,L 2
2006,NYK,2005-12-30,8:30p,@,Milwaukee Bucks,L,,108,113,7,21,L 3
2006,NYK,2006-01-02,7:30p,,Phoenix Suns,W,3OT,140,133,8,21,W 1
2006,NYK,2006-01-06,7:30p,,Washington Wizards,W,,113,92,9,21,W 2
2006,NYK,2006-01-08,1:00p,,Seattle SuperSonics,W,,120,116,10,21,W 3
2006,NYK,2006-01-10,7:00p,@,Cleveland Cavaliers,W,,92,84,11,21,W 4
2006,NYK,2006-01-11,7:30p,,Dallas Mavericks,W,OT,117,115,12,21,W 5
2006,NYK,2006-01-13,7:30p,,Atlanta Hawks,W,,105,94,13,21,W 6
2006,NYK,2006-01-15,1:00p,@,Toronto Raptors,L,,103,129,13,22,L 1
2006,NYK,2006-01-16,1:00p,,Minnesota Timberwolves,L,,90,96,13,23,L 2
2006,NYK,2006-01-18,8:30p,@,Chicago Bulls,L,OT,104,106,13,24,L 3
2006,NYK,2006-01-19,8:00p,,Detroit Pistons,L,,79,105,13,25,L 4
2006,NYK,2006-01-21,7:30p,,New Orleans/Oklahoma City Hornets,L,,98,109,13,26,L 5
2006,NYK,2006-01-25,7:30p,,Sacramento Kings,L,OT,102,106,13,27,L 6
2006,NYK,2006-01-27,7:30p,,Orlando Magic,W,,97,94,14,27,W 1
2006,NYK,2006-01-28,8:00p,@,Philadelphia 76ers,L,,76,91,14,28,L 1
2006,NYK,2006-01-30,7:00p,@,Atlanta Hawks,L,,101,120,14,29,L 2
2006,NYK,2006-01-31,7:30p,,Los Angeles Lakers,L,,97,130,14,30,L 3
2006,NYK,2006-02-03,7:00p,@,Toronto Raptors,L,,90,104,14,31,L 4
2006,NYK,2006-02-05,12:00p,,Houston Rockets,L,,89,93,14,32,L 5
2006,NYK,2006-02-07,7:30p,,Los Angeles Clippers,L,,82,85,14,33,L 6
2006,NYK,2006-02-08,7:30p,@,New Jersey Nets,L,,83,96,14,34,L 7
2006,NYK,2006-02-10,8:00p,@,New Orleans/Oklahoma City Hornets,L,,100,111,14,35,L 8
2006,NYK,2006-02-12,8:30p,@,Houston Rockets,L,,83,90,14,36,L 9
2006,NYK,2006-02-13,8:30p,@,Dallas Mavericks,L,,72,100,14,37,L 10
2006,NYK,2006-02-15,7:30p,,Toronto Raptors,W,,98,96,15,37,W 1
2006,NYK,2006-02-22,7:30p,,Miami Heat,L,,83,103,15,38,L 1
2006,NYK,2006-02-24,8:00p,,New Jersey Nets,L,,90,94,15,39,L 2
2006,NYK,2006-02-25,7:00p,@,Washington Wizards,L,,89,110,15,40,L 3
2006,NYK,2006-02-27,8:30p,@,San Antonio Spurs,L,,93,121,15,41,L 4
2006,NYK,2006-03-01,8:00p,@,Memphis Grizzlies,L,,99,101,15,42,L 5
2006,NYK,2006-03-03,7:30p,,Chicago Bulls,L,,101,108,15,43,L 6
2006,NYK,2006-03-04,8:30p,@,Milwaukee Bucks,W,,103,98,16,43,W 1
2006,NYK,2006-03-07,7:00p,@,Indiana Pacers,W,,107,92,17,43,W 2
2006,NYK,2006-03-11,7:30p,@,Charlotte Bobcats,L,,109,116,17,44,L 1
2006,NYK,2006-03-13,7:30p,,Denver Nuggets,L,,96,108,17,45,L 2
2006,NYK,2006-03-15,7:30p,,Atlanta Hawks,W,2OT,121,117,18,45,W 1
2006,NYK,2006-03-17,7:30p,,Detroit Pistons,W,,105,103,19,45,W 2
2006,NYK,2006-03-19,7:30p,,Miami Heat,L,,100,111,19,46,L 1
2006,NYK,2006-03-21,7:30p,,Toronto Raptors,L,,109,114,19,47,L 2
2006,NYK,2006-03-22,7:00p,@,Orlando Magic,L,,87,111,19,48,L 3
2006,NYK,2006-03-24,7:30p,,Memphis Grizzlies,L,,75,91,19,49,L 4
2006,NYK,2006-03-26,3:30p,@,Minnesota Timberwolves,L,,94,98,19,50,L 5
2006,NYK,2006-03-29,7:30p,,Boston Celtics,L,,98,123,19,51,L 6
2006,NYK,2006-03-31,7:30p,,Philadelphia 76ers,L,,112,117,19,52,L 7
2006,NYK,2006-04-02,6:00p,@,Philadelphia 76ers,L,,95,114,19,53,L 8
2006,NYK,2006-04-04,7:00p,@,Washington Wizards,L,,90,105,19,54,L 9
2006,NYK,2006-04-05,7:30p,,Cleveland Cavaliers,W,,96,94,20,54,W 1
2006,NYK,2006-04-07,8:00p,,Indiana Pacers,W,,98,96,21,54,W 2
2006,NYK,2006-04-09,4:00p,@,Boston Celtics,W,,101,86,22,54,W 3
2006,NYK,2006-04-10,7:00p,@,Indiana Pacers,L,,82,101,22,55,L 1
2006,NYK,2006-04-13,8:00p,@,Cleveland Cavaliers,L,,87,91,22,56,L 2
2006,NYK,2006-04-14,7:30p,,Milwaukee Bucks,L,,80,97,22,57,L 3
2006,NYK,2006-04-16,6:00p,@,Detroit Pistons,L,,97,103,22,58,L 4
2006,NYK,2006-04-17,7:30p,,Charlotte Bobcats,L,,91,98,22,59,L 5
2006,NYK,2006-04-19,7:30p,@,New Jersey Nets,W,,90,83,23,59,W 1
2006,ORL,2005-11-02,7:00p,,Indiana Pacers,L,,78,90,0,1,L 1
2006,ORL,2005-11-04,7:00p,,Memphis Grizzlies,L,,85,94,0,2,L 2
2006,ORL,2005-11-05,7:00p,@,Washington Wizards,L,,79,87,0,3,L 3
2006,ORL,2005-11-08,8:30p,@,Houston Rockets,W,,76,74,1,3,W 1
2006,ORL,2005-11-09,8:00p,@,New Orleans/Oklahoma City Hornets,W,,88,83,2,3,W 2
2006,ORL,2005-11-13,6:00p,,Cleveland Cavaliers,L,OT,100,108,2,4,L 1
2006,ORL,2005-11-15,7:00p,,Charlotte Bobcats,W,,85,77,3,4,W 1
2006,ORL,2005-11-18,7:00p,@,Cleveland Cavaliers,L,,84,102,3,5,L 1
2006,ORL,2005-11-19,7:00p,,New Orleans/Oklahoma City Hornets,L,,95,98,3,6,L 2
2006,ORL,2005-11-23,7:00p,,Washington Wizards,W,,91,83,4,6,W 1
2006,ORL,2005-11-25,7:00p,,Portland Trail Blazers,W,,104,89,5,6,W 2
2006,ORL,2005-11-26,7:00p,,Miami Heat,W,,80,77,6,6,W 3
2006,ORL,2005-11-28,7:30p,@,Boston Celtics,W,,87,83,7,6,W 4
2006,ORL,2005-11-29,8:30p,@,Chicago Bulls,L,,76,85,7,7,L 1
2006,ORL,2005-12-02,8:00p,@,Memphis Grizzlies,L,,69,91,7,8,L 2
2006,ORL,2005-12-03,8:30p,@,Milwaukee Bucks,L,,84,104,7,9,L 3
2006,ORL,2005-12-05,7:00p,,San Antonio Spurs,L,,85,110,7,10,L 4
2006,ORL,2005-12-07,7:00p,,Chicago Bulls,L,,93,102,7,11,L 5
2006,ORL,2005-12-10,7:00p,,Denver Nuggets,W,,94,83,8,11,W 1
2006,ORL,2005-12-14,7:30p,@,New York Knicks,W,,105,90,9,11,W 2
2006,ORL,2005-12-16,8:30p,@,Dallas Mavericks,L,OT,103,109,9,12,L 1
2006,ORL,2005-12-19,7:00p,,Toronto Raptors,L,,90,92,9,13,L 2
2006,ORL,2005-12-21,7:00p,,New Jersey Nets,L,,85,96,9,14,L 3
2006,ORL,2005-12-23,7:00p,,Los Angeles Lakers,L,,88,104,9,15,L 4
2006,ORL,2005-12-26,7:00p,,Milwaukee Bucks,W,,108,93,10,15,W 1
2006,ORL,2005-12-28,7:00p,,New York Knicks,W,,105,95,11,15,W 2
2006,ORL,2005-12-30,7:00p,,Minnesota Timberwolves,W,,107,87,12,15,W 3
2006,ORL,2006-01-03,7:30p,@,Detroit Pistons,L,,99,108,12,16,L 1
2006,ORL,2006-01-04,7:00p,@,Toronto Raptors,L,,97,121,12,17,L 2
2006,ORL,2006-01-06,7:30p,@,New Jersey Nets,L,,106,113,12,18,L 3
2006,ORL,2006-01-07,7:00p,,Charlotte Bobcats,W,,108,92,13,18,W 1
2006,ORL,2006-01-10,10:30p,@,Los Angeles Clippers,L,,73,90,13,19,L 1
2006,ORL,2006-01-11,10:00p,@,Seattle SuperSonics,L,,104,113,13,20,L 2
2006,ORL,2006-01-13,10:00p,@,Portland Trail Blazers,L,,108,113,13,21,L 3
2006,ORL,2006-01-15,9:00p,@,Sacramento Kings,L,,100,104,13,22,L 4
2006,ORL,2006-01-18,7:00p,,Washington Wizards,W,,106,98,14,22,W 1
2006,ORL,2006-01-20,7:30p,@,Charlotte Bobcats,W,,104,93,15,22,W 2
2006,ORL,2006-01-21,7:00p,,Sacramento Kings,W,OT,83,78,16,22,W 3
2006,ORL,2006-01-24,7:00p,,Phoenix Suns,W,,111,102,17,22,W 4
2006,ORL,2006-01-26,7:00p,@,Philadelphia 76ers,W,OT,119,115,18,22,W 5
2006,ORL,2006-01-27,7:30p,@,New York Knicks,L,,94,97,18,23,L 1
2006,ORL,2006-01-29,6:00p,,Philadelphia 76ers,L,,81,89,18,24,L 2
2006,ORL,2006-02-01,7:00p,,Los Angeles Clippers,L,,94,106,18,25,L 3
2006,ORL,2006-02-03,7:00p,@,Atlanta Hawks,L,,94,96,18,26,L 4
2006,ORL,2006-02-04,7:00p,,Boston Celtics,W,,100,91,19,26,W 1
2006,ORL,2006-02-06,7:00p,@,Washington Wizards,L,,82,94,19,27,L 1
2006,ORL,2006-02-08,8:00p,@,Milwaukee Bucks,L,2OT,89,94,19,28,L 2
2006,ORL,2006-02-10,7:00p,,Detroit Pistons,L,,73,84,19,29,L 3
2006,ORL,2006-02-12,6:00p,@,Boston Celtics,L,,94,102,19,30,L 4
2006,ORL,2006-02-14,7:30p,@,Miami Heat,L,,93,107,19,31,L 5
2006,ORL,2006-02-15,7:00p,,Miami Heat,L,,100,110,19,32,L 6
2006,ORL,2006-02-21,7:00p,@,Cleveland Cavaliers,L,,92,105,19,33,L 7
2006,ORL,2006-02-22,7:30p,@,New Jersey Nets,L,,93,96,19,34,L 8
2006,ORL,2006-02-24,7:00p,,Seattle SuperSonics,W,,102,89,20,34,W 1
2006,ORL,2006-02-26,3:30p,,Houston Rockets,L,,84,89,20,35,L 1
2006,ORL,2006-02-28,10:30p,@,Los Angeles Lakers,L,,87,102,20,36,L 2
2006,ORL,2006-03-01,10:30p,@,Golden State Warriors,L,,94,98,20,37,L 3
2006,ORL,2006-03-03,9:00p,@,Phoenix Suns,L,,118,123,20,38,L 4
2006,ORL,2006-03-04,9:00p,@,Denver Nuggets,L,,94,110,20,39,L 5
2006,ORL,2006-03-06,9:00p,@,Utah Jazz,L,,85,90,20,40,L 6
2006,ORL,2006-03-10,7:00p,,Cleveland Cavaliers,W,,102,73,21,40,W 1
2006,ORL,2006-03-11,7:00p,,Golden State Warriors,W,,103,92,22,40,W 2
2006,ORL,2006-03-13,7:00p,@,Indiana Pacers,L,,83,97,22,41,L 1
2006,ORL,2006-03-15,7:00p,,Utah Jazz,W,OT,114,108,23,41,W 1
2006,ORL,2006-03-17,7:00p,,Boston Celtics,W,,84,77,24,41,W 2
2006,ORL,2006-03-19,2:00p,@,Atlanta Hawks,L,OT,107,108,24,42,L 1
2006,ORL,2006-03-21,7:30p,@,Charlotte Bobcats,L,,102,108,24,43,L 2
2006,ORL,2006-03-22,7:00p,,New York Knicks,W,,111,87,25,43,W 1
2006,ORL,2006-03-24,7:00p,@,Philadelphia 76ers,W,,102,86,26,43,W 2
2006,ORL,2006-03-26,6:00p,,Atlanta Hawks,W,,108,101,27,43,W 3
2006,ORL,2006-03-28,8:30p,@,Chicago Bulls,W,,97,93,28,43,W 4
2006,ORL,2006-03-29,8:00p,@,Minnesota Timberwolves,L,,91,103,28,44,L 1
2006,ORL,2006-03-31,7:00p,,Dallas Mavericks,W,,108,99,29,44,W 1
2006,ORL,2006-04-05,7:00p,,Milwaukee Bucks,W,,108,105,30,44,W 2
2006,ORL,2006-04-07,7:00p,,Detroit Pistons,W,,89,87,31,44,W 3
2006,ORL,2006-04-09,6:00p,@,Miami Heat,W,,93,84,32,44,W 4
2006,ORL,2006-04-10,7:00p,,Atlanta Hawks,W,,105,88,33,44,W 5
2006,ORL,2006-04-12,7:00p,,Toronto Raptors,W,,103,96,34,44,W 6
2006,ORL,2006-04-13,8:30p,@,San Antonio Spurs,W,,92,80,35,44,W 7
2006,ORL,2006-04-15,7:00p,,Philadelphia 76ers,W,,102,97,36,44,W 8
2006,ORL,2006-04-17,7:00p,,Chicago Bulls,L,OT,112,116,36,45,L 1
2006,ORL,2006-04-19,7:00p,@,Indiana Pacers,L,,83,89,36,46,L 2
2006,PHI,2005-11-01,7:00p,,Milwaukee Bucks,L,OT,108,117,0,1,L 1
2006,PHI,2005-11-02,8:00p,@,Detroit Pistons,L,,88,108,0,2,L 2
2006,PHI,2005-11-04,7:00p,,Charlotte Bobcats,L,,93,110,0,3,L 3
2006,PHI,2005-11-05,8:00p,@,Indiana Pacers,W,,111,109,1,3,W 1
2006,PHI,2005-11-09,7:00p,,Dallas Mavericks,W,,112,97,2,3,W 2
2006,PHI,2005-11-11,8:00p,,Los Angeles Lakers,W,,85,81,3,3,W 3
2006,PHI,2005-11-13,6:00p,,Los Angeles Clippers,W,,113,108,4,3,W 4
2006,PHI,2005-11-15,7:00p,,Toronto Raptors,W,,104,92,5,3,W 5
2006,PHI,2005-11-16,7:00p,@,Toronto Raptors,W,,121,115,6,3,W 6
2006,PHI,2005-11-18,7:30p,@,Miami Heat,L,,96,106,6,4,L 1
2006,PHI,2005-11-19,7:00p,,Cleveland Cavaliers,L,,120,123,6,5,L 2
2006,PHI,2005-11-21,7:00p,,New Orleans/Oklahoma City Hornets,W,,103,91,7,5,W 1
2006,PHI,2005-11-23,8:00p,@,Milwaukee Bucks,L,,97,108,7,6,L 1
2006,PHI,2005-11-26,12:30p,@,New York Knicks,L,OT,102,105,7,7,L 2
2006,PHI,2005-11-29,7:00p,,Portland Trail Blazers,W,,107,83,8,7,W 1
2006,PHI,2005-11-30,7:30p,@,Boston Celtics,L,,103,110,8,8,L 1
2006,PHI,2005-12-02,8:00p,@,New Orleans/Oklahoma City Hornets,L,,86,88,8,9,L 2
2006,PHI,2005-12-03,8:30p,@,San Antonio Spurs,L,,91,100,8,10,L 3
2006,PHI,2005-12-07,7:00p,,Milwaukee Bucks,L,,85,88,8,11,L 4
2006,PHI,2005-12-09,7:00p,,Charlotte Bobcats,W,,119,115,9,11,W 1
2006,PHI,2005-12-10,7:30p,@,New Jersey Nets,W,,107,95,10,11,W 2
2006,PHI,2005-12-12,7:00p,,Minnesota Timberwolves,W,OT,90,89,11,11,W 3
2006,PHI,2005-12-14,7:00p,,Atlanta Hawks,W,,106,101,12,11,W 4
2006,PHI,2005-12-16,8:00p,,Miami Heat,L,,105,112,12,12,L 1
2006,PHI,2005-12-18,1:00p,@,Toronto Raptors,W,,107,80,13,12,W 1
2006,PHI,2005-12-21,7:00p,,Golden State Warriors,W,,111,100,14,12,W 2
2006,PHI,2005-12-23,7:00p,@,Atlanta Hawks,L,,108,111,14,13,L 1
2006,PHI,2005-12-27,9:00p,@,Denver Nuggets,W,,108,106,15,13,W 1
2006,PHI,2005-12-28,10:00p,@,Portland Trail Blazers,L,,91,95,15,14,L 1
2006,PHI,2005-12-31,8:00p,@,Utah Jazz,L,,102,108,15,15,L 2
2006,PHI,2006-01-03,10:00p,@,Sacramento Kings,W,,111,98,16,15,W 1
2006,PHI,2006-01-04,9:00p,@,Phoenix Suns,L,,85,105,16,16,L 1
2006,PHI,2006-01-06,10:30p,@,Los Angeles Lakers,L,,93,119,16,17,L 2
2006,PHI,2006-01-09,7:00p,,Seattle SuperSonics,W,,107,98,17,17,W 1
2006,PHI,2006-01-11,7:00p,,Utah Jazz,L,,102,110,17,18,L 1
2006,PHI,2006-01-13,8:00p,,Boston Celtics,W,3OT,125,124,18,18,W 1
2006,PHI,2006-01-16,1:00p,@,Washington Wizards,L,,76,104,18,19,L 1
2006,PHI,2006-01-18,7:00p,,New Jersey Nets,L,,90,101,18,20,L 2
2006,PHI,2006-01-20,7:00p,,Memphis Grizzlies,W,OT,89,86,19,20,W 1
2006,PHI,2006-01-22,1:00p,@,Minnesota Timberwolves,W,,86,84,20,20,W 2
2006,PHI,2006-01-24,7:00p,,Sacramento Kings,W,,109,103,21,20,W 3
2006,PHI,2006-01-26,7:00p,,Orlando Magic,L,OT,115,119,21,21,L 1
2006,PHI,2006-01-28,8:00p,,New York Knicks,W,,91,76,22,21,W 1
2006,PHI,2006-01-29,6:00p,@,Orlando Magic,W,,89,81,23,21,W 2
2006,PHI,2006-01-31,7:00p,,Phoenix Suns,L,,99,123,23,22,L 1
2006,PHI,2006-02-03,8:00p,,Detroit Pistons,L,,80,87,23,23,L 2
2006,PHI,2006-02-04,7:30p,@,Cleveland Cavaliers,W,,100,95,24,23,W 1
2006,PHI,2006-02-06,7:00p,,Houston Rockets,L,,81,87,24,24,L 1
2006,PHI,2006-02-08,7:30p,@,Charlotte Bobcats,L,,92,100,24,25,L 2
2006,PHI,2006-02-12,1:00p,@,Washington Wizards,L,,97,107,24,26,L 3
2006,PHI,2006-02-15,7:00p,,San Antonio Spurs,W,OT,103,100,25,26,W 1
2006,PHI,2006-02-16,7:30p,@,Chicago Bulls,L,,84,117,25,27,L 1
2006,PHI,2006-02-22,7:00p,,Cleveland Cavaliers,W,,116,107,26,27,W 1
2006,PHI,2006-02-24,8:30p,@,Milwaukee Bucks,W,,116,111,27,27,W 2
2006,PHI,2006-02-25,7:30p,,Chicago Bulls,W,,108,102,28,27,W 3
2006,PHI,2006-02-27,8:30p,@,Dallas Mavericks,L,,92,104,28,28,L 1
2006,PHI,2006-03-01,9:00p,@,Houston Rockets,W,,106,101,29,28,W 1
2006,PHI,2006-03-03,7:30p,,Washington Wizards,W,,119,113,30,28,W 2
2006,PHI,2006-03-05,1:00p,,Indiana Pacers,L,,93,94,30,29,L 1
2006,PHI,2006-03-08,7:30p,@,Boston Celtics,L,,101,104,30,30,L 2
2006,PHI,2006-03-09,8:00p,,Denver Nuggets,L,,93,97,30,31,L 3
2006,PHI,2006-03-12,4:00p,@,Memphis Grizzlies,W,,94,91,31,31,W 1
2006,PHI,2006-03-14,7:00p,,Toronto Raptors,L,,97,111,31,32,L 1
2006,PHI,2006-03-16,10:00p,@,Seattle SuperSonics,L,,98,102,31,33,L 2
2006,PHI,2006-03-17,10:30p,@,Los Angeles Clippers,L,,89,99,31,34,L 3
2006,PHI,2006-03-19,4:00p,@,Golden State Warriors,L,,89,98,31,35,L 4
2006,PHI,2006-03-22,7:00p,,Atlanta Hawks,W,,115,106,32,35,W 1
2006,PHI,2006-03-24,7:00p,,Orlando Magic,L,,86,102,32,36,L 1
2006,PHI,2006-03-26,1:00p,@,Indiana Pacers,L,,79,92,32,37,L 2
2006,PHI,2006-03-29,7:30p,,Detroit Pistons,L,,91,101,32,38,L 3
2006,PHI,2006-03-31,7:30p,@,New York Knicks,W,,117,112,33,38,W 1
2006,PHI,2006-04-02,6:00p,,New York Knicks,W,,114,95,34,38,W 2
2006,PHI,2006-04-04,7:00p,@,Cleveland Cavaliers,L,,91,124,34,39,L 1
2006,PHI,2006-04-05,7:00p,,Chicago Bulls,L,,92,99,34,40,L 2
2006,PHI,2006-04-07,7:00p,,Boston Celtics,L,,99,109,34,41,L 3
2006,PHI,2006-04-08,8:30p,@,Chicago Bulls,W,,89,75,35,41,W 1
2006,PHI,2006-04-10,7:00p,,Washington Wizards,W,,105,97,36,41,W 2
2006,PHI,2006-04-12,7:30p,@,New Jersey Nets,W,,116,96,37,41,W 3
2006,PHI,2006-04-14,7:30p,@,Miami Heat,L,,85,104,37,42,L 1
2006,PHI,2006-04-15,7:00p,@,Orlando Magic,L,,97,102,37,43,L 2
2006,PHI,2006-04-18,7:00p,,New Jersey Nets,W,,91,88,38,43,W 1
2006,PHI,2006-04-19,7:30p,@,Charlotte Bobcats,L,,86,96,38,44,L 1
2006,PHO,2005-11-01,10:30p,,Dallas Mavericks,L,2OT,108,111,0,1,L 1
2006,PHO,2005-11-03,10:30p,@,Los Angeles Lakers,W,,122,112,1,1,W 1
2006,PHO,2005-11-05,9:00p,@,Utah Jazz,W,,97,88,2,1,W 2
2006,PHO,2005-11-06,8:00p,,Sacramento Kings,L,,117,118,2,2,L 1
2006,PHO,2005-11-10,10:30p,,Detroit Pistons,L,,104,111,2,3,L 2
2006,PHO,2005-11-12,9:00p,,Golden State Warriors,W,,101,86,3,3,W 1
2006,PHO,2005-11-16,9:00p,,Memphis Grizzlies,L,,103,115,3,4,L 1
2006,PHO,2005-11-18,9:00p,,Utah Jazz,W,,102,94,4,4,W 1
2006,PHO,2005-11-19,8:30p,@,San Antonio Spurs,L,,91,97,4,5,L 1
2006,PHO,2005-11-22,9:00p,,Toronto Raptors,W,,90,82,5,5,W 1
2006,PHO,2005-11-23,7:30p,@,Houston Rockets,W,,100,88,6,5,W 2
2006,PHO,2005-11-25,10:30p,,New Jersey Nets,W,,92,81,7,5,W 3
2006,PHO,2005-11-30,9:00p,,Indiana Pacers,W,,109,91,8,5,W 4
2006,PHO,2005-12-02,9:00p,,Denver Nuggets,W,,102,97,9,5,W 5
2006,PHO,2005-12-04,8:00p,,Atlanta Hawks,W,,112,94,10,5,W 6
2006,PHO,2005-12-06,9:00p,,Portland Trail Blazers,W,,130,85,11,5,W 7
2006,PHO,2005-12-07,10:30p,@,Golden State Warriors,W,,118,110,12,5,W 8
2006,PHO,2005-12-09,10:00p,,New York Knicks,W,,85,81,13,5,W 9
2006,PHO,2005-12-10,10:30p,@,Los Angeles Clippers,L,,91,101,13,6,L 1
2006,PHO,2005-12-12,9:00p,,New Orleans/Oklahoma City Hornets,L,,87,91,13,7,L 2
2006,PHO,2005-12-14,8:00p,@,Dallas Mavericks,L,,96,102,13,8,L 3
2006,PHO,2005-12-16,8:00p,@,New Orleans/Oklahoma City Hornets,W,,101,88,14,8,W 1
2006,PHO,2005-12-17,8:00p,@,Memphis Grizzlies,L,,87,91,14,9,L 1
2006,PHO,2005-12-20,9:00p,,Seattle SuperSonics,W,,111,83,15,9,W 1
2006,PHO,2005-12-23,9:00p,,Washington Wizards,L,,111,112,15,10,L 1
2006,PHO,2005-12-26,8:00p,@,Minnesota Timberwolves,W,,103,89,16,10,W 1
2006,PHO,2005-12-28,7:00p,@,Washington Wizards,W,,104,99,17,10,W 2
2006,PHO,2005-12-30,7:30p,@,Charlotte Bobcats,W,,110,100,18,10,W 3
2006,PHO,2005-12-31,7:00p,@,Chicago Bulls,W,OT,107,98,19,10,W 4
2006,PHO,2006-01-02,7:30p,@,New York Knicks,L,3OT,133,140,19,11,L 1
2006,PHO,2006-01-04,9:00p,,Philadelphia 76ers,W,,105,85,20,11,W 1
2006,PHO,2006-01-06,10:30p,,Miami Heat,W,,111,93,21,11,W 2
2006,PHO,2006-01-07,9:00p,,San Antonio Spurs,W,,91,86,22,11,W 3
2006,PHO,2006-01-10,9:00p,@,Denver Nuggets,L,3OT,137,139,22,12,L 1
2006,PHO,2006-01-12,9:00p,,Golden State Warriors,W,,112,99,23,12,W 1
2006,PHO,2006-01-14,9:00p,,Cleveland Cavaliers,W,,115,106,24,12,W 2
2006,PHO,2006-01-17,10:00p,@,Sacramento Kings,L,,90,119,24,13,L 1
2006,PHO,2006-01-18,10:30p,@,Los Angeles Clippers,W,,112,102,25,13,W 1
2006,PHO,2006-01-20,10:30p,,Los Angeles Lakers,W,,106,93,26,13,W 2
2006,PHO,2006-01-22,8:00p,,Seattle SuperSonics,L,2OT,149,152,26,14,L 1
2006,PHO,2006-01-24,7:00p,@,Orlando Magic,L,,102,111,26,15,L 2
2006,PHO,2006-01-26,8:00p,@,Miami Heat,W,,107,98,27,15,W 1
2006,PHO,2006-01-27,7:00p,@,Atlanta Hawks,W,,110,106,28,15,W 2
2006,PHO,2006-01-29,1:00p,@,Cleveland Cavaliers,L,,106,113,28,16,L 1
2006,PHO,2006-01-31,7:00p,@,Philadelphia 76ers,W,,123,99,29,16,W 1
2006,PHO,2006-02-01,7:30p,@,Boston Celtics,W,,102,94,30,16,W 2
2006,PHO,2006-02-04,9:00p,,Chicago Bulls,W,,118,101,31,16,W 3
2006,PHO,2006-02-06,9:00p,,Minnesota Timberwolves,L,,101,103,31,17,L 1
2006,PHO,2006-02-08,9:00p,,Memphis Grizzlies,W,,108,102,32,17,W 1
2006,PHO,2006-02-10,9:00p,,Sacramento Kings,W,,112,104,33,17,W 2
2006,PHO,2006-02-15,9:00p,@,Denver Nuggets,W,,116,101,34,17,W 3
2006,PHO,2006-02-16,10:00p,,Houston Rockets,W,,109,75,35,17,W 4
2006,PHO,2006-02-22,9:00p,,Boston Celtics,W,,103,94,36,17,W 5
2006,PHO,2006-02-25,9:00p,,Charlotte Bobcats,W,,136,121,37,17,W 6
2006,PHO,2006-02-27,8:30p,@,Houston Rockets,W,,111,94,38,17,W 7
2006,PHO,2006-03-01,9:00p,,Milwaukee Bucks,W,,123,110,39,17,W 8
2006,PHO,2006-03-03,9:00p,,Orlando Magic,W,,123,118,40,17,W 9
2006,PHO,2006-03-05,3:30p,@,Dallas Mavericks,W,,115,107,41,17,W 10
2006,PHO,2006-03-06,8:00p,@,New Orleans/Oklahoma City Hornets,W,,101,88,42,17,W 11
2006,PHO,2006-03-09,10:30p,,San Antonio Spurs,L,,93,117,42,18,L 1
2006,PHO,2006-03-11,9:00p,,Minnesota Timberwolves,W,,110,102,43,18,W 1
2006,PHO,2006-03-12,9:00p,@,Portland Trail Blazers,L,,101,111,43,19,L 1
2006,PHO,2006-03-14,10:00p,@,Seattle SuperSonics,W,,129,120,44,19,W 1
2006,PHO,2006-03-15,9:00p,,Los Angeles Clippers,W,,126,95,45,19,W 2
2006,PHO,2006-03-17,8:30p,@,San Antonio Spurs,L,,102,108,45,20,L 1
2006,PHO,2006-03-21,10:30p,@,Utah Jazz,L,,99,107,45,21,L 2
2006,PHO,2006-03-23,9:00p,,Portland Trail Blazers,W,,125,108,46,21,W 1
2006,PHO,2006-03-25,9:00p,,Denver Nuggets,W,,107,96,47,21,W 2
2006,PHO,2006-03-27,7:30p,@,New Jersey Nets,L,,72,110,47,22,L 1
2006,PHO,2006-03-28,8:00p,@,Milwaukee Bucks,L,,110,132,47,23,L 2
2006,PHO,2006-03-30,8:00p,@,Indiana Pacers,W,,114,104,48,23,W 1
2006,PHO,2006-03-31,7:00p,@,Toronto Raptors,W,,140,126,49,23,W 2
2006,PHO,2006-04-02,1:00p,@,Detroit Pistons,L,,102,109,49,24,L 1
2006,PHO,2006-04-05,10:30p,,Los Angeles Clippers,L,,105,119,49,25,L 2
2006,PHO,2006-04-07,10:30p,,Los Angeles Lakers,W,,107,96,50,25,W 1
2006,PHO,2006-04-09,9:00p,@,Seattle SuperSonics,L,,114,116,50,26,L 1
2006,PHO,2006-04-11,10:00p,@,Sacramento Kings,W,,123,110,51,26,W 1
2006,PHO,2006-04-13,10:30p,,Dallas Mavericks,W,,117,104,52,26,W 2
2006,PHO,2006-04-14,10:30p,@,Golden State Warriors,L,,102,110,52,27,L 1
2006,PHO,2006-04-16,3:30p,@,Los Angeles Lakers,L,,89,109,52,28,L 2
2006,PHO,2006-04-17,10:00p,,New Orleans/Oklahoma City Hornets,W,,115,78,53,28,W 1
2006,PHO,2006-04-19,10:00p,@,Portland Trail Blazers,W,,106,96,54,28,W 2
2006,PHO,2006-04-23,3:30p,,Los Angeles Lakers,W,,107,102,1,0,W 1
2006,PHO,2006-04-26,10:30p,,Los Angeles Lakers,L,,93,99,1,1,L 1
2006,PHO,2006-04-28,10:30p,@,Los Angeles Lakers,L,,92,99,1,2,L 2
2006,PHO,2006-04-30,3:30p,@,Los Angeles Lakers,L,OT,98,99,1,3,L 3
2006,PHO,2006-05-02,10:30p,,Los Angeles Lakers,W,,114,97,2,3,W 1
2006,PHO,2006-05-04,10:30p,@,Los Angeles Lakers,W,OT,126,118,3,3,W 2
2006,PHO,2006-05-06,8:30p,,Los Angeles Lakers,W,,121,90,4,3,W 3
2006,PHO,2006-05-08,10:30p,,Los Angeles Clippers,W,,130,123,5,3,W 4
2006,PHO,2006-05-10,10:30p,,Los Angeles Clippers,L,,97,122,5,4,L 1
2006,PHO,2006-05-12,10:30p,@,Los Angeles Clippers,W,,94,91,6,4,W 1
2006,PHO,2006-05-14,8:00p,@,Los Angeles Clippers,L,,107,114,6,5,L 1
2006,PHO,2006-05-16,10:30p,,Los Angeles Clippers,W,2OT,125,118,7,5,W 1
2006,PHO,2006-05-18,10:00p,@,Los Angeles Clippers,L,,106,118,7,6,L 1
2006,PHO,2006-05-22,10:30p,,Los Angeles Clippers,W,,127,107,8,6,W 1
2006,PHO,2006-05-24,8:30p,@,Dallas Mavericks,W,,121,118,9,6,W 2
2006,PHO,2006-05-26,8:30p,@,Dallas Mavericks,L,,98,105,9,7,L 1
2006,PHO,2006-05-28,8:30p,,Dallas Mavericks,L,,88,95,9,8,L 2
2006,PHO,2006-05-30,9:00p,,Dallas Mavericks,W,,106,86,10,8,W 1
2006,PHO,2006-06-01,8:30p,@,Dallas Mavericks,L,,101,117,10,9,L 1
2006,PHO,2006-06-03,8:30p,,Dallas Mavericks,L,,93,102,10,10,L 2
2006,POR,2005-11-02,8:00p,@,Minnesota Timberwolves,L,,86,90,0,1,L 1
2006,POR,2005-11-04,9:00p,@,Denver Nuggets,L,,68,107,0,2,L 2
2006,POR,2005-11-05,10:00p,,Atlanta Hawks,W,,94,93,1,2,W 1
2006,POR,2005-11-09,10:00p,,New York Knicks,W,,95,83,2,2,W 2
2006,POR,2005-11-11,10:30p,,Detroit Pistons,L,,81,84,2,3,L 1
2006,POR,2005-11-16,10:00p,,Chicago Bulls,W,,96,93,3,3,W 1
2006,POR,2005-11-18,10:00p,,Golden State Warriors,L,,80,91,3,4,L 1
2006,POR,2005-11-20,12:00p,@,New York Knicks,L,,92,103,3,5,L 2
2006,POR,2005-11-22,8:00p,@,Memphis Grizzlies,W,,95,87,4,5,W 1
2006,POR,2005-11-23,7:30p,@,Miami Heat,L,,79,100,4,6,L 1
2006,POR,2005-11-25,7:00p,@,Orlando Magic,L,,89,104,4,7,L 2
2006,POR,2005-11-27,2:00p,@,Atlanta Hawks,W,,77,75,5,7,W 1
2006,POR,2005-11-29,7:00p,@,Philadelphia 76ers,L,,83,107,5,8,L 1
2006,POR,2005-11-30,7:00p,@,Washington Wizards,L,,89,96,5,9,L 2
2006,POR,2005-12-02,10:00p,,Indiana Pacers,L,,78,98,5,10,L 3
2006,POR,2005-12-04,9:00p,,Utah Jazz,L,,93,98,5,11,L 4
2006,POR,2005-12-06,9:00p,@,Phoenix Suns,L,,85,130,5,12,L 5
2006,POR,2005-12-07,10:00p,,Minnesota Timberwolves,L,,74,84,5,13,L 6
2006,POR,2005-12-09,10:00p,,New Orleans/Oklahoma City Hornets,W,OT,98,95,6,13,W 1
2006,POR,2005-12-11,9:00p,,Houston Rockets,L,,86,100,6,14,L 1
2006,POR,2005-12-14,9:00p,@,Utah Jazz,L,,77,82,6,15,L 2
2006,POR,2005-12-16,10:00p,,Seattle SuperSonics,L,,99,111,6,16,L 3
2006,POR,2005-12-18,9:00p,,Washington Wizards,W,,97,92,7,16,W 1
2006,POR,2005-12-20,7:30p,@,Detroit Pistons,L,,89,93,7,17,L 1
2006,POR,2005-12-21,8:00p,@,Memphis Grizzlies,L,,79,89,7,18,L 2
2006,POR,2005-12-23,8:00p,@,Minnesota Timberwolves,W,,91,83,8,18,W 1
2006,POR,2005-12-26,10:00p,@,Sacramento Kings,W,,105,92,9,18,W 2
2006,POR,2005-12-28,10:00p,,Philadelphia 76ers,W,,95,91,10,18,W 3
2006,POR,2005-12-30,10:00p,,Memphis Grizzlies,L,,90,93,10,19,L 1
2006,POR,2006-01-01,9:00p,,Los Angeles Clippers,L,,94,100,10,20,L 2
2006,POR,2006-01-03,8:30p,@,Dallas Mavericks,L,,81,95,10,21,L 3
2006,POR,2006-01-04,8:30p,@,San Antonio Spurs,L,,75,106,10,22,L 4
2006,POR,2006-01-06,8:00p,@,New Orleans/Oklahoma City Hornets,L,,80,90,10,23,L 5
2006,POR,2006-01-08,9:00p,,Miami Heat,L,,89,118,10,24,L 6
2006,POR,2006-01-11,10:00p,,Los Angeles Lakers,W,,113,103,11,24,W 1
2006,POR,2006-01-13,10:00p,,Orlando Magic,W,,113,108,12,24,W 2
2006,POR,2006-01-15,9:00p,,Cleveland Cavaliers,W,,89,87,13,24,W 3
2006,POR,2006-01-18,10:00p,,Toronto Raptors,W,,96,94,14,24,W 4
2006,POR,2006-01-22,9:00p,,Dallas Mavericks,L,OT,89,95,14,25,L 1
2006,POR,2006-01-25,10:00p,,Denver Nuggets,L,,94,97,14,26,L 2
2006,POR,2006-01-27,10:00p,,New Jersey Nets,W,,88,83,15,26,W 1
2006,POR,2006-01-28,10:30p,@,Golden State Warriors,L,,83,98,15,27,L 1
2006,POR,2006-01-30,10:00p,@,Seattle SuperSonics,W,,116,111,16,27,W 1
2006,POR,2006-02-01,10:00p,,San Antonio Spurs,L,,82,86,16,28,L 1
2006,POR,2006-02-03,10:30p,,Minnesota Timberwolves,W,,89,85,17,28,W 1
2006,POR,2006-02-04,9:00p,@,Denver Nuggets,L,,104,105,17,29,L 1
2006,POR,2006-02-08,7:00p,@,Indiana Pacers,L,,69,101,17,30,L 2
2006,POR,2006-02-10,7:30p,@,Boston Celtics,L,,83,115,17,31,L 3
2006,POR,2006-02-12,6:00p,@,Toronto Raptors,L,,81,114,17,32,L 4
2006,POR,2006-02-13,7:30p,@,Charlotte Bobcats,W,,91,83,18,32,W 1
2006,POR,2006-02-15,8:00p,@,New Orleans/Oklahoma City Hornets,L,,86,102,18,33,L 1
2006,POR,2006-02-21,10:30p,@,Los Angeles Lakers,L,,82,99,18,34,L 2
2006,POR,2006-02-22,10:00p,,Charlotte Bobcats,L,,106,110,18,35,L 3
2006,POR,2006-02-24,10:00p,,Boston Celtics,L,,96,102,18,36,L 4
2006,POR,2006-02-26,9:00p,,New Orleans/Oklahoma City Hornets,L,,75,88,18,37,L 5
2006,POR,2006-02-27,10:00p,@,Sacramento Kings,L,,91,115,18,38,L 6
2006,POR,2006-03-01,10:00p,,Los Angeles Lakers,W,,99,93,19,38,W 1
2006,POR,2006-03-04,8:30p,@,San Antonio Spurs,L,,81,101,19,39,L 1
2006,POR,2006-03-05,8:30p,@,Houston Rockets,L,,84,102,19,40,L 2
2006,POR,2006-03-07,8:30p,@,Dallas Mavericks,L,,87,93,19,41,L 3
2006,POR,2006-03-09,10:00p,,Dallas Mavericks,L,,92,109,19,42,L 4
2006,POR,2006-03-12,9:00p,,Phoenix Suns,W,,111,101,20,42,W 1
2006,POR,2006-03-14,8:30p,@,Chicago Bulls,L,,66,95,20,43,L 1
2006,POR,2006-03-15,7:30p,@,New Jersey Nets,L,,65,78,20,44,L 2
2006,POR,2006-03-17,7:30p,@,Cleveland Cavaliers,L,,84,99,20,45,L 3
2006,POR,2006-03-18,8:30p,@,Milwaukee Bucks,L,,93,97,20,46,L 4
2006,POR,2006-03-20,10:00p,,Milwaukee Bucks,L,,93,100,20,47,L 5
2006,POR,2006-03-23,9:00p,@,Phoenix Suns,L,,108,125,20,48,L 6
2006,POR,2006-03-24,10:00p,,San Antonio Spurs,L,,79,98,20,49,L 7
2006,POR,2006-03-26,9:00p,,Los Angeles Clippers,L,,83,97,20,50,L 8
2006,POR,2006-03-29,10:00p,,Sacramento Kings,L,,90,106,20,51,L 9
2006,POR,2006-04-01,10:00p,,Utah Jazz,L,,89,102,20,52,L 10
2006,POR,2006-04-02,9:00p,@,Seattle SuperSonics,L,,83,122,20,53,L 11
2006,POR,2006-04-05,10:00p,,Houston Rockets,W,,76,75,21,53,W 1
2006,POR,2006-04-07,10:00p,,Seattle SuperSonics,L,,108,121,21,54,L 1
2006,POR,2006-04-08,9:00p,@,Utah Jazz,L,,93,110,21,55,L 2
2006,POR,2006-04-10,10:00p,,Denver Nuggets,L,,98,110,21,56,L 3
2006,POR,2006-04-12,10:30p,@,Los Angeles Clippers,L,,93,97,21,57,L 4
2006,POR,2006-04-14,10:30p,@,Los Angeles Lakers,L,,99,110,21,58,L 5
2006,POR,2006-04-15,10:00p,,Golden State Warriors,L,,81,86,21,59,L 6
2006,POR,2006-04-17,10:30p,@,Golden State Warriors,L,,79,93,21,60,L 7
2006,POR,2006-04-19,10:00p,,Phoenix Suns,L,,96,106,21,61,L 8
2006,SAC,2005-11-01,8:00p,@,New Orleans/Oklahoma City Hornets,L,,67,93,0,1,L 1
2006,SAC,2005-11-02,8:30p,@,Houston Rockets,L,,89,98,0,2,L 2
2006,SAC,2005-11-06,8:00p,@,Phoenix Suns,W,,118,117,1,2,W 1
2006,SAC,2005-11-08,10:00p,,Detroit Pistons,L,,88,102,1,3,L 1
2006,SAC,2005-11-09,10:30p,@,Denver Nuggets,L,,91,107,1,4,L 2
2006,SAC,2005-11-11,10:00p,,Denver Nuggets,W,,101,85,2,4,W 1
2006,SAC,2005-11-13,9:00p,,New York Knicks,L,,95,105,2,5,L 1
2006,SAC,2005-11-15,10:00p,,Utah Jazz,W,,119,83,3,5,W 1
2006,SAC,2005-11-18,10:00p,,Milwaukee Bucks,W,,103,82,4,5,W 2
2006,SAC,2005-11-20,9:00p,@,Seattle SuperSonics,L,,104,106,4,6,L 1
2006,SAC,2005-11-21,10:00p,,San Antonio Spurs,L,,93,96,4,7,L 2
2006,SAC,2005-11-23,10:00p,,New Jersey Nets,W,,114,105,5,7,W 1
2006,SAC,2005-11-25,10:00p,,Toronto Raptors,W,,106,104,6,7,W 2
2006,SAC,2005-11-29,10:00p,,Charlotte Bobcats,W,,110,92,7,7,W 3
2006,SAC,2005-11-30,10:30p,@,Golden State Warriors,L,,106,113,7,8,L 1
2006,SAC,2005-12-02,10:00p,,Miami Heat,L,,87,98,7,9,L 2
2006,SAC,2005-12-04,9:00p,,Minnesota Timberwolves,L,,77,85,7,10,L 3
2006,SAC,2005-12-06,10:00p,,Cleveland Cavaliers,L,,97,102,7,11,L 4
2006,SAC,2005-12-08,10:30p,,Houston Rockets,L,,95,106,7,12,L 5
2006,SAC,2005-12-10,10:00p,@,Seattle SuperSonics,W,,123,104,8,12,W 1
2006,SAC,2005-12-11,9:00p,,New Orleans/Oklahoma City Hornets,W,,110,100,9,12,W 2
2006,SAC,2005-12-13,8:00p,@,Minnesota Timberwolves,W,,93,91,10,12,W 3
2006,SAC,2005-12-14,7:30p,@,Detroit Pistons,L,,98,109,10,13,L 1
2006,SAC,2005-12-17,8:30p,@,San Antonio Spurs,L,,89,90,10,14,L 2
2006,SAC,2005-12-19,7:30p,@,Charlotte Bobcats,L,OT,103,106,10,15,L 3
2006,SAC,2005-12-22,10:30p,,Dallas Mavericks,L,,95,105,10,16,L 4
2006,SAC,2005-12-26,10:00p,,Portland Trail Blazers,L,,92,105,10,17,L 5
2006,SAC,2005-12-27,10:30p,@,Los Angeles Clippers,W,,110,93,11,17,W 1
2006,SAC,2005-12-30,10:00p,,Boston Celtics,W,,116,112,12,17,W 2
2006,SAC,2006-01-03,10:00p,,Philadelphia 76ers,L,,98,111,12,18,L 1
2006,SAC,2006-01-06,10:00p,,Los Angeles Clippers,W,,118,114,13,18,W 1
2006,SAC,2006-01-08,9:00p,,Indiana Pacers,L,,83,108,13,19,L 1
2006,SAC,2006-01-10,8:00p,@,Memphis Grizzlies,L,,85,99,13,20,L 2
2006,SAC,2006-01-11,8:30p,@,Houston Rockets,W,,88,80,14,20,W 1
2006,SAC,2006-01-13,8:00p,@,New Orleans/Oklahoma City Hornets,L,,76,90,14,21,L 1
2006,SAC,2006-01-15,9:00p,,Orlando Magic,W,,104,100,15,21,W 1
2006,SAC,2006-01-17,10:00p,,Phoenix Suns,W,,119,90,16,21,W 2
2006,SAC,2006-01-19,10:30p,,Los Angeles Lakers,W,OT,118,109,17,21,W 3
2006,SAC,2006-01-21,7:00p,@,Orlando Magic,L,OT,78,83,17,22,L 1
2006,SAC,2006-01-22,6:00p,@,Miami Heat,L,,99,119,17,23,L 2
2006,SAC,2006-01-24,7:00p,@,Philadelphia 76ers,L,,103,109,17,24,L 3
2006,SAC,2006-01-25,7:30p,@,New York Knicks,W,OT,106,102,18,24,W 1
2006,SAC,2006-01-27,7:30p,@,Boston Celtics,L,,74,84,18,25,L 1
2006,SAC,2006-01-29,7:00p,@,Toronto Raptors,L,OT,123,124,18,26,L 2
2006,SAC,2006-01-31,10:00p,,Denver Nuggets,W,,98,91,19,26,W 1
2006,SAC,2006-02-03,9:00p,@,Utah Jazz,L,,79,89,19,27,L 1
2006,SAC,2006-02-05,3:30p,,Utah Jazz,W,,96,78,20,27,W 1
2006,SAC,2006-02-07,10:00p,,Memphis Grizzlies,W,,104,96,21,27,W 2
2006,SAC,2006-02-09,10:30p,,Chicago Bulls,W,,98,80,22,27,W 3
2006,SAC,2006-02-10,9:00p,@,Phoenix Suns,L,,104,112,22,28,L 1
2006,SAC,2006-02-12,9:00p,,Atlanta Hawks,W,,109,84,23,28,W 1
2006,SAC,2006-02-14,8:30p,@,Chicago Bulls,W,OT,105,101,24,28,W 2
2006,SAC,2006-02-15,8:00p,@,Memphis Grizzlies,L,,78,84,24,29,L 1
2006,SAC,2006-02-21,10:00p,,Golden State Warriors,W,,102,77,25,29,W 1
2006,SAC,2006-02-23,10:30p,@,Los Angeles Lakers,L,,85,106,25,30,L 1
2006,SAC,2006-02-27,10:00p,,Portland Trail Blazers,W,,115,91,26,30,W 1
2006,SAC,2006-03-01,7:00p,@,Cleveland Cavaliers,W,,97,90,27,30,W 2
2006,SAC,2006-03-03,7:00p,@,Atlanta Hawks,W,,102,93,28,30,W 3
2006,SAC,2006-03-05,1:00p,@,Washington Wizards,L,,107,117,28,31,L 1
2006,SAC,2006-03-06,7:30p,@,New Jersey Nets,W,,109,84,29,31,W 1
2006,SAC,2006-03-08,8:00p,@,Milwaukee Bucks,W,,123,116,30,31,W 2
2006,SAC,2006-03-10,10:00p,,Memphis Grizzlies,W,,105,93,31,31,W 3
2006,SAC,2006-03-12,9:00p,,Dallas Mavericks,W,,85,80,32,31,W 4
2006,SAC,2006-03-14,10:00p,,Los Angeles Lakers,W,,114,98,33,31,W 5
2006,SAC,2006-03-17,7:00p,@,Indiana Pacers,L,,93,98,33,32,L 1
2006,SAC,2006-03-19,3:30p,@,Minnesota Timberwolves,L,,89,95,33,33,L 2
2006,SAC,2006-03-21,10:00p,,Seattle SuperSonics,W,,105,96,34,33,W 1
2006,SAC,2006-03-22,10:30p,@,Los Angeles Lakers,L,,80,87,34,34,L 1
2006,SAC,2006-03-25,9:00p,@,Utah Jazz,W,,91,89,35,34,W 1
2006,SAC,2006-03-26,9:00p,,Golden State Warriors,L,,83,90,35,35,L 1
2006,SAC,2006-03-28,10:00p,,Washington Wizards,L,,84,97,35,36,L 2
2006,SAC,2006-03-29,10:00p,@,Portland Trail Blazers,W,,106,90,36,36,W 1
2006,SAC,2006-03-31,10:30p,@,Golden State Warriors,W,,96,93,37,36,W 2
2006,SAC,2006-04-02,9:00p,,Los Angeles Clippers,W,,106,96,38,36,W 3
2006,SAC,2006-04-04,8:30p,@,Dallas Mavericks,L,,101,127,38,37,L 1
2006,SAC,2006-04-05,8:00p,@,San Antonio Spurs,W,,97,87,39,37,W 1
2006,SAC,2006-04-07,10:30p,@,Los Angeles Clippers,W,,96,93,40,37,W 2
2006,SAC,2006-04-09,9:00p,,Houston Rockets,W,,86,77,41,37,W 3
2006,SAC,2006-04-11,10:00p,,Phoenix Suns,L,,110,123,41,38,L 1
2006,SAC,2006-04-15,9:00p,@,Denver Nuggets,W,,100,82,42,38,W 1
2006,SAC,2006-04-16,9:00p,,New Orleans/Oklahoma City Hornets,W,,96,79,43,38,W 2
2006,SAC,2006-04-18,10:00p,,Seattle SuperSonics,W,,111,105,44,38,W 3
2006,SAC,2006-04-22,5:30p,@,San Antonio Spurs,L,,88,122,0,1,L 1
2006,SAC,2006-04-25,9:30p,@,San Antonio Spurs,L,OT,119,128,0,2,L 2
2006,SAC,2006-04-28,10:00p,,San Antonio Spurs,W,,94,93,1,2,W 1
2006,SAC,2006-04-30,10:00p,,San Antonio Spurs,W,,102,84,2,2,W 2
2006,SAC,2006-05-02,9:30p,@,San Antonio Spurs,L,,98,109,2,3,L 1
2006,SAC,2006-05-05,10:30p,,San Antonio Spurs,L,,83,105,2,4,L 2
2006,SAS,2005-11-01,8:00p,,Denver Nuggets,W,,102,91,1,0,W 1
2006,SAS,2005-11-04,8:00p,,Cleveland Cavaliers,W,,102,76,2,0,W 2
2006,SAS,2005-11-05,8:30p,@,Dallas Mavericks,L,,84,103,2,1,L 1
2006,SAS,2005-11-07,8:30p,@,Chicago Bulls,W,OT,104,95,3,1,W 1
2006,SAS,2005-11-09,7:30p,@,Charlotte Bobcats,W,,94,86,4,1,W 2
2006,SAS,2005-11-11,7:30p,@,Boston Celtics,W,,103,82,5,1,W 3
2006,SAS,2005-11-12,7:00p,@,Washington Wizards,L,,95,110,5,2,L 1
2006,SAS,2005-11-15,8:30p,,Atlanta Hawks,W,,103,79,6,2,W 1
2006,SAS,2005-11-17,9:30p,,Houston Rockets,W,,86,80,7,2,W 2
2006,SAS,2005-11-19,8:30p,,Phoenix Suns,W,,97,91,8,2,W 3
2006,SAS,2005-11-21,10:00p,@,Sacramento Kings,W,,96,93,9,2,W 4
2006,SAS,2005-11-23,10:30p,@,Golden State Warriors,W,,113,89,10,2,W 5
2006,SAS,2005-11-25,8:30p,,Chicago Bulls,L,,99,106,10,3,L 1
2006,SAS,2005-11-29,8:30p,,Los Angeles Lakers,W,,90,84,11,3,W 1
2006,SAS,2005-12-01,8:00p,@,Dallas Mavericks,W,,92,90,12,3,W 2
2006,SAS,2005-12-03,8:30p,,Philadelphia 76ers,W,,100,91,13,3,W 3
2006,SAS,2005-12-05,7:00p,@,Orlando Magic,W,,110,85,14,3,W 4
2006,SAS,2005-12-07,9:00p,,Miami Heat,W,,98,84,15,3,W 5
2006,SAS,2005-12-09,8:30p,,Boston Celtics,W,,101,89,16,3,W 6
2006,SAS,2005-12-10,7:00p,@,Atlanta Hawks,L,,84,94,16,4,L 1
2006,SAS,2005-12-13,8:30p,,Los Angeles Clippers,W,OT,95,87,17,4,W 1
2006,SAS,2005-12-15,8:00p,@,Minnesota Timberwolves,W,,90,88,18,4,W 2
2006,SAS,2005-12-17,8:30p,,Sacramento Kings,W,,90,89,19,4,W 3
2006,SAS,2005-12-18,7:00p,@,New Orleans/Oklahoma City Hornets,L,,76,89,19,5,L 1
2006,SAS,2005-12-20,8:00p,@,Milwaukee Bucks,L,OT,107,109,19,6,L 2
2006,SAS,2005-12-21,7:30p,@,New York Knicks,W,,109,96,20,6,W 1
2006,SAS,2005-12-23,8:30p,,Toronto Raptors,W,,95,90,21,6,W 2
2006,SAS,2005-12-25,12:30p,@,Detroit Pistons,L,,70,85,21,7,L 1
2006,SAS,2005-12-27,8:30p,,Indiana Pacers,W,,99,86,22,7,W 1
2006,SAS,2005-12-29,8:30p,,New Orleans/Oklahoma City Hornets,W,,111,84,23,7,W 2
2006,SAS,2005-12-31,9:00p,@,Denver Nuggets,W,,98,88,24,7,W 3
2006,SAS,2006-01-04,8:30p,,Portland Trail Blazers,W,,106,75,25,7,W 4
2006,SAS,2006-01-06,8:00p,,Minnesota Timberwolves,W,,83,77,26,7,W 5
2006,SAS,2006-01-07,9:00p,@,Phoenix Suns,L,,86,91,26,8,L 1
2006,SAS,2006-01-10,8:30p,,New Jersey Nets,W,,96,91,27,8,W 1
2006,SAS,2006-01-12,8:00p,,Detroit Pistons,L,,68,83,27,9,L 1
2006,SAS,2006-01-14,8:30p,,Memphis Grizzlies,W,,80,79,28,9,W 1
2006,SAS,2006-01-16,8:00p,@,Memphis Grizzlies,W,,93,83,29,9,W 2
2006,SAS,2006-01-18,8:30p,,Milwaukee Bucks,W,,95,92,30,9,W 3
2006,SAS,2006-01-20,8:00p,@,Miami Heat,W,,101,94,31,9,W 4
2006,SAS,2006-01-22,1:00p,,Denver Nuggets,L,,85,89,31,10,L 1
2006,SAS,2006-01-24,8:30p,,Charlotte Bobcats,W,,104,76,32,10,W 1
2006,SAS,2006-01-25,8:00p,@,New Orleans/Oklahoma City Hornets,W,,84,68,33,10,W 2
2006,SAS,2006-01-28,8:30p,,Minnesota Timberwolves,W,,102,88,34,10,W 3
2006,SAS,2006-01-30,9:00p,@,Utah Jazz,W,,79,70,35,10,W 4
2006,SAS,2006-02-01,10:00p,@,Portland Trail Blazers,W,,86,82,36,10,W 5
2006,SAS,2006-02-02,10:30p,@,Golden State Warriors,W,,89,86,37,10,W 6
2006,SAS,2006-02-08,7:00p,@,Toronto Raptors,W,OT,125,118,38,10,W 7
2006,SAS,2006-02-10,8:00p,@,New Jersey Nets,W,,83,73,39,10,W 8
2006,SAS,2006-02-12,1:00p,@,Indiana Pacers,W,,92,88,40,10,W 9
2006,SAS,2006-02-13,7:00p,@,Cleveland Cavaliers,L,,87,101,40,11,L 1
2006,SAS,2006-02-15,7:00p,@,Philadelphia 76ers,L,OT,100,103,40,12,L 2
2006,SAS,2006-02-21,8:30p,,Seattle SuperSonics,W,,103,78,41,12,W 1
2006,SAS,2006-02-24,8:00p,@,Memphis Grizzlies,W,,83,80,42,12,W 2
2006,SAS,2006-02-25,8:30p,,Golden State Warriors,W,,92,75,43,12,W 3
2006,SAS,2006-02-27,8:30p,,New York Knicks,W,,121,93,44,12,W 4
2006,SAS,2006-03-02,9:30p,,Dallas Mavericks,W,,98,89,45,12,W 5
2006,SAS,2006-03-04,8:30p,,Portland Trail Blazers,W,,101,81,46,12,W 6
2006,SAS,2006-03-06,10:30p,@,Los Angeles Lakers,W,,103,96,47,12,W 7
2006,SAS,2006-03-07,10:30p,@,Los Angeles Clippers,L,,85,98,47,13,L 1
2006,SAS,2006-03-09,10:30p,@,Phoenix Suns,W,,117,93,48,13,W 1
2006,SAS,2006-03-10,8:30p,,Los Angeles Lakers,L,,92,100,48,14,L 1
2006,SAS,2006-03-12,3:30p,,Houston Rockets,W,,88,81,49,14,W 1
2006,SAS,2006-03-14,8:30p,,New Orleans/Oklahoma City Hornets,W,,96,81,50,14,W 2
2006,SAS,2006-03-17,8:30p,,Phoenix Suns,W,,108,102,51,14,W 3
2006,SAS,2006-03-18,8:30p,@,Houston Rockets,W,,92,77,52,14,W 4
2006,SAS,2006-03-21,8:30p,,Golden State Warriors,W,,107,96,53,14,W 5
2006,SAS,2006-03-22,10:30p,@,Denver Nuggets,L,,92,104,53,15,L 1
2006,SAS,2006-03-24,10:00p,@,Portland Trail Blazers,W,,98,79,54,15,W 1
2006,SAS,2006-03-26,9:00p,@,Seattle SuperSonics,L,,102,106,54,16,L 1
2006,SAS,2006-03-28,10:30p,@,Los Angeles Clippers,W,,98,87,55,16,W 1
2006,SAS,2006-03-30,10:30p,@,Los Angeles Lakers,W,,96,85,56,16,W 2
2006,SAS,2006-04-01,8:30p,,Washington Wizards,W,,106,99,57,16,W 3
2006,SAS,2006-04-04,9:00p,@,Utah Jazz,W,,95,86,58,16,W 4
2006,SAS,2006-04-05,8:00p,,Sacramento Kings,L,,87,97,58,17,L 1
2006,SAS,2006-04-07,8:00p,,Dallas Mavericks,L,,86,92,58,18,L 2
2006,SAS,2006-04-09,7:00p,,Memphis Grizzlies,W,,83,81,59,18,W 1
2006,SAS,2006-04-11,8:30p,,Seattle SuperSonics,W,,104,95,60,18,W 2
2006,SAS,2006-04-13,8:30p,,Orlando Magic,L,,80,92,60,19,L 1
2006,SAS,2006-04-16,6:00p,@,Minnesota Timberwolves,W,,103,90,61,19,W 1
2006,SAS,2006-04-17,8:30p,,Utah Jazz,W,,115,82,62,19,W 2
2006,SAS,2006-04-19,8:00p,@,Houston Rockets,W,,89,87,63,19,W 3
2006,SAS,2006-04-22,5:30p,,Sacramento Kings,W,,122,88,1,0,W 1
2006,SAS,2006-04-25,9:30p,,Sacramento Kings,W,OT,128,119,2,0,W 2
2006,SAS,2006-04-28,10:00p,@,Sacramento Kings,L,,93,94,2,1,L 1
2006,SAS,2006-04-30,10:00p,@,Sacramento Kings,L,,84,102,2,2,L 2
2006,SAS,2006-05-02,9:30p,,Sacramento Kings,W,,109,98,3,2,W 1
2006,SAS,2006-05-05,10:30p,@,Sacramento Kings,W,,105,83,4,2,W 2
2006,SAS,2006-05-07,1:00p,,Dallas Mavericks,W,,87,85,5,2,W 3
2006,SAS,2006-05-09,9:30p,,Dallas Mavericks,L,,91,113,5,3,L 1
2006,SAS,2006-05-13,8:00p,@,Dallas Mavericks,L,,103,104,5,4,L 2
2006,SAS,2006-05-15,9:30p,@,Dallas Mavericks,L,OT,118,123,5,5,L 3
2006,SAS,2006-05-17,9:30p,,Dallas Mavericks,W,,98,97,6,5,W 1
2006,SAS,2006-05-19,9:30p,@,Dallas Mavericks,W,,91,86,7,5,W 2
2006,SAS,2006-05-22,8:00p,,Dallas Mavericks,L,OT,111,119,7,6,L 1
2006,SEA,2005-11-02,10:00p,,Los Angeles Clippers,L,,93,101,0,1,L 1
2006,SEA,2005-11-04,10:30p,,Minnesota Timberwolves,W,OT,107,102,1,1,W 1
2006,SEA,2005-11-08,8:00p,@,Memphis Grizzlies,L,,69,94,1,2,L 1
2006,SEA,2005-11-09,7:00p,@,Cleveland Cavaliers,L,,85,112,1,3,L 2
2006,SEA,2005-11-11,7:30p,@,Washington Wizards,L,,96,137,1,4,L 3
2006,SEA,2005-11-13,1:00p,@,Toronto Raptors,W,OT,126,121,2,4,W 1
2006,SEA,2005-11-15,7:30p,@,New Jersey Nets,L,,99,109,2,5,L 1
2006,SEA,2005-11-16,7:30p,@,Boston Celtics,W,,113,100,3,5,W 1
2006,SEA,2005-11-18,10:30p,,Chicago Bulls,W,,98,84,4,5,W 2
2006,SEA,2005-11-20,9:00p,,Sacramento Kings,W,,106,104,5,5,W 3
2006,SEA,2005-11-22,10:00p,,Utah Jazz,L,,87,93,5,6,L 1
2006,SEA,2005-11-24,10:30p,@,Los Angeles Lakers,L,,96,108,5,7,L 2
2006,SEA,2005-11-26,3:30p,,New Orleans/Oklahoma City Hornets,L,,99,105,5,8,L 3
2006,SEA,2005-11-30,10:00p,,Charlotte Bobcats,W,,104,94,6,8,W 1
2006,SEA,2005-12-02,10:30p,,Cleveland Cavaliers,W,,115,108,7,8,W 2
2006,SEA,2005-12-04,8:00p,,Indiana Pacers,W,,107,102,8,8,W 3
2006,SEA,2005-12-06,10:00p,,New York Knicks,L,,101,104,8,9,L 1
2006,SEA,2005-12-09,9:00p,@,Utah Jazz,W,,106,90,9,9,W 1
2006,SEA,2005-12-10,10:00p,,Sacramento Kings,L,,104,123,9,10,L 1
2006,SEA,2005-12-13,10:00p,,Golden State Warriors,L,OT,107,110,9,11,L 2
2006,SEA,2005-12-15,10:30p,,Houston Rockets,L,,98,104,9,12,L 3
2006,SEA,2005-12-16,10:00p,@,Portland Trail Blazers,W,,111,99,10,12,W 1
2006,SEA,2005-12-19,10:00p,,Washington Wizards,W,,111,101,11,12,W 2
2006,SEA,2005-12-20,9:00p,@,Phoenix Suns,L,,83,111,11,13,L 1
2006,SEA,2005-12-23,10:30p,,Dallas Mavericks,L,,98,101,11,14,L 2
2006,SEA,2005-12-26,10:00p,,Boston Celtics,W,,118,111,12,14,W 1
2006,SEA,2005-12-28,8:00p,@,Minnesota Timberwolves,L,,95,108,12,15,L 1
2006,SEA,2005-12-29,10:30p,@,Denver Nuggets,W,,112,105,13,15,W 1
2006,SEA,2005-12-31,9:00p,,Memphis Grizzlies,L,,96,100,13,16,L 1
2006,SEA,2006-01-02,7:00p,@,Indiana Pacers,L,,96,115,13,17,L 2
2006,SEA,2006-01-04,8:30p,@,Chicago Bulls,W,,101,97,14,17,W 1
2006,SEA,2006-01-06,8:00p,@,Detroit Pistons,L,,85,97,14,18,L 1
2006,SEA,2006-01-08,1:00p,@,New York Knicks,L,,116,120,14,19,L 2
2006,SEA,2006-01-09,7:00p,@,Philadelphia 76ers,L,,98,107,14,20,L 3
2006,SEA,2006-01-11,10:00p,,Orlando Magic,W,,113,104,15,20,W 1
2006,SEA,2006-01-13,10:30p,,Miami Heat,L,,104,117,15,21,L 1
2006,SEA,2006-01-14,10:30p,@,Los Angeles Clippers,L,,72,98,15,22,L 2
2006,SEA,2006-01-16,4:00p,@,Golden State Warriors,L,,93,109,15,23,L 3
2006,SEA,2006-01-20,10:30p,,Toronto Raptors,L,,113,121,15,24,L 4
2006,SEA,2006-01-22,8:00p,@,Phoenix Suns,W,2OT,152,149,16,24,W 1
2006,SEA,2006-01-25,9:00p,@,Utah Jazz,W,,113,94,17,24,W 2
2006,SEA,2006-01-26,10:30p,,Dallas Mavericks,L,,97,104,17,25,L 1
2006,SEA,2006-01-28,10:00p,,New Jersey Nets,W,,113,104,18,25,W 1
2006,SEA,2006-01-30,10:00p,,Portland Trail Blazers,L,,111,116,18,26,L 1
2006,SEA,2006-02-01,10:00p,,Golden State Warriors,W,,111,107,19,26,W 1
2006,SEA,2006-02-03,8:30p,@,Houston Rockets,L,,77,100,19,27,L 1
2006,SEA,2006-02-04,8:30p,@,Dallas Mavericks,L,,91,110,19,28,L 2
2006,SEA,2006-02-06,7:30p,@,Charlotte Bobcats,L,,106,119,19,29,L 3
2006,SEA,2006-02-08,8:00p,@,New Orleans/Oklahoma City Hornets,L,,102,109,19,30,L 4
2006,SEA,2006-02-10,10:30p,,Atlanta Hawks,W,,99,91,20,30,W 1
2006,SEA,2006-02-12,9:00p,,Denver Nuggets,L,OT,112,120,20,31,L 1
2006,SEA,2006-02-14,8:00p,@,Milwaukee Bucks,L,,91,106,20,32,L 2
2006,SEA,2006-02-15,8:00p,@,Minnesota Timberwolves,L,,92,102,20,33,L 3
2006,SEA,2006-02-21,8:30p,@,San Antonio Spurs,L,,78,103,20,34,L 4
2006,SEA,2006-02-22,7:00p,@,Atlanta Hawks,W,,114,109,21,34,W 1
2006,SEA,2006-02-24,7:00p,@,Orlando Magic,L,,89,102,21,35,L 1
2006,SEA,2006-02-25,7:30p,@,Miami Heat,L,,106,115,21,36,L 2
2006,SEA,2006-02-28,10:00p,,New Orleans/Oklahoma City Hornets,W,,114,104,22,36,W 1
2006,SEA,2006-03-03,10:30p,,Detroit Pistons,L,,96,98,22,37,L 1
2006,SEA,2006-03-05,9:00p,,Utah Jazz,W,,113,81,23,37,W 1
2006,SEA,2006-03-08,10:00p,,Memphis Grizzlies,L,,74,99,23,38,L 1
2006,SEA,2006-03-10,10:30p,,Minnesota Timberwolves,W,,107,96,24,38,W 1
2006,SEA,2006-03-12,3:30p,@,Los Angeles Lakers,W,,120,113,25,38,W 2
2006,SEA,2006-03-14,10:00p,,Phoenix Suns,L,,120,129,25,39,L 1
2006,SEA,2006-03-16,10:00p,,Philadelphia 76ers,W,,102,98,26,39,W 1
2006,SEA,2006-03-21,10:00p,@,Sacramento Kings,L,,96,105,26,40,L 1
2006,SEA,2006-03-22,10:00p,,Milwaukee Bucks,W,,114,105,27,40,W 1
2006,SEA,2006-03-24,9:00p,@,Denver Nuggets,L,,104,117,27,41,L 1
2006,SEA,2006-03-26,9:00p,,San Antonio Spurs,W,,106,102,28,41,W 1
2006,SEA,2006-03-28,8:00p,@,Memphis Grizzlies,W,,98,97,29,41,W 2
2006,SEA,2006-03-29,8:30p,@,Houston Rockets,L,,87,115,29,42,L 1
2006,SEA,2006-03-31,10:30p,,Los Angeles Lakers,L,,93,106,29,43,L 2
2006,SEA,2006-04-02,9:00p,,Portland Trail Blazers,W,,122,83,30,43,W 1
2006,SEA,2006-04-04,10:00p,,Houston Rockets,W,,104,87,31,43,W 2
2006,SEA,2006-04-07,10:00p,@,Portland Trail Blazers,W,,121,108,32,43,W 3
2006,SEA,2006-04-09,9:00p,,Phoenix Suns,W,,116,114,33,43,W 4
2006,SEA,2006-04-11,8:30p,@,San Antonio Spurs,L,,95,104,33,44,L 1
2006,SEA,2006-04-12,8:00p,@,New Orleans/Oklahoma City Hornets,L,,99,104,33,45,L 2
2006,SEA,2006-04-14,10:30p,,Los Angeles Clippers,L,,97,101,33,46,L 3
2006,SEA,2006-04-16,9:00p,@,Los Angeles Clippers,W,,114,98,34,46,W 1
2006,SEA,2006-04-18,10:00p,@,Sacramento Kings,L,,105,111,34,47,L 1
2006,SEA,2006-04-19,10:30p,,Denver Nuggets,W,,109,98,35,47,W 1
2006,TOR,2005-11-02,7:00p,,Washington Wizards,L,,96,99,0,1,L 1
2006,TOR,2005-11-04,7:00p,,New Jersey Nets,L,,92,102,0,2,L 2
2006,TOR,2005-11-05,7:30p,@,Detroit Pistons,L,,84,117,0,3,L 3
2006,TOR,2005-11-07,7:00p,,Cleveland Cavaliers,L,,93,105,0,4,L 4
2006,TOR,2005-11-11,7:00p,,Utah Jazz,L,,84,99,0,5,L 5
2006,TOR,2005-11-13,1:00p,,Seattle SuperSonics,L,OT,121,126,0,6,L 6
2006,TOR,2005-11-15,7:00p,@,Philadelphia 76ers,L,,92,104,0,7,L 7
2006,TOR,2005-11-16,7:00p,,Philadelphia 76ers,L,,115,121,0,8,L 8
2006,TOR,2005-11-18,7:30p,@,Boston Celtics,L,,93,100,0,9,L 9
2006,TOR,2005-11-20,1:00p,,Miami Heat,W,,107,94,1,9,W 1
2006,TOR,2005-11-22,9:00p,@,Phoenix Suns,L,,82,90,1,10,L 1
2006,TOR,2005-11-23,10:30p,@,Los Angeles Clippers,L,,100,103,1,11,L 2
2006,TOR,2005-11-25,10:00p,@,Sacramento Kings,L,,104,106,1,12,L 3
2006,TOR,2005-11-26,10:30p,@,Golden State Warriors,L,,91,117,1,13,L 4
2006,TOR,2005-11-28,7:00p,,Dallas Mavericks,L,,91,93,1,14,L 5
2006,TOR,2005-11-30,7:00p,,Memphis Grizzlies,L,,66,92,1,15,L 6
2006,TOR,2005-12-02,7:00p,@,Atlanta Hawks,W,,102,101,2,15,W 1
2006,TOR,2005-12-03,8:00p,@,New Jersey Nets,W,,95,82,3,15,W 2
2006,TOR,2005-12-06,7:00p,@,Washington Wizards,L,OT,111,119,3,16,L 1
2006,TOR,2005-12-07,7:00p,,Los Angeles Lakers,L,,91,102,3,17,L 2
2006,TOR,2005-12-10,7:30p,@,Charlotte Bobcats,W,,111,103,4,17,W 1
2006,TOR,2005-12-14,7:00p,,Chicago Bulls,L,,94,105,4,18,L 1
2006,TOR,2005-12-16,7:00p,,Golden State Warriors,L,,98,108,4,19,L 2
2006,TOR,2005-12-18,1:00p,,Philadelphia 76ers,L,,80,107,4,20,L 3
2006,TOR,2005-12-19,7:00p,@,Orlando Magic,W,,92,90,5,20,W 1
2006,TOR,2005-12-21,8:30p,@,Houston Rockets,W,,94,81,6,20,W 2
2006,TOR,2005-12-23,8:30p,@,San Antonio Spurs,L,,90,95,6,21,L 1
2006,TOR,2005-12-27,7:30p,@,Detroit Pistons,L,,106,113,6,22,L 2
2006,TOR,2005-12-28,7:00p,,Atlanta Hawks,W,,108,102,7,22,W 1
2006,TOR,2005-12-30,7:00p,@,Indiana Pacers,W,,99,97,8,22,W 2
2006,TOR,2006-01-03,7:00p,@,Atlanta Hawks,W,,108,97,9,22,W 3
2006,TOR,2006-01-04,7:00p,,Orlando Magic,W,,121,97,10,22,W 4
2006,TOR,2006-01-06,7:00p,,Houston Rockets,W,,112,92,11,22,W 5
2006,TOR,2006-01-08,1:00p,,New Jersey Nets,L,,104,105,11,23,L 1
2006,TOR,2006-01-09,8:30p,@,Chicago Bulls,L,,104,113,11,24,L 2
2006,TOR,2006-01-11,7:00p,,Charlotte Bobcats,W,,95,86,12,24,W 1
2006,TOR,2006-01-15,1:00p,,New York Knicks,W,,129,103,13,24,W 2
2006,TOR,2006-01-17,9:00p,@,Utah Jazz,L,,98,111,13,25,L 1
2006,TOR,2006-01-18,10:00p,@,Portland Trail Blazers,L,,94,96,13,26,L 2
2006,TOR,2006-01-20,10:30p,@,Seattle SuperSonics,W,,121,113,14,26,W 1
2006,TOR,2006-01-22,9:30p,@,Los Angeles Lakers,L,,104,122,14,27,L 1
2006,TOR,2006-01-23,9:00p,@,Denver Nuggets,L,,101,107,14,28,L 2
2006,TOR,2006-01-25,7:00p,,Chicago Bulls,L,,88,104,14,29,L 3
2006,TOR,2006-01-27,8:30p,@,Milwaukee Bucks,L,,87,108,14,30,L 4
2006,TOR,2006-01-29,7:00p,,Sacramento Kings,W,OT,124,123,15,30,W 1
2006,TOR,2006-02-01,7:00p,,Washington Wizards,W,,117,112,16,30,W 2
2006,TOR,2006-02-03,7:00p,,New York Knicks,W,,104,90,17,30,W 3
2006,TOR,2006-02-05,1:00p,,Los Angeles Clippers,L,OT,113,115,17,31,L 1
2006,TOR,2006-02-08,7:00p,,San Antonio Spurs,L,OT,118,125,17,32,L 2
2006,TOR,2006-02-10,7:30p,@,Charlotte Bobcats,W,,88,73,18,32,W 1
2006,TOR,2006-02-12,6:00p,,Portland Trail Blazers,W,,114,81,19,32,W 2
2006,TOR,2006-02-13,8:00p,@,Minnesota Timberwolves,W,,98,94,20,32,W 3
2006,TOR,2006-02-15,7:30p,@,New York Knicks,L,,96,98,20,33,L 1
2006,TOR,2006-02-21,8:00p,@,Memphis Grizzlies,L,,88,94,20,34,L 2
2006,TOR,2006-02-25,1:00p,@,Dallas Mavericks,L,OT,113,115,20,35,L 3
2006,TOR,2006-02-27,7:30p,@,Miami Heat,L,,94,101,20,36,L 4
2006,TOR,2006-03-01,7:00p,,Atlanta Hawks,L,OT,111,113,20,37,L 5
2006,TOR,2006-03-04,1:00p,@,New Jersey Nets,L,OT,100,105,20,38,L 6
2006,TOR,2006-03-05,6:00p,,Boston Celtics,W,,111,105,21,38,W 1
2006,TOR,2006-03-07,7:00p,@,Cleveland Cavaliers,L,,99,106,21,39,L 1
2006,TOR,2006-03-08,7:00p,,Cleveland Cavaliers,L,,97,98,21,40,L 2
2006,TOR,2006-03-10,7:00p,,Denver Nuggets,L,,97,108,21,41,L 3
2006,TOR,2006-03-12,6:00p,,Indiana Pacers,W,,93,89,22,41,W 1
2006,TOR,2006-03-14,7:00p,@,Philadelphia 76ers,W,,111,97,23,41,W 2
2006,TOR,2006-03-15,7:00p,,Detroit Pistons,L,,98,105,23,42,L 1
2006,TOR,2006-03-17,7:00p,,Milwaukee Bucks,W,,97,96,24,42,W 1
2006,TOR,2006-03-21,7:30p,@,New York Knicks,W,,114,109,25,42,W 2
2006,TOR,2006-03-22,7:30p,@,Boston Celtics,L,,96,110,25,43,L 1
2006,TOR,2006-03-24,7:00p,,Minnesota Timberwolves,W,,97,77,26,43,W 1
2006,TOR,2006-03-26,3:30p,@,Milwaukee Bucks,L,OT,116,125,26,44,L 1
2006,TOR,2006-03-29,7:00p,,Miami Heat,L,,94,98,26,45,L 2
2006,TOR,2006-03-31,7:00p,,Phoenix Suns,L,,126,140,26,46,L 3
2006,TOR,2006-04-02,7:00p,,New Orleans/Oklahoma City Hornets,L,2OT,113,120,26,47,L 4
2006,TOR,2006-04-04,7:00p,,Boston Celtics,L,,120,124,26,48,L 5
2006,TOR,2006-04-05,7:00p,@,Indiana Pacers,L,,103,111,26,49,L 6
2006,TOR,2006-04-07,8:00p,@,New Orleans/Oklahoma City Hornets,L,,89,95,26,50,L 7
2006,TOR,2006-04-09,3:30p,,Charlotte Bobcats,L,,88,94,26,51,L 8
2006,TOR,2006-04-11,7:30p,@,Miami Heat,L,,97,106,26,52,L 9
2006,TOR,2006-04-12,7:00p,@,Orlando Magic,L,,96,103,26,53,L 10
2006,TOR,2006-04-14,7:00p,,Detroit Pistons,W,,108,103,27,53,W 1
2006,TOR,2006-04-17,7:00p,,Indiana Pacers,L,,95,120,27,54,L 1
2006,TOR,2006-04-19,8:30p,@,Chicago Bulls,L,,106,127,27,55,L 2
2006,UTA,2005-11-02,9:00p,,Dallas Mavericks,W,,93,82,1,0,W 1
2006,UTA,2005-11-04,10:30p,@,Golden State Warriors,W,,91,85,2,0,W 2
2006,UTA,2005-11-05,9:00p,,Phoenix Suns,L,,88,97,2,1,L 1
2006,UTA,2005-11-07,7:30p,@,Charlotte Bobcats,W,OT,95,91,3,1,W 1
2006,UTA,2005-11-09,7:30p,@,New Jersey Nets,L,,83,91,3,2,L 1
2006,UTA,2005-11-11,7:00p,@,Toronto Raptors,W,,99,84,4,2,W 1
2006,UTA,2005-11-12,8:30p,@,Chicago Bulls,L,,98,103,4,3,L 1
2006,UTA,2005-11-14,9:00p,,New York Knicks,L,,62,73,4,4,L 2
2006,UTA,2005-11-15,10:00p,@,Sacramento Kings,L,,83,119,4,5,L 3
2006,UTA,2005-11-18,9:00p,@,Phoenix Suns,L,,94,102,4,6,L 4
2006,UTA,2005-11-19,9:00p,,Memphis Grizzlies,L,,72,80,4,7,L 5
2006,UTA,2005-11-21,9:00p,,Milwaukee Bucks,W,,100,80,5,7,W 1
2006,UTA,2005-11-22,10:00p,@,Seattle SuperSonics,W,,93,87,6,7,W 2
2006,UTA,2005-11-25,9:00p,,Golden State Warriors,L,,90,94,6,8,L 1
2006,UTA,2005-11-29,9:00p,,Indiana Pacers,L,,60,84,6,9,L 2
2006,UTA,2005-12-01,10:30p,,Los Angeles Lakers,L,OT,101,105,6,10,L 3
2006,UTA,2005-12-04,9:00p,@,Portland Trail Blazers,W,,98,93,7,10,W 1
2006,UTA,2005-12-05,9:00p,,Minnesota Timberwolves,L,,77,91,7,11,L 1
2006,UTA,2005-12-07,9:00p,,Atlanta Hawks,W,,95,83,8,11,W 1
2006,UTA,2005-12-09,9:00p,,Seattle SuperSonics,L,,90,106,8,12,L 1
2006,UTA,2005-12-12,9:00p,,Detroit Pistons,W,,92,78,9,12,W 1
2006,UTA,2005-12-14,9:00p,,Portland Trail Blazers,W,,82,77,10,12,W 2
2006,UTA,2005-12-16,7:00p,@,Indiana Pacers,L,,83,93,10,13,L 1
2006,UTA,2005-12-17,8:30p,@,Milwaukee Bucks,W,,88,80,11,13,W 1
2006,UTA,2005-12-20,7:00p,@,Cleveland Cavaliers,L,,85,110,11,14,L 1
2006,UTA,2005-12-21,7:30p,@,Boston Celtics,L,,89,101,11,15,L 2
2006,UTA,2005-12-23,7:30p,@,New York Knicks,L,,90,98,11,16,L 3
2006,UTA,2005-12-26,9:00p,,Memphis Grizzlies,W,OT,105,102,12,16,W 1
2006,UTA,2005-12-27,8:30p,@,Houston Rockets,W,,82,74,13,16,W 2
2006,UTA,2005-12-31,8:00p,,Philadelphia 76ers,W,,108,102,14,16,W 3
2006,UTA,2006-01-01,9:30p,@,Los Angeles Lakers,W,,98,94,15,16,W 4
2006,UTA,2006-01-03,9:00p,,Los Angeles Lakers,W,,90,80,16,16,W 5
2006,UTA,2006-01-06,8:00p,@,Memphis Grizzlies,L,,65,87,16,17,L 1
2006,UTA,2006-01-07,7:30p,@,Detroit Pistons,W,OT,94,90,17,17,W 1
2006,UTA,2006-01-09,7:00p,@,Washington Wizards,W,,97,89,18,17,W 2
2006,UTA,2006-01-11,7:00p,@,Philadelphia 76ers,W,,110,102,19,17,W 3
2006,UTA,2006-01-14,9:00p,,Miami Heat,L,,94,100,19,18,L 1
2006,UTA,2006-01-16,3:30p,@,Los Angeles Clippers,L,OT,93,102,19,19,L 2
2006,UTA,2006-01-17,9:00p,,Toronto Raptors,W,,111,98,20,19,W 1
2006,UTA,2006-01-20,9:00p,@,Denver Nuggets,L,,83,113,20,20,L 1
2006,UTA,2006-01-21,9:00p,,Cleveland Cavaliers,L,,90,108,20,21,L 2
2006,UTA,2006-01-23,9:00p,,New Jersey Nets,W,,89,78,21,21,W 1
2006,UTA,2006-01-25,9:00p,,Seattle SuperSonics,L,,94,113,21,22,L 1
2006,UTA,2006-01-28,9:00p,@,Dallas Mavericks,L,,89,103,21,23,L 2
2006,UTA,2006-01-30,9:00p,,San Antonio Spurs,L,,70,79,21,24,L 3
2006,UTA,2006-02-01,9:00p,,Denver Nuggets,W,,103,90,22,24,W 1
2006,UTA,2006-02-03,9:00p,,Sacramento Kings,W,,89,79,23,24,W 2
2006,UTA,2006-02-05,3:30p,@,Sacramento Kings,L,,78,96,23,25,L 1
2006,UTA,2006-02-06,9:00p,,Chicago Bulls,W,OT,109,107,24,25,W 1
2006,UTA,2006-02-10,8:00p,@,Minnesota Timberwolves,W,,94,80,25,25,W 2
2006,UTA,2006-02-11,8:30p,@,Houston Rockets,L,,88,102,25,26,L 1
2006,UTA,2006-02-13,10:30p,@,Los Angeles Lakers,L,,88,94,25,27,L 2
2006,UTA,2006-02-21,9:00p,,Boston Celtics,L,,83,103,25,28,L 3
2006,UTA,2006-02-22,8:00p,@,New Orleans/Oklahoma City Hornets,W,,82,76,26,28,W 1
2006,UTA,2006-02-25,9:00p,,New Orleans/Oklahoma City Hornets,L,,95,100,26,29,L 1
2006,UTA,2006-02-27,10:30p,@,Golden State Warriors,W,OT,117,108,27,29,W 1
2006,UTA,2006-03-01,9:00p,,Charlotte Bobcats,L,,89,104,27,30,L 1
2006,UTA,2006-03-03,10:00p,,Los Angeles Clippers,W,,105,103,28,30,W 1
2006,UTA,2006-03-05,9:00p,@,Seattle SuperSonics,L,,81,113,28,31,L 1
2006,UTA,2006-03-06,9:00p,,Orlando Magic,W,,90,85,29,31,W 1
2006,UTA,2006-03-08,9:00p,,Minnesota Timberwolves,W,,96,93,30,31,W 2
2006,UTA,2006-03-11,9:00p,,Dallas Mavericks,L,,87,90,30,32,L 1
2006,UTA,2006-03-14,7:30p,@,Miami Heat,L,,83,121,30,33,L 2
2006,UTA,2006-03-15,7:00p,@,Orlando Magic,L,OT,108,114,30,34,L 3
2006,UTA,2006-03-17,7:00p,@,Atlanta Hawks,W,,111,101,31,34,W 1
2006,UTA,2006-03-19,4:00p,@,Memphis Grizzlies,L,,84,90,31,35,L 1
2006,UTA,2006-03-21,10:30p,,Phoenix Suns,W,,107,99,32,35,W 1
2006,UTA,2006-03-23,9:00p,,Washington Wizards,L,,97,109,32,36,L 1
2006,UTA,2006-03-25,9:00p,,Sacramento Kings,L,,89,91,32,37,L 2
2006,UTA,2006-03-27,9:00p,,New Orleans/Oklahoma City Hornets,W,,104,80,33,37,W 1
2006,UTA,2006-03-29,10:00p,@,Denver Nuggets,W,,115,104,34,37,W 2
2006,UTA,2006-03-31,10:30p,@,Los Angeles Clippers,L,,91,106,34,38,L 1
2006,UTA,2006-04-01,10:00p,@,Portland Trail Blazers,W,,102,89,35,38,W 1
2006,UTA,2006-04-04,9:00p,,San Antonio Spurs,L,,86,95,35,39,L 1
2006,UTA,2006-04-07,8:00p,@,Minnesota Timberwolves,W,,103,95,36,39,W 1
2006,UTA,2006-04-08,9:00p,,Portland Trail Blazers,W,,110,93,37,39,W 2
2006,UTA,2006-04-10,9:00p,,Houston Rockets,W,,85,83,38,39,W 3
2006,UTA,2006-04-12,9:00p,,Denver Nuggets,W,,104,83,39,39,W 4
2006,UTA,2006-04-14,8:00p,@,New Orleans/Oklahoma City Hornets,W,,105,104,40,39,W 5
2006,UTA,2006-04-16,8:30p,@,Dallas Mavericks,L,,95,111,40,40,L 1
2006,UTA,2006-04-17,8:30p,@,San Antonio Spurs,L,,82,115,40,41,L 2
2006,UTA,2006-04-19,9:00p,,Golden State Warriors,W,,105,102,41,41,W 1
2006,WAS,2005-11-02,7:00p,@,Toronto Raptors,W,,99,96,1,0,W 1
2006,WAS,2005-11-04,7:30p,@,New York Knicks,W,,86,75,2,0,W 2
2006,WAS,2005-11-05,7:00p,,Orlando Magic,W,,87,79,3,0,W 3
2006,WAS,2005-11-09,7:00p,,Los Angeles Clippers,L,,97,102,3,1,L 1
2006,WAS,2005-11-11,7:30p,,Seattle SuperSonics,W,,137,96,4,1,W 1
2006,WAS,2005-11-12,7:00p,,San Antonio Spurs,W,,110,95,5,1,W 2
2006,WAS,2005-11-15,7:00p,@,Cleveland Cavaliers,L,,99,114,5,2,L 1
2006,WAS,2005-11-17,7:00p,@,Minnesota Timberwolves,L,,98,109,5,3,L 2
2006,WAS,2005-11-19,7:30p,@,New Jersey Nets,L,,83,89,5,4,L 3
2006,WAS,2005-11-22,7:00p,,Denver Nuggets,L,,105,108,5,5,L 4
2006,WAS,2005-11-23,7:00p,@,Orlando Magic,L,,83,91,5,6,L 5
2006,WAS,2005-11-25,8:00p,@,Detroit Pistons,W,2OT,120,114,6,6,W 1
2006,WAS,2005-11-26,7:30p,@,Charlotte Bobcats,L,,82,100,6,7,L 1
2006,WAS,2005-11-30,7:00p,,Portland Trail Blazers,W,,96,89,7,7,W 1
2006,WAS,2005-12-02,7:00p,,Milwaukee Bucks,L,,102,105,7,8,L 1
2006,WAS,2005-12-06,7:00p,,Toronto Raptors,W,OT,119,111,8,8,W 1
2006,WAS,2005-12-08,8:00p,@,Indiana Pacers,L,,87,111,8,9,L 1
2006,WAS,2005-12-10,7:00p,,Chicago Bulls,L,,111,118,8,10,L 2
2006,WAS,2005-12-11,6:00p,@,Miami Heat,L,OT,101,104,8,11,L 3
2006,WAS,2005-12-13,7:00p,,New Jersey Nets,W,,94,74,9,11,W 1
2006,WAS,2005-12-16,10:30p,@,Los Angeles Lakers,L,,91,97,9,12,L 1
2006,WAS,2005-12-18,9:00p,@,Portland Trail Blazers,L,,92,97,9,13,L 2
2006,WAS,2005-12-19,10:00p,@,Seattle SuperSonics,L,,101,111,9,14,L 3
2006,WAS,2005-12-21,9:00p,@,Denver Nuggets,W,,116,110,10,14,W 1
2006,WAS,2005-12-23,9:00p,@,Phoenix Suns,W,,112,111,11,14,W 2
2006,WAS,2005-12-26,7:00p,,Los Angeles Lakers,W,,94,91,12,14,W 3
2006,WAS,2005-12-28,7:00p,,Phoenix Suns,L,,99,104,12,15,L 1
2006,WAS,2005-12-30,7:00p,,Miami Heat,L,,113,128,12,16,L 2
2006,WAS,2006-01-03,7:00p,,Houston Rockets,L,,111,123,12,17,L 3
2006,WAS,2006-01-06,7:30p,@,New York Knicks,L,,92,113,12,18,L 4
2006,WAS,2006-01-07,7:00p,,Boston Celtics,W,,103,102,13,18,W 1
2006,WAS,2006-01-09,7:00p,,Utah Jazz,L,,89,97,13,19,L 1
2006,WAS,2006-01-11,7:00p,,Atlanta Hawks,W,,103,72,14,19,W 1
2006,WAS,2006-01-13,7:00p,@,Indiana Pacers,W,,94,85,15,19,W 2
2006,WAS,2006-01-14,7:00p,@,Atlanta Hawks,W,OT,114,106,16,19,W 3
2006,WAS,2006-01-16,1:00p,,Philadelphia 76ers,W,,104,76,17,19,W 4
2006,WAS,2006-01-18,7:00p,@,Orlando Magic,L,,98,106,17,20,L 1
2006,WAS,2006-01-20,7:00p,,New Orleans/Oklahoma City Hornets,W,,110,99,18,20,W 1
2006,WAS,2006-01-22,3:30p,,Memphis Grizzlies,L,,82,93,18,21,L 1
2006,WAS,2006-01-25,7:30p,@,Boston Celtics,W,,89,87,19,21,W 1
2006,WAS,2006-01-27,8:30p,@,Chicago Bulls,L,,79,90,19,22,L 1
2006,WAS,2006-01-28,7:00p,,Charlotte Bobcats,W,,107,97,20,22,W 1
2006,WAS,2006-01-31,7:00p,,Indiana Pacers,W,,84,79,21,22,W 2
2006,WAS,2006-02-01,7:00p,@,Toronto Raptors,L,,112,117,21,23,L 1
2006,WAS,2006-02-04,7:00p,,Atlanta Hawks,W,,98,85,22,23,W 1
2006,WAS,2006-02-06,7:00p,,Orlando Magic,W,,94,82,23,23,W 2
2006,WAS,2006-02-08,7:00p,,Golden State Warriors,W,,129,124,24,23,W 3
2006,WAS,2006-02-10,7:00p,,Cleveland Cavaliers,W,,101,89,25,23,W 4
2006,WAS,2006-02-12,1:00p,,Philadelphia 76ers,W,,107,97,26,23,W 5
2006,WAS,2006-02-13,8:00p,@,New Orleans/Oklahoma City Hornets,L,,96,97,26,24,L 1
2006,WAS,2006-02-15,9:00p,@,Dallas Mavericks,L,,97,103,26,25,L 2
2006,WAS,2006-02-21,7:00p,,Minnesota Timberwolves,W,,90,78,27,25,W 1
2006,WAS,2006-02-24,7:30p,@,Cleveland Cavaliers,W,,102,94,28,25,W 2
2006,WAS,2006-02-25,7:00p,,New York Knicks,W,,110,89,29,25,W 3
2006,WAS,2006-02-27,8:00p,@,Memphis Grizzlies,L,,98,108,29,26,L 1
2006,WAS,2006-03-01,7:00p,,Indiana Pacers,L,,93,99,29,27,L 2
2006,WAS,2006-03-03,7:30p,@,Philadelphia 76ers,L,,113,119,29,28,L 3
2006,WAS,2006-03-05,1:00p,,Sacramento Kings,W,,117,107,30,28,W 1
2006,WAS,2006-03-07,7:00p,,Boston Celtics,L,OT,115,116,30,29,L 1
2006,WAS,2006-03-08,7:30p,@,Miami Heat,L,,112,118,30,30,L 2
2006,WAS,2006-03-11,7:00p,,Detroit Pistons,W,,110,92,31,30,W 1
2006,WAS,2006-03-14,7:30p,@,Charlotte Bobcats,W,,119,114,32,30,W 2
2006,WAS,2006-03-15,7:00p,,Charlotte Bobcats,W,,107,99,33,30,W 3
2006,WAS,2006-03-17,7:00p,,Dallas Mavericks,L,,94,104,33,31,L 1
2006,WAS,2006-03-19,3:30p,,Chicago Bulls,W,,113,104,34,31,W 1
2006,WAS,2006-03-21,7:00p,,New Jersey Nets,L,,100,112,34,32,L 1
2006,WAS,2006-03-23,9:00p,@,Utah Jazz,W,,109,97,35,32,W 1
2006,WAS,2006-03-25,3:30p,@,Los Angeles Clippers,L,,101,116,35,33,L 1
2006,WAS,2006-03-27,10:30p,@,Golden State Warriors,W,,116,98,36,33,W 1
2006,WAS,2006-03-28,10:00p,@,Sacramento Kings,W,,97,84,37,33,W 2
2006,WAS,2006-03-31,8:30p,@,Houston Rockets,L,,103,105,37,34,L 1
2006,WAS,2006-04-01,8:30p,@,San Antonio Spurs,L,,99,106,37,35,L 2
2006,WAS,2006-04-04,7:00p,,New York Knicks,W,,105,90,38,35,W 1
2006,WAS,2006-04-05,7:00p,@,Boston Celtics,W,,108,91,39,35,W 2
2006,WAS,2006-04-07,7:00p,@,Atlanta Hawks,L,,101,114,39,36,L 1
2006,WAS,2006-04-08,7:00p,,Miami Heat,L,,86,99,39,37,L 2
2006,WAS,2006-04-10,7:00p,@,Philadelphia 76ers,L,,97,105,39,38,L 3
2006,WAS,2006-04-12,8:00p,@,Milwaukee Bucks,L,,97,100,39,39,L 4
2006,WAS,2006-04-14,8:00p,@,Chicago Bulls,L,,101,103,39,40,L 5
2006,WAS,2006-04-16,6:00p,,Cleveland Cavaliers,W,,104,92,40,40,W 1
2006,WAS,2006-04-18,7:00p,,Milwaukee Bucks,W,,116,103,41,40,W 2
2006,WAS,2006-04-19,7:30p,@,Detroit Pistons,W,,96,80,42,40,W 3
2006,WAS,2006-04-22,3:00p,@,Cleveland Cavaliers,L,,86,97,0,1,L 1
2006,WAS,2006-04-25,7:00p,@,Cleveland Cavaliers,W,,89,84,1,1,W 1
2006,WAS,2006-04-28,8:00p,,Cleveland Cavaliers,L,,96,97,1,2,L 1
2006,WAS,2006-04-30,7:30p,,Cleveland Cavaliers,W,,106,96,2,2,W 1
2006,WAS,2006-05-03,8:30p,@,Cleveland Cavaliers,L,OT,120,121,2,3,L 1
2006,WAS,2006-05-05,8:00p,,Cleveland Cavaliers,L,OT,113,114,2,4,L 2
2007,ATL,2006-11-01,7:00p,@,Philadelphia 76ers,L,,75,88,0,1,L 1
2007,ATL,2006-11-03,7:30p,,New York Knicks,W,,102,92,1,1,W 1
2007,ATL,2006-11-05,2:00p,,Orlando Magic,W,,95,82,2,1,W 2
2007,ATL,2006-11-07,7:00p,@,Cleveland Cavaliers,W,OT,104,95,3,1,W 3
2007,ATL,2006-11-10,7:00p,@,Toronto Raptors,W,,111,102,4,1,W 4
2007,ATL,2006-11-11,7:00p,,Seattle SuperSonics,L,OT,112,113,4,2,L 1
2007,ATL,2006-11-14,7:00p,,Milwaukee Bucks,L,,101,103,4,3,L 2
2007,ATL,2006-11-18,7:00p,,Miami Heat,L,OT,88,93,4,4,L 3
2007,ATL,2006-11-22,7:30p,@,Detroit Pistons,L,,98,103,4,5,L 4
2007,ATL,2006-11-24,7:30p,,Toronto Raptors,W,,97,93,5,5,W 1
2007,ATL,2006-11-25,7:00p,@,Orlando Magic,L,,79,98,5,6,L 1
2007,ATL,2006-11-28,7:00p,@,Washington Wizards,L,,95,96,5,7,L 2
2007,ATL,2006-11-29,7:00p,,Charlotte Bobcats,W,,99,90,6,7,W 1
2007,ATL,2006-12-01,7:30p,,Cleveland Cavaliers,L,,95,106,6,8,L 1
2007,ATL,2006-12-03,9:00p,@,Portland Trail Blazers,W,,107,96,7,8,W 1
2007,ATL,2006-12-05,10:00p,@,Seattle SuperSonics,L,,87,102,7,9,L 1
2007,ATL,2006-12-06,9:00p,@,Denver Nuggets,W,,98,96,8,9,W 1
2007,ATL,2006-12-08,10:30p,@,Los Angeles Lakers,L,,95,106,8,10,L 1
2007,ATL,2006-12-10,9:00p,@,Sacramento Kings,L,,92,117,8,11,L 2
2007,ATL,2006-12-12,7:00p,,Denver Nuggets,L,,87,100,8,12,L 3
2007,ATL,2006-12-13,7:30p,@,New York Knicks,L,,82,94,8,13,L 4
2007,ATL,2006-12-15,8:00p,@,Memphis Grizzlies,W,,97,88,9,13,W 1
2007,ATL,2006-12-16,7:00p,,Chicago Bulls,L,OT,104,106,9,14,L 1
2007,ATL,2006-12-20,7:00p,,Utah Jazz,L,,106,112,9,15,L 2
2007,ATL,2006-12-22,7:30p,,Indiana Pacers,L,,90,100,9,16,L 3
2007,ATL,2006-12-23,7:30p,@,Detroit Pistons,L,,81,108,9,17,L 4
2007,ATL,2006-12-27,7:00p,,Cleveland Cavaliers,L,,76,89,9,18,L 5
2007,ATL,2006-12-29,8:30p,@,Houston Rockets,L,,68,94,9,19,L 6
2007,ATL,2006-12-31,3:30p,@,San Antonio Spurs,L,,81,95,9,20,L 7
2007,ATL,2007-01-05,7:00p,@,Toronto Raptors,L,,92,105,9,21,L 8
2007,ATL,2007-01-06,7:00p,,Los Angeles Clippers,W,,86,74,10,21,W 1
2007,ATL,2007-01-09,7:00p,@,Indiana Pacers,L,,72,91,10,22,L 1
2007,ATL,2007-01-10,7:00p,,New Orleans/Oklahoma City Hornets,L,,77,96,10,23,L 2
2007,ATL,2007-01-12,7:30p,,Detroit Pistons,W,,99,93,11,23,W 1
2007,ATL,2007-01-15,2:00p,,Boston Celtics,W,,100,96,12,23,W 2
2007,ATL,2007-01-17,8:00p,@,Minnesota Timberwolves,W,,105,88,13,23,W 3
2007,ATL,2007-01-19,7:30p,,Charlotte Bobcats,L,,75,96,13,24,L 1
2007,ATL,2007-01-20,7:00p,@,Charlotte Bobcats,L,,85,104,13,25,L 2
2007,ATL,2007-01-23,8:30p,@,Chicago Bulls,L,,86,94,13,26,L 3
2007,ATL,2007-01-24,7:30p,@,Boston Celtics,W,,82,76,14,26,W 1
2007,ATL,2007-01-26,7:00p,@,Orlando Magic,W,,93,90,15,26,W 2
2007,ATL,2007-01-27,7:00p,,Philadelphia 76ers,L,,89,104,15,27,L 1
2007,ATL,2007-01-29,7:00p,,Orlando Magic,W,,93,83,16,27,W 1
2007,ATL,2007-01-31,7:00p,,Golden State Warriors,W,,115,94,17,27,W 2
2007,ATL,2007-02-02,7:30p,,Toronto Raptors,L,,91,103,17,28,L 1
2007,ATL,2007-02-04,12:00p,@,New Jersey Nets,W,OT,101,99,18,28,W 1
2007,ATL,2007-02-05,7:00p,,Los Angeles Lakers,L,,83,90,18,29,L 1
2007,ATL,2007-02-07,7:00p,,New Jersey Nets,L,,85,87,18,30,L 2
2007,ATL,2007-02-09,9:00p,@,Phoenix Suns,W,,120,111,19,30,W 1
2007,ATL,2007-02-11,9:00p,@,Golden State Warriors,W,,106,105,20,30,W 2
2007,ATL,2007-02-12,9:00p,@,Utah Jazz,L,,76,102,20,31,L 1
2007,ATL,2007-02-14,10:30p,@,Los Angeles Clippers,W,,96,93,21,31,W 1
2007,ATL,2007-02-20,8:30p,@,Chicago Bulls,L,,81,106,21,32,L 1
2007,ATL,2007-02-21,7:00p,,San Antonio Spurs,L,,96,103,21,33,L 2
2007,ATL,2007-02-23,7:30p,,Houston Rockets,W,,105,99,22,33,W 1
2007,ATL,2007-02-25,6:00p,,Phoenix Suns,L,,106,115,22,34,L 1
2007,ATL,2007-02-26,8:30p,@,Dallas Mavericks,L,,87,110,22,35,L 2
2007,ATL,2007-02-28,8:00p,@,New Orleans/Oklahoma City Hornets,L,,100,107,22,36,L 3
2007,ATL,2007-03-02,7:00p,@,Washington Wizards,L,,92,93,22,37,L 4
2007,ATL,2007-03-03,7:00p,,New York Knicks,L,OT,100,104,22,38,L 5
2007,ATL,2007-03-05,7:30p,@,Miami Heat,L,,81,88,22,39,L 6
2007,ATL,2007-03-07,7:00p,,Washington Wizards,W,,100,97,23,39,W 1
2007,ATL,2007-03-09,7:30p,,Memphis Grizzlies,W,,106,105,24,39,W 2
2007,ATL,2007-03-10,7:00p,,Minnesota Timberwolves,W,,99,93,25,39,W 3
2007,ATL,2007-03-13,7:00p,,Philadelphia 76ers,W,,104,92,26,39,W 4
2007,ATL,2007-03-14,7:30p,@,Boston Celtics,L,,88,109,26,40,L 1
2007,ATL,2007-03-17,7:00p,@,Indiana Pacers,L,,90,113,26,41,L 2
2007,ATL,2007-03-19,7:00p,,Sacramento Kings,W,,99,76,27,41,W 1
2007,ATL,2007-03-21,7:00p,,Miami Heat,L,,83,91,27,42,L 1
2007,ATL,2007-03-23,7:30p,,Portland Trail Blazers,L,OT,100,102,27,43,L 2
2007,ATL,2007-03-25,1:00p,,Dallas Mavericks,L,,97,104,27,44,L 3
2007,ATL,2007-03-26,7:30p,@,Miami Heat,L,,89,106,27,45,L 4
2007,ATL,2007-03-28,7:00p,@,Charlotte Bobcats,L,,87,101,27,46,L 5
2007,ATL,2007-04-01,2:00p,,Chicago Bulls,L,,97,105,27,47,L 6
2007,ATL,2007-04-04,7:30p,@,New Jersey Nets,L,,86,101,27,48,L 7
2007,ATL,2007-04-06,7:30p,,Milwaukee Bucks,W,,115,102,28,48,W 1
2007,ATL,2007-04-08,7:30p,@,Philadelphia 76ers,L,OT,104,109,28,49,L 1
2007,ATL,2007-04-10,7:00p,,Boston Celtics,W,,104,96,29,49,W 1
2007,ATL,2007-04-13,7:30p,,Washington Wizards,L,,85,98,29,50,L 1
2007,ATL,2007-04-14,7:30p,@,Cleveland Cavaliers,L,,76,110,29,51,L 2
2007,ATL,2007-04-16,8:00p,@,Milwaukee Bucks,L,,96,102,29,52,L 3
2007,ATL,2007-04-17,7:00p,,Indiana Pacers,W,,118,102,30,52,W 1
2007,BOS,2006-11-01,7:30p,,New Orleans/Oklahoma City Hornets,L,,87,91,0,1,L 1
2007,BOS,2006-11-03,7:30p,,Detroit Pistons,L,,88,101,0,2,L 2
2007,BOS,2006-11-04,7:00p,@,Washington Wizards,L,,117,124,0,3,L 3
2007,BOS,2006-11-08,7:30p,,Charlotte Bobcats,W,OT,110,108,1,3,W 1
2007,BOS,2006-11-10,7:30p,,Utah Jazz,L,,100,107,1,4,L 1
2007,BOS,2006-11-11,7:30p,@,Cleveland Cavaliers,L,,93,94,1,5,L 2
2007,BOS,2006-11-13,7:30p,,Orlando Magic,L,,89,92,1,6,L 3
2007,BOS,2006-11-15,7:30p,,Indiana Pacers,W,,114,88,2,6,W 1
2007,BOS,2006-11-17,7:30p,,Portland Trail Blazers,W,,118,90,3,6,W 2
2007,BOS,2006-11-18,7:30p,@,New York Knicks,W,,122,118,4,6,W 3
2007,BOS,2006-11-22,7:00p,@,Charlotte Bobcats,L,,83,92,4,7,L 1
2007,BOS,2006-11-24,7:30p,,New York Knicks,L,,77,101,4,8,L 2
2007,BOS,2006-11-25,9:00p,@,Milwaukee Bucks,W,,111,98,5,8,W 1
2007,BOS,2006-11-29,7:30p,,New Jersey Nets,L,,103,106,5,9,L 1
2007,BOS,2006-12-01,7:00p,@,Toronto Raptors,L,,102,106,5,10,L 2
2007,BOS,2006-12-04,8:30p,@,Chicago Bulls,L,,82,100,5,11,L 3
2007,BOS,2006-12-06,7:30p,,Memphis Grizzlies,L,,96,98,5,12,L 4
2007,BOS,2006-12-08,7:30p,,Phoenix Suns,L,,111,116,5,13,L 5
2007,BOS,2006-12-09,7:30p,@,New Jersey Nets,W,,92,90,6,13,W 1
2007,BOS,2006-12-11,7:30p,@,New York Knicks,W,,97,90,7,13,W 2
2007,BOS,2006-12-13,7:00p,@,Philadelphia 76ers,W,,101,81,8,13,W 3
2007,BOS,2006-12-15,7:30p,,Denver Nuggets,W,,119,114,9,13,W 4
2007,BOS,2006-12-16,7:00p,@,Charlotte Bobcats,W,,106,100,10,13,W 5
2007,BOS,2006-12-20,7:30p,,Golden State Warriors,L,,95,96,10,14,L 1
2007,BOS,2006-12-22,8:00p,,Philadelphia 76ers,L,,83,98,10,15,L 2
2007,BOS,2006-12-26,9:00p,@,Denver Nuggets,L,,105,116,10,16,L 3
2007,BOS,2006-12-27,10:30p,@,Los Angeles Clippers,L,,77,100,10,17,L 4
2007,BOS,2006-12-29,10:30p,@,Golden State Warriors,L,,100,110,10,18,L 5
2007,BOS,2006-12-31,10:00p,@,Seattle SuperSonics,L,,95,101,10,19,L 6
2007,BOS,2007-01-01,10:00p,@,Portland Trail Blazers,W,,89,81,11,19,W 1
2007,BOS,2007-01-03,7:30p,,Cleveland Cavaliers,L,,104,107,11,20,L 1
2007,BOS,2007-01-05,8:00p,@,Memphis Grizzlies,W,,128,119,12,20,W 1
2007,BOS,2007-01-07,6:00p,@,Orlando Magic,L,,79,87,12,21,L 1
2007,BOS,2007-01-10,7:30p,,Indiana Pacers,L,,84,97,12,22,L 2
2007,BOS,2007-01-12,7:30p,,Toronto Raptors,L,,86,95,12,23,L 3
2007,BOS,2007-01-13,7:30p,@,Detroit Pistons,L,,73,81,12,24,L 4
2007,BOS,2007-01-15,2:00p,@,Atlanta Hawks,L,,96,100,12,25,L 5
2007,BOS,2007-01-19,7:30p,,Sacramento Kings,L,,91,96,12,26,L 6
2007,BOS,2007-01-20,8:00p,@,Washington Wizards,L,OT,110,115,12,27,L 7
2007,BOS,2007-01-22,7:30p,,San Antonio Spurs,L,,89,93,12,28,L 8
2007,BOS,2007-01-24,7:30p,,Atlanta Hawks,L,,76,82,12,29,L 9
2007,BOS,2007-01-26,7:00p,@,Toronto Raptors,L,,90,96,12,30,L 10
2007,BOS,2007-01-28,6:00p,,Washington Wizards,L,,91,105,12,31,L 11
2007,BOS,2007-01-30,7:00p,@,Indiana Pacers,L,,96,103,12,32,L 12
2007,BOS,2007-01-31,7:30p,,Los Angeles Lakers,L,,98,111,12,33,L 13
2007,BOS,2007-02-02,7:30p,,Los Angeles Clippers,L,,89,100,12,34,L 14
2007,BOS,2007-02-06,7:30p,@,Detroit Pistons,L,,102,109,12,35,L 15
2007,BOS,2007-02-07,7:30p,,Miami Heat,L,,79,91,12,36,L 16
2007,BOS,2007-02-09,7:30p,,New Jersey Nets,L,,78,92,12,37,L 17
2007,BOS,2007-02-11,6:00p,@,Minnesota Timberwolves,L,,107,109,12,38,L 18
2007,BOS,2007-02-14,7:30p,,Milwaukee Bucks,W,,117,97,13,38,W 1
2007,BOS,2007-02-20,10:00p,@,Sacramento Kings,L,,101,104,13,39,L 1
2007,BOS,2007-02-21,9:00p,@,Phoenix Suns,L,,108,118,13,40,L 2
2007,BOS,2007-02-23,10:30p,@,Los Angeles Lakers,L,,96,122,13,41,L 3
2007,BOS,2007-02-24,9:00p,@,Utah Jazz,L,,87,105,13,42,L 4
2007,BOS,2007-02-26,8:30p,@,Houston Rockets,W,,77,72,14,42,W 1
2007,BOS,2007-02-28,7:30p,,New York Knicks,W,,102,94,15,42,W 2
2007,BOS,2007-03-03,1:00p,@,New Jersey Nets,W,OT,96,88,16,42,W 3
2007,BOS,2007-03-04,12:30p,,Minnesota Timberwolves,W,2OT,124,117,17,42,W 4
2007,BOS,2007-03-07,7:30p,,Houston Rockets,L,,80,111,17,43,L 1
2007,BOS,2007-03-09,7:30p,,Seattle SuperSonics,W,,118,103,18,43,W 1
2007,BOS,2007-03-11,6:00p,,Chicago Bulls,L,,78,94,18,44,L 1
2007,BOS,2007-03-13,8:30p,@,Chicago Bulls,L,,87,95,18,45,L 2
2007,BOS,2007-03-14,7:30p,,Atlanta Hawks,W,,109,88,19,45,W 1
2007,BOS,2007-03-16,8:30p,@,Dallas Mavericks,L,,101,106,19,46,L 1
2007,BOS,2007-03-17,8:00p,@,San Antonio Spurs,W,,91,85,20,46,W 1
2007,BOS,2007-03-19,8:00p,@,New Orleans/Oklahoma City Hornets,L,,88,106,20,47,L 1
2007,BOS,2007-03-21,7:30p,,Charlotte Bobcats,L,,84,92,20,48,L 2
2007,BOS,2007-03-23,7:30p,,Dallas Mavericks,L,,95,109,20,49,L 3
2007,BOS,2007-03-26,7:30p,,Toronto Raptors,W,,95,87,21,49,W 1
2007,BOS,2007-03-28,7:30p,,Orlando Magic,W,2OT,105,96,22,49,W 2
2007,BOS,2007-03-30,7:00p,@,Philadelphia 76ers,L,,82,88,22,50,L 1
2007,BOS,2007-04-01,6:00p,,Cleveland Cavaliers,W,,98,96,23,50,W 1
2007,BOS,2007-04-04,8:00p,@,Milwaukee Bucks,L,,89,98,23,51,L 1
2007,BOS,2007-04-06,7:30p,,Miami Heat,L,,85,88,23,52,L 2
2007,BOS,2007-04-07,7:00p,@,Indiana Pacers,L,,98,105,23,53,L 3
2007,BOS,2007-04-10,7:00p,@,Atlanta Hawks,L,,96,104,23,54,L 4
2007,BOS,2007-04-11,7:30p,,Philadelphia 76ers,L,,94,102,23,55,L 5
2007,BOS,2007-04-13,7:30p,,Milwaukee Bucks,L,,102,104,23,56,L 6
2007,BOS,2007-04-15,6:00p,@,Orlando Magic,L,,86,88,23,57,L 7
2007,BOS,2007-04-16,7:30p,@,Miami Heat,W,,91,89,24,57,W 1
2007,BOS,2007-04-18,7:30p,,Detroit Pistons,L,,89,91,24,58,L 1
2007,CHA,2006-11-01,7:00p,,Indiana Pacers,L,,99,106,0,1,L 1
2007,CHA,2006-11-03,8:00p,@,Memphis Grizzlies,L,,83,96,0,2,L 2
2007,CHA,2006-11-04,7:00p,,Cleveland Cavaliers,W,,92,88,1,2,W 1
2007,CHA,2006-11-08,7:30p,@,Boston Celtics,L,OT,108,110,1,3,L 1
2007,CHA,2006-11-10,7:00p,,Seattle SuperSonics,L,,85,99,1,4,L 2
2007,CHA,2006-11-12,6:00p,,Denver Nuggets,L,,101,108,1,5,L 3
2007,CHA,2006-11-14,8:00p,@,New Orleans/Oklahoma City Hornets,L,,85,94,1,6,L 4
2007,CHA,2006-11-15,8:00p,@,San Antonio Spurs,W,OT,95,92,2,6,W 1
2007,CHA,2006-11-18,7:00p,@,Orlando Magic,L,,83,97,2,7,L 1
2007,CHA,2006-11-20,7:00p,,Dallas Mavericks,L,,85,93,2,8,L 2
2007,CHA,2006-11-22,7:00p,,Boston Celtics,W,,92,83,3,8,W 1
2007,CHA,2006-11-24,8:00p,@,Detroit Pistons,L,,95,104,3,9,L 1
2007,CHA,2006-11-25,7:00p,,Miami Heat,L,,93,102,3,10,L 2
2007,CHA,2006-11-28,7:30p,@,New Jersey Nets,W,,96,92,4,10,W 1
2007,CHA,2006-11-29,7:00p,@,Atlanta Hawks,L,,90,99,4,11,L 1
2007,CHA,2006-12-01,7:00p,@,Washington Wizards,L,,109,121,4,12,L 2
2007,CHA,2006-12-03,6:00p,,Detroit Pistons,W,,97,89,5,12,W 1
2007,CHA,2006-12-06,7:00p,,San Antonio Spurs,L,,76,96,5,13,L 1
2007,CHA,2006-12-08,7:00p,,Houston Rockets,L,,62,92,5,14,L 2
2007,CHA,2006-12-10,6:00p,,Phoenix Suns,L,,84,114,5,15,L 3
2007,CHA,2006-12-13,7:00p,@,Cleveland Cavaliers,L,,101,104,5,16,L 4
2007,CHA,2006-12-14,7:00p,,Orlando Magic,W,,99,89,6,16,W 1
2007,CHA,2006-12-16,7:00p,,Boston Celtics,L,,100,106,6,17,L 1
2007,CHA,2006-12-20,7:30p,@,New York Knicks,L,2OT,109,111,6,18,L 2
2007,CHA,2006-12-22,7:00p,,Utah Jazz,W,,101,89,7,18,W 1
2007,CHA,2006-12-23,8:30p,@,Chicago Bulls,L,,76,115,7,19,L 1
2007,CHA,2006-12-26,8:30p,@,Dallas Mavericks,L,,84,97,7,20,L 2
2007,CHA,2006-12-27,7:00p,,Washington Wizards,L,,107,114,7,21,L 3
2007,CHA,2006-12-29,7:00p,,Los Angeles Lakers,W,3OT,133,124,8,21,W 1
2007,CHA,2006-12-30,7:00p,@,Indiana Pacers,W,,113,102,9,21,W 2
2007,CHA,2007-01-01,7:00p,,Minnesota Timberwolves,L,,96,102,9,22,L 1
2007,CHA,2007-01-05,7:00p,@,Orlando Magic,L,,74,106,9,23,L 2
2007,CHA,2007-01-10,7:30p,@,Detroit Pistons,W,,103,96,10,23,W 1
2007,CHA,2007-01-12,7:30p,@,New York Knicks,W,,126,110,11,23,W 2
2007,CHA,2007-01-13,7:00p,,Philadelphia 76ers,W,,89,83,12,23,W 3
2007,CHA,2007-01-15,1:00p,,Milwaukee Bucks,L,,91,99,12,24,L 1
2007,CHA,2007-01-17,7:00p,,New Jersey Nets,L,,85,92,12,25,L 2
2007,CHA,2007-01-19,7:30p,@,Atlanta Hawks,W,,96,75,13,25,W 1
2007,CHA,2007-01-20,7:00p,,Atlanta Hawks,W,,104,85,14,25,W 2
2007,CHA,2007-01-22,7:00p,@,Toronto Raptors,L,,84,105,14,26,L 1
2007,CHA,2007-01-24,7:00p,,Detroit Pistons,L,,92,103,14,27,L 2
2007,CHA,2007-01-26,10:30p,@,Los Angeles Lakers,W,OT,106,97,15,27,W 1
2007,CHA,2007-01-27,10:30p,@,Golden State Warriors,L,,105,131,15,28,L 1
2007,CHA,2007-01-29,9:00p,@,Denver Nuggets,W,,105,101,16,28,W 1
2007,CHA,2007-01-31,7:00p,,New York Knicks,W,,104,87,17,28,W 2
2007,CHA,2007-02-02,7:30p,@,Cleveland Cavaliers,L,,81,101,17,29,L 1
2007,CHA,2007-02-03,7:00p,,Golden State Warriors,W,,98,90,18,29,W 1
2007,CHA,2007-02-05,7:30p,@,Miami Heat,L,,93,113,18,30,L 1
2007,CHA,2007-02-07,7:00p,@,Philadelphia 76ers,L,,83,92,18,31,L 2
2007,CHA,2007-02-09,7:00p,,Portland Trail Blazers,L,OT,100,108,18,32,L 3
2007,CHA,2007-02-10,8:30p,@,Houston Rockets,L,,83,104,18,33,L 4
2007,CHA,2007-02-14,7:00p,,Chicago Bulls,W,,100,85,19,33,W 1
2007,CHA,2007-02-20,7:00p,,New Orleans/Oklahoma City Hornets,W,,104,100,20,33,W 2
2007,CHA,2007-02-21,8:00p,@,Minnesota Timberwolves,W,,100,95,21,33,W 3
2007,CHA,2007-02-23,7:00p,,Philadelphia 76ers,W,,102,87,22,33,W 4
2007,CHA,2007-02-24,7:00p,,Toronto Raptors,L,,76,93,22,34,L 1
2007,CHA,2007-02-26,10:30p,@,Los Angeles Clippers,L,,93,100,22,35,L 2
2007,CHA,2007-02-28,10:00p,@,Sacramento Kings,L,,120,135,22,36,L 3
2007,CHA,2007-03-01,10:00p,@,Portland Trail Blazers,L,,90,127,22,37,L 4
2007,CHA,2007-03-04,9:00p,@,Seattle SuperSonics,L,,89,96,22,38,L 5
2007,CHA,2007-03-05,9:00p,@,Utah Jazz,L,,95,120,22,39,L 6
2007,CHA,2007-03-07,9:00p,@,Phoenix Suns,L,OT,106,115,22,40,L 7
2007,CHA,2007-03-10,7:00p,,Memphis Grizzlies,L,,107,115,22,41,L 8
2007,CHA,2007-03-12,7:00p,,Orlando Magic,W,,119,108,23,41,W 1
2007,CHA,2007-03-14,7:00p,,Sacramento Kings,W,,111,108,24,41,W 2
2007,CHA,2007-03-16,7:00p,,Los Angeles Clippers,L,,93,102,24,42,L 1
2007,CHA,2007-03-17,8:30p,@,Milwaukee Bucks,L,,91,97,24,43,L 2
2007,CHA,2007-03-20,7:00p,,Cleveland Cavaliers,W,OT,108,100,25,43,W 1
2007,CHA,2007-03-21,7:30p,@,Boston Celtics,W,,92,84,26,43,W 2
2007,CHA,2007-03-23,7:00p,@,Philadelphia 76ers,L,,97,106,26,44,L 1
2007,CHA,2007-03-24,7:00p,,New Jersey Nets,L,OT,107,113,26,45,L 2
2007,CHA,2007-03-28,7:00p,,Atlanta Hawks,W,,101,87,27,45,W 1
2007,CHA,2007-03-30,7:00p,,Milwaukee Bucks,W,,97,81,28,45,W 2
2007,CHA,2007-04-01,6:00p,@,Toronto Raptors,L,,94,107,28,46,L 1
2007,CHA,2007-04-03,7:00p,,Washington Wizards,W,,122,102,29,46,W 1
2007,CHA,2007-04-04,7:00p,@,Washington Wizards,W,,108,100,30,46,W 2
2007,CHA,2007-04-06,7:00p,,Indiana Pacers,L,,102,112,30,47,L 1
2007,CHA,2007-04-08,6:00p,@,Miami Heat,W,OT,111,103,31,47,W 1
2007,CHA,2007-04-10,7:00p,,Miami Heat,W,,92,82,32,47,W 2
2007,CHA,2007-04-13,8:30p,@,Chicago Bulls,L,,81,100,32,48,L 1
2007,CHA,2007-04-14,8:30p,@,Milwaukee Bucks,W,,113,92,33,48,W 1
2007,CHA,2007-04-18,7:00p,,New York Knicks,L,,93,94,33,49,L 1
2007,CHI,2006-10-31,8:00p,@,Miami Heat,W,,108,66,1,0,W 1
2007,CHI,2006-11-01,7:00p,@,Orlando Magic,L,,94,109,1,1,L 1
2007,CHI,2006-11-03,8:30p,,Sacramento Kings,L,,88,89,1,2,L 2
2007,CHI,2006-11-06,8:30p,,Milwaukee Bucks,W,,110,85,2,2,W 1
2007,CHI,2006-11-09,8:00p,@,Cleveland Cavaliers,L,,94,113,2,3,L 1
2007,CHI,2006-11-11,8:30p,,Indiana Pacers,W,,89,80,3,3,W 1
2007,CHI,2006-11-14,8:30p,@,Dallas Mavericks,L,,99,111,3,4,L 1
2007,CHI,2006-11-16,8:00p,@,Houston Rockets,L,,100,101,3,5,L 2
2007,CHI,2006-11-17,8:00p,@,San Antonio Spurs,L,,83,100,3,6,L 3
2007,CHI,2006-11-19,8:00p,@,Los Angeles Lakers,L,,72,82,3,7,L 4
2007,CHI,2006-11-21,9:00p,@,Denver Nuggets,L,,109,113,3,8,L 5
2007,CHI,2006-11-24,7:30p,@,Philadelphia 76ers,L,,108,123,3,9,L 6
2007,CHI,2006-11-25,7:30p,@,New York Knicks,W,,106,95,4,9,W 1
2007,CHI,2006-11-28,8:30p,,New York Knicks,W,,102,85,5,9,W 2
2007,CHI,2006-12-01,8:00p,@,New Orleans/Oklahoma City Hornets,W,,111,108,6,9,W 3
2007,CHI,2006-12-02,8:30p,,Washington Wizards,W,,112,94,7,9,W 4
2007,CHI,2006-12-04,8:30p,,Boston Celtics,W,,100,82,8,9,W 5
2007,CHI,2006-12-06,9:00p,,Philadelphia 76ers,W,,121,94,9,9,W 6
2007,CHI,2006-12-08,8:30p,,Toronto Raptors,W,,93,90,10,9,W 7
2007,CHI,2006-12-09,8:30p,,Minnesota Timberwolves,L,,81,91,10,10,L 1
2007,CHI,2006-12-11,8:30p,,Indiana Pacers,W,,106,91,11,10,W 1
2007,CHI,2006-12-13,8:30p,,Seattle SuperSonics,W,,99,84,12,10,W 2
2007,CHI,2006-12-15,8:30p,,Milwaukee Bucks,W,,117,111,13,10,W 3
2007,CHI,2006-12-16,7:00p,@,Atlanta Hawks,W,OT,106,104,14,10,W 4
2007,CHI,2006-12-19,8:30p,,Los Angeles Lakers,W,,94,89,15,10,W 5
2007,CHI,2006-12-22,7:30p,@,New York Knicks,L,,92,103,15,11,L 1
2007,CHI,2006-12-23,8:30p,,Charlotte Bobcats,W,,115,76,16,11,W 1
2007,CHI,2006-12-26,8:00p,@,Minnesota Timberwolves,L,,98,100,16,12,L 1
2007,CHI,2006-12-27,8:30p,,Miami Heat,W,,109,103,17,12,W 1
2007,CHI,2006-12-29,7:00p,@,Toronto Raptors,W,,107,97,18,12,W 2
2007,CHI,2006-12-30,8:30p,,Cleveland Cavaliers,W,,103,96,19,12,W 3
2007,CHI,2007-01-02,8:30p,,Phoenix Suns,L,,96,97,19,13,L 1
2007,CHI,2007-01-05,7:30p,@,New Jersey Nets,L,,86,91,19,14,L 2
2007,CHI,2007-01-06,8:30p,,Detroit Pistons,W,,106,89,20,14,W 1
2007,CHI,2007-01-08,8:30p,,Houston Rockets,L,,77,84,20,15,L 1
2007,CHI,2007-01-10,7:00p,@,Washington Wizards,L,,103,113,20,16,L 2
2007,CHI,2007-01-11,8:00p,,New Jersey Nets,L,,83,86,20,17,L 3
2007,CHI,2007-01-13,8:30p,,Memphis Grizzlies,W,,111,66,21,17,W 1
2007,CHI,2007-01-15,2:00p,,San Antonio Spurs,W,,99,87,22,17,W 2
2007,CHI,2007-01-17,8:00p,@,Milwaukee Bucks,W,,99,90,23,17,W 3
2007,CHI,2007-01-20,8:30p,,Utah Jazz,L,,85,95,23,18,L 1
2007,CHI,2007-01-22,7:00p,@,Indiana Pacers,L,,91,98,23,19,L 2
2007,CHI,2007-01-23,8:30p,,Atlanta Hawks,W,,94,86,24,19,W 1
2007,CHI,2007-01-25,8:00p,,Dallas Mavericks,W,,96,85,25,19,W 2
2007,CHI,2007-01-27,8:30p,,Miami Heat,W,,100,97,26,19,W 3
2007,CHI,2007-01-31,10:30p,@,Los Angeles Clippers,L,,98,110,26,20,L 1
2007,CHI,2007-02-02,10:30p,@,Seattle SuperSonics,W,,107,101,27,20,W 1
2007,CHI,2007-02-03,10:00p,@,Portland Trail Blazers,W,,88,86,28,20,W 2
2007,CHI,2007-02-05,9:00p,@,Utah Jazz,L,,95,100,28,21,L 1
2007,CHI,2007-02-08,10:30p,@,Sacramento Kings,L,,77,86,28,22,L 2
2007,CHI,2007-02-09,10:30p,@,Golden State Warriors,L,OT,121,123,28,23,L 3
2007,CHI,2007-02-11,8:00p,@,Phoenix Suns,W,,116,103,29,23,W 1
2007,CHI,2007-02-13,8:30p,,Toronto Raptors,L,,111,112,29,24,L 1
2007,CHI,2007-02-14,7:00p,@,Charlotte Bobcats,L,,85,100,29,25,L 2
2007,CHI,2007-02-20,8:30p,,Atlanta Hawks,W,,106,81,30,25,W 1
2007,CHI,2007-02-22,7:00p,@,Cleveland Cavaliers,W,,84,78,31,25,W 2
2007,CHI,2007-02-23,8:00p,,Washington Wizards,W,,105,90,32,25,W 3
2007,CHI,2007-02-25,1:00p,@,Detroit Pistons,L,,93,95,32,26,L 1
2007,CHI,2007-02-26,8:30p,,Orlando Magic,L,,87,94,32,27,L 2
2007,CHI,2007-02-28,8:30p,,Golden State Warriors,W,,113,83,33,27,W 1
2007,CHI,2007-03-02,8:30p,,New Orleans/Oklahoma City Hornets,W,,104,93,34,27,W 2
2007,CHI,2007-03-04,3:00p,@,Milwaukee Bucks,W,OT,126,121,35,27,W 3
2007,CHI,2007-03-07,7:30p,@,Miami Heat,L,,70,103,35,28,L 1
2007,CHI,2007-03-08,8:00p,@,Orlando Magic,W,,100,76,36,28,W 1
2007,CHI,2007-03-11,6:00p,@,Boston Celtics,W,,94,78,37,28,W 2
2007,CHI,2007-03-13,8:30p,,Boston Celtics,W,,95,87,38,28,W 3
2007,CHI,2007-03-14,7:00p,@,Philadelphia 76ers,W,,88,87,39,28,W 4
2007,CHI,2007-03-17,8:00p,@,Memphis Grizzlies,L,,103,104,39,29,L 1
2007,CHI,2007-03-20,8:30p,,Los Angeles Clippers,L,,89,103,39,30,L 2
2007,CHI,2007-03-22,8:30p,,Denver Nuggets,W,,109,108,40,30,W 1
2007,CHI,2007-03-25,3:30p,@,Indiana Pacers,W,,92,90,41,30,W 2
2007,CHI,2007-03-26,8:30p,,Portland Trail Blazers,W,,100,89,42,30,W 3
2007,CHI,2007-03-29,8:00p,,Detroit Pistons,W,,83,81,43,30,W 4
2007,CHI,2007-03-31,3:00p,,Cleveland Cavaliers,L,OT,108,112,43,31,L 1
2007,CHI,2007-04-01,2:00p,@,Atlanta Hawks,W,,105,97,44,31,W 1
2007,CHI,2007-04-04,7:30p,@,Detroit Pistons,W,,106,88,45,31,W 2
2007,CHI,2007-04-06,8:30p,,New Jersey Nets,W,,105,74,46,31,W 3
2007,CHI,2007-04-08,6:00p,@,Toronto Raptors,L,,89,103,46,32,L 1
2007,CHI,2007-04-10,8:30p,,New York Knicks,W,,98,69,47,32,W 1
2007,CHI,2007-04-13,8:30p,,Charlotte Bobcats,W,,100,81,48,32,W 2
2007,CHI,2007-04-15,1:00p,@,Washington Wizards,W,,101,68,49,32,W 3
2007,CHI,2007-04-18,7:30p,@,New Jersey Nets,L,,97,106,49,33,L 1
2007,CHI,2007-04-21,3:00p,,Miami Heat,W,,96,91,1,0,W 1
2007,CHI,2007-04-24,8:00p,,Miami Heat,W,,107,89,2,0,W 2
2007,CHI,2007-04-27,8:00p,@,Miami Heat,W,,104,96,3,0,W 3
2007,CHI,2007-04-29,1:00p,@,Miami Heat,W,,92,79,4,0,W 4
2007,CHI,2007-05-05,7:00p,@,Detroit Pistons,L,,69,95,4,1,L 1
2007,CHI,2007-05-07,8:00p,@,Detroit Pistons,L,,87,108,4,2,L 2
2007,CHI,2007-05-10,9:00p,,Detroit Pistons,L,,74,81,4,3,L 3
2007,CHI,2007-05-13,3:30p,,Detroit Pistons,W,,102,87,5,3,W 1
2007,CHI,2007-05-15,8:00p,@,Detroit Pistons,W,,108,92,6,3,W 2
2007,CHI,2007-05-17,8:00p,,Detroit Pistons,L,,85,95,6,4,L 1
2007,CLE,2006-11-01,8:00p,,Washington Wizards,W,,97,94,1,0,W 1
2007,CLE,2006-11-03,8:00p,@,San Antonio Spurs,W,,88,81,2,0,W 2
2007,CLE,2006-11-04,7:00p,@,Charlotte Bobcats,L,,88,92,2,1,L 1
2007,CLE,2006-11-07,7:00p,,Atlanta Hawks,L,OT,95,104,2,2,L 2
2007,CLE,2006-11-09,8:00p,,Chicago Bulls,W,,113,94,3,2,W 1
2007,CLE,2006-11-11,7:30p,,Boston Celtics,W,,94,93,4,2,W 2
2007,CLE,2006-11-13,7:30p,@,New York Knicks,W,,102,96,5,2,W 3
2007,CLE,2006-11-15,7:00p,,Portland Trail Blazers,W,,100,87,6,2,W 4
2007,CLE,2006-11-17,7:30p,,Minnesota Timberwolves,W,,92,76,7,2,W 5
2007,CLE,2006-11-18,7:00p,@,Washington Wizards,L,,99,111,7,3,L 1
2007,CLE,2006-11-21,7:00p,,Memphis Grizzlies,W,,97,94,8,3,W 1
2007,CLE,2006-11-22,7:00p,@,Toronto Raptors,L,,87,95,8,4,L 1
2007,CLE,2006-11-24,8:00p,@,Indiana Pacers,L,,87,97,8,5,L 2
2007,CLE,2006-11-25,7:30p,,Philadelphia 76ers,W,,108,95,9,5,W 1
2007,CLE,2006-11-29,7:00p,,New York Knicks,L,,98,101,9,6,L 1
2007,CLE,2006-12-01,7:30p,@,Atlanta Hawks,W,,106,95,10,6,W 1
2007,CLE,2006-12-02,8:30p,@,Houston Rockets,L,,63,81,10,7,L 1
2007,CLE,2006-12-06,7:00p,,Toronto Raptors,W,,95,91,11,7,W 1
2007,CLE,2006-12-09,7:30p,,Indiana Pacers,W,,107,75,12,7,W 2
2007,CLE,2006-12-11,8:00p,@,New Orleans/Oklahoma City Hornets,L,,89,95,12,8,L 1
2007,CLE,2006-12-13,7:00p,,Charlotte Bobcats,W,,104,101,13,8,W 1
2007,CLE,2006-12-15,7:30p,,Seattle SuperSonics,W,,106,84,14,8,W 2
2007,CLE,2006-12-16,7:00p,@,Orlando Magic,L,,74,81,14,9,L 1
2007,CLE,2006-12-20,8:00p,@,New Jersey Nets,L,,111,113,14,10,L 2
2007,CLE,2006-12-21,8:00p,,Detroit Pistons,L,,71,87,14,11,L 3
2007,CLE,2006-12-23,7:30p,,Orlando Magic,W,,86,83,15,11,W 1
2007,CLE,2006-12-27,7:00p,@,Atlanta Hawks,W,,89,76,16,11,W 2
2007,CLE,2006-12-29,7:30p,,Milwaukee Bucks,W,,109,99,17,11,W 3
2007,CLE,2006-12-30,8:30p,@,Chicago Bulls,L,,96,103,17,12,L 1
2007,CLE,2007-01-02,7:00p,,San Antonio Spurs,W,,82,78,18,12,W 1
2007,CLE,2007-01-03,7:30p,@,Boston Celtics,W,,107,104,19,12,W 2
2007,CLE,2007-01-05,8:30p,@,Milwaukee Bucks,W,,95,86,20,12,W 3
2007,CLE,2007-01-06,7:30p,,New Jersey Nets,W,,96,91,21,12,W 4
2007,CLE,2007-01-09,10:00p,@,Sacramento Kings,W,,108,98,22,12,W 5
2007,CLE,2007-01-11,10:30p,@,Phoenix Suns,L,,90,109,22,13,L 1
2007,CLE,2007-01-13,10:30p,@,Los Angeles Clippers,W,,104,92,23,13,W 1
2007,CLE,2007-01-16,10:00p,@,Seattle SuperSonics,L,,96,101,23,14,L 1
2007,CLE,2007-01-17,10:00p,@,Portland Trail Blazers,L,,76,94,23,15,L 2
2007,CLE,2007-01-19,10:30p,@,Denver Nuggets,L,,99,110,23,16,L 3
2007,CLE,2007-01-20,10:30p,@,Golden State Warriors,W,OT,106,104,24,16,W 1
2007,CLE,2007-01-22,7:00p,,Orlando Magic,L,,79,90,24,17,L 1
2007,CLE,2007-01-24,7:00p,,Philadelphia 76ers,L,2OT,115,118,24,18,L 2
2007,CLE,2007-01-26,7:00p,@,Philadelphia 76ers,W,,105,97,25,18,W 1
2007,CLE,2007-01-28,1:00p,,Phoenix Suns,L,,100,115,25,19,L 1
2007,CLE,2007-01-30,7:00p,,Golden State Warriors,W,,124,97,26,19,W 1
2007,CLE,2007-02-01,8:00p,@,Miami Heat,L,,89,92,26,20,L 1
2007,CLE,2007-02-02,7:30p,,Charlotte Bobcats,W,,101,81,27,20,W 1
2007,CLE,2007-02-04,2:30p,,Detroit Pistons,L,,78,90,27,21,L 1
2007,CLE,2007-02-07,7:00p,,Los Angeles Clippers,W,,94,77,28,21,W 1
2007,CLE,2007-02-09,8:00p,,Miami Heat,W,,103,79,29,21,W 2
2007,CLE,2007-02-11,3:30p,,Los Angeles Lakers,W,,99,90,30,21,W 3
2007,CLE,2007-02-14,9:00p,@,Utah Jazz,L,,98,99,30,22,L 1
2007,CLE,2007-02-15,10:30p,@,Los Angeles Lakers,W,,114,108,31,22,W 1
2007,CLE,2007-02-21,7:00p,@,Toronto Raptors,W,,86,85,32,22,W 2
2007,CLE,2007-02-22,7:00p,,Chicago Bulls,L,,78,84,32,23,L 1
2007,CLE,2007-02-25,3:30p,@,Miami Heat,L,,81,86,32,24,L 2
2007,CLE,2007-02-27,7:00p,,New Orleans/Oklahoma City Hornets,W,,97,89,33,24,W 1
2007,CLE,2007-03-01,8:00p,@,Dallas Mavericks,L,,92,95,33,25,L 1
2007,CLE,2007-03-03,7:30p,,Toronto Raptors,W,,120,97,34,25,W 1
2007,CLE,2007-03-05,7:00p,,Houston Rockets,W,,91,85,35,25,W 2
2007,CLE,2007-03-07,7:30p,@,Detroit Pistons,W,OT,101,97,36,25,W 3
2007,CLE,2007-03-10,8:30p,@,Milwaukee Bucks,W,,94,92,37,25,W 4
2007,CLE,2007-03-11,6:00p,,Indiana Pacers,W,,99,88,38,25,W 5
2007,CLE,2007-03-13,7:00p,,Sacramento Kings,W,,124,100,39,25,W 6
2007,CLE,2007-03-14,8:00p,@,Memphis Grizzlies,W,,118,96,40,25,W 7
2007,CLE,2007-03-17,7:30p,,Utah Jazz,W,,82,73,41,25,W 8
2007,CLE,2007-03-20,7:00p,@,Charlotte Bobcats,L,OT,100,108,41,26,L 1
2007,CLE,2007-03-21,8:00p,,Dallas Mavericks,L,,90,98,41,27,L 2
2007,CLE,2007-03-23,7:30p,,New York Knicks,W,,90,68,42,27,W 1
2007,CLE,2007-03-25,8:00p,,Denver Nuggets,L,,93,105,42,28,L 1
2007,CLE,2007-03-27,7:00p,@,Indiana Pacers,W,,105,94,43,28,W 1
2007,CLE,2007-03-28,7:30p,@,New York Knicks,L,,93,97,43,29,L 1
2007,CLE,2007-03-31,3:00p,@,Chicago Bulls,W,OT,112,108,44,29,W 1
2007,CLE,2007-04-01,6:00p,@,Boston Celtics,L,,96,98,44,30,L 1
2007,CLE,2007-04-03,8:00p,@,Minnesota Timberwolves,W,,101,88,45,30,W 1
2007,CLE,2007-04-05,7:00p,,Miami Heat,L,OT,90,94,45,31,L 1
2007,CLE,2007-04-06,8:00p,@,Washington Wizards,W,,99,94,46,31,W 1
2007,CLE,2007-04-08,1:00p,@,Detroit Pistons,L,,82,87,46,32,L 1
2007,CLE,2007-04-12,8:00p,,New Jersey Nets,W,,94,76,47,32,W 1
2007,CLE,2007-04-14,7:30p,,Atlanta Hawks,W,,110,76,48,32,W 2
2007,CLE,2007-04-17,7:00p,@,Philadelphia 76ers,W,,98,92,49,32,W 3
2007,CLE,2007-04-18,7:00p,,Milwaukee Bucks,W,,109,96,50,32,W 4
2007,CLE,2007-04-22,12:30p,,Washington Wizards,W,,97,82,1,0,W 1
2007,CLE,2007-04-25,8:00p,,Washington Wizards,W,,109,102,2,0,W 2
2007,CLE,2007-04-28,5:30p,@,Washington Wizards,W,,98,92,3,0,W 3
2007,CLE,2007-04-30,7:00p,@,Washington Wizards,W,,97,90,4,0,W 4
2007,CLE,2007-05-06,1:00p,,New Jersey Nets,W,,81,77,5,0,W 5
2007,CLE,2007-05-08,8:00p,,New Jersey Nets,W,,102,92,6,0,W 6
2007,CLE,2007-05-12,5:00p,@,New Jersey Nets,L,,85,96,6,1,L 1
2007,CLE,2007-05-14,7:00p,@,New Jersey Nets,W,,87,85,7,1,W 1
2007,CLE,2007-05-16,8:00p,,New Jersey Nets,L,,72,83,7,2,L 1
2007,CLE,2007-05-18,7:00p,@,New Jersey Nets,W,,88,72,8,2,W 1
2007,CLE,2007-05-21,8:00p,@,Detroit Pistons,L,,76,79,8,3,L 1
2007,CLE,2007-05-24,8:00p,@,Detroit Pistons,L,,76,79,8,4,L 2
2007,CLE,2007-05-27,8:30p,,Detroit Pistons,W,,88,82,9,4,W 1
2007,CLE,2007-05-29,8:00p,,Detroit Pistons,W,,91,87,10,4,W 2
2007,CLE,2007-05-31,8:00p,@,Detroit Pistons,W,2OT,109,107,11,4,W 3
2007,CLE,2007-06-02,8:30p,,Detroit Pistons,W,,98,82,12,4,W 4
2007,CLE,2007-06-07,9:00p,@,San Antonio Spurs,L,,76,85,12,5,L 1
2007,CLE,2007-06-10,9:00p,@,San Antonio Spurs,L,,92,103,12,6,L 2
2007,CLE,2007-06-12,9:00p,,San Antonio Spurs,L,,72,75,12,7,L 3
2007,CLE,2007-06-14,9:00p,,San Antonio Spurs,L,,82,83,12,8,L 4
2007,DAL,2006-11-02,8:00p,,San Antonio Spurs,L,,91,97,0,1,L 1
2007,DAL,2006-11-04,8:30p,@,Houston Rockets,L,,76,107,0,2,L 2
2007,DAL,2006-11-06,8:30p,,Golden State Warriors,L,,104,107,0,3,L 3
2007,DAL,2006-11-08,10:30p,@,Los Angeles Clippers,L,,85,103,0,4,L 4
2007,DAL,2006-11-09,10:30p,@,Phoenix Suns,W,,119,112,1,4,W 1
2007,DAL,2006-11-12,9:00p,@,Portland Trail Blazers,W,,103,96,2,4,W 2
2007,DAL,2006-11-14,8:30p,,Chicago Bulls,W,,111,99,3,4,W 3
2007,DAL,2006-11-17,8:00p,@,Memphis Grizzlies,W,,115,103,4,4,W 4
2007,DAL,2006-11-18,8:30p,,Memphis Grizzlies,W,,89,84,5,4,W 5
2007,DAL,2006-11-20,7:00p,@,Charlotte Bobcats,W,,93,85,6,4,W 6
2007,DAL,2006-11-21,8:30p,,Washington Wizards,W,,107,80,7,4,W 7
2007,DAL,2006-11-24,8:00p,@,San Antonio Spurs,W,,95,92,8,4,W 8
2007,DAL,2006-11-25,8:30p,,New Orleans/Oklahoma City Hornets,W,,85,73,9,4,W 9
2007,DAL,2006-11-27,8:30p,,Minnesota Timberwolves,W,,93,87,10,4,W 10
2007,DAL,2006-11-29,8:30p,,Toronto Raptors,W,,117,98,11,4,W 11
2007,DAL,2006-12-01,8:30p,,Sacramento Kings,W,,109,90,12,4,W 12
2007,DAL,2006-12-04,7:00p,@,Washington Wizards,L,,97,106,12,5,L 1
2007,DAL,2006-12-05,7:30p,@,New Jersey Nets,W,,92,75,13,5,W 1
2007,DAL,2006-12-07,8:00p,,Detroit Pistons,L,,82,92,13,6,L 1
2007,DAL,2006-12-09,8:30p,,Denver Nuggets,W,,105,90,14,6,W 1
2007,DAL,2006-12-11,9:00p,@,Utah Jazz,L,,79,101,14,7,L 1
2007,DAL,2006-12-13,9:30p,,Los Angeles Lakers,W,,110,101,15,7,W 1
2007,DAL,2006-12-15,8:00p,,Philadelphia 76ers,W,,93,79,16,7,W 2
2007,DAL,2006-12-16,8:00p,@,New Orleans/Oklahoma City Hornets,W,,90,79,17,7,W 3
2007,DAL,2006-12-18,10:00p,@,Sacramento Kings,W,,109,91,18,7,W 4
2007,DAL,2006-12-20,10:30p,@,Seattle SuperSonics,W,,103,95,19,7,W 5
2007,DAL,2006-12-22,8:30p,,Los Angeles Clippers,W,,115,83,20,7,W 6
2007,DAL,2006-12-26,8:30p,,Charlotte Bobcats,W,,97,84,21,7,W 7
2007,DAL,2006-12-28,8:00p,,Phoenix Suns,W,,101,99,22,7,W 8
2007,DAL,2006-12-30,8:30p,,New Orleans/Oklahoma City Hornets,W,,94,80,23,7,W 9
2007,DAL,2006-12-31,9:00p,@,Denver Nuggets,W,,89,85,24,7,W 10
2007,DAL,2007-01-02,8:30p,,Seattle SuperSonics,W,,112,88,25,7,W 11
2007,DAL,2007-01-04,8:30p,,Indiana Pacers,W,,100,91,26,7,W 12
2007,DAL,2007-01-05,8:00p,@,San Antonio Spurs,W,,90,85,27,7,W 13
2007,DAL,2007-01-07,9:30p,@,Los Angeles Lakers,L,,98,101,27,8,L 1
2007,DAL,2007-01-09,9:00p,@,Utah Jazz,W,,108,105,28,8,W 1
2007,DAL,2007-01-10,8:30p,,Portland Trail Blazers,W,,99,74,29,8,W 2
2007,DAL,2007-01-12,7:00p,@,Indiana Pacers,W,OT,115,113,30,8,W 3
2007,DAL,2007-01-14,1:00p,@,Toronto Raptors,W,,97,96,31,8,W 4
2007,DAL,2007-01-16,8:30p,,Houston Rockets,W,,109,96,32,8,W 5
2007,DAL,2007-01-18,9:30p,,Los Angeles Lakers,W,,114,95,33,8,W 6
2007,DAL,2007-01-21,1:00p,@,Miami Heat,W,,99,93,34,8,W 7
2007,DAL,2007-01-23,7:00p,@,Orlando Magic,W,,111,95,35,8,W 8
2007,DAL,2007-01-25,8:00p,@,Chicago Bulls,L,,85,96,35,9,L 1
2007,DAL,2007-01-27,8:30p,,Sacramento Kings,W,,106,104,36,9,W 1
2007,DAL,2007-01-30,8:30p,,Seattle SuperSonics,W,,122,102,37,9,W 2
2007,DAL,2007-01-31,8:00p,@,Memphis Grizzlies,W,,95,94,38,9,W 3
2007,DAL,2007-02-03,8:30p,,Minnesota Timberwolves,W,,94,93,39,9,W 4
2007,DAL,2007-02-07,8:30p,,Memphis Grizzlies,W,,113,97,40,9,W 5
2007,DAL,2007-02-09,8:30p,,Houston Rockets,W,,95,74,41,9,W 6
2007,DAL,2007-02-11,6:00p,@,Philadelphia 76ers,W,,106,89,42,9,W 7
2007,DAL,2007-02-13,8:00p,@,Milwaukee Bucks,W,,99,93,43,9,W 8
2007,DAL,2007-02-15,8:00p,@,Houston Rockets,W,,80,77,44,9,W 9
2007,DAL,2007-02-22,9:30p,,Miami Heat,W,,112,100,45,9,W 10
2007,DAL,2007-02-24,9:00p,,Denver Nuggets,W,,115,95,46,9,W 11
2007,DAL,2007-02-26,8:30p,,Atlanta Hawks,W,,110,87,47,9,W 12
2007,DAL,2007-02-27,8:00p,@,Minnesota Timberwolves,W,,91,65,48,9,W 13
2007,DAL,2007-03-01,8:00p,,Cleveland Cavaliers,W,,95,92,49,9,W 14
2007,DAL,2007-03-03,9:00p,,Orlando Magic,W,,103,98,50,9,W 15
2007,DAL,2007-03-06,8:30p,,New Jersey Nets,W,,102,89,51,9,W 16
2007,DAL,2007-03-11,9:00p,@,Los Angeles Lakers,W,,108,72,52,9,W 17
2007,DAL,2007-03-12,10:30p,@,Golden State Warriors,L,,100,117,52,10,L 1
2007,DAL,2007-03-14,9:00p,,Phoenix Suns,L,2OT,127,129,52,11,L 2
2007,DAL,2007-03-16,8:30p,,Boston Celtics,W,,106,101,53,11,W 1
2007,DAL,2007-03-18,3:30p,@,Detroit Pistons,W,,92,88,54,11,W 2
2007,DAL,2007-03-20,7:30p,@,New York Knicks,W,,92,77,55,11,W 3
2007,DAL,2007-03-21,8:00p,@,Cleveland Cavaliers,W,,98,90,56,11,W 4
2007,DAL,2007-03-23,7:30p,@,Boston Celtics,W,,109,95,57,11,W 5
2007,DAL,2007-03-25,1:00p,@,Atlanta Hawks,W,,104,97,58,11,W 6
2007,DAL,2007-03-27,8:00p,@,New Orleans/Oklahoma City Hornets,W,,105,89,59,11,W 7
2007,DAL,2007-03-28,8:30p,,Milwaukee Bucks,W,,105,103,60,11,W 8
2007,DAL,2007-03-30,8:30p,,New York Knicks,W,,105,103,61,11,W 9
2007,DAL,2007-04-01,3:30p,@,Phoenix Suns,L,,104,126,61,12,L 1
2007,DAL,2007-04-03,10:00p,@,Sacramento Kings,W,,97,93,62,12,W 1
2007,DAL,2007-04-06,10:30p,@,Denver Nuggets,L,,71,75,62,13,L 1
2007,DAL,2007-04-07,9:00p,,Portland Trail Blazers,W,,86,74,63,13,W 1
2007,DAL,2007-04-09,8:30p,,Los Angeles Clippers,W,,96,86,64,13,W 2
2007,DAL,2007-04-11,8:00p,@,Minnesota Timberwolves,W,,105,88,65,13,W 3
2007,DAL,2007-04-13,8:30p,,Utah Jazz,L,,89,104,65,14,L 1
2007,DAL,2007-04-15,3:30p,,San Antonio Spurs,W,,91,86,66,14,W 1
2007,DAL,2007-04-17,10:30p,@,Golden State Warriors,L,,82,111,66,15,L 1
2007,DAL,2007-04-18,10:00p,@,Seattle SuperSonics,W,,106,75,67,15,W 1
2007,DAL,2007-04-22,9:30p,,Golden State Warriors,L,,85,97,0,1,L 1
2007,DAL,2007-04-25,9:30p,,Golden State Warriors,W,,112,99,1,1,W 1
2007,DAL,2007-04-27,10:30p,@,Golden State Warriors,L,,91,109,1,2,L 1
2007,DAL,2007-04-29,10:00p,@,Golden State Warriors,L,,99,103,1,3,L 2
2007,DAL,2007-05-01,9:30p,,Golden State Warriors,W,,118,112,2,3,W 1
2007,DAL,2007-05-03,10:30p,@,Golden State Warriors,L,,86,111,2,4,L 1
2007,DEN,2006-11-02,10:30p,@,Los Angeles Clippers,L,,95,96,0,1,L 1
2007,DEN,2006-11-03,9:00p,,Minnesota Timberwolves,L,,109,112,0,2,L 2
2007,DEN,2006-11-08,9:00p,,New York Knicks,L,,107,109,0,3,L 3
2007,DEN,2006-11-10,7:00p,@,Philadelphia 76ers,W,,108,101,1,3,W 1
2007,DEN,2006-11-12,6:00p,@,Charlotte Bobcats,W,,108,101,2,3,W 2
2007,DEN,2006-11-14,7:30p,@,Miami Heat,W,,112,105,3,3,W 3
2007,DEN,2006-11-15,7:00p,@,Orlando Magic,L,,99,108,3,4,L 1
2007,DEN,2006-11-18,9:00p,,Toronto Raptors,W,,117,109,4,4,W 1
2007,DEN,2006-11-21,9:00p,,Chicago Bulls,W,,113,109,5,4,W 2
2007,DEN,2006-11-22,10:30p,@,Golden State Warriors,W,,115,112,6,4,W 3
2007,DEN,2006-11-24,9:00p,,Golden State Warriors,W,,140,129,7,4,W 4
2007,DEN,2006-11-26,8:00p,,Los Angeles Clippers,W,,103,88,8,4,W 5
2007,DEN,2006-11-28,9:00p,,Memphis Grizzlies,L,,96,108,8,5,L 1
2007,DEN,2006-12-01,8:00p,@,Minnesota Timberwolves,W,,106,92,9,5,W 1
2007,DEN,2006-12-02,9:00p,,Indiana Pacers,W,,121,101,10,5,W 2
2007,DEN,2006-12-06,9:00p,,Atlanta Hawks,L,,96,98,10,6,L 1
2007,DEN,2006-12-08,10:30p,,Miami Heat,W,,123,107,11,6,W 1
2007,DEN,2006-12-09,8:30p,@,Dallas Mavericks,L,,90,105,11,7,L 1
2007,DEN,2006-12-12,7:00p,@,Atlanta Hawks,W,,100,87,12,7,W 1
2007,DEN,2006-12-13,7:00p,@,Washington Wizards,L,,91,120,12,8,L 1
2007,DEN,2006-12-15,7:30p,@,Boston Celtics,L,,114,119,12,9,L 2
2007,DEN,2006-12-16,7:30p,@,New York Knicks,W,,123,100,13,9,W 1
2007,DEN,2006-12-18,9:00p,,Washington Wizards,W,,117,108,14,9,W 2
2007,DEN,2006-12-22,9:00p,,Sacramento Kings,L,,96,101,14,10,L 1
2007,DEN,2006-12-26,9:00p,,Boston Celtics,W,,116,105,15,10,W 1
2007,DEN,2006-12-28,10:30p,,Seattle SuperSonics,W,,112,98,16,10,W 2
2007,DEN,2006-12-29,8:00p,@,New Orleans/Oklahoma City Hornets,L,,89,99,16,11,L 1
2007,DEN,2006-12-31,9:00p,,Dallas Mavericks,L,,85,89,16,12,L 2
2007,DEN,2007-01-02,9:00p,,Philadelphia 76ers,L,,97,108,16,13,L 3
2007,DEN,2007-01-05,10:30p,@,Los Angeles Lakers,L,,104,123,16,14,L 4
2007,DEN,2007-01-06,9:00p,,Utah Jazz,L,,84,96,16,15,L 5
2007,DEN,2007-01-08,9:00p,,Milwaukee Bucks,W,,104,92,17,15,W 1
2007,DEN,2007-01-10,9:00p,,San Antonio Spurs,L,,83,92,17,16,L 1
2007,DEN,2007-01-12,10:30p,,Houston Rockets,L,,86,90,17,17,L 2
2007,DEN,2007-01-14,9:00p,@,Portland Trail Blazers,W,,109,93,18,17,W 1
2007,DEN,2007-01-19,10:30p,,Cleveland Cavaliers,W,,110,99,19,17,W 2
2007,DEN,2007-01-20,8:30p,@,Houston Rockets,W,OT,121,113,20,17,W 3
2007,DEN,2007-01-22,9:00p,,Memphis Grizzlies,W,,115,98,21,17,W 4
2007,DEN,2007-01-23,10:00p,@,Seattle SuperSonics,W,,117,112,22,17,W 5
2007,DEN,2007-01-26,9:00p,@,Utah Jazz,L,,111,116,22,18,L 1
2007,DEN,2007-01-27,9:00p,,New Jersey Nets,L,,102,112,22,19,L 2
2007,DEN,2007-01-29,9:00p,,Charlotte Bobcats,L,,101,105,22,20,L 3
2007,DEN,2007-01-31,10:00p,@,Portland Trail Blazers,L,,91,100,22,21,L 4
2007,DEN,2007-02-02,9:00p,,Portland Trail Blazers,W,OT,114,107,23,21,W 1
2007,DEN,2007-02-03,10:00p,@,Sacramento Kings,L,,87,94,23,22,L 1
2007,DEN,2007-02-05,9:00p,,Phoenix Suns,L,,108,113,23,23,L 2
2007,DEN,2007-02-07,9:00p,,New Orleans/Oklahoma City Hornets,L,OT,112,114,23,24,L 3
2007,DEN,2007-02-09,7:00p,@,Indiana Pacers,W,,102,95,24,24,W 1
2007,DEN,2007-02-10,8:30p,@,Milwaukee Bucks,W,,109,102,25,24,W 2
2007,DEN,2007-02-12,9:00p,,Golden State Warriors,W,,123,111,26,24,W 3
2007,DEN,2007-02-14,8:00p,@,Minnesota Timberwolves,L,,94,99,26,25,L 1
2007,DEN,2007-02-20,8:00p,@,San Antonio Spurs,L,,80,95,26,26,L 2
2007,DEN,2007-02-23,10:30p,,Utah Jazz,L,,104,114,26,27,L 3
2007,DEN,2007-02-24,9:00p,@,Dallas Mavericks,L,,95,115,26,28,L 4
2007,DEN,2007-02-26,8:00p,@,Memphis Grizzlies,W,,111,107,27,28,W 1
2007,DEN,2007-02-28,9:00p,,Orlando Magic,W,,111,101,28,28,W 2
2007,DEN,2007-03-02,10:30p,,Houston Rockets,L,,97,108,28,29,L 1
2007,DEN,2007-03-06,9:00p,,New Orleans/Oklahoma City Hornets,W,,106,91,29,29,W 1
2007,DEN,2007-03-07,10:30p,@,Golden State Warriors,L,,96,110,29,30,L 1
2007,DEN,2007-03-09,9:00p,,Detroit Pistons,L,,82,95,29,31,L 2
2007,DEN,2007-03-11,3:30p,@,Sacramento Kings,W,,113,101,30,31,W 1
2007,DEN,2007-03-13,9:00p,,Portland Trail Blazers,W,,107,99,31,31,W 2
2007,DEN,2007-03-15,10:30p,,Los Angeles Lakers,W,,113,86,32,31,W 3
2007,DEN,2007-03-17,10:00p,,Phoenix Suns,W,,131,107,33,31,W 4
2007,DEN,2007-03-20,7:00p,@,New Jersey Nets,W,,94,90,34,31,W 5
2007,DEN,2007-03-22,8:30p,@,Chicago Bulls,L,,108,109,34,32,L 1
2007,DEN,2007-03-23,7:00p,@,Toronto Raptors,L,,94,121,34,33,L 2
2007,DEN,2007-03-25,8:00p,@,Cleveland Cavaliers,W,,105,93,35,33,W 1
2007,DEN,2007-03-26,7:30p,@,Detroit Pistons,L,OT,109,113,35,34,L 1
2007,DEN,2007-03-28,9:00p,,Seattle SuperSonics,L,,97,100,35,35,L 2
2007,DEN,2007-03-30,10:00p,@,Phoenix Suns,L,,108,125,35,36,L 3
2007,DEN,2007-04-01,9:00p,@,Seattle SuperSonics,W,,114,103,36,36,W 1
2007,DEN,2007-04-03,10:30p,@,Los Angeles Lakers,W,,111,105,37,36,W 2
2007,DEN,2007-04-04,10:00p,,Sacramento Kings,W,,120,115,38,36,W 3
2007,DEN,2007-04-06,10:30p,,Dallas Mavericks,W,,75,71,39,36,W 4
2007,DEN,2007-04-07,10:30p,@,Los Angeles Clippers,W,,96,93,40,36,W 5
2007,DEN,2007-04-09,9:00p,,Los Angeles Lakers,W,,115,111,41,36,W 6
2007,DEN,2007-04-11,9:00p,@,Utah Jazz,W,,115,106,42,36,W 7
2007,DEN,2007-04-13,8:00p,@,New Orleans/Oklahoma City Hornets,W,,107,105,43,36,W 8
2007,DEN,2007-04-14,8:00p,@,Memphis Grizzlies,L,,118,133,43,37,L 1
2007,DEN,2007-04-16,9:00p,,Minnesota Timberwolves,W,,122,107,44,37,W 1
2007,DEN,2007-04-18,8:00p,@,San Antonio Spurs,W,,100,77,45,37,W 2
2007,DEN,2007-04-22,7:00p,@,San Antonio Spurs,W,,95,89,1,0,W 1
2007,DEN,2007-04-25,7:00p,@,San Antonio Spurs,L,,88,97,1,1,L 1
2007,DEN,2007-04-28,8:00p,,San Antonio Spurs,L,,91,96,1,2,L 2
2007,DEN,2007-04-30,10:30p,,San Antonio Spurs,L,,89,96,1,3,L 3
2007,DEN,2007-05-02,8:00p,@,San Antonio Spurs,L,,78,93,1,4,L 4
2007,DET,2006-11-01,8:00p,,Milwaukee Bucks,L,,97,105,0,1,L 1
2007,DET,2006-11-03,7:30p,@,Boston Celtics,W,,101,88,1,1,W 1
2007,DET,2006-11-04,7:30p,,Memphis Grizzlies,W,,95,86,2,1,W 2
2007,DET,2006-11-06,9:00p,@,Utah Jazz,L,,101,103,2,2,L 1
2007,DET,2006-11-08,10:30p,@,Sacramento Kings,L,,86,99,2,3,L 2
2007,DET,2006-11-10,10:30p,@,Los Angeles Lakers,W,,97,83,3,3,W 1
2007,DET,2006-11-11,10:30p,@,Golden State Warriors,L,,79,111,3,4,L 1
2007,DET,2006-11-15,7:30p,,New Orleans/Oklahoma City Hornets,L,,99,100,3,5,L 2
2007,DET,2006-11-17,8:00p,,Washington Wizards,W,,100,91,4,5,W 1
2007,DET,2006-11-18,7:30p,,Houston Rockets,W,,104,92,5,5,W 2
2007,DET,2006-11-21,7:00p,@,Philadelphia 76ers,W,,97,87,6,5,W 3
2007,DET,2006-11-22,7:30p,,Atlanta Hawks,W,,103,98,7,5,W 4
2007,DET,2006-11-24,8:00p,,Charlotte Bobcats,W,,104,95,8,5,W 5
2007,DET,2006-11-25,7:00p,@,Washington Wizards,W,,115,111,9,5,W 6
2007,DET,2006-11-30,8:00p,@,Miami Heat,W,,87,85,10,5,W 7
2007,DET,2006-12-01,8:00p,,New York Knicks,W,,108,100,11,5,W 8
2007,DET,2006-12-03,6:00p,@,Charlotte Bobcats,L,,89,97,11,6,L 1
2007,DET,2006-12-05,7:30p,,Portland Trail Blazers,L,,85,88,11,7,L 2
2007,DET,2006-12-07,8:00p,@,Dallas Mavericks,W,,92,82,12,7,W 1
2007,DET,2006-12-08,7:00p,@,Orlando Magic,W,,87,83,13,7,W 2
2007,DET,2006-12-13,7:00p,@,Indiana Pacers,L,,90,101,13,8,L 1
2007,DET,2006-12-16,8:00p,@,New Jersey Nets,W,,90,82,14,8,W 1
2007,DET,2006-12-17,6:00p,,Seattle SuperSonics,W,,97,93,15,8,W 2
2007,DET,2006-12-21,8:00p,@,Cleveland Cavaliers,W,,87,71,16,8,W 3
2007,DET,2006-12-23,7:30p,,Atlanta Hawks,W,,108,81,17,8,W 4
2007,DET,2006-12-26,7:30p,,New Jersey Nets,W,,92,91,18,8,W 5
2007,DET,2006-12-27,7:30p,@,New York Knicks,L,3OT,145,151,18,9,L 1
2007,DET,2006-12-29,8:00p,,Indiana Pacers,L,,92,93,18,10,L 2
2007,DET,2006-12-31,4:00p,,Phoenix Suns,L,,101,108,18,11,L 3
2007,DET,2007-01-04,8:00p,@,New Orleans/Oklahoma City Hornets,W,,92,68,19,11,W 1
2007,DET,2007-01-06,8:30p,@,Chicago Bulls,L,,89,106,19,12,L 1
2007,DET,2007-01-09,7:00p,@,Philadelphia 76ers,W,,98,89,20,12,W 1
2007,DET,2007-01-10,7:30p,,Charlotte Bobcats,L,,96,103,20,13,L 1
2007,DET,2007-01-12,7:30p,@,Atlanta Hawks,L,,93,99,20,14,L 2
2007,DET,2007-01-13,7:30p,,Boston Celtics,W,,81,73,21,14,W 1
2007,DET,2007-01-15,3:30p,,Minnesota Timberwolves,L,OT,90,94,21,15,L 1
2007,DET,2007-01-17,7:30p,,Utah Jazz,L,,99,100,21,16,L 2
2007,DET,2007-01-19,8:00p,@,Minnesota Timberwolves,W,2OT,104,98,22,16,W 1
2007,DET,2007-01-20,7:30p,,Sacramento Kings,W,,91,74,23,16,W 2
2007,DET,2007-01-24,7:00p,@,Charlotte Bobcats,W,,103,92,24,16,W 3
2007,DET,2007-01-26,7:00p,,Washington Wizards,L,,96,99,24,17,L 1
2007,DET,2007-01-28,6:30p,,Indiana Pacers,W,,95,87,25,17,W 1
2007,DET,2007-01-30,7:00p,@,Washington Wizards,L,,99,104,25,18,L 1
2007,DET,2007-01-31,7:30p,@,New Jersey Nets,W,,113,89,26,18,W 1
2007,DET,2007-02-02,8:00p,,Milwaukee Bucks,W,,96,86,27,18,W 2
2007,DET,2007-02-04,2:30p,@,Cleveland Cavaliers,W,,90,78,28,18,W 3
2007,DET,2007-02-06,7:30p,,Boston Celtics,W,,109,102,29,18,W 4
2007,DET,2007-02-08,8:00p,,Los Angeles Lakers,W,,93,78,30,18,W 5
2007,DET,2007-02-10,7:30p,,Toronto Raptors,W,,98,92,31,18,W 6
2007,DET,2007-02-12,7:30p,,Los Angeles Clippers,W,,92,74,32,18,W 7
2007,DET,2007-02-14,7:30p,,San Antonio Spurs,L,,81,90,32,19,L 1
2007,DET,2007-02-20,8:00p,@,Milwaukee Bucks,W,,84,83,33,19,W 1
2007,DET,2007-02-21,7:30p,,Orlando Magic,W,,110,88,34,19,W 2
2007,DET,2007-02-23,7:00p,@,Orlando Magic,W,,94,89,35,19,W 3
2007,DET,2007-02-25,1:00p,,Chicago Bulls,W,,95,93,36,19,W 4
2007,DET,2007-03-02,8:00p,@,Miami Heat,L,,82,85,36,20,L 1
2007,DET,2007-03-03,8:00p,@,Memphis Grizzlies,W,,92,89,37,20,W 1
2007,DET,2007-03-05,7:30p,,Golden State Warriors,L,,93,111,37,21,L 1
2007,DET,2007-03-07,7:30p,,Cleveland Cavaliers,L,OT,97,101,37,22,L 2
2007,DET,2007-03-09,9:00p,@,Denver Nuggets,W,,95,82,38,22,W 1
2007,DET,2007-03-11,3:00p,@,Los Angeles Clippers,W,,98,80,39,22,W 2
2007,DET,2007-03-13,10:00p,@,Seattle SuperSonics,W,,101,97,40,22,W 3
2007,DET,2007-03-14,10:00p,@,Portland Trail Blazers,W,,87,75,41,22,W 4
2007,DET,2007-03-16,10:00p,@,Phoenix Suns,W,,105,83,42,22,W 5
2007,DET,2007-03-18,3:30p,,Dallas Mavericks,L,,88,92,42,23,L 1
2007,DET,2007-03-20,7:30p,,Philadelphia 76ers,W,,96,75,43,23,W 1
2007,DET,2007-03-22,8:30p,@,Houston Rockets,L,,85,91,43,24,L 1
2007,DET,2007-03-23,8:00p,@,San Antonio Spurs,L,,89,90,43,25,L 2
2007,DET,2007-03-25,3:30p,@,Milwaukee Bucks,W,,121,95,44,25,W 1
2007,DET,2007-03-26,7:30p,,Denver Nuggets,W,OT,113,109,45,25,W 2
2007,DET,2007-03-29,8:00p,@,Chicago Bulls,L,,81,83,45,26,L 1
2007,DET,2007-03-30,8:00p,,New Jersey Nets,W,,110,105,46,26,W 1
2007,DET,2007-04-01,1:00p,,Miami Heat,W,,94,88,47,26,W 2
2007,DET,2007-04-03,7:00p,@,Indiana Pacers,W,,100,85,48,26,W 3
2007,DET,2007-04-04,7:30p,,Chicago Bulls,L,,88,106,48,27,L 1
2007,DET,2007-04-08,1:00p,,Cleveland Cavaliers,W,,87,82,49,27,W 1
2007,DET,2007-04-09,7:30p,@,New York Knicks,W,,91,83,50,27,W 2
2007,DET,2007-04-11,8:00p,,Orlando Magic,W,,104,99,51,27,W 3
2007,DET,2007-04-13,7:00p,@,Toronto Raptors,L,,84,87,51,28,L 1
2007,DET,2007-04-15,6:00p,,Philadelphia 76ers,L,,91,102,51,29,L 2
2007,DET,2007-04-17,7:30p,,Toronto Raptors,W,,100,84,52,29,W 1
2007,DET,2007-04-18,7:30p,@,Boston Celtics,W,,91,89,53,29,W 2
2007,DET,2007-04-21,7:00p,,Orlando Magic,W,,100,92,1,0,W 1
2007,DET,2007-04-23,7:00p,,Orlando Magic,W,,98,90,2,0,W 2
2007,DET,2007-04-26,8:00p,@,Orlando Magic,W,,93,77,3,0,W 3
2007,DET,2007-04-28,3:00p,@,Orlando Magic,W,,97,93,4,0,W 4
2007,DET,2007-05-05,7:00p,,Chicago Bulls,W,,95,69,5,0,W 5
2007,DET,2007-05-07,8:00p,,Chicago Bulls,W,,108,87,6,0,W 6
2007,DET,2007-05-10,9:00p,@,Chicago Bulls,W,,81,74,7,0,W 7
2007,DET,2007-05-13,3:30p,@,Chicago Bulls,L,,87,102,7,1,L 1
2007,DET,2007-05-15,8:00p,,Chicago Bulls,L,,92,108,7,2,L 2
2007,DET,2007-05-17,8:00p,@,Chicago Bulls,W,,95,85,8,2,W 1
2007,DET,2007-05-21,8:00p,,Cleveland Cavaliers,W,,79,76,9,2,W 2
2007,DET,2007-05-24,8:00p,,Cleveland Cavaliers,W,,79,76,10,2,W 3
2007,DET,2007-05-27,8:30p,@,Cleveland Cavaliers,L,,82,88,10,3,L 1
2007,DET,2007-05-29,8:00p,@,Cleveland Cavaliers,L,,87,91,10,4,L 2
2007,DET,2007-05-31,8:00p,,Cleveland Cavaliers,L,2OT,107,109,10,5,L 3
2007,DET,2007-06-02,8:30p,@,Cleveland Cavaliers,L,,82,98,10,6,L 4
2007,GSW,2006-11-01,10:30p,,Los Angeles Lakers,L,,98,110,0,1,L 1
2007,GSW,2006-11-03,10:30p,,Portland Trail Blazers,W,,102,89,1,1,W 1
2007,GSW,2006-11-04,9:00p,@,Utah Jazz,L,,82,106,1,2,L 1
2007,GSW,2006-11-06,8:30p,@,Dallas Mavericks,W,,107,104,2,2,W 1
2007,GSW,2006-11-07,8:00p,@,New Orleans/Oklahoma City Hornets,L,,93,97,2,3,L 1
2007,GSW,2006-11-09,10:30p,,New Orleans/Oklahoma City Hornets,W,,121,116,3,3,W 1
2007,GSW,2006-11-11,10:30p,,Detroit Pistons,W,,111,79,4,3,W 2
2007,GSW,2006-11-14,10:30p,,Toronto Raptors,W,,110,99,5,3,W 3
2007,GSW,2006-11-16,10:30p,,Sacramento Kings,W,,117,105,6,3,W 4
2007,GSW,2006-11-18,10:30p,,Seattle SuperSonics,W,,107,95,7,3,W 5
2007,GSW,2006-11-20,10:30p,,Phoenix Suns,L,,110,113,7,4,L 1
2007,GSW,2006-11-22,10:30p,,Denver Nuggets,L,,112,115,7,5,L 2
2007,GSW,2006-11-24,9:00p,@,Denver Nuggets,L,,129,140,7,6,L 3
2007,GSW,2006-11-25,10:30p,,Utah Jazz,W,,91,78,8,6,W 1
2007,GSW,2006-11-27,10:30p,,San Antonio Spurs,W,,111,102,9,6,W 2
2007,GSW,2006-11-29,10:30p,,Indiana Pacers,L,,106,108,9,7,L 1
2007,GSW,2006-12-02,10:30p,,Milwaukee Bucks,L,,110,115,9,8,L 2
2007,GSW,2006-12-04,8:00p,@,San Antonio Spurs,L,,89,129,9,9,L 3
2007,GSW,2006-12-05,8:30p,@,Houston Rockets,L,,90,118,9,10,L 4
2007,GSW,2006-12-09,10:30p,,New Orleans/Oklahoma City Hornets,W,,101,80,10,10,W 1
2007,GSW,2006-12-10,9:00p,@,Seattle SuperSonics,L,,115,117,10,11,L 1
2007,GSW,2006-12-12,10:30p,,Sacramento Kings,W,,126,113,11,11,W 1
2007,GSW,2006-12-14,10:30p,,Houston Rockets,W,,109,107,12,11,W 2
2007,GSW,2006-12-15,9:00p,@,Phoenix Suns,L,,101,105,12,12,L 1
2007,GSW,2006-12-17,1:00p,@,Toronto Raptors,L,,115,120,12,13,L 2
2007,GSW,2006-12-18,7:30p,@,New Jersey Nets,L,,97,105,12,14,L 3
2007,GSW,2006-12-20,7:30p,@,Boston Celtics,W,,96,95,13,14,W 1
2007,GSW,2006-12-22,7:00p,@,Orlando Magic,W,,117,108,14,14,W 2
2007,GSW,2006-12-23,7:30p,@,Miami Heat,L,,92,105,14,15,L 1
2007,GSW,2006-12-26,10:30p,,Philadelphia 76ers,W,,116,97,15,15,W 1
2007,GSW,2006-12-29,10:30p,,Boston Celtics,W,,110,100,16,15,W 2
2007,GSW,2006-12-30,10:00p,@,Sacramento Kings,L,,96,119,16,16,L 1
2007,GSW,2007-01-02,8:00p,@,New Orleans/Oklahoma City Hornets,W,,97,89,17,16,W 1
2007,GSW,2007-01-03,8:00p,@,Memphis Grizzlies,L,,135,144,17,17,L 1
2007,GSW,2007-01-06,10:30p,,Seattle SuperSonics,W,,108,104,18,17,W 1
2007,GSW,2007-01-07,8:00p,@,Phoenix Suns,L,,105,128,18,18,L 1
2007,GSW,2007-01-10,10:30p,,Orlando Magic,L,,76,91,18,19,L 2
2007,GSW,2007-01-12,10:30p,,Miami Heat,L,,96,118,18,20,L 3
2007,GSW,2007-01-15,4:00p,,Los Angeles Clippers,W,,108,93,19,20,W 1
2007,GSW,2007-01-17,10:30p,@,Los Angeles Clippers,L,,109,115,19,21,L 1
2007,GSW,2007-01-20,10:30p,,Cleveland Cavaliers,L,OT,104,106,19,22,L 2
2007,GSW,2007-01-22,10:30p,@,Los Angeles Lakers,L,,103,108,19,23,L 3
2007,GSW,2007-01-24,10:30p,,New Jersey Nets,W,,110,109,20,23,W 1
2007,GSW,2007-01-27,10:30p,,Charlotte Bobcats,W,,131,105,21,23,W 2
2007,GSW,2007-01-30,7:00p,@,Cleveland Cavaliers,L,,97,124,21,24,L 1
2007,GSW,2007-01-31,7:00p,@,Atlanta Hawks,L,,94,115,21,25,L 2
2007,GSW,2007-02-02,7:00p,@,Philadelphia 76ers,W,,102,101,22,25,W 1
2007,GSW,2007-02-03,7:00p,@,Charlotte Bobcats,L,,90,98,22,26,L 1
2007,GSW,2007-02-05,7:00p,@,Indiana Pacers,W,,113,98,23,26,W 1
2007,GSW,2007-02-07,8:00p,@,Minnesota Timberwolves,L,,93,121,23,27,L 1
2007,GSW,2007-02-09,10:30p,,Chicago Bulls,W,OT,123,121,24,27,W 1
2007,GSW,2007-02-11,9:00p,,Atlanta Hawks,L,,105,106,24,28,L 1
2007,GSW,2007-02-12,9:00p,@,Denver Nuggets,L,,111,123,24,29,L 2
2007,GSW,2007-02-14,10:30p,,New York Knicks,W,,120,101,25,29,W 1
2007,GSW,2007-02-21,10:30p,,Memphis Grizzlies,W,OT,118,115,26,29,W 2
2007,GSW,2007-02-24,3:30p,@,Los Angeles Clippers,L,,90,103,26,30,L 1
2007,GSW,2007-02-25,6:00p,,Los Angeles Lakers,L,,85,102,26,31,L 2
2007,GSW,2007-02-27,8:00p,@,Milwaukee Bucks,L,,101,122,26,32,L 3
2007,GSW,2007-02-28,8:30p,@,Chicago Bulls,L,,83,113,26,33,L 4
2007,GSW,2007-03-02,7:30p,@,New York Knicks,L,,97,106,26,34,L 5
2007,GSW,2007-03-04,1:00p,@,Washington Wizards,L,,106,107,26,35,L 6
2007,GSW,2007-03-05,7:30p,@,Detroit Pistons,W,,111,93,27,35,W 1
2007,GSW,2007-03-07,10:30p,,Denver Nuggets,W,,110,96,28,35,W 2
2007,GSW,2007-03-09,10:30p,,Los Angeles Clippers,W,,99,89,29,35,W 3
2007,GSW,2007-03-11,9:00p,@,Portland Trail Blazers,L,,87,106,29,36,L 1
2007,GSW,2007-03-12,10:30p,,Dallas Mavericks,W,,117,100,30,36,W 1
2007,GSW,2007-03-16,10:30p,,Minnesota Timberwolves,W,,106,86,31,36,W 2
2007,GSW,2007-03-17,10:00p,@,Seattle SuperSonics,W,,99,98,32,36,W 3
2007,GSW,2007-03-20,9:00p,@,Utah Jazz,L,,100,104,32,37,L 1
2007,GSW,2007-03-23,10:30p,,Washington Wizards,W,,135,128,33,37,W 1
2007,GSW,2007-03-25,9:30p,@,Los Angeles Lakers,L,,113,115,33,38,L 1
2007,GSW,2007-03-26,10:30p,,San Antonio Spurs,L,,89,126,33,39,L 2
2007,GSW,2007-03-29,10:30p,,Phoenix Suns,W,,124,119,34,39,W 1
2007,GSW,2007-04-01,3:00p,,Memphis Grizzlies,W,,122,117,35,39,W 2
2007,GSW,2007-04-04,8:30p,@,Houston Rockets,W,,110,99,36,39,W 3
2007,GSW,2007-04-06,8:00p,@,Memphis Grizzlies,W,,116,104,37,39,W 4
2007,GSW,2007-04-07,8:00p,@,San Antonio Spurs,L,,99,112,37,40,L 1
2007,GSW,2007-04-09,10:30p,,Utah Jazz,W,,126,102,38,40,W 1
2007,GSW,2007-04-13,10:00p,@,Sacramento Kings,W,,125,108,39,40,W 2
2007,GSW,2007-04-15,3:30p,,Minnesota Timberwolves,W,,121,108,40,40,W 3
2007,GSW,2007-04-17,10:30p,,Dallas Mavericks,W,,111,82,41,40,W 4
2007,GSW,2007-04-18,10:00p,@,Portland Trail Blazers,W,,120,98,42,40,W 5
2007,GSW,2007-04-22,9:30p,@,Dallas Mavericks,W,,97,85,1,0,W 1
2007,GSW,2007-04-25,9:30p,@,Dallas Mavericks,L,,99,112,1,1,L 1
2007,GSW,2007-04-27,10:30p,,Dallas Mavericks,W,,109,91,2,1,W 1
2007,GSW,2007-04-29,10:00p,,Dallas Mavericks,W,,103,99,3,1,W 2
2007,GSW,2007-05-01,9:30p,@,Dallas Mavericks,L,,112,118,3,2,L 1
2007,GSW,2007-05-03,10:30p,,Dallas Mavericks,W,,111,86,4,2,W 1
2007,GSW,2007-05-07,10:30p,@,Utah Jazz,L,,112,116,4,3,L 1
2007,GSW,2007-05-09,9:00p,@,Utah Jazz,L,OT,117,127,4,4,L 2
2007,GSW,2007-05-11,9:00p,,Utah Jazz,W,,125,105,5,4,W 1
2007,GSW,2007-05-13,9:00p,,Utah Jazz,L,,101,115,5,5,L 1
2007,GSW,2007-05-15,10:30p,@,Utah Jazz,L,,87,100,5,6,L 2
2007,HOU,2006-11-01,9:00p,@,Utah Jazz,L,,97,107,0,1,L 1
2007,HOU,2006-11-04,8:30p,,Dallas Mavericks,W,,107,76,1,1,W 1
2007,HOU,2006-11-05,7:00p,@,New Orleans/Oklahoma City Hornets,L,,90,96,1,2,L 1
2007,HOU,2006-11-07,8:00p,@,Memphis Grizzlies,W,,86,80,2,2,W 1
2007,HOU,2006-11-08,8:00p,@,Milwaukee Bucks,W,,97,93,3,2,W 2
2007,HOU,2006-11-10,8:30p,,New York Knicks,W,,103,94,4,2,W 3
2007,HOU,2006-11-12,8:00p,@,Miami Heat,W,,94,72,5,2,W 4
2007,HOU,2006-11-14,8:30p,,San Antonio Spurs,L,,84,92,5,3,L 1
2007,HOU,2006-11-16,8:00p,,Chicago Bulls,W,,101,100,6,3,W 1
2007,HOU,2006-11-18,7:30p,@,Detroit Pistons,L,,92,104,6,4,L 1
2007,HOU,2006-11-20,7:30p,@,New York Knicks,W,,97,90,7,4,W 1
2007,HOU,2006-11-22,8:30p,,Washington Wizards,W,,86,82,8,4,W 2
2007,HOU,2006-11-25,8:30p,,Memphis Grizzlies,W,,85,76,9,4,W 3
2007,HOU,2006-11-28,8:30p,,Minnesota Timberwolves,W,,82,75,10,4,W 4
2007,HOU,2006-11-29,9:00p,@,Phoenix Suns,L,,91,102,10,5,L 1
2007,HOU,2006-12-02,8:30p,,Cleveland Cavaliers,W,,81,63,11,5,W 1
2007,HOU,2006-12-05,8:30p,,Golden State Warriors,W,,118,90,12,5,W 2
2007,HOU,2006-12-06,8:00p,@,Minnesota Timberwolves,L,,84,90,12,6,L 1
2007,HOU,2006-12-08,7:00p,@,Charlotte Bobcats,W,,92,62,13,6,W 1
2007,HOU,2006-12-09,7:00p,@,Washington Wizards,W,,114,109,14,6,W 2
2007,HOU,2006-12-12,8:30p,,Los Angeles Lakers,L,,94,102,14,7,L 1
2007,HOU,2006-12-14,10:30p,@,Golden State Warriors,L,,107,109,14,8,L 2
2007,HOU,2006-12-15,10:30p,@,Los Angeles Lakers,L,2OT,101,112,14,9,L 3
2007,HOU,2006-12-17,3:30p,@,Los Angeles Clippers,W,,108,103,15,9,W 1
2007,HOU,2006-12-20,10:00p,@,Portland Trail Blazers,L,,87,89,15,10,L 1
2007,HOU,2006-12-22,8:00p,@,San Antonio Spurs,W,,97,78,16,10,W 1
2007,HOU,2006-12-23,8:30p,,Los Angeles Clippers,L,,93,98,16,11,L 1
2007,HOU,2006-12-26,7:00p,@,Indiana Pacers,L,,76,81,16,12,L 2
2007,HOU,2006-12-27,7:30p,@,New Jersey Nets,W,,96,71,17,12,W 1
2007,HOU,2006-12-29,8:30p,,Atlanta Hawks,W,,94,68,18,12,W 2
2007,HOU,2006-12-31,7:00p,,Memphis Grizzlies,W,,111,109,19,12,W 3
2007,HOU,2007-01-03,8:30p,,Seattle SuperSonics,W,,103,96,20,12,W 4
2007,HOU,2007-01-05,8:30p,,Utah Jazz,W,,100,86,21,12,W 5
2007,HOU,2007-01-07,3:30p,@,Minnesota Timberwolves,L,OT,99,103,21,13,L 1
2007,HOU,2007-01-08,8:30p,@,Chicago Bulls,W,,84,77,22,13,W 1
2007,HOU,2007-01-10,8:30p,,Los Angeles Lakers,W,,102,77,23,13,W 2
2007,HOU,2007-01-12,10:30p,@,Denver Nuggets,W,,90,86,24,13,W 3
2007,HOU,2007-01-13,10:00p,@,Sacramento Kings,W,OT,115,111,25,13,W 4
2007,HOU,2007-01-16,8:30p,@,Dallas Mavericks,L,,96,109,25,14,L 1
2007,HOU,2007-01-17,8:30p,,Phoenix Suns,L,,91,100,25,15,L 2
2007,HOU,2007-01-20,8:30p,,Denver Nuggets,L,OT,113,121,25,16,L 3
2007,HOU,2007-01-24,9:00p,@,San Antonio Spurs,W,,90,85,26,16,W 1
2007,HOU,2007-01-26,8:30p,,Portland Trail Blazers,W,,99,69,27,16,W 2
2007,HOU,2007-01-29,8:30p,,Philadelphia 76ers,W,,105,84,28,16,W 3
2007,HOU,2007-01-31,8:30p,,Seattle SuperSonics,W,,112,102,29,16,W 4
2007,HOU,2007-02-03,8:30p,,New Orleans/Oklahoma City Hornets,L,,74,87,29,17,L 1
2007,HOU,2007-02-05,8:30p,,Minnesota Timberwolves,W,,105,77,30,17,W 1
2007,HOU,2007-02-06,8:00p,@,Memphis Grizzlies,W,,98,90,31,17,W 2
2007,HOU,2007-02-09,8:30p,@,Dallas Mavericks,L,,74,95,31,18,L 1
2007,HOU,2007-02-10,8:30p,,Charlotte Bobcats,W,,104,83,32,18,W 1
2007,HOU,2007-02-13,8:30p,,Sacramento Kings,W,OT,109,104,33,18,W 2
2007,HOU,2007-02-15,8:00p,,Dallas Mavericks,L,,77,80,33,19,L 1
2007,HOU,2007-02-21,9:00p,,Miami Heat,W,,112,102,34,19,W 1
2007,HOU,2007-02-23,7:30p,@,Atlanta Hawks,L,,99,105,34,20,L 1
2007,HOU,2007-02-25,2:00p,@,Orlando Magic,W,,97,93,35,20,W 1
2007,HOU,2007-02-26,8:30p,,Boston Celtics,L,,72,77,35,21,L 1
2007,HOU,2007-02-28,8:30p,,Toronto Raptors,L,,90,106,35,22,L 2
2007,HOU,2007-03-02,10:30p,@,Denver Nuggets,W,,108,97,36,22,W 1
2007,HOU,2007-03-03,8:30p,,San Antonio Spurs,L,,74,97,36,23,L 1
2007,HOU,2007-03-05,7:00p,@,Cleveland Cavaliers,L,,85,91,36,24,L 2
2007,HOU,2007-03-07,7:30p,@,Boston Celtics,W,,111,80,37,24,W 1
2007,HOU,2007-03-09,8:30p,,New Jersey Nets,W,,112,91,38,24,W 2
2007,HOU,2007-03-11,6:30p,,Orlando Magic,W,,103,92,39,24,W 3
2007,HOU,2007-03-12,10:00p,@,Phoenix Suns,L,,82,103,39,25,L 1
2007,HOU,2007-03-14,8:30p,,Los Angeles Clippers,W,,109,105,40,25,W 1
2007,HOU,2007-03-16,7:00p,@,Toronto Raptors,W,,114,100,41,25,W 2
2007,HOU,2007-03-18,6:00p,@,Philadelphia 76ers,W,,124,74,42,25,W 3
2007,HOU,2007-03-20,9:30p,,Indiana Pacers,W,,86,76,43,25,W 4
2007,HOU,2007-03-22,8:30p,,Detroit Pistons,W,,91,85,44,25,W 5
2007,HOU,2007-03-25,8:00p,@,New Orleans/Oklahoma City Hornets,L,,94,106,44,26,L 1
2007,HOU,2007-03-26,8:30p,,Milwaukee Bucks,W,,106,87,45,26,W 1
2007,HOU,2007-03-28,10:00p,@,Los Angeles Clippers,W,,92,87,46,26,W 2
2007,HOU,2007-03-30,10:30p,@,Los Angeles Lakers,W,OT,107,104,47,26,W 3
2007,HOU,2007-04-01,6:00p,,Utah Jazz,L,,83,86,47,27,L 1
2007,HOU,2007-04-04,8:30p,,Golden State Warriors,L,,99,110,47,28,L 2
2007,HOU,2007-04-06,8:30p,,Portland Trail Blazers,L,,78,85,47,29,L 3
2007,HOU,2007-04-08,9:00p,@,Sacramento Kings,W,,112,106,48,29,W 1
2007,HOU,2007-04-09,10:00p,@,Seattle SuperSonics,W,,95,90,49,29,W 2
2007,HOU,2007-04-11,10:00p,@,Portland Trail Blazers,W,,99,95,50,29,W 3
2007,HOU,2007-04-14,8:30p,,New Orleans/Oklahoma City Hornets,W,,123,112,51,29,W 4
2007,HOU,2007-04-16,8:30p,,Phoenix Suns,W,,120,117,52,29,W 5
2007,HOU,2007-04-18,9:00p,@,Utah Jazz,L,,91,101,52,30,L 1
2007,HOU,2007-04-21,9:30p,,Utah Jazz,W,,84,75,1,0,W 1
2007,HOU,2007-04-23,9:30p,,Utah Jazz,W,,98,90,2,0,W 2
2007,HOU,2007-04-26,9:00p,@,Utah Jazz,L,,67,81,2,1,L 1
2007,HOU,2007-04-28,10:30p,@,Utah Jazz,L,,85,98,2,2,L 2
2007,HOU,2007-04-30,8:00p,,Utah Jazz,W,,96,92,3,2,W 1
2007,HOU,2007-05-03,8:00p,@,Utah Jazz,L,,82,94,3,3,L 1
2007,HOU,2007-05-05,9:30p,,Utah Jazz,L,,99,103,3,4,L 2
2007,IND,2006-11-01,7:00p,@,Charlotte Bobcats,W,,106,99,1,0,W 1
2007,IND,2006-11-03,7:00p,,New Orleans/Oklahoma City Hornets,L,,91,100,1,1,L 1
2007,IND,2006-11-04,7:30p,@,New York Knicks,W,,109,95,2,1,W 1
2007,IND,2006-11-07,7:00p,,Philadelphia 76ers,W,,97,86,3,1,W 2
2007,IND,2006-11-08,7:00p,@,Washington Wizards,L,,91,117,3,2,L 1
2007,IND,2006-11-10,7:00p,,Orlando Magic,W,,93,83,4,2,W 1
2007,IND,2006-11-11,8:30p,@,Chicago Bulls,L,,80,89,4,3,L 1
2007,IND,2006-11-15,7:30p,@,Boston Celtics,L,,88,114,4,4,L 2
2007,IND,2006-11-17,7:00p,,New Jersey Nets,L,,91,100,4,5,L 3
2007,IND,2006-11-18,8:30p,@,Milwaukee Bucks,W,,102,100,5,5,W 1
2007,IND,2006-11-21,7:00p,,Milwaukee Bucks,W,,93,88,6,5,W 2
2007,IND,2006-11-22,7:00p,@,Orlando Magic,L,,91,96,6,6,L 1
2007,IND,2006-11-24,8:00p,,Cleveland Cavaliers,W,,97,87,7,6,W 1
2007,IND,2006-11-26,1:00p,@,Toronto Raptors,L,,83,92,7,7,L 1
2007,IND,2006-11-28,10:00p,@,Portland Trail Blazers,W,,105,97,8,7,W 1
2007,IND,2006-11-29,10:30p,@,Golden State Warriors,W,,108,106,9,7,W 2
2007,IND,2006-12-01,10:30p,@,Seattle SuperSonics,L,,103,105,9,8,L 1
2007,IND,2006-12-02,9:00p,@,Denver Nuggets,L,,101,121,9,9,L 2
2007,IND,2006-12-04,10:30p,@,Los Angeles Lakers,L,,87,101,9,10,L 3
2007,IND,2006-12-06,7:00p,,Orlando Magic,W,,94,80,10,10,W 1
2007,IND,2006-12-08,7:00p,,Portland Trail Blazers,W,,108,95,11,10,W 2
2007,IND,2006-12-09,7:30p,@,Cleveland Cavaliers,L,,75,107,11,11,L 1
2007,IND,2006-12-11,8:30p,@,Chicago Bulls,L,,91,106,11,12,L 2
2007,IND,2006-12-13,7:00p,,Detroit Pistons,W,,101,90,12,12,W 1
2007,IND,2006-12-15,7:00p,,New York Knicks,W,,112,96,13,12,W 2
2007,IND,2006-12-17,2:30p,,Utah Jazz,L,,94,104,13,13,L 1
2007,IND,2006-12-20,7:00p,@,Philadelphia 76ers,W,,101,93,14,13,W 1
2007,IND,2006-12-22,7:30p,@,Atlanta Hawks,W,,100,90,15,13,W 2
2007,IND,2006-12-23,7:00p,,Minnesota Timberwolves,L,,71,78,15,14,L 1
2007,IND,2006-12-26,7:00p,,Houston Rockets,W,,81,76,16,14,W 1
2007,IND,2006-12-29,8:00p,@,Detroit Pistons,W,,93,92,17,14,W 2
2007,IND,2006-12-30,7:00p,,Charlotte Bobcats,L,,102,113,17,15,L 1
2007,IND,2007-01-04,8:30p,@,Dallas Mavericks,L,,91,100,17,16,L 2
2007,IND,2007-01-06,8:00p,@,New Orleans/Oklahoma City Hornets,W,,100,93,18,16,W 1
2007,IND,2007-01-09,7:00p,,Atlanta Hawks,W,,91,72,19,16,W 2
2007,IND,2007-01-10,7:30p,@,Boston Celtics,W,,97,84,20,16,W 3
2007,IND,2007-01-12,7:00p,,Dallas Mavericks,L,OT,113,115,20,17,L 1
2007,IND,2007-01-15,3:30p,@,New Jersey Nets,L,,95,105,20,18,L 2
2007,IND,2007-01-18,7:00p,@,Miami Heat,L,,101,104,20,19,L 3
2007,IND,2007-01-20,7:00p,,New York Knicks,L,,106,108,20,20,L 4
2007,IND,2007-01-22,7:00p,,Chicago Bulls,W,,98,91,21,20,W 1
2007,IND,2007-01-24,7:00p,,Miami Heat,W,OT,96,94,22,20,W 2
2007,IND,2007-01-27,7:00p,,Toronto Raptors,W,,102,84,23,20,W 3
2007,IND,2007-01-28,6:30p,@,Detroit Pistons,L,,87,95,23,21,L 1
2007,IND,2007-01-30,7:00p,,Boston Celtics,W,,103,96,24,21,W 1
2007,IND,2007-02-02,7:00p,,Los Angeles Lakers,W,,95,84,25,21,W 2
2007,IND,2007-02-03,8:00p,@,Memphis Grizzlies,W,,116,110,26,21,W 3
2007,IND,2007-02-05,7:00p,,Golden State Warriors,L,,98,113,26,22,L 1
2007,IND,2007-02-07,7:00p,,Seattle SuperSonics,L,,102,103,26,23,L 2
2007,IND,2007-02-09,7:00p,,Denver Nuggets,L,,95,102,26,24,L 3
2007,IND,2007-02-11,2:30p,,Los Angeles Clippers,W,,94,80,27,24,W 1
2007,IND,2007-02-14,7:00p,,Memphis Grizzlies,W,,114,104,28,24,W 2
2007,IND,2007-02-21,7:00p,,Milwaukee Bucks,W,2OT,136,129,29,24,W 3
2007,IND,2007-02-23,7:00p,@,Toronto Raptors,L,,88,110,29,25,L 1
2007,IND,2007-02-25,8:00p,,Sacramento Kings,L,,93,110,29,26,L 2
2007,IND,2007-02-27,7:00p,,Phoenix Suns,L,,92,103,29,27,L 3
2007,IND,2007-03-02,9:00p,@,Phoenix Suns,L,,90,115,29,28,L 4
2007,IND,2007-03-03,10:30p,@,Los Angeles Clippers,L,,64,87,29,29,L 5
2007,IND,2007-03-06,10:00p,@,Sacramento Kings,L,,98,102,29,30,L 6
2007,IND,2007-03-07,9:00p,@,Utah Jazz,L,,72,94,29,31,L 7
2007,IND,2007-03-10,7:00p,,Philadelphia 76ers,L,,96,100,29,32,L 8
2007,IND,2007-03-11,6:00p,@,Cleveland Cavaliers,L,,88,99,29,33,L 9
2007,IND,2007-03-13,8:00p,@,Minnesota Timberwolves,L,,81,86,29,34,L 10
2007,IND,2007-03-14,7:00p,,Washington Wizards,L,,96,112,29,35,L 11
2007,IND,2007-03-17,7:00p,,Atlanta Hawks,W,,113,90,30,35,W 1
2007,IND,2007-03-20,9:30p,@,Houston Rockets,L,,76,86,30,36,L 1
2007,IND,2007-03-21,8:00p,@,San Antonio Spurs,L,,72,90,30,37,L 2
2007,IND,2007-03-23,7:00p,,Miami Heat,W,,95,70,31,37,W 1
2007,IND,2007-03-25,3:30p,,Chicago Bulls,L,,90,92,31,38,L 1
2007,IND,2007-03-27,7:00p,,Cleveland Cavaliers,L,,94,105,31,39,L 2
2007,IND,2007-03-28,7:30p,@,New Jersey Nets,L,,94,118,31,40,L 3
2007,IND,2007-03-30,8:00p,@,Orlando Magic,L,,87,95,31,41,L 4
2007,IND,2007-04-01,7:00p,,San Antonio Spurs,W,,100,99,32,41,W 1
2007,IND,2007-04-03,7:00p,,Detroit Pistons,L,,85,100,32,42,L 1
2007,IND,2007-04-06,7:00p,@,Charlotte Bobcats,W,,112,102,33,42,W 1
2007,IND,2007-04-07,7:00p,,Boston Celtics,W,,105,98,34,42,W 2
2007,IND,2007-04-10,7:00p,@,Philadelphia 76ers,L,,86,90,34,43,L 1
2007,IND,2007-04-11,8:00p,@,Milwaukee Bucks,W,,104,98,35,43,W 1
2007,IND,2007-04-13,8:00p,@,Miami Heat,L,,96,100,35,44,L 1
2007,IND,2007-04-15,3:30p,,New Jersey Nets,L,,107,111,35,45,L 2
2007,IND,2007-04-17,7:00p,@,Atlanta Hawks,L,,102,118,35,46,L 3
2007,IND,2007-04-18,8:00p,,Washington Wizards,L,,95,98,35,47,L 4
2007,LAC,2006-11-01,10:30p,@,Phoenix Suns,L,,104,112,0,1,L 1
2007,LAC,2006-11-02,10:30p,,Denver Nuggets,W,,96,95,1,1,W 1
2007,LAC,2006-11-04,10:30p,,Phoenix Suns,W,,114,108,2,1,W 2
2007,LAC,2006-11-06,10:30p,,Portland Trail Blazers,W,,102,89,3,1,W 3
2007,LAC,2006-11-08,10:30p,,Dallas Mavericks,W,,103,85,4,1,W 4
2007,LAC,2006-11-12,3:30p,,New Orleans/Oklahoma City Hornets,W,,92,76,5,1,W 5
2007,LAC,2006-11-14,9:00p,@,Utah Jazz,L,,90,112,5,2,L 1
2007,LAC,2006-11-18,10:30p,,Philadelphia 76ers,W,OT,103,97,6,2,W 1
2007,LAC,2006-11-21,10:30p,@,Los Angeles Lakers,L,,101,105,6,3,L 1
2007,LAC,2006-11-22,10:30p,,Seattle SuperSonics,L,,85,95,6,4,L 2
2007,LAC,2006-11-25,8:00p,@,Minnesota Timberwolves,L,,96,104,6,5,L 3
2007,LAC,2006-11-26,8:00p,@,Denver Nuggets,L,,88,103,6,6,L 4
2007,LAC,2006-11-28,10:00p,@,Sacramento Kings,L,,80,93,6,7,L 5
2007,LAC,2006-11-29,10:30p,,Memphis Grizzlies,W,,105,90,7,7,W 1
2007,LAC,2006-12-02,10:30p,,Los Angeles Lakers,L,,88,97,7,8,L 1
2007,LAC,2006-12-03,9:30p,,Orlando Magic,W,,116,91,8,8,W 1
2007,LAC,2006-12-05,10:30p,,Miami Heat,W,,101,97,9,8,W 2
2007,LAC,2006-12-08,8:00p,@,San Antonio Spurs,L,,82,111,9,9,L 1
2007,LAC,2006-12-09,8:00p,@,Memphis Grizzlies,W,,89,82,10,9,W 1
2007,LAC,2006-12-11,10:30p,,San Antonio Spurs,L,,81,103,10,10,L 1
2007,LAC,2006-12-13,10:30p,,Utah Jazz,L,,86,105,10,11,L 2
2007,LAC,2006-12-15,10:00p,@,Portland Trail Blazers,L,,99,109,10,12,L 3
2007,LAC,2006-12-17,3:30p,,Houston Rockets,L,,103,108,10,13,L 4
2007,LAC,2006-12-20,10:30p,,Toronto Raptors,L,,96,98,10,14,L 5
2007,LAC,2006-12-22,8:30p,@,Dallas Mavericks,L,,83,115,10,15,L 6
2007,LAC,2006-12-23,8:30p,@,Houston Rockets,W,,98,93,11,15,W 1
2007,LAC,2006-12-26,9:00p,@,Utah Jazz,L,,92,102,11,16,L 1
2007,LAC,2006-12-27,10:30p,,Boston Celtics,W,,100,77,12,16,W 1
2007,LAC,2006-12-29,10:30p,,Sacramento Kings,W,,102,93,13,16,W 2
2007,LAC,2006-12-31,3:30p,,New York Knicks,W,,90,80,14,16,W 3
2007,LAC,2007-01-02,7:00p,@,Orlando Magic,L,,86,91,14,17,L 1
2007,LAC,2007-01-03,7:30p,@,Miami Heat,W,,110,95,15,17,W 1
2007,LAC,2007-01-05,7:00p,@,Washington Wizards,L,,105,116,15,18,L 1
2007,LAC,2007-01-06,7:00p,@,Atlanta Hawks,L,,74,86,15,19,L 2
2007,LAC,2007-01-08,8:00p,@,New Orleans/Oklahoma City Hornets,W,,100,90,16,19,W 1
2007,LAC,2007-01-10,8:00p,@,Minnesota Timberwolves,W,,92,91,17,19,W 2
2007,LAC,2007-01-13,10:30p,,Cleveland Cavaliers,L,,92,104,17,20,L 1
2007,LAC,2007-01-15,4:00p,@,Golden State Warriors,L,,93,108,17,21,L 2
2007,LAC,2007-01-17,10:30p,,Golden State Warriors,W,,115,109,18,21,W 1
2007,LAC,2007-01-20,3:30p,,Memphis Grizzlies,W,,112,91,19,21,W 2
2007,LAC,2007-01-23,10:30p,,Milwaukee Bucks,W,,115,96,20,21,W 3
2007,LAC,2007-01-25,10:30p,,New Jersey Nets,W,,102,101,21,21,W 4
2007,LAC,2007-01-27,10:30p,,Minnesota Timberwolves,L,,87,101,21,22,L 1
2007,LAC,2007-01-28,10:00p,@,Seattle SuperSonics,W,,98,76,22,22,W 1
2007,LAC,2007-01-31,10:30p,,Chicago Bulls,W,,110,98,23,22,W 2
2007,LAC,2007-02-02,7:30p,@,Boston Celtics,W,,100,89,24,22,W 3
2007,LAC,2007-02-04,12:00p,@,Toronto Raptors,L,,110,122,24,23,L 1
2007,LAC,2007-02-06,7:30p,@,New York Knicks,L,,90,102,24,24,L 2
2007,LAC,2007-02-07,7:00p,@,Cleveland Cavaliers,L,,77,94,24,25,L 3
2007,LAC,2007-02-09,7:00p,@,Philadelphia 76ers,W,,90,89,25,25,W 1
2007,LAC,2007-02-11,2:30p,@,Indiana Pacers,L,,80,94,25,26,L 1
2007,LAC,2007-02-12,7:30p,@,Detroit Pistons,L,,74,92,25,27,L 2
2007,LAC,2007-02-14,10:30p,,Atlanta Hawks,L,,93,96,25,28,L 3
2007,LAC,2007-02-20,10:30p,,Phoenix Suns,L,,90,115,25,29,L 4
2007,LAC,2007-02-24,3:30p,,Golden State Warriors,W,,103,90,26,29,W 1
2007,LAC,2007-02-26,10:30p,,Charlotte Bobcats,W,,100,93,27,29,W 2
2007,LAC,2007-02-28,10:30p,,Seattle SuperSonics,W,,96,91,28,29,W 3
2007,LAC,2007-03-01,10:30p,@,Seattle SuperSonics,L,,75,77,28,30,L 1
2007,LAC,2007-03-03,10:30p,,Indiana Pacers,W,,87,64,29,30,W 1
2007,LAC,2007-03-05,10:30p,,San Antonio Spurs,L,,74,88,29,31,L 1
2007,LAC,2007-03-09,10:30p,@,Golden State Warriors,L,,89,99,29,32,L 2
2007,LAC,2007-03-11,3:00p,,Detroit Pistons,L,,80,98,29,33,L 3
2007,LAC,2007-03-13,8:00p,@,San Antonio Spurs,L,,84,93,29,34,L 4
2007,LAC,2007-03-14,8:30p,@,Houston Rockets,L,,105,109,29,35,L 5
2007,LAC,2007-03-16,7:00p,@,Charlotte Bobcats,W,,102,93,30,35,W 1
2007,LAC,2007-03-18,6:00p,@,New Jersey Nets,L,,95,101,30,36,L 1
2007,LAC,2007-03-20,8:30p,@,Chicago Bulls,W,,103,89,31,36,W 1
2007,LAC,2007-03-21,8:00p,@,Milwaukee Bucks,W,,104,103,32,36,W 2
2007,LAC,2007-03-23,10:30p,,Utah Jazz,W,,104,72,33,36,W 3
2007,LAC,2007-03-24,10:30p,,Washington Wizards,W,,111,105,34,36,W 4
2007,LAC,2007-03-28,10:00p,,Houston Rockets,L,,87,92,34,37,L 1
2007,LAC,2007-03-30,10:30p,@,Sacramento Kings,W,,105,101,35,37,W 1
2007,LAC,2007-03-31,10:00p,@,Portland Trail Blazers,W,,99,86,36,37,W 2
2007,LAC,2007-04-04,10:30p,,Los Angeles Lakers,W,,90,82,37,37,W 3
2007,LAC,2007-04-07,10:30p,,Denver Nuggets,L,,93,96,37,38,L 1
2007,LAC,2007-04-09,8:30p,@,Dallas Mavericks,L,,86,96,37,39,L 2
2007,LAC,2007-04-10,8:00p,@,New Orleans/Oklahoma City Hornets,L,OT,100,103,37,40,L 3
2007,LAC,2007-04-12,10:30p,@,Los Angeles Lakers,W,,118,110,38,40,W 1
2007,LAC,2007-04-13,10:30p,,Portland Trail Blazers,W,,107,89,39,40,W 2
2007,LAC,2007-04-15,3:30p,,Sacramento Kings,L,,100,105,39,41,L 1
2007,LAC,2007-04-17,10:00p,@,Phoenix Suns,W,,103,99,40,41,W 1
2007,LAC,2007-04-18,10:30p,,New Orleans/Oklahoma City Hornets,L,,83,86,40,42,L 1
2007,LAL,2006-10-31,10:30p,,Phoenix Suns,W,,114,106,1,0,W 1
2007,LAL,2006-11-01,10:30p,@,Golden State Warriors,W,,110,98,2,0,W 2
2007,LAL,2006-11-03,10:30p,,Seattle SuperSonics,W,,118,112,3,0,W 3
2007,LAL,2006-11-05,9:00p,@,Seattle SuperSonics,L,,101,117,3,1,L 1
2007,LAL,2006-11-07,10:30p,,Minnesota Timberwolves,W,,95,88,4,1,W 1
2007,LAL,2006-11-08,10:00p,@,Portland Trail Blazers,L,,90,101,4,2,L 1
2007,LAL,2006-11-10,10:30p,,Detroit Pistons,L,,83,97,4,3,L 2
2007,LAL,2006-11-12,9:30p,,Memphis Grizzlies,W,,91,81,5,3,W 1
2007,LAL,2006-11-17,10:30p,,Toronto Raptors,W,,107,100,6,3,W 2
2007,LAL,2006-11-19,8:00p,,Chicago Bulls,W,,82,72,7,3,W 3
2007,LAL,2006-11-21,10:30p,,Los Angeles Clippers,W,,105,101,8,3,W 4
2007,LAL,2006-11-24,9:00p,@,Utah Jazz,L,,108,114,8,4,L 1
2007,LAL,2006-11-26,9:30p,,New Jersey Nets,W,,99,93,9,4,W 1
2007,LAL,2006-11-28,10:30p,,Milwaukee Bucks,L,,105,109,9,5,L 1
2007,LAL,2006-11-30,10:30p,,Utah Jazz,W,,132,102,10,5,W 1
2007,LAL,2006-12-02,10:30p,@,Los Angeles Clippers,W,,97,88,11,5,W 2
2007,LAL,2006-12-04,10:30p,,Indiana Pacers,W,,101,87,12,5,W 3
2007,LAL,2006-12-06,10:30p,,New Orleans/Oklahoma City Hornets,L,,89,105,12,6,L 1
2007,LAL,2006-12-08,10:30p,,Atlanta Hawks,W,,106,95,13,6,W 1
2007,LAL,2006-12-10,9:30p,,San Antonio Spurs,W,,106,99,14,6,W 2
2007,LAL,2006-12-12,8:30p,@,Houston Rockets,W,,102,94,15,6,W 3
2007,LAL,2006-12-13,9:30p,@,Dallas Mavericks,L,,101,110,15,7,L 1
2007,LAL,2006-12-15,10:30p,,Houston Rockets,W,2OT,112,101,16,7,W 1
2007,LAL,2006-12-17,9:30p,,Washington Wizards,L,OT,141,147,16,8,L 1
2007,LAL,2006-12-19,8:30p,@,Chicago Bulls,L,,89,94,16,9,L 2
2007,LAL,2006-12-20,8:00p,@,Minnesota Timberwolves,W,,111,94,17,9,W 1
2007,LAL,2006-12-22,7:30p,@,New Jersey Nets,W,,99,95,18,9,W 2
2007,LAL,2006-12-25,2:30p,@,Miami Heat,L,,85,101,18,10,L 1
2007,LAL,2006-12-27,7:00p,@,Orlando Magic,W,,106,93,19,10,W 1
2007,LAL,2006-12-29,7:00p,@,Charlotte Bobcats,L,3OT,124,133,19,11,L 1
2007,LAL,2006-12-31,9:30p,,Philadelphia 76ers,W,,104,94,20,11,W 1
2007,LAL,2007-01-04,10:30p,@,Sacramento Kings,W,OT,132,128,21,11,W 2
2007,LAL,2007-01-05,10:30p,,Denver Nuggets,W,,123,104,22,11,W 3
2007,LAL,2007-01-07,9:30p,,Dallas Mavericks,W,,101,98,23,11,W 4
2007,LAL,2007-01-09,8:00p,@,Memphis Grizzlies,L,,118,128,23,12,L 1
2007,LAL,2007-01-10,8:30p,@,Houston Rockets,L,,77,102,23,13,L 2
2007,LAL,2007-01-12,10:30p,,Orlando Magic,W,,109,106,24,13,W 1
2007,LAL,2007-01-15,10:00p,,Miami Heat,W,OT,124,118,25,13,W 2
2007,LAL,2007-01-17,9:00p,@,San Antonio Spurs,W,,100,96,26,13,W 3
2007,LAL,2007-01-18,9:30p,@,Dallas Mavericks,L,,95,114,26,14,L 1
2007,LAL,2007-01-20,8:00p,@,New Orleans/Oklahoma City Hornets,L,,103,113,26,15,L 2
2007,LAL,2007-01-22,10:30p,,Golden State Warriors,W,,108,103,27,15,W 1
2007,LAL,2007-01-26,10:30p,,Charlotte Bobcats,L,OT,97,106,27,16,L 1
2007,LAL,2007-01-28,3:30p,,San Antonio Spurs,L,OT,94,96,27,17,L 2
2007,LAL,2007-01-30,7:30p,@,New York Knicks,L,,94,99,27,18,L 3
2007,LAL,2007-01-31,7:30p,@,Boston Celtics,W,,111,98,28,18,W 1
2007,LAL,2007-02-02,7:00p,@,Indiana Pacers,L,,84,95,28,19,L 1
2007,LAL,2007-02-03,7:00p,@,Washington Wizards,W,,118,102,29,19,W 1
2007,LAL,2007-02-05,7:00p,@,Atlanta Hawks,W,,90,83,30,19,W 2
2007,LAL,2007-02-08,8:00p,@,Detroit Pistons,L,,78,93,30,20,L 1
2007,LAL,2007-02-09,7:00p,@,Toronto Raptors,L,,92,96,30,21,L 2
2007,LAL,2007-02-11,3:30p,@,Cleveland Cavaliers,L,,90,99,30,22,L 3
2007,LAL,2007-02-13,10:30p,,New York Knicks,L,,106,107,30,23,L 4
2007,LAL,2007-02-15,10:30p,,Cleveland Cavaliers,L,,108,114,30,24,L 5
2007,LAL,2007-02-21,10:30p,,Portland Trail Blazers,L,,108,112,30,25,L 6
2007,LAL,2007-02-23,10:30p,,Boston Celtics,W,,122,96,31,25,W 1
2007,LAL,2007-02-25,6:00p,@,Golden State Warriors,W,,102,85,32,25,W 2
2007,LAL,2007-02-26,9:00p,@,Utah Jazz,W,,102,94,33,25,W 3
2007,LAL,2007-03-02,10:30p,,Sacramento Kings,L,,108,116,33,26,L 1
2007,LAL,2007-03-04,3:30p,@,Phoenix Suns,L,,94,99,33,27,L 2
2007,LAL,2007-03-06,8:00p,@,Minnesota Timberwolves,L,2OT,107,117,33,28,L 3
2007,LAL,2007-03-07,8:00p,@,Milwaukee Bucks,L,,90,110,33,29,L 4
2007,LAL,2007-03-09,7:00p,@,Philadelphia 76ers,L,,92,108,33,30,L 5
2007,LAL,2007-03-11,9:00p,,Dallas Mavericks,L,,72,108,33,31,L 6
2007,LAL,2007-03-15,10:30p,@,Denver Nuggets,L,,86,113,33,32,L 7
2007,LAL,2007-03-16,10:30p,,Portland Trail Blazers,W,OT,116,111,34,32,W 1
2007,LAL,2007-03-18,8:00p,,Minnesota Timberwolves,W,,109,102,35,32,W 2
2007,LAL,2007-03-22,8:00p,@,Memphis Grizzlies,W,,121,119,36,32,W 3
2007,LAL,2007-03-23,8:00p,@,New Orleans/Oklahoma City Hornets,W,,111,105,37,32,W 4
2007,LAL,2007-03-25,9:30p,,Golden State Warriors,W,,115,113,38,32,W 5
2007,LAL,2007-03-27,10:30p,,Memphis Grizzlies,L,,86,88,38,33,L 1
2007,LAL,2007-03-30,10:30p,,Houston Rockets,L,OT,104,107,38,34,L 2
2007,LAL,2007-04-01,9:30p,,Sacramento Kings,W,,126,103,39,34,W 1
2007,LAL,2007-04-03,10:30p,,Denver Nuggets,L,,105,111,39,35,L 1
2007,LAL,2007-04-04,10:30p,@,Los Angeles Clippers,L,,82,90,39,36,L 2
2007,LAL,2007-04-06,10:30p,@,Seattle SuperSonics,W,,112,109,40,36,W 1
2007,LAL,2007-04-08,3:30p,,Phoenix Suns,L,,107,115,40,37,L 1
2007,LAL,2007-04-09,9:00p,@,Denver Nuggets,L,,111,115,40,38,L 2
2007,LAL,2007-04-12,10:30p,,Los Angeles Clippers,L,,110,118,40,39,L 3
2007,LAL,2007-04-13,10:30p,@,Phoenix Suns,L,,85,93,40,40,L 4
2007,LAL,2007-04-15,9:30p,,Seattle SuperSonics,W,,109,98,41,40,W 1
2007,LAL,2007-04-18,10:00p,@,Sacramento Kings,W,,117,106,42,40,W 2
2007,LAL,2007-04-22,3:00p,@,Phoenix Suns,L,,87,95,0,1,L 1
2007,LAL,2007-04-24,10:30p,@,Phoenix Suns,L,,98,126,0,2,L 2
2007,LAL,2007-04-26,10:30p,,Phoenix Suns,W,,95,89,1,2,W 1
2007,LAL,2007-04-29,3:30p,,Phoenix Suns,L,,100,113,1,3,L 1
2007,LAL,2007-05-02,10:30p,@,Phoenix Suns,L,,110,119,1,4,L 2
2007,MEM,2006-11-01,8:00p,,New York Knicks,L,3OT,117,118,0,1,L 1
2007,MEM,2006-11-03,8:00p,,Charlotte Bobcats,W,,96,83,1,1,W 1
2007,MEM,2006-11-04,7:30p,@,Detroit Pistons,L,,86,95,1,2,L 1
2007,MEM,2006-11-07,8:00p,,Houston Rockets,L,,80,86,1,3,L 2
2007,MEM,2006-11-11,9:00p,@,Phoenix Suns,L,,87,96,1,4,L 3
2007,MEM,2006-11-12,9:30p,@,Los Angeles Lakers,L,,81,91,1,5,L 4
2007,MEM,2006-11-15,9:00p,@,Sacramento Kings,L,,111,115,1,6,L 5
2007,MEM,2006-11-17,8:00p,,Dallas Mavericks,L,,103,115,1,7,L 6
2007,MEM,2006-11-18,8:30p,@,Dallas Mavericks,L,,84,89,1,8,L 7
2007,MEM,2006-11-20,8:00p,,Orlando Magic,W,,95,86,2,8,W 1
2007,MEM,2006-11-21,7:00p,@,Cleveland Cavaliers,L,,94,97,2,9,L 1
2007,MEM,2006-11-24,8:00p,,Washington Wizards,W,,95,80,3,9,W 1
2007,MEM,2006-11-25,8:30p,@,Houston Rockets,L,,76,85,3,10,L 1
2007,MEM,2006-11-28,9:00p,@,Denver Nuggets,W,,108,96,4,10,W 1
2007,MEM,2006-11-29,10:30p,@,Los Angeles Clippers,L,,90,105,4,11,L 1
2007,MEM,2006-12-02,8:00p,,Miami Heat,L,,97,98,4,12,L 2
2007,MEM,2006-12-04,7:30p,@,New York Knicks,L,,90,98,4,13,L 3
2007,MEM,2006-12-06,7:30p,@,Boston Celtics,W,,98,96,5,13,W 1
2007,MEM,2006-12-08,8:30p,@,Milwaukee Bucks,L,,94,100,5,14,L 1
2007,MEM,2006-12-09,8:00p,,Los Angeles Clippers,L,,82,89,5,15,L 2
2007,MEM,2006-12-11,7:30p,@,New Jersey Nets,L,,92,105,5,16,L 3
2007,MEM,2006-12-13,8:00p,,Portland Trail Blazers,L,,79,85,5,17,L 4
2007,MEM,2006-12-15,8:00p,,Atlanta Hawks,L,,88,97,5,18,L 5
2007,MEM,2006-12-16,7:30p,@,Miami Heat,L,,90,98,5,19,L 6
2007,MEM,2006-12-18,8:00p,,Seattle SuperSonics,W,2OT,134,126,6,19,W 1
2007,MEM,2006-12-20,8:00p,@,San Antonio Spurs,L,,98,105,6,20,L 1
2007,MEM,2006-12-22,8:00p,@,New Orleans/Oklahoma City Hornets,L,OT,97,100,6,21,L 2
2007,MEM,2006-12-23,8:00p,,Utah Jazz,L,,97,100,6,22,L 3
2007,MEM,2006-12-26,7:00p,@,Washington Wizards,L,,101,116,6,23,L 4
2007,MEM,2006-12-27,8:00p,,Milwaukee Bucks,L,,96,112,6,24,L 5
2007,MEM,2006-12-30,8:00p,,Toronto Raptors,W,,110,104,7,24,W 1
2007,MEM,2006-12-31,7:00p,@,Houston Rockets,L,,109,111,7,25,L 1
2007,MEM,2007-01-03,8:00p,,Golden State Warriors,W,,144,135,8,25,W 1
2007,MEM,2007-01-05,8:00p,,Boston Celtics,L,,119,128,8,26,L 1
2007,MEM,2007-01-07,4:00p,,San Antonio Spurs,L,,96,110,8,27,L 2
2007,MEM,2007-01-09,8:00p,,Los Angeles Lakers,W,,128,118,9,27,W 1
2007,MEM,2007-01-12,8:00p,,Minnesota Timberwolves,L,,110,116,9,28,L 1
2007,MEM,2007-01-13,8:30p,@,Chicago Bulls,L,,66,111,9,29,L 2
2007,MEM,2007-01-15,7:30p,,Phoenix Suns,L,,122,137,9,30,L 3
2007,MEM,2007-01-17,8:00p,,Philadelphia 76ers,W,,118,102,10,30,W 1
2007,MEM,2007-01-20,3:30p,@,Los Angeles Clippers,L,,91,112,10,31,L 1
2007,MEM,2007-01-22,9:00p,@,Denver Nuggets,L,,98,115,10,32,L 2
2007,MEM,2007-01-24,9:00p,@,Utah Jazz,W,OT,132,130,11,32,W 1
2007,MEM,2007-01-26,8:00p,@,San Antonio Spurs,L,,96,112,11,33,L 1
2007,MEM,2007-01-27,8:00p,,Portland Trail Blazers,L,2OT,132,135,11,34,L 2
2007,MEM,2007-01-29,8:00p,,Sacramento Kings,W,,124,117,12,34,W 1
2007,MEM,2007-01-31,8:00p,,Dallas Mavericks,L,,94,95,12,35,L 1
2007,MEM,2007-02-03,8:00p,,Indiana Pacers,L,,110,116,12,36,L 2
2007,MEM,2007-02-06,8:00p,,Houston Rockets,L,,90,98,12,37,L 3
2007,MEM,2007-02-07,8:30p,@,Dallas Mavericks,L,,97,113,12,38,L 4
2007,MEM,2007-02-09,8:00p,,Minnesota Timberwolves,W,OT,105,97,13,38,W 1
2007,MEM,2007-02-10,8:00p,@,New Orleans/Oklahoma City Hornets,L,,99,114,13,39,L 1
2007,MEM,2007-02-13,8:00p,,New Orleans/Oklahoma City Hornets,W,,108,104,14,39,W 1
2007,MEM,2007-02-14,7:00p,@,Indiana Pacers,L,,104,114,14,40,L 1
2007,MEM,2007-02-20,10:00p,@,Seattle SuperSonics,L,,105,121,14,41,L 2
2007,MEM,2007-02-21,10:30p,@,Golden State Warriors,L,OT,115,118,14,42,L 3
2007,MEM,2007-02-23,10:00p,@,Portland Trail Blazers,W,,103,102,15,42,W 1
2007,MEM,2007-02-26,8:00p,,Denver Nuggets,L,,107,111,15,43,L 1
2007,MEM,2007-02-28,8:00p,,Utah Jazz,L,,88,104,15,44,L 2
2007,MEM,2007-03-02,7:00p,@,Philadelphia 76ers,L,OT,112,117,15,45,L 3
2007,MEM,2007-03-03,8:00p,,Detroit Pistons,L,,89,92,15,46,L 4
2007,MEM,2007-03-07,7:00p,@,Toronto Raptors,L,,87,94,15,47,L 5
2007,MEM,2007-03-09,7:30p,@,Atlanta Hawks,L,,105,106,15,48,L 6
2007,MEM,2007-03-10,7:00p,@,Charlotte Bobcats,W,,115,107,16,48,W 1
2007,MEM,2007-03-12,8:00p,,New Jersey Nets,L,,102,113,16,49,L 1
2007,MEM,2007-03-14,8:00p,,Cleveland Cavaliers,L,,96,118,16,50,L 2
2007,MEM,2007-03-17,8:00p,,Chicago Bulls,W,,104,103,17,50,W 1
2007,MEM,2007-03-20,8:00p,,New Orleans/Oklahoma City Hornets,L,,103,114,17,51,L 1
2007,MEM,2007-03-22,8:00p,,Los Angeles Lakers,L,,119,121,17,52,L 2
2007,MEM,2007-03-24,9:00p,@,Utah Jazz,L,,108,118,17,53,L 3
2007,MEM,2007-03-26,10:00p,@,Phoenix Suns,L,,87,105,17,54,L 4
2007,MEM,2007-03-27,10:30p,@,Los Angeles Lakers,W,,88,86,18,54,W 1
2007,MEM,2007-03-29,10:00p,@,Portland Trail Blazers,W,,96,92,19,54,W 2
2007,MEM,2007-03-30,10:30p,@,Seattle SuperSonics,L,,93,120,19,55,L 1
2007,MEM,2007-04-01,3:00p,@,Golden State Warriors,L,,117,122,19,56,L 2
2007,MEM,2007-04-03,8:00p,,Phoenix Suns,L,,111,116,19,57,L 3
2007,MEM,2007-04-06,8:00p,,Golden State Warriors,L,,104,116,19,58,L 4
2007,MEM,2007-04-07,7:00p,@,Orlando Magic,L,,89,116,19,59,L 5
2007,MEM,2007-04-10,8:00p,,Sacramento Kings,L,,100,112,19,60,L 6
2007,MEM,2007-04-14,8:00p,,Denver Nuggets,W,,133,118,20,60,W 1
2007,MEM,2007-04-16,8:00p,,San Antonio Spurs,W,,101,91,21,60,W 2
2007,MEM,2007-04-18,8:00p,@,Minnesota Timberwolves,W,,116,94,22,60,W 3
2007,MIA,2006-10-31,8:00p,,Chicago Bulls,L,,66,108,0,1,L 1
2007,MIA,2006-11-03,7:30p,,New Jersey Nets,W,,91,85,1,1,W 1
2007,MIA,2006-11-05,2:00p,@,Philadelphia 76ers,L,,98,107,1,2,L 1
2007,MIA,2006-11-07,7:30p,,Seattle SuperSonics,W,,90,87,2,2,W 1
2007,MIA,2006-11-10,8:00p,@,New Jersey Nets,W,,113,106,3,2,W 2
2007,MIA,2006-11-12,8:00p,,Houston Rockets,L,,72,94,3,3,L 1
2007,MIA,2006-11-14,7:30p,,Denver Nuggets,L,,105,112,3,4,L 2
2007,MIA,2006-11-17,7:30p,,New York Knicks,L,,76,100,3,5,L 3
2007,MIA,2006-11-18,7:00p,@,Atlanta Hawks,W,OT,93,88,4,5,W 1
2007,MIA,2006-11-21,8:00p,@,New Orleans/Oklahoma City Hornets,L,,86,101,4,6,L 1
2007,MIA,2006-11-22,7:30p,@,San Antonio Spurs,L,,86,106,4,7,L 2
2007,MIA,2006-11-24,7:30p,,Orlando Magic,L,,104,107,4,8,L 3
2007,MIA,2006-11-25,7:00p,@,Charlotte Bobcats,W,,102,93,5,8,W 1
2007,MIA,2006-11-27,7:30p,,Philadelphia 76ers,W,,103,91,6,8,W 2
2007,MIA,2006-11-30,8:00p,,Detroit Pistons,L,,85,87,6,9,L 1
2007,MIA,2006-12-02,8:00p,@,Memphis Grizzlies,W,,98,97,7,9,W 1
2007,MIA,2006-12-05,10:30p,@,Los Angeles Clippers,L,,97,101,7,10,L 1
2007,MIA,2006-12-07,10:30p,@,Sacramento Kings,W,OT,93,91,8,10,W 1
2007,MIA,2006-12-08,10:30p,@,Denver Nuggets,L,,107,123,8,11,L 1
2007,MIA,2006-12-11,7:30p,,Toronto Raptors,W,,99,77,9,11,W 1
2007,MIA,2006-12-13,7:00p,,Phoenix Suns,L,,89,99,9,12,L 1
2007,MIA,2006-12-15,7:00p,@,Washington Wizards,L,,95,106,9,13,L 2
2007,MIA,2006-12-16,7:30p,,Memphis Grizzlies,W,,98,90,10,13,W 1
2007,MIA,2006-12-18,7:30p,,New Orleans/Oklahoma City Hornets,W,,101,99,11,13,W 2
2007,MIA,2006-12-20,8:00p,@,Milwaukee Bucks,L,,95,121,11,14,L 1
2007,MIA,2006-12-23,7:30p,,Golden State Warriors,W,,105,92,12,14,W 1
2007,MIA,2006-12-25,2:30p,,Los Angeles Lakers,W,,101,85,13,14,W 2
2007,MIA,2006-12-27,8:30p,@,Chicago Bulls,L,,103,109,13,15,L 1
2007,MIA,2006-12-29,7:30p,,New Jersey Nets,L,,81,91,13,16,L 2
2007,MIA,2006-12-30,7:00p,@,Orlando Magic,L,,68,97,13,17,L 3
2007,MIA,2007-01-03,7:30p,,Los Angeles Clippers,L,,95,110,13,18,L 4
2007,MIA,2007-01-05,10:30p,@,Phoenix Suns,L,,80,108,13,19,L 5
2007,MIA,2007-01-07,9:00p,@,Portland Trail Blazers,W,,93,90,14,19,W 1
2007,MIA,2007-01-10,10:00p,@,Seattle SuperSonics,W,,107,103,15,19,W 2
2007,MIA,2007-01-12,10:30p,@,Golden State Warriors,W,,118,96,16,19,W 3
2007,MIA,2007-01-13,9:00p,@,Utah Jazz,W,,119,110,17,19,W 4
2007,MIA,2007-01-15,10:00p,@,Los Angeles Lakers,L,OT,118,124,17,20,L 1
2007,MIA,2007-01-18,7:00p,,Indiana Pacers,W,,104,101,18,20,W 1
2007,MIA,2007-01-19,7:00p,@,Philadelphia 76ers,L,OT,95,98,18,21,L 1
2007,MIA,2007-01-21,1:00p,,Dallas Mavericks,L,,93,99,18,22,L 2
2007,MIA,2007-01-22,7:30p,,New York Knicks,W,,101,83,19,22,W 1
2007,MIA,2007-01-24,7:00p,@,Indiana Pacers,L,OT,94,96,19,23,L 1
2007,MIA,2007-01-26,7:30p,@,New York Knicks,L,,96,116,19,24,L 2
2007,MIA,2007-01-27,8:30p,@,Chicago Bulls,L,,97,100,19,25,L 3
2007,MIA,2007-01-30,7:30p,,Milwaukee Bucks,W,,110,80,20,25,W 1
2007,MIA,2007-02-01,8:00p,,Cleveland Cavaliers,W,,92,89,21,25,W 2
2007,MIA,2007-02-03,8:30p,@,Milwaukee Bucks,W,,117,98,22,25,W 3
2007,MIA,2007-02-05,7:30p,,Charlotte Bobcats,W,,113,93,23,25,W 4
2007,MIA,2007-02-07,7:30p,@,Boston Celtics,W,,91,79,24,25,W 5
2007,MIA,2007-02-09,8:00p,@,Cleveland Cavaliers,L,,79,103,24,26,L 1
2007,MIA,2007-02-11,1:00p,,San Antonio Spurs,W,,100,85,25,26,W 1
2007,MIA,2007-02-13,7:30p,,Portland Trail Blazers,W,,104,85,26,26,W 2
2007,MIA,2007-02-21,9:00p,@,Houston Rockets,L,,102,112,26,27,L 1
2007,MIA,2007-02-22,9:30p,@,Dallas Mavericks,L,,100,112,26,28,L 2
2007,MIA,2007-02-25,3:30p,,Cleveland Cavaliers,W,,86,81,27,28,W 1
2007,MIA,2007-02-26,7:30p,@,New York Knicks,L,,93,99,27,29,L 1
2007,MIA,2007-02-28,7:00p,@,Washington Wizards,W,,92,83,28,29,W 1
2007,MIA,2007-03-02,8:00p,,Detroit Pistons,W,,85,82,29,29,W 2
2007,MIA,2007-03-05,7:30p,,Atlanta Hawks,W,,88,81,30,29,W 3
2007,MIA,2007-03-07,7:30p,,Chicago Bulls,W,,103,70,31,29,W 4
2007,MIA,2007-03-09,7:30p,,Minnesota Timberwolves,W,,105,91,32,29,W 5
2007,MIA,2007-03-11,6:00p,,Washington Wizards,W,,106,104,33,29,W 6
2007,MIA,2007-03-13,7:30p,,Utah Jazz,W,,88,86,34,29,W 7
2007,MIA,2007-03-15,8:00p,@,New Jersey Nets,W,,93,86,35,29,W 8
2007,MIA,2007-03-16,7:30p,,Sacramento Kings,W,,103,97,36,29,W 9
2007,MIA,2007-03-18,6:00p,,Orlando Magic,L,,83,97,36,30,L 1
2007,MIA,2007-03-21,7:00p,@,Atlanta Hawks,W,,91,83,37,30,W 1
2007,MIA,2007-03-23,7:00p,@,Indiana Pacers,L,,70,95,37,31,L 1
2007,MIA,2007-03-24,7:30p,,Philadelphia 76ers,L,,85,93,37,32,L 2
2007,MIA,2007-03-26,7:30p,,Atlanta Hawks,W,,106,89,38,32,W 1
2007,MIA,2007-03-28,7:00p,@,Toronto Raptors,L,,83,96,38,33,L 1
2007,MIA,2007-03-30,8:00p,@,Minnesota Timberwolves,W,,92,77,39,33,W 1
2007,MIA,2007-04-01,1:00p,@,Detroit Pistons,L,,88,94,39,34,L 1
2007,MIA,2007-04-03,7:30p,,Toronto Raptors,W,,92,89,40,34,W 1
2007,MIA,2007-04-05,7:00p,@,Cleveland Cavaliers,W,OT,94,90,41,34,W 2
2007,MIA,2007-04-06,7:30p,@,Boston Celtics,W,,88,85,42,34,W 3
2007,MIA,2007-04-08,6:00p,,Charlotte Bobcats,L,OT,103,111,42,35,L 1
2007,MIA,2007-04-10,7:00p,@,Charlotte Bobcats,L,,82,92,42,36,L 2
2007,MIA,2007-04-11,7:30p,,Washington Wizards,W,,85,82,43,36,W 1
2007,MIA,2007-04-13,8:00p,,Indiana Pacers,W,,100,96,44,36,W 2
2007,MIA,2007-04-16,7:30p,,Boston Celtics,L,,89,91,44,37,L 1
2007,MIA,2007-04-18,7:00p,@,Orlando Magic,L,,68,94,44,38,L 2
2007,MIA,2007-04-21,3:00p,@,Chicago Bulls,L,,91,96,0,1,L 1
2007,MIA,2007-04-24,8:00p,@,Chicago Bulls,L,,89,107,0,2,L 2
2007,MIA,2007-04-27,8:00p,,Chicago Bulls,L,,96,104,0,3,L 3
2007,MIA,2007-04-29,1:00p,,Chicago Bulls,L,,79,92,0,4,L 4
2007,MIL,2006-11-01,8:00p,@,Detroit Pistons,W,,105,97,1,0,W 1
2007,MIL,2006-11-03,7:00p,@,Toronto Raptors,L,,92,109,1,1,L 1
2007,MIL,2006-11-04,8:30p,,Sacramento Kings,W,,104,91,2,1,W 1
2007,MIL,2006-11-06,8:30p,@,Chicago Bulls,L,,85,110,2,2,L 1
2007,MIL,2006-11-08,8:00p,,Houston Rockets,L,,93,97,2,3,L 2
2007,MIL,2006-11-10,7:00p,@,Washington Wizards,L,,111,116,2,4,L 3
2007,MIL,2006-11-11,8:30p,,Utah Jazz,L,,111,113,2,5,L 4
2007,MIL,2006-11-14,7:00p,@,Atlanta Hawks,W,,103,101,3,5,W 1
2007,MIL,2006-11-15,7:30p,@,New Jersey Nets,L,,87,100,3,6,L 1
2007,MIL,2006-11-18,8:30p,,Indiana Pacers,L,,100,102,3,7,L 2
2007,MIL,2006-11-21,7:00p,@,Indiana Pacers,L,,88,93,3,8,L 3
2007,MIL,2006-11-22,8:00p,,Philadelphia 76ers,W,,98,94,4,8,W 1
2007,MIL,2006-11-25,9:00p,,Boston Celtics,L,,98,111,4,9,L 1
2007,MIL,2006-11-28,10:30p,@,Los Angeles Lakers,W,,109,105,5,9,W 1
2007,MIL,2006-12-01,9:00p,@,Phoenix Suns,L,,116,122,5,10,L 1
2007,MIL,2006-12-02,10:30p,@,Golden State Warriors,W,,115,110,6,10,W 1
2007,MIL,2006-12-04,9:00p,@,Utah Jazz,L,,88,101,6,11,L 1
2007,MIL,2006-12-06,8:00p,,Portland Trail Blazers,W,OT,102,94,7,11,W 1
2007,MIL,2006-12-08,8:30p,,Memphis Grizzlies,W,,100,94,8,11,W 2
2007,MIL,2006-12-09,7:30p,@,New York Knicks,L,,107,115,8,12,L 1
2007,MIL,2006-12-12,8:00p,,Seattle SuperSonics,W,,94,93,9,12,W 1
2007,MIL,2006-12-13,7:30p,@,New Jersey Nets,L,,95,108,9,13,L 1
2007,MIL,2006-12-15,8:30p,@,Chicago Bulls,L,,111,117,9,14,L 2
2007,MIL,2006-12-16,8:30p,,Minnesota Timberwolves,W,,108,104,10,14,W 1
2007,MIL,2006-12-20,8:00p,,Miami Heat,W,,121,95,11,14,W 2
2007,MIL,2006-12-22,8:00p,@,Minnesota Timberwolves,W,,113,107,12,14,W 3
2007,MIL,2006-12-23,8:30p,,New Jersey Nets,W,,115,104,13,14,W 4
2007,MIL,2006-12-26,8:00p,@,San Antonio Spurs,W,,114,107,14,14,W 5
2007,MIL,2006-12-27,8:00p,@,Memphis Grizzlies,W,,112,96,15,14,W 6
2007,MIL,2006-12-29,7:30p,@,Cleveland Cavaliers,L,,99,109,15,15,L 1
2007,MIL,2006-12-30,8:30p,,Washington Wizards,W,,119,102,16,15,W 1
2007,MIL,2007-01-03,7:00p,@,Washington Wizards,L,,105,108,16,16,L 1
2007,MIL,2007-01-05,8:30p,,Cleveland Cavaliers,L,,86,95,16,17,L 2
2007,MIL,2007-01-08,9:00p,@,Denver Nuggets,L,,92,104,16,18,L 3
2007,MIL,2007-01-10,8:00p,,Toronto Raptors,L,,77,90,16,19,L 4
2007,MIL,2007-01-12,7:00p,@,Philadelphia 76ers,L,,97,110,16,20,L 5
2007,MIL,2007-01-15,1:00p,@,Charlotte Bobcats,W,,99,91,17,20,W 1
2007,MIL,2007-01-17,8:00p,,Chicago Bulls,L,,90,99,17,21,L 1
2007,MIL,2007-01-19,10:30p,@,Seattle SuperSonics,L,,72,99,17,22,L 2
2007,MIL,2007-01-21,9:00p,@,Portland Trail Blazers,L,,95,99,17,23,L 3
2007,MIL,2007-01-23,10:30p,@,Los Angeles Clippers,L,,96,115,17,24,L 4
2007,MIL,2007-01-24,10:00p,@,Sacramento Kings,L,,106,114,17,25,L 5
2007,MIL,2007-01-26,8:30p,,Phoenix Suns,L,,90,98,17,26,L 6
2007,MIL,2007-01-28,3:30p,,New York Knicks,W,,107,105,18,26,W 1
2007,MIL,2007-01-30,7:30p,@,Miami Heat,L,,80,110,18,27,L 1
2007,MIL,2007-01-31,7:00p,@,Orlando Magic,L,,73,98,18,28,L 2
2007,MIL,2007-02-02,8:00p,@,Detroit Pistons,L,,86,96,18,29,L 3
2007,MIL,2007-02-03,8:30p,,Miami Heat,L,,98,117,18,30,L 4
2007,MIL,2007-02-06,8:00p,,Orlando Magic,W,,116,111,19,30,W 1
2007,MIL,2007-02-08,8:00p,@,New Orleans/Oklahoma City Hornets,L,2OT,101,109,19,31,L 1
2007,MIL,2007-02-10,8:30p,,Denver Nuggets,L,,102,109,19,32,L 2
2007,MIL,2007-02-13,8:00p,,Dallas Mavericks,L,,93,99,19,33,L 3
2007,MIL,2007-02-14,7:30p,@,Boston Celtics,L,,97,117,19,34,L 4
2007,MIL,2007-02-20,8:00p,,Detroit Pistons,L,,83,84,19,35,L 5
2007,MIL,2007-02-21,7:00p,@,Indiana Pacers,L,2OT,129,136,19,36,L 6
2007,MIL,2007-02-23,7:30p,@,New York Knicks,L,,93,95,19,37,L 7
2007,MIL,2007-02-24,8:30p,,Philadelphia 76ers,W,,109,90,20,37,W 1
2007,MIL,2007-02-27,8:00p,,Golden State Warriors,W,,122,101,21,37,W 2
2007,MIL,2007-03-02,7:00p,@,Toronto Raptors,W,,94,81,22,37,W 3
2007,MIL,2007-03-04,3:00p,,Chicago Bulls,L,OT,121,126,22,38,L 1
2007,MIL,2007-03-05,7:00p,@,Orlando Magic,L,,81,99,22,39,L 2
2007,MIL,2007-03-07,8:00p,,Los Angeles Lakers,W,,110,90,23,39,W 1
2007,MIL,2007-03-10,8:30p,,Cleveland Cavaliers,L,,92,94,23,40,L 1
2007,MIL,2007-03-12,8:00p,,Toronto Raptors,L,,93,108,23,41,L 2
2007,MIL,2007-03-15,8:00p,,San Antonio Spurs,W,,101,90,24,41,W 1
2007,MIL,2007-03-17,8:30p,,Charlotte Bobcats,W,,97,91,25,41,W 2
2007,MIL,2007-03-21,8:00p,,Los Angeles Clippers,L,,103,104,25,42,L 1
2007,MIL,2007-03-25,3:30p,,Detroit Pistons,L,,95,121,25,43,L 2
2007,MIL,2007-03-26,8:30p,@,Houston Rockets,L,,87,106,25,44,L 3
2007,MIL,2007-03-28,8:30p,@,Dallas Mavericks,L,,103,105,25,45,L 4
2007,MIL,2007-03-30,7:00p,@,Charlotte Bobcats,L,,81,97,25,46,L 5
2007,MIL,2007-04-01,3:30p,,Washington Wizards,L,,107,121,25,47,L 6
2007,MIL,2007-04-03,8:00p,,New Orleans/Oklahoma City Hornets,L,,101,119,25,48,L 7
2007,MIL,2007-04-04,8:00p,,Boston Celtics,W,,98,89,26,48,W 1
2007,MIL,2007-04-06,7:30p,@,Atlanta Hawks,L,,102,115,26,49,L 1
2007,MIL,2007-04-07,8:30p,,New York Knicks,L,OT,113,118,26,50,L 2
2007,MIL,2007-04-09,8:00p,,Orlando Magic,L,,94,117,26,51,L 3
2007,MIL,2007-04-11,8:00p,,Indiana Pacers,L,,98,104,26,52,L 4
2007,MIL,2007-04-13,7:30p,@,Boston Celtics,W,,104,102,27,52,W 1
2007,MIL,2007-04-14,8:30p,,Charlotte Bobcats,L,,92,113,27,53,L 1
2007,MIL,2007-04-16,8:00p,,Atlanta Hawks,W,,102,96,28,53,W 1
2007,MIL,2007-04-18,7:00p,@,Cleveland Cavaliers,L,,96,109,28,54,L 1
2007,MIN,2006-11-01,8:00p,,Sacramento Kings,W,,92,83,1,0,W 1
2007,MIN,2006-11-03,9:00p,@,Denver Nuggets,W,,112,109,2,0,W 2
2007,MIN,2006-11-04,10:00p,@,Portland Trail Blazers,L,,86,88,2,1,L 1
2007,MIN,2006-11-06,10:00p,@,Sacramento Kings,L,,81,93,2,2,L 2
2007,MIN,2006-11-07,10:30p,@,Los Angeles Lakers,L,,88,95,2,3,L 3
2007,MIN,2006-11-11,8:00p,,Orlando Magic,L,,98,109,2,4,L 4
2007,MIN,2006-11-14,8:00p,,Portland Trail Blazers,W,,101,89,3,4,W 1
2007,MIN,2006-11-17,7:30p,@,Cleveland Cavaliers,L,,76,92,3,5,L 1
2007,MIN,2006-11-18,8:00p,,New Orleans/Oklahoma City Hornets,L,,96,99,3,6,L 2
2007,MIN,2006-11-22,8:00p,,New York Knicks,W,,107,89,4,6,W 1
2007,MIN,2006-11-24,8:00p,@,New Orleans/Oklahoma City Hornets,W,,86,79,5,6,W 2
2007,MIN,2006-11-25,8:00p,,Los Angeles Clippers,W,,104,96,6,6,W 3
2007,MIN,2006-11-27,8:30p,@,Dallas Mavericks,L,,87,93,6,7,L 1
2007,MIN,2006-11-28,8:30p,@,Houston Rockets,L,,75,82,6,8,L 2
2007,MIN,2006-12-01,8:00p,,Denver Nuggets,L,,92,106,6,9,L 3
2007,MIN,2006-12-03,6:00p,@,Philadelphia 76ers,W,,95,84,7,9,W 1
2007,MIN,2006-12-06,8:00p,,Houston Rockets,W,,90,84,8,9,W 2
2007,MIN,2006-12-08,8:00p,,Utah Jazz,W,,110,103,9,9,W 3
2007,MIN,2006-12-09,8:30p,@,Chicago Bulls,W,,91,81,10,9,W 4
2007,MIN,2006-12-13,8:00p,@,San Antonio Spurs,L,,82,95,10,10,L 1
2007,MIN,2006-12-16,8:30p,@,Milwaukee Bucks,L,,104,108,10,11,L 2
2007,MIN,2006-12-20,8:00p,,Los Angeles Lakers,L,,94,111,10,12,L 3
2007,MIN,2006-12-22,8:00p,,Milwaukee Bucks,L,,107,113,10,13,L 4
2007,MIN,2006-12-23,7:00p,@,Indiana Pacers,W,,78,71,11,13,W 1
2007,MIN,2006-12-26,8:00p,,Chicago Bulls,W,,100,98,12,13,W 2
2007,MIN,2006-12-27,7:00p,@,Toronto Raptors,L,,97,100,12,14,L 1
2007,MIN,2006-12-29,8:00p,,Seattle SuperSonics,W,,101,82,13,14,W 1
2007,MIN,2006-12-30,7:30p,@,New Jersey Nets,L,,92,100,13,15,L 1
2007,MIN,2007-01-01,7:00p,@,Charlotte Bobcats,W,,102,96,14,15,W 1
2007,MIN,2007-01-03,8:00p,,San Antonio Spurs,W,OT,103,101,15,15,W 2
2007,MIN,2007-01-05,8:00p,,Philadelphia 76ers,W,OT,104,102,16,15,W 3
2007,MIN,2007-01-07,3:30p,,Houston Rockets,W,OT,103,99,17,15,W 4
2007,MIN,2007-01-10,8:00p,,Los Angeles Clippers,L,,91,92,17,16,L 1
2007,MIN,2007-01-12,8:00p,@,Memphis Grizzlies,W,,116,110,18,16,W 1
2007,MIN,2007-01-13,8:00p,,New Jersey Nets,W,,109,98,19,16,W 2
2007,MIN,2007-01-15,3:30p,@,Detroit Pistons,W,OT,94,90,20,16,W 3
2007,MIN,2007-01-17,8:00p,,Atlanta Hawks,L,,88,105,20,17,L 1
2007,MIN,2007-01-19,8:00p,,Detroit Pistons,L,2OT,98,104,20,18,L 2
2007,MIN,2007-01-21,8:00p,@,Phoenix Suns,L,,102,131,20,19,L 3
2007,MIN,2007-01-22,9:00p,@,Utah Jazz,L,,91,106,20,20,L 4
2007,MIN,2007-01-24,10:00p,@,Portland Trail Blazers,L,OT,98,101,20,21,L 5
2007,MIN,2007-01-26,10:30p,@,Seattle SuperSonics,L,,100,102,20,22,L 6
2007,MIN,2007-01-27,10:30p,@,Los Angeles Clippers,W,,101,87,21,22,W 1
2007,MIN,2007-01-29,8:00p,,Phoenix Suns,W,,121,112,22,22,W 2
2007,MIN,2007-01-31,8:00p,,Sacramento Kings,L,,98,100,22,23,L 1
2007,MIN,2007-02-02,8:00p,@,New Orleans/Oklahoma City Hornets,L,,83,90,22,24,L 2
2007,MIN,2007-02-03,8:30p,@,Dallas Mavericks,L,,93,94,22,25,L 3
2007,MIN,2007-02-05,8:30p,@,Houston Rockets,L,,77,105,22,26,L 4
2007,MIN,2007-02-07,8:00p,,Golden State Warriors,W,,121,93,23,26,W 1
2007,MIN,2007-02-09,8:00p,@,Memphis Grizzlies,L,OT,97,105,23,27,L 1
2007,MIN,2007-02-11,6:00p,,Boston Celtics,W,,109,107,24,27,W 1
2007,MIN,2007-02-14,8:00p,,Denver Nuggets,W,,99,94,25,27,W 2
2007,MIN,2007-02-20,7:00p,@,Washington Wizards,L,,100,112,25,28,L 1
2007,MIN,2007-02-21,8:00p,,Charlotte Bobcats,L,,95,100,25,29,L 2
2007,MIN,2007-02-23,8:00p,,Phoenix Suns,L,,104,116,25,30,L 3
2007,MIN,2007-02-25,3:30p,,Washington Wizards,W,,98,94,26,30,W 1
2007,MIN,2007-02-27,8:00p,,Dallas Mavericks,L,,65,91,26,31,L 1
2007,MIN,2007-03-02,8:00p,,Utah Jazz,L,,83,109,26,32,L 2
2007,MIN,2007-03-04,12:30p,@,Boston Celtics,L,2OT,117,124,26,33,L 3
2007,MIN,2007-03-06,8:00p,,Los Angeles Lakers,W,2OT,117,107,27,33,W 1
2007,MIN,2007-03-09,7:30p,@,Miami Heat,L,,91,105,27,34,L 1
2007,MIN,2007-03-10,7:00p,@,Atlanta Hawks,L,,93,99,27,35,L 2
2007,MIN,2007-03-13,8:00p,,Indiana Pacers,W,,86,81,28,35,W 1
2007,MIN,2007-03-16,10:30p,@,Golden State Warriors,L,,86,106,28,36,L 1
2007,MIN,2007-03-18,8:00p,@,Los Angeles Lakers,L,,102,109,28,37,L 2
2007,MIN,2007-03-20,10:00p,@,Phoenix Suns,L,,90,108,28,38,L 3
2007,MIN,2007-03-21,10:00p,@,Sacramento Kings,W,,95,89,29,38,W 1
2007,MIN,2007-03-23,10:30p,@,Seattle SuperSonics,L,,82,85,29,39,L 1
2007,MIN,2007-03-25,3:30p,,Portland Trail Blazers,W,,94,93,30,39,W 1
2007,MIN,2007-03-27,8:00p,,Seattle SuperSonics,L,,106,114,30,40,L 1
2007,MIN,2007-03-28,9:00p,@,Utah Jazz,L,,102,108,30,41,L 2
2007,MIN,2007-03-30,8:00p,,Miami Heat,L,,77,92,30,42,L 3
2007,MIN,2007-04-01,6:00p,@,Orlando Magic,W,OT,105,104,31,42,W 1
2007,MIN,2007-04-03,8:00p,,Cleveland Cavaliers,L,,88,101,31,43,L 1
2007,MIN,2007-04-06,7:30p,@,New York Knicks,W,,99,94,32,43,W 1
2007,MIN,2007-04-07,8:00p,,New Orleans/Oklahoma City Hornets,L,,94,96,32,44,L 1
2007,MIN,2007-04-09,8:00p,,Toronto Raptors,L,,100,111,32,45,L 2
2007,MIN,2007-04-11,8:00p,,Dallas Mavericks,L,,88,105,32,46,L 3
2007,MIN,2007-04-13,8:00p,,San Antonio Spurs,L,,91,110,32,47,L 4
2007,MIN,2007-04-15,3:30p,@,Golden State Warriors,L,,108,121,32,48,L 5
2007,MIN,2007-04-16,9:00p,@,Denver Nuggets,L,,107,122,32,49,L 6
2007,MIN,2007-04-18,8:00p,,Memphis Grizzlies,L,,94,116,32,50,L 7
2007,NJN,2006-11-01,7:30p,,Toronto Raptors,W,,102,92,1,0,W 1
2007,NJN,2006-11-03,7:30p,@,Miami Heat,L,,85,91,1,1,L 1
2007,NJN,2006-11-08,7:30p,,Utah Jazz,W,,96,89,2,1,W 1
2007,NJN,2006-11-10,8:00p,,Miami Heat,L,,106,113,2,2,L 1
2007,NJN,2006-11-12,6:00p,@,Washington Wizards,W,OT,105,93,3,2,W 1
2007,NJN,2006-11-13,7:30p,,Seattle SuperSonics,L,,113,119,3,3,L 1
2007,NJN,2006-11-15,7:30p,,Milwaukee Bucks,W,,100,87,4,3,W 1
2007,NJN,2006-11-17,7:00p,@,Indiana Pacers,W,,100,91,5,3,W 2
2007,NJN,2006-11-18,7:30p,,Portland Trail Blazers,L,,68,86,5,4,L 1
2007,NJN,2006-11-20,10:00p,@,Seattle SuperSonics,L,,87,99,5,5,L 2
2007,NJN,2006-11-22,10:00p,@,Portland Trail Blazers,L,,97,100,5,6,L 3
2007,NJN,2006-11-24,10:30p,@,Phoenix Suns,L,,93,99,5,7,L 4
2007,NJN,2006-11-26,9:30p,@,Los Angeles Lakers,L,,93,99,5,8,L 5
2007,NJN,2006-11-28,7:30p,,Charlotte Bobcats,L,,92,96,5,9,L 6
2007,NJN,2006-11-29,7:30p,@,Boston Celtics,W,,106,103,6,9,W 1
2007,NJN,2006-12-02,7:30p,,Philadelphia 76ers,W,,112,107,7,9,W 2
2007,NJN,2006-12-05,7:30p,,Dallas Mavericks,L,,75,92,7,10,L 1
2007,NJN,2006-12-07,7:30p,,Phoenix Suns,L,2OT,157,161,7,11,L 2
2007,NJN,2006-12-09,7:30p,,Boston Celtics,L,,90,92,7,12,L 3
2007,NJN,2006-12-11,7:30p,,Memphis Grizzlies,W,,105,92,8,12,W 1
2007,NJN,2006-12-13,7:30p,,Milwaukee Bucks,W,,108,95,9,12,W 2
2007,NJN,2006-12-15,7:00p,@,Toronto Raptors,L,,78,90,9,13,L 1
2007,NJN,2006-12-16,8:00p,,Detroit Pistons,L,,82,90,9,14,L 2
2007,NJN,2006-12-18,7:30p,,Golden State Warriors,W,,105,97,10,14,W 1
2007,NJN,2006-12-20,8:00p,,Cleveland Cavaliers,W,,113,111,11,14,W 2
2007,NJN,2006-12-22,7:30p,,Los Angeles Lakers,L,,95,99,11,15,L 1
2007,NJN,2006-12-23,8:30p,@,Milwaukee Bucks,L,,104,115,11,16,L 2
2007,NJN,2006-12-26,7:30p,@,Detroit Pistons,L,,91,92,11,17,L 3
2007,NJN,2006-12-27,7:30p,,Houston Rockets,L,,71,96,11,18,L 4
2007,NJN,2006-12-29,7:30p,@,Miami Heat,W,,91,81,12,18,W 1
2007,NJN,2006-12-30,7:30p,,Minnesota Timberwolves,W,,100,92,13,18,W 2
2007,NJN,2007-01-05,7:30p,,Chicago Bulls,W,,91,86,14,18,W 3
2007,NJN,2007-01-06,7:30p,@,Cleveland Cavaliers,L,,91,96,14,19,L 1
2007,NJN,2007-01-09,7:30p,,Toronto Raptors,W,,101,86,15,19,W 1
2007,NJN,2007-01-11,8:00p,@,Chicago Bulls,W,,86,83,16,19,W 2
2007,NJN,2007-01-13,8:00p,@,Minnesota Timberwolves,L,,98,109,16,20,L 1
2007,NJN,2007-01-15,3:30p,,Indiana Pacers,W,,105,95,17,20,W 1
2007,NJN,2007-01-17,7:00p,@,Charlotte Bobcats,W,,92,85,18,20,W 2
2007,NJN,2007-01-19,7:30p,@,New York Knicks,W,,101,100,19,20,W 3
2007,NJN,2007-01-20,8:00p,,Orlando Magic,W,,101,94,20,20,W 4
2007,NJN,2007-01-22,10:00p,@,Sacramento Kings,L,,87,88,20,21,L 1
2007,NJN,2007-01-24,10:30p,@,Golden State Warriors,L,,109,110,20,22,L 2
2007,NJN,2007-01-25,10:30p,@,Los Angeles Clippers,L,,101,102,20,23,L 3
2007,NJN,2007-01-27,9:00p,@,Denver Nuggets,W,,112,102,21,23,W 1
2007,NJN,2007-01-29,9:00p,@,Utah Jazz,W,,116,115,22,23,W 2
2007,NJN,2007-01-31,7:30p,,Detroit Pistons,L,,89,113,22,24,L 1
2007,NJN,2007-02-02,8:00p,@,Orlando Magic,L,,86,119,22,25,L 2
2007,NJN,2007-02-04,12:00p,,Atlanta Hawks,L,OT,99,101,22,26,L 3
2007,NJN,2007-02-05,7:00p,@,Philadelphia 76ers,L,OT,98,100,22,27,L 4
2007,NJN,2007-02-07,7:00p,@,Atlanta Hawks,W,,87,85,23,27,W 1
2007,NJN,2007-02-09,7:30p,@,Boston Celtics,W,,92,78,24,27,W 2
2007,NJN,2007-02-10,7:30p,,Orlando Magic,W,,93,78,25,27,W 3
2007,NJN,2007-02-13,7:30p,,San Antonio Spurs,L,,82,107,25,28,L 1
2007,NJN,2007-02-14,7:00p,@,Toronto Raptors,L,,109,120,25,29,L 2
2007,NJN,2007-02-21,7:30p,,New Orleans/Oklahoma City Hornets,L,,107,111,25,30,L 3
2007,NJN,2007-02-23,7:30p,,Sacramento Kings,W,,109,96,26,30,W 1
2007,NJN,2007-02-25,6:00p,,New York Knicks,W,,101,92,27,30,W 2
2007,NJN,2007-02-27,7:30p,,Washington Wizards,W,,113,101,28,30,W 3
2007,NJN,2007-03-03,1:00p,,Boston Celtics,L,OT,88,96,28,31,L 1
2007,NJN,2007-03-04,6:00p,@,Philadelphia 76ers,L,,86,99,28,32,L 2
2007,NJN,2007-03-06,8:30p,@,Dallas Mavericks,L,,89,102,28,33,L 3
2007,NJN,2007-03-09,8:30p,@,Houston Rockets,L,,91,112,28,34,L 4
2007,NJN,2007-03-10,8:00p,@,San Antonio Spurs,L,,77,93,28,35,L 5
2007,NJN,2007-03-12,8:00p,@,Memphis Grizzlies,W,,113,102,29,35,W 1
2007,NJN,2007-03-13,8:00p,@,New Orleans/Oklahoma City Hornets,W,,112,108,30,35,W 2
2007,NJN,2007-03-15,8:00p,,Miami Heat,L,,86,93,30,36,L 1
2007,NJN,2007-03-18,6:00p,,Los Angeles Clippers,W,,101,95,31,36,W 1
2007,NJN,2007-03-20,7:00p,,Denver Nuggets,L,,90,94,31,37,L 1
2007,NJN,2007-03-23,7:00p,@,Orlando Magic,L,,82,90,31,38,L 2
2007,NJN,2007-03-24,7:00p,@,Charlotte Bobcats,W,OT,113,107,32,38,W 1
2007,NJN,2007-03-28,7:30p,,Indiana Pacers,W,,118,94,33,38,W 2
2007,NJN,2007-03-30,8:00p,@,Detroit Pistons,L,,105,110,33,39,L 1
2007,NJN,2007-03-31,7:30p,,Philadelphia 76ers,W,,86,82,34,39,W 1
2007,NJN,2007-04-04,7:30p,,Atlanta Hawks,W,,101,86,35,39,W 2
2007,NJN,2007-04-06,8:30p,@,Chicago Bulls,L,,74,105,35,40,L 1
2007,NJN,2007-04-07,7:30p,,Washington Wizards,W,OT,120,114,36,40,W 1
2007,NJN,2007-04-10,7:00p,@,Washington Wizards,W,,96,92,37,40,W 2
2007,NJN,2007-04-12,8:00p,@,Cleveland Cavaliers,L,,76,94,37,41,L 1
2007,NJN,2007-04-13,7:30p,,New York Knicks,W,,100,86,38,41,W 1
2007,NJN,2007-04-15,3:30p,@,Indiana Pacers,W,,111,107,39,41,W 2
2007,NJN,2007-04-16,7:30p,@,New York Knicks,W,,104,95,40,41,W 3
2007,NJN,2007-04-18,7:30p,,Chicago Bulls,W,,106,97,41,41,W 4
2007,NJN,2007-04-21,12:30p,@,Toronto Raptors,W,,96,91,1,0,W 1
2007,NJN,2007-04-24,7:00p,@,Toronto Raptors,L,,83,89,1,1,L 1
2007,NJN,2007-04-27,7:00p,,Toronto Raptors,W,,102,89,2,1,W 1
2007,NJN,2007-04-29,7:30p,,Toronto Raptors,W,,102,81,3,1,W 2
2007,NJN,2007-05-01,7:00p,@,Toronto Raptors,L,,96,98,3,2,L 1
2007,NJN,2007-05-04,8:00p,,Toronto Raptors,W,,98,97,4,2,W 1
2007,NJN,2007-05-06,1:00p,@,Cleveland Cavaliers,L,,77,81,4,3,L 1
2007,NJN,2007-05-08,8:00p,@,Cleveland Cavaliers,L,,92,102,4,4,L 2
2007,NJN,2007-05-12,5:00p,,Cleveland Cavaliers,W,,96,85,5,4,W 1
2007,NJN,2007-05-14,7:00p,,Cleveland Cavaliers,L,,85,87,5,5,L 1
2007,NJN,2007-05-16,8:00p,@,Cleveland Cavaliers,W,,83,72,6,5,W 1
2007,NJN,2007-05-18,7:00p,,Cleveland Cavaliers,L,,72,88,6,6,L 1
2007,NOK,2006-11-01,7:30p,@,Boston Celtics,W,,91,87,1,0,W 1
2007,NOK,2006-11-03,7:00p,@,Indiana Pacers,W,,100,91,2,0,W 2
2007,NOK,2006-11-05,7:00p,,Houston Rockets,W,,96,90,3,0,W 3
2007,NOK,2006-11-07,8:00p,,Golden State Warriors,W,,97,93,4,0,W 4
2007,NOK,2006-11-09,10:30p,@,Golden State Warriors,L,,116,121,4,1,L 1
2007,NOK,2006-11-10,10:00p,@,Portland Trail Blazers,L,,91,92,4,2,L 2
2007,NOK,2006-11-12,3:30p,@,Los Angeles Clippers,L,,76,92,4,3,L 3
2007,NOK,2006-11-14,8:00p,,Charlotte Bobcats,W,,94,85,5,3,W 1
2007,NOK,2006-11-15,7:30p,@,Detroit Pistons,W,,100,99,6,3,W 2
2007,NOK,2006-11-18,8:00p,@,Minnesota Timberwolves,W,,99,96,7,3,W 3
2007,NOK,2006-11-21,8:00p,,Miami Heat,W,,101,86,8,3,W 4
2007,NOK,2006-11-22,9:00p,@,Phoenix Suns,L,,83,92,8,4,L 1
2007,NOK,2006-11-24,8:00p,,Minnesota Timberwolves,L,,79,86,8,5,L 2
2007,NOK,2006-11-25,8:30p,@,Dallas Mavericks,L,,73,85,8,6,L 3
2007,NOK,2006-11-28,8:00p,,Toronto Raptors,L,,77,94,8,7,L 4
2007,NOK,2006-12-01,8:00p,,Chicago Bulls,L,,108,111,8,8,L 5
2007,NOK,2006-12-06,10:30p,@,Los Angeles Lakers,W,,105,89,9,8,W 1
2007,NOK,2006-12-08,10:30p,@,Seattle SuperSonics,L,,74,94,9,9,L 1
2007,NOK,2006-12-09,10:30p,@,Golden State Warriors,L,,80,101,9,10,L 2
2007,NOK,2006-12-11,8:00p,,Cleveland Cavaliers,W,,95,89,10,10,W 1
2007,NOK,2006-12-14,9:30p,,San Antonio Spurs,L,,77,103,10,11,L 1
2007,NOK,2006-12-16,8:00p,,Dallas Mavericks,L,,79,90,10,12,L 2
2007,NOK,2006-12-18,7:30p,@,Miami Heat,L,,99,101,10,13,L 3
2007,NOK,2006-12-20,7:00p,@,Orlando Magic,L,,83,86,10,14,L 4
2007,NOK,2006-12-22,8:00p,,Memphis Grizzlies,W,OT,100,97,11,14,W 1
2007,NOK,2006-12-23,8:00p,,San Antonio Spurs,L,,77,112,11,15,L 1
2007,NOK,2006-12-26,10:00p,@,Seattle SuperSonics,L,,94,102,11,16,L 2
2007,NOK,2006-12-27,10:00p,@,Portland Trail Blazers,L,,85,100,11,17,L 3
2007,NOK,2006-12-29,8:00p,,Denver Nuggets,W,,99,89,12,17,W 1
2007,NOK,2006-12-30,8:30p,@,Dallas Mavericks,L,,80,94,12,18,L 1
2007,NOK,2007-01-02,8:00p,,Golden State Warriors,L,,89,97,12,19,L 2
2007,NOK,2007-01-04,8:00p,,Detroit Pistons,L,,68,92,12,20,L 3
2007,NOK,2007-01-06,8:00p,,Indiana Pacers,L,,93,100,12,21,L 4
2007,NOK,2007-01-08,8:00p,,Los Angeles Clippers,L,,90,100,12,22,L 5
2007,NOK,2007-01-10,7:00p,@,Atlanta Hawks,W,,96,77,13,22,W 1
2007,NOK,2007-01-12,8:00p,,Washington Wizards,W,,104,97,14,22,W 2
2007,NOK,2007-01-16,8:00p,,Orlando Magic,W,OT,84,78,15,22,W 3
2007,NOK,2007-01-19,8:00p,@,San Antonio Spurs,L,,86,99,15,23,L 1
2007,NOK,2007-01-20,8:00p,,Los Angeles Lakers,W,,113,103,16,23,W 1
2007,NOK,2007-01-23,7:00p,@,Philadelphia 76ers,L,,96,102,16,24,L 1
2007,NOK,2007-01-24,7:00p,@,Toronto Raptors,L,,88,90,16,25,L 2
2007,NOK,2007-01-26,8:00p,,Sacramento Kings,W,,88,84,17,25,W 1
2007,NOK,2007-01-27,8:00p,,Utah Jazz,W,,94,83,18,25,W 2
2007,NOK,2007-01-29,8:00p,,Portland Trail Blazers,W,,103,91,19,25,W 3
2007,NOK,2007-01-31,8:00p,,Philadelphia 76ers,L,,78,89,19,26,L 1
2007,NOK,2007-02-02,8:00p,,Minnesota Timberwolves,W,,90,83,20,26,W 1
2007,NOK,2007-02-03,8:30p,@,Houston Rockets,W,,87,74,21,26,W 2
2007,NOK,2007-02-05,10:00p,@,Sacramento Kings,L,,99,105,21,27,L 1
2007,NOK,2007-02-07,9:00p,@,Denver Nuggets,W,OT,114,112,22,27,W 1
2007,NOK,2007-02-08,8:00p,,Milwaukee Bucks,W,2OT,109,101,23,27,W 2
2007,NOK,2007-02-10,8:00p,,Memphis Grizzlies,W,,114,99,24,27,W 3
2007,NOK,2007-02-13,8:00p,@,Memphis Grizzlies,L,,104,108,24,28,L 1
2007,NOK,2007-02-14,8:00p,,Sacramento Kings,W,,110,93,25,28,W 1
2007,NOK,2007-02-20,7:00p,@,Charlotte Bobcats,L,,100,104,25,29,L 1
2007,NOK,2007-02-21,7:30p,@,New Jersey Nets,W,,111,107,26,29,W 1
2007,NOK,2007-02-23,8:00p,,Seattle SuperSonics,W,,98,97,27,29,W 2
2007,NOK,2007-02-27,7:00p,@,Cleveland Cavaliers,L,,89,97,27,30,L 1
2007,NOK,2007-02-28,8:00p,,Atlanta Hawks,W,,107,100,28,30,W 1
2007,NOK,2007-03-02,8:30p,@,Chicago Bulls,L,,93,104,28,31,L 1
2007,NOK,2007-03-04,8:00p,,Utah Jazz,L,,94,108,28,32,L 2
2007,NOK,2007-03-06,9:00p,@,Denver Nuggets,L,,91,106,28,33,L 3
2007,NOK,2007-03-09,9:00p,@,Phoenix Suns,L,,103,104,28,34,L 4
2007,NOK,2007-03-10,9:00p,@,Utah Jazz,L,,86,96,28,35,L 5
2007,NOK,2007-03-13,8:00p,,New Jersey Nets,L,,108,112,28,36,L 6
2007,NOK,2007-03-16,7:30p,@,New York Knicks,W,,92,90,29,36,W 1
2007,NOK,2007-03-17,7:00p,@,Washington Wizards,L,,103,125,29,37,L 1
2007,NOK,2007-03-19,8:00p,,Boston Celtics,W,,106,88,30,37,W 1
2007,NOK,2007-03-20,8:00p,@,Memphis Grizzlies,W,,114,103,31,37,W 2
2007,NOK,2007-03-23,8:00p,,Los Angeles Lakers,L,,105,111,31,38,L 1
2007,NOK,2007-03-25,8:00p,,Houston Rockets,W,,106,94,32,38,W 1
2007,NOK,2007-03-27,8:00p,,Dallas Mavericks,L,,89,105,32,39,L 1
2007,NOK,2007-03-28,8:00p,@,San Antonio Spurs,L,,88,92,32,40,L 2
2007,NOK,2007-03-31,8:00p,,New York Knicks,W,OT,103,94,33,40,W 1
2007,NOK,2007-04-03,8:00p,@,Milwaukee Bucks,W,,119,101,34,40,W 2
2007,NOK,2007-04-04,8:00p,,Seattle SuperSonics,W,OT,101,92,35,40,W 3
2007,NOK,2007-04-06,8:00p,,Phoenix Suns,L,,95,103,35,41,L 1
2007,NOK,2007-04-07,8:00p,@,Minnesota Timberwolves,W,,96,94,36,41,W 1
2007,NOK,2007-04-10,8:00p,,Los Angeles Clippers,W,OT,103,100,37,41,W 2
2007,NOK,2007-04-13,8:00p,,Denver Nuggets,L,,105,107,37,42,L 1
2007,NOK,2007-04-14,8:30p,@,Houston Rockets,L,,112,123,37,43,L 2
2007,NOK,2007-04-16,10:00p,@,Sacramento Kings,W,,125,118,38,43,W 1
2007,NOK,2007-04-18,10:30p,@,Los Angeles Clippers,W,,86,83,39,43,W 2
2007,NYK,2006-11-01,8:00p,@,Memphis Grizzlies,W,3OT,118,117,1,0,W 1
2007,NYK,2006-11-03,7:30p,@,Atlanta Hawks,L,,92,102,1,1,L 1
2007,NYK,2006-11-04,7:30p,,Indiana Pacers,L,,95,109,1,2,L 2
2007,NYK,2006-11-06,7:30p,,San Antonio Spurs,L,,93,105,1,3,L 3
2007,NYK,2006-11-08,9:00p,@,Denver Nuggets,W,,109,107,2,3,W 1
2007,NYK,2006-11-10,8:30p,@,Houston Rockets,L,,94,103,2,4,L 1
2007,NYK,2006-11-11,8:00p,@,San Antonio Spurs,L,,92,100,2,5,L 2
2007,NYK,2006-11-13,7:30p,,Cleveland Cavaliers,L,,96,102,2,6,L 3
2007,NYK,2006-11-15,7:30p,,Washington Wizards,W,,102,82,3,6,W 1
2007,NYK,2006-11-17,7:30p,@,Miami Heat,W,,100,76,4,6,W 2
2007,NYK,2006-11-18,7:30p,,Boston Celtics,L,,118,122,4,7,L 1
2007,NYK,2006-11-20,7:30p,,Houston Rockets,L,,90,97,4,8,L 2
2007,NYK,2006-11-22,8:00p,@,Minnesota Timberwolves,L,,89,107,4,9,L 3
2007,NYK,2006-11-24,7:30p,@,Boston Celtics,W,,101,77,5,9,W 1
2007,NYK,2006-11-25,7:30p,,Chicago Bulls,L,,95,106,5,10,L 1
2007,NYK,2006-11-28,8:30p,@,Chicago Bulls,L,,85,102,5,11,L 2
2007,NYK,2006-11-29,7:00p,@,Cleveland Cavaliers,W,,101,98,6,11,W 1
2007,NYK,2006-12-01,8:00p,@,Detroit Pistons,L,,100,108,6,12,L 1
2007,NYK,2006-12-02,8:00p,,Toronto Raptors,L,,100,103,6,13,L 2
2007,NYK,2006-12-04,7:30p,,Memphis Grizzlies,W,,98,90,7,13,W 1
2007,NYK,2006-12-06,7:30p,,Washington Wizards,L,,102,113,7,14,L 1
2007,NYK,2006-12-09,7:30p,,Milwaukee Bucks,W,,115,107,8,14,W 1
2007,NYK,2006-12-11,7:30p,,Boston Celtics,L,,90,97,8,15,L 1
2007,NYK,2006-12-13,7:30p,,Atlanta Hawks,W,,94,82,9,15,W 1
2007,NYK,2006-12-15,7:00p,@,Indiana Pacers,L,,96,112,9,16,L 1
2007,NYK,2006-12-16,7:30p,,Denver Nuggets,L,,100,123,9,17,L 2
2007,NYK,2006-12-18,7:30p,,Utah Jazz,W,OT,97,96,10,17,W 1
2007,NYK,2006-12-20,7:30p,,Charlotte Bobcats,W,2OT,111,109,11,17,W 2
2007,NYK,2006-12-22,7:30p,,Chicago Bulls,W,,103,92,12,17,W 3
2007,NYK,2006-12-23,7:30p,@,Philadelphia 76ers,L,,77,98,12,18,L 1
2007,NYK,2006-12-27,7:30p,,Detroit Pistons,W,3OT,151,145,13,18,W 1
2007,NYK,2006-12-29,9:00p,@,Phoenix Suns,L,,86,108,13,19,L 1
2007,NYK,2006-12-31,3:30p,@,Los Angeles Clippers,L,,80,90,13,20,L 2
2007,NYK,2007-01-02,10:00p,@,Sacramento Kings,L,,100,112,13,21,L 3
2007,NYK,2007-01-03,10:00p,@,Portland Trail Blazers,W,,99,81,14,21,W 1
2007,NYK,2007-01-05,10:30p,@,Seattle SuperSonics,W,,111,93,15,21,W 2
2007,NYK,2007-01-10,7:30p,,Philadelphia 76ers,W,,106,99,16,21,W 3
2007,NYK,2007-01-12,7:30p,,Charlotte Bobcats,L,,110,126,16,22,L 1
2007,NYK,2007-01-15,1:00p,,Sacramento Kings,W,,102,97,17,22,W 1
2007,NYK,2007-01-17,7:00p,@,Washington Wizards,L,,98,99,17,23,L 1
2007,NYK,2007-01-19,7:30p,,New Jersey Nets,L,,100,101,17,24,L 2
2007,NYK,2007-01-20,7:00p,@,Indiana Pacers,W,,108,106,18,24,W 1
2007,NYK,2007-01-22,7:30p,@,Miami Heat,L,,83,101,18,25,L 1
2007,NYK,2007-01-24,7:30p,,Phoenix Suns,L,,107,112,18,26,L 2
2007,NYK,2007-01-26,7:30p,,Miami Heat,W,,116,96,19,26,W 1
2007,NYK,2007-01-28,3:30p,@,Milwaukee Bucks,L,,105,107,19,27,L 1
2007,NYK,2007-01-30,7:30p,,Los Angeles Lakers,W,,99,94,20,27,W 1
2007,NYK,2007-01-31,7:00p,@,Charlotte Bobcats,L,,87,104,20,28,L 1
2007,NYK,2007-02-03,7:00p,@,Orlando Magic,W,,94,86,21,28,W 1
2007,NYK,2007-02-06,7:30p,,Los Angeles Clippers,W,,102,90,22,28,W 2
2007,NYK,2007-02-10,9:00p,@,Utah Jazz,L,OT,102,104,22,29,L 1
2007,NYK,2007-02-13,10:30p,@,Los Angeles Lakers,W,,107,106,23,29,W 1
2007,NYK,2007-02-14,10:30p,@,Golden State Warriors,L,,101,120,23,30,L 1
2007,NYK,2007-02-20,7:30p,,Orlando Magic,W,,100,94,24,30,W 1
2007,NYK,2007-02-21,7:00p,@,Philadelphia 76ers,L,,84,104,24,31,L 1
2007,NYK,2007-02-23,7:30p,,Milwaukee Bucks,W,,95,93,25,31,W 1
2007,NYK,2007-02-25,6:00p,@,New Jersey Nets,L,,92,101,25,32,L 1
2007,NYK,2007-02-26,7:30p,,Miami Heat,W,,99,93,26,32,W 1
2007,NYK,2007-02-28,7:30p,@,Boston Celtics,L,,94,102,26,33,L 1
2007,NYK,2007-03-02,7:30p,,Golden State Warriors,W,,106,97,27,33,W 1
2007,NYK,2007-03-03,7:00p,@,Atlanta Hawks,W,OT,104,100,28,33,W 2
2007,NYK,2007-03-06,7:30p,,Seattle SuperSonics,L,,99,100,28,34,L 1
2007,NYK,2007-03-10,7:00p,@,Washington Wizards,W,,90,89,29,34,W 1
2007,NYK,2007-03-14,7:00p,@,Toronto Raptors,L,,94,104,29,35,L 1
2007,NYK,2007-03-16,7:30p,,New Orleans/Oklahoma City Hornets,L,,90,92,29,36,L 2
2007,NYK,2007-03-18,12:00p,,Toronto Raptors,W,,92,74,30,36,W 1
2007,NYK,2007-03-20,7:30p,,Dallas Mavericks,L,,77,92,30,37,L 1
2007,NYK,2007-03-22,7:30p,,Portland Trail Blazers,L,,86,92,30,38,L 2
2007,NYK,2007-03-23,7:30p,@,Cleveland Cavaliers,L,,68,90,30,39,L 3
2007,NYK,2007-03-26,7:30p,,Orlando Magic,L,,89,94,30,40,L 4
2007,NYK,2007-03-28,7:30p,,Cleveland Cavaliers,W,,97,93,31,40,W 1
2007,NYK,2007-03-30,8:30p,@,Dallas Mavericks,L,,103,105,31,41,L 1
2007,NYK,2007-03-31,8:00p,@,New Orleans/Oklahoma City Hornets,L,OT,94,103,31,42,L 2
2007,NYK,2007-04-04,7:30p,,Philadelphia 76ers,L,,90,92,31,43,L 3
2007,NYK,2007-04-06,7:30p,,Minnesota Timberwolves,L,,94,99,31,44,L 4
2007,NYK,2007-04-07,8:30p,@,Milwaukee Bucks,W,OT,118,113,32,44,W 1
2007,NYK,2007-04-09,7:30p,,Detroit Pistons,L,,83,91,32,45,L 1
2007,NYK,2007-04-10,8:30p,@,Chicago Bulls,L,,69,98,32,46,L 2
2007,NYK,2007-04-13,7:30p,@,New Jersey Nets,L,,86,100,32,47,L 3
2007,NYK,2007-04-15,6:00p,@,Toronto Raptors,L,,105,107,32,48,L 4
2007,NYK,2007-04-16,7:30p,,New Jersey Nets,L,,95,104,32,49,L 5
2007,NYK,2007-04-18,7:00p,@,Charlotte Bobcats,W,,94,93,33,49,W 1
2007,ORL,2006-11-01,7:00p,,Chicago Bulls,W,,109,94,1,0,W 1
2007,ORL,2006-11-03,7:00p,,Philadelphia 76ers,L,,103,105,1,1,L 1
2007,ORL,2006-11-05,2:00p,@,Atlanta Hawks,L,,82,95,1,2,L 2
2007,ORL,2006-11-06,7:00p,,Washington Wizards,W,,106,103,2,2,W 1
2007,ORL,2006-11-08,7:00p,,Seattle SuperSonics,W,,88,87,3,2,W 2
2007,ORL,2006-11-10,7:00p,@,Indiana Pacers,L,,83,93,3,3,L 1
2007,ORL,2006-11-11,8:00p,@,Minnesota Timberwolves,W,,109,98,4,3,W 1
2007,ORL,2006-11-13,7:30p,@,Boston Celtics,W,,92,89,5,3,W 2
2007,ORL,2006-11-15,7:00p,,Denver Nuggets,W,,108,99,6,3,W 3
2007,ORL,2006-11-18,7:00p,,Charlotte Bobcats,W,,97,83,7,3,W 4
2007,ORL,2006-11-20,8:00p,@,Memphis Grizzlies,L,,86,95,7,4,L 1
2007,ORL,2006-11-22,7:00p,,Indiana Pacers,W,,96,91,8,4,W 1
2007,ORL,2006-11-24,7:30p,@,Miami Heat,W,,107,104,9,4,W 2
2007,ORL,2006-11-25,7:00p,,Atlanta Hawks,W,,98,79,10,4,W 3
2007,ORL,2006-11-27,9:00p,@,Utah Jazz,W,,88,75,11,4,W 4
2007,ORL,2006-11-29,10:00p,@,Seattle SuperSonics,W,,94,84,12,4,W 5
2007,ORL,2006-12-01,10:00p,@,Portland Trail Blazers,W,,91,89,13,4,W 6
2007,ORL,2006-12-03,9:30p,@,Los Angeles Clippers,L,,91,116,13,5,L 1
2007,ORL,2006-12-04,10:00p,@,Sacramento Kings,W,,92,89,14,5,W 1
2007,ORL,2006-12-06,7:00p,@,Indiana Pacers,L,,80,94,14,6,L 1
2007,ORL,2006-12-08,7:00p,,Detroit Pistons,L,,83,87,14,7,L 2
2007,ORL,2006-12-09,7:00p,,Philadelphia 76ers,W,,86,84,15,7,W 1
2007,ORL,2006-12-11,7:00p,,Phoenix Suns,L,,89,103,15,8,L 1
2007,ORL,2006-12-13,7:00p,,Toronto Raptors,L,,84,91,15,9,L 2
2007,ORL,2006-12-14,7:00p,@,Charlotte Bobcats,L,,89,99,15,10,L 3
2007,ORL,2006-12-16,7:00p,,Cleveland Cavaliers,W,,81,74,16,10,W 1
2007,ORL,2006-12-20,7:00p,,New Orleans/Oklahoma City Hornets,W,,86,83,17,10,W 2
2007,ORL,2006-12-22,7:00p,,Golden State Warriors,L,,108,117,17,11,L 1
2007,ORL,2006-12-23,7:30p,@,Cleveland Cavaliers,L,,83,86,17,12,L 2
2007,ORL,2006-12-27,7:00p,,Los Angeles Lakers,L,,93,106,17,13,L 3
2007,ORL,2006-12-29,7:00p,@,Washington Wizards,L,,111,112,17,14,L 4
2007,ORL,2006-12-30,7:00p,,Miami Heat,W,,97,68,18,14,W 1
2007,ORL,2007-01-02,7:00p,,Los Angeles Clippers,W,,91,86,19,14,W 2
2007,ORL,2007-01-05,7:00p,,Charlotte Bobcats,W,,106,74,20,14,W 3
2007,ORL,2007-01-07,6:00p,,Boston Celtics,W,,87,79,21,14,W 4
2007,ORL,2007-01-10,10:30p,@,Golden State Warriors,W,,91,76,22,14,W 5
2007,ORL,2007-01-12,10:30p,@,Los Angeles Lakers,L,,106,109,22,15,L 1
2007,ORL,2007-01-13,9:00p,@,Phoenix Suns,L,,101,107,22,16,L 2
2007,ORL,2007-01-16,8:00p,@,New Orleans/Oklahoma City Hornets,L,OT,78,84,22,17,L 3
2007,ORL,2007-01-19,7:00p,,Washington Wizards,L,,93,114,22,18,L 4
2007,ORL,2007-01-20,8:00p,@,New Jersey Nets,L,,94,101,22,19,L 5
2007,ORL,2007-01-22,7:00p,@,Cleveland Cavaliers,W,,90,79,23,19,W 1
2007,ORL,2007-01-23,7:00p,,Dallas Mavericks,L,,95,111,23,20,L 1
2007,ORL,2007-01-26,7:00p,,Atlanta Hawks,L,,90,93,23,21,L 2
2007,ORL,2007-01-29,7:00p,@,Atlanta Hawks,L,,83,93,23,22,L 3
2007,ORL,2007-01-31,7:00p,,Milwaukee Bucks,W,,98,73,24,22,W 1
2007,ORL,2007-02-02,8:00p,,New Jersey Nets,W,,119,86,25,22,W 2
2007,ORL,2007-02-03,7:00p,,New York Knicks,L,,86,94,25,23,L 1
2007,ORL,2007-02-06,8:00p,@,Milwaukee Bucks,L,,111,116,25,24,L 2
2007,ORL,2007-02-07,7:00p,@,Toronto Raptors,L,,103,113,25,25,L 3
2007,ORL,2007-02-09,7:00p,,San Antonio Spurs,W,,106,104,26,25,W 1
2007,ORL,2007-02-10,7:30p,@,New Jersey Nets,L,,78,93,26,26,L 1
2007,ORL,2007-02-14,7:00p,,Portland Trail Blazers,W,,103,91,27,26,W 1
2007,ORL,2007-02-20,7:30p,@,New York Knicks,L,,94,100,27,27,L 1
2007,ORL,2007-02-21,7:30p,@,Detroit Pistons,L,,88,110,27,28,L 2
2007,ORL,2007-02-23,7:00p,,Detroit Pistons,L,,89,94,27,29,L 3
2007,ORL,2007-02-25,2:00p,,Houston Rockets,L,,93,97,27,30,L 4
2007,ORL,2007-02-26,8:30p,@,Chicago Bulls,W,,94,87,28,30,W 1
2007,ORL,2007-02-28,9:00p,@,Denver Nuggets,L,,101,111,28,31,L 1
2007,ORL,2007-03-02,8:00p,@,San Antonio Spurs,L,,74,98,28,32,L 2
2007,ORL,2007-03-03,9:00p,@,Dallas Mavericks,L,,98,103,28,33,L 3
2007,ORL,2007-03-05,7:00p,,Milwaukee Bucks,W,,99,81,29,33,W 1
2007,ORL,2007-03-08,8:00p,,Chicago Bulls,L,,76,100,29,34,L 1
2007,ORL,2007-03-11,6:30p,@,Houston Rockets,L,,92,103,29,35,L 2
2007,ORL,2007-03-12,7:00p,@,Charlotte Bobcats,L,,108,119,29,36,L 3
2007,ORL,2007-03-14,7:00p,,Utah Jazz,W,,101,90,30,36,W 1
2007,ORL,2007-03-17,7:00p,,Sacramento Kings,L,,83,95,30,37,L 1
2007,ORL,2007-03-18,6:00p,@,Miami Heat,W,,97,83,31,37,W 1
2007,ORL,2007-03-21,7:00p,@,Toronto Raptors,L,,85,92,31,38,L 1
2007,ORL,2007-03-23,7:00p,,New Jersey Nets,W,,90,82,32,38,W 1
2007,ORL,2007-03-26,7:30p,@,New York Knicks,W,,94,89,33,38,W 2
2007,ORL,2007-03-28,7:30p,@,Boston Celtics,L,2OT,96,105,33,39,L 1
2007,ORL,2007-03-30,8:00p,,Indiana Pacers,W,,95,87,34,39,W 1
2007,ORL,2007-04-01,6:00p,,Minnesota Timberwolves,L,OT,104,105,34,40,L 1
2007,ORL,2007-04-04,7:00p,,Toronto Raptors,L,,108,111,34,41,L 2
2007,ORL,2007-04-07,7:00p,,Memphis Grizzlies,W,,116,89,35,41,W 1
2007,ORL,2007-04-09,8:00p,@,Milwaukee Bucks,W,,117,94,36,41,W 2
2007,ORL,2007-04-11,8:00p,@,Detroit Pistons,L,,99,104,36,42,L 1
2007,ORL,2007-04-14,3:00p,@,Philadelphia 76ers,W,,104,87,37,42,W 1
2007,ORL,2007-04-15,6:00p,,Boston Celtics,W,,88,86,38,42,W 2
2007,ORL,2007-04-17,7:00p,@,Washington Wizards,W,,95,89,39,42,W 3
2007,ORL,2007-04-18,7:00p,,Miami Heat,W,,94,68,40,42,W 4
2007,ORL,2007-04-21,7:00p,@,Detroit Pistons,L,,92,100,0,1,L 1
2007,ORL,2007-04-23,7:00p,@,Detroit Pistons,L,,90,98,0,2,L 2
2007,ORL,2007-04-26,8:00p,,Detroit Pistons,L,,77,93,0,3,L 3
2007,ORL,2007-04-28,3:00p,,Detroit Pistons,L,,93,97,0,4,L 4
2007,PHI,2006-11-01,7:00p,,Atlanta Hawks,W,,88,75,1,0,W 1
2007,PHI,2006-11-03,7:00p,@,Orlando Magic,W,,105,103,2,0,W 2
2007,PHI,2006-11-05,2:00p,,Miami Heat,W,,107,98,3,0,W 3
2007,PHI,2006-11-07,7:00p,@,Indiana Pacers,L,,86,97,3,1,L 1
2007,PHI,2006-11-08,7:00p,@,Toronto Raptors,L,,104,106,3,2,L 2
2007,PHI,2006-11-10,7:00p,,Denver Nuggets,L,,101,108,3,3,L 3
2007,PHI,2006-11-15,10:00p,@,Seattle SuperSonics,W,,96,90,4,3,W 1
2007,PHI,2006-11-17,10:30p,@,Phoenix Suns,L,,94,106,4,4,L 1
2007,PHI,2006-11-18,10:30p,@,Los Angeles Clippers,L,OT,97,103,4,5,L 2
2007,PHI,2006-11-21,7:00p,,Detroit Pistons,L,,87,97,4,6,L 3
2007,PHI,2006-11-22,8:00p,@,Milwaukee Bucks,L,,94,98,4,7,L 4
2007,PHI,2006-11-24,7:30p,,Chicago Bulls,W,,123,108,5,7,W 1
2007,PHI,2006-11-25,7:30p,@,Cleveland Cavaliers,L,,95,108,5,8,L 1
2007,PHI,2006-11-27,7:30p,@,Miami Heat,L,,91,103,5,9,L 2
2007,PHI,2006-12-02,7:30p,@,New Jersey Nets,L,,107,112,5,10,L 3
2007,PHI,2006-12-03,6:00p,,Minnesota Timberwolves,L,,84,95,5,11,L 4
2007,PHI,2006-12-06,9:00p,@,Chicago Bulls,L,,94,121,5,12,L 5
2007,PHI,2006-12-08,8:00p,,Washington Wizards,L,,98,113,5,13,L 6
2007,PHI,2006-12-09,7:00p,@,Orlando Magic,L,,84,86,5,14,L 7
2007,PHI,2006-12-11,7:00p,,Portland Trail Blazers,L,,79,81,5,15,L 8
2007,PHI,2006-12-13,7:00p,,Boston Celtics,L,,81,101,5,16,L 9
2007,PHI,2006-12-15,8:00p,@,Dallas Mavericks,L,,79,93,5,17,L 10
2007,PHI,2006-12-16,8:00p,@,San Antonio Spurs,L,,98,103,5,18,L 11
2007,PHI,2006-12-20,7:00p,,Indiana Pacers,L,,93,101,5,19,L 12
2007,PHI,2006-12-22,8:00p,@,Boston Celtics,W,,98,83,6,19,W 1
2007,PHI,2006-12-23,7:30p,,New York Knicks,W,,98,77,7,19,W 2
2007,PHI,2006-12-26,10:30p,@,Golden State Warriors,L,,97,116,7,20,L 1
2007,PHI,2006-12-27,10:00p,@,Sacramento Kings,L,,76,101,7,21,L 2
2007,PHI,2006-12-29,10:00p,@,Portland Trail Blazers,W,,98,95,8,21,W 1
2007,PHI,2006-12-31,9:30p,@,Los Angeles Lakers,L,,94,104,8,22,L 1
2007,PHI,2007-01-02,9:00p,@,Denver Nuggets,W,,108,97,9,22,W 1
2007,PHI,2007-01-03,9:00p,@,Utah Jazz,L,,87,98,9,23,L 1
2007,PHI,2007-01-05,8:00p,@,Minnesota Timberwolves,L,OT,102,104,9,24,L 2
2007,PHI,2007-01-09,7:00p,,Detroit Pistons,L,,89,98,9,25,L 3
2007,PHI,2007-01-10,7:30p,@,New York Knicks,L,,99,106,9,26,L 4
2007,PHI,2007-01-12,7:00p,,Milwaukee Bucks,W,,110,97,10,26,W 1
2007,PHI,2007-01-13,7:00p,@,Charlotte Bobcats,L,,83,89,10,27,L 1
2007,PHI,2007-01-15,2:00p,,Toronto Raptors,L,,86,104,10,28,L 2
2007,PHI,2007-01-17,8:00p,@,Memphis Grizzlies,L,,102,118,10,29,L 3
2007,PHI,2007-01-19,7:00p,,Miami Heat,W,OT,98,95,11,29,W 1
2007,PHI,2007-01-21,6:00p,,San Antonio Spurs,L,,85,99,11,30,L 1
2007,PHI,2007-01-23,7:00p,,New Orleans/Oklahoma City Hornets,W,,102,96,12,30,W 1
2007,PHI,2007-01-24,7:00p,@,Cleveland Cavaliers,W,2OT,118,115,13,30,W 2
2007,PHI,2007-01-26,7:00p,,Cleveland Cavaliers,L,,97,105,13,31,L 1
2007,PHI,2007-01-27,7:00p,@,Atlanta Hawks,W,,104,89,14,31,W 1
2007,PHI,2007-01-29,8:30p,@,Houston Rockets,L,,84,105,14,32,L 1
2007,PHI,2007-01-31,8:00p,@,New Orleans/Oklahoma City Hornets,W,,89,78,15,32,W 1
2007,PHI,2007-02-02,7:00p,,Golden State Warriors,L,,101,102,15,33,L 1
2007,PHI,2007-02-05,7:00p,,New Jersey Nets,W,OT,100,98,16,33,W 1
2007,PHI,2007-02-07,7:00p,,Charlotte Bobcats,W,,92,83,17,33,W 2
2007,PHI,2007-02-09,7:00p,,Los Angeles Clippers,L,,89,90,17,34,L 1
2007,PHI,2007-02-11,6:00p,,Dallas Mavericks,L,,89,106,17,35,L 2
2007,PHI,2007-02-14,7:00p,,Washington Wizards,L,,85,92,17,36,L 3
2007,PHI,2007-02-21,7:00p,,New York Knicks,W,,104,84,18,36,W 1
2007,PHI,2007-02-23,7:00p,@,Charlotte Bobcats,L,,87,102,18,37,L 1
2007,PHI,2007-02-24,8:30p,@,Milwaukee Bucks,L,,90,109,18,38,L 2
2007,PHI,2007-02-26,7:00p,,Sacramento Kings,W,,89,82,19,38,W 1
2007,PHI,2007-02-28,7:00p,,Phoenix Suns,W,,99,94,20,38,W 2
2007,PHI,2007-03-02,7:00p,,Memphis Grizzlies,W,OT,117,112,21,38,W 3
2007,PHI,2007-03-04,6:00p,,New Jersey Nets,W,,99,86,22,38,W 4
2007,PHI,2007-03-07,7:00p,,Seattle SuperSonics,W,,92,89,23,38,W 5
2007,PHI,2007-03-09,7:00p,,Los Angeles Lakers,W,,108,92,24,38,W 6
2007,PHI,2007-03-10,7:00p,@,Indiana Pacers,W,,100,96,25,38,W 7
2007,PHI,2007-03-13,7:00p,@,Atlanta Hawks,L,,92,104,25,39,L 1
2007,PHI,2007-03-14,7:00p,,Chicago Bulls,L,,87,88,25,40,L 2
2007,PHI,2007-03-16,7:00p,,Utah Jazz,W,,89,88,26,40,W 1
2007,PHI,2007-03-18,6:00p,,Houston Rockets,L,,74,124,26,41,L 1
2007,PHI,2007-03-20,7:30p,@,Detroit Pistons,L,,75,96,26,42,L 2
2007,PHI,2007-03-23,7:00p,,Charlotte Bobcats,W,,106,97,27,42,W 1
2007,PHI,2007-03-24,7:30p,@,Miami Heat,W,,93,85,28,42,W 2
2007,PHI,2007-03-28,7:00p,@,Washington Wizards,L,,108,111,28,43,L 1
2007,PHI,2007-03-30,7:00p,,Boston Celtics,W,,88,82,29,43,W 1
2007,PHI,2007-03-31,7:30p,@,New Jersey Nets,L,,82,86,29,44,L 1
2007,PHI,2007-04-04,7:30p,@,New York Knicks,W,,92,90,30,44,W 1
2007,PHI,2007-04-06,7:00p,,Toronto Raptors,L,,85,94,30,45,L 1
2007,PHI,2007-04-08,7:30p,,Atlanta Hawks,W,OT,109,104,31,45,W 1
2007,PHI,2007-04-10,7:00p,,Indiana Pacers,W,,90,86,32,45,W 2
2007,PHI,2007-04-11,7:30p,@,Boston Celtics,W,,102,94,33,45,W 3
2007,PHI,2007-04-14,3:00p,,Orlando Magic,L,,87,104,33,46,L 1
2007,PHI,2007-04-15,6:00p,@,Detroit Pistons,W,,102,91,34,46,W 1
2007,PHI,2007-04-17,7:00p,,Cleveland Cavaliers,L,,92,98,34,47,L 1
2007,PHI,2007-04-18,7:00p,@,Toronto Raptors,W,,122,119,35,47,W 1
2007,PHO,2006-10-31,10:30p,@,Los Angeles Lakers,L,,106,114,0,1,L 1
2007,PHO,2006-11-01,10:30p,,Los Angeles Clippers,W,,112,104,1,1,W 1
2007,PHO,2006-11-03,9:00p,,Utah Jazz,L,,104,108,1,2,L 1
2007,PHO,2006-11-04,10:30p,@,Los Angeles Clippers,L,,108,114,1,3,L 2
2007,PHO,2006-11-08,8:00p,@,San Antonio Spurs,L,OT,106,111,1,4,L 3
2007,PHO,2006-11-09,10:30p,,Dallas Mavericks,L,,112,119,1,5,L 4
2007,PHO,2006-11-11,9:00p,,Memphis Grizzlies,W,,96,87,2,5,W 1
2007,PHO,2006-11-17,10:30p,,Philadelphia 76ers,W,,106,94,3,5,W 2
2007,PHO,2006-11-18,9:00p,@,Utah Jazz,L,OT,117,120,3,6,L 1
2007,PHO,2006-11-20,10:30p,@,Golden State Warriors,W,,113,110,4,6,W 1
2007,PHO,2006-11-22,9:00p,,New Orleans/Oklahoma City Hornets,W,,92,83,5,6,W 2
2007,PHO,2006-11-24,10:30p,,New Jersey Nets,W,,99,93,6,6,W 3
2007,PHO,2006-11-26,9:00p,@,Portland Trail Blazers,W,,119,101,7,6,W 4
2007,PHO,2006-11-29,9:00p,,Houston Rockets,W,,102,91,8,6,W 5
2007,PHO,2006-12-01,9:00p,,Milwaukee Bucks,W,,122,116,9,6,W 6
2007,PHO,2006-12-05,9:00p,,Sacramento Kings,W,,127,102,10,6,W 7
2007,PHO,2006-12-07,7:30p,@,New Jersey Nets,W,2OT,161,157,11,6,W 8
2007,PHO,2006-12-08,7:30p,@,Boston Celtics,W,,116,111,12,6,W 9
2007,PHO,2006-12-10,6:00p,@,Charlotte Bobcats,W,,114,84,13,6,W 10
2007,PHO,2006-12-11,7:00p,@,Orlando Magic,W,,103,89,14,6,W 11
2007,PHO,2006-12-13,7:00p,@,Miami Heat,W,,99,89,15,6,W 12
2007,PHO,2006-12-15,9:00p,,Golden State Warriors,W,,105,101,16,6,W 13
2007,PHO,2006-12-16,10:00p,@,Sacramento Kings,W,,105,98,17,6,W 14
2007,PHO,2006-12-19,9:00p,,Toronto Raptors,W,,115,98,18,6,W 15
2007,PHO,2006-12-22,10:30p,,Washington Wizards,L,OT,139,144,18,7,L 1
2007,PHO,2006-12-26,9:00p,,Portland Trail Blazers,W,,110,87,19,7,W 1
2007,PHO,2006-12-28,8:00p,@,Dallas Mavericks,L,,99,101,19,8,L 1
2007,PHO,2006-12-29,9:00p,,New York Knicks,W,,108,86,20,8,W 1
2007,PHO,2006-12-31,4:00p,@,Detroit Pistons,W,,108,101,21,8,W 2
2007,PHO,2007-01-02,8:30p,@,Chicago Bulls,W,,97,96,22,8,W 3
2007,PHO,2007-01-03,7:00p,@,Toronto Raptors,W,,100,98,23,8,W 4
2007,PHO,2007-01-05,10:30p,,Miami Heat,W,,108,80,24,8,W 5
2007,PHO,2007-01-07,8:00p,,Golden State Warriors,W,,128,105,25,8,W 6
2007,PHO,2007-01-09,9:00p,,Seattle SuperSonics,W,,113,102,26,8,W 7
2007,PHO,2007-01-11,10:30p,,Cleveland Cavaliers,W,,109,90,27,8,W 8
2007,PHO,2007-01-13,9:00p,,Orlando Magic,W,,107,101,28,8,W 9
2007,PHO,2007-01-15,7:30p,@,Memphis Grizzlies,W,,137,122,29,8,W 10
2007,PHO,2007-01-17,8:30p,@,Houston Rockets,W,,100,91,30,8,W 11
2007,PHO,2007-01-19,9:00p,,Portland Trail Blazers,W,,106,101,31,8,W 12
2007,PHO,2007-01-21,8:00p,,Minnesota Timberwolves,W,,131,102,32,8,W 13
2007,PHO,2007-01-23,7:00p,@,Washington Wizards,W,,127,105,33,8,W 14
2007,PHO,2007-01-24,7:30p,@,New York Knicks,W,,112,107,34,8,W 15
2007,PHO,2007-01-26,8:30p,@,Milwaukee Bucks,W,,98,90,35,8,W 16
2007,PHO,2007-01-28,1:00p,@,Cleveland Cavaliers,W,,115,100,36,8,W 17
2007,PHO,2007-01-29,8:00p,@,Minnesota Timberwolves,L,,112,121,36,9,L 1
2007,PHO,2007-02-01,10:30p,,San Antonio Spurs,W,,103,87,37,9,W 1
2007,PHO,2007-02-03,9:00p,,Utah Jazz,L,,105,108,37,10,L 1
2007,PHO,2007-02-05,9:00p,@,Denver Nuggets,W,,113,108,38,10,W 1
2007,PHO,2007-02-06,10:00p,@,Portland Trail Blazers,W,OT,109,102,39,10,W 2
2007,PHO,2007-02-09,9:00p,,Atlanta Hawks,L,,111,120,39,11,L 1
2007,PHO,2007-02-11,8:00p,,Chicago Bulls,L,,103,116,39,12,L 2
2007,PHO,2007-02-14,10:00p,@,Seattle SuperSonics,L,,90,114,39,13,L 3
2007,PHO,2007-02-20,10:30p,@,Los Angeles Clippers,W,,115,90,40,13,W 1
2007,PHO,2007-02-21,9:00p,,Boston Celtics,W,,118,108,41,13,W 2
2007,PHO,2007-02-23,8:00p,@,Minnesota Timberwolves,W,,116,104,42,13,W 3
2007,PHO,2007-02-25,6:00p,@,Atlanta Hawks,W,,115,106,43,13,W 4
2007,PHO,2007-02-27,7:00p,@,Indiana Pacers,W,,103,92,44,13,W 5
2007,PHO,2007-02-28,7:00p,@,Philadelphia 76ers,L,,94,99,44,14,L 1
2007,PHO,2007-03-02,9:00p,,Indiana Pacers,W,,115,90,45,14,W 1
2007,PHO,2007-03-04,3:30p,,Los Angeles Lakers,W,,99,94,46,14,W 2
2007,PHO,2007-03-07,9:00p,,Charlotte Bobcats,W,OT,115,106,47,14,W 3
2007,PHO,2007-03-09,9:00p,,New Orleans/Oklahoma City Hornets,W,,104,103,48,14,W 4
2007,PHO,2007-03-12,10:00p,,Houston Rockets,W,,103,82,49,14,W 5
2007,PHO,2007-03-14,9:00p,@,Dallas Mavericks,W,2OT,129,127,50,14,W 6
2007,PHO,2007-03-16,10:00p,,Detroit Pistons,L,,83,105,50,15,L 1
2007,PHO,2007-03-17,10:00p,@,Denver Nuggets,L,,107,131,50,16,L 2
2007,PHO,2007-03-20,10:00p,,Minnesota Timberwolves,W,,108,90,51,16,W 1
2007,PHO,2007-03-22,10:00p,,Sacramento Kings,W,,118,100,52,16,W 2
2007,PHO,2007-03-25,3:30p,@,Sacramento Kings,L,,100,107,52,17,L 1
2007,PHO,2007-03-26,10:00p,,Memphis Grizzlies,W,,105,87,53,17,W 1
2007,PHO,2007-03-29,10:30p,@,Golden State Warriors,L,,119,124,53,18,L 1
2007,PHO,2007-03-30,10:00p,,Denver Nuggets,W,,125,108,54,18,W 1
2007,PHO,2007-04-01,3:30p,,Dallas Mavericks,W,,126,104,55,18,W 2
2007,PHO,2007-04-03,8:00p,@,Memphis Grizzlies,W,,116,111,56,18,W 3
2007,PHO,2007-04-05,9:30p,@,San Antonio Spurs,L,,85,92,56,19,L 1
2007,PHO,2007-04-06,8:00p,@,New Orleans/Oklahoma City Hornets,W,,103,95,57,19,W 1
2007,PHO,2007-04-08,3:30p,@,Los Angeles Lakers,W,,115,107,58,19,W 2
2007,PHO,2007-04-11,10:00p,,Seattle SuperSonics,W,,109,91,59,19,W 3
2007,PHO,2007-04-13,10:30p,,Los Angeles Lakers,W,,93,85,60,19,W 4
2007,PHO,2007-04-14,9:00p,@,Utah Jazz,W,,126,98,61,19,W 5
2007,PHO,2007-04-16,8:30p,@,Houston Rockets,L,,117,120,61,20,L 1
2007,PHO,2007-04-17,10:00p,,Los Angeles Clippers,L,,99,103,61,21,L 2
2007,PHO,2007-04-22,3:00p,,Los Angeles Lakers,W,,95,87,1,0,W 1
2007,PHO,2007-04-24,10:30p,,Los Angeles Lakers,W,,126,98,2,0,W 2
2007,PHO,2007-04-26,10:30p,@,Los Angeles Lakers,L,,89,95,2,1,L 1
2007,PHO,2007-04-29,3:30p,@,Los Angeles Lakers,W,,113,100,3,1,W 1
2007,PHO,2007-05-02,10:30p,,Los Angeles Lakers,W,,119,110,4,1,W 2
2007,PHO,2007-05-06,3:30p,,San Antonio Spurs,L,,106,111,4,2,L 1
2007,PHO,2007-05-08,10:30p,,San Antonio Spurs,W,,101,81,5,2,W 1
2007,PHO,2007-05-12,8:00p,@,San Antonio Spurs,L,,101,108,5,3,L 1
2007,PHO,2007-05-14,9:30p,@,San Antonio Spurs,W,,104,98,6,3,W 1
2007,PHO,2007-05-16,10:30p,,San Antonio Spurs,L,,85,88,6,4,L 1
2007,PHO,2007-05-18,9:30p,@,San Antonio Spurs,L,,106,114,6,5,L 2
2007,POR,2006-11-01,10:00p,@,Seattle SuperSonics,W,,110,106,1,0,W 1
2007,POR,2006-11-03,10:30p,@,Golden State Warriors,L,,89,102,1,1,L 1
2007,POR,2006-11-04,10:00p,,Minnesota Timberwolves,W,,88,86,2,1,W 1
2007,POR,2006-11-06,10:30p,@,Los Angeles Clippers,L,,89,102,2,2,L 1
2007,POR,2006-11-08,10:00p,,Los Angeles Lakers,W,,101,90,3,2,W 1
2007,POR,2006-11-10,10:00p,,New Orleans/Oklahoma City Hornets,W,,92,91,4,2,W 2
2007,POR,2006-11-12,9:00p,,Dallas Mavericks,L,,96,103,4,3,L 1
2007,POR,2006-11-14,8:00p,@,Minnesota Timberwolves,L,,89,101,4,4,L 2
2007,POR,2006-11-15,7:00p,@,Cleveland Cavaliers,L,,87,100,4,5,L 3
2007,POR,2006-11-17,7:30p,@,Boston Celtics,L,,90,118,4,6,L 4
2007,POR,2006-11-18,7:30p,@,New Jersey Nets,W,,86,68,5,6,W 1
2007,POR,2006-11-20,10:00p,,San Antonio Spurs,L,,98,107,5,7,L 1
2007,POR,2006-11-22,10:00p,,New Jersey Nets,W,,100,97,6,7,W 1
2007,POR,2006-11-25,10:00p,@,Sacramento Kings,L,,85,105,6,8,L 1
2007,POR,2006-11-26,9:00p,,Phoenix Suns,L,,101,119,6,9,L 2
2007,POR,2006-11-28,10:00p,,Indiana Pacers,L,,97,105,6,10,L 3
2007,POR,2006-12-01,10:00p,,Orlando Magic,L,,89,91,6,11,L 4
2007,POR,2006-12-03,9:00p,,Atlanta Hawks,L,,96,107,6,12,L 5
2007,POR,2006-12-05,7:30p,@,Detroit Pistons,W,,88,85,7,12,W 1
2007,POR,2006-12-06,8:00p,@,Milwaukee Bucks,L,OT,94,102,7,13,L 1
2007,POR,2006-12-08,7:00p,@,Indiana Pacers,L,,95,108,7,14,L 2
2007,POR,2006-12-10,1:00p,@,Toronto Raptors,W,,93,83,8,14,W 1
2007,POR,2006-12-11,7:00p,@,Philadelphia 76ers,W,,81,79,9,14,W 2
2007,POR,2006-12-13,8:00p,@,Memphis Grizzlies,W,,85,79,10,14,W 3
2007,POR,2006-12-15,10:00p,,Los Angeles Clippers,W,,109,99,11,14,W 4
2007,POR,2006-12-20,10:00p,,Houston Rockets,W,,89,87,12,14,W 5
2007,POR,2006-12-22,10:00p,,Toronto Raptors,L,OT,100,101,12,15,L 1
2007,POR,2006-12-26,9:00p,@,Phoenix Suns,L,,87,110,12,16,L 2
2007,POR,2006-12-27,10:00p,,New Orleans/Oklahoma City Hornets,W,,100,85,13,16,W 1
2007,POR,2006-12-29,10:00p,,Philadelphia 76ers,L,,95,98,13,17,L 1
2007,POR,2006-12-30,9:00p,@,Utah Jazz,L,,86,96,13,18,L 2
2007,POR,2007-01-01,10:00p,,Boston Celtics,L,,81,89,13,19,L 3
2007,POR,2007-01-03,10:00p,,New York Knicks,L,,81,99,13,20,L 4
2007,POR,2007-01-06,10:00p,@,Sacramento Kings,W,OT,110,105,14,20,W 1
2007,POR,2007-01-07,9:00p,,Miami Heat,L,,90,93,14,21,L 1
2007,POR,2007-01-09,8:00p,@,San Antonio Spurs,L,,84,98,14,22,L 2
2007,POR,2007-01-10,8:30p,@,Dallas Mavericks,L,,74,99,14,23,L 3
2007,POR,2007-01-12,10:00p,,Sacramento Kings,W,,95,87,15,23,W 1
2007,POR,2007-01-14,9:00p,,Denver Nuggets,L,,93,109,15,24,L 1
2007,POR,2007-01-17,10:00p,,Cleveland Cavaliers,W,,94,76,16,24,W 1
2007,POR,2007-01-19,9:00p,@,Phoenix Suns,L,,101,106,16,25,L 1
2007,POR,2007-01-21,9:00p,,Milwaukee Bucks,W,,99,95,17,25,W 1
2007,POR,2007-01-24,10:00p,,Minnesota Timberwolves,W,OT,101,98,18,25,W 2
2007,POR,2007-01-26,8:30p,@,Houston Rockets,L,,69,99,18,26,L 1
2007,POR,2007-01-27,8:00p,@,Memphis Grizzlies,W,2OT,135,132,19,26,W 1
2007,POR,2007-01-29,8:00p,@,New Orleans/Oklahoma City Hornets,L,,91,103,19,27,L 1
2007,POR,2007-01-31,10:00p,,Denver Nuggets,W,,100,91,20,27,W 1
2007,POR,2007-02-02,9:00p,@,Denver Nuggets,L,OT,107,114,20,28,L 1
2007,POR,2007-02-03,10:00p,,Chicago Bulls,L,,86,88,20,29,L 2
2007,POR,2007-02-06,10:00p,,Phoenix Suns,L,OT,102,109,20,30,L 3
2007,POR,2007-02-09,7:00p,@,Charlotte Bobcats,W,OT,108,100,21,30,W 1
2007,POR,2007-02-11,1:00p,@,Washington Wizards,W,,94,73,22,30,W 2
2007,POR,2007-02-13,7:30p,@,Miami Heat,L,,85,104,22,31,L 1
2007,POR,2007-02-14,7:00p,@,Orlando Magic,L,,91,103,22,32,L 2
2007,POR,2007-02-20,10:00p,,Utah Jazz,W,,103,100,23,32,W 1
2007,POR,2007-02-21,10:30p,@,Los Angeles Lakers,W,,112,108,24,32,W 2
2007,POR,2007-02-23,10:00p,,Memphis Grizzlies,L,,102,103,24,33,L 1
2007,POR,2007-02-26,10:00p,@,Seattle SuperSonics,L,,73,97,24,34,L 2
2007,POR,2007-03-01,10:00p,,Charlotte Bobcats,W,,127,90,25,34,W 1
2007,POR,2007-03-03,10:00p,,Sacramento Kings,L,,96,104,25,35,L 1
2007,POR,2007-03-06,10:00p,,San Antonio Spurs,L,,94,99,25,36,L 2
2007,POR,2007-03-11,9:00p,,Golden State Warriors,W,,106,87,26,36,W 1
2007,POR,2007-03-13,9:00p,@,Denver Nuggets,L,,99,107,26,37,L 1
2007,POR,2007-03-14,10:00p,,Detroit Pistons,L,,75,87,26,38,L 2
2007,POR,2007-03-16,10:30p,@,Los Angeles Lakers,L,OT,111,116,26,39,L 3
2007,POR,2007-03-18,9:00p,,Seattle SuperSonics,L,,77,95,26,40,L 4
2007,POR,2007-03-20,10:00p,,Washington Wizards,W,,100,98,27,40,W 1
2007,POR,2007-03-22,7:30p,@,New York Knicks,W,,92,86,28,40,W 2
2007,POR,2007-03-23,7:30p,@,Atlanta Hawks,W,OT,102,100,29,40,W 3
2007,POR,2007-03-25,3:30p,@,Minnesota Timberwolves,L,,93,94,29,41,L 1
2007,POR,2007-03-26,8:30p,@,Chicago Bulls,L,,89,100,29,42,L 2
2007,POR,2007-03-29,10:00p,,Memphis Grizzlies,L,,92,96,29,43,L 3
2007,POR,2007-03-31,10:00p,,Los Angeles Clippers,L,,86,99,29,44,L 4
2007,POR,2007-04-04,10:00p,,Utah Jazz,W,,94,89,30,44,W 1
2007,POR,2007-04-06,8:30p,@,Houston Rockets,W,,85,78,31,44,W 2
2007,POR,2007-04-07,9:00p,@,Dallas Mavericks,L,,74,86,31,45,L 1
2007,POR,2007-04-09,8:00p,@,San Antonio Spurs,L,,96,112,31,46,L 2
2007,POR,2007-04-11,10:00p,,Houston Rockets,L,,95,99,31,47,L 3
2007,POR,2007-04-13,10:30p,@,Los Angeles Clippers,L,,89,107,31,48,L 4
2007,POR,2007-04-14,10:00p,,Seattle SuperSonics,W,,108,102,32,48,W 1
2007,POR,2007-04-16,9:00p,@,Utah Jazz,L,,93,130,32,49,L 1
2007,POR,2007-04-18,10:00p,,Golden State Warriors,L,,98,120,32,50,L 2
2007,SAC,2006-11-01,8:00p,@,Minnesota Timberwolves,L,,83,92,0,1,L 1
2007,SAC,2006-11-03,8:30p,@,Chicago Bulls,W,,89,88,1,1,W 1
2007,SAC,2006-11-04,8:30p,@,Milwaukee Bucks,L,,91,104,1,2,L 1
2007,SAC,2006-11-06,10:00p,,Minnesota Timberwolves,W,,93,81,2,2,W 1
2007,SAC,2006-11-08,10:30p,,Detroit Pistons,W,,99,86,3,2,W 2
2007,SAC,2006-11-12,9:00p,,Toronto Raptors,W,,107,92,4,2,W 3
2007,SAC,2006-11-15,9:00p,,Memphis Grizzlies,W,,115,111,5,2,W 4
2007,SAC,2006-11-16,10:30p,@,Golden State Warriors,L,,105,117,5,3,L 1
2007,SAC,2006-11-19,9:00p,,San Antonio Spurs,L,,99,108,5,4,L 2
2007,SAC,2006-11-22,10:00p,,Utah Jazz,L,,101,110,5,5,L 3
2007,SAC,2006-11-24,10:30p,@,Seattle SuperSonics,W,,109,100,6,5,W 1
2007,SAC,2006-11-25,10:00p,,Portland Trail Blazers,W,,105,85,7,5,W 2
2007,SAC,2006-11-28,10:00p,,Los Angeles Clippers,W,,93,80,8,5,W 3
2007,SAC,2006-12-01,8:30p,@,Dallas Mavericks,L,,90,109,8,6,L 1
2007,SAC,2006-12-02,8:00p,@,San Antonio Spurs,L,,98,100,8,7,L 2
2007,SAC,2006-12-04,10:00p,,Orlando Magic,L,,89,92,8,8,L 3
2007,SAC,2006-12-05,9:00p,@,Phoenix Suns,L,,102,127,8,9,L 4
2007,SAC,2006-12-07,10:30p,,Miami Heat,L,OT,91,93,8,10,L 5
2007,SAC,2006-12-10,9:00p,,Atlanta Hawks,W,,117,92,9,10,W 1
2007,SAC,2006-12-12,10:30p,@,Golden State Warriors,L,,113,126,9,11,L 1
2007,SAC,2006-12-15,9:00p,@,Utah Jazz,W,,98,97,10,11,W 1
2007,SAC,2006-12-16,10:00p,,Phoenix Suns,L,,98,105,10,12,L 1
2007,SAC,2006-12-18,10:00p,,Dallas Mavericks,L,,91,109,10,13,L 2
2007,SAC,2006-12-21,10:30p,,Washington Wizards,L,,119,126,10,14,L 3
2007,SAC,2006-12-22,9:00p,@,Denver Nuggets,W,,101,96,11,14,W 1
2007,SAC,2006-12-27,10:00p,,Philadelphia 76ers,W,,101,76,12,14,W 2
2007,SAC,2006-12-29,10:30p,@,Los Angeles Clippers,L,,93,102,12,15,L 1
2007,SAC,2006-12-30,10:00p,,Golden State Warriors,W,,119,96,13,15,W 1
2007,SAC,2007-01-02,10:00p,,New York Knicks,W,,112,100,14,15,W 2
2007,SAC,2007-01-04,10:30p,,Los Angeles Lakers,L,OT,128,132,14,16,L 1
2007,SAC,2007-01-06,10:00p,,Portland Trail Blazers,L,OT,105,110,14,17,L 2
2007,SAC,2007-01-09,10:00p,,Cleveland Cavaliers,L,,98,108,14,18,L 3
2007,SAC,2007-01-12,10:00p,@,Portland Trail Blazers,L,,87,95,14,19,L 4
2007,SAC,2007-01-13,10:00p,,Houston Rockets,L,OT,111,115,14,20,L 5
2007,SAC,2007-01-15,1:00p,@,New York Knicks,L,,97,102,14,21,L 6
2007,SAC,2007-01-17,7:00p,@,Toronto Raptors,L,,85,101,14,22,L 7
2007,SAC,2007-01-19,7:30p,@,Boston Celtics,W,,96,91,15,22,W 1
2007,SAC,2007-01-20,7:30p,@,Detroit Pistons,L,,74,91,15,23,L 1
2007,SAC,2007-01-22,10:00p,,New Jersey Nets,W,,88,87,16,23,W 1
2007,SAC,2007-01-24,10:00p,,Milwaukee Bucks,W,,114,106,17,23,W 2
2007,SAC,2007-01-26,8:00p,@,New Orleans/Oklahoma City Hornets,L,,84,88,17,24,L 1
2007,SAC,2007-01-27,8:30p,@,Dallas Mavericks,L,,104,106,17,25,L 2
2007,SAC,2007-01-29,8:00p,@,Memphis Grizzlies,L,,117,124,17,26,L 3
2007,SAC,2007-01-31,8:00p,@,Minnesota Timberwolves,W,,100,98,18,26,W 1
2007,SAC,2007-02-03,10:00p,,Denver Nuggets,W,,94,87,19,26,W 2
2007,SAC,2007-02-05,10:00p,,New Orleans/Oklahoma City Hornets,W,,105,99,20,26,W 3
2007,SAC,2007-02-08,10:30p,,Chicago Bulls,W,,86,77,21,26,W 4
2007,SAC,2007-02-10,10:00p,@,Seattle SuperSonics,W,,114,93,22,26,W 5
2007,SAC,2007-02-11,9:00p,,Seattle SuperSonics,L,,103,114,22,27,L 1
2007,SAC,2007-02-13,8:30p,@,Houston Rockets,L,OT,104,109,22,28,L 2
2007,SAC,2007-02-14,8:00p,@,New Orleans/Oklahoma City Hornets,L,,93,110,22,29,L 3
2007,SAC,2007-02-20,10:00p,,Boston Celtics,W,,104,101,23,29,W 1
2007,SAC,2007-02-22,7:00p,@,Washington Wizards,L,,106,109,23,30,L 1
2007,SAC,2007-02-23,7:30p,@,New Jersey Nets,L,,96,109,23,31,L 2
2007,SAC,2007-02-25,8:00p,@,Indiana Pacers,W,,110,93,24,31,W 1
2007,SAC,2007-02-26,7:00p,@,Philadelphia 76ers,L,,82,89,24,32,L 1
2007,SAC,2007-02-28,10:00p,,Charlotte Bobcats,W,,135,120,25,32,W 1
2007,SAC,2007-03-02,10:30p,@,Los Angeles Lakers,W,,116,108,26,32,W 2
2007,SAC,2007-03-03,10:00p,@,Portland Trail Blazers,W,,104,96,27,32,W 3
2007,SAC,2007-03-06,10:00p,,Indiana Pacers,W,,102,98,28,32,W 4
2007,SAC,2007-03-08,10:30p,,San Antonio Spurs,L,,93,100,28,33,L 1
2007,SAC,2007-03-11,3:30p,,Denver Nuggets,L,,101,113,28,34,L 2
2007,SAC,2007-03-13,7:00p,@,Cleveland Cavaliers,L,,100,124,28,35,L 3
2007,SAC,2007-03-14,7:00p,@,Charlotte Bobcats,L,,108,111,28,36,L 4
2007,SAC,2007-03-16,7:30p,@,Miami Heat,L,,97,103,28,37,L 5
2007,SAC,2007-03-17,7:00p,@,Orlando Magic,W,,95,83,29,37,W 1
2007,SAC,2007-03-19,7:00p,@,Atlanta Hawks,L,,76,99,29,38,L 1
2007,SAC,2007-03-21,10:00p,,Minnesota Timberwolves,L,,89,95,29,39,L 2
2007,SAC,2007-03-22,10:00p,@,Phoenix Suns,L,,100,118,29,40,L 3
2007,SAC,2007-03-25,3:30p,,Phoenix Suns,W,,107,100,30,40,W 1
2007,SAC,2007-03-30,10:30p,,Los Angeles Clippers,L,,101,105,30,41,L 1
2007,SAC,2007-04-01,9:30p,@,Los Angeles Lakers,L,,103,126,30,42,L 2
2007,SAC,2007-04-03,10:00p,,Dallas Mavericks,L,,93,97,30,43,L 3
2007,SAC,2007-04-04,10:00p,@,Denver Nuggets,L,,115,120,30,44,L 4
2007,SAC,2007-04-06,10:00p,,Utah Jazz,W,,107,103,31,44,W 1
2007,SAC,2007-04-08,9:00p,,Houston Rockets,L,,106,112,31,45,L 1
2007,SAC,2007-04-10,8:00p,@,Memphis Grizzlies,W,,112,100,32,45,W 1
2007,SAC,2007-04-11,8:00p,@,San Antonio Spurs,L,,100,109,32,46,L 1
2007,SAC,2007-04-13,10:00p,,Golden State Warriors,L,,108,125,32,47,L 2
2007,SAC,2007-04-15,3:30p,@,Los Angeles Clippers,W,,105,100,33,47,W 1
2007,SAC,2007-04-16,10:00p,,New Orleans/Oklahoma City Hornets,L,,118,125,33,48,L 1
2007,SAC,2007-04-18,10:00p,,Los Angeles Lakers,L,,106,117,33,49,L 2
2007,SAS,2006-11-02,8:00p,@,Dallas Mavericks,W,,97,91,1,0,W 1
2007,SAS,2006-11-03,8:00p,,Cleveland Cavaliers,L,,81,88,1,1,L 1
2007,SAS,2006-11-05,1:00p,@,Toronto Raptors,W,,103,94,2,1,W 1
2007,SAS,2006-11-06,7:30p,@,New York Knicks,W,,105,93,3,1,W 2
2007,SAS,2006-11-08,8:00p,,Phoenix Suns,W,OT,111,106,4,1,W 3
2007,SAS,2006-11-11,8:00p,,New York Knicks,W,,100,92,5,1,W 4
2007,SAS,2006-11-14,8:30p,@,Houston Rockets,W,,92,84,6,1,W 5
2007,SAS,2006-11-15,8:00p,,Charlotte Bobcats,L,OT,92,95,6,2,L 1
2007,SAS,2006-11-17,8:00p,,Chicago Bulls,W,,100,83,7,2,W 1
2007,SAS,2006-11-19,9:00p,@,Sacramento Kings,W,,108,99,8,2,W 2
2007,SAS,2006-11-20,10:00p,@,Portland Trail Blazers,W,,107,98,9,2,W 3
2007,SAS,2006-11-22,7:30p,,Miami Heat,W,,106,86,10,2,W 4
2007,SAS,2006-11-24,8:00p,,Dallas Mavericks,L,,92,95,10,3,L 1
2007,SAS,2006-11-26,9:00p,@,Seattle SuperSonics,W,,98,78,11,3,W 1
2007,SAS,2006-11-27,10:30p,@,Golden State Warriors,L,,102,111,11,4,L 1
2007,SAS,2006-11-29,9:00p,@,Utah Jazz,L,,75,83,11,5,L 2
2007,SAS,2006-12-02,8:00p,,Sacramento Kings,W,,100,98,12,5,W 1
2007,SAS,2006-12-04,8:00p,,Golden State Warriors,W,,129,89,13,5,W 2
2007,SAS,2006-12-06,7:00p,@,Charlotte Bobcats,W,,96,76,14,5,W 3
2007,SAS,2006-12-08,8:00p,,Los Angeles Clippers,W,,111,82,15,5,W 4
2007,SAS,2006-12-10,9:30p,@,Los Angeles Lakers,L,,99,106,15,6,L 1
2007,SAS,2006-12-11,10:30p,@,Los Angeles Clippers,W,,103,81,16,6,W 1
2007,SAS,2006-12-13,8:00p,,Minnesota Timberwolves,W,,95,82,17,6,W 2
2007,SAS,2006-12-14,9:30p,@,New Orleans/Oklahoma City Hornets,W,,103,77,18,6,W 3
2007,SAS,2006-12-16,8:00p,,Philadelphia 76ers,W,,103,98,19,6,W 4
2007,SAS,2006-12-20,8:00p,,Memphis Grizzlies,W,,105,98,20,6,W 5
2007,SAS,2006-12-22,8:00p,,Houston Rockets,L,,78,97,20,7,L 1
2007,SAS,2006-12-23,8:00p,@,New Orleans/Oklahoma City Hornets,W,,112,77,21,7,W 1
2007,SAS,2006-12-26,8:00p,,Milwaukee Bucks,L,,107,114,21,8,L 1
2007,SAS,2006-12-28,8:00p,,Utah Jazz,W,,106,83,22,8,W 1
2007,SAS,2006-12-31,3:30p,,Atlanta Hawks,W,,95,81,23,8,W 2
2007,SAS,2007-01-02,7:00p,@,Cleveland Cavaliers,L,,78,82,23,9,L 1
2007,SAS,2007-01-03,8:00p,@,Minnesota Timberwolves,L,OT,101,103,23,10,L 2
2007,SAS,2007-01-05,8:00p,,Dallas Mavericks,L,,85,90,23,11,L 3
2007,SAS,2007-01-07,4:00p,@,Memphis Grizzlies,W,,110,96,24,11,W 1
2007,SAS,2007-01-09,8:00p,,Portland Trail Blazers,W,,98,84,25,11,W 2
2007,SAS,2007-01-10,9:00p,@,Denver Nuggets,W,,92,83,26,11,W 3
2007,SAS,2007-01-13,8:00p,,Washington Wizards,W,,93,80,27,11,W 4
2007,SAS,2007-01-15,2:00p,@,Chicago Bulls,L,,87,99,27,12,L 1
2007,SAS,2007-01-17,9:00p,,Los Angeles Lakers,L,,96,100,27,13,L 2
2007,SAS,2007-01-19,8:00p,,New Orleans/Oklahoma City Hornets,W,,99,86,28,13,W 1
2007,SAS,2007-01-21,6:00p,@,Philadelphia 76ers,W,,99,85,29,13,W 2
2007,SAS,2007-01-22,7:30p,@,Boston Celtics,W,,93,89,30,13,W 3
2007,SAS,2007-01-24,9:00p,,Houston Rockets,L,,85,90,30,14,L 1
2007,SAS,2007-01-26,8:00p,,Memphis Grizzlies,W,,112,96,31,14,W 1
2007,SAS,2007-01-28,3:30p,@,Los Angeles Lakers,W,OT,96,94,32,14,W 2
2007,SAS,2007-01-31,9:00p,@,Utah Jazz,L,,93,97,32,15,L 1
2007,SAS,2007-02-01,10:30p,@,Phoenix Suns,L,,87,103,32,16,L 2
2007,SAS,2007-02-07,7:00p,@,Washington Wizards,W,,110,83,33,16,W 1
2007,SAS,2007-02-09,7:00p,@,Orlando Magic,L,,104,106,33,17,L 1
2007,SAS,2007-02-11,1:00p,@,Miami Heat,L,,85,100,33,18,L 2
2007,SAS,2007-02-13,7:30p,@,New Jersey Nets,W,,107,82,34,18,W 1
2007,SAS,2007-02-14,7:30p,@,Detroit Pistons,W,,90,81,35,18,W 2
2007,SAS,2007-02-20,8:00p,,Denver Nuggets,W,,95,80,36,18,W 3
2007,SAS,2007-02-21,7:00p,@,Atlanta Hawks,W,,103,96,37,18,W 4
2007,SAS,2007-02-24,8:00p,,Seattle SuperSonics,W,,102,71,38,18,W 5
2007,SAS,2007-02-26,8:00p,,Toronto Raptors,W,,107,91,39,18,W 6
2007,SAS,2007-03-02,8:00p,,Orlando Magic,W,,98,74,40,18,W 7
2007,SAS,2007-03-03,8:30p,@,Houston Rockets,W,,97,74,41,18,W 8
2007,SAS,2007-03-05,10:30p,@,Los Angeles Clippers,W,,88,74,42,18,W 9
2007,SAS,2007-03-06,10:00p,@,Portland Trail Blazers,W,,99,94,43,18,W 10
2007,SAS,2007-03-08,10:30p,@,Sacramento Kings,W,,100,93,44,18,W 11
2007,SAS,2007-03-10,8:00p,,New Jersey Nets,W,,93,77,45,18,W 12
2007,SAS,2007-03-13,8:00p,,Los Angeles Clippers,W,,93,84,46,18,W 13
2007,SAS,2007-03-15,8:00p,@,Milwaukee Bucks,L,,90,101,46,19,L 1
2007,SAS,2007-03-17,8:00p,,Boston Celtics,L,,85,91,46,20,L 2
2007,SAS,2007-03-21,8:00p,,Indiana Pacers,W,,90,72,47,20,W 1
2007,SAS,2007-03-23,8:00p,,Detroit Pistons,W,,90,89,48,20,W 2
2007,SAS,2007-03-25,9:00p,@,Seattle SuperSonics,W,,120,79,49,20,W 3
2007,SAS,2007-03-26,10:30p,@,Golden State Warriors,W,,126,89,50,20,W 4
2007,SAS,2007-03-28,8:00p,,New Orleans/Oklahoma City Hornets,W,,92,88,51,20,W 5
2007,SAS,2007-03-30,8:00p,,Utah Jazz,W,,102,93,52,20,W 6
2007,SAS,2007-04-01,7:00p,@,Indiana Pacers,L,,99,100,52,21,L 1
2007,SAS,2007-04-03,8:00p,,Seattle SuperSonics,W,,110,91,53,21,W 1
2007,SAS,2007-04-05,9:30p,,Phoenix Suns,W,,92,85,54,21,W 2
2007,SAS,2007-04-07,8:00p,,Golden State Warriors,W,,112,99,55,21,W 3
2007,SAS,2007-04-09,8:00p,,Portland Trail Blazers,W,,112,96,56,21,W 4
2007,SAS,2007-04-11,8:00p,,Sacramento Kings,W,,109,100,57,21,W 5
2007,SAS,2007-04-13,8:00p,@,Minnesota Timberwolves,W,,110,91,58,21,W 6
2007,SAS,2007-04-15,3:30p,@,Dallas Mavericks,L,,86,91,58,22,L 1
2007,SAS,2007-04-16,8:00p,@,Memphis Grizzlies,L,,91,101,58,23,L 2
2007,SAS,2007-04-18,8:00p,,Denver Nuggets,L,,77,100,58,24,L 3
2007,SAS,2007-04-22,7:00p,,Denver Nuggets,L,,89,95,0,1,L 1
2007,SAS,2007-04-25,7:00p,,Denver Nuggets,W,,97,88,1,1,W 1
2007,SAS,2007-04-28,8:00p,@,Denver Nuggets,W,,96,91,2,1,W 2
2007,SAS,2007-04-30,10:30p,@,Denver Nuggets,W,,96,89,3,1,W 3
2007,SAS,2007-05-02,8:00p,,Denver Nuggets,W,,93,78,4,1,W 4
2007,SAS,2007-05-06,3:30p,@,Phoenix Suns,W,,111,106,5,1,W 5
2007,SAS,2007-05-08,10:30p,@,Phoenix Suns,L,,81,101,5,2,L 1
2007,SAS,2007-05-12,8:00p,,Phoenix Suns,W,,108,101,6,2,W 1
2007,SAS,2007-05-14,9:30p,,Phoenix Suns,L,,98,104,6,3,L 1
2007,SAS,2007-05-16,10:30p,@,Phoenix Suns,W,,88,85,7,3,W 1
2007,SAS,2007-05-18,9:30p,,Phoenix Suns,W,,114,106,8,3,W 2
2007,SAS,2007-05-20,3:30p,,Utah Jazz,W,,108,100,9,3,W 3
2007,SAS,2007-05-22,9:00p,,Utah Jazz,W,,105,96,10,3,W 4
2007,SAS,2007-05-26,8:30p,@,Utah Jazz,L,,83,109,10,4,L 1
2007,SAS,2007-05-28,9:00p,@,Utah Jazz,W,,91,79,11,4,W 1
2007,SAS,2007-05-30,9:00p,,Utah Jazz,W,,109,84,12,4,W 2
2007,SAS,2007-06-07,9:00p,,Cleveland Cavaliers,W,,85,76,13,4,W 3
2007,SAS,2007-06-10,9:00p,,Cleveland Cavaliers,W,,103,92,14,4,W 4
2007,SAS,2007-06-12,9:00p,@,Cleveland Cavaliers,W,,75,72,15,4,W 5
2007,SAS,2007-06-14,9:00p,@,Cleveland Cavaliers,W,,83,82,16,4,W 6
2007,SEA,2006-11-01,10:00p,,Portland Trail Blazers,L,,106,110,0,1,L 1
2007,SEA,2006-11-03,10:30p,@,Los Angeles Lakers,L,,112,118,0,2,L 2
2007,SEA,2006-11-05,9:00p,,Los Angeles Lakers,W,,117,101,1,2,W 1
2007,SEA,2006-11-07,7:30p,@,Miami Heat,L,,87,90,1,3,L 1
2007,SEA,2006-11-08,7:00p,@,Orlando Magic,L,,87,88,1,4,L 2
2007,SEA,2006-11-10,7:00p,@,Charlotte Bobcats,W,,99,85,2,4,W 1
2007,SEA,2006-11-11,7:00p,@,Atlanta Hawks,W,OT,113,112,3,4,W 2
2007,SEA,2006-11-13,7:30p,@,New Jersey Nets,W,,119,113,4,4,W 3
2007,SEA,2006-11-15,10:00p,,Philadelphia 76ers,L,,90,96,4,5,L 1
2007,SEA,2006-11-17,10:30p,,Utah Jazz,L,,109,118,4,6,L 2
2007,SEA,2006-11-18,10:30p,@,Golden State Warriors,L,,95,107,4,7,L 3
2007,SEA,2006-11-20,10:00p,,New Jersey Nets,W,,99,87,5,7,W 1
2007,SEA,2006-11-22,10:30p,@,Los Angeles Clippers,W,,95,85,6,7,W 2
2007,SEA,2006-11-24,10:30p,,Sacramento Kings,L,,100,109,6,8,L 1
2007,SEA,2006-11-26,9:00p,,San Antonio Spurs,L,,78,98,6,9,L 2
2007,SEA,2006-11-29,10:00p,,Orlando Magic,L,,84,94,6,10,L 3
2007,SEA,2006-12-01,10:30p,,Indiana Pacers,W,,105,103,7,10,W 1
2007,SEA,2006-12-02,9:00p,@,Utah Jazz,L,,107,109,7,11,L 1
2007,SEA,2006-12-05,10:00p,,Atlanta Hawks,W,,102,87,8,11,W 1
2007,SEA,2006-12-08,10:30p,,New Orleans/Oklahoma City Hornets,W,,94,74,9,11,W 2
2007,SEA,2006-12-10,9:00p,,Golden State Warriors,W,,117,115,10,11,W 3
2007,SEA,2006-12-12,8:00p,@,Milwaukee Bucks,L,,93,94,10,12,L 1
2007,SEA,2006-12-13,8:30p,@,Chicago Bulls,L,,84,99,10,13,L 2
2007,SEA,2006-12-15,7:30p,@,Cleveland Cavaliers,L,,84,106,10,14,L 3
2007,SEA,2006-12-17,6:00p,@,Detroit Pistons,L,,93,97,10,15,L 4
2007,SEA,2006-12-18,8:00p,@,Memphis Grizzlies,L,2OT,126,134,10,16,L 5
2007,SEA,2006-12-20,10:30p,,Dallas Mavericks,L,,95,103,10,17,L 6
2007,SEA,2006-12-23,10:00p,,Toronto Raptors,W,,110,97,11,17,W 1
2007,SEA,2006-12-26,10:00p,,New Orleans/Oklahoma City Hornets,W,,102,94,12,17,W 2
2007,SEA,2006-12-28,10:30p,@,Denver Nuggets,L,,98,112,12,18,L 1
2007,SEA,2006-12-29,8:00p,@,Minnesota Timberwolves,L,,82,101,12,19,L 2
2007,SEA,2006-12-31,10:00p,,Boston Celtics,W,,101,95,13,19,W 1
2007,SEA,2007-01-02,8:30p,@,Dallas Mavericks,L,,88,112,13,20,L 1
2007,SEA,2007-01-03,8:30p,@,Houston Rockets,L,,96,103,13,21,L 2
2007,SEA,2007-01-05,10:30p,,New York Knicks,L,,93,111,13,22,L 3
2007,SEA,2007-01-06,10:30p,@,Golden State Warriors,L,,104,108,13,23,L 4
2007,SEA,2007-01-09,9:00p,@,Phoenix Suns,L,,102,113,13,24,L 5
2007,SEA,2007-01-10,10:00p,,Miami Heat,L,,103,107,13,25,L 6
2007,SEA,2007-01-12,10:30p,,Utah Jazz,W,OT,122,114,14,25,W 1
2007,SEA,2007-01-16,10:00p,,Cleveland Cavaliers,W,,101,96,15,25,W 2
2007,SEA,2007-01-19,10:30p,,Milwaukee Bucks,W,,99,72,16,25,W 3
2007,SEA,2007-01-23,10:00p,,Denver Nuggets,L,,112,117,16,26,L 1
2007,SEA,2007-01-26,10:30p,,Minnesota Timberwolves,W,,102,100,17,26,W 1
2007,SEA,2007-01-28,10:00p,,Los Angeles Clippers,L,,76,98,17,27,L 1
2007,SEA,2007-01-30,8:30p,@,Dallas Mavericks,L,,102,122,17,28,L 2
2007,SEA,2007-01-31,8:30p,@,Houston Rockets,L,,102,112,17,29,L 3
2007,SEA,2007-02-02,10:30p,,Chicago Bulls,L,,101,107,17,30,L 4
2007,SEA,2007-02-05,7:00p,@,Washington Wizards,L,,108,118,17,31,L 5
2007,SEA,2007-02-07,7:00p,@,Indiana Pacers,W,,103,102,18,31,W 1
2007,SEA,2007-02-10,10:00p,,Sacramento Kings,L,,93,114,18,32,L 1
2007,SEA,2007-02-11,9:00p,@,Sacramento Kings,W,,114,103,19,32,W 1
2007,SEA,2007-02-14,10:00p,,Phoenix Suns,W,,114,90,20,32,W 2
2007,SEA,2007-02-20,10:00p,,Memphis Grizzlies,W,,121,105,21,32,W 3
2007,SEA,2007-02-23,8:00p,@,New Orleans/Oklahoma City Hornets,L,,97,98,21,33,L 1
2007,SEA,2007-02-24,8:00p,@,San Antonio Spurs,L,,71,102,21,34,L 2
2007,SEA,2007-02-26,10:00p,,Portland Trail Blazers,W,,97,73,22,34,W 1
2007,SEA,2007-02-28,10:30p,@,Los Angeles Clippers,L,,91,96,22,35,L 1
2007,SEA,2007-03-01,10:30p,,Los Angeles Clippers,W,,77,75,23,35,W 1
2007,SEA,2007-03-04,9:00p,,Charlotte Bobcats,W,,96,89,24,35,W 2
2007,SEA,2007-03-06,7:30p,@,New York Knicks,W,,100,99,25,35,W 3
2007,SEA,2007-03-07,7:00p,@,Philadelphia 76ers,L,,89,92,25,36,L 1
2007,SEA,2007-03-09,7:30p,@,Boston Celtics,L,,103,118,25,37,L 2
2007,SEA,2007-03-11,1:00p,@,Toronto Raptors,L,OT,119,120,25,38,L 3
2007,SEA,2007-03-13,10:00p,,Detroit Pistons,L,,97,101,25,39,L 4
2007,SEA,2007-03-17,10:00p,,Golden State Warriors,L,,98,99,25,40,L 5
2007,SEA,2007-03-18,9:00p,@,Portland Trail Blazers,W,,95,77,26,40,W 1
2007,SEA,2007-03-21,10:00p,,Washington Wizards,L,,106,108,26,41,L 1
2007,SEA,2007-03-23,10:30p,,Minnesota Timberwolves,W,,85,82,27,41,W 1
2007,SEA,2007-03-25,9:00p,,San Antonio Spurs,L,,79,120,27,42,L 1
2007,SEA,2007-03-27,8:00p,@,Minnesota Timberwolves,W,,114,106,28,42,W 1
2007,SEA,2007-03-28,9:00p,@,Denver Nuggets,W,,100,97,29,42,W 2
2007,SEA,2007-03-30,10:30p,,Memphis Grizzlies,W,,120,93,30,42,W 3
2007,SEA,2007-04-01,9:00p,,Denver Nuggets,L,,103,114,30,43,L 1
2007,SEA,2007-04-03,8:00p,@,San Antonio Spurs,L,,91,110,30,44,L 2
2007,SEA,2007-04-04,8:00p,@,New Orleans/Oklahoma City Hornets,L,OT,92,101,30,45,L 3
2007,SEA,2007-04-06,10:30p,,Los Angeles Lakers,L,,109,112,30,46,L 4
2007,SEA,2007-04-07,9:00p,@,Utah Jazz,W,,106,103,31,46,W 1
2007,SEA,2007-04-09,10:00p,,Houston Rockets,L,,90,95,31,47,L 1
2007,SEA,2007-04-11,10:00p,@,Phoenix Suns,L,,91,109,31,48,L 2
2007,SEA,2007-04-14,10:00p,@,Portland Trail Blazers,L,,102,108,31,49,L 3
2007,SEA,2007-04-15,9:30p,@,Los Angeles Lakers,L,,98,109,31,50,L 4
2007,SEA,2007-04-18,10:00p,,Dallas Mavericks,L,,75,106,31,51,L 5
2007,TOR,2006-11-01,7:30p,@,New Jersey Nets,L,,92,102,0,1,L 1
2007,TOR,2006-11-03,7:00p,,Milwaukee Bucks,W,,109,92,1,1,W 1
2007,TOR,2006-11-05,1:00p,,San Antonio Spurs,L,,94,103,1,2,L 1
2007,TOR,2006-11-08,7:00p,,Philadelphia 76ers,W,,106,104,2,2,W 1
2007,TOR,2006-11-10,7:00p,,Atlanta Hawks,L,,102,111,2,3,L 1
2007,TOR,2006-11-12,9:00p,@,Sacramento Kings,L,,92,107,2,4,L 2
2007,TOR,2006-11-14,10:30p,@,Golden State Warriors,L,,99,110,2,5,L 3
2007,TOR,2006-11-17,10:30p,@,Los Angeles Lakers,L,,100,107,2,6,L 4
2007,TOR,2006-11-18,9:00p,@,Denver Nuggets,L,,109,117,2,7,L 5
2007,TOR,2006-11-20,9:00p,@,Utah Jazz,L,,96,101,2,8,L 6
2007,TOR,2006-11-22,7:00p,,Cleveland Cavaliers,W,,95,87,3,8,W 1
2007,TOR,2006-11-24,7:30p,@,Atlanta Hawks,L,,93,97,3,9,L 1
2007,TOR,2006-11-26,1:00p,,Indiana Pacers,W,,92,83,4,9,W 1
2007,TOR,2006-11-28,8:00p,@,New Orleans/Oklahoma City Hornets,W,,94,77,5,9,W 2
2007,TOR,2006-11-29,8:30p,@,Dallas Mavericks,L,,98,117,5,10,L 1
2007,TOR,2006-12-01,7:00p,,Boston Celtics,W,,106,102,6,10,W 1
2007,TOR,2006-12-02,8:00p,@,New York Knicks,W,,103,100,7,10,W 2
2007,TOR,2006-12-06,7:00p,@,Cleveland Cavaliers,L,,91,95,7,11,L 1
2007,TOR,2006-12-08,8:30p,@,Chicago Bulls,L,,90,93,7,12,L 2
2007,TOR,2006-12-10,1:00p,,Portland Trail Blazers,L,,83,93,7,13,L 3
2007,TOR,2006-12-11,7:30p,@,Miami Heat,L,,77,99,7,14,L 4
2007,TOR,2006-12-13,7:00p,@,Orlando Magic,W,,91,84,8,14,W 1
2007,TOR,2006-12-15,7:00p,,New Jersey Nets,W,,90,78,9,14,W 2
2007,TOR,2006-12-17,1:00p,,Golden State Warriors,W,,120,115,10,14,W 3
2007,TOR,2006-12-19,9:00p,@,Phoenix Suns,L,,98,115,10,15,L 1
2007,TOR,2006-12-20,10:30p,@,Los Angeles Clippers,W,,98,96,11,15,W 1
2007,TOR,2006-12-22,10:00p,@,Portland Trail Blazers,W,OT,101,100,12,15,W 2
2007,TOR,2006-12-23,10:00p,@,Seattle SuperSonics,L,,97,110,12,16,L 1
2007,TOR,2006-12-27,7:00p,,Minnesota Timberwolves,W,,100,97,13,16,W 1
2007,TOR,2006-12-29,7:00p,,Chicago Bulls,L,,97,107,13,17,L 1
2007,TOR,2006-12-30,8:00p,@,Memphis Grizzlies,L,,104,110,13,18,L 2
2007,TOR,2007-01-03,7:00p,,Phoenix Suns,L,,98,100,13,19,L 3
2007,TOR,2007-01-05,7:00p,,Atlanta Hawks,W,,105,92,14,19,W 1
2007,TOR,2007-01-07,1:00p,,Washington Wizards,W,,116,111,15,19,W 2
2007,TOR,2007-01-09,7:30p,@,New Jersey Nets,L,,86,101,15,20,L 1
2007,TOR,2007-01-10,8:00p,@,Milwaukee Bucks,W,,90,77,16,20,W 1
2007,TOR,2007-01-12,7:30p,@,Boston Celtics,W,,95,86,17,20,W 2
2007,TOR,2007-01-14,1:00p,,Dallas Mavericks,L,,96,97,17,21,L 1
2007,TOR,2007-01-15,2:00p,@,Philadelphia 76ers,W,,104,86,18,21,W 1
2007,TOR,2007-01-17,7:00p,,Sacramento Kings,W,,101,85,19,21,W 2
2007,TOR,2007-01-19,7:00p,,Utah Jazz,L,,94,102,19,22,L 1
2007,TOR,2007-01-22,7:00p,,Charlotte Bobcats,W,,105,84,20,22,W 1
2007,TOR,2007-01-24,7:00p,,New Orleans/Oklahoma City Hornets,W,,90,88,21,22,W 2
2007,TOR,2007-01-26,7:00p,,Boston Celtics,W,,96,90,22,22,W 3
2007,TOR,2007-01-27,7:00p,@,Indiana Pacers,L,,84,102,22,23,L 1
2007,TOR,2007-01-31,7:00p,,Washington Wizards,W,,119,109,23,23,W 1
2007,TOR,2007-02-02,7:30p,@,Atlanta Hawks,W,,103,91,24,23,W 2
2007,TOR,2007-02-04,12:00p,,Los Angeles Clippers,W,,122,110,25,23,W 3
2007,TOR,2007-02-07,7:00p,,Orlando Magic,W,,113,103,26,23,W 4
2007,TOR,2007-02-09,7:00p,,Los Angeles Lakers,W,,96,92,27,23,W 5
2007,TOR,2007-02-10,7:30p,@,Detroit Pistons,L,,92,98,27,24,L 1
2007,TOR,2007-02-13,8:30p,@,Chicago Bulls,W,,112,111,28,24,W 1
2007,TOR,2007-02-14,7:00p,,New Jersey Nets,W,,120,109,29,24,W 2
2007,TOR,2007-02-21,7:00p,,Cleveland Cavaliers,L,,85,86,29,25,L 1
2007,TOR,2007-02-23,7:00p,,Indiana Pacers,W,,110,88,30,25,W 1
2007,TOR,2007-02-24,7:00p,@,Charlotte Bobcats,W,,93,76,31,25,W 2
2007,TOR,2007-02-26,8:00p,@,San Antonio Spurs,L,,91,107,31,26,L 1
2007,TOR,2007-02-28,8:30p,@,Houston Rockets,W,,106,90,32,26,W 1
2007,TOR,2007-03-02,7:00p,,Milwaukee Bucks,L,,81,94,32,27,L 1
2007,TOR,2007-03-03,7:30p,@,Cleveland Cavaliers,L,,97,120,32,28,L 2
2007,TOR,2007-03-06,7:00p,@,Washington Wizards,L,,109,129,32,29,L 3
2007,TOR,2007-03-07,7:00p,,Memphis Grizzlies,W,,94,87,33,29,W 1
2007,TOR,2007-03-11,1:00p,,Seattle SuperSonics,W,OT,120,119,34,29,W 2
2007,TOR,2007-03-12,8:00p,@,Milwaukee Bucks,W,,108,93,35,29,W 3
2007,TOR,2007-03-14,7:00p,,New York Knicks,W,,104,94,36,29,W 4
2007,TOR,2007-03-16,7:00p,,Houston Rockets,L,,100,114,36,30,L 1
2007,TOR,2007-03-18,12:00p,@,New York Knicks,L,,74,92,36,31,L 2
2007,TOR,2007-03-21,7:00p,,Orlando Magic,W,,92,85,37,31,W 1
2007,TOR,2007-03-23,7:00p,,Denver Nuggets,W,,121,94,38,31,W 2
2007,TOR,2007-03-26,7:30p,@,Boston Celtics,L,,87,95,38,32,L 1
2007,TOR,2007-03-28,7:00p,,Miami Heat,W,,96,83,39,32,W 1
2007,TOR,2007-03-30,7:00p,@,Washington Wizards,W,OT,123,118,40,32,W 2
2007,TOR,2007-04-01,6:00p,,Charlotte Bobcats,W,,107,94,41,32,W 3
2007,TOR,2007-04-03,7:30p,@,Miami Heat,L,,89,92,41,33,L 1
2007,TOR,2007-04-04,7:00p,@,Orlando Magic,W,,111,108,42,33,W 1
2007,TOR,2007-04-06,7:00p,@,Philadelphia 76ers,W,,94,85,43,33,W 2
2007,TOR,2007-04-08,6:00p,,Chicago Bulls,W,,103,89,44,33,W 3
2007,TOR,2007-04-09,8:00p,@,Minnesota Timberwolves,W,,111,100,45,33,W 4
2007,TOR,2007-04-13,7:00p,,Detroit Pistons,W,,87,84,46,33,W 5
2007,TOR,2007-04-15,6:00p,,New York Knicks,W,,107,105,47,33,W 6
2007,TOR,2007-04-17,7:30p,@,Detroit Pistons,L,,84,100,47,34,L 1
2007,TOR,2007-04-18,7:00p,,Philadelphia 76ers,L,,119,122,47,35,L 2
2007,TOR,2007-04-21,12:30p,,New Jersey Nets,L,,91,96,0,1,L 1
2007,TOR,2007-04-24,7:00p,,New Jersey Nets,W,,89,83,1,1,W 1
2007,TOR,2007-04-27,7:00p,@,New Jersey Nets,L,,89,102,1,2,L 1
2007,TOR,2007-04-29,7:30p,@,New Jersey Nets,L,,81,102,1,3,L 2
2007,TOR,2007-05-01,7:00p,,New Jersey Nets,W,,98,96,2,3,W 1
2007,TOR,2007-05-04,8:00p,@,New Jersey Nets,L,,97,98,2,4,L 1
2007,UTA,2006-11-01,9:00p,,Houston Rockets,W,,107,97,1,0,W 1
2007,UTA,2006-11-03,9:00p,@,Phoenix Suns,W,,108,104,2,0,W 2
2007,UTA,2006-11-04,9:00p,,Golden State Warriors,W,,106,82,3,0,W 3
2007,UTA,2006-11-06,9:00p,,Detroit Pistons,W,,103,101,4,0,W 4
2007,UTA,2006-11-08,7:30p,@,New Jersey Nets,L,,89,96,4,1,L 1
2007,UTA,2006-11-10,7:30p,@,Boston Celtics,W,,107,100,5,1,W 1
2007,UTA,2006-11-11,8:30p,@,Milwaukee Bucks,W,,113,111,6,1,W 2
2007,UTA,2006-11-14,9:00p,,Los Angeles Clippers,W,,112,90,7,1,W 3
2007,UTA,2006-11-17,10:30p,@,Seattle SuperSonics,W,,118,109,8,1,W 4
2007,UTA,2006-11-18,9:00p,,Phoenix Suns,W,OT,120,117,9,1,W 5
2007,UTA,2006-11-20,9:00p,,Toronto Raptors,W,,101,96,10,1,W 6
2007,UTA,2006-11-22,10:00p,@,Sacramento Kings,W,,110,101,11,1,W 7
2007,UTA,2006-11-24,9:00p,,Los Angeles Lakers,W,,114,108,12,1,W 8
2007,UTA,2006-11-25,10:30p,@,Golden State Warriors,L,,78,91,12,2,L 1
2007,UTA,2006-11-27,9:00p,,Orlando Magic,L,,75,88,12,3,L 2
2007,UTA,2006-11-29,9:00p,,San Antonio Spurs,W,,83,75,13,3,W 1
2007,UTA,2006-11-30,10:30p,@,Los Angeles Lakers,L,,102,132,13,4,L 1
2007,UTA,2006-12-02,9:00p,,Seattle SuperSonics,W,,109,107,14,4,W 1
2007,UTA,2006-12-04,9:00p,,Milwaukee Bucks,W,,101,88,15,4,W 2
2007,UTA,2006-12-08,8:00p,@,Minnesota Timberwolves,L,,103,110,15,5,L 1
2007,UTA,2006-12-11,9:00p,,Dallas Mavericks,W,,101,79,16,5,W 1
2007,UTA,2006-12-13,10:30p,@,Los Angeles Clippers,W,,105,86,17,5,W 2
2007,UTA,2006-12-15,9:00p,,Sacramento Kings,L,,97,98,17,6,L 1
2007,UTA,2006-12-17,2:30p,@,Indiana Pacers,W,,104,94,18,6,W 1
2007,UTA,2006-12-18,7:30p,@,New York Knicks,L,OT,96,97,18,7,L 1
2007,UTA,2006-12-20,7:00p,@,Atlanta Hawks,W,,112,106,19,7,W 1
2007,UTA,2006-12-22,7:00p,@,Charlotte Bobcats,L,,89,101,19,8,L 1
2007,UTA,2006-12-23,8:00p,@,Memphis Grizzlies,W,,100,97,20,8,W 1
2007,UTA,2006-12-26,9:00p,,Los Angeles Clippers,W,,102,92,21,8,W 2
2007,UTA,2006-12-28,8:00p,@,San Antonio Spurs,L,,83,106,21,9,L 1
2007,UTA,2006-12-30,9:00p,,Portland Trail Blazers,W,,96,86,22,9,W 1
2007,UTA,2007-01-03,9:00p,,Philadelphia 76ers,W,,98,87,23,9,W 2
2007,UTA,2007-01-05,8:30p,@,Houston Rockets,L,,86,100,23,10,L 1
2007,UTA,2007-01-06,9:00p,@,Denver Nuggets,W,,96,84,24,10,W 1
2007,UTA,2007-01-09,9:00p,,Dallas Mavericks,L,,105,108,24,11,L 1
2007,UTA,2007-01-12,10:30p,@,Seattle SuperSonics,L,OT,114,122,24,12,L 2
2007,UTA,2007-01-13,9:00p,,Miami Heat,L,,110,119,24,13,L 3
2007,UTA,2007-01-15,1:00p,@,Washington Wizards,L,,111,114,24,14,L 4
2007,UTA,2007-01-17,7:30p,@,Detroit Pistons,W,,100,99,25,14,W 1
2007,UTA,2007-01-19,7:00p,@,Toronto Raptors,W,,102,94,26,14,W 2
2007,UTA,2007-01-20,8:30p,@,Chicago Bulls,W,,95,85,27,14,W 3
2007,UTA,2007-01-22,9:00p,,Minnesota Timberwolves,W,,106,91,28,14,W 4
2007,UTA,2007-01-24,9:00p,,Memphis Grizzlies,L,OT,130,132,28,15,L 1
2007,UTA,2007-01-26,9:00p,,Denver Nuggets,W,,116,111,29,15,W 1
2007,UTA,2007-01-27,8:00p,@,New Orleans/Oklahoma City Hornets,L,,83,94,29,16,L 1
2007,UTA,2007-01-29,9:00p,,New Jersey Nets,L,,115,116,29,17,L 2
2007,UTA,2007-01-31,9:00p,,San Antonio Spurs,W,,97,93,30,17,W 1
2007,UTA,2007-02-03,9:00p,@,Phoenix Suns,W,,108,105,31,17,W 2
2007,UTA,2007-02-05,9:00p,,Chicago Bulls,W,,100,95,32,17,W 3
2007,UTA,2007-02-10,9:00p,,New York Knicks,W,OT,104,102,33,17,W 4
2007,UTA,2007-02-12,9:00p,,Atlanta Hawks,W,,102,76,34,17,W 5
2007,UTA,2007-02-14,9:00p,,Cleveland Cavaliers,W,,99,98,35,17,W 6
2007,UTA,2007-02-20,10:00p,@,Portland Trail Blazers,L,,100,103,35,18,L 1
2007,UTA,2007-02-23,10:30p,@,Denver Nuggets,W,,114,104,36,18,W 1
2007,UTA,2007-02-24,9:00p,,Boston Celtics,W,,105,87,37,18,W 2
2007,UTA,2007-02-26,9:00p,,Los Angeles Lakers,L,,94,102,37,19,L 1
2007,UTA,2007-02-28,8:00p,@,Memphis Grizzlies,W,,104,88,38,19,W 1
2007,UTA,2007-03-02,8:00p,@,Minnesota Timberwolves,W,,109,83,39,19,W 2
2007,UTA,2007-03-04,8:00p,@,New Orleans/Oklahoma City Hornets,W,,108,94,40,19,W 3
2007,UTA,2007-03-05,9:00p,,Charlotte Bobcats,W,,120,95,41,19,W 4
2007,UTA,2007-03-07,9:00p,,Indiana Pacers,W,,94,72,42,19,W 5
2007,UTA,2007-03-10,9:00p,,New Orleans/Oklahoma City Hornets,W,,96,86,43,19,W 6
2007,UTA,2007-03-13,7:30p,@,Miami Heat,L,,86,88,43,20,L 1
2007,UTA,2007-03-14,7:00p,@,Orlando Magic,L,,90,101,43,21,L 2
2007,UTA,2007-03-16,7:00p,@,Philadelphia 76ers,L,,88,89,43,22,L 3
2007,UTA,2007-03-17,7:30p,@,Cleveland Cavaliers,L,,73,82,43,23,L 4
2007,UTA,2007-03-20,9:00p,,Golden State Warriors,W,,104,100,44,23,W 1
2007,UTA,2007-03-23,10:30p,@,Los Angeles Clippers,L,,72,104,44,24,L 1
2007,UTA,2007-03-24,9:00p,,Memphis Grizzlies,W,,118,108,45,24,W 1
2007,UTA,2007-03-26,9:00p,,Washington Wizards,W,,103,97,46,24,W 2
2007,UTA,2007-03-28,9:00p,,Minnesota Timberwolves,W,,108,102,47,24,W 3
2007,UTA,2007-03-30,8:00p,@,San Antonio Spurs,L,,93,102,47,25,L 1
2007,UTA,2007-04-01,6:00p,@,Houston Rockets,W,,86,83,48,25,W 1
2007,UTA,2007-04-04,10:00p,@,Portland Trail Blazers,L,,89,94,48,26,L 1
2007,UTA,2007-04-06,10:00p,@,Sacramento Kings,L,,103,107,48,27,L 2
2007,UTA,2007-04-07,9:00p,,Seattle SuperSonics,L,,103,106,48,28,L 3
2007,UTA,2007-04-09,10:30p,@,Golden State Warriors,L,,102,126,48,29,L 4
2007,UTA,2007-04-11,9:00p,,Denver Nuggets,L,,106,115,48,30,L 5
2007,UTA,2007-04-13,8:30p,@,Dallas Mavericks,W,,104,89,49,30,W 1
2007,UTA,2007-04-14,9:00p,,Phoenix Suns,L,,98,126,49,31,L 1
2007,UTA,2007-04-16,9:00p,,Portland Trail Blazers,W,,130,93,50,31,W 1
2007,UTA,2007-04-18,9:00p,,Houston Rockets,W,,101,91,51,31,W 2
2007,UTA,2007-04-21,9:30p,@,Houston Rockets,L,,75,84,0,1,L 1
2007,UTA,2007-04-23,9:30p,@,Houston Rockets,L,,90,98,0,2,L 2
2007,UTA,2007-04-26,9:00p,,Houston Rockets,W,,81,67,1,2,W 1
2007,UTA,2007-04-28,10:30p,,Houston Rockets,W,,98,85,2,2,W 2
2007,UTA,2007-04-30,8:00p,@,Houston Rockets,L,,92,96,2,3,L 1
2007,UTA,2007-05-03,8:00p,,Houston Rockets,W,,94,82,3,3,W 1
2007,UTA,2007-05-05,9:30p,@,Houston Rockets,W,,103,99,4,3,W 2
2007,UTA,2007-05-07,10:30p,,Golden State Warriors,W,,116,112,5,3,W 3
2007,UTA,2007-05-09,9:00p,,Golden State Warriors,W,OT,127,117,6,3,W 4
2007,UTA,2007-05-11,9:00p,@,Golden State Warriors,L,,105,125,6,4,L 1
2007,UTA,2007-05-13,9:00p,@,Golden State Warriors,W,,115,101,7,4,W 1
2007,UTA,2007-05-15,10:30p,,Golden State Warriors,W,,100,87,8,4,W 2
2007,UTA,2007-05-20,3:30p,@,San Antonio Spurs,L,,100,108,8,5,L 1
2007,UTA,2007-05-22,9:00p,@,San Antonio Spurs,L,,96,105,8,6,L 2
2007,UTA,2007-05-26,8:30p,,San Antonio Spurs,W,,109,83,9,6,W 1
2007,UTA,2007-05-28,9:00p,,San Antonio Spurs,L,,79,91,9,7,L 1
2007,UTA,2007-05-30,9:00p,@,San Antonio Spurs,L,,84,109,9,8,L 2
2007,WAS,2006-11-01,8:00p,@,Cleveland Cavaliers,L,,94,97,0,1,L 1
2007,WAS,2006-11-04,7:00p,,Boston Celtics,W,,124,117,1,1,W 1
2007,WAS,2006-11-06,7:00p,@,Orlando Magic,L,,103,106,1,2,L 1
2007,WAS,2006-11-08,7:00p,,Indiana Pacers,W,,117,91,2,2,W 1
2007,WAS,2006-11-10,7:00p,,Milwaukee Bucks,W,,116,111,3,2,W 2
2007,WAS,2006-11-12,6:00p,,New Jersey Nets,L,OT,93,105,3,3,L 1
2007,WAS,2006-11-15,7:30p,@,New York Knicks,L,,82,102,3,4,L 2
2007,WAS,2006-11-17,8:00p,@,Detroit Pistons,L,,91,100,3,5,L 3
2007,WAS,2006-11-18,7:00p,,Cleveland Cavaliers,W,,111,99,4,5,W 1
2007,WAS,2006-11-21,8:30p,@,Dallas Mavericks,L,,80,107,4,6,L 1
2007,WAS,2006-11-22,8:30p,@,Houston Rockets,L,,82,86,4,7,L 2
2007,WAS,2006-11-24,8:00p,@,Memphis Grizzlies,L,,80,95,4,8,L 3
2007,WAS,2006-11-25,7:00p,,Detroit Pistons,L,,111,115,4,9,L 4
2007,WAS,2006-11-28,7:00p,,Atlanta Hawks,W,,96,95,5,9,W 1
2007,WAS,2006-12-01,7:00p,,Charlotte Bobcats,W,,121,109,6,9,W 2
2007,WAS,2006-12-02,8:30p,@,Chicago Bulls,L,,94,112,6,10,L 1
2007,WAS,2006-12-04,7:00p,,Dallas Mavericks,W,,106,97,7,10,W 1
2007,WAS,2006-12-06,7:30p,@,New York Knicks,W,,113,102,8,10,W 2
2007,WAS,2006-12-08,8:00p,@,Philadelphia 76ers,W,,113,98,9,10,W 3
2007,WAS,2006-12-09,7:00p,,Houston Rockets,L,,109,114,9,11,L 1
2007,WAS,2006-12-13,7:00p,,Denver Nuggets,W,,120,91,10,11,W 1
2007,WAS,2006-12-15,7:00p,,Miami Heat,W,,106,95,11,11,W 2
2007,WAS,2006-12-17,9:30p,@,Los Angeles Lakers,W,OT,147,141,12,11,W 3
2007,WAS,2006-12-18,9:00p,@,Denver Nuggets,L,,108,117,12,12,L 1
2007,WAS,2006-12-21,10:30p,@,Sacramento Kings,W,,126,119,13,12,W 1
2007,WAS,2006-12-22,10:30p,@,Phoenix Suns,W,OT,144,139,14,12,W 2
2007,WAS,2006-12-26,7:00p,,Memphis Grizzlies,W,,116,101,15,12,W 3
2007,WAS,2006-12-27,7:00p,@,Charlotte Bobcats,W,,114,107,16,12,W 4
2007,WAS,2006-12-29,7:00p,,Orlando Magic,W,,112,111,17,12,W 5
2007,WAS,2006-12-30,8:30p,@,Milwaukee Bucks,L,,102,119,17,13,L 1
2007,WAS,2007-01-03,7:00p,,Milwaukee Bucks,W,,108,105,18,13,W 1
2007,WAS,2007-01-05,7:00p,,Los Angeles Clippers,W,,116,105,19,13,W 2
2007,WAS,2007-01-07,1:00p,@,Toronto Raptors,L,,111,116,19,14,L 1
2007,WAS,2007-01-10,7:00p,,Chicago Bulls,W,,113,103,20,14,W 1
2007,WAS,2007-01-12,8:00p,@,New Orleans/Oklahoma City Hornets,L,,97,104,20,15,L 1
2007,WAS,2007-01-13,8:00p,@,San Antonio Spurs,L,,80,93,20,16,L 2
2007,WAS,2007-01-15,1:00p,,Utah Jazz,W,,114,111,21,16,W 1
2007,WAS,2007-01-17,7:00p,,New York Knicks,W,,99,98,22,16,W 2
2007,WAS,2007-01-19,7:00p,@,Orlando Magic,W,,114,93,23,16,W 3
2007,WAS,2007-01-20,8:00p,,Boston Celtics,W,OT,115,110,24,16,W 4
2007,WAS,2007-01-23,7:00p,,Phoenix Suns,L,,105,127,24,17,L 1
2007,WAS,2007-01-26,7:00p,@,Detroit Pistons,W,,99,96,25,17,W 1
2007,WAS,2007-01-28,6:00p,@,Boston Celtics,W,,105,91,26,17,W 2
2007,WAS,2007-01-30,7:00p,,Detroit Pistons,W,,104,99,27,17,W 3
2007,WAS,2007-01-31,7:00p,@,Toronto Raptors,L,,109,119,27,18,L 1
2007,WAS,2007-02-03,7:00p,,Los Angeles Lakers,L,,102,118,27,19,L 2
2007,WAS,2007-02-05,7:00p,,Seattle SuperSonics,W,,118,108,28,19,W 1
2007,WAS,2007-02-07,7:00p,,San Antonio Spurs,L,,83,110,28,20,L 1
2007,WAS,2007-02-11,1:00p,,Portland Trail Blazers,L,,73,94,28,21,L 2
2007,WAS,2007-02-14,7:00p,@,Philadelphia 76ers,W,,92,85,29,21,W 1
2007,WAS,2007-02-20,7:00p,,Minnesota Timberwolves,W,,112,100,30,21,W 2
2007,WAS,2007-02-22,7:00p,,Sacramento Kings,W,,109,106,31,21,W 3
2007,WAS,2007-02-23,8:00p,@,Chicago Bulls,L,,90,105,31,22,L 1
2007,WAS,2007-02-25,3:30p,@,Minnesota Timberwolves,L,,94,98,31,23,L 2
2007,WAS,2007-02-27,7:30p,@,New Jersey Nets,L,,101,113,31,24,L 3
2007,WAS,2007-02-28,7:00p,,Miami Heat,L,,83,92,31,25,L 4
2007,WAS,2007-03-02,7:00p,,Atlanta Hawks,W,,93,92,32,25,W 1
2007,WAS,2007-03-04,1:00p,,Golden State Warriors,W,,107,106,33,25,W 2
2007,WAS,2007-03-06,7:00p,,Toronto Raptors,W,,129,109,34,25,W 3
2007,WAS,2007-03-07,7:00p,@,Atlanta Hawks,L,,97,100,34,26,L 1
2007,WAS,2007-03-10,7:00p,,New York Knicks,L,,89,90,34,27,L 2
2007,WAS,2007-03-11,6:00p,@,Miami Heat,L,,104,106,34,28,L 3
2007,WAS,2007-03-14,7:00p,@,Indiana Pacers,W,,112,96,35,28,W 1
2007,WAS,2007-03-17,7:00p,,New Orleans/Oklahoma City Hornets,W,,125,103,36,28,W 2
2007,WAS,2007-03-20,10:00p,@,Portland Trail Blazers,L,,98,100,36,29,L 1
2007,WAS,2007-03-21,10:00p,@,Seattle SuperSonics,W,,108,106,37,29,W 1
2007,WAS,2007-03-23,10:30p,@,Golden State Warriors,L,,128,135,37,30,L 1
2007,WAS,2007-03-24,10:30p,@,Los Angeles Clippers,L,,105,111,37,31,L 2
2007,WAS,2007-03-26,9:00p,@,Utah Jazz,L,,97,103,37,32,L 3
2007,WAS,2007-03-28,7:00p,,Philadelphia 76ers,W,,111,108,38,32,W 1
2007,WAS,2007-03-30,7:00p,,Toronto Raptors,L,OT,118,123,38,33,L 1
2007,WAS,2007-04-01,3:30p,@,Milwaukee Bucks,W,,121,107,39,33,W 1
2007,WAS,2007-04-03,7:00p,@,Charlotte Bobcats,L,,102,122,39,34,L 1
2007,WAS,2007-04-04,7:00p,,Charlotte Bobcats,L,,100,108,39,35,L 2
2007,WAS,2007-04-06,8:00p,,Cleveland Cavaliers,L,,94,99,39,36,L 3
2007,WAS,2007-04-07,7:30p,@,New Jersey Nets,L,OT,114,120,39,37,L 4
2007,WAS,2007-04-10,7:00p,,New Jersey Nets,L,,92,96,39,38,L 5
2007,WAS,2007-04-11,7:30p,@,Miami Heat,L,,82,85,39,39,L 6
2007,WAS,2007-04-13,7:30p,@,Atlanta Hawks,W,,98,85,40,39,W 1
2007,WAS,2007-04-15,1:00p,,Chicago Bulls,L,,68,101,40,40,L 1
2007,WAS,2007-04-17,7:00p,,Orlando Magic,L,,89,95,40,41,L 2
2007,WAS,2007-04-18,8:00p,@,Indiana Pacers,W,,98,95,41,41,W 1
2007,WAS,2007-04-22,12:30p,@,Cleveland Cavaliers,L,,82,97,0,1,L 1
2007,WAS,2007-04-25,8:00p,@,Cleveland Cavaliers,L,,102,109,0,2,L 2
2007,WAS,2007-04-28,5:30p,,Cleveland Cavaliers,L,,92,98,0,3,L 3
2007,WAS,2007-04-30,7:00p,,Cleveland Cavaliers,L,,90,97,0,4,L 4
2008,ATL,2007-11-02,7:30p,,Dallas Mavericks,W,,101,94,1,0,W 1
2008,ATL,2007-11-04,7:30p,@,Detroit Pistons,L,,91,92,1,1,L 1
2008,ATL,2007-11-06,7:30p,@,New Jersey Nets,L,,82,87,1,2,L 2
2008,ATL,2007-11-07,7:00p,,Phoenix Suns,W,,105,96,2,2,W 1
2008,ATL,2007-11-09,7:30p,@,Boston Celtics,L,,83,106,2,3,L 1
2008,ATL,2007-11-11,2:00p,,Washington Wizards,L,,90,101,2,4,L 2
2008,ATL,2007-11-14,7:00p,,Charlotte Bobcats,W,,117,109,3,4,W 1
2008,ATL,2007-11-16,7:30p,,Seattle SuperSonics,L,2OT,123,126,3,5,L 1
2008,ATL,2007-11-17,8:30p,@,Milwaukee Bucks,L,,96,105,3,6,L 2
2008,ATL,2007-11-20,7:00p,,San Antonio Spurs,L,,83,95,3,7,L 3
2008,ATL,2007-11-21,7:30p,@,Miami Heat,W,,82,79,4,7,W 1
2008,ATL,2007-11-24,8:00p,@,Minnesota Timberwolves,W,,94,87,5,7,W 2
2008,ATL,2007-11-27,8:30p,@,Chicago Bulls,L,,78,90,5,8,L 1
2008,ATL,2007-11-28,7:00p,,Milwaukee Bucks,W,,96,80,6,8,W 1
2008,ATL,2007-11-30,7:30p,,New Orleans Hornets,L,,86,92,6,9,L 1
2008,ATL,2007-12-03,7:00p,@,Philadelphia 76ers,W,,88,79,7,9,W 1
2008,ATL,2007-12-04,7:00p,,Detroit Pistons,L,,95,106,7,10,L 1
2008,ATL,2007-12-06,7:00p,,Minnesota Timberwolves,W,,90,89,8,10,W 1
2008,ATL,2007-12-08,7:00p,,Memphis Grizzlies,W,,86,78,9,10,W 2
2008,ATL,2007-12-10,7:00p,@,Orlando Magic,W,,98,87,10,10,W 3
2008,ATL,2007-12-11,7:00p,,Toronto Raptors,L,,88,100,10,11,L 1
2008,ATL,2007-12-14,8:00p,@,Detroit Pistons,L,,81,91,10,12,L 2
2008,ATL,2007-12-15,7:00p,,Charlotte Bobcats,W,,93,84,11,12,W 1
2008,ATL,2007-12-17,7:00p,,Utah Jazz,W,,116,111,12,12,W 2
2008,ATL,2007-12-19,7:00p,,Miami Heat,W,OT,114,111,13,12,W 3
2008,ATL,2007-12-21,7:00p,@,Washington Wizards,W,,97,92,14,12,W 4
2008,ATL,2007-12-26,7:00p,,Indiana Pacers,W,,107,95,15,12,W 5
2008,ATL,2007-12-29,1:00p,@,Dallas Mavericks,L,,84,97,15,13,L 1
2008,ATL,2008-01-02,7:00p,@,Cleveland Cavaliers,L,,94,98,15,14,L 2
2008,ATL,2008-01-04,7:00p,@,Indiana Pacers,L,,91,113,15,15,L 3
2008,ATL,2008-01-05,7:00p,,New Jersey Nets,L,,107,113,15,16,L 4
2008,ATL,2008-01-09,7:00p,,Cleveland Cavaliers,W,,90,81,16,16,W 1
2008,ATL,2008-01-11,7:30p,,Washington Wizards,L,OT,98,102,16,17,L 1
2008,ATL,2008-01-13,2:00p,,Chicago Bulls,W,,105,84,17,17,W 1
2008,ATL,2008-01-15,7:00p,,Denver Nuggets,W,,104,93,18,17,W 2
2008,ATL,2008-01-16,8:00p,@,Milwaukee Bucks,L,,80,87,18,18,L 1
2008,ATL,2008-01-18,7:00p,@,Toronto Raptors,L,,78,89,18,19,L 2
2008,ATL,2008-01-21,2:00p,,Portland Trail Blazers,L,OT,109,111,18,20,L 3
2008,ATL,2008-01-23,9:00p,@,Denver Nuggets,L,,100,107,18,21,L 4
2008,ATL,2008-01-25,10:30p,@,Seattle SuperSonics,W,,99,90,19,21,W 1
2008,ATL,2008-01-27,6:00p,@,Portland Trail Blazers,L,,93,94,19,22,L 1
2008,ATL,2008-01-29,9:00p,@,Phoenix Suns,L,,92,125,19,23,L 2
2008,ATL,2008-01-30,10:30p,@,Los Angeles Clippers,L,,88,95,19,24,L 3
2008,ATL,2008-02-02,7:00p,,New Jersey Nets,W,,104,92,20,24,W 1
2008,ATL,2008-02-04,7:00p,,Philadelphia 76ers,W,,96,91,21,24,W 2
2008,ATL,2008-02-06,7:00p,,Los Angeles Lakers,W,,98,95,22,24,W 3
2008,ATL,2008-02-08,7:30p,,Cleveland Cavaliers,L,,95,100,22,25,L 1
2008,ATL,2008-02-09,8:30p,@,Houston Rockets,L,,89,108,22,26,L 2
2008,ATL,2008-02-12,7:00p,,Detroit Pistons,L,,90,94,22,27,L 3
2008,ATL,2008-02-13,7:00p,@,Charlotte Bobcats,L,OT,98,100,22,28,L 4
2008,ATL,2008-02-19,10:30p,@,Los Angeles Lakers,L,,93,122,22,29,L 5
2008,ATL,2008-02-20,10:00p,@,Sacramento Kings,L,,107,119,22,30,L 6
2008,ATL,2008-02-22,10:30p,@,Golden State Warriors,W,,117,110,23,30,W 1
2008,ATL,2008-02-23,9:00p,@,Utah Jazz,L,,94,100,23,31,L 1
2008,ATL,2008-02-25,8:30p,@,San Antonio Spurs,L,,74,89,23,32,L 2
2008,ATL,2008-02-27,7:00p,,Sacramento Kings,W,,123,117,24,32,W 1
2008,ATL,2008-02-29,7:30p,,New York Knicks,W,,99,93,25,32,W 2
2008,ATL,2008-03-02,6:00p,@,Boston Celtics,L,,88,98,25,33,L 1
2008,ATL,2008-03-04,7:00p,,Golden State Warriors,L,,118,135,25,34,L 2
2008,ATL,2008-03-05,8:00p,@,New Orleans Hornets,L,,101,116,25,35,L 3
2008,ATL,2008-03-07,7:00p,@,Charlotte Bobcats,L,,93,108,25,36,L 4
2008,ATL,2008-03-08,7:00p,,Miami Heat,W,,97,94,26,36,W 1
2008,ATL,2008-03-10,7:00p,@,Orlando Magic,L,,112,123,26,37,L 1
2008,ATL,2008-03-12,7:00p,,Houston Rockets,L,,75,83,26,38,L 2
2008,ATL,2008-03-14,7:30p,,Los Angeles Clippers,W,,117,93,27,38,W 1
2008,ATL,2008-03-16,6:00p,@,New York Knicks,W,,109,98,28,38,W 2
2008,ATL,2008-03-17,7:00p,@,Washington Wizards,W,,105,96,29,38,W 3
2008,ATL,2008-03-19,7:30p,@,New Jersey Nets,L,,117,125,29,39,L 1
2008,ATL,2008-03-22,7:00p,,Orlando Magic,W,,98,90,30,39,W 1
2008,ATL,2008-03-25,8:30p,@,Chicago Bulls,L,,94,103,30,40,L 1
2008,ATL,2008-03-26,7:00p,,Milwaukee Bucks,W,,115,96,31,40,W 1
2008,ATL,2008-03-28,7:30p,,Chicago Bulls,W,,106,103,32,40,W 2
2008,ATL,2008-03-30,4:00p,,New York Knicks,W,,114,109,33,40,W 3
2008,ATL,2008-03-31,8:00p,@,Memphis Grizzlies,W,,116,99,34,40,W 4
2008,ATL,2008-04-02,7:00p,,Toronto Raptors,W,OT,127,120,35,40,W 5
2008,ATL,2008-04-04,7:30p,,Philadelphia 76ers,L,,104,109,35,41,L 1
2008,ATL,2008-04-05,7:00p,@,Philadelphia 76ers,W,,92,85,36,41,W 1
2008,ATL,2008-04-08,7:00p,@,Indiana Pacers,L,,98,112,36,42,L 1
2008,ATL,2008-04-11,7:30p,@,New York Knicks,W,,116,104,37,42,W 1
2008,ATL,2008-04-12,7:00p,,Boston Celtics,L,,89,99,37,43,L 1
2008,ATL,2008-04-15,7:00p,,Orlando Magic,L,,105,121,37,44,L 2
2008,ATL,2008-04-16,7:30p,@,Miami Heat,L,,99,113,37,45,L 3
2008,ATL,2008-04-20,8:30p,@,Boston Celtics,L,,81,104,0,1,L 1
2008,ATL,2008-04-23,8:00p,@,Boston Celtics,L,,77,96,0,2,L 2
2008,ATL,2008-04-26,8:00p,,Boston Celtics,W,,102,93,1,2,W 1
2008,ATL,2008-04-28,8:00p,,Boston Celtics,W,,97,92,2,2,W 2
2008,ATL,2008-04-30,8:30p,@,Boston Celtics,L,,85,110,2,3,L 1
2008,ATL,2008-05-02,8:00p,,Boston Celtics,W,,103,100,3,3,W 1
2008,ATL,2008-05-04,1:00p,@,Boston Celtics,L,,65,99,3,4,L 1
2008,BOS,2007-11-02,8:00p,,Washington Wizards,W,,103,83,1,0,W 1
2008,BOS,2007-11-04,2:30p,@,Toronto Raptors,W,OT,98,95,2,0,W 2
2008,BOS,2007-11-07,7:30p,,Denver Nuggets,W,,119,93,3,0,W 3
2008,BOS,2007-11-09,7:30p,,Atlanta Hawks,W,,106,83,4,0,W 4
2008,BOS,2007-11-10,7:30p,@,New Jersey Nets,W,,112,101,5,0,W 5
2008,BOS,2007-11-13,7:00p,@,Indiana Pacers,W,,101,86,6,0,W 6
2008,BOS,2007-11-14,7:30p,,New Jersey Nets,W,,91,69,7,0,W 7
2008,BOS,2007-11-16,7:30p,,Miami Heat,W,,92,91,8,0,W 8
2008,BOS,2007-11-18,6:00p,@,Orlando Magic,L,,102,104,8,1,L 1
2008,BOS,2007-11-21,7:30p,,Golden State Warriors,W,,105,82,9,1,W 1
2008,BOS,2007-11-23,7:30p,,Los Angeles Lakers,W,,107,94,10,1,W 2
2008,BOS,2007-11-24,7:00p,@,Charlotte Bobcats,W,,96,95,11,1,W 3
2008,BOS,2007-11-27,7:00p,@,Cleveland Cavaliers,L,OT,104,109,11,2,L 1
2008,BOS,2007-11-29,8:00p,,New York Knicks,W,,104,59,12,2,W 1
2008,BOS,2007-11-30,8:00p,@,Miami Heat,W,,95,85,13,2,W 2
2008,BOS,2007-12-02,12:30p,,Cleveland Cavaliers,W,,80,70,14,2,W 3
2008,BOS,2007-12-05,7:00p,@,Philadelphia 76ers,W,,113,103,15,2,W 4
2008,BOS,2007-12-07,7:30p,,Toronto Raptors,W,,112,84,16,2,W 5
2008,BOS,2007-12-08,8:30p,@,Chicago Bulls,W,,92,81,17,2,W 6
2008,BOS,2007-12-12,7:30p,,Sacramento Kings,W,,90,78,18,2,W 7
2008,BOS,2007-12-14,7:30p,,Milwaukee Bucks,W,,104,82,19,2,W 8
2008,BOS,2007-12-16,1:00p,@,Toronto Raptors,W,,90,77,20,2,W 9
2008,BOS,2007-12-19,7:00p,,Detroit Pistons,L,,85,87,20,3,L 1
2008,BOS,2007-12-21,7:00p,,Chicago Bulls,W,,107,82,21,3,W 1
2008,BOS,2007-12-23,6:30p,,Orlando Magic,W,,103,91,22,3,W 2
2008,BOS,2007-12-26,10:00p,@,Sacramento Kings,W,,89,69,23,3,W 3
2008,BOS,2007-12-27,10:30p,@,Seattle SuperSonics,W,,104,96,24,3,W 4
2008,BOS,2007-12-29,9:00p,@,Utah Jazz,W,,104,98,25,3,W 5
2008,BOS,2007-12-30,10:00p,@,Los Angeles Lakers,W,,110,91,26,3,W 6
2008,BOS,2008-01-02,7:30p,,Houston Rockets,W,,97,93,27,3,W 7
2008,BOS,2008-01-04,7:30p,,Memphis Grizzlies,W,,100,96,28,3,W 8
2008,BOS,2008-01-05,7:30p,@,Detroit Pistons,W,,92,85,29,3,W 9
2008,BOS,2008-01-09,7:30p,,Charlotte Bobcats,L,,83,95,29,4,L 1
2008,BOS,2008-01-11,7:30p,@,New Jersey Nets,W,,86,77,30,4,W 1
2008,BOS,2008-01-12,7:30p,@,Washington Wizards,L,,78,85,30,5,L 1
2008,BOS,2008-01-14,7:30p,,Washington Wizards,L,,83,88,30,6,L 2
2008,BOS,2008-01-16,7:30p,,Portland Trail Blazers,W,,100,90,31,6,W 1
2008,BOS,2008-01-18,7:30p,,Philadelphia 76ers,W,,116,89,32,6,W 2
2008,BOS,2008-01-21,1:00p,@,New York Knicks,W,,109,93,33,6,W 3
2008,BOS,2008-01-23,7:30p,,Toronto Raptors,L,,112,114,33,7,L 1
2008,BOS,2008-01-25,7:30p,,Minnesota Timberwolves,W,,87,86,34,7,W 1
2008,BOS,2008-01-27,1:00p,@,Orlando Magic,L,,93,96,34,8,L 1
2008,BOS,2008-01-29,7:30p,@,Miami Heat,W,,117,87,35,8,W 1
2008,BOS,2008-01-31,8:00p,,Dallas Mavericks,W,,96,90,36,8,W 2
2008,BOS,2008-02-05,7:00p,@,Cleveland Cavaliers,L,,113,114,36,9,L 1
2008,BOS,2008-02-06,7:30p,,Los Angeles Clippers,W,,111,100,37,9,W 1
2008,BOS,2008-02-08,8:00p,@,Minnesota Timberwolves,W,,88,86,38,9,W 2
2008,BOS,2008-02-10,1:00p,,San Antonio Spurs,W,,98,90,39,9,W 3
2008,BOS,2008-02-12,7:00p,@,Indiana Pacers,W,,104,97,40,9,W 4
2008,BOS,2008-02-13,7:30p,,New York Knicks,W,,111,103,41,9,W 5
2008,BOS,2008-02-19,9:00p,@,Denver Nuggets,L,,118,124,41,10,L 1
2008,BOS,2008-02-20,10:30p,@,Golden State Warriors,L,,117,119,41,11,L 2
2008,BOS,2008-02-22,10:30p,@,Phoenix Suns,L,,77,85,41,12,L 3
2008,BOS,2008-02-24,6:00p,@,Portland Trail Blazers,W,,112,102,42,12,W 1
2008,BOS,2008-02-25,10:30p,@,Los Angeles Clippers,W,,104,76,43,12,W 2
2008,BOS,2008-02-27,7:30p,,Cleveland Cavaliers,W,,92,87,44,12,W 3
2008,BOS,2008-02-29,7:30p,,Charlotte Bobcats,W,,108,100,45,12,W 4
2008,BOS,2008-03-02,6:00p,,Atlanta Hawks,W,,98,88,46,12,W 5
2008,BOS,2008-03-05,7:30p,,Detroit Pistons,W,,90,78,47,12,W 6
2008,BOS,2008-03-07,8:00p,,Chicago Bulls,W,,116,93,48,12,W 7
2008,BOS,2008-03-08,8:00p,@,Memphis Grizzlies,W,,119,89,49,12,W 8
2008,BOS,2008-03-10,7:00p,@,Philadelphia 76ers,W,,100,86,50,12,W 9
2008,BOS,2008-03-12,7:30p,,Seattle SuperSonics,W,,111,82,51,12,W 10
2008,BOS,2008-03-14,7:30p,,Utah Jazz,L,,92,110,51,13,L 1
2008,BOS,2008-03-15,8:30p,@,Milwaukee Bucks,W,,99,77,52,13,W 1
2008,BOS,2008-03-17,8:30p,@,San Antonio Spurs,W,,93,91,53,13,W 2
2008,BOS,2008-03-18,9:30p,@,Houston Rockets,W,,94,74,54,13,W 3
2008,BOS,2008-03-20,8:00p,@,Dallas Mavericks,W,,94,90,55,13,W 4
2008,BOS,2008-03-22,8:00p,@,New Orleans Hornets,L,,106,113,55,14,L 1
2008,BOS,2008-03-24,7:30p,,Philadelphia 76ers,L,,90,95,55,15,L 2
2008,BOS,2008-03-26,7:00p,,Phoenix Suns,W,,117,97,56,15,W 1
2008,BOS,2008-03-28,7:30p,,New Orleans Hornets,W,,112,92,57,15,W 2
2008,BOS,2008-03-30,6:00p,,Miami Heat,W,,88,62,58,15,W 3
2008,BOS,2008-04-01,8:30p,@,Chicago Bulls,W,,106,92,59,15,W 4
2008,BOS,2008-04-02,7:00p,,Indiana Pacers,W,,92,77,60,15,W 5
2008,BOS,2008-04-05,7:00p,@,Charlotte Bobcats,W,,101,78,61,15,W 6
2008,BOS,2008-04-08,8:00p,@,Milwaukee Bucks,W,OT,107,104,62,15,W 7
2008,BOS,2008-04-09,7:00p,@,Washington Wizards,L,,95,109,62,16,L 1
2008,BOS,2008-04-11,7:30p,,Milwaukee Bucks,W,,102,86,63,16,W 1
2008,BOS,2008-04-12,7:00p,@,Atlanta Hawks,W,,99,89,64,16,W 2
2008,BOS,2008-04-14,7:30p,@,New York Knicks,W,,99,93,65,16,W 3
2008,BOS,2008-04-16,7:30p,,New Jersey Nets,W,,105,94,66,16,W 4
2008,BOS,2008-04-20,8:30p,,Atlanta Hawks,W,,104,81,1,0,W 1
2008,BOS,2008-04-23,8:00p,,Atlanta Hawks,W,,96,77,2,0,W 2
2008,BOS,2008-04-26,8:00p,@,Atlanta Hawks,L,,93,102,2,1,L 1
2008,BOS,2008-04-28,8:00p,@,Atlanta Hawks,L,,92,97,2,2,L 2
2008,BOS,2008-04-30,8:30p,,Atlanta Hawks,W,,110,85,3,2,W 1
2008,BOS,2008-05-02,8:00p,@,Atlanta Hawks,L,,100,103,3,3,L 1
2008,BOS,2008-05-04,1:00p,,Atlanta Hawks,W,,99,65,4,3,W 1
2008,BOS,2008-05-06,8:00p,,Cleveland Cavaliers,W,,76,72,5,3,W 2
2008,BOS,2008-05-08,7:00p,,Cleveland Cavaliers,W,,89,73,6,3,W 3
2008,BOS,2008-05-10,8:00p,@,Cleveland Cavaliers,L,,84,108,6,4,L 1
2008,BOS,2008-05-12,8:00p,@,Cleveland Cavaliers,L,,77,88,6,5,L 2
2008,BOS,2008-05-14,8:00p,,Cleveland Cavaliers,W,,96,89,7,5,W 1
2008,BOS,2008-05-16,8:00p,@,Cleveland Cavaliers,L,,69,74,7,6,L 1
2008,BOS,2008-05-18,3:30p,,Cleveland Cavaliers,W,,97,92,8,6,W 1
2008,BOS,2008-05-20,8:30p,,Detroit Pistons,W,,88,79,9,6,W 2
2008,BOS,2008-05-22,8:30p,,Detroit Pistons,L,,97,103,9,7,L 1
2008,BOS,2008-05-24,8:30p,@,Detroit Pistons,W,,94,80,10,7,W 1
2008,BOS,2008-05-26,8:30p,@,Detroit Pistons,L,,75,94,10,8,L 1
2008,BOS,2008-05-28,8:30p,,Detroit Pistons,W,,106,102,11,8,W 1
2008,BOS,2008-05-30,8:30p,@,Detroit Pistons,W,,89,81,12,8,W 2
2008,BOS,2008-06-05,9:00p,,Los Angeles Lakers,W,,98,88,13,8,W 3
2008,BOS,2008-06-08,9:00p,,Los Angeles Lakers,W,,108,102,14,8,W 4
2008,BOS,2008-06-10,9:00p,@,Los Angeles Lakers,L,,81,87,14,9,L 1
2008,BOS,2008-06-12,9:00p,@,Los Angeles Lakers,W,,97,91,15,9,W 1
2008,BOS,2008-06-15,9:00p,@,Los Angeles Lakers,L,,98,103,15,10,L 1
2008,BOS,2008-06-17,9:00p,,Los Angeles Lakers,W,,131,92,16,10,W 1
2008,CHA,2007-11-02,7:00p,,Milwaukee Bucks,W,,102,99,1,0,W 1
2008,CHA,2007-11-04,6:00p,@,Miami Heat,W,,90,88,2,0,W 2
2008,CHA,2007-11-06,7:00p,,Phoenix Suns,L,,83,115,2,1,L 1
2008,CHA,2007-11-07,7:00p,@,Philadelphia 76ers,L,,63,94,2,2,L 2
2008,CHA,2007-11-09,7:00p,,Indiana Pacers,W,,96,87,3,2,W 1
2008,CHA,2007-11-11,6:00p,,Houston Rockets,L,,82,85,3,3,L 1
2008,CHA,2007-11-13,7:00p,,Miami Heat,W,,91,76,4,3,W 1
2008,CHA,2007-11-14,7:00p,@,Atlanta Hawks,L,,109,117,4,4,L 1
2008,CHA,2007-11-17,7:00p,,Seattle SuperSonics,W,,100,84,5,4,W 1
2008,CHA,2007-11-19,7:00p,,Portland Trail Blazers,W,,101,92,6,4,W 2
2008,CHA,2007-11-21,7:00p,,Washington Wizards,L,OT,111,114,6,5,L 1
2008,CHA,2007-11-23,7:00p,@,Orlando Magic,L,,92,105,6,6,L 2
2008,CHA,2007-11-24,7:00p,,Boston Celtics,L,,95,96,6,7,L 3
2008,CHA,2007-11-27,7:30p,@,Miami Heat,L,,90,110,6,8,L 4
2008,CHA,2007-12-01,8:30p,@,Chicago Bulls,L,,95,111,6,9,L 5
2008,CHA,2007-12-03,7:00p,@,Toronto Raptors,L,,79,98,6,10,L 6
2008,CHA,2007-12-05,7:00p,,Chicago Bulls,L,,82,91,6,11,L 7
2008,CHA,2007-12-08,7:00p,,Cleveland Cavaliers,W,,96,93,7,11,W 1
2008,CHA,2007-12-09,6:00p,@,Detroit Pistons,L,,85,104,7,12,L 1
2008,CHA,2007-12-12,7:00p,,Los Angeles Clippers,W,,108,103,8,12,W 1
2008,CHA,2007-12-14,8:00p,,Orlando Magic,L,,87,103,8,13,L 1
2008,CHA,2007-12-15,7:00p,@,Atlanta Hawks,L,,84,93,8,14,L 2
2008,CHA,2007-12-19,7:00p,,Utah Jazz,W,,98,92,9,14,W 1
2008,CHA,2007-12-21,7:00p,,New York Knicks,W,,105,95,10,14,W 2
2008,CHA,2007-12-22,8:30p,@,Milwaukee Bucks,L,,99,103,10,15,L 1
2008,CHA,2007-12-26,7:00p,,Washington Wizards,L,,104,108,10,16,L 2
2008,CHA,2007-12-28,7:00p,,New Orleans Hornets,L,,85,99,10,17,L 3
2008,CHA,2007-12-29,7:00p,@,Orlando Magic,L,,95,104,10,18,L 4
2008,CHA,2007-12-31,2:00p,,Indiana Pacers,W,OT,107,103,11,18,W 1
2008,CHA,2008-01-02,7:00p,,Chicago Bulls,L,,97,109,11,19,L 1
2008,CHA,2008-01-04,7:30p,@,New Jersey Nets,L,,96,102,11,20,L 2
2008,CHA,2008-01-06,6:00p,,Milwaukee Bucks,L,,89,93,11,21,L 3
2008,CHA,2008-01-08,7:00p,,New Jersey Nets,W,,115,99,12,21,W 1
2008,CHA,2008-01-09,7:30p,@,Boston Celtics,W,,95,83,13,21,W 2
2008,CHA,2008-01-11,7:30p,@,Cleveland Cavaliers,L,2OT,106,113,13,22,L 1
2008,CHA,2008-01-12,7:00p,,Detroit Pistons,L,OT,100,103,13,23,L 2
2008,CHA,2008-01-14,7:00p,,Denver Nuggets,W,,119,116,14,23,W 1
2008,CHA,2008-01-16,7:00p,,Orlando Magic,W,,99,93,15,23,W 2
2008,CHA,2008-01-18,8:00p,@,New Orleans Hornets,L,,84,112,15,24,L 1
2008,CHA,2008-01-19,7:00p,,Memphis Grizzlies,W,,105,87,16,24,W 1
2008,CHA,2008-01-21,1:00p,,San Antonio Spurs,L,,86,95,16,25,L 1
2008,CHA,2008-01-23,7:00p,,Dallas Mavericks,L,,95,102,16,26,L 2
2008,CHA,2008-01-25,8:30p,@,Chicago Bulls,W,,90,77,17,26,W 1
2008,CHA,2008-01-26,7:00p,,Philadelphia 76ers,L,,96,103,17,27,L 1
2008,CHA,2008-01-28,10:30p,@,Los Angeles Clippers,W,,107,100,18,27,W 1
2008,CHA,2008-01-30,10:00p,@,Sacramento Kings,L,,91,105,18,28,L 1
2008,CHA,2008-02-01,10:30p,@,Golden State Warriors,L,,96,127,18,29,L 2
2008,CHA,2008-02-02,9:00p,@,Denver Nuggets,L,,101,117,18,30,L 3
2008,CHA,2008-02-04,9:00p,@,Phoenix Suns,L,,104,118,18,31,L 4
2008,CHA,2008-02-08,7:00p,,New Jersey Nets,L,,90,104,18,32,L 5
2008,CHA,2008-02-10,6:00p,@,Detroit Pistons,L,,87,113,18,33,L 6
2008,CHA,2008-02-11,7:00p,,Los Angeles Lakers,L,,97,106,18,34,L 7
2008,CHA,2008-02-13,7:00p,,Atlanta Hawks,W,OT,100,98,19,34,W 1
2008,CHA,2008-02-19,8:30p,@,San Antonio Spurs,L,,65,85,19,35,L 1
2008,CHA,2008-02-22,7:00p,,Sacramento Kings,L,OT,115,116,19,36,L 2
2008,CHA,2008-02-23,7:00p,@,Washington Wizards,L,,95,110,19,37,L 3
2008,CHA,2008-02-27,7:30p,@,New York Knicks,L,,89,113,19,38,L 4
2008,CHA,2008-02-29,7:30p,@,Boston Celtics,L,,100,108,19,39,L 5
2008,CHA,2008-03-02,6:00p,,Toronto Raptors,W,,110,98,20,39,W 1
2008,CHA,2008-03-04,8:00p,@,Minnesota Timberwolves,W,,109,89,21,39,W 2
2008,CHA,2008-03-05,7:00p,,Golden State Warriors,W,,118,109,22,39,W 3
2008,CHA,2008-03-07,7:00p,,Atlanta Hawks,W,,108,93,23,39,W 4
2008,CHA,2008-03-08,7:00p,@,Washington Wizards,W,,100,97,24,39,W 5
2008,CHA,2008-03-12,8:30p,@,Dallas Mavericks,L,,93,118,24,40,L 1
2008,CHA,2008-03-14,8:30p,@,Houston Rockets,L,,80,89,24,41,L 2
2008,CHA,2008-03-16,6:00p,@,Cleveland Cavaliers,L,,91,98,24,42,L 3
2008,CHA,2008-03-17,8:00p,@,Memphis Grizzlies,L,,80,98,24,43,L 4
2008,CHA,2008-03-19,7:00p,@,Indiana Pacers,L,,95,102,24,44,L 5
2008,CHA,2008-03-22,7:00p,,Miami Heat,W,,94,82,25,44,W 1
2008,CHA,2008-03-25,9:00p,@,Utah Jazz,L,,106,128,25,45,L 1
2008,CHA,2008-03-26,10:30p,@,Los Angeles Lakers,W,,108,95,26,45,W 1
2008,CHA,2008-03-28,10:30p,@,Seattle SuperSonics,W,,96,93,27,45,W 2
2008,CHA,2008-03-29,10:00p,@,Portland Trail Blazers,W,,93,85,28,45,W 3
2008,CHA,2008-03-31,7:00p,,Toronto Raptors,L,,100,104,28,46,L 1
2008,CHA,2008-04-02,7:00p,,Cleveland Cavaliers,L,,114,118,28,47,L 2
2008,CHA,2008-04-04,7:00p,@,Toronto Raptors,W,,105,100,29,47,W 1
2008,CHA,2008-04-05,7:00p,,Boston Celtics,L,,78,101,29,48,L 1
2008,CHA,2008-04-08,7:00p,,Minnesota Timberwolves,W,,121,119,30,48,W 1
2008,CHA,2008-04-09,7:30p,@,New York Knicks,L,,107,109,30,49,L 1
2008,CHA,2008-04-12,7:00p,@,Indiana Pacers,W,,107,103,31,49,W 1
2008,CHA,2008-04-15,7:30p,@,New Jersey Nets,L,OT,108,112,31,50,L 1
2008,CHA,2008-04-16,7:00p,,Philadelphia 76ers,W,,115,109,32,50,W 1
2008,CHI,2007-10-31,7:30p,@,New Jersey Nets,L,OT,103,112,0,1,L 1
2008,CHI,2007-11-02,8:30p,,Philadelphia 76ers,L,,85,96,0,2,L 2
2008,CHI,2007-11-03,8:30p,@,Milwaukee Bucks,L,,72,78,0,3,L 3
2008,CHI,2007-11-06,8:30p,,Los Angeles Clippers,L,,91,97,0,4,L 4
2008,CHI,2007-11-08,8:00p,,Detroit Pistons,W,,97,93,1,4,W 1
2008,CHI,2007-11-10,8:30p,,Toronto Raptors,L,,71,101,1,5,L 1
2008,CHI,2007-11-15,10:30p,@,Phoenix Suns,L,,102,112,1,6,L 2
2008,CHI,2007-11-17,10:30p,@,Los Angeles Clippers,W,,92,73,2,6,W 1
2008,CHI,2007-11-18,9:30p,@,Los Angeles Lakers,L,,78,106,2,7,L 1
2008,CHI,2007-11-20,9:00p,@,Denver Nuggets,L,,91,112,2,8,L 2
2008,CHI,2007-11-24,1:00p,@,New York Knicks,L,,78,85,2,9,L 3
2008,CHI,2007-11-25,12:00p,@,Toronto Raptors,L,,78,93,2,10,L 4
2008,CHI,2007-11-27,8:30p,,Atlanta Hawks,W,,90,78,3,10,W 1
2008,CHI,2007-12-01,8:30p,,Charlotte Bobcats,W,,111,95,4,10,W 2
2008,CHI,2007-12-03,8:30p,,Dallas Mavericks,L,,98,103,4,11,L 1
2008,CHI,2007-12-05,7:00p,@,Charlotte Bobcats,W,,91,82,5,11,W 1
2008,CHI,2007-12-07,7:00p,@,Detroit Pistons,W,,98,91,6,11,W 2
2008,CHI,2007-12-08,8:30p,,Boston Celtics,L,,81,92,6,12,L 1
2008,CHI,2007-12-11,8:30p,,Seattle SuperSonics,W,,123,96,7,12,W 1
2008,CHI,2007-12-12,7:00p,@,Indiana Pacers,L,,102,117,7,13,L 1
2008,CHI,2007-12-14,8:30p,,New York Knicks,W,,101,96,8,13,W 1
2008,CHI,2007-12-18,8:30p,,Los Angeles Lakers,L,,91,103,8,14,L 1
2008,CHI,2007-12-19,7:00p,@,Washington Wizards,W,,95,84,9,14,W 1
2008,CHI,2007-12-21,7:00p,@,Boston Celtics,L,,82,107,9,15,L 1
2008,CHI,2007-12-22,8:30p,,Houston Rockets,L,,98,116,9,16,L 2
2008,CHI,2007-12-26,8:30p,@,San Antonio Spurs,L,,79,94,9,17,L 3
2008,CHI,2007-12-28,8:30p,,Milwaukee Bucks,W,,103,99,10,17,W 1
2008,CHI,2007-12-30,12:00p,@,New York Knicks,W,,100,83,11,17,W 2
2008,CHI,2007-12-31,2:00p,,Orlando Magic,L,OT,110,112,11,18,L 1
2008,CHI,2008-01-02,7:00p,@,Charlotte Bobcats,W,,109,97,12,18,W 1
2008,CHI,2008-01-03,8:00p,,Portland Trail Blazers,L,2OT,109,115,12,19,L 1
2008,CHI,2008-01-05,8:30p,,Sacramento Kings,W,,94,93,13,19,W 1
2008,CHI,2008-01-08,8:30p,,New York Knicks,L,,100,105,13,20,L 1
2008,CHI,2008-01-11,7:00p,@,Philadelphia 76ers,W,,100,97,14,20,W 1
2008,CHI,2008-01-13,2:00p,@,Atlanta Hawks,L,,84,105,14,21,L 1
2008,CHI,2008-01-15,7:00p,@,Orlando Magic,L,,88,102,14,22,L 2
2008,CHI,2008-01-16,7:00p,@,Miami Heat,W,,126,96,15,22,W 1
2008,CHI,2008-01-18,9:30p,,Golden State Warriors,L,,111,119,15,23,L 1
2008,CHI,2008-01-19,8:30p,,Detroit Pistons,W,,97,81,16,23,W 1
2008,CHI,2008-01-21,5:30p,@,Memphis Grizzlies,L,,90,104,16,24,L 1
2008,CHI,2008-01-23,8:30p,,Indiana Pacers,W,,108,95,17,24,W 1
2008,CHI,2008-01-25,8:30p,,Charlotte Bobcats,L,,77,90,17,25,L 1
2008,CHI,2008-01-27,1:00p,,Phoenix Suns,L,,77,88,17,26,L 2
2008,CHI,2008-01-29,8:30p,,Minnesota Timberwolves,W,,96,85,18,26,W 1
2008,CHI,2008-01-30,8:00p,@,Minnesota Timberwolves,L,,67,83,18,27,L 1
2008,CHI,2008-02-02,10:00p,@,Sacramento Kings,L,,101,105,18,28,L 2
2008,CHI,2008-02-04,10:00p,@,Seattle SuperSonics,W,,118,108,19,28,W 1
2008,CHI,2008-02-06,10:00p,@,Portland Trail Blazers,L,,97,100,19,29,L 1
2008,CHI,2008-02-07,10:30p,@,Golden State Warriors,W,,114,108,20,29,W 1
2008,CHI,2008-02-09,9:00p,@,Utah Jazz,L,,87,97,20,30,L 1
2008,CHI,2008-02-12,8:30p,,New Orleans Hornets,L,,86,100,20,31,L 2
2008,CHI,2008-02-14,8:00p,,Miami Heat,W,,99,92,21,31,W 1
2008,CHI,2008-02-20,7:30p,@,New Jersey Nets,L,OT,102,110,21,32,L 1
2008,CHI,2008-02-22,8:00p,,Denver Nuggets,W,,135,121,22,32,W 1
2008,CHI,2008-02-24,8:00p,@,Houston Rockets,L,,97,110,22,33,L 1
2008,CHI,2008-02-25,8:30p,@,Dallas Mavericks,L,,94,102,22,34,L 2
2008,CHI,2008-02-27,7:00p,@,Indiana Pacers,W,,113,107,23,34,W 1
2008,CHI,2008-02-29,8:00p,,Washington Wizards,L,,91,97,23,35,L 1
2008,CHI,2008-03-02,1:00p,@,Cleveland Cavaliers,L,,86,95,23,36,L 2
2008,CHI,2008-03-04,8:30p,,Memphis Grizzlies,W,,112,97,24,36,W 1
2008,CHI,2008-03-06,7:00p,,Cleveland Cavaliers,W,,107,96,25,36,W 2
2008,CHI,2008-03-07,8:00p,@,Boston Celtics,L,,93,116,25,37,L 1
2008,CHI,2008-03-09,8:00p,@,Detroit Pistons,L,,109,116,25,38,L 2
2008,CHI,2008-03-11,8:30p,,Utah Jazz,W,,108,96,26,38,W 1
2008,CHI,2008-03-14,8:30p,,Philadelphia 76ers,L,,106,110,26,39,L 1
2008,CHI,2008-03-17,8:00p,@,New Orleans Hornets,L,,97,108,26,40,L 2
2008,CHI,2008-03-18,8:30p,,New Jersey Nets,W,,112,96,27,40,W 1
2008,CHI,2008-03-20,8:00p,,San Antonio Spurs,L,,80,102,27,41,L 1
2008,CHI,2008-03-22,8:30p,,Indiana Pacers,L,,101,108,27,42,L 2
2008,CHI,2008-03-25,8:30p,,Atlanta Hawks,W,,103,94,28,42,W 1
2008,CHI,2008-03-26,7:00p,@,Philadelphia 76ers,L,,99,121,28,43,L 1
2008,CHI,2008-03-28,7:30p,@,Atlanta Hawks,L,,103,106,28,44,L 2
2008,CHI,2008-03-29,8:30p,,Milwaukee Bucks,W,,114,111,29,44,W 1
2008,CHI,2008-04-01,8:30p,,Boston Celtics,L,,92,106,29,45,L 1
2008,CHI,2008-04-03,8:00p,@,Cleveland Cavaliers,W,,101,98,30,45,W 1
2008,CHI,2008-04-05,8:30p,,Washington Wizards,L,,87,99,30,46,L 1
2008,CHI,2008-04-08,7:30p,@,Miami Heat,L,,88,95,30,47,L 2
2008,CHI,2008-04-09,7:00p,@,Orlando Magic,L,,83,115,30,48,L 3
2008,CHI,2008-04-11,7:00p,,Cleveland Cavaliers,W,,100,95,31,48,W 1
2008,CHI,2008-04-13,7:00p,,Orlando Magic,L,,84,104,31,49,L 1
2008,CHI,2008-04-14,8:00p,@,Milwaukee Bucks,W,,151,135,32,49,W 1
2008,CHI,2008-04-16,8:30p,,Toronto Raptors,W,,107,97,33,49,W 2
2008,CLE,2007-10-31,8:00p,,Dallas Mavericks,L,,74,92,0,1,L 1
2008,CLE,2007-11-02,7:30p,,New York Knicks,W,,110,106,1,1,W 1
2008,CLE,2007-11-04,8:00p,@,Phoenix Suns,L,,92,103,1,2,L 1
2008,CLE,2007-11-06,10:30p,@,Golden State Warriors,W,,108,104,2,2,W 1
2008,CLE,2007-11-07,10:30p,@,Utah Jazz,L,,101,103,2,3,L 1
2008,CLE,2007-11-09,10:30p,@,Sacramento Kings,W,,93,91,3,3,W 1
2008,CLE,2007-11-11,9:30p,@,Los Angeles Clippers,W,,103,95,4,3,W 2
2008,CLE,2007-11-12,9:00p,@,Denver Nuggets,L,,100,122,4,4,L 1
2008,CLE,2007-11-14,7:00p,,Orlando Magic,L,OT,116,117,4,5,L 2
2008,CLE,2007-11-16,7:30p,,Utah Jazz,W,,99,94,5,5,W 1
2008,CLE,2007-11-20,7:00p,,Milwaukee Bucks,L,,107,111,5,6,L 1
2008,CLE,2007-11-21,8:00p,@,Minnesota Timberwolves,W,,97,86,6,6,W 1
2008,CLE,2007-11-24,1:00p,,Toronto Raptors,W,,111,108,7,6,W 2
2008,CLE,2007-11-25,2:30p,@,Indiana Pacers,W,,111,106,8,6,W 3
2008,CLE,2007-11-27,7:00p,,Boston Celtics,W,OT,109,104,9,6,W 4
2008,CLE,2007-11-28,7:30p,@,Detroit Pistons,L,,74,109,9,7,L 1
2008,CLE,2007-11-30,7:00p,@,Toronto Raptors,L,,82,91,9,8,L 2
2008,CLE,2007-12-02,12:30p,@,Boston Celtics,L,,70,80,9,9,L 3
2008,CLE,2007-12-04,7:00p,,New Jersey Nets,L,,79,100,9,10,L 4
2008,CLE,2007-12-05,7:00p,@,Washington Wizards,L,,86,105,9,11,L 5
2008,CLE,2007-12-08,7:00p,@,Charlotte Bobcats,L,,93,96,9,12,L 6
2008,CLE,2007-12-11,7:00p,,Indiana Pacers,W,,118,105,10,12,W 1
2008,CLE,2007-12-14,8:00p,@,New Jersey Nets,L,,97,105,10,13,L 1
2008,CLE,2007-12-15,7:30p,,Philadelphia 76ers,L,,86,92,10,14,L 2
2008,CLE,2007-12-17,7:00p,,Milwaukee Bucks,W,2OT,104,99,11,14,W 1
2008,CLE,2007-12-19,7:30p,@,New York Knicks,L,,90,108,11,15,L 1
2008,CLE,2007-12-20,8:00p,,Los Angeles Lakers,W,,94,90,12,15,W 1
2008,CLE,2007-12-23,6:00p,,Golden State Warriors,L,,96,105,12,16,L 1
2008,CLE,2007-12-25,2:30p,,Miami Heat,W,,96,82,13,16,W 1
2008,CLE,2007-12-27,8:00p,@,Dallas Mavericks,W,,88,81,14,16,W 2
2008,CLE,2007-12-29,8:00p,@,New Orleans Hornets,L,,76,86,14,17,L 1
2008,CLE,2008-01-02,7:00p,,Atlanta Hawks,W,,98,94,15,17,W 1
2008,CLE,2008-01-04,7:30p,,Sacramento Kings,W,,97,93,16,17,W 2
2008,CLE,2008-01-06,1:00p,@,Toronto Raptors,W,,93,90,17,17,W 3
2008,CLE,2008-01-08,7:00p,,Seattle SuperSonics,W,,95,79,18,17,W 4
2008,CLE,2008-01-09,7:00p,@,Atlanta Hawks,L,,81,90,18,18,L 1
2008,CLE,2008-01-11,7:30p,,Charlotte Bobcats,W,2OT,113,106,19,18,W 1
2008,CLE,2008-01-15,8:00p,@,Memphis Grizzlies,W,OT,132,124,20,18,W 2
2008,CLE,2008-01-17,8:00p,@,San Antonio Spurs,W,,90,88,21,18,W 3
2008,CLE,2008-01-21,8:00p,@,Miami Heat,W,,97,90,22,18,W 4
2008,CLE,2008-01-23,7:00p,,Washington Wizards,W,,121,85,23,18,W 5
2008,CLE,2008-01-25,7:00p,,Phoenix Suns,L,,108,110,23,19,L 1
2008,CLE,2008-01-27,3:30p,@,Los Angeles Lakers,W,,98,95,24,19,W 1
2008,CLE,2008-01-30,9:00p,@,Portland Trail Blazers,W,,84,83,25,19,W 2
2008,CLE,2008-01-31,10:00p,@,Seattle SuperSonics,L,,95,101,25,20,L 1
2008,CLE,2008-02-02,7:30p,,Los Angeles Clippers,W,,98,84,26,20,W 1
2008,CLE,2008-02-05,7:00p,,Boston Celtics,W,,114,113,27,20,W 2
2008,CLE,2008-02-07,8:00p,@,Houston Rockets,L,,77,92,27,21,L 1
2008,CLE,2008-02-08,7:30p,@,Atlanta Hawks,W,,100,95,28,21,W 1
2008,CLE,2008-02-10,7:00p,,Denver Nuggets,L,,83,113,28,22,L 1
2008,CLE,2008-02-11,7:00p,@,Orlando Magic,W,,118,111,29,22,W 1
2008,CLE,2008-02-13,7:00p,,San Antonio Spurs,L,,105,112,29,23,L 1
2008,CLE,2008-02-19,7:00p,,Houston Rockets,L,,85,93,29,24,L 2
2008,CLE,2008-02-20,7:00p,@,Indiana Pacers,W,,106,97,30,24,W 1
2008,CLE,2008-02-22,8:00p,,Washington Wizards,W,,90,89,31,24,W 2
2008,CLE,2008-02-24,6:00p,,Memphis Grizzlies,W,,109,89,32,24,W 3
2008,CLE,2008-02-26,8:00p,@,Milwaukee Bucks,L,,102,105,32,25,L 1
2008,CLE,2008-02-27,7:30p,@,Boston Celtics,L,,87,92,32,26,L 2
2008,CLE,2008-02-29,7:30p,,Minnesota Timberwolves,W,,92,84,33,26,W 1
2008,CLE,2008-03-02,1:00p,,Chicago Bulls,W,,95,86,34,26,W 2
2008,CLE,2008-03-05,7:30p,@,New York Knicks,W,,119,105,35,26,W 3
2008,CLE,2008-03-06,7:00p,@,Chicago Bulls,L,,96,107,35,27,L 1
2008,CLE,2008-03-08,1:00p,,Indiana Pacers,W,,103,95,36,27,W 1
2008,CLE,2008-03-10,7:00p,,Portland Trail Blazers,W,,88,80,37,27,W 2
2008,CLE,2008-03-12,7:30p,@,New Jersey Nets,L,,99,104,37,28,L 1
2008,CLE,2008-03-13,8:00p,@,Washington Wizards,L,,99,101,37,29,L 2
2008,CLE,2008-03-16,6:00p,,Charlotte Bobcats,W,,98,91,38,29,W 1
2008,CLE,2008-03-17,7:00p,@,Orlando Magic,L,,90,104,38,30,L 1
2008,CLE,2008-03-19,8:00p,,Detroit Pistons,W,,89,73,39,30,W 1
2008,CLE,2008-03-21,7:30p,,Toronto Raptors,W,,90,83,40,30,W 2
2008,CLE,2008-03-22,8:30p,@,Milwaukee Bucks,L,,98,108,40,31,L 1
2008,CLE,2008-03-26,7:00p,,New Orleans Hornets,L,,99,100,40,32,L 2
2008,CLE,2008-03-29,7:30p,@,Detroit Pistons,L,,71,85,40,33,L 3
2008,CLE,2008-03-30,6:00p,,Philadelphia 76ers,W,,91,88,41,33,W 1
2008,CLE,2008-04-02,7:00p,@,Charlotte Bobcats,W,,118,114,42,33,W 2
2008,CLE,2008-04-03,8:00p,,Chicago Bulls,L,,98,101,42,34,L 1
2008,CLE,2008-04-05,3:00p,,Orlando Magic,L,,86,101,42,35,L 2
2008,CLE,2008-04-09,7:00p,,New Jersey Nets,W,,104,83,43,35,W 1
2008,CLE,2008-04-11,7:00p,@,Chicago Bulls,L,,95,100,43,36,L 1
2008,CLE,2008-04-13,6:00p,,Miami Heat,W,,84,76,44,36,W 1
2008,CLE,2008-04-14,7:00p,@,Philadelphia 76ers,W,,91,90,45,36,W 2
2008,CLE,2008-04-16,7:00p,,Detroit Pistons,L,,74,84,45,37,L 1
2008,CLE,2008-04-19,12:30p,,Washington Wizards,W,,93,86,1,0,W 1
2008,CLE,2008-04-21,7:00p,,Washington Wizards,W,,116,86,2,0,W 2
2008,CLE,2008-04-24,8:00p,@,Washington Wizards,L,,72,108,2,1,L 1
2008,CLE,2008-04-27,1:00p,@,Washington Wizards,W,,100,97,3,1,W 1
2008,CLE,2008-04-30,6:00p,,Washington Wizards,L,,87,88,3,2,L 1
2008,CLE,2008-05-02,7:00p,@,Washington Wizards,W,,105,88,4,2,W 1
2008,CLE,2008-05-06,8:00p,@,Boston Celtics,L,,72,76,4,3,L 1
2008,CLE,2008-05-08,7:00p,@,Boston Celtics,L,,73,89,4,4,L 2
2008,CLE,2008-05-10,8:00p,,Boston Celtics,W,,108,84,5,4,W 1
2008,CLE,2008-05-12,8:00p,,Boston Celtics,W,,88,77,6,4,W 2
2008,CLE,2008-05-14,8:00p,@,Boston Celtics,L,,89,96,6,5,L 1
2008,CLE,2008-05-16,8:00p,,Boston Celtics,W,,74,69,7,5,W 1
2008,CLE,2008-05-18,3:30p,@,Boston Celtics,L,,92,97,7,6,L 1
2008,DAL,2007-10-31,8:00p,@,Cleveland Cavaliers,W,,92,74,1,0,W 1
2008,DAL,2007-11-02,7:30p,@,Atlanta Hawks,L,,94,101,1,1,L 1
2008,DAL,2007-11-03,8:30p,,Sacramento Kings,W,,123,102,2,1,W 1
2008,DAL,2007-11-05,8:30p,,Houston Rockets,W,,107,98,3,1,W 2
2008,DAL,2007-11-08,10:30p,@,Golden State Warriors,W,,120,115,4,1,W 3
2008,DAL,2007-11-10,10:00p,@,Portland Trail Blazers,L,,82,91,4,2,L 1
2008,DAL,2007-11-13,8:30p,,Philadelphia 76ers,W,,99,84,5,2,W 1
2008,DAL,2007-11-15,8:00p,,San Antonio Spurs,W,,105,92,6,2,W 2
2008,DAL,2007-11-17,8:30p,,Memphis Grizzlies,W,,108,105,7,2,W 3
2008,DAL,2007-11-20,8:30p,,Toronto Raptors,W,,105,99,8,2,W 4
2008,DAL,2007-11-21,7:30p,@,Houston Rockets,W,,100,94,9,2,W 5
2008,DAL,2007-11-23,8:00p,@,Indiana Pacers,L,,107,111,9,3,L 1
2008,DAL,2007-11-24,9:00p,@,Milwaukee Bucks,L,,95,97,9,4,L 2
2008,DAL,2007-11-26,8:30p,,Washington Wizards,L,,98,110,9,5,L 3
2008,DAL,2007-11-28,8:30p,,Minnesota Timberwolves,W,,109,103,10,5,W 1
2008,DAL,2007-11-30,8:30p,,Portland Trail Blazers,W,,91,80,11,5,W 2
2008,DAL,2007-12-01,8:00p,@,New Orleans Hornets,L,OT,108,112,11,6,L 1
2008,DAL,2007-12-03,8:30p,@,Chicago Bulls,W,,103,98,12,6,W 1
2008,DAL,2007-12-05,8:30p,@,San Antonio Spurs,L,,95,97,12,7,L 1
2008,DAL,2007-12-06,8:00p,,Denver Nuggets,L,,109,122,12,8,L 2
2008,DAL,2007-12-08,8:30p,,Utah Jazz,W,,125,117,13,8,W 1
2008,DAL,2007-12-10,7:30p,@,New York Knicks,W,,99,89,14,8,W 2
2008,DAL,2007-12-12,7:00p,@,Toronto Raptors,L,,76,92,14,9,L 1
2008,DAL,2007-12-14,8:30p,,New Orleans Hornets,W,,89,80,15,9,W 1
2008,DAL,2007-12-15,8:30p,@,Houston Rockets,W,,96,83,16,9,W 2
2008,DAL,2007-12-17,8:30p,,Orlando Magic,W,,111,108,17,9,W 3
2008,DAL,2007-12-19,9:30p,,Phoenix Suns,W,,108,105,18,9,W 4
2008,DAL,2007-12-21,9:30p,,Los Angeles Clippers,W,,102,89,19,9,W 5
2008,DAL,2007-12-26,9:00p,@,Utah Jazz,L,,90,99,19,10,L 1
2008,DAL,2007-12-27,8:00p,,Cleveland Cavaliers,L,,81,88,19,11,L 2
2008,DAL,2007-12-29,1:00p,,Atlanta Hawks,W,,97,84,20,11,W 1
2008,DAL,2008-01-02,8:30p,,Golden State Warriors,W,,121,99,21,11,W 2
2008,DAL,2008-01-04,9:30p,,Miami Heat,W,,94,89,22,11,W 3
2008,DAL,2008-01-06,3:30p,@,Minnesota Timberwolves,W,,101,78,23,11,W 4
2008,DAL,2008-01-09,9:00p,,Detroit Pistons,W,,102,86,24,11,W 5
2008,DAL,2008-01-11,10:30p,@,Seattle SuperSonics,W,,90,70,25,11,W 6
2008,DAL,2008-01-12,10:30p,@,Los Angeles Clippers,W,,95,94,26,11,W 7
2008,DAL,2008-01-14,10:00p,@,Sacramento Kings,L,,120,122,26,12,L 1
2008,DAL,2008-01-19,9:00p,,Seattle SuperSonics,W,,111,96,27,12,W 1
2008,DAL,2008-01-21,1:00p,@,Washington Wizards,L,,84,102,27,13,L 1
2008,DAL,2008-01-23,7:00p,@,Charlotte Bobcats,W,,102,95,28,13,W 1
2008,DAL,2008-01-25,8:30p,,Los Angeles Lakers,W,,112,105,29,13,W 2
2008,DAL,2008-01-27,6:30p,,Denver Nuggets,W,,90,85,30,13,W 3
2008,DAL,2008-01-28,8:00p,@,Memphis Grizzlies,W,,103,84,31,13,W 4
2008,DAL,2008-01-31,8:00p,@,Boston Celtics,L,,90,96,31,14,L 1
2008,DAL,2008-02-03,2:30p,@,Detroit Pistons,L,,67,90,31,15,L 2
2008,DAL,2008-02-04,7:00p,@,Orlando Magic,W,,107,98,32,15,W 1
2008,DAL,2008-02-06,8:30p,,Milwaukee Bucks,W,,107,96,33,15,W 2
2008,DAL,2008-02-08,8:30p,,Memphis Grizzlies,W,,92,81,34,15,W 3
2008,DAL,2008-02-10,6:00p,@,New Jersey Nets,L,,82,101,34,16,L 1
2008,DAL,2008-02-11,7:00p,@,Philadelphia 76ers,L,,76,84,34,17,L 2
2008,DAL,2008-02-13,8:30p,,Portland Trail Blazers,W,,96,76,35,17,W 1
2008,DAL,2008-02-14,10:30p,@,Phoenix Suns,L,,97,109,35,18,L 1
2008,DAL,2008-02-20,8:00p,@,New Orleans Hornets,L,,93,104,35,19,L 2
2008,DAL,2008-02-22,8:00p,@,Memphis Grizzlies,W,,98,83,36,19,W 1
2008,DAL,2008-02-24,6:30p,@,Minnesota Timberwolves,W,,99,83,37,19,W 2
2008,DAL,2008-02-25,8:30p,,Chicago Bulls,W,,102,94,38,19,W 3
2008,DAL,2008-02-28,8:00p,@,San Antonio Spurs,L,,94,97,38,20,L 1
2008,DAL,2008-02-29,8:30p,,Sacramento Kings,W,,115,106,39,20,W 1
2008,DAL,2008-03-02,3:30p,@,Los Angeles Lakers,L,OT,104,108,39,21,L 1
2008,DAL,2008-03-03,9:00p,@,Utah Jazz,L,,110,116,39,22,L 2
2008,DAL,2008-03-06,9:30p,,Houston Rockets,L,,98,113,39,23,L 3
2008,DAL,2008-03-08,8:30p,,New Jersey Nets,W,,111,91,40,23,W 1
2008,DAL,2008-03-10,8:30p,,New York Knicks,W,,108,79,41,23,W 2
2008,DAL,2008-03-12,8:30p,,Charlotte Bobcats,W,,118,93,42,23,W 3
2008,DAL,2008-03-14,8:30p,,Indiana Pacers,W,,116,97,43,23,W 4
2008,DAL,2008-03-16,6:00p,@,Miami Heat,W,,98,73,44,23,W 5
2008,DAL,2008-03-18,8:30p,,Los Angeles Lakers,L,,100,102,44,24,L 1
2008,DAL,2008-03-20,8:00p,,Boston Celtics,L,,90,94,44,25,L 2
2008,DAL,2008-03-23,1:00p,,San Antonio Spurs,L,,81,88,44,26,L 3
2008,DAL,2008-03-25,8:30p,,Los Angeles Clippers,W,,103,90,45,26,W 1
2008,DAL,2008-03-27,8:00p,@,Denver Nuggets,L,,105,118,45,27,L 1
2008,DAL,2008-03-30,9:00p,@,Golden State Warriors,L,,104,114,45,28,L 2
2008,DAL,2008-03-31,10:30p,@,Los Angeles Clippers,W,,93,86,46,28,W 1
2008,DAL,2008-04-02,9:30p,,Golden State Warriors,W,,111,86,47,28,W 2
2008,DAL,2008-04-04,10:30p,@,Los Angeles Lakers,L,,108,112,47,29,L 1
2008,DAL,2008-04-06,3:30p,@,Phoenix Suns,W,,105,98,48,29,W 1
2008,DAL,2008-04-08,8:30p,,Seattle SuperSonics,W,,99,83,49,29,W 2
2008,DAL,2008-04-10,8:30p,,Utah Jazz,W,,97,94,50,29,W 3
2008,DAL,2008-04-12,10:00p,@,Portland Trail Blazers,L,,105,108,50,30,L 1
2008,DAL,2008-04-13,9:00p,@,Seattle SuperSonics,L,,95,99,50,31,L 2
2008,DAL,2008-04-16,7:00p,,New Orleans Hornets,W,,111,98,51,31,W 1
2008,DAL,2008-04-19,7:00p,@,New Orleans Hornets,L,,92,104,0,1,L 1
2008,DAL,2008-04-22,7:00p,@,New Orleans Hornets,L,,103,127,0,2,L 2
2008,DAL,2008-04-25,8:00p,,New Orleans Hornets,W,,97,87,1,2,W 1
2008,DAL,2008-04-27,9:30p,,New Orleans Hornets,L,,84,97,1,3,L 1
2008,DAL,2008-04-29,7:00p,@,New Orleans Hornets,L,,94,99,1,4,L 2
2008,DEN,2007-10-31,10:30p,,Seattle SuperSonics,W,,120,103,1,0,W 1
2008,DEN,2007-11-02,8:00p,@,Minnesota Timberwolves,W,,99,91,2,0,W 2
2008,DEN,2007-11-04,8:00p,,New Orleans Hornets,L,,88,93,2,1,L 1
2008,DEN,2007-11-06,7:30p,@,New York Knicks,L,,112,119,2,2,L 2
2008,DEN,2007-11-07,7:30p,@,Boston Celtics,L,,93,119,2,3,L 3
2008,DEN,2007-11-09,8:00p,@,Washington Wizards,W,,118,92,3,3,W 1
2008,DEN,2007-11-10,7:00p,@,Indiana Pacers,W,,113,106,4,3,W 2
2008,DEN,2007-11-12,9:00p,,Cleveland Cavaliers,W,,122,100,5,3,W 3
2008,DEN,2007-11-14,9:00p,,Portland Trail Blazers,W,,110,93,6,3,W 4
2008,DEN,2007-11-17,9:00p,,New York Knicks,W,,115,83,7,3,W 5
2008,DEN,2007-11-20,9:00p,,Chicago Bulls,W,,112,91,8,3,W 6
2008,DEN,2007-11-21,10:30p,@,Los Angeles Clippers,L,,90,101,8,4,L 1
2008,DEN,2007-11-23,9:00p,,Minnesota Timberwolves,W,,99,93,9,4,W 1
2008,DEN,2007-11-24,8:30p,@,Houston Rockets,L,,81,109,9,5,L 1
2008,DEN,2007-11-27,9:00p,,Indiana Pacers,L,,110,112,9,6,L 2
2008,DEN,2007-11-29,10:30p,@,Los Angeles Lakers,L,,99,127,9,7,L 3
2008,DEN,2007-11-30,10:30p,,Los Angeles Clippers,W,,123,107,10,7,W 1
2008,DEN,2007-12-02,8:00p,,Miami Heat,W,,115,89,11,7,W 2
2008,DEN,2007-12-05,9:00p,,Los Angeles Lakers,L,,107,111,11,8,L 1
2008,DEN,2007-12-06,8:00p,@,Dallas Mavericks,W,,122,109,12,8,W 1
2008,DEN,2007-12-08,9:00p,,Sacramento Kings,W,,101,97,13,8,W 2
2008,DEN,2007-12-12,9:00p,,New Orleans Hornets,W,,105,99,14,8,W 3
2008,DEN,2007-12-15,8:30p,@,San Antonio Spurs,L,,91,102,14,9,L 1
2008,DEN,2007-12-16,8:00p,,Portland Trail Blazers,L,,105,116,14,10,L 2
2008,DEN,2007-12-20,10:30p,,Houston Rockets,W,2OT,112,111,15,10,W 1
2008,DEN,2007-12-21,10:00p,@,Portland Trail Blazers,L,,96,99,15,11,L 1
2008,DEN,2007-12-23,9:00p,@,Sacramento Kings,W,,106,105,16,11,W 1
2008,DEN,2007-12-26,9:00p,,Milwaukee Bucks,W,,125,105,17,11,W 2
2008,DEN,2007-12-28,10:30p,@,Golden State Warriors,W,,124,120,18,11,W 3
2008,DEN,2007-12-30,8:00p,,Golden State Warriors,L,,95,105,18,12,L 1
2008,DEN,2008-01-03,9:00p,,San Antonio Spurs,W,,80,77,19,12,W 1
2008,DEN,2008-01-04,8:00p,@,Minnesota Timberwolves,W,,118,107,20,12,W 2
2008,DEN,2008-01-06,8:00p,,Philadelphia 76ers,W,,109,96,21,12,W 3
2008,DEN,2008-01-07,9:00p,@,Phoenix Suns,L,,115,137,21,13,L 1
2008,DEN,2008-01-11,9:00p,,Orlando Magic,W,,113,103,22,13,W 1
2008,DEN,2008-01-14,7:00p,@,Charlotte Bobcats,L,,116,119,22,14,L 1
2008,DEN,2008-01-15,7:00p,@,Atlanta Hawks,L,,93,104,22,15,L 2
2008,DEN,2008-01-17,9:00p,,Utah Jazz,W,,120,109,23,15,W 1
2008,DEN,2008-01-19,9:00p,,Minnesota Timberwolves,W,,111,108,24,15,W 2
2008,DEN,2008-01-21,10:30p,@,Los Angeles Lakers,L,,99,116,24,16,L 1
2008,DEN,2008-01-23,9:00p,,Atlanta Hawks,W,,107,100,25,16,W 1
2008,DEN,2008-01-25,9:00p,,New Jersey Nets,W,,100,85,26,16,W 2
2008,DEN,2008-01-27,6:30p,@,Dallas Mavericks,L,,85,90,26,17,L 1
2008,DEN,2008-01-28,8:00p,@,New Orleans Hornets,L,,93,117,26,18,L 2
2008,DEN,2008-01-30,8:00p,@,Memphis Grizzlies,W,,106,102,27,18,W 1
2008,DEN,2008-02-02,9:00p,,Charlotte Bobcats,W,,117,101,28,18,W 2
2008,DEN,2008-02-04,10:00p,@,Portland Trail Blazers,W,OT,105,103,29,18,W 3
2008,DEN,2008-02-06,9:00p,,Utah Jazz,L,OT,115,118,29,19,L 1
2008,DEN,2008-02-08,10:30p,,Washington Wizards,W,,111,100,30,19,W 1
2008,DEN,2008-02-10,7:00p,@,Cleveland Cavaliers,W,,113,83,31,19,W 2
2008,DEN,2008-02-12,7:30p,@,Miami Heat,W,OT,114,113,32,19,W 3
2008,DEN,2008-02-13,7:00p,@,Orlando Magic,L,,98,109,32,20,L 1
2008,DEN,2008-02-19,9:00p,,Boston Celtics,W,,124,118,33,20,W 1
2008,DEN,2008-02-22,8:00p,@,Chicago Bulls,L,,121,135,33,21,L 1
2008,DEN,2008-02-23,8:30p,@,Milwaukee Bucks,L,,109,115,33,22,L 2
2008,DEN,2008-02-25,9:00p,,Detroit Pistons,L,,93,98,33,23,L 3
2008,DEN,2008-02-27,10:00p,@,Seattle SuperSonics,W,,138,96,34,23,W 1
2008,DEN,2008-02-29,10:30p,,Los Angeles Clippers,W,,110,104,35,23,W 2
2008,DEN,2008-03-02,8:00p,@,Houston Rockets,L,,89,103,35,24,L 1
2008,DEN,2008-03-05,9:00p,,Phoenix Suns,W,,126,113,36,24,W 1
2008,DEN,2008-03-07,10:30p,,San Antonio Spurs,W,,109,96,37,24,W 2
2008,DEN,2008-03-08,9:00p,@,Utah Jazz,L,,105,132,37,25,L 1
2008,DEN,2008-03-10,8:30p,@,San Antonio Spurs,L,,103,107,37,26,L 2
2008,DEN,2008-03-12,9:00p,,Memphis Grizzlies,W,,108,86,38,26,W 1
2008,DEN,2008-03-14,9:00p,,Toronto Raptors,W,,137,105,39,26,W 2
2008,DEN,2008-03-16,9:00p,,Seattle SuperSonics,W,,168,116,40,26,W 3
2008,DEN,2008-03-18,7:30p,@,Detroit Pistons,L,,120,136,40,27,L 1
2008,DEN,2008-03-19,7:00p,@,Philadelphia 76ers,L,,113,115,40,28,L 2
2008,DEN,2008-03-21,7:30p,@,New Jersey Nets,W,,125,114,41,28,W 1
2008,DEN,2008-03-23,3:30p,@,Toronto Raptors,W,,109,100,42,28,W 2
2008,DEN,2008-03-24,8:00p,@,Memphis Grizzlies,W,,120,106,43,28,W 3
2008,DEN,2008-03-27,8:00p,,Dallas Mavericks,W,,118,105,44,28,W 4
2008,DEN,2008-03-29,9:00p,,Golden State Warriors,W,,119,112,45,28,W 5
2008,DEN,2008-03-31,10:00p,@,Phoenix Suns,L,,117,132,45,29,L 1
2008,DEN,2008-04-01,9:00p,,Phoenix Suns,W,,126,120,46,29,W 1
2008,DEN,2008-04-05,9:00p,,Sacramento Kings,L,,115,118,46,30,L 1
2008,DEN,2008-04-06,9:00p,@,Seattle SuperSonics,L,2OT,147,151,46,31,L 2
2008,DEN,2008-04-08,10:30p,@,Los Angeles Clippers,W,,117,99,47,31,W 1
2008,DEN,2008-04-10,8:00p,@,Golden State Warriors,W,,114,105,48,31,W 2
2008,DEN,2008-04-12,9:00p,@,Utah Jazz,L,,97,124,48,32,L 1
2008,DEN,2008-04-13,9:00p,,Houston Rockets,W,,111,94,49,32,W 1
2008,DEN,2008-04-16,9:00p,,Memphis Grizzlies,W,,120,111,50,32,W 2
2008,DEN,2008-04-20,3:00p,@,Los Angeles Lakers,L,,114,128,0,1,L 1
2008,DEN,2008-04-23,10:30p,@,Los Angeles Lakers,L,,107,122,0,2,L 2
2008,DEN,2008-04-26,5:30p,,Los Angeles Lakers,L,,84,102,0,3,L 3
2008,DEN,2008-04-28,10:30p,,Los Angeles Lakers,L,,101,107,0,4,L 4
2008,DET,2007-11-01,8:00p,@,Miami Heat,W,,91,80,1,0,W 1
2008,DET,2007-11-02,7:00p,@,Orlando Magic,W,,116,92,2,0,W 2
2008,DET,2007-11-04,7:30p,,Atlanta Hawks,W,,92,91,3,0,W 3
2008,DET,2007-11-08,8:00p,@,Chicago Bulls,L,,93,97,3,1,L 1
2008,DET,2007-11-09,8:00p,,Los Angeles Clippers,W,,103,79,4,1,W 1
2008,DET,2007-11-11,9:00p,@,Seattle SuperSonics,W,,107,103,5,1,W 2
2008,DET,2007-11-13,10:00p,@,Portland Trail Blazers,L,,94,102,5,2,L 1
2008,DET,2007-11-14,10:30p,@,Golden State Warriors,W,,111,104,6,2,W 1
2008,DET,2007-11-16,10:30p,@,Los Angeles Lakers,L,,91,103,6,3,L 1
2008,DET,2007-11-18,9:00p,@,Sacramento Kings,L,,95,105,6,4,L 2
2008,DET,2007-11-21,8:00p,,New York Knicks,W,,98,86,7,4,W 1
2008,DET,2007-11-23,8:00p,,Philadelphia 76ers,W,,83,78,8,4,W 2
2008,DET,2007-11-25,1:00p,,Utah Jazz,L,,93,103,8,5,L 1
2008,DET,2007-11-28,7:30p,,Cleveland Cavaliers,W,,109,74,9,5,W 1
2008,DET,2007-12-01,8:30p,@,Milwaukee Bucks,W,,117,91,10,5,W 2
2008,DET,2007-12-02,6:00p,,New Jersey Nets,W,,118,95,11,5,W 3
2008,DET,2007-12-04,7:00p,@,Atlanta Hawks,W,,106,95,12,5,W 4
2008,DET,2007-12-05,8:00p,@,New Orleans Hornets,W,,91,76,13,5,W 5
2008,DET,2007-12-07,7:00p,,Chicago Bulls,L,,91,98,13,6,L 1
2008,DET,2007-12-09,6:00p,,Charlotte Bobcats,W,,104,85,14,6,W 1
2008,DET,2007-12-11,8:00p,@,Memphis Grizzlies,W,,113,103,15,6,W 2
2008,DET,2007-12-12,8:00p,@,Houston Rockets,L,,77,80,15,7,L 1
2008,DET,2007-12-14,8:00p,,Atlanta Hawks,W,,91,81,16,7,W 1
2008,DET,2007-12-16,12:30p,,Golden State Warriors,W,,109,87,17,7,W 2
2008,DET,2007-12-19,7:00p,@,Boston Celtics,W,,87,85,18,7,W 3
2008,DET,2007-12-21,8:00p,,Memphis Grizzlies,W,,94,67,19,7,W 4
2008,DET,2007-12-23,6:00p,,Houston Rockets,W,,94,82,20,7,W 5
2008,DET,2007-12-26,7:30p,@,New Jersey Nets,W,,101,83,21,7,W 6
2008,DET,2007-12-28,8:00p,,Indiana Pacers,W,,114,101,22,7,W 7
2008,DET,2007-12-29,7:00p,@,Indiana Pacers,W,,98,92,23,7,W 8
2008,DET,2007-12-31,3:30p,,Milwaukee Bucks,W,,114,69,24,7,W 9
2008,DET,2008-01-02,7:00p,@,Washington Wizards,W,,106,93,25,7,W 10
2008,DET,2008-01-04,7:00p,@,Toronto Raptors,W,,101,85,26,7,W 11
2008,DET,2008-01-05,7:30p,,Boston Celtics,L,,85,92,26,8,L 1
2008,DET,2008-01-09,9:00p,@,Dallas Mavericks,L,,86,102,26,9,L 2
2008,DET,2008-01-10,8:00p,@,San Antonio Spurs,W,,90,80,27,9,W 1
2008,DET,2008-01-12,7:00p,@,Charlotte Bobcats,W,OT,103,100,28,9,W 2
2008,DET,2008-01-13,7:00p,@,New York Knicks,L,,65,89,28,10,L 1
2008,DET,2008-01-15,7:30p,,Toronto Raptors,W,,103,89,29,10,W 1
2008,DET,2008-01-18,8:00p,,Sacramento Kings,L,,93,100,29,11,L 1
2008,DET,2008-01-19,8:30p,@,Chicago Bulls,L,,81,97,29,12,L 2
2008,DET,2008-01-21,7:00p,@,Orlando Magic,L,,100,102,29,13,L 3
2008,DET,2008-01-23,7:00p,@,Philadelphia 76ers,W,,86,78,30,13,W 1
2008,DET,2008-01-25,7:00p,,Orlando Magic,W,,101,93,31,13,W 2
2008,DET,2008-01-29,7:00p,@,Indiana Pacers,W,,110,104,32,13,W 3
2008,DET,2008-01-31,7:30p,,Los Angeles Lakers,W,,90,89,33,13,W 4
2008,DET,2008-02-03,2:30p,,Dallas Mavericks,W,,90,67,34,13,W 5
2008,DET,2008-02-06,7:30p,,Miami Heat,W,,100,95,35,13,W 6
2008,DET,2008-02-08,8:00p,,Portland Trail Blazers,W,,91,82,36,13,W 7
2008,DET,2008-02-10,6:00p,,Charlotte Bobcats,W,,113,87,37,13,W 8
2008,DET,2008-02-12,7:00p,@,Atlanta Hawks,W,,94,90,38,13,W 9
2008,DET,2008-02-13,7:30p,,Indiana Pacers,W,,96,80,39,13,W 10
2008,DET,2008-02-19,7:30p,,Orlando Magic,L,,85,103,39,14,L 1
2008,DET,2008-02-20,8:00p,@,Milwaukee Bucks,L,,98,103,39,15,L 2
2008,DET,2008-02-22,8:00p,,Milwaukee Bucks,W,,127,100,40,15,W 1
2008,DET,2008-02-24,2:30p,@,Phoenix Suns,W,,116,86,41,15,W 2
2008,DET,2008-02-25,9:00p,@,Denver Nuggets,W,,98,93,42,15,W 3
2008,DET,2008-02-27,9:00p,@,Utah Jazz,L,,95,103,42,16,L 1
2008,DET,2008-03-01,10:30p,@,Los Angeles Clippers,W,,103,73,43,16,W 1
2008,DET,2008-03-04,7:30p,,Seattle SuperSonics,W,,100,97,44,16,W 2
2008,DET,2008-03-05,7:30p,@,Boston Celtics,L,,78,90,44,17,L 1
2008,DET,2008-03-07,7:30p,@,New York Knicks,W,,101,97,45,17,W 1
2008,DET,2008-03-09,8:00p,,Chicago Bulls,W,,116,109,46,17,W 2
2008,DET,2008-03-12,7:30p,,Philadelphia 76ers,L,,82,83,46,18,L 1
2008,DET,2008-03-14,8:00p,,San Antonio Spurs,W,,84,80,47,18,W 1
2008,DET,2008-03-16,1:00p,,New Orleans Hornets,W,,105,84,48,18,W 2
2008,DET,2008-03-18,7:30p,,Denver Nuggets,W,,136,120,49,18,W 3
2008,DET,2008-03-19,8:00p,@,Cleveland Cavaliers,L,,73,89,49,19,L 1
2008,DET,2008-03-23,8:00p,@,Washington Wizards,L,,83,95,49,20,L 2
2008,DET,2008-03-24,7:30p,,Phoenix Suns,W,OT,110,105,50,20,W 1
2008,DET,2008-03-26,7:00p,@,Toronto Raptors,L,,82,89,50,21,L 1
2008,DET,2008-03-27,8:00p,,Miami Heat,W,,85,69,51,21,W 1
2008,DET,2008-03-29,7:30p,,Cleveland Cavaliers,W,,85,71,52,21,W 2
2008,DET,2008-04-01,8:00p,@,Minnesota Timberwolves,W,,94,90,53,21,W 3
2008,DET,2008-04-04,8:00p,,New Jersey Nets,W,,106,87,54,21,W 4
2008,DET,2008-04-06,6:00p,@,Miami Heat,W,,91,75,55,21,W 5
2008,DET,2008-04-08,8:00p,,New York Knicks,L,,94,98,55,22,L 1
2008,DET,2008-04-09,7:00p,@,Philadelphia 76ers,L,,94,101,55,23,L 2
2008,DET,2008-04-11,8:00p,,Washington Wizards,W,,102,74,56,23,W 1
2008,DET,2008-04-13,1:00p,,Toronto Raptors,W,,91,84,57,23,W 2
2008,DET,2008-04-15,7:30p,,Minnesota Timberwolves,W,,115,103,58,23,W 3
2008,DET,2008-04-16,7:00p,@,Cleveland Cavaliers,W,,84,74,59,23,W 4
2008,DET,2008-04-20,6:00p,,Philadelphia 76ers,L,,86,90,0,1,L 1
2008,DET,2008-04-23,7:30p,,Philadelphia 76ers,W,,105,88,1,1,W 1
2008,DET,2008-04-25,7:00p,@,Philadelphia 76ers,L,,75,95,1,2,L 1
2008,DET,2008-04-27,7:00p,@,Philadelphia 76ers,W,,93,84,2,2,W 1
2008,DET,2008-04-29,7:00p,,Philadelphia 76ers,W,,98,81,3,2,W 2
2008,DET,2008-05-01,8:00p,@,Philadelphia 76ers,W,,100,77,4,2,W 3
2008,DET,2008-05-03,7:30p,,Orlando Magic,W,,91,72,5,2,W 4
2008,DET,2008-05-05,7:00p,,Orlando Magic,W,,100,93,6,2,W 5
2008,DET,2008-05-07,8:00p,@,Orlando Magic,L,,86,111,6,3,L 1
2008,DET,2008-05-10,5:00p,@,Orlando Magic,W,,90,89,7,3,W 1
2008,DET,2008-05-13,7:00p,,Orlando Magic,W,,91,86,8,3,W 2
2008,DET,2008-05-20,8:30p,@,Boston Celtics,L,,79,88,8,4,L 1
2008,DET,2008-05-22,8:30p,@,Boston Celtics,W,,103,97,9,4,W 1
2008,DET,2008-05-24,8:30p,,Boston Celtics,L,,80,94,9,5,L 1
2008,DET,2008-05-26,8:30p,,Boston Celtics,W,,94,75,10,5,W 1
2008,DET,2008-05-28,8:30p,@,Boston Celtics,L,,102,106,10,6,L 1
2008,DET,2008-05-30,8:30p,,Boston Celtics,L,,81,89,10,7,L 2
2008,GSW,2007-10-30,10:30p,,Utah Jazz,L,,96,117,0,1,L 1
2008,GSW,2007-11-02,10:30p,@,Los Angeles Clippers,L,,114,120,0,2,L 2
2008,GSW,2007-11-03,9:00p,@,Utah Jazz,L,,110,133,0,3,L 3
2008,GSW,2007-11-06,10:30p,,Cleveland Cavaliers,L,,104,108,0,4,L 4
2008,GSW,2007-11-08,10:30p,,Dallas Mavericks,L,,115,120,0,5,L 5
2008,GSW,2007-11-14,10:30p,,Detroit Pistons,L,,104,111,0,6,L 6
2008,GSW,2007-11-16,10:30p,,Los Angeles Clippers,W,,122,105,1,6,W 1
2008,GSW,2007-11-18,1:00p,@,Toronto Raptors,W,,106,100,2,6,W 2
2008,GSW,2007-11-20,7:30p,@,New York Knicks,W,,108,82,3,6,W 3
2008,GSW,2007-11-21,7:30p,@,Boston Celtics,L,,82,105,3,7,L 1
2008,GSW,2007-11-23,7:00p,@,Washington Wizards,W,,123,115,4,7,W 1
2008,GSW,2007-11-24,7:00p,@,Philadelphia 76ers,W,OT,100,98,5,7,W 2
2008,GSW,2007-11-26,10:30p,,Phoenix Suns,W,,129,114,6,7,W 3
2008,GSW,2007-11-28,10:00p,@,Sacramento Kings,W,,103,96,7,7,W 4
2008,GSW,2007-11-29,10:30p,,Houston Rockets,W,,113,94,8,7,W 5
2008,GSW,2007-12-02,9:00p,@,Seattle SuperSonics,W,,109,96,9,7,W 6
2008,GSW,2007-12-03,10:30p,,Orlando Magic,L,OT,117,123,9,8,L 1
2008,GSW,2007-12-05,10:30p,,Milwaukee Bucks,W,,120,90,10,8,W 1
2008,GSW,2007-12-07,10:30p,,Miami Heat,W,,120,113,11,8,W 2
2008,GSW,2007-12-09,9:30p,@,Los Angeles Lakers,L,,113,123,11,9,L 1
2008,GSW,2007-12-11,10:30p,,San Antonio Spurs,W,,96,84,12,9,W 1
2008,GSW,2007-12-12,10:00p,@,Portland Trail Blazers,L,,95,105,12,10,L 1
2008,GSW,2007-12-14,10:30p,,Los Angeles Lakers,W,,108,106,13,10,W 1
2008,GSW,2007-12-16,12:30p,@,Detroit Pistons,L,,87,109,13,11,L 1
2008,GSW,2007-12-17,8:00p,@,Memphis Grizzlies,W,,125,117,14,11,W 1
2008,GSW,2007-12-19,8:00p,@,Minnesota Timberwolves,W,,111,98,15,11,W 2
2008,GSW,2007-12-22,7:30p,@,New Jersey Nets,L,,95,100,15,12,L 1
2008,GSW,2007-12-23,6:00p,@,Cleveland Cavaliers,W,,105,96,16,12,W 1
2008,GSW,2007-12-26,10:30p,,Minnesota Timberwolves,W,,105,101,17,12,W 2
2008,GSW,2007-12-28,10:30p,,Denver Nuggets,L,,120,124,17,13,L 1
2008,GSW,2007-12-30,8:00p,@,Denver Nuggets,W,,105,95,18,13,W 1
2008,GSW,2007-12-31,7:00p,@,Houston Rockets,W,,112,95,19,13,W 2
2008,GSW,2008-01-02,8:30p,@,Dallas Mavericks,L,,99,121,19,14,L 1
2008,GSW,2008-01-04,10:30p,,New Orleans Hornets,L,,104,116,19,15,L 2
2008,GSW,2008-01-07,10:30p,,San Antonio Spurs,W,OT,130,121,20,15,W 1
2008,GSW,2008-01-09,10:00p,@,Portland Trail Blazers,L,,91,109,20,16,L 1
2008,GSW,2008-01-11,10:30p,,Memphis Grizzlies,W,,116,104,21,16,W 1
2008,GSW,2008-01-13,9:00p,,Indiana Pacers,W,,106,101,22,16,W 2
2008,GSW,2008-01-15,8:00p,@,Minnesota Timberwolves,W,,105,98,23,16,W 3
2008,GSW,2008-01-16,7:00p,@,Indiana Pacers,L,,117,125,23,17,L 1
2008,GSW,2008-01-18,9:30p,@,Chicago Bulls,W,,119,111,24,17,W 1
2008,GSW,2008-01-19,8:30p,@,Milwaukee Bucks,W,,119,99,25,17,W 2
2008,GSW,2008-01-21,4:00p,,Minnesota Timberwolves,L,,108,109,25,18,L 1
2008,GSW,2008-01-24,10:30p,,New Jersey Nets,W,,121,119,26,18,W 1
2008,GSW,2008-01-27,9:00p,,New York Knicks,W,,106,104,27,18,W 2
2008,GSW,2008-01-29,8:30p,@,Houston Rockets,L,,107,111,27,19,L 1
2008,GSW,2008-01-30,8:00p,@,New Orleans Hornets,W,,116,103,28,19,W 1
2008,GSW,2008-02-01,10:30p,,Charlotte Bobcats,W,,127,96,29,19,W 2
2008,GSW,2008-02-07,10:30p,,Chicago Bulls,L,,108,114,29,20,L 1
2008,GSW,2008-02-09,10:30p,,Sacramento Kings,W,,105,102,30,20,W 1
2008,GSW,2008-02-11,10:30p,,Washington Wizards,W,,120,117,31,20,W 2
2008,GSW,2008-02-13,9:00p,,Phoenix Suns,W,,120,118,32,20,W 3
2008,GSW,2008-02-19,9:00p,@,Utah Jazz,L,,109,119,32,21,L 1
2008,GSW,2008-02-20,10:30p,,Boston Celtics,W,,119,117,33,21,W 1
2008,GSW,2008-02-22,10:30p,,Atlanta Hawks,L,,110,117,33,22,L 1
2008,GSW,2008-02-26,10:30p,,Seattle SuperSonics,W,,105,99,34,22,W 1
2008,GSW,2008-02-29,10:30p,,Philadelphia 76ers,W,,119,97,35,22,W 2
2008,GSW,2008-03-02,9:00p,,Portland Trail Blazers,W,,110,104,36,22,W 3
2008,GSW,2008-03-04,7:00p,@,Atlanta Hawks,W,,135,118,37,22,W 4
2008,GSW,2008-03-05,7:00p,@,Charlotte Bobcats,L,,109,118,37,23,L 1
2008,GSW,2008-03-07,7:30p,@,Miami Heat,W,,134,99,38,23,W 1
2008,GSW,2008-03-08,7:00p,@,Orlando Magic,W,,104,95,39,23,W 2
2008,GSW,2008-03-12,10:30p,,Toronto Raptors,W,,117,106,40,23,W 3
2008,GSW,2008-03-13,10:30p,@,Phoenix Suns,L,,115,123,40,24,L 1
2008,GSW,2008-03-15,10:30p,,Memphis Grizzlies,W,,110,107,41,24,W 1
2008,GSW,2008-03-18,10:00p,@,Sacramento Kings,L,,105,122,41,25,L 1
2008,GSW,2008-03-19,10:30p,@,Los Angeles Clippers,W,,116,100,42,25,W 1
2008,GSW,2008-03-21,10:30p,,Houston Rockets,L,,106,109,42,26,L 1
2008,GSW,2008-03-23,9:30p,@,Los Angeles Lakers,W,,115,111,43,26,W 1
2008,GSW,2008-03-24,10:30p,,Los Angeles Lakers,L,OT,119,123,43,27,L 1
2008,GSW,2008-03-27,10:30p,,Portland Trail Blazers,W,,111,95,44,27,W 1
2008,GSW,2008-03-29,9:00p,@,Denver Nuggets,L,,112,119,44,28,L 1
2008,GSW,2008-03-30,9:00p,,Dallas Mavericks,W,,114,104,45,28,W 1
2008,GSW,2008-04-01,8:30p,@,San Antonio Spurs,L,,92,116,45,29,L 1
2008,GSW,2008-04-02,9:30p,@,Dallas Mavericks,L,,86,111,45,30,L 2
2008,GSW,2008-04-04,8:00p,@,Memphis Grizzlies,W,,117,86,46,30,W 1
2008,GSW,2008-04-06,1:00p,@,New Orleans Hornets,L,,96,108,46,31,L 1
2008,GSW,2008-04-08,10:30p,,Sacramento Kings,W,,140,132,47,31,W 1
2008,GSW,2008-04-10,8:00p,,Denver Nuggets,L,,105,114,47,32,L 1
2008,GSW,2008-04-12,10:30p,,Los Angeles Clippers,W,,122,116,48,32,W 1
2008,GSW,2008-04-14,10:00p,@,Phoenix Suns,L,,116,122,48,33,L 1
2008,GSW,2008-04-16,10:30p,,Seattle SuperSonics,L,,121,126,48,34,L 2
2008,HOU,2007-10-30,10:30p,@,Los Angeles Lakers,W,,95,93,1,0,W 1
2008,HOU,2007-11-01,9:00p,@,Utah Jazz,W,,106,95,2,0,W 2
2008,HOU,2007-11-03,8:30p,,Portland Trail Blazers,W,,89,80,3,0,W 3
2008,HOU,2007-11-05,8:30p,@,Dallas Mavericks,L,,98,107,3,1,L 1
2008,HOU,2007-11-06,8:30p,,San Antonio Spurs,W,,89,81,4,1,W 1
2008,HOU,2007-11-09,8:30p,,Milwaukee Bucks,W,,104,88,5,1,W 2
2008,HOU,2007-11-11,6:00p,@,Charlotte Bobcats,W,,85,82,6,1,W 3
2008,HOU,2007-11-13,8:00p,@,Memphis Grizzlies,L,,99,105,6,2,L 1
2008,HOU,2007-11-14,9:00p,,Los Angeles Lakers,L,,90,93,6,3,L 2
2008,HOU,2007-11-16,8:00p,@,San Antonio Spurs,L,,84,90,6,4,L 3
2008,HOU,2007-11-17,8:30p,,Phoenix Suns,L,,105,115,6,5,L 4
2008,HOU,2007-11-21,7:30p,,Dallas Mavericks,L,,94,100,6,6,L 5
2008,HOU,2007-11-23,8:00p,@,Miami Heat,L,,91,98,6,7,L 6
2008,HOU,2007-11-24,8:30p,,Denver Nuggets,W,,109,81,7,7,W 1
2008,HOU,2007-11-26,10:30p,@,Los Angeles Clippers,W,,88,71,8,7,W 2
2008,HOU,2007-11-28,9:00p,@,Phoenix Suns,W,,100,94,9,7,W 3
2008,HOU,2007-11-29,10:30p,@,Golden State Warriors,L,,94,113,9,8,L 1
2008,HOU,2007-12-01,10:00p,@,Sacramento Kings,L,,99,107,9,9,L 2
2008,HOU,2007-12-05,8:30p,,Memphis Grizzlies,W,,105,92,10,9,W 1
2008,HOU,2007-12-07,7:30p,@,New Jersey Nets,W,,96,89,11,9,W 2
2008,HOU,2007-12-09,12:30p,@,Toronto Raptors,L,,80,93,11,10,L 1
2008,HOU,2007-12-10,7:00p,@,Philadelphia 76ers,L,,88,100,11,11,L 2
2008,HOU,2007-12-12,8:00p,,Detroit Pistons,W,,80,77,12,11,W 1
2008,HOU,2007-12-15,8:30p,,Dallas Mavericks,L,,83,96,12,12,L 1
2008,HOU,2007-12-19,8:30p,,Orlando Magic,L,,92,97,12,13,L 2
2008,HOU,2007-12-20,10:30p,@,Denver Nuggets,L,2OT,111,112,12,14,L 3
2008,HOU,2007-12-22,8:30p,@,Chicago Bulls,W,,116,98,13,14,W 1
2008,HOU,2007-12-23,6:00p,@,Detroit Pistons,L,,82,94,13,15,L 1
2008,HOU,2007-12-28,8:00p,@,Memphis Grizzlies,W,,103,83,14,15,W 1
2008,HOU,2007-12-29,8:30p,,Toronto Raptors,W,,91,79,15,15,W 2
2008,HOU,2007-12-31,7:00p,,Golden State Warriors,L,,95,112,15,16,L 1
2008,HOU,2008-01-02,7:30p,@,Boston Celtics,L,,93,97,15,17,L 2
2008,HOU,2008-01-04,7:00p,@,Orlando Magic,W,,96,94,16,17,W 1
2008,HOU,2008-01-05,8:30p,,New York Knicks,W,,103,91,17,17,W 2
2008,HOU,2008-01-08,7:00p,@,Washington Wizards,W,,92,84,18,17,W 3
2008,HOU,2008-01-09,7:30p,@,New York Knicks,W,,101,92,19,17,W 4
2008,HOU,2008-01-11,8:30p,,Minnesota Timberwolves,W,,113,82,20,17,W 5
2008,HOU,2008-01-13,2:30p,,New Orleans Hornets,L,,82,87,20,18,L 1
2008,HOU,2008-01-15,8:30p,,Philadelphia 76ers,L,,107,111,20,19,L 2
2008,HOU,2008-01-19,8:30p,,San Antonio Spurs,W,,83,81,21,19,W 1
2008,HOU,2008-01-21,2:30p,,Seattle SuperSonics,W,,96,89,22,19,W 2
2008,HOU,2008-01-23,10:00p,@,Seattle SuperSonics,W,,109,107,23,19,W 3
2008,HOU,2008-01-25,10:00p,@,Portland Trail Blazers,W,,89,79,24,19,W 4
2008,HOU,2008-01-27,7:00p,,Utah Jazz,L,,89,97,24,20,L 1
2008,HOU,2008-01-29,8:30p,,Golden State Warriors,W,,111,107,25,20,W 1
2008,HOU,2008-02-01,7:00p,@,Indiana Pacers,W,,106,103,26,20,W 2
2008,HOU,2008-02-02,8:30p,@,Milwaukee Bucks,W,,91,83,27,20,W 3
2008,HOU,2008-02-04,8:00p,@,Minnesota Timberwolves,W,,92,86,28,20,W 4
2008,HOU,2008-02-07,8:00p,,Cleveland Cavaliers,W,,92,77,29,20,W 5
2008,HOU,2008-02-09,8:30p,,Atlanta Hawks,W,,108,89,30,20,W 6
2008,HOU,2008-02-11,8:30p,,Portland Trail Blazers,W,,95,83,31,20,W 7
2008,HOU,2008-02-13,8:30p,,Sacramento Kings,W,,89,87,32,20,W 8
2008,HOU,2008-02-19,7:00p,@,Cleveland Cavaliers,W,,93,85,33,20,W 9
2008,HOU,2008-02-21,8:00p,,Miami Heat,W,,112,100,34,20,W 10
2008,HOU,2008-02-22,8:00p,@,New Orleans Hornets,W,,100,80,35,20,W 11
2008,HOU,2008-02-24,8:00p,,Chicago Bulls,W,,110,97,36,20,W 12
2008,HOU,2008-02-26,8:30p,,Washington Wizards,W,,94,69,37,20,W 13
2008,HOU,2008-02-29,8:30p,,Memphis Grizzlies,W,,116,95,38,20,W 14
2008,HOU,2008-03-02,8:00p,,Denver Nuggets,W,,103,89,39,20,W 15
2008,HOU,2008-03-05,8:30p,,Indiana Pacers,W,,117,99,40,20,W 16
2008,HOU,2008-03-06,9:30p,@,Dallas Mavericks,W,,113,98,41,20,W 17
2008,HOU,2008-03-08,8:30p,,New Orleans Hornets,W,,106,96,42,20,W 18
2008,HOU,2008-03-10,8:30p,,New Jersey Nets,W,,91,73,43,20,W 19
2008,HOU,2008-03-12,7:00p,@,Atlanta Hawks,W,,83,75,44,20,W 20
2008,HOU,2008-03-14,8:30p,,Charlotte Bobcats,W,,89,80,45,20,W 21
2008,HOU,2008-03-16,3:30p,,Los Angeles Lakers,W,,104,92,46,20,W 22
2008,HOU,2008-03-18,9:30p,,Boston Celtics,L,,74,94,46,21,L 1
2008,HOU,2008-03-19,8:00p,@,New Orleans Hornets,L,,69,90,46,22,L 2
2008,HOU,2008-03-21,10:30p,@,Golden State Warriors,W,,109,106,47,22,W 1
2008,HOU,2008-03-22,10:00p,@,Phoenix Suns,L,,113,122,47,23,L 1
2008,HOU,2008-03-24,8:30p,,Sacramento Kings,W,,108,100,48,23,W 1
2008,HOU,2008-03-26,8:30p,,Minnesota Timberwolves,W,,97,86,49,23,W 2
2008,HOU,2008-03-30,1:00p,@,San Antonio Spurs,L,,88,109,49,24,L 1
2008,HOU,2008-04-01,10:00p,@,Sacramento Kings,L,,98,99,49,25,L 2
2008,HOU,2008-04-03,10:30p,@,Portland Trail Blazers,W,,95,86,50,25,W 1
2008,HOU,2008-04-04,10:30p,@,Seattle SuperSonics,W,,79,66,51,25,W 2
2008,HOU,2008-04-06,9:30p,@,Los Angeles Clippers,W,,105,79,52,25,W 3
2008,HOU,2008-04-09,8:30p,,Seattle SuperSonics,W,,103,80,53,25,W 4
2008,HOU,2008-04-11,8:30p,,Phoenix Suns,W,,101,90,54,25,W 5
2008,HOU,2008-04-13,9:00p,@,Denver Nuggets,L,,94,111,54,26,L 1
2008,HOU,2008-04-14,9:00p,@,Utah Jazz,L,,96,105,54,27,L 2
2008,HOU,2008-04-16,8:30p,,Los Angeles Clippers,W,,93,75,55,27,W 1
2008,HOU,2008-04-19,9:30p,,Utah Jazz,L,,82,93,0,1,L 1
2008,HOU,2008-04-21,9:30p,,Utah Jazz,L,,84,90,0,2,L 2
2008,HOU,2008-04-24,10:30p,@,Utah Jazz,W,,94,92,1,2,W 1
2008,HOU,2008-04-26,10:30p,@,Utah Jazz,L,,82,86,1,3,L 1
2008,HOU,2008-04-29,9:30p,,Utah Jazz,W,,95,69,2,3,W 1
2008,HOU,2008-05-02,10:30p,@,Utah Jazz,L,,91,113,2,4,L 1
2008,IND,2007-10-31,7:00p,,Washington Wizards,W,OT,119,110,1,0,W 1
2008,IND,2007-11-02,7:00p,,Miami Heat,W,,87,85,2,0,W 2
2008,IND,2007-11-03,8:00p,@,Memphis Grizzlies,W,,121,111,3,0,W 3
2008,IND,2007-11-07,7:00p,,Los Angeles Clippers,L,,89,104,3,1,L 1
2008,IND,2007-11-09,7:00p,@,Charlotte Bobcats,L,,87,96,3,2,L 2
2008,IND,2007-11-10,7:00p,,Denver Nuggets,L,,106,113,3,3,L 3
2008,IND,2007-11-13,7:00p,,Boston Celtics,L,,86,101,3,4,L 4
2008,IND,2007-11-14,7:00p,@,Washington Wizards,L,,90,103,3,5,L 5
2008,IND,2007-11-16,7:00p,@,Toronto Raptors,L,,101,110,3,6,L 6
2008,IND,2007-11-17,7:00p,,Utah Jazz,W,,117,97,4,6,W 1
2008,IND,2007-11-20,7:00p,,Los Angeles Lakers,L,,114,134,4,7,L 1
2008,IND,2007-11-21,8:00p,@,New Orleans Hornets,W,,105,93,5,7,W 1
2008,IND,2007-11-23,8:00p,,Dallas Mavericks,W,,111,107,6,7,W 2
2008,IND,2007-11-25,2:30p,,Cleveland Cavaliers,L,,106,111,6,8,L 1
2008,IND,2007-11-27,9:00p,@,Denver Nuggets,W,,112,110,7,8,W 1
2008,IND,2007-11-28,10:00p,@,Portland Trail Blazers,W,,95,89,8,8,W 2
2008,IND,2007-11-30,10:30p,@,Seattle SuperSonics,L,,93,95,8,9,L 1
2008,IND,2007-12-02,3:30p,@,Los Angeles Clippers,W,,101,95,9,9,W 1
2008,IND,2007-12-04,7:00p,,Phoenix Suns,L,,117,121,9,10,L 1
2008,IND,2007-12-07,7:00p,@,Orlando Magic,W,,115,109,10,10,W 1
2008,IND,2007-12-11,7:00p,@,Cleveland Cavaliers,L,,105,118,10,11,L 1
2008,IND,2007-12-12,7:00p,,Chicago Bulls,W,,117,102,11,11,W 1
2008,IND,2007-12-14,7:00p,,Toronto Raptors,L,,93,104,11,12,L 1
2008,IND,2007-12-15,7:30p,@,Miami Heat,W,,106,103,12,12,W 1
2008,IND,2007-12-17,7:30p,@,New York Knicks,W,,119,92,13,12,W 2
2008,IND,2007-12-19,7:00p,,Philadelphia 76ers,W,,102,85,14,12,W 3
2008,IND,2007-12-21,8:00p,@,Minnesota Timberwolves,L,,118,131,14,13,L 1
2008,IND,2007-12-22,7:00p,,Washington Wizards,W,,93,85,15,13,W 1
2008,IND,2007-12-26,7:00p,@,Atlanta Hawks,L,,95,107,15,14,L 1
2008,IND,2007-12-28,8:00p,@,Detroit Pistons,L,,101,114,15,15,L 2
2008,IND,2007-12-29,7:00p,,Detroit Pistons,L,,92,98,15,16,L 3
2008,IND,2007-12-31,2:00p,@,Charlotte Bobcats,L,OT,103,107,15,17,L 4
2008,IND,2008-01-02,7:00p,,Memphis Grizzlies,L,,72,90,15,18,L 5
2008,IND,2008-01-04,7:00p,,Atlanta Hawks,W,,113,91,16,18,W 1
2008,IND,2008-01-06,9:30p,@,Los Angeles Lakers,L,,96,112,16,19,L 1
2008,IND,2008-01-08,9:00p,@,Utah Jazz,L,,89,111,16,20,L 2
2008,IND,2008-01-09,9:00p,@,Phoenix Suns,L,OT,122,129,16,21,L 3
2008,IND,2008-01-12,10:00p,@,Sacramento Kings,W,,111,105,17,21,W 1
2008,IND,2008-01-13,9:00p,@,Golden State Warriors,L,,101,106,17,22,L 1
2008,IND,2008-01-16,7:00p,,Golden State Warriors,W,,125,117,18,22,W 1
2008,IND,2008-01-19,7:00p,,Sacramento Kings,L,,104,110,18,23,L 1
2008,IND,2008-01-21,2:00p,@,Philadelphia 76ers,W,,110,103,19,23,W 1
2008,IND,2008-01-23,8:30p,@,Chicago Bulls,L,,95,108,19,24,L 1
2008,IND,2008-01-24,8:00p,@,Milwaukee Bucks,L,,92,104,19,25,L 2
2008,IND,2008-01-26,3:30p,@,Miami Heat,L,,96,98,19,26,L 3
2008,IND,2008-01-29,7:00p,,Detroit Pistons,L,,104,110,19,27,L 4
2008,IND,2008-02-01,7:00p,,Houston Rockets,L,,103,106,19,28,L 5
2008,IND,2008-02-02,7:00p,,Orlando Magic,L,,115,121,19,29,L 6
2008,IND,2008-02-05,7:00p,,San Antonio Spurs,L,,89,116,19,30,L 7
2008,IND,2008-02-06,7:30p,@,New York Knicks,W,,103,100,20,30,W 1
2008,IND,2008-02-09,7:00p,,Portland Trail Blazers,W,,101,93,21,30,W 2
2008,IND,2008-02-12,7:00p,,Boston Celtics,L,,97,104,21,31,L 1
2008,IND,2008-02-13,7:30p,@,Detroit Pistons,L,,80,96,21,32,L 2
2008,IND,2008-02-20,7:00p,,Cleveland Cavaliers,L,,97,106,21,33,L 3
2008,IND,2008-02-22,7:00p,,New Jersey Nets,W,,113,103,22,33,W 1
2008,IND,2008-02-23,7:30p,@,New Jersey Nets,L,,91,102,22,34,L 1
2008,IND,2008-02-25,7:00p,,Toronto Raptors,L,,98,102,22,35,L 2
2008,IND,2008-02-27,7:00p,,Chicago Bulls,L,,107,113,22,36,L 3
2008,IND,2008-02-29,7:00p,@,Toronto Raptors,W,,122,111,23,36,W 1
2008,IND,2008-03-02,6:00p,,Milwaukee Bucks,W,,128,106,24,36,W 2
2008,IND,2008-03-05,8:30p,@,Houston Rockets,L,,99,117,24,37,L 1
2008,IND,2008-03-06,8:00p,@,San Antonio Spurs,L,,97,108,24,38,L 2
2008,IND,2008-03-08,1:00p,@,Cleveland Cavaliers,L,,95,103,24,39,L 3
2008,IND,2008-03-11,7:00p,,Seattle SuperSonics,W,,114,107,25,39,W 1
2008,IND,2008-03-14,8:30p,@,Dallas Mavericks,L,,97,116,25,40,L 1
2008,IND,2008-03-15,7:00p,@,Orlando Magic,L,,111,122,25,41,L 2
2008,IND,2008-03-17,7:00p,,New York Knicks,W,,110,98,26,41,W 1
2008,IND,2008-03-19,7:00p,,Charlotte Bobcats,W,,102,95,27,41,W 2
2008,IND,2008-03-21,7:00p,,Minnesota Timberwolves,W,,124,113,28,41,W 3
2008,IND,2008-03-22,8:30p,@,Chicago Bulls,W,,108,101,29,41,W 4
2008,IND,2008-03-25,7:00p,,New Orleans Hornets,L,,106,114,29,42,L 1
2008,IND,2008-03-26,7:30p,@,New Jersey Nets,L,,117,124,29,43,L 2
2008,IND,2008-03-28,7:00p,,New Jersey Nets,W,,123,115,30,43,W 1
2008,IND,2008-03-31,7:00p,,Miami Heat,W,,105,85,31,43,W 2
2008,IND,2008-04-02,7:00p,@,Boston Celtics,L,,77,92,31,44,L 1
2008,IND,2008-04-04,8:30p,@,Milwaukee Bucks,W,,105,101,32,44,W 1
2008,IND,2008-04-06,6:00p,,Milwaukee Bucks,W,,105,97,33,44,W 2
2008,IND,2008-04-08,7:00p,,Atlanta Hawks,W,,112,98,34,44,W 3
2008,IND,2008-04-11,7:00p,@,Philadelphia 76ers,W,,85,76,35,44,W 4
2008,IND,2008-04-12,7:00p,,Charlotte Bobcats,L,,103,107,35,45,L 1
2008,IND,2008-04-14,7:00p,@,Washington Wizards,L,,110,117,35,46,L 2
2008,IND,2008-04-16,7:00p,,New York Knicks,W,,132,123,36,46,W 1
2008,LAC,2007-11-02,10:30p,,Golden State Warriors,W,,120,114,1,0,W 1
2008,LAC,2007-11-04,3:30p,,Seattle SuperSonics,W,,115,101,2,0,W 2
2008,LAC,2007-11-06,8:30p,@,Chicago Bulls,W,,97,91,3,0,W 3
2008,LAC,2007-11-07,7:00p,@,Indiana Pacers,W,,104,89,4,0,W 4
2008,LAC,2007-11-09,8:00p,@,Detroit Pistons,L,,79,103,4,1,L 1
2008,LAC,2007-11-11,9:30p,,Cleveland Cavaliers,L,,95,103,4,2,L 2
2008,LAC,2007-11-14,10:30p,,New York Knicks,W,,84,81,5,2,W 1
2008,LAC,2007-11-16,10:30p,@,Golden State Warriors,L,,105,122,5,3,L 1
2008,LAC,2007-11-17,10:30p,,Chicago Bulls,L,,73,92,5,4,L 2
2008,LAC,2007-11-21,10:30p,,Denver Nuggets,W,,101,90,6,4,W 1
2008,LAC,2007-11-23,9:00p,@,Phoenix Suns,L,,94,113,6,5,L 1
2008,LAC,2007-11-24,10:30p,,New Orleans Hornets,L,,89,98,6,6,L 2
2008,LAC,2007-11-26,10:30p,,Houston Rockets,L,,71,88,6,7,L 3
2008,LAC,2007-11-30,10:30p,@,Denver Nuggets,L,,107,123,6,8,L 4
2008,LAC,2007-12-02,3:30p,,Indiana Pacers,L,,95,101,6,9,L 5
2008,LAC,2007-12-04,10:30p,,Milwaukee Bucks,L,,78,87,6,10,L 6
2008,LAC,2007-12-05,10:30p,@,Seattle SuperSonics,L,,88,95,6,11,L 7
2008,LAC,2007-12-07,10:00p,@,Sacramento Kings,W,,97,87,7,11,W 1
2008,LAC,2007-12-09,3:30p,,Miami Heat,L,,94,100,7,12,L 1
2008,LAC,2007-12-11,7:30p,@,New Jersey Nets,W,,91,82,8,12,W 1
2008,LAC,2007-12-12,7:00p,@,Charlotte Bobcats,L,,103,108,8,13,L 1
2008,LAC,2007-12-14,8:00p,@,Memphis Grizzlies,W,,98,91,9,13,W 1
2008,LAC,2007-12-16,9:30p,@,Los Angeles Lakers,L,,92,113,9,14,L 1
2008,LAC,2007-12-18,10:30p,,Toronto Raptors,L,,77,80,9,15,L 2
2008,LAC,2007-12-21,9:30p,@,Dallas Mavericks,L,,89,102,9,16,L 3
2008,LAC,2007-12-22,8:30p,@,San Antonio Spurs,L,,90,99,9,17,L 4
2008,LAC,2007-12-27,10:30p,,Phoenix Suns,L,,88,108,9,18,L 5
2008,LAC,2007-12-28,9:00p,@,Phoenix Suns,L,,88,94,9,19,L 6
2008,LAC,2007-12-31,9:30p,,Minnesota Timberwolves,W,,91,82,10,19,W 1
2008,LAC,2008-01-02,10:30p,,New Orleans Hornets,L,,81,95,10,20,L 1
2008,LAC,2008-01-06,3:30p,,San Antonio Spurs,L,,82,88,10,21,L 2
2008,LAC,2008-01-09,10:30p,,Orlando Magic,L,,106,113,10,22,L 3
2008,LAC,2008-01-12,10:30p,,Dallas Mavericks,L,,94,95,10,23,L 4
2008,LAC,2008-01-15,10:30p,,Phoenix Suns,W,,97,90,11,23,W 1
2008,LAC,2008-01-18,9:00p,@,Utah Jazz,L,,88,106,11,24,L 1
2008,LAC,2008-01-19,10:30p,,New Jersey Nets,W,OT,120,107,12,24,W 1
2008,LAC,2008-01-21,3:30p,,Utah Jazz,L,,93,109,12,25,L 1
2008,LAC,2008-01-23,10:30p,,Sacramento Kings,W,,111,85,13,25,W 1
2008,LAC,2008-01-25,8:00p,@,New Orleans Hornets,L,,92,111,13,26,L 1
2008,LAC,2008-01-26,8:00p,@,Memphis Grizzlies,L,OT,120,125,13,27,L 2
2008,LAC,2008-01-28,10:30p,,Charlotte Bobcats,L,,100,107,13,28,L 3
2008,LAC,2008-01-30,10:30p,,Atlanta Hawks,W,,95,88,14,28,W 1
2008,LAC,2008-02-01,8:00p,@,Minnesota Timberwolves,L,,83,104,14,29,L 1
2008,LAC,2008-02-02,7:30p,@,Cleveland Cavaliers,L,,84,98,14,30,L 2
2008,LAC,2008-02-04,7:30p,@,New York Knicks,W,,103,94,15,30,W 1
2008,LAC,2008-02-06,7:30p,@,Boston Celtics,L,,100,111,15,31,L 1
2008,LAC,2008-02-08,7:00p,@,Toronto Raptors,W,,102,98,16,31,W 1
2008,LAC,2008-02-09,7:30p,@,Philadelphia 76ers,L,,80,101,16,32,L 1
2008,LAC,2008-02-11,8:00p,@,Milwaukee Bucks,W,,96,89,17,32,W 1
2008,LAC,2008-02-13,10:30p,,Washington Wizards,L,,89,91,17,33,L 1
2008,LAC,2008-02-20,10:30p,,Memphis Grizzlies,W,,100,86,18,33,W 1
2008,LAC,2008-02-22,10:30p,,Utah Jazz,W,,114,104,19,33,W 2
2008,LAC,2008-02-23,10:30p,,Los Angeles Lakers,L,,95,113,19,34,L 1
2008,LAC,2008-02-25,10:30p,,Boston Celtics,L,,76,104,19,35,L 2
2008,LAC,2008-02-27,10:30p,,Portland Trail Blazers,L,,80,82,19,36,L 3
2008,LAC,2008-02-29,10:30p,@,Denver Nuggets,L,,104,110,19,37,L 4
2008,LAC,2008-03-01,10:30p,,Detroit Pistons,L,,73,103,19,38,L 5
2008,LAC,2008-03-03,10:30p,,Philadelphia 76ers,L,,80,106,19,39,L 6
2008,LAC,2008-03-05,10:30p,,Sacramento Kings,W,2OT,116,109,20,39,W 1
2008,LAC,2008-03-07,10:30p,@,Los Angeles Lakers,L,,82,119,20,40,L 1
2008,LAC,2008-03-08,10:30p,,Minnesota Timberwolves,L,,96,99,20,41,L 2
2008,LAC,2008-03-10,7:30p,@,Miami Heat,W,,99,98,21,41,W 1
2008,LAC,2008-03-12,7:00p,@,Orlando Magic,L,,88,110,21,42,L 1
2008,LAC,2008-03-14,7:30p,@,Atlanta Hawks,L,,93,117,21,43,L 2
2008,LAC,2008-03-15,7:00p,@,Washington Wizards,L,OT,109,119,21,44,L 3
2008,LAC,2008-03-17,8:00p,@,Minnesota Timberwolves,L,,90,99,21,45,L 4
2008,LAC,2008-03-19,10:30p,,Golden State Warriors,L,,100,116,21,46,L 5
2008,LAC,2008-03-21,10:00p,@,Portland Trail Blazers,L,,102,107,21,47,L 6
2008,LAC,2008-03-22,10:30p,,Portland Trail Blazers,L,,72,83,21,48,L 7
2008,LAC,2008-03-25,8:30p,@,Dallas Mavericks,L,,90,103,21,49,L 8
2008,LAC,2008-03-26,8:30p,@,San Antonio Spurs,L,,88,97,21,50,L 9
2008,LAC,2008-03-28,9:00p,@,Utah Jazz,L,,101,121,21,51,L 10
2008,LAC,2008-03-29,10:30p,,Memphis Grizzlies,W,,110,97,22,51,W 1
2008,LAC,2008-03-31,10:30p,,Dallas Mavericks,L,,86,93,22,52,L 1
2008,LAC,2008-04-02,10:00p,@,Seattle SuperSonics,W,,102,84,23,52,W 1
2008,LAC,2008-04-03,10:00p,@,Sacramento Kings,L,,98,110,23,53,L 1
2008,LAC,2008-04-06,9:30p,,Houston Rockets,L,,79,105,23,54,L 2
2008,LAC,2008-04-08,10:30p,,Denver Nuggets,L,,99,117,23,55,L 3
2008,LAC,2008-04-10,10:30p,,Los Angeles Lakers,L,,78,106,23,56,L 4
2008,LAC,2008-04-12,10:30p,@,Golden State Warriors,L,,116,122,23,57,L 5
2008,LAC,2008-04-15,8:00p,@,New Orleans Hornets,L,,92,114,23,58,L 6
2008,LAC,2008-04-16,8:30p,@,Houston Rockets,L,,75,93,23,59,L 7
2008,LAL,2007-10-30,10:30p,,Houston Rockets,L,,93,95,0,1,L 1
2008,LAL,2007-11-02,10:30p,@,Phoenix Suns,W,,119,98,1,1,W 1
2008,LAL,2007-11-04,9:30p,,Utah Jazz,W,,119,109,2,1,W 2
2008,LAL,2007-11-06,10:30p,,New Orleans Hornets,L,,104,118,2,2,L 1
2008,LAL,2007-11-09,10:30p,,Minnesota Timberwolves,W,,107,93,3,2,W 1
2008,LAL,2007-11-13,8:30p,@,San Antonio Spurs,L,,92,107,3,3,L 1
2008,LAL,2007-11-14,9:00p,@,Houston Rockets,W,,93,90,4,3,W 1
2008,LAL,2007-11-16,10:30p,,Detroit Pistons,W,,103,91,5,3,W 2
2008,LAL,2007-11-18,9:30p,,Chicago Bulls,W,,106,78,6,3,W 3
2008,LAL,2007-11-20,7:00p,@,Indiana Pacers,W,,134,114,7,3,W 4
2008,LAL,2007-11-21,8:00p,@,Milwaukee Bucks,L,,103,110,7,4,L 1
2008,LAL,2007-11-23,7:30p,@,Boston Celtics,L,,94,107,7,5,L 2
2008,LAL,2007-11-25,9:30p,,New Jersey Nets,L,,100,102,7,6,L 3
2008,LAL,2007-11-27,10:30p,,Seattle SuperSonics,W,,106,99,8,6,W 1
2008,LAL,2007-11-29,10:30p,,Denver Nuggets,W,,127,99,9,6,W 2
2008,LAL,2007-11-30,10:30p,@,Utah Jazz,L,,96,120,9,7,L 1
2008,LAL,2007-12-02,9:30p,,Orlando Magic,L,,97,104,9,8,L 2
2008,LAL,2007-12-04,8:00p,@,Minnesota Timberwolves,W,,116,95,10,8,W 1
2008,LAL,2007-12-05,9:00p,@,Denver Nuggets,W,,111,107,11,8,W 2
2008,LAL,2007-12-09,9:30p,,Golden State Warriors,W,,123,113,12,8,W 3
2008,LAL,2007-12-13,10:30p,,San Antonio Spurs,W,,102,97,13,8,W 4
2008,LAL,2007-12-14,10:30p,@,Golden State Warriors,L,,106,108,13,9,L 1
2008,LAL,2007-12-16,9:30p,,Los Angeles Clippers,W,,113,92,14,9,W 1
2008,LAL,2007-12-18,8:30p,@,Chicago Bulls,W,,103,91,15,9,W 2
2008,LAL,2007-12-20,8:00p,@,Cleveland Cavaliers,L,,90,94,15,10,L 1
2008,LAL,2007-12-21,7:00p,@,Philadelphia 76ers,W,,106,101,16,10,W 1
2008,LAL,2007-12-23,12:00p,@,New York Knicks,W,,95,90,17,10,W 2
2008,LAL,2007-12-25,5:00p,,Phoenix Suns,W,,122,115,18,10,W 3
2008,LAL,2007-12-28,10:30p,,Utah Jazz,W,,123,109,19,10,W 4
2008,LAL,2007-12-30,10:00p,,Boston Celtics,L,,91,110,19,11,L 1
2008,LAL,2008-01-04,10:30p,,Philadelphia 76ers,W,,124,93,20,11,W 1
2008,LAL,2008-01-06,9:30p,,Indiana Pacers,W,,112,96,21,11,W 2
2008,LAL,2008-01-08,8:00p,@,Memphis Grizzlies,W,,117,101,22,11,W 3
2008,LAL,2008-01-09,8:00p,@,New Orleans Hornets,W,,109,80,23,11,W 4
2008,LAL,2008-01-11,10:30p,,Milwaukee Bucks,W,,110,105,24,11,W 5
2008,LAL,2008-01-13,9:30p,,Memphis Grizzlies,W,,100,99,25,11,W 6
2008,LAL,2008-01-14,10:00p,@,Seattle SuperSonics,W,OT,123,121,26,11,W 7
2008,LAL,2008-01-17,10:30p,,Phoenix Suns,L,,98,106,26,12,L 1
2008,LAL,2008-01-21,10:30p,,Denver Nuggets,W,,116,99,27,12,W 1
2008,LAL,2008-01-23,9:00p,@,San Antonio Spurs,L,,91,103,27,13,L 1
2008,LAL,2008-01-25,8:30p,@,Dallas Mavericks,L,,105,112,27,14,L 2
2008,LAL,2008-01-27,3:30p,,Cleveland Cavaliers,L,,95,98,27,15,L 3
2008,LAL,2008-01-29,10:30p,,New York Knicks,W,,120,109,28,15,W 1
2008,LAL,2008-01-31,7:30p,@,Detroit Pistons,L,,89,90,28,16,L 1
2008,LAL,2008-02-01,7:00p,@,Toronto Raptors,W,,121,101,29,16,W 1
2008,LAL,2008-02-03,12:00p,@,Washington Wizards,W,,103,91,30,16,W 2
2008,LAL,2008-02-05,7:30p,@,New Jersey Nets,W,,105,90,31,16,W 3
2008,LAL,2008-02-06,7:00p,@,Atlanta Hawks,L,,95,98,31,17,L 1
2008,LAL,2008-02-08,7:00p,@,Orlando Magic,W,,117,113,32,17,W 1
2008,LAL,2008-02-10,3:30p,@,Miami Heat,W,,104,94,33,17,W 2
2008,LAL,2008-02-11,7:00p,@,Charlotte Bobcats,W,,106,97,34,17,W 3
2008,LAL,2008-02-13,8:00p,@,Minnesota Timberwolves,W,,117,92,35,17,W 4
2008,LAL,2008-02-19,10:30p,,Atlanta Hawks,W,,122,93,36,17,W 5
2008,LAL,2008-02-20,9:00p,@,Phoenix Suns,W,,130,124,37,17,W 6
2008,LAL,2008-02-23,10:30p,@,Los Angeles Clippers,W,,113,95,38,17,W 7
2008,LAL,2008-02-24,9:00p,@,Seattle SuperSonics,W,,111,91,39,17,W 8
2008,LAL,2008-02-26,10:30p,,Portland Trail Blazers,W,,96,83,40,17,W 9
2008,LAL,2008-02-28,10:30p,,Miami Heat,W,,106,88,41,17,W 10
2008,LAL,2008-02-29,10:30p,@,Portland Trail Blazers,L,,111,119,41,18,L 1
2008,LAL,2008-03-02,3:30p,,Dallas Mavericks,W,OT,108,104,42,18,W 1
2008,LAL,2008-03-04,10:00p,@,Sacramento Kings,W,,117,105,43,18,W 2
2008,LAL,2008-03-07,10:30p,,Los Angeles Clippers,W,,119,82,44,18,W 3
2008,LAL,2008-03-09,9:30p,,Sacramento Kings,L,,113,114,44,19,L 1
2008,LAL,2008-03-11,10:30p,,Toronto Raptors,W,,117,108,45,19,W 1
2008,LAL,2008-03-14,8:00p,@,New Orleans Hornets,L,,98,108,45,20,L 1
2008,LAL,2008-03-16,3:30p,@,Houston Rockets,L,,92,104,45,21,L 2
2008,LAL,2008-03-18,8:30p,@,Dallas Mavericks,W,,102,100,46,21,W 1
2008,LAL,2008-03-20,10:30p,@,Utah Jazz,W,,106,95,47,21,W 2
2008,LAL,2008-03-21,10:30p,,Seattle SuperSonics,W,,130,105,48,21,W 3
2008,LAL,2008-03-23,9:30p,,Golden State Warriors,L,,111,115,48,22,L 1
2008,LAL,2008-03-24,10:30p,@,Golden State Warriors,W,OT,123,119,49,22,W 1
2008,LAL,2008-03-26,10:30p,,Charlotte Bobcats,L,,95,108,49,23,L 1
2008,LAL,2008-03-28,10:30p,,Memphis Grizzlies,L,,111,114,49,24,L 2
2008,LAL,2008-03-30,9:30p,,Washington Wizards,W,OT,126,120,50,24,W 1
2008,LAL,2008-04-02,10:30p,,Portland Trail Blazers,W,,104,91,51,24,W 2
2008,LAL,2008-04-04,10:30p,,Dallas Mavericks,W,,112,108,52,24,W 3
2008,LAL,2008-04-06,9:00p,@,Sacramento Kings,W,,114,92,53,24,W 4
2008,LAL,2008-04-08,10:00p,@,Portland Trail Blazers,L,,103,112,53,25,L 1
2008,LAL,2008-04-10,10:30p,@,Los Angeles Clippers,W,,106,78,54,25,W 1
2008,LAL,2008-04-11,10:30p,,New Orleans Hornets,W,,107,104,55,25,W 2
2008,LAL,2008-04-13,3:30p,,San Antonio Spurs,W,,106,85,56,25,W 3
2008,LAL,2008-04-15,10:30p,,Sacramento Kings,W,,124,101,57,25,W 4
2008,LAL,2008-04-20,3:00p,,Denver Nuggets,W,,128,114,1,0,W 1
2008,LAL,2008-04-23,10:30p,,Denver Nuggets,W,,122,107,2,0,W 2
2008,LAL,2008-04-26,5:30p,@,Denver Nuggets,W,,102,84,3,0,W 3
2008,LAL,2008-04-28,10:30p,@,Denver Nuggets,W,,107,101,4,0,W 4
2008,LAL,2008-05-04,3:30p,,Utah Jazz,W,,109,98,5,0,W 5
2008,LAL,2008-05-07,10:30p,,Utah Jazz,W,,120,110,6,0,W 6
2008,LAL,2008-05-09,9:00p,@,Utah Jazz,L,,99,104,6,1,L 1
2008,LAL,2008-05-11,3:30p,@,Utah Jazz,L,OT,115,123,6,2,L 2
2008,LAL,2008-05-14,10:30p,,Utah Jazz,W,,111,104,7,2,W 1
2008,LAL,2008-05-16,10:30p,@,Utah Jazz,W,,108,105,8,2,W 2
2008,LAL,2008-05-21,9:00p,,San Antonio Spurs,W,,89,85,9,2,W 3
2008,LAL,2008-05-23,9:00p,,San Antonio Spurs,W,,101,71,10,2,W 4
2008,LAL,2008-05-25,8:30p,@,San Antonio Spurs,L,,84,103,10,3,L 1
2008,LAL,2008-05-27,9:00p,@,San Antonio Spurs,W,,93,91,11,3,W 1
2008,LAL,2008-05-29,9:00p,,San Antonio Spurs,W,,100,92,12,3,W 2
2008,LAL,2008-06-05,9:00p,@,Boston Celtics,L,,88,98,12,4,L 1
2008,LAL,2008-06-08,9:00p,@,Boston Celtics,L,,102,108,12,5,L 2
2008,LAL,2008-06-10,9:00p,,Boston Celtics,W,,87,81,13,5,W 1
2008,LAL,2008-06-12,9:00p,,Boston Celtics,L,,91,97,13,6,L 1
2008,LAL,2008-06-15,9:00p,,Boston Celtics,W,,103,98,14,6,W 1
2008,LAL,2008-06-17,9:00p,@,Boston Celtics,L,,92,131,14,7,L 1
2008,MEM,2007-10-31,8:00p,,San Antonio Spurs,L,,101,104,0,1,L 1
2008,MEM,2007-11-03,8:00p,,Indiana Pacers,L,,111,121,0,2,L 2
2008,MEM,2007-11-07,10:00p,@,Seattle SuperSonics,W,,105,98,1,2,W 1
2008,MEM,2007-11-09,10:00p,@,Portland Trail Blazers,L,,98,110,1,3,L 1
2008,MEM,2007-11-10,9:00p,@,Utah Jazz,L,,94,118,1,4,L 2
2008,MEM,2007-11-13,8:00p,,Houston Rockets,W,,105,99,2,4,W 1
2008,MEM,2007-11-14,8:00p,@,Milwaukee Bucks,L,,99,102,2,5,L 1
2008,MEM,2007-11-16,8:00p,,New Orleans Hornets,L,OT,118,120,2,6,L 2
2008,MEM,2007-11-17,8:30p,@,Dallas Mavericks,L,,105,108,2,7,L 3
2008,MEM,2007-11-19,8:00p,,Seattle SuperSonics,W,,125,108,3,7,W 1
2008,MEM,2007-11-21,8:00p,,Toronto Raptors,L,,89,95,3,8,L 1
2008,MEM,2007-11-23,8:30p,@,San Antonio Spurs,L,,88,101,3,9,L 2
2008,MEM,2007-11-24,8:00p,,Washington Wizards,W,,124,118,4,9,W 1
2008,MEM,2007-11-27,7:30p,@,New Jersey Nets,W,,110,103,5,9,W 2
2008,MEM,2007-11-28,7:00p,@,Toronto Raptors,L,,91,103,5,10,L 1
2008,MEM,2007-12-01,8:00p,,Minnesota Timberwolves,W,,109,80,6,10,W 1
2008,MEM,2007-12-03,8:00p,,Portland Trail Blazers,L,,105,106,6,11,L 1
2008,MEM,2007-12-05,8:30p,@,Houston Rockets,L,,92,105,6,12,L 2
2008,MEM,2007-12-07,8:00p,@,New Orleans Hornets,L,OT,116,118,6,13,L 3
2008,MEM,2007-12-08,7:00p,@,Atlanta Hawks,L,,78,86,6,14,L 4
2008,MEM,2007-12-11,8:00p,,Detroit Pistons,L,,103,113,6,15,L 5
2008,MEM,2007-12-14,8:00p,,Los Angeles Clippers,L,,91,98,6,16,L 6
2008,MEM,2007-12-15,7:00p,@,Orlando Magic,W,,123,119,7,16,W 1
2008,MEM,2007-12-17,8:00p,,Golden State Warriors,L,,117,125,7,17,L 1
2008,MEM,2007-12-19,8:00p,,San Antonio Spurs,W,,88,85,8,17,W 1
2008,MEM,2007-12-21,8:00p,@,Detroit Pistons,L,,67,94,8,18,L 1
2008,MEM,2007-12-22,8:00p,,Philadelphia 76ers,L,,97,99,8,19,L 2
2008,MEM,2007-12-26,8:00p,,New Orleans Hornets,L,,98,116,8,20,L 3
2008,MEM,2007-12-28,8:00p,,Houston Rockets,L,,83,103,8,21,L 4
2008,MEM,2007-12-30,8:30p,@,San Antonio Spurs,L,,87,111,8,22,L 5
2008,MEM,2008-01-02,7:00p,@,Indiana Pacers,W,,90,72,9,22,W 1
2008,MEM,2008-01-04,7:30p,@,Boston Celtics,L,,96,100,9,23,L 1
2008,MEM,2008-01-06,4:00p,,Miami Heat,W,,101,94,10,23,W 1
2008,MEM,2008-01-08,8:00p,,Los Angeles Lakers,L,,101,117,10,24,L 1
2008,MEM,2008-01-10,10:00p,@,Sacramento Kings,L,,113,116,10,25,L 2
2008,MEM,2008-01-11,10:30p,@,Golden State Warriors,L,,104,116,10,26,L 3
2008,MEM,2008-01-13,9:30p,@,Los Angeles Lakers,L,,99,100,10,27,L 4
2008,MEM,2008-01-15,8:00p,,Cleveland Cavaliers,L,OT,124,132,10,28,L 5
2008,MEM,2008-01-18,8:00p,,Seattle SuperSonics,W,,124,100,11,28,W 1
2008,MEM,2008-01-19,7:00p,@,Charlotte Bobcats,L,,87,105,11,29,L 1
2008,MEM,2008-01-21,5:30p,,Chicago Bulls,W,,104,90,12,29,W 1
2008,MEM,2008-01-23,8:00p,,Orlando Magic,L,,85,112,12,30,L 1
2008,MEM,2008-01-25,7:00p,@,Washington Wizards,L,,93,104,12,31,L 2
2008,MEM,2008-01-26,8:00p,,Los Angeles Clippers,W,OT,125,120,13,31,W 1
2008,MEM,2008-01-28,8:00p,,Dallas Mavericks,L,,84,103,13,32,L 1
2008,MEM,2008-01-30,8:00p,,Denver Nuggets,L,,102,106,13,33,L 2
2008,MEM,2008-02-02,8:00p,,Utah Jazz,L,,91,110,13,34,L 3
2008,MEM,2008-02-05,8:00p,,Milwaukee Bucks,L,,97,102,13,35,L 4
2008,MEM,2008-02-08,8:30p,@,Dallas Mavericks,L,,81,92,13,36,L 5
2008,MEM,2008-02-09,8:00p,@,New Orleans Hornets,L,,99,112,13,37,L 6
2008,MEM,2008-02-12,8:00p,,Sacramento Kings,W,,107,94,14,37,W 1
2008,MEM,2008-02-13,7:00p,@,Philadelphia 76ers,L,,88,102,14,38,L 1
2008,MEM,2008-02-19,10:00p,@,Seattle SuperSonics,L,,101,108,14,39,L 2
2008,MEM,2008-02-20,10:30p,@,Los Angeles Clippers,L,,86,100,14,40,L 3
2008,MEM,2008-02-22,8:00p,,Dallas Mavericks,L,,83,98,14,41,L 4
2008,MEM,2008-02-24,6:00p,@,Cleveland Cavaliers,L,,89,109,14,42,L 5
2008,MEM,2008-02-26,8:00p,,Phoenix Suns,L,,113,127,14,43,L 6
2008,MEM,2008-02-29,8:30p,@,Houston Rockets,L,,95,116,14,44,L 7
2008,MEM,2008-03-01,8:00p,,Utah Jazz,L,,92,113,14,45,L 8
2008,MEM,2008-03-04,8:30p,@,Chicago Bulls,L,,97,112,14,46,L 9
2008,MEM,2008-03-05,8:00p,,New Jersey Nets,W,,100,93,15,46,W 1
2008,MEM,2008-03-08,8:00p,,Boston Celtics,L,,89,119,15,47,L 1
2008,MEM,2008-03-11,10:00p,@,Phoenix Suns,L,,111,132,15,48,L 2
2008,MEM,2008-03-12,9:00p,@,Denver Nuggets,L,,86,108,15,49,L 3
2008,MEM,2008-03-15,10:30p,@,Golden State Warriors,L,,107,110,15,50,L 4
2008,MEM,2008-03-17,8:00p,,Charlotte Bobcats,W,,98,80,16,50,W 1
2008,MEM,2008-03-19,8:00p,@,Minnesota Timberwolves,L,,94,98,16,51,L 1
2008,MEM,2008-03-21,7:30p,@,New York Knicks,W,,120,106,17,51,W 1
2008,MEM,2008-03-22,8:00p,,Sacramento Kings,W,,117,111,18,51,W 2
2008,MEM,2008-03-24,8:00p,,Denver Nuggets,L,,106,120,18,52,L 1
2008,MEM,2008-03-26,10:00p,@,Sacramento Kings,L,OT,106,107,18,53,L 2
2008,MEM,2008-03-28,10:30p,@,Los Angeles Lakers,W,,114,111,19,53,W 1
2008,MEM,2008-03-29,10:30p,@,Los Angeles Clippers,L,,97,110,19,54,L 1
2008,MEM,2008-03-31,8:00p,,Atlanta Hawks,L,,99,116,19,55,L 2
2008,MEM,2008-04-02,8:00p,,New York Knicks,W,,130,114,20,55,W 1
2008,MEM,2008-04-04,8:00p,,Golden State Warriors,L,,86,117,20,56,L 1
2008,MEM,2008-04-06,6:30p,@,Minnesota Timberwolves,W,,113,101,21,56,W 1
2008,MEM,2008-04-08,8:00p,,Phoenix Suns,L,,113,127,21,57,L 1
2008,MEM,2008-04-11,7:30p,@,Miami Heat,W,,96,91,22,57,W 1
2008,MEM,2008-04-12,8:00p,,Minnesota Timberwolves,L,,105,114,22,58,L 1
2008,MEM,2008-04-15,10:00p,@,Portland Trail Blazers,L,,91,113,22,59,L 2
2008,MEM,2008-04-16,9:00p,@,Denver Nuggets,L,,111,120,22,60,L 3
2008,MIA,2007-11-01,8:00p,,Detroit Pistons,L,,80,91,0,1,L 1
2008,MIA,2007-11-02,7:00p,@,Indiana Pacers,L,,85,87,0,2,L 2
2008,MIA,2007-11-04,6:00p,,Charlotte Bobcats,L,,88,90,0,3,L 3
2008,MIA,2007-11-07,8:00p,@,San Antonio Spurs,L,,78,88,0,4,L 4
2008,MIA,2007-11-09,7:30p,,Phoenix Suns,L,,101,106,0,5,L 5
2008,MIA,2007-11-11,6:00p,@,New York Knicks,W,,75,72,1,5,W 1
2008,MIA,2007-11-13,7:00p,@,Charlotte Bobcats,L,,76,91,1,6,L 1
2008,MIA,2007-11-14,7:30p,,Seattle SuperSonics,L,,95,104,1,7,L 2
2008,MIA,2007-11-16,7:30p,@,Boston Celtics,L,,91,92,1,8,L 3
2008,MIA,2007-11-17,7:30p,@,New Jersey Nets,W,,91,87,2,8,W 1
2008,MIA,2007-11-21,7:30p,,Atlanta Hawks,L,,79,82,2,9,L 1
2008,MIA,2007-11-23,8:00p,,Houston Rockets,W,,98,91,3,9,W 1
2008,MIA,2007-11-24,7:00p,@,Orlando Magic,L,,99,120,3,10,L 1
2008,MIA,2007-11-27,7:30p,,Charlotte Bobcats,W,,110,90,4,10,W 1
2008,MIA,2007-11-30,8:00p,,Boston Celtics,L,,85,95,4,11,L 1
2008,MIA,2007-12-02,8:00p,@,Denver Nuggets,L,,89,115,4,12,L 2
2008,MIA,2007-12-03,9:00p,@,Utah Jazz,L,,101,110,4,13,L 3
2008,MIA,2007-12-06,10:30p,@,Portland Trail Blazers,L,,106,112,4,14,L 4
2008,MIA,2007-12-07,10:30p,@,Golden State Warriors,L,,113,120,4,15,L 5
2008,MIA,2007-12-09,3:30p,@,Los Angeles Clippers,W,,100,94,5,15,W 1
2008,MIA,2007-12-10,9:00p,@,Phoenix Suns,W,,117,113,6,15,W 2
2008,MIA,2007-12-13,8:00p,,Washington Wizards,L,,91,104,6,16,L 1
2008,MIA,2007-12-15,7:30p,,Indiana Pacers,L,,103,106,6,17,L 2
2008,MIA,2007-12-17,7:30p,,Minnesota Timberwolves,W,,91,87,7,17,W 1
2008,MIA,2007-12-19,7:00p,@,Atlanta Hawks,L,OT,111,114,7,18,L 1
2008,MIA,2007-12-20,7:30p,,New Jersey Nets,L,OT,103,107,7,19,L 2
2008,MIA,2007-12-22,7:30p,,Utah Jazz,W,,104,102,8,19,W 1
2008,MIA,2007-12-25,2:30p,@,Cleveland Cavaliers,L,,82,96,8,20,L 1
2008,MIA,2007-12-26,6:00p,@,Philadelphia 76ers,L,,85,96,8,21,L 2
2008,MIA,2007-12-28,7:30p,,Orlando Magic,L,OT,114,121,8,22,L 3
2008,MIA,2007-12-29,7:00p,@,Washington Wizards,L,,74,96,8,23,L 4
2008,MIA,2008-01-02,7:30p,,Milwaukee Bucks,L,,98,103,8,24,L 5
2008,MIA,2008-01-04,9:30p,@,Dallas Mavericks,L,,89,94,8,25,L 6
2008,MIA,2008-01-06,4:00p,@,Memphis Grizzlies,L,,94,101,8,26,L 7
2008,MIA,2008-01-08,8:00p,@,Minnesota Timberwolves,L,,91,101,8,27,L 8
2008,MIA,2008-01-09,8:00p,@,Milwaukee Bucks,L,,92,98,8,28,L 9
2008,MIA,2008-01-11,8:00p,@,New Orleans Hornets,L,,88,114,8,29,L 10
2008,MIA,2008-01-16,7:00p,,Chicago Bulls,L,,96,126,8,30,L 11
2008,MIA,2008-01-18,7:00p,,Portland Trail Blazers,L,,91,98,8,31,L 12
2008,MIA,2008-01-19,7:30p,,New York Knicks,L,,84,88,8,32,L 13
2008,MIA,2008-01-21,8:00p,,Cleveland Cavaliers,L,,90,97,8,33,L 14
2008,MIA,2008-01-24,8:00p,,San Antonio Spurs,L,,89,90,8,34,L 15
2008,MIA,2008-01-26,3:30p,,Indiana Pacers,W,,98,96,9,34,W 1
2008,MIA,2008-01-29,7:30p,,Boston Celtics,L,,87,117,9,35,L 1
2008,MIA,2008-01-30,7:00p,@,Orlando Magic,L,,91,107,9,36,L 2
2008,MIA,2008-02-01,8:00p,,New Jersey Nets,L,,85,94,9,37,L 3
2008,MIA,2008-02-04,7:30p,,Toronto Raptors,L,,82,114,9,38,L 4
2008,MIA,2008-02-06,7:30p,@,Detroit Pistons,L,,95,100,9,39,L 5
2008,MIA,2008-02-07,7:00p,@,Philadelphia 76ers,L,,84,101,9,40,L 6
2008,MIA,2008-02-10,3:30p,,Los Angeles Lakers,L,,94,104,9,41,L 7
2008,MIA,2008-02-12,7:30p,,Denver Nuggets,L,OT,113,114,9,42,L 8
2008,MIA,2008-02-14,8:00p,@,Chicago Bulls,L,,92,99,9,43,L 9
2008,MIA,2008-02-21,8:00p,@,Houston Rockets,L,,100,112,9,44,L 10
2008,MIA,2008-02-23,7:30p,,Philadelphia 76ers,L,OT,96,101,9,45,L 11
2008,MIA,2008-02-26,7:30p,,Sacramento Kings,W,,107,86,10,45,W 1
2008,MIA,2008-02-28,10:30p,@,Los Angeles Lakers,L,,88,106,10,46,L 1
2008,MIA,2008-02-29,10:30p,@,Seattle SuperSonics,W,,103,93,11,46,W 1
2008,MIA,2008-03-02,9:00p,@,Sacramento Kings,L,,109,120,11,47,L 1
2008,MIA,2008-03-05,7:30p,,Toronto Raptors,L,,83,108,11,48,L 2
2008,MIA,2008-03-07,7:30p,,Golden State Warriors,L,,99,134,11,49,L 3
2008,MIA,2008-03-08,7:00p,@,Atlanta Hawks,L,,94,97,11,50,L 4
2008,MIA,2008-03-10,7:30p,,Los Angeles Clippers,L,,98,99,11,51,L 5
2008,MIA,2008-03-12,7:30p,,New York Knicks,L,,88,91,11,52,L 6
2008,MIA,2008-03-14,7:30p,,Orlando Magic,L,,94,103,11,53,L 7
2008,MIA,2008-03-16,6:00p,,Dallas Mavericks,L,,73,98,11,54,L 8
2008,MIA,2008-03-18,8:00p,@,Milwaukee Bucks,W,,112,106,12,54,W 1
2008,MIA,2008-03-19,7:00p,@,Toronto Raptors,L,,54,96,12,55,L 1
2008,MIA,2008-03-21,7:30p,,Washington Wizards,L,,86,103,12,56,L 2
2008,MIA,2008-03-22,7:00p,@,Charlotte Bobcats,L,,82,94,12,57,L 3
2008,MIA,2008-03-24,7:30p,,Milwaukee Bucks,W,,78,73,13,57,W 1
2008,MIA,2008-03-26,7:30p,@,New York Knicks,L,OT,96,103,13,58,L 1
2008,MIA,2008-03-27,8:00p,@,Detroit Pistons,L,,69,85,13,59,L 2
2008,MIA,2008-03-30,6:00p,@,Boston Celtics,L,,62,88,13,60,L 3
2008,MIA,2008-03-31,7:00p,@,Indiana Pacers,L,,85,105,13,61,L 4
2008,MIA,2008-04-02,7:30p,,New Orleans Hornets,L,,77,106,13,62,L 5
2008,MIA,2008-04-04,8:00p,@,Washington Wizards,L,,95,109,13,63,L 6
2008,MIA,2008-04-06,6:00p,,Detroit Pistons,L,,75,91,13,64,L 7
2008,MIA,2008-04-08,7:30p,,Chicago Bulls,W,,95,88,14,64,W 1
2008,MIA,2008-04-11,7:30p,,Memphis Grizzlies,L,,91,96,14,65,L 1
2008,MIA,2008-04-13,6:00p,@,Cleveland Cavaliers,L,,76,84,14,66,L 2
2008,MIA,2008-04-14,7:00p,@,Toronto Raptors,L,,75,91,14,67,L 3
2008,MIA,2008-04-16,7:30p,,Atlanta Hawks,W,,113,99,15,67,W 1
2008,MIL,2007-10-31,7:00p,@,Orlando Magic,L,,83,102,0,1,L 1
2008,MIL,2007-11-02,7:00p,@,Charlotte Bobcats,L,,99,102,0,2,L 2
2008,MIL,2007-11-03,8:30p,,Chicago Bulls,W,,78,72,1,2,W 1
2008,MIL,2007-11-06,8:00p,,Toronto Raptors,W,,112,85,2,2,W 2
2008,MIL,2007-11-09,8:30p,@,Houston Rockets,L,,88,104,2,3,L 1
2008,MIL,2007-11-11,8:00p,@,San Antonio Spurs,L,,88,113,2,4,L 2
2008,MIL,2007-11-14,8:00p,,Memphis Grizzlies,W,,102,99,3,4,W 1
2008,MIL,2007-11-17,8:30p,,Atlanta Hawks,W,,105,96,4,4,W 2
2008,MIL,2007-11-20,7:00p,@,Cleveland Cavaliers,W,,111,107,5,4,W 3
2008,MIL,2007-11-21,8:00p,,Los Angeles Lakers,W,,110,103,6,4,W 4
2008,MIL,2007-11-24,9:00p,,Dallas Mavericks,W,,97,95,7,4,W 5
2008,MIL,2007-11-27,8:00p,,Philadelphia 76ers,L,,99,114,7,5,L 1
2008,MIL,2007-11-28,7:00p,@,Atlanta Hawks,L,,80,96,7,6,L 2
2008,MIL,2007-11-30,7:30p,@,New York Knicks,L,,88,91,7,7,L 3
2008,MIL,2007-12-01,8:30p,,Detroit Pistons,L,,91,117,7,8,L 4
2008,MIL,2007-12-04,10:30p,@,Los Angeles Clippers,W,,87,78,8,8,W 1
2008,MIL,2007-12-05,10:30p,@,Golden State Warriors,L,,90,120,8,9,L 1
2008,MIL,2007-12-07,10:30p,@,Seattle SuperSonics,L,,98,104,8,10,L 2
2008,MIL,2007-12-09,6:00p,@,Portland Trail Blazers,L,OT,113,117,8,11,L 3
2008,MIL,2007-12-10,10:00p,@,Sacramento Kings,L,,93,96,8,12,L 4
2008,MIL,2007-12-12,8:00p,,Orlando Magic,W,,100,86,9,12,W 1
2008,MIL,2007-12-14,7:30p,@,Boston Celtics,L,,82,104,9,13,L 1
2008,MIL,2007-12-15,8:30p,,Minnesota Timberwolves,W,,95,92,10,13,W 1
2008,MIL,2007-12-17,7:00p,@,Cleveland Cavaliers,L,2OT,99,104,10,14,L 1
2008,MIL,2007-12-19,8:00p,,Sacramento Kings,L,,89,102,10,15,L 2
2008,MIL,2007-12-22,8:30p,,Charlotte Bobcats,W,,103,99,11,15,W 1
2008,MIL,2007-12-26,9:00p,@,Denver Nuggets,L,,105,125,11,16,L 1
2008,MIL,2007-12-28,8:30p,@,Chicago Bulls,L,,99,103,11,17,L 2
2008,MIL,2007-12-29,8:30p,,New Jersey Nets,L,,95,97,11,18,L 3
2008,MIL,2007-12-31,3:30p,@,Detroit Pistons,L,,69,114,11,19,L 4
2008,MIL,2008-01-02,7:30p,@,Miami Heat,W,,103,98,12,19,W 1
2008,MIL,2008-01-04,8:30p,,Washington Wizards,L,,77,101,12,20,L 1
2008,MIL,2008-01-06,6:00p,@,Charlotte Bobcats,W,,93,89,13,20,W 1
2008,MIL,2008-01-08,7:00p,@,Philadelphia 76ers,W,,87,83,14,20,W 2
2008,MIL,2008-01-09,8:00p,,Miami Heat,W,,98,92,15,20,W 3
2008,MIL,2008-01-11,10:30p,@,Los Angeles Lakers,L,,105,110,15,21,L 1
2008,MIL,2008-01-12,9:00p,@,Phoenix Suns,L,,114,122,15,22,L 2
2008,MIL,2008-01-14,9:00p,@,Utah Jazz,L,,87,98,15,23,L 3
2008,MIL,2008-01-16,8:00p,,Atlanta Hawks,W,,87,80,16,23,W 1
2008,MIL,2008-01-19,8:30p,,Golden State Warriors,L,,99,119,16,24,L 1
2008,MIL,2008-01-21,3:30p,@,New Orleans Hornets,L,,92,106,16,25,L 2
2008,MIL,2008-01-22,8:00p,,Phoenix Suns,L,,105,114,16,26,L 3
2008,MIL,2008-01-24,8:00p,,Indiana Pacers,W,,104,92,17,26,W 1
2008,MIL,2008-01-25,7:00p,@,Toronto Raptors,L,,75,106,17,27,L 1
2008,MIL,2008-01-27,6:00p,,Washington Wizards,W,OT,105,102,18,27,W 1
2008,MIL,2008-01-29,7:30p,@,New Jersey Nets,L,,80,87,18,28,L 1
2008,MIL,2008-01-30,7:00p,@,Philadelphia 76ers,L,,69,112,18,29,L 2
2008,MIL,2008-02-02,8:30p,,Houston Rockets,L,,83,91,18,30,L 3
2008,MIL,2008-02-05,8:00p,@,Memphis Grizzlies,W,,102,97,19,30,W 1
2008,MIL,2008-02-06,8:30p,@,Dallas Mavericks,L,,96,107,19,31,L 1
2008,MIL,2008-02-09,8:30p,,New York Knicks,L,,98,99,19,32,L 2
2008,MIL,2008-02-11,8:00p,,Los Angeles Clippers,L,,89,96,19,33,L 3
2008,MIL,2008-02-13,8:00p,,New Orleans Hornets,L,,107,111,19,34,L 4
2008,MIL,2008-02-20,8:00p,,Detroit Pistons,W,,103,98,20,34,W 1
2008,MIL,2008-02-22,8:00p,@,Detroit Pistons,L,,100,127,20,35,L 1
2008,MIL,2008-02-23,8:30p,,Denver Nuggets,W,,115,109,21,35,W 1
2008,MIL,2008-02-26,8:00p,,Cleveland Cavaliers,W,,105,102,22,35,W 2
2008,MIL,2008-02-28,7:30p,@,New Jersey Nets,L,,106,120,22,36,L 1
2008,MIL,2008-03-01,8:30p,,San Antonio Spurs,L,,94,96,22,37,L 2
2008,MIL,2008-03-02,6:00p,@,Indiana Pacers,L,,106,128,22,38,L 3
2008,MIL,2008-03-05,8:00p,,Seattle SuperSonics,W,,118,106,23,38,W 1
2008,MIL,2008-03-07,8:30p,,Portland Trail Blazers,L,,101,103,23,39,L 1
2008,MIL,2008-03-09,1:00p,,Philadelphia 76ers,L,,97,119,23,40,L 2
2008,MIL,2008-03-11,7:00p,@,Washington Wizards,L,,97,105,23,41,L 3
2008,MIL,2008-03-12,8:00p,,Utah Jazz,L,,110,114,23,42,L 4
2008,MIL,2008-03-15,8:30p,,Boston Celtics,L,,77,99,23,43,L 5
2008,MIL,2008-03-18,8:00p,,Miami Heat,L,,106,112,23,44,L 6
2008,MIL,2008-03-22,8:30p,,Cleveland Cavaliers,W,,108,98,24,44,W 1
2008,MIL,2008-03-24,7:30p,@,Miami Heat,L,,73,78,24,45,L 1
2008,MIL,2008-03-26,7:00p,@,Atlanta Hawks,L,,96,115,24,46,L 2
2008,MIL,2008-03-28,8:30p,,Orlando Magic,L,,86,103,24,47,L 3
2008,MIL,2008-03-29,8:30p,@,Chicago Bulls,L,,111,114,24,48,L 4
2008,MIL,2008-04-01,8:00p,,New York Knicks,W,OT,119,115,25,48,W 1
2008,MIL,2008-04-02,7:00p,@,Washington Wizards,W,,110,109,26,48,W 2
2008,MIL,2008-04-04,8:30p,,Indiana Pacers,L,,101,105,26,49,L 1
2008,MIL,2008-04-06,6:00p,@,Indiana Pacers,L,,97,105,26,50,L 2
2008,MIL,2008-04-08,8:00p,,Boston Celtics,L,OT,104,107,26,51,L 3
2008,MIL,2008-04-09,7:00p,@,Toronto Raptors,L,,93,111,26,52,L 4
2008,MIL,2008-04-11,7:30p,@,Boston Celtics,L,,86,102,26,53,L 5
2008,MIL,2008-04-12,8:30p,,New Jersey Nets,L,,98,111,26,54,L 6
2008,MIL,2008-04-14,8:00p,,Chicago Bulls,L,,135,151,26,55,L 7
2008,MIL,2008-04-16,8:00p,@,Minnesota Timberwolves,L,OT,101,110,26,56,L 8
2008,MIN,2007-11-02,8:00p,,Denver Nuggets,L,,91,99,0,1,L 1
2008,MIN,2007-11-04,6:00p,@,New York Knicks,L,,93,97,0,2,L 2
2008,MIN,2007-11-06,8:00p,,Orlando Magic,L,,103,111,0,3,L 3
2008,MIN,2007-11-09,10:30p,@,Los Angeles Lakers,L,,93,107,0,4,L 4
2008,MIN,2007-11-10,10:00p,@,Sacramento Kings,L,,93,100,0,5,L 5
2008,MIN,2007-11-14,8:00p,,Sacramento Kings,W,,108,103,1,5,W 1
2008,MIN,2007-11-16,8:00p,,Washington Wizards,L,,89,105,1,6,L 1
2008,MIN,2007-11-17,8:00p,,New Orleans Hornets,L,,82,100,1,7,L 2
2008,MIN,2007-11-21,8:00p,,Cleveland Cavaliers,L,,86,97,1,8,L 3
2008,MIN,2007-11-23,9:00p,@,Denver Nuggets,L,,93,99,1,9,L 4
2008,MIN,2007-11-24,8:00p,,Atlanta Hawks,L,,87,94,1,10,L 5
2008,MIN,2007-11-26,8:00p,@,New Orleans Hornets,W,,103,94,2,10,W 1
2008,MIN,2007-11-28,8:30p,@,Dallas Mavericks,L,,103,109,2,11,L 1
2008,MIN,2007-11-30,8:00p,,San Antonio Spurs,L,,91,106,2,12,L 2
2008,MIN,2007-12-01,8:00p,@,Memphis Grizzlies,L,,80,109,2,13,L 3
2008,MIN,2007-12-04,8:00p,,Los Angeles Lakers,L,,95,116,2,14,L 4
2008,MIN,2007-12-06,7:00p,@,Atlanta Hawks,L,,89,90,2,15,L 5
2008,MIN,2007-12-08,8:00p,,Phoenix Suns,W,,100,93,3,15,W 1
2008,MIN,2007-12-11,7:00p,@,Washington Wizards,L,,88,102,3,16,L 1
2008,MIN,2007-12-12,7:00p,@,Philadelphia 76ers,L,,94,98,3,17,L 2
2008,MIN,2007-12-14,8:00p,,Seattle SuperSonics,L,,88,99,3,18,L 3
2008,MIN,2007-12-15,8:30p,@,Milwaukee Bucks,L,,92,95,3,19,L 4
2008,MIN,2007-12-17,7:30p,@,Miami Heat,L,,87,91,3,20,L 5
2008,MIN,2007-12-19,8:00p,,Golden State Warriors,L,,98,111,3,21,L 6
2008,MIN,2007-12-21,8:00p,,Indiana Pacers,W,,131,118,4,21,W 1
2008,MIN,2007-12-22,8:00p,@,New Orleans Hornets,L,,76,110,4,22,L 1
2008,MIN,2007-12-26,10:30p,@,Golden State Warriors,L,,101,105,4,23,L 2
2008,MIN,2007-12-28,10:00p,@,Portland Trail Blazers,L,,98,109,4,24,L 3
2008,MIN,2007-12-29,10:00p,@,Seattle SuperSonics,L,,90,109,4,25,L 4
2008,MIN,2007-12-31,9:30p,@,Los Angeles Clippers,L,,82,91,4,26,L 5
2008,MIN,2008-01-02,8:00p,,Portland Trail Blazers,L,,79,90,4,27,L 6
2008,MIN,2008-01-04,8:00p,,Denver Nuggets,L,,107,118,4,28,L 7
2008,MIN,2008-01-06,3:30p,,Dallas Mavericks,L,,78,101,4,29,L 8
2008,MIN,2008-01-08,8:00p,,Miami Heat,W,,101,91,5,29,W 1
2008,MIN,2008-01-11,8:30p,@,Houston Rockets,L,,82,113,5,30,L 1
2008,MIN,2008-01-12,8:30p,@,San Antonio Spurs,L,,88,105,5,31,L 2
2008,MIN,2008-01-15,8:00p,,Golden State Warriors,L,,98,105,5,32,L 3
2008,MIN,2008-01-18,9:00p,@,Phoenix Suns,L,,95,115,5,33,L 4
2008,MIN,2008-01-19,9:00p,@,Denver Nuggets,L,,108,111,5,34,L 5
2008,MIN,2008-01-21,4:00p,@,Golden State Warriors,W,,109,108,6,34,W 1
2008,MIN,2008-01-23,8:00p,,Phoenix Suns,W,,117,107,7,34,W 2
2008,MIN,2008-01-25,7:30p,@,Boston Celtics,L,,86,87,7,35,L 1
2008,MIN,2008-01-27,6:30p,,New Jersey Nets,W,,98,95,8,35,W 1
2008,MIN,2008-01-29,8:30p,@,Chicago Bulls,L,,85,96,8,36,L 1
2008,MIN,2008-01-30,8:00p,,Chicago Bulls,W,,83,67,9,36,W 1
2008,MIN,2008-02-01,8:00p,,Los Angeles Clippers,W,,104,83,10,36,W 2
2008,MIN,2008-02-04,8:00p,,Houston Rockets,L,,86,92,10,37,L 1
2008,MIN,2008-02-08,8:00p,,Boston Celtics,L,,86,88,10,38,L 2
2008,MIN,2008-02-10,6:30p,,Toronto Raptors,L,,82,105,10,39,L 3
2008,MIN,2008-02-12,7:30p,@,New Jersey Nets,L,,88,92,10,40,L 4
2008,MIN,2008-02-13,8:00p,,Los Angeles Lakers,L,,92,117,10,41,L 5
2008,MIN,2008-02-19,8:00p,,Philadelphia 76ers,W,,104,88,11,41,W 1
2008,MIN,2008-02-21,8:00p,,San Antonio Spurs,L,,99,100,11,42,L 1
2008,MIN,2008-02-24,6:30p,,Dallas Mavericks,L,,83,99,11,43,L 2
2008,MIN,2008-02-26,8:00p,,Utah Jazz,W,,111,100,12,43,W 1
2008,MIN,2008-02-27,7:00p,@,Toronto Raptors,L,,85,107,12,44,L 1
2008,MIN,2008-02-29,7:30p,@,Cleveland Cavaliers,L,,84,92,12,45,L 2
2008,MIN,2008-03-02,6:30p,,Seattle SuperSonics,L,OT,108,111,12,46,L 3
2008,MIN,2008-03-04,8:00p,,Charlotte Bobcats,L,,89,109,12,47,L 4
2008,MIN,2008-03-05,9:00p,@,Utah Jazz,L,,76,105,12,48,L 5
2008,MIN,2008-03-07,10:00p,@,Sacramento Kings,W,,111,103,13,48,W 1
2008,MIN,2008-03-08,10:30p,@,Los Angeles Clippers,W,,99,96,14,48,W 2
2008,MIN,2008-03-11,8:00p,,Portland Trail Blazers,L,,96,103,14,49,L 1
2008,MIN,2008-03-14,10:30p,@,Seattle SuperSonics,W,,121,116,15,49,W 1
2008,MIN,2008-03-15,10:00p,@,Portland Trail Blazers,L,,96,107,15,50,L 1
2008,MIN,2008-03-17,8:00p,,Los Angeles Clippers,W,,99,90,16,50,W 1
2008,MIN,2008-03-19,8:00p,,Memphis Grizzlies,W,,98,94,17,50,W 2
2008,MIN,2008-03-21,7:00p,@,Indiana Pacers,L,,113,124,17,51,L 1
2008,MIN,2008-03-22,8:00p,,New York Knicks,W,,114,93,18,51,W 1
2008,MIN,2008-03-26,8:30p,@,Houston Rockets,L,,86,97,18,52,L 1
2008,MIN,2008-03-28,8:30p,@,San Antonio Spurs,L,,84,99,18,53,L 2
2008,MIN,2008-03-30,3:30p,,Utah Jazz,W,,110,103,19,53,W 1
2008,MIN,2008-04-01,8:00p,,Detroit Pistons,L,,90,94,19,54,L 1
2008,MIN,2008-04-02,9:00p,@,Utah Jazz,L,,100,117,19,55,L 2
2008,MIN,2008-04-04,10:00p,@,Phoenix Suns,L,,88,117,19,56,L 3
2008,MIN,2008-04-06,6:30p,,Memphis Grizzlies,L,,101,113,19,57,L 4
2008,MIN,2008-04-08,7:00p,@,Charlotte Bobcats,L,,119,121,19,58,L 5
2008,MIN,2008-04-09,8:00p,,New Orleans Hornets,L,,90,122,19,59,L 6
2008,MIN,2008-04-11,7:00p,@,Orlando Magic,W,,102,101,20,59,W 1
2008,MIN,2008-04-12,8:00p,@,Memphis Grizzlies,W,,114,105,21,59,W 2
2008,MIN,2008-04-15,7:30p,@,Detroit Pistons,L,,103,115,21,60,L 1
2008,MIN,2008-04-16,8:00p,,Milwaukee Bucks,W,OT,110,101,22,60,W 1
2008,NJN,2007-10-31,7:30p,,Chicago Bulls,W,OT,112,103,1,0,W 1
2008,NJN,2007-11-02,7:30p,,Toronto Raptors,L,,69,106,1,1,L 1
2008,NJN,2007-11-03,7:00p,@,Philadelphia 76ers,W,,93,88,2,1,W 1
2008,NJN,2007-11-06,7:30p,,Atlanta Hawks,W,,87,82,3,1,W 2
2008,NJN,2007-11-08,7:30p,,Washington Wizards,W,,87,85,4,1,W 3
2008,NJN,2007-11-10,7:30p,,Boston Celtics,L,,101,112,4,2,L 1
2008,NJN,2007-11-12,7:30p,,New Orleans Hornets,L,,82,84,4,3,L 2
2008,NJN,2007-11-14,7:30p,@,Boston Celtics,L,,69,91,4,4,L 3
2008,NJN,2007-11-16,7:30p,,Orlando Magic,L,,70,95,4,5,L 4
2008,NJN,2007-11-17,7:30p,,Miami Heat,L,,87,91,4,6,L 5
2008,NJN,2007-11-19,9:00p,@,Utah Jazz,L,,75,102,4,7,L 6
2008,NJN,2007-11-21,10:00p,@,Portland Trail Blazers,W,,106,101,5,7,W 1
2008,NJN,2007-11-23,10:30p,@,Seattle SuperSonics,W,,98,93,6,7,W 2
2008,NJN,2007-11-25,9:30p,@,Los Angeles Lakers,W,,102,100,7,7,W 3
2008,NJN,2007-11-27,7:30p,,Memphis Grizzlies,L,,103,110,7,8,L 1
2008,NJN,2007-12-01,7:30p,,Philadelphia 76ers,W,OT,94,92,8,8,W 1
2008,NJN,2007-12-02,6:00p,@,Detroit Pistons,L,,95,118,8,9,L 1
2008,NJN,2007-12-04,7:00p,@,Cleveland Cavaliers,W,,100,79,9,9,W 1
2008,NJN,2007-12-05,7:30p,,New York Knicks,L,,93,100,9,10,L 1
2008,NJN,2007-12-07,7:30p,,Houston Rockets,L,,89,96,9,11,L 2
2008,NJN,2007-12-09,7:00p,@,Washington Wizards,L,,89,104,9,12,L 3
2008,NJN,2007-12-11,7:30p,,Los Angeles Clippers,L,,82,91,9,13,L 4
2008,NJN,2007-12-14,8:00p,,Cleveland Cavaliers,W,,105,97,10,13,W 1
2008,NJN,2007-12-15,7:30p,@,New York Knicks,L,,86,94,10,14,L 1
2008,NJN,2007-12-18,7:30p,,Sacramento Kings,L,,101,106,10,15,L 2
2008,NJN,2007-12-20,7:30p,@,Miami Heat,W,OT,107,103,11,15,W 1
2008,NJN,2007-12-22,7:30p,,Golden State Warriors,W,,100,95,12,15,W 2
2008,NJN,2007-12-26,7:30p,,Detroit Pistons,L,,83,101,12,16,L 1
2008,NJN,2007-12-28,7:30p,,Washington Wizards,W,,109,106,13,16,W 1
2008,NJN,2007-12-29,8:30p,@,Milwaukee Bucks,W,,97,95,14,16,W 2
2008,NJN,2008-01-02,7:00p,@,Orlando Magic,W,,96,95,15,16,W 3
2008,NJN,2008-01-04,7:30p,,Charlotte Bobcats,W,,102,96,16,16,W 4
2008,NJN,2008-01-05,7:00p,@,Atlanta Hawks,W,,113,107,17,16,W 5
2008,NJN,2008-01-08,7:00p,@,Charlotte Bobcats,L,,99,115,17,17,L 1
2008,NJN,2008-01-09,7:30p,,Seattle SuperSonics,W,,99,88,18,17,W 1
2008,NJN,2008-01-11,7:30p,,Boston Celtics,L,,77,86,18,18,L 1
2008,NJN,2008-01-14,7:30p,,Portland Trail Blazers,L,,73,99,18,19,L 2
2008,NJN,2008-01-16,7:30p,,New York Knicks,L,,105,111,18,20,L 3
2008,NJN,2008-01-19,10:30p,@,Los Angeles Clippers,L,OT,107,120,18,21,L 4
2008,NJN,2008-01-20,8:00p,@,Phoenix Suns,L,,92,116,18,22,L 5
2008,NJN,2008-01-22,10:00p,@,Sacramento Kings,L,,94,128,18,23,L 6
2008,NJN,2008-01-24,10:30p,@,Golden State Warriors,L,,119,121,18,24,L 7
2008,NJN,2008-01-25,9:00p,@,Denver Nuggets,L,,85,100,18,25,L 8
2008,NJN,2008-01-27,6:30p,@,Minnesota Timberwolves,L,,95,98,18,26,L 9
2008,NJN,2008-01-29,7:30p,,Milwaukee Bucks,W,,87,80,19,26,W 1
2008,NJN,2008-02-01,8:00p,@,Miami Heat,W,,94,85,20,26,W 2
2008,NJN,2008-02-02,7:00p,@,Atlanta Hawks,L,,92,104,20,27,L 1
2008,NJN,2008-02-05,7:30p,,Los Angeles Lakers,L,,90,105,20,28,L 2
2008,NJN,2008-02-06,7:00p,@,Orlando Magic,L,,84,100,20,29,L 3
2008,NJN,2008-02-08,7:00p,@,Charlotte Bobcats,W,,104,90,21,29,W 1
2008,NJN,2008-02-10,6:00p,,Dallas Mavericks,W,,101,82,22,29,W 2
2008,NJN,2008-02-12,7:30p,,Minnesota Timberwolves,W,,92,88,23,29,W 3
2008,NJN,2008-02-13,7:00p,@,Toronto Raptors,L,,91,109,23,30,L 1
2008,NJN,2008-02-20,7:30p,,Chicago Bulls,W,OT,110,102,24,30,W 1
2008,NJN,2008-02-22,7:00p,@,Indiana Pacers,L,,103,113,24,31,L 1
2008,NJN,2008-02-23,7:30p,,Indiana Pacers,W,,102,91,25,31,W 1
2008,NJN,2008-02-26,7:30p,,Orlando Magic,L,,92,102,25,32,L 1
2008,NJN,2008-02-28,7:30p,,Milwaukee Bucks,W,,120,106,26,32,W 1
2008,NJN,2008-03-02,6:00p,,San Antonio Spurs,L,,83,93,26,33,L 1
2008,NJN,2008-03-04,8:30p,@,San Antonio Spurs,L,,70,81,26,34,L 2
2008,NJN,2008-03-05,8:00p,@,Memphis Grizzlies,L,,93,100,26,35,L 3
2008,NJN,2008-03-07,8:00p,@,New Orleans Hornets,L,,96,107,26,36,L 4
2008,NJN,2008-03-08,8:30p,@,Dallas Mavericks,L,,91,111,26,37,L 5
2008,NJN,2008-03-10,8:30p,@,Houston Rockets,L,,73,91,26,38,L 6
2008,NJN,2008-03-12,7:30p,,Cleveland Cavaliers,W,,104,99,27,38,W 1
2008,NJN,2008-03-15,7:30p,,Utah Jazz,W,,117,115,28,38,W 2
2008,NJN,2008-03-18,8:30p,@,Chicago Bulls,L,,96,112,28,39,L 1
2008,NJN,2008-03-19,7:30p,,Atlanta Hawks,W,,125,117,29,39,W 1
2008,NJN,2008-03-21,7:30p,,Denver Nuggets,L,,114,125,29,40,L 1
2008,NJN,2008-03-22,7:00p,@,Philadelphia 76ers,L,,87,91,29,41,L 2
2008,NJN,2008-03-24,7:30p,@,New York Knicks,W,,106,91,30,41,W 1
2008,NJN,2008-03-26,7:30p,,Indiana Pacers,W,,124,117,31,41,W 2
2008,NJN,2008-03-28,7:00p,@,Indiana Pacers,L,,115,123,31,42,L 1
2008,NJN,2008-03-29,7:30p,,Phoenix Suns,L,,104,110,31,43,L 2
2008,NJN,2008-04-01,7:30p,,Philadelphia 76ers,L,,99,108,31,44,L 3
2008,NJN,2008-04-04,8:00p,@,Detroit Pistons,L,,87,106,31,45,L 4
2008,NJN,2008-04-05,7:30p,,Toronto Raptors,W,,99,90,32,45,W 1
2008,NJN,2008-04-09,7:00p,@,Cleveland Cavaliers,L,,83,104,32,46,L 1
2008,NJN,2008-04-11,7:00p,@,Toronto Raptors,L,,85,113,32,47,L 2
2008,NJN,2008-04-12,8:30p,@,Milwaukee Bucks,W,,111,98,33,47,W 1
2008,NJN,2008-04-15,7:30p,,Charlotte Bobcats,W,OT,112,108,34,47,W 2
2008,NJN,2008-04-16,7:30p,@,Boston Celtics,L,,94,105,34,48,L 1
2008,NOH,2007-10-31,8:00p,,Sacramento Kings,W,,104,90,1,0,W 1
2008,NOH,2007-11-02,8:00p,,Portland Trail Blazers,W,,113,93,2,0,W 2
2008,NOH,2007-11-04,8:00p,@,Denver Nuggets,W,,93,88,3,0,W 3
2008,NOH,2007-11-06,10:30p,@,Los Angeles Lakers,W,,118,104,4,0,W 4
2008,NOH,2007-11-07,10:30p,@,Portland Trail Blazers,L,,90,93,4,1,L 1
2008,NOH,2007-11-09,8:00p,,San Antonio Spurs,L,,85,97,4,2,L 2
2008,NOH,2007-11-11,6:00p,@,Philadelphia 76ers,W,,93,72,5,2,W 1
2008,NOH,2007-11-12,7:30p,@,New Jersey Nets,W,,84,82,6,2,W 2
2008,NOH,2007-11-14,8:00p,,Philadelphia 76ers,W,,95,76,7,2,W 3
2008,NOH,2007-11-16,8:00p,@,Memphis Grizzlies,W,OT,120,118,8,2,W 4
2008,NOH,2007-11-17,8:00p,@,Minnesota Timberwolves,W,,100,82,9,2,W 5
2008,NOH,2007-11-19,8:00p,,Orlando Magic,L,,88,95,9,3,L 1
2008,NOH,2007-11-21,8:00p,,Indiana Pacers,L,,93,105,9,4,L 2
2008,NOH,2007-11-23,9:00p,@,Utah Jazz,L,,71,99,9,5,L 3
2008,NOH,2007-11-24,10:30p,@,Los Angeles Clippers,W,,98,89,10,5,W 1
2008,NOH,2007-11-26,8:00p,,Minnesota Timberwolves,L,,94,103,10,6,L 1
2008,NOH,2007-11-30,7:30p,@,Atlanta Hawks,W,,92,86,11,6,W 1
2008,NOH,2007-12-01,8:00p,,Dallas Mavericks,W,OT,112,108,12,6,W 2
2008,NOH,2007-12-05,8:00p,,Detroit Pistons,L,,76,91,12,7,L 1
2008,NOH,2007-12-07,8:00p,,Memphis Grizzlies,W,OT,118,116,13,7,W 1
2008,NOH,2007-12-09,7:00p,,Seattle SuperSonics,W,,91,88,14,7,W 2
2008,NOH,2007-12-12,9:00p,@,Denver Nuggets,L,,99,105,14,8,L 1
2008,NOH,2007-12-14,8:30p,@,Dallas Mavericks,L,,80,89,14,9,L 2
2008,NOH,2007-12-15,8:00p,,Phoenix Suns,W,,101,98,15,9,W 1
2008,NOH,2007-12-17,10:00p,@,Portland Trail Blazers,L,,76,88,15,10,L 1
2008,NOH,2007-12-19,10:00p,@,Seattle SuperSonics,W,,107,93,16,10,W 1
2008,NOH,2007-12-22,8:00p,,Minnesota Timberwolves,W,,110,76,17,10,W 2
2008,NOH,2007-12-26,8:00p,@,Memphis Grizzlies,W,,116,98,18,10,W 3
2008,NOH,2007-12-28,7:00p,@,Charlotte Bobcats,W,,99,85,19,10,W 4
2008,NOH,2007-12-29,8:00p,,Cleveland Cavaliers,W,,86,76,20,10,W 5
2008,NOH,2007-12-31,8:00p,,Toronto Raptors,L,,92,97,20,11,L 1
2008,NOH,2008-01-02,10:30p,@,Los Angeles Clippers,W,,95,81,21,11,W 1
2008,NOH,2008-01-04,10:30p,@,Golden State Warriors,W,,116,104,22,11,W 2
2008,NOH,2008-01-05,9:00p,@,Phoenix Suns,W,,118,113,23,11,W 3
2008,NOH,2008-01-09,8:00p,,Los Angeles Lakers,L,,80,109,23,12,L 1
2008,NOH,2008-01-11,8:00p,,Miami Heat,W,,114,88,24,12,W 1
2008,NOH,2008-01-13,2:30p,@,Houston Rockets,W,,87,82,25,12,W 2
2008,NOH,2008-01-16,8:00p,,Seattle SuperSonics,W,,123,92,26,12,W 3
2008,NOH,2008-01-18,8:00p,,Charlotte Bobcats,W,,112,84,27,12,W 4
2008,NOH,2008-01-21,3:30p,,Milwaukee Bucks,W,,106,92,28,12,W 5
2008,NOH,2008-01-23,8:00p,,Portland Trail Blazers,W,,96,81,29,12,W 6
2008,NOH,2008-01-25,8:00p,,Los Angeles Clippers,W,,111,92,30,12,W 7
2008,NOH,2008-01-26,8:30p,@,San Antonio Spurs,W,,102,78,31,12,W 8
2008,NOH,2008-01-28,8:00p,,Denver Nuggets,W,,117,93,32,12,W 9
2008,NOH,2008-01-30,8:00p,,Golden State Warriors,L,,103,116,32,13,L 1
2008,NOH,2008-02-01,10:00p,@,Sacramento Kings,L,,103,112,32,14,L 2
2008,NOH,2008-02-04,9:00p,@,Utah Jazz,L,,88,110,32,15,L 3
2008,NOH,2008-02-06,9:00p,@,Phoenix Suns,W,2OT,132,130,33,15,W 1
2008,NOH,2008-02-09,8:00p,,Memphis Grizzlies,W,,112,99,34,15,W 2
2008,NOH,2008-02-12,8:30p,@,Chicago Bulls,W,,100,86,35,15,W 3
2008,NOH,2008-02-13,8:00p,@,Milwaukee Bucks,W,,111,107,36,15,W 4
2008,NOH,2008-02-20,8:00p,,Dallas Mavericks,W,,104,93,37,15,W 5
2008,NOH,2008-02-22,8:00p,,Houston Rockets,L,,80,100,37,16,L 1
2008,NOH,2008-02-23,8:30p,@,San Antonio Spurs,L,,89,98,37,17,L 2
2008,NOH,2008-02-25,8:00p,,Washington Wizards,L,,92,95,37,18,L 3
2008,NOH,2008-02-27,8:00p,,Phoenix Suns,W,,120,103,38,18,W 1
2008,NOH,2008-02-29,8:00p,,Utah Jazz,W,,110,98,39,18,W 2
2008,NOH,2008-03-02,6:00p,@,Washington Wizards,L,,84,101,39,19,L 1
2008,NOH,2008-03-03,7:30p,@,New York Knicks,W,,100,88,40,19,W 1
2008,NOH,2008-03-05,8:00p,,Atlanta Hawks,W,,116,101,41,19,W 2
2008,NOH,2008-03-07,8:00p,,New Jersey Nets,W,,107,96,42,19,W 3
2008,NOH,2008-03-08,8:30p,@,Houston Rockets,L,,96,106,42,20,L 1
2008,NOH,2008-03-12,8:00p,,San Antonio Spurs,W,,100,75,43,20,W 1
2008,NOH,2008-03-14,8:00p,,Los Angeles Lakers,W,,108,98,44,20,W 2
2008,NOH,2008-03-16,1:00p,@,Detroit Pistons,L,,84,105,44,21,L 1
2008,NOH,2008-03-17,8:00p,,Chicago Bulls,W,,108,97,45,21,W 1
2008,NOH,2008-03-19,8:00p,,Houston Rockets,W,,90,69,46,21,W 2
2008,NOH,2008-03-22,8:00p,,Boston Celtics,W,,113,106,47,21,W 3
2008,NOH,2008-03-25,7:00p,@,Indiana Pacers,W,,114,106,48,21,W 4
2008,NOH,2008-03-26,7:00p,@,Cleveland Cavaliers,W,,100,99,49,21,W 5
2008,NOH,2008-03-28,7:30p,@,Boston Celtics,L,,92,112,49,22,L 1
2008,NOH,2008-03-30,6:00p,@,Toronto Raptors,W,,118,111,50,22,W 1
2008,NOH,2008-04-01,7:00p,@,Orlando Magic,W,,98,97,51,22,W 2
2008,NOH,2008-04-02,7:30p,@,Miami Heat,W,,106,77,52,22,W 3
2008,NOH,2008-04-04,8:00p,,New York Knicks,W,,118,110,53,22,W 4
2008,NOH,2008-04-06,1:00p,,Golden State Warriors,W,,108,96,54,22,W 5
2008,NOH,2008-04-08,8:00p,,Utah Jazz,L,,66,77,54,23,L 1
2008,NOH,2008-04-09,8:00p,@,Minnesota Timberwolves,W,,122,90,55,23,W 1
2008,NOH,2008-04-11,10:30p,@,Los Angeles Lakers,L,,104,107,55,24,L 1
2008,NOH,2008-04-12,10:00p,@,Sacramento Kings,L,,91,94,55,25,L 2
2008,NOH,2008-04-15,8:00p,,Los Angeles Clippers,W,,114,92,56,25,W 1
2008,NOH,2008-04-16,7:00p,@,Dallas Mavericks,L,,98,111,56,26,L 1
2008,NOH,2008-04-19,7:00p,,Dallas Mavericks,W,,104,92,1,0,W 1
2008,NOH,2008-04-22,7:00p,,Dallas Mavericks,W,,127,103,2,0,W 2
2008,NOH,2008-04-25,8:00p,@,Dallas Mavericks,L,,87,97,2,1,L 1
2008,NOH,2008-04-27,9:30p,@,Dallas Mavericks,W,,97,84,3,1,W 1
2008,NOH,2008-04-29,7:00p,,Dallas Mavericks,W,,99,94,4,1,W 2
2008,NOH,2008-05-03,10:00p,,San Antonio Spurs,W,,101,82,5,1,W 3
2008,NOH,2008-05-05,9:30p,,San Antonio Spurs,W,,102,84,6,1,W 4
2008,NOH,2008-05-08,9:30p,@,San Antonio Spurs,L,,99,110,6,2,L 1
2008,NOH,2008-05-11,8:00p,@,San Antonio Spurs,L,,80,100,6,3,L 2
2008,NOH,2008-05-13,9:30p,,San Antonio Spurs,W,,101,79,7,3,W 1
2008,NOH,2008-05-15,9:00p,@,San Antonio Spurs,L,,80,99,7,4,L 1
2008,NOH,2008-05-19,8:30p,,San Antonio Spurs,L,,82,91,7,5,L 2
2008,NYK,2007-11-02,7:30p,@,Cleveland Cavaliers,L,,106,110,0,1,L 1
2008,NYK,2007-11-04,6:00p,,Minnesota Timberwolves,W,,97,93,1,1,W 1
2008,NYK,2007-11-06,7:30p,,Denver Nuggets,W,,119,112,2,1,W 2
2008,NYK,2007-11-09,7:30p,,Orlando Magic,L,,102,112,2,2,L 1
2008,NYK,2007-11-11,6:00p,,Miami Heat,L,,72,75,2,3,L 2
2008,NYK,2007-11-13,9:00p,@,Phoenix Suns,L,,102,113,2,4,L 3
2008,NYK,2007-11-14,10:30p,@,Los Angeles Clippers,L,,81,84,2,5,L 4
2008,NYK,2007-11-16,10:00p,@,Sacramento Kings,L,2OT,118,123,2,6,L 5
2008,NYK,2007-11-17,9:00p,@,Denver Nuggets,L,,83,115,2,7,L 6
2008,NYK,2007-11-20,7:30p,,Golden State Warriors,L,,82,108,2,8,L 7
2008,NYK,2007-11-21,8:00p,@,Detroit Pistons,L,,86,98,2,9,L 8
2008,NYK,2007-11-24,1:00p,,Chicago Bulls,W,,85,78,3,9,W 1
2008,NYK,2007-11-26,7:30p,,Utah Jazz,W,,113,109,4,9,W 2
2008,NYK,2007-11-29,8:00p,@,Boston Celtics,L,,59,104,4,10,L 1
2008,NYK,2007-11-30,7:30p,,Milwaukee Bucks,W,,91,88,5,10,W 1
2008,NYK,2007-12-02,7:00p,,Phoenix Suns,L,,104,115,5,11,L 1
2008,NYK,2007-12-05,7:30p,@,New Jersey Nets,W,,100,93,6,11,W 1
2008,NYK,2007-12-07,7:00p,@,Philadelphia 76ers,L,,90,101,6,12,L 1
2008,NYK,2007-12-08,7:30p,,Philadelphia 76ers,L,,77,105,6,13,L 2
2008,NYK,2007-12-10,7:30p,,Dallas Mavericks,L,,89,99,6,14,L 3
2008,NYK,2007-12-12,7:30p,,Seattle SuperSonics,L,,110,117,6,15,L 4
2008,NYK,2007-12-14,8:30p,@,Chicago Bulls,L,,96,101,6,16,L 5
2008,NYK,2007-12-15,7:30p,,New Jersey Nets,W,,94,86,7,16,W 1
2008,NYK,2007-12-17,7:30p,,Indiana Pacers,L,,92,119,7,17,L 1
2008,NYK,2007-12-19,7:30p,,Cleveland Cavaliers,W,,108,90,8,17,W 1
2008,NYK,2007-12-21,7:00p,@,Charlotte Bobcats,L,,95,105,8,18,L 1
2008,NYK,2007-12-23,12:00p,,Los Angeles Lakers,L,,90,95,8,19,L 2
2008,NYK,2007-12-26,7:00p,@,Orlando Magic,L,,96,110,8,20,L 3
2008,NYK,2007-12-30,12:00p,,Chicago Bulls,L,,83,100,8,21,L 4
2008,NYK,2008-01-02,7:30p,,Sacramento Kings,L,,97,107,8,22,L 5
2008,NYK,2008-01-04,8:30p,@,San Antonio Spurs,L,,93,97,8,23,L 6
2008,NYK,2008-01-05,8:30p,@,Houston Rockets,L,,91,103,8,24,L 7
2008,NYK,2008-01-08,8:30p,@,Chicago Bulls,W,,105,100,9,24,W 1
2008,NYK,2008-01-09,7:30p,,Houston Rockets,L,,92,101,9,25,L 1
2008,NYK,2008-01-11,7:30p,,Toronto Raptors,L,,90,99,9,26,L 2
2008,NYK,2008-01-13,7:00p,,Detroit Pistons,W,,89,65,10,26,W 1
2008,NYK,2008-01-15,7:30p,,Washington Wizards,W,,105,93,11,26,W 2
2008,NYK,2008-01-16,7:30p,@,New Jersey Nets,W,,111,105,12,26,W 3
2008,NYK,2008-01-18,7:00p,@,Washington Wizards,L,,98,111,12,27,L 1
2008,NYK,2008-01-19,7:30p,@,Miami Heat,W,,88,84,13,27,W 1
2008,NYK,2008-01-21,1:00p,,Boston Celtics,L,,93,109,13,28,L 1
2008,NYK,2008-01-25,7:30p,,Philadelphia 76ers,W,,89,81,14,28,W 1
2008,NYK,2008-01-27,9:00p,@,Golden State Warriors,L,,104,106,14,29,L 1
2008,NYK,2008-01-29,10:30p,@,Los Angeles Lakers,L,,109,120,14,30,L 2
2008,NYK,2008-01-30,9:00p,@,Utah Jazz,L,,89,100,14,31,L 3
2008,NYK,2008-02-01,10:30p,@,Portland Trail Blazers,L,OT,88,94,14,32,L 4
2008,NYK,2008-02-02,10:00p,@,Seattle SuperSonics,L,,85,86,14,33,L 5
2008,NYK,2008-02-04,7:30p,,Los Angeles Clippers,L,,94,103,14,34,L 6
2008,NYK,2008-02-06,7:30p,,Indiana Pacers,L,,100,103,14,35,L 7
2008,NYK,2008-02-08,7:30p,,San Antonio Spurs,L,OT,93,99,14,36,L 8
2008,NYK,2008-02-09,8:30p,@,Milwaukee Bucks,W,,99,98,15,36,W 1
2008,NYK,2008-02-13,7:30p,@,Boston Celtics,L,,103,111,15,37,L 1
2008,NYK,2008-02-19,7:00p,@,Washington Wizards,W,OT,113,100,16,37,W 1
2008,NYK,2008-02-20,7:00p,@,Philadelphia 76ers,L,,84,124,16,38,L 1
2008,NYK,2008-02-22,7:30p,,Toronto Raptors,W,,103,99,17,38,W 1
2008,NYK,2008-02-24,6:00p,@,Toronto Raptors,L,,92,115,17,39,L 1
2008,NYK,2008-02-27,7:30p,,Charlotte Bobcats,W,,113,89,18,39,W 1
2008,NYK,2008-02-29,7:30p,@,Atlanta Hawks,L,,93,99,18,40,L 1
2008,NYK,2008-03-01,7:00p,@,Orlando Magic,L,,92,118,18,41,L 2
2008,NYK,2008-03-03,7:30p,,New Orleans Hornets,L,,88,100,18,42,L 3
2008,NYK,2008-03-05,7:30p,,Cleveland Cavaliers,L,,105,119,18,43,L 4
2008,NYK,2008-03-07,7:30p,,Detroit Pistons,L,,97,101,18,44,L 5
2008,NYK,2008-03-08,7:30p,,Portland Trail Blazers,L,OT,114,120,18,45,L 6
2008,NYK,2008-03-10,8:30p,@,Dallas Mavericks,L,,79,108,18,46,L 7
2008,NYK,2008-03-12,7:30p,@,Miami Heat,W,,91,88,19,46,W 1
2008,NYK,2008-03-16,6:00p,,Atlanta Hawks,L,,98,109,19,47,L 1
2008,NYK,2008-03-17,7:00p,@,Indiana Pacers,L,,98,110,19,48,L 2
2008,NYK,2008-03-21,7:30p,,Memphis Grizzlies,L,,106,120,19,49,L 3
2008,NYK,2008-03-22,8:00p,@,Minnesota Timberwolves,L,,93,114,19,50,L 4
2008,NYK,2008-03-24,7:30p,,New Jersey Nets,L,,91,106,19,51,L 5
2008,NYK,2008-03-26,7:30p,,Miami Heat,W,OT,103,96,20,51,W 1
2008,NYK,2008-03-28,7:00p,@,Toronto Raptors,L,,95,103,20,52,L 1
2008,NYK,2008-03-30,4:00p,@,Atlanta Hawks,L,,109,114,20,53,L 2
2008,NYK,2008-04-01,8:00p,@,Milwaukee Bucks,L,OT,115,119,20,54,L 3
2008,NYK,2008-04-02,8:00p,@,Memphis Grizzlies,L,,114,130,20,55,L 4
2008,NYK,2008-04-04,8:00p,@,New Orleans Hornets,L,,110,118,20,56,L 5
2008,NYK,2008-04-06,7:00p,,Orlando Magic,W,,100,90,21,56,W 1
2008,NYK,2008-04-08,8:00p,@,Detroit Pistons,W,,98,94,22,56,W 2
2008,NYK,2008-04-09,7:30p,,Charlotte Bobcats,W,,109,107,23,56,W 3
2008,NYK,2008-04-11,7:30p,,Atlanta Hawks,L,,104,116,23,57,L 1
2008,NYK,2008-04-14,7:30p,,Boston Celtics,L,,93,99,23,58,L 2
2008,NYK,2008-04-16,7:00p,@,Indiana Pacers,L,,123,132,23,59,L 3
2008,ORL,2007-10-31,7:00p,,Milwaukee Bucks,W,,102,83,1,0,W 1
2008,ORL,2007-11-02,7:00p,,Detroit Pistons,L,,92,116,1,1,L 1
2008,ORL,2007-11-03,7:00p,@,Washington Wizards,W,,94,82,2,1,W 1
2008,ORL,2007-11-06,8:00p,@,Minnesota Timberwolves,W,,111,103,3,1,W 2
2008,ORL,2007-11-07,7:00p,@,Toronto Raptors,W,,105,96,4,1,W 3
2008,ORL,2007-11-09,7:30p,@,New York Knicks,W,,112,102,5,1,W 4
2008,ORL,2007-11-10,7:00p,,Phoenix Suns,L,,96,106,5,2,L 1
2008,ORL,2007-11-13,7:00p,,Seattle SuperSonics,W,,103,76,6,2,W 1
2008,ORL,2007-11-14,7:00p,@,Cleveland Cavaliers,W,OT,117,116,7,2,W 2
2008,ORL,2007-11-16,7:30p,@,New Jersey Nets,W,,95,70,8,2,W 3
2008,ORL,2007-11-18,6:00p,,Boston Celtics,W,,104,102,9,2,W 4
2008,ORL,2007-11-19,8:00p,@,New Orleans Hornets,W,,95,88,10,2,W 5
2008,ORL,2007-11-21,8:30p,@,San Antonio Spurs,L,,110,128,10,3,L 1
2008,ORL,2007-11-23,7:00p,,Charlotte Bobcats,W,,105,92,11,3,W 1
2008,ORL,2007-11-24,7:00p,,Miami Heat,W,,120,99,12,3,W 2
2008,ORL,2007-11-26,10:00p,@,Portland Trail Blazers,W,,85,74,13,3,W 3
2008,ORL,2007-11-28,10:00p,@,Seattle SuperSonics,W,,110,94,14,3,W 4
2008,ORL,2007-11-30,9:00p,@,Phoenix Suns,L,,106,110,14,4,L 1
2008,ORL,2007-12-02,9:30p,@,Los Angeles Lakers,W,,104,97,15,4,W 1
2008,ORL,2007-12-03,10:30p,@,Golden State Warriors,W,OT,123,117,16,4,W 2
2008,ORL,2007-12-07,7:00p,,Indiana Pacers,L,,109,115,16,5,L 1
2008,ORL,2007-12-10,7:00p,,Atlanta Hawks,L,,87,98,16,6,L 2
2008,ORL,2007-12-12,8:00p,@,Milwaukee Bucks,L,,86,100,16,7,L 3
2008,ORL,2007-12-14,8:00p,@,Charlotte Bobcats,W,,103,87,17,7,W 1
2008,ORL,2007-12-15,7:00p,,Memphis Grizzlies,L,,119,123,17,8,L 1
2008,ORL,2007-12-17,8:30p,@,Dallas Mavericks,L,,108,111,17,9,L 2
2008,ORL,2007-12-19,8:30p,@,Houston Rockets,W,,97,92,18,9,W 1
2008,ORL,2007-12-21,7:00p,,Utah Jazz,L,,94,113,18,10,L 1
2008,ORL,2007-12-23,6:30p,@,Boston Celtics,L,,91,103,18,11,L 2
2008,ORL,2007-12-26,7:00p,,New York Knicks,W,,110,96,19,11,W 1
2008,ORL,2007-12-28,7:30p,@,Miami Heat,W,OT,121,114,20,11,W 2
2008,ORL,2007-12-29,7:00p,,Charlotte Bobcats,W,,104,95,21,11,W 3
2008,ORL,2007-12-31,2:00p,@,Chicago Bulls,W,OT,112,110,22,11,W 4
2008,ORL,2008-01-02,7:00p,,New Jersey Nets,L,,95,96,22,12,L 1
2008,ORL,2008-01-04,7:00p,,Houston Rockets,L,,94,96,22,13,L 2
2008,ORL,2008-01-08,10:00p,@,Sacramento Kings,L,,100,104,22,14,L 3
2008,ORL,2008-01-09,10:30p,@,Los Angeles Clippers,W,,113,106,23,14,W 1
2008,ORL,2008-01-11,9:00p,@,Denver Nuggets,L,,103,113,23,15,L 1
2008,ORL,2008-01-12,9:00p,@,Utah Jazz,L,,115,119,23,16,L 2
2008,ORL,2008-01-15,7:00p,,Chicago Bulls,W,,102,88,24,16,W 1
2008,ORL,2008-01-16,7:00p,@,Charlotte Bobcats,L,,93,99,24,17,L 1
2008,ORL,2008-01-19,7:00p,,Portland Trail Blazers,W,,101,94,25,17,W 1
2008,ORL,2008-01-21,7:00p,,Detroit Pistons,W,,102,100,26,17,W 2
2008,ORL,2008-01-23,8:00p,@,Memphis Grizzlies,W,,112,85,27,17,W 3
2008,ORL,2008-01-25,7:00p,@,Detroit Pistons,L,,93,101,27,18,L 1
2008,ORL,2008-01-27,1:00p,,Boston Celtics,W,,96,93,28,18,W 1
2008,ORL,2008-01-30,7:00p,,Miami Heat,W,,107,91,29,18,W 2
2008,ORL,2008-02-01,7:00p,@,Philadelphia 76ers,W,,108,106,30,18,W 3
2008,ORL,2008-02-02,7:00p,@,Indiana Pacers,W,,121,115,31,18,W 4
2008,ORL,2008-02-04,7:00p,,Dallas Mavericks,L,,98,107,31,19,L 1
2008,ORL,2008-02-06,7:00p,,New Jersey Nets,W,,100,84,32,19,W 1
2008,ORL,2008-02-08,7:00p,,Los Angeles Lakers,L,,113,117,32,20,L 1
2008,ORL,2008-02-11,7:00p,,Cleveland Cavaliers,L,,111,118,32,21,L 2
2008,ORL,2008-02-13,7:00p,,Denver Nuggets,W,,109,98,33,21,W 1
2008,ORL,2008-02-19,7:30p,@,Detroit Pistons,W,,103,85,34,21,W 2
2008,ORL,2008-02-20,7:00p,@,Toronto Raptors,L,,110,127,34,22,L 1
2008,ORL,2008-02-22,7:00p,,Philadelphia 76ers,W,,115,99,35,22,W 1
2008,ORL,2008-02-24,6:00p,,Sacramento Kings,W,,112,93,36,22,W 2
2008,ORL,2008-02-26,7:30p,@,New Jersey Nets,W,,102,92,37,22,W 3
2008,ORL,2008-02-27,7:00p,@,Philadelphia 76ers,L,,89,101,37,23,L 1
2008,ORL,2008-03-01,7:00p,,New York Knicks,W,,118,92,38,23,W 1
2008,ORL,2008-03-04,7:00p,,Toronto Raptors,W,,102,87,39,23,W 2
2008,ORL,2008-03-05,7:00p,@,Washington Wizards,W,,122,92,40,23,W 3
2008,ORL,2008-03-08,7:00p,,Golden State Warriors,L,,95,104,40,24,L 1
2008,ORL,2008-03-10,7:00p,,Atlanta Hawks,W,,123,112,41,24,W 1
2008,ORL,2008-03-12,7:00p,,Los Angeles Clippers,W,,110,88,42,24,W 2
2008,ORL,2008-03-14,7:30p,@,Miami Heat,W,,103,94,43,24,W 3
2008,ORL,2008-03-15,7:00p,,Indiana Pacers,W,,122,111,44,24,W 4
2008,ORL,2008-03-17,7:00p,,Cleveland Cavaliers,W,,104,90,45,24,W 5
2008,ORL,2008-03-19,7:00p,,Washington Wizards,L,,86,87,45,25,L 1
2008,ORL,2008-03-21,7:00p,,Philadelphia 76ers,W,,113,95,46,25,W 1
2008,ORL,2008-03-22,7:00p,@,Atlanta Hawks,L,,90,98,46,26,L 1
2008,ORL,2008-03-25,7:00p,,San Antonio Spurs,L,,97,107,46,27,L 2
2008,ORL,2008-03-28,8:30p,@,Milwaukee Bucks,W,,103,86,47,27,W 1
2008,ORL,2008-04-01,7:00p,,New Orleans Hornets,L,,97,98,47,28,L 1
2008,ORL,2008-04-05,3:00p,@,Cleveland Cavaliers,W,,101,86,48,28,W 1
2008,ORL,2008-04-06,7:00p,@,New York Knicks,L,,90,100,48,29,L 1
2008,ORL,2008-04-09,7:00p,,Chicago Bulls,W,,115,83,49,29,W 1
2008,ORL,2008-04-11,7:00p,,Minnesota Timberwolves,L,,101,102,49,30,L 1
2008,ORL,2008-04-13,7:00p,@,Chicago Bulls,W,,104,84,50,30,W 1
2008,ORL,2008-04-15,7:00p,@,Atlanta Hawks,W,,121,105,51,30,W 2
2008,ORL,2008-04-16,7:00p,,Washington Wizards,W,,103,83,52,30,W 3
2008,ORL,2008-04-20,12:30p,,Toronto Raptors,W,,114,100,1,0,W 1
2008,ORL,2008-04-22,7:30p,,Toronto Raptors,W,,104,103,2,0,W 2
2008,ORL,2008-04-24,7:30p,@,Toronto Raptors,L,,94,108,2,1,L 1
2008,ORL,2008-04-26,3:00p,@,Toronto Raptors,W,,106,94,3,1,W 1
2008,ORL,2008-04-28,7:30p,,Toronto Raptors,W,,102,92,4,1,W 2
2008,ORL,2008-05-03,7:30p,@,Detroit Pistons,L,,72,91,4,2,L 1
2008,ORL,2008-05-05,7:00p,@,Detroit Pistons,L,,93,100,4,3,L 2
2008,ORL,2008-05-07,8:00p,,Detroit Pistons,W,,111,86,5,3,W 1
2008,ORL,2008-05-10,5:00p,,Detroit Pistons,L,,89,90,5,4,L 1
2008,ORL,2008-05-13,7:00p,@,Detroit Pistons,L,,86,91,5,5,L 2
2008,PHI,2007-10-31,7:00p,@,Toronto Raptors,L,,97,106,0,1,L 1
2008,PHI,2007-11-02,8:30p,@,Chicago Bulls,W,,96,85,1,1,W 1
2008,PHI,2007-11-03,7:00p,,New Jersey Nets,L,,88,93,1,2,L 1
2008,PHI,2007-11-07,7:00p,,Charlotte Bobcats,W,,94,63,2,2,W 1
2008,PHI,2007-11-09,7:00p,,Toronto Raptors,L,,103,105,2,3,L 1
2008,PHI,2007-11-11,6:00p,,New Orleans Hornets,L,,72,93,2,4,L 2
2008,PHI,2007-11-13,8:30p,@,Dallas Mavericks,L,,84,99,2,5,L 3
2008,PHI,2007-11-14,8:00p,@,New Orleans Hornets,L,,76,95,2,6,L 4
2008,PHI,2007-11-16,7:00p,,Portland Trail Blazers,W,,92,88,3,6,W 1
2008,PHI,2007-11-20,7:00p,@,Washington Wizards,L,,101,116,3,7,L 1
2008,PHI,2007-11-23,8:00p,@,Detroit Pistons,L,,78,83,3,8,L 2
2008,PHI,2007-11-24,7:00p,,Golden State Warriors,L,OT,98,100,3,9,L 3
2008,PHI,2007-11-27,8:00p,@,Milwaukee Bucks,W,,114,99,4,9,W 1
2008,PHI,2007-11-28,7:00p,,Utah Jazz,L,,95,106,4,10,L 1
2008,PHI,2007-11-30,7:00p,,Washington Wizards,W,,85,84,5,10,W 1
2008,PHI,2007-12-01,7:30p,@,New Jersey Nets,L,OT,92,94,5,11,L 1
2008,PHI,2007-12-03,7:00p,,Atlanta Hawks,L,,79,88,5,12,L 2
2008,PHI,2007-12-05,7:00p,,Boston Celtics,L,,103,113,5,13,L 3
2008,PHI,2007-12-07,7:00p,,New York Knicks,W,,101,90,6,13,W 1
2008,PHI,2007-12-08,7:30p,@,New York Knicks,W,,105,77,7,13,W 2
2008,PHI,2007-12-10,7:00p,,Houston Rockets,W,,100,88,8,13,W 3
2008,PHI,2007-12-12,7:00p,,Minnesota Timberwolves,W,,98,94,9,13,W 4
2008,PHI,2007-12-14,7:00p,,Sacramento Kings,L,,99,109,9,14,L 1
2008,PHI,2007-12-15,7:30p,@,Cleveland Cavaliers,W,,92,86,10,14,W 1
2008,PHI,2007-12-19,7:00p,@,Indiana Pacers,L,,85,102,10,15,L 1
2008,PHI,2007-12-21,7:00p,,Los Angeles Lakers,L,,101,106,10,16,L 2
2008,PHI,2007-12-22,8:00p,@,Memphis Grizzlies,W,,99,97,11,16,W 1
2008,PHI,2007-12-26,6:00p,,Miami Heat,W,,96,85,12,16,W 2
2008,PHI,2007-12-28,10:00p,@,Sacramento Kings,W,,92,80,13,16,W 3
2008,PHI,2007-12-30,6:00p,@,Portland Trail Blazers,L,,72,97,13,17,L 1
2008,PHI,2007-12-31,10:00p,@,Seattle SuperSonics,W,,98,90,14,17,W 1
2008,PHI,2008-01-02,9:00p,@,Utah Jazz,L,,107,110,14,18,L 1
2008,PHI,2008-01-04,10:30p,@,Los Angeles Lakers,L,,93,124,14,19,L 2
2008,PHI,2008-01-06,8:00p,@,Denver Nuggets,L,,96,109,14,20,L 3
2008,PHI,2008-01-08,7:00p,,Milwaukee Bucks,L,,83,87,14,21,L 4
2008,PHI,2008-01-09,7:00p,@,Toronto Raptors,L,,96,109,14,22,L 5
2008,PHI,2008-01-11,7:00p,,Chicago Bulls,L,,97,100,14,23,L 6
2008,PHI,2008-01-14,8:30p,@,San Antonio Spurs,L,,82,89,14,24,L 7
2008,PHI,2008-01-15,8:30p,@,Houston Rockets,W,,111,107,15,24,W 1
2008,PHI,2008-01-18,7:30p,@,Boston Celtics,L,,89,116,15,25,L 1
2008,PHI,2008-01-19,7:00p,,Toronto Raptors,W,,99,95,16,25,W 1
2008,PHI,2008-01-21,2:00p,,Indiana Pacers,L,,103,110,16,26,L 1
2008,PHI,2008-01-23,7:00p,,Detroit Pistons,L,,78,86,16,27,L 2
2008,PHI,2008-01-25,7:30p,@,New York Knicks,L,,81,89,16,28,L 3
2008,PHI,2008-01-26,7:00p,@,Charlotte Bobcats,W,,103,96,17,28,W 1
2008,PHI,2008-01-30,7:00p,,Milwaukee Bucks,W,,112,69,18,28,W 2
2008,PHI,2008-02-01,7:00p,,Orlando Magic,L,,106,108,18,29,L 1
2008,PHI,2008-02-04,7:00p,@,Atlanta Hawks,L,,91,96,18,30,L 2
2008,PHI,2008-02-05,7:00p,,Washington Wizards,W,,101,96,19,30,W 1
2008,PHI,2008-02-07,7:00p,,Miami Heat,W,,101,84,20,30,W 2
2008,PHI,2008-02-09,7:30p,,Los Angeles Clippers,W,,101,80,21,30,W 3
2008,PHI,2008-02-11,7:00p,,Dallas Mavericks,W,,84,76,22,30,W 4
2008,PHI,2008-02-13,7:00p,,Memphis Grizzlies,W,,102,88,23,30,W 5
2008,PHI,2008-02-19,8:00p,@,Minnesota Timberwolves,L,,88,104,23,31,L 1
2008,PHI,2008-02-20,7:00p,,New York Knicks,W,,124,84,24,31,W 1
2008,PHI,2008-02-22,7:00p,@,Orlando Magic,L,,99,115,24,32,L 1
2008,PHI,2008-02-23,7:30p,@,Miami Heat,W,OT,101,96,25,32,W 1
2008,PHI,2008-02-27,7:00p,,Orlando Magic,W,,101,89,26,32,W 2
2008,PHI,2008-02-29,10:30p,@,Golden State Warriors,L,,97,119,26,33,L 1
2008,PHI,2008-03-01,9:00p,@,Phoenix Suns,W,,119,114,27,33,W 1
2008,PHI,2008-03-03,10:30p,@,Los Angeles Clippers,W,,106,80,28,33,W 2
2008,PHI,2008-03-07,7:00p,,Seattle SuperSonics,W,,117,83,29,33,W 3
2008,PHI,2008-03-09,1:00p,@,Milwaukee Bucks,W,,119,97,30,33,W 4
2008,PHI,2008-03-10,7:00p,,Boston Celtics,L,,86,100,30,34,L 1
2008,PHI,2008-03-12,7:30p,@,Detroit Pistons,W,,83,82,31,34,W 1
2008,PHI,2008-03-14,8:30p,@,Chicago Bulls,W,,110,106,32,34,W 2
2008,PHI,2008-03-15,7:00p,,San Antonio Spurs,W,,103,96,33,34,W 3
2008,PHI,2008-03-19,7:00p,,Denver Nuggets,W,,115,113,34,34,W 4
2008,PHI,2008-03-21,7:00p,@,Orlando Magic,L,,95,113,34,35,L 1
2008,PHI,2008-03-22,7:00p,,New Jersey Nets,W,,91,87,35,35,W 1
2008,PHI,2008-03-24,7:30p,@,Boston Celtics,W,,95,90,36,35,W 2
2008,PHI,2008-03-26,7:00p,,Chicago Bulls,W,,121,99,37,35,W 3
2008,PHI,2008-03-28,7:00p,,Phoenix Suns,L,,93,107,37,36,L 1
2008,PHI,2008-03-30,6:00p,@,Cleveland Cavaliers,L,,88,91,37,37,L 2
2008,PHI,2008-04-01,7:30p,@,New Jersey Nets,W,,108,99,38,37,W 1
2008,PHI,2008-04-04,7:30p,@,Atlanta Hawks,W,,109,104,39,37,W 2
2008,PHI,2008-04-05,7:00p,,Atlanta Hawks,L,,85,92,39,38,L 1
2008,PHI,2008-04-09,7:00p,,Detroit Pistons,W,,101,94,40,38,W 1
2008,PHI,2008-04-11,7:00p,,Indiana Pacers,L,,76,85,40,39,L 1
2008,PHI,2008-04-12,7:00p,@,Washington Wizards,L,,93,109,40,40,L 2
2008,PHI,2008-04-14,7:00p,,Cleveland Cavaliers,L,,90,91,40,41,L 3
2008,PHI,2008-04-16,7:00p,@,Charlotte Bobcats,L,,109,115,40,42,L 4
2008,PHI,2008-04-20,6:00p,@,Detroit Pistons,W,,90,86,1,0,W 1
2008,PHI,2008-04-23,7:30p,@,Detroit Pistons,L,,88,105,1,1,L 1
2008,PHI,2008-04-25,7:00p,,Detroit Pistons,W,,95,75,2,1,W 1
2008,PHI,2008-04-27,7:00p,,Detroit Pistons,L,,84,93,2,2,L 1
2008,PHI,2008-04-29,7:00p,@,Detroit Pistons,L,,81,98,2,3,L 2
2008,PHI,2008-05-01,8:00p,,Detroit Pistons,L,,77,100,2,4,L 3
2008,PHO,2007-11-01,10:30p,@,Seattle SuperSonics,W,,106,99,1,0,W 1
2008,PHO,2007-11-02,10:30p,,Los Angeles Lakers,L,,98,119,1,1,L 1
2008,PHO,2007-11-04,8:00p,,Cleveland Cavaliers,W,,103,92,2,1,W 1
2008,PHO,2007-11-06,7:00p,@,Charlotte Bobcats,W,,115,83,3,1,W 2
2008,PHO,2007-11-07,7:00p,@,Atlanta Hawks,L,,96,105,3,2,L 1
2008,PHO,2007-11-09,7:30p,@,Miami Heat,W,,106,101,4,2,W 1
2008,PHO,2007-11-10,7:00p,@,Orlando Magic,W,,106,96,5,2,W 2
2008,PHO,2007-11-13,9:00p,,New York Knicks,W,,113,102,6,2,W 3
2008,PHO,2007-11-15,10:30p,,Chicago Bulls,W,,112,102,7,2,W 4
2008,PHO,2007-11-17,8:30p,@,Houston Rockets,W,,115,105,8,2,W 5
2008,PHO,2007-11-20,10:00p,@,Sacramento Kings,W,,100,98,9,2,W 6
2008,PHO,2007-11-21,9:00p,,Sacramento Kings,W,,127,111,10,2,W 7
2008,PHO,2007-11-23,9:00p,,Los Angeles Clippers,W,,113,94,11,2,W 8
2008,PHO,2007-11-26,10:30p,@,Golden State Warriors,L,,114,129,11,3,L 1
2008,PHO,2007-11-28,9:00p,,Houston Rockets,L,,94,100,11,4,L 2
2008,PHO,2007-11-30,9:00p,,Orlando Magic,W,,110,106,12,4,W 1
2008,PHO,2007-12-02,7:00p,@,New York Knicks,W,,115,104,13,4,W 2
2008,PHO,2007-12-04,7:00p,@,Indiana Pacers,W,,121,117,14,4,W 3
2008,PHO,2007-12-05,7:00p,@,Toronto Raptors,W,,136,123,15,4,W 4
2008,PHO,2007-12-07,7:00p,@,Washington Wizards,W,,122,107,16,4,W 5
2008,PHO,2007-12-08,8:00p,@,Minnesota Timberwolves,L,,93,100,16,5,L 1
2008,PHO,2007-12-10,9:00p,,Miami Heat,L,,113,117,16,6,L 2
2008,PHO,2007-12-12,10:30p,,Utah Jazz,W,,103,98,17,6,W 1
2008,PHO,2007-12-15,8:00p,@,New Orleans Hornets,L,,98,101,17,7,L 1
2008,PHO,2007-12-17,8:30p,@,San Antonio Spurs,W,,100,95,18,7,W 1
2008,PHO,2007-12-19,9:30p,@,Dallas Mavericks,L,,105,108,18,8,L 1
2008,PHO,2007-12-22,9:00p,,Toronto Raptors,W,,122,103,19,8,W 1
2008,PHO,2007-12-25,5:00p,@,Los Angeles Lakers,L,,115,122,19,9,L 1
2008,PHO,2007-12-27,10:30p,@,Los Angeles Clippers,W,,108,88,20,9,W 1
2008,PHO,2007-12-28,9:00p,,Los Angeles Clippers,W,,94,88,21,9,W 2
2008,PHO,2007-12-30,9:00p,@,Sacramento Kings,W,,117,102,22,9,W 3
2008,PHO,2008-01-03,10:30p,,Seattle SuperSonics,W,,104,96,23,9,W 4
2008,PHO,2008-01-05,9:00p,,New Orleans Hornets,L,,113,118,23,10,L 1
2008,PHO,2008-01-07,9:00p,,Denver Nuggets,W,,137,115,24,10,W 1
2008,PHO,2008-01-09,9:00p,,Indiana Pacers,W,OT,129,122,25,10,W 2
2008,PHO,2008-01-10,10:30p,@,Utah Jazz,L,,86,108,25,11,L 1
2008,PHO,2008-01-12,9:00p,,Milwaukee Bucks,W,,122,114,26,11,W 1
2008,PHO,2008-01-15,10:30p,@,Los Angeles Clippers,L,,90,97,26,12,L 1
2008,PHO,2008-01-17,10:30p,@,Los Angeles Lakers,W,,106,98,27,12,W 1
2008,PHO,2008-01-18,9:00p,,Minnesota Timberwolves,W,,115,95,28,12,W 2
2008,PHO,2008-01-20,8:00p,,New Jersey Nets,W,,116,92,29,12,W 3
2008,PHO,2008-01-22,8:00p,@,Milwaukee Bucks,W,,114,105,30,12,W 4
2008,PHO,2008-01-23,8:00p,@,Minnesota Timberwolves,L,,107,117,30,13,L 1
2008,PHO,2008-01-25,7:00p,@,Cleveland Cavaliers,W,,110,108,31,13,W 1
2008,PHO,2008-01-27,1:00p,@,Chicago Bulls,W,,88,77,32,13,W 2
2008,PHO,2008-01-29,9:00p,,Atlanta Hawks,W,,125,92,33,13,W 3
2008,PHO,2008-01-31,10:30p,,San Antonio Spurs,L,,81,84,33,14,L 1
2008,PHO,2008-02-04,9:00p,,Charlotte Bobcats,W,,118,104,34,14,W 1
2008,PHO,2008-02-06,9:00p,,New Orleans Hornets,L,2OT,130,132,34,15,L 1
2008,PHO,2008-02-08,9:00p,,Seattle SuperSonics,W,,103,99,35,15,W 1
2008,PHO,2008-02-10,9:30p,,Washington Wizards,W,,108,107,36,15,W 2
2008,PHO,2008-02-13,9:00p,@,Golden State Warriors,L,,118,120,36,16,L 1
2008,PHO,2008-02-14,10:30p,,Dallas Mavericks,W,,109,97,37,16,W 1
2008,PHO,2008-02-20,9:00p,,Los Angeles Lakers,L,,124,130,37,17,L 1
2008,PHO,2008-02-22,10:30p,,Boston Celtics,W,,85,77,38,17,W 1
2008,PHO,2008-02-24,2:30p,,Detroit Pistons,L,,86,116,38,18,L 1
2008,PHO,2008-02-26,8:00p,@,Memphis Grizzlies,W,,127,113,39,18,W 1
2008,PHO,2008-02-27,8:00p,@,New Orleans Hornets,L,,103,120,39,19,L 1
2008,PHO,2008-03-01,9:00p,,Philadelphia 76ers,L,,114,119,39,20,L 2
2008,PHO,2008-03-04,10:00p,@,Portland Trail Blazers,W,,97,92,40,20,W 1
2008,PHO,2008-03-05,9:00p,@,Denver Nuggets,L,,113,126,40,21,L 1
2008,PHO,2008-03-07,9:00p,,Utah Jazz,L,,118,126,40,22,L 2
2008,PHO,2008-03-09,3:30p,,San Antonio Spurs,W,,94,87,41,22,W 1
2008,PHO,2008-03-11,10:00p,,Memphis Grizzlies,W,,132,111,42,22,W 2
2008,PHO,2008-03-13,10:30p,,Golden State Warriors,W,,123,115,43,22,W 3
2008,PHO,2008-03-15,10:00p,,Sacramento Kings,W,,127,99,44,22,W 4
2008,PHO,2008-03-18,10:30p,@,Portland Trail Blazers,W,,111,98,45,22,W 5
2008,PHO,2008-03-19,10:00p,@,Seattle SuperSonics,W,,110,98,46,22,W 6
2008,PHO,2008-03-22,10:00p,,Houston Rockets,W,,122,113,47,22,W 7
2008,PHO,2008-03-24,7:30p,@,Detroit Pistons,L,OT,105,110,47,23,L 1
2008,PHO,2008-03-26,7:00p,@,Boston Celtics,L,,97,117,47,24,L 2
2008,PHO,2008-03-28,7:00p,@,Philadelphia 76ers,W,,107,93,48,24,W 1
2008,PHO,2008-03-29,7:30p,@,New Jersey Nets,W,,110,104,49,24,W 2
2008,PHO,2008-03-31,10:00p,,Denver Nuggets,W,,132,117,50,24,W 3
2008,PHO,2008-04-01,9:00p,@,Denver Nuggets,L,,120,126,50,25,L 1
2008,PHO,2008-04-04,10:00p,,Minnesota Timberwolves,W,,117,88,51,25,W 1
2008,PHO,2008-04-06,3:30p,,Dallas Mavericks,L,,98,105,51,26,L 1
2008,PHO,2008-04-08,8:00p,@,Memphis Grizzlies,W,,127,113,52,26,W 1
2008,PHO,2008-04-09,9:30p,@,San Antonio Spurs,W,,96,79,53,26,W 2
2008,PHO,2008-04-11,8:30p,@,Houston Rockets,L,,90,101,53,27,L 1
2008,PHO,2008-04-14,10:00p,,Golden State Warriors,W,,122,116,54,27,W 1
2008,PHO,2008-04-16,10:00p,,Portland Trail Blazers,W,,100,91,55,27,W 2
2008,PHO,2008-04-19,3:00p,@,San Antonio Spurs,L,2OT,115,117,0,1,L 1
2008,PHO,2008-04-22,9:30p,@,San Antonio Spurs,L,,96,102,0,2,L 2
2008,PHO,2008-04-25,10:30p,,San Antonio Spurs,L,,99,115,0,3,L 3
2008,PHO,2008-04-27,3:30p,,San Antonio Spurs,W,,105,86,1,3,W 1
2008,PHO,2008-04-29,9:30p,@,San Antonio Spurs,L,,87,92,1,4,L 1
2008,POR,2007-10-30,8:00p,@,San Antonio Spurs,L,,97,106,0,1,L 1
2008,POR,2007-11-02,8:00p,@,New Orleans Hornets,L,,93,113,0,2,L 2
2008,POR,2007-11-03,8:30p,@,Houston Rockets,L,,80,89,0,3,L 3
2008,POR,2007-11-07,10:30p,,New Orleans Hornets,W,,93,90,1,3,W 1
2008,POR,2007-11-09,10:00p,,Memphis Grizzlies,W,,110,98,2,3,W 2
2008,POR,2007-11-10,10:00p,,Dallas Mavericks,W,,91,82,3,3,W 3
2008,POR,2007-11-13,10:00p,,Detroit Pistons,W,,102,94,4,3,W 4
2008,POR,2007-11-14,9:00p,@,Denver Nuggets,L,,93,110,4,4,L 1
2008,POR,2007-11-16,7:00p,@,Philadelphia 76ers,L,,88,92,4,5,L 2
2008,POR,2007-11-17,7:00p,@,Washington Wizards,L,,90,109,4,6,L 3
2008,POR,2007-11-19,7:00p,@,Charlotte Bobcats,L,,92,101,4,7,L 4
2008,POR,2007-11-21,10:00p,,New Jersey Nets,L,,101,106,4,8,L 5
2008,POR,2007-11-23,10:00p,,Sacramento Kings,W,,87,84,5,8,W 1
2008,POR,2007-11-26,10:00p,,Orlando Magic,L,,74,85,5,9,L 1
2008,POR,2007-11-28,10:00p,,Indiana Pacers,L,,89,95,5,10,L 2
2008,POR,2007-11-30,8:30p,@,Dallas Mavericks,L,,80,91,5,11,L 3
2008,POR,2007-12-02,3:30p,@,San Antonio Spurs,L,,79,100,5,12,L 4
2008,POR,2007-12-03,8:00p,@,Memphis Grizzlies,W,,106,105,6,12,W 1
2008,POR,2007-12-06,10:30p,,Miami Heat,W,,112,106,7,12,W 2
2008,POR,2007-12-09,6:00p,,Milwaukee Bucks,W,OT,117,113,8,12,W 3
2008,POR,2007-12-11,9:00p,@,Utah Jazz,W,,97,89,9,12,W 4
2008,POR,2007-12-12,10:00p,,Golden State Warriors,W,,105,95,10,12,W 5
2008,POR,2007-12-14,10:00p,,Utah Jazz,W,,99,91,11,12,W 6
2008,POR,2007-12-16,8:00p,@,Denver Nuggets,W,,116,105,12,12,W 7
2008,POR,2007-12-17,10:00p,,New Orleans Hornets,W,,88,76,13,12,W 8
2008,POR,2007-12-19,10:00p,,Toronto Raptors,W,,101,96,14,12,W 9
2008,POR,2007-12-21,10:00p,,Denver Nuggets,W,,99,96,15,12,W 10
2008,POR,2007-12-25,8:00p,,Seattle SuperSonics,W,,89,79,16,12,W 11
2008,POR,2007-12-28,10:00p,,Minnesota Timberwolves,W,,109,98,17,12,W 12
2008,POR,2007-12-30,6:00p,,Philadelphia 76ers,W,,97,72,18,12,W 13
2008,POR,2007-12-31,8:00p,@,Utah Jazz,L,,101,111,18,13,L 1
2008,POR,2008-01-02,8:00p,@,Minnesota Timberwolves,W,,90,79,19,13,W 1
2008,POR,2008-01-03,8:00p,@,Chicago Bulls,W,2OT,115,109,20,13,W 2
2008,POR,2008-01-05,10:00p,,Utah Jazz,W,,103,89,21,13,W 3
2008,POR,2008-01-09,10:00p,,Golden State Warriors,W,,109,91,22,13,W 4
2008,POR,2008-01-13,12:30p,@,Toronto Raptors,L,2OT,109,116,22,14,L 1
2008,POR,2008-01-14,7:30p,@,New Jersey Nets,W,,99,73,23,14,W 1
2008,POR,2008-01-16,7:30p,@,Boston Celtics,L,,90,100,23,15,L 1
2008,POR,2008-01-18,7:00p,@,Miami Heat,W,,98,91,24,15,W 1
2008,POR,2008-01-19,7:00p,@,Orlando Magic,L,,94,101,24,16,L 1
2008,POR,2008-01-21,2:00p,@,Atlanta Hawks,W,OT,111,109,25,16,W 1
2008,POR,2008-01-23,8:00p,@,New Orleans Hornets,L,,81,96,25,17,L 1
2008,POR,2008-01-25,10:00p,,Houston Rockets,L,,79,89,25,18,L 2
2008,POR,2008-01-27,6:00p,,Atlanta Hawks,W,,94,93,26,18,W 1
2008,POR,2008-01-30,9:00p,,Cleveland Cavaliers,L,,83,84,26,19,L 1
2008,POR,2008-02-01,10:30p,,New York Knicks,W,OT,94,88,27,19,W 1
2008,POR,2008-02-04,10:00p,,Denver Nuggets,L,OT,103,105,27,20,L 1
2008,POR,2008-02-06,10:00p,,Chicago Bulls,W,,100,97,28,20,W 1
2008,POR,2008-02-08,8:00p,@,Detroit Pistons,L,,82,91,28,21,L 1
2008,POR,2008-02-09,7:00p,@,Indiana Pacers,L,,93,101,28,22,L 2
2008,POR,2008-02-11,8:30p,@,Houston Rockets,L,,83,95,28,23,L 3
2008,POR,2008-02-13,8:30p,@,Dallas Mavericks,L,,76,96,28,24,L 4
2008,POR,2008-02-19,10:00p,,Sacramento Kings,L,,94,105,28,25,L 5
2008,POR,2008-02-21,10:30p,,Seattle SuperSonics,W,,92,88,29,25,W 1
2008,POR,2008-02-22,10:30p,@,Seattle SuperSonics,L,,87,99,29,26,L 1
2008,POR,2008-02-24,6:00p,,Boston Celtics,L,,102,112,29,27,L 2
2008,POR,2008-02-26,10:30p,@,Los Angeles Lakers,L,,83,96,29,28,L 3
2008,POR,2008-02-27,10:30p,@,Los Angeles Clippers,W,,82,80,30,28,W 1
2008,POR,2008-02-29,10:30p,,Los Angeles Lakers,W,,119,111,31,28,W 2
2008,POR,2008-03-02,9:00p,@,Golden State Warriors,L,,104,110,31,29,L 1
2008,POR,2008-03-04,10:00p,,Phoenix Suns,L,,92,97,31,30,L 2
2008,POR,2008-03-07,8:30p,@,Milwaukee Bucks,W,,103,101,32,30,W 1
2008,POR,2008-03-08,7:30p,@,New York Knicks,W,OT,120,114,33,30,W 2
2008,POR,2008-03-10,7:00p,@,Cleveland Cavaliers,L,,80,88,33,31,L 1
2008,POR,2008-03-11,8:00p,@,Minnesota Timberwolves,W,,103,96,34,31,W 1
2008,POR,2008-03-13,10:00p,@,Sacramento Kings,L,,85,96,34,32,L 1
2008,POR,2008-03-15,10:00p,,Minnesota Timberwolves,W,,107,96,35,32,W 1
2008,POR,2008-03-18,10:30p,,Phoenix Suns,L,,98,111,35,33,L 1
2008,POR,2008-03-21,10:00p,,Los Angeles Clippers,W,,107,102,36,33,W 1
2008,POR,2008-03-22,10:30p,@,Los Angeles Clippers,W,,83,72,37,33,W 2
2008,POR,2008-03-24,10:00p,@,Seattle SuperSonics,L,,84,97,37,34,L 1
2008,POR,2008-03-25,10:00p,,Washington Wizards,W,,102,82,38,34,W 1
2008,POR,2008-03-27,10:30p,@,Golden State Warriors,L,,95,111,38,35,L 1
2008,POR,2008-03-29,10:00p,,Charlotte Bobcats,L,,85,93,38,36,L 2
2008,POR,2008-04-02,10:30p,@,Los Angeles Lakers,L,,91,104,38,37,L 3
2008,POR,2008-04-03,10:30p,,Houston Rockets,L,,86,95,38,38,L 4
2008,POR,2008-04-06,6:00p,,San Antonio Spurs,L,,65,72,38,39,L 5
2008,POR,2008-04-08,10:00p,,Los Angeles Lakers,W,,112,103,39,39,W 1
2008,POR,2008-04-11,10:00p,@,Sacramento Kings,L,,86,103,39,40,L 1
2008,POR,2008-04-12,10:00p,,Dallas Mavericks,W,,108,105,40,40,W 1
2008,POR,2008-04-15,10:00p,,Memphis Grizzlies,W,,113,91,41,40,W 2
2008,POR,2008-04-16,10:00p,@,Phoenix Suns,L,,91,100,41,41,L 1
2008,SAC,2007-10-31,8:00p,@,New Orleans Hornets,L,,90,104,0,1,L 1
2008,SAC,2007-11-02,8:30p,@,San Antonio Spurs,L,,80,96,0,2,L 2
2008,SAC,2007-11-03,8:30p,@,Dallas Mavericks,L,,102,123,0,3,L 3
2008,SAC,2007-11-06,10:00p,,Seattle SuperSonics,W,,104,98,1,3,W 1
2008,SAC,2007-11-09,10:30p,,Cleveland Cavaliers,L,,91,93,1,4,L 1
2008,SAC,2007-11-10,10:00p,,Minnesota Timberwolves,W,,100,93,2,4,W 1
2008,SAC,2007-11-12,9:00p,@,Utah Jazz,L,,93,117,2,5,L 1
2008,SAC,2007-11-14,8:00p,@,Minnesota Timberwolves,L,,103,108,2,6,L 2
2008,SAC,2007-11-16,10:00p,,New York Knicks,W,2OT,123,118,3,6,W 1
2008,SAC,2007-11-18,9:00p,,Detroit Pistons,W,,105,95,4,6,W 2
2008,SAC,2007-11-20,10:00p,,Phoenix Suns,L,,98,100,4,7,L 1
2008,SAC,2007-11-21,9:00p,@,Phoenix Suns,L,,111,127,4,8,L 2
2008,SAC,2007-11-23,10:00p,@,Portland Trail Blazers,L,,84,87,4,9,L 3
2008,SAC,2007-11-26,10:00p,,San Antonio Spurs,W,,112,99,5,9,W 1
2008,SAC,2007-11-28,10:00p,,Golden State Warriors,L,,96,103,5,10,L 1
2008,SAC,2007-12-01,10:00p,,Houston Rockets,W,,107,99,6,10,W 1
2008,SAC,2007-12-04,10:00p,,Utah Jazz,W,,117,107,7,10,W 2
2008,SAC,2007-12-07,10:00p,,Los Angeles Clippers,L,,87,97,7,11,L 1
2008,SAC,2007-12-08,9:00p,@,Denver Nuggets,L,,97,101,7,12,L 2
2008,SAC,2007-12-10,10:00p,,Milwaukee Bucks,W,,96,93,8,12,W 1
2008,SAC,2007-12-12,7:30p,@,Boston Celtics,L,,78,90,8,13,L 1
2008,SAC,2007-12-14,7:00p,@,Philadelphia 76ers,W,,109,99,9,13,W 1
2008,SAC,2007-12-15,7:00p,@,Washington Wizards,L,,79,92,9,14,L 1
2008,SAC,2007-12-18,7:30p,@,New Jersey Nets,W,,106,101,10,14,W 1
2008,SAC,2007-12-19,8:00p,@,Milwaukee Bucks,W,,102,89,11,14,W 2
2008,SAC,2007-12-23,9:00p,,Denver Nuggets,L,,105,106,11,15,L 1
2008,SAC,2007-12-26,10:00p,,Boston Celtics,L,,69,89,11,16,L 2
2008,SAC,2007-12-28,10:00p,,Philadelphia 76ers,L,,80,92,11,17,L 3
2008,SAC,2007-12-30,9:00p,,Phoenix Suns,L,,102,117,11,18,L 4
2008,SAC,2008-01-02,7:30p,@,New York Knicks,W,,107,97,12,18,W 1
2008,SAC,2008-01-04,7:30p,@,Cleveland Cavaliers,L,,93,97,12,19,L 1
2008,SAC,2008-01-05,8:30p,@,Chicago Bulls,L,,93,94,12,20,L 2
2008,SAC,2008-01-08,10:00p,,Orlando Magic,W,,104,100,13,20,W 1
2008,SAC,2008-01-10,10:00p,,Memphis Grizzlies,W,,116,113,14,20,W 2
2008,SAC,2008-01-12,10:00p,,Indiana Pacers,L,,105,111,14,21,L 1
2008,SAC,2008-01-14,10:00p,,Dallas Mavericks,W,,122,120,15,21,W 1
2008,SAC,2008-01-16,7:00p,@,Toronto Raptors,L,,91,116,15,22,L 1
2008,SAC,2008-01-18,8:00p,@,Detroit Pistons,W,,100,93,16,22,W 1
2008,SAC,2008-01-19,7:00p,@,Indiana Pacers,W,,110,104,17,22,W 2
2008,SAC,2008-01-22,10:00p,,New Jersey Nets,W,,128,94,18,22,W 3
2008,SAC,2008-01-23,10:30p,@,Los Angeles Clippers,L,,85,111,18,23,L 1
2008,SAC,2008-01-25,9:00p,@,Utah Jazz,L,,113,127,18,24,L 2
2008,SAC,2008-01-27,9:00p,@,Seattle SuperSonics,W,,103,101,19,24,W 1
2008,SAC,2008-01-30,10:00p,,Charlotte Bobcats,W,,105,91,20,24,W 2
2008,SAC,2008-02-01,10:00p,,New Orleans Hornets,W,,112,103,21,24,W 3
2008,SAC,2008-02-02,10:00p,,Chicago Bulls,W,,105,101,22,24,W 4
2008,SAC,2008-02-06,10:00p,,Seattle SuperSonics,L,,92,105,22,25,L 1
2008,SAC,2008-02-08,10:00p,,Utah Jazz,W,,117,104,23,25,W 1
2008,SAC,2008-02-09,10:30p,@,Golden State Warriors,L,,102,105,23,26,L 1
2008,SAC,2008-02-12,8:00p,@,Memphis Grizzlies,L,,94,107,23,27,L 2
2008,SAC,2008-02-13,8:30p,@,Houston Rockets,L,,87,89,23,28,L 3
2008,SAC,2008-02-19,10:00p,@,Portland Trail Blazers,W,,105,94,24,28,W 1
2008,SAC,2008-02-20,10:00p,,Atlanta Hawks,W,,119,107,25,28,W 2
2008,SAC,2008-02-22,7:00p,@,Charlotte Bobcats,W,OT,116,115,26,28,W 3
2008,SAC,2008-02-24,6:00p,@,Orlando Magic,L,,93,112,26,29,L 1
2008,SAC,2008-02-26,7:30p,@,Miami Heat,L,,86,107,26,30,L 2
2008,SAC,2008-02-27,7:00p,@,Atlanta Hawks,L,,117,123,26,31,L 3
2008,SAC,2008-02-29,8:30p,@,Dallas Mavericks,L,,106,115,26,32,L 4
2008,SAC,2008-03-02,9:00p,,Miami Heat,W,,120,109,27,32,W 1
2008,SAC,2008-03-04,10:00p,,Los Angeles Lakers,L,,105,117,27,33,L 1
2008,SAC,2008-03-05,10:30p,@,Los Angeles Clippers,L,2OT,109,116,27,34,L 2
2008,SAC,2008-03-07,10:00p,,Minnesota Timberwolves,L,,103,111,27,35,L 3
2008,SAC,2008-03-09,9:30p,@,Los Angeles Lakers,W,,114,113,28,35,W 1
2008,SAC,2008-03-13,10:00p,,Portland Trail Blazers,W,,96,85,29,35,W 2
2008,SAC,2008-03-15,10:00p,@,Phoenix Suns,L,,99,127,29,36,L 1
2008,SAC,2008-03-16,9:00p,,Toronto Raptors,W,,106,100,30,36,W 1
2008,SAC,2008-03-18,10:00p,,Golden State Warriors,W,,122,105,31,36,W 2
2008,SAC,2008-03-21,8:30p,@,San Antonio Spurs,L,,89,102,31,37,L 1
2008,SAC,2008-03-22,8:00p,@,Memphis Grizzlies,L,,111,117,31,38,L 2
2008,SAC,2008-03-24,8:30p,@,Houston Rockets,L,,100,108,31,39,L 3
2008,SAC,2008-03-26,10:00p,,Memphis Grizzlies,W,OT,107,106,32,39,W 1
2008,SAC,2008-03-28,10:00p,,Washington Wizards,L,,108,114,32,40,L 1
2008,SAC,2008-03-30,9:00p,@,Seattle SuperSonics,W,,120,107,33,40,W 1
2008,SAC,2008-04-01,10:00p,,Houston Rockets,W,,99,98,34,40,W 2
2008,SAC,2008-04-03,10:00p,,Los Angeles Clippers,W,,110,98,35,40,W 3
2008,SAC,2008-04-05,9:00p,@,Denver Nuggets,W,,118,115,36,40,W 4
2008,SAC,2008-04-06,9:00p,,Los Angeles Lakers,L,,92,114,36,41,L 1
2008,SAC,2008-04-08,10:30p,@,Golden State Warriors,L,,132,140,36,42,L 2
2008,SAC,2008-04-11,10:00p,,Portland Trail Blazers,W,,103,86,37,42,W 1
2008,SAC,2008-04-12,10:00p,,New Orleans Hornets,W,,94,91,38,42,W 2
2008,SAC,2008-04-14,10:00p,,San Antonio Spurs,L,,98,101,38,43,L 1
2008,SAC,2008-04-15,10:30p,@,Los Angeles Lakers,L,,101,124,38,44,L 2
2008,SAS,2007-10-30,8:00p,,Portland Trail Blazers,W,,106,97,1,0,W 1
2008,SAS,2007-10-31,8:00p,@,Memphis Grizzlies,W,,104,101,2,0,W 2
2008,SAS,2007-11-02,8:30p,,Sacramento Kings,W,,96,80,3,0,W 3
2008,SAS,2007-11-06,8:30p,@,Houston Rockets,L,,81,89,3,1,L 1
2008,SAS,2007-11-07,8:00p,,Miami Heat,W,,88,78,4,1,W 1
2008,SAS,2007-11-09,8:00p,@,New Orleans Hornets,W,,97,85,5,1,W 2
2008,SAS,2007-11-11,8:00p,,Milwaukee Bucks,W,,113,88,6,1,W 3
2008,SAS,2007-11-13,8:30p,,Los Angeles Lakers,W,,107,92,7,1,W 4
2008,SAS,2007-11-15,8:00p,@,Dallas Mavericks,L,,92,105,7,2,L 1
2008,SAS,2007-11-16,8:00p,,Houston Rockets,W,,90,84,8,2,W 1
2008,SAS,2007-11-20,7:00p,@,Atlanta Hawks,W,,95,83,9,2,W 2
2008,SAS,2007-11-21,8:30p,,Orlando Magic,W,,128,110,10,2,W 3
2008,SAS,2007-11-23,8:30p,,Memphis Grizzlies,W,,101,88,11,2,W 4
2008,SAS,2007-11-25,9:00p,@,Seattle SuperSonics,W,,116,101,12,2,W 5
2008,SAS,2007-11-26,10:00p,@,Sacramento Kings,L,,99,112,12,3,L 1
2008,SAS,2007-11-28,8:30p,,Washington Wizards,W,,109,94,13,3,W 1
2008,SAS,2007-11-30,8:00p,@,Minnesota Timberwolves,W,,106,91,14,3,W 2
2008,SAS,2007-12-02,3:30p,,Portland Trail Blazers,W,,100,79,15,3,W 3
2008,SAS,2007-12-05,8:30p,,Dallas Mavericks,W,,97,95,16,3,W 4
2008,SAS,2007-12-07,9:30p,,Utah Jazz,W,,104,98,17,3,W 5
2008,SAS,2007-12-11,10:30p,@,Golden State Warriors,L,,84,96,17,4,L 1
2008,SAS,2007-12-13,10:30p,@,Los Angeles Lakers,L,,97,102,17,5,L 2
2008,SAS,2007-12-15,8:30p,,Denver Nuggets,W,,102,91,18,5,W 1
2008,SAS,2007-12-17,8:30p,,Phoenix Suns,L,,95,100,18,6,L 1
2008,SAS,2007-12-19,8:00p,@,Memphis Grizzlies,L,,85,88,18,7,L 2
2008,SAS,2007-12-22,8:30p,,Los Angeles Clippers,W,,99,90,19,7,W 1
2008,SAS,2007-12-26,8:30p,,Chicago Bulls,W,,94,79,20,7,W 2
2008,SAS,2007-12-28,8:30p,,Toronto Raptors,L,,73,83,20,8,L 1
2008,SAS,2007-12-30,8:30p,,Memphis Grizzlies,W,,111,87,21,8,W 1
2008,SAS,2008-01-03,9:00p,@,Denver Nuggets,L,,77,80,21,9,L 1
2008,SAS,2008-01-04,8:30p,,New York Knicks,W,,97,93,22,9,W 1
2008,SAS,2008-01-06,3:30p,@,Los Angeles Clippers,W,,88,82,23,9,W 2
2008,SAS,2008-01-07,10:30p,@,Golden State Warriors,L,OT,121,130,23,10,L 1
2008,SAS,2008-01-10,8:00p,,Detroit Pistons,L,,80,90,23,11,L 2
2008,SAS,2008-01-12,8:30p,,Minnesota Timberwolves,W,,105,88,24,11,W 1
2008,SAS,2008-01-14,8:30p,,Philadelphia 76ers,W,,89,82,25,11,W 2
2008,SAS,2008-01-17,8:00p,,Cleveland Cavaliers,L,,88,90,25,12,L 1
2008,SAS,2008-01-19,8:30p,@,Houston Rockets,L,,81,83,25,13,L 2
2008,SAS,2008-01-21,1:00p,@,Charlotte Bobcats,W,,95,86,26,13,W 1
2008,SAS,2008-01-23,9:00p,,Los Angeles Lakers,W,,103,91,27,13,W 2
2008,SAS,2008-01-24,8:00p,@,Miami Heat,W,,90,89,28,13,W 3
2008,SAS,2008-01-26,8:30p,,New Orleans Hornets,L,,78,102,28,14,L 1
2008,SAS,2008-01-28,9:00p,@,Utah Jazz,L,,91,97,28,15,L 2
2008,SAS,2008-01-29,10:00p,@,Seattle SuperSonics,L,,85,88,28,16,L 3
2008,SAS,2008-01-31,10:30p,@,Phoenix Suns,W,,84,81,29,16,W 1
2008,SAS,2008-02-05,7:00p,@,Indiana Pacers,W,,116,89,30,16,W 2
2008,SAS,2008-02-06,7:00p,@,Washington Wizards,W,,85,77,31,16,W 3
2008,SAS,2008-02-08,7:30p,@,New York Knicks,W,OT,99,93,32,16,W 4
2008,SAS,2008-02-10,1:00p,@,Boston Celtics,L,,90,98,32,17,L 1
2008,SAS,2008-02-11,7:00p,@,Toronto Raptors,W,,93,88,33,17,W 1
2008,SAS,2008-02-13,7:00p,@,Cleveland Cavaliers,W,,112,105,34,17,W 2
2008,SAS,2008-02-19,8:30p,,Charlotte Bobcats,W,,85,65,35,17,W 3
2008,SAS,2008-02-21,8:00p,@,Minnesota Timberwolves,W,,100,99,36,17,W 4
2008,SAS,2008-02-23,8:30p,,New Orleans Hornets,W,,98,89,37,17,W 5
2008,SAS,2008-02-25,8:30p,,Atlanta Hawks,W,,89,74,38,17,W 6
2008,SAS,2008-02-28,8:00p,,Dallas Mavericks,W,,97,94,39,17,W 7
2008,SAS,2008-03-01,8:30p,@,Milwaukee Bucks,W,,96,94,40,17,W 8
2008,SAS,2008-03-02,6:00p,@,New Jersey Nets,W,,93,83,41,17,W 9
2008,SAS,2008-03-04,8:30p,,New Jersey Nets,W,,81,70,42,17,W 10
2008,SAS,2008-03-06,8:00p,,Indiana Pacers,W,,108,97,43,17,W 11
2008,SAS,2008-03-07,10:30p,@,Denver Nuggets,L,,96,109,43,18,L 1
2008,SAS,2008-03-09,3:30p,@,Phoenix Suns,L,,87,94,43,19,L 2
2008,SAS,2008-03-10,8:30p,,Denver Nuggets,W,,107,103,44,19,W 1
2008,SAS,2008-03-12,8:00p,@,New Orleans Hornets,L,,75,100,44,20,L 1
2008,SAS,2008-03-14,8:00p,@,Detroit Pistons,L,,80,84,44,21,L 2
2008,SAS,2008-03-15,7:00p,@,Philadelphia 76ers,L,,96,103,44,22,L 3
2008,SAS,2008-03-17,8:30p,,Boston Celtics,L,,91,93,44,23,L 4
2008,SAS,2008-03-20,8:00p,@,Chicago Bulls,W,,102,80,45,23,W 1
2008,SAS,2008-03-21,8:30p,,Sacramento Kings,W,,102,89,46,23,W 2
2008,SAS,2008-03-23,1:00p,@,Dallas Mavericks,W,,88,81,47,23,W 3
2008,SAS,2008-03-25,7:00p,@,Orlando Magic,W,,107,97,48,23,W 4
2008,SAS,2008-03-26,8:30p,,Los Angeles Clippers,W,,97,88,49,23,W 5
2008,SAS,2008-03-28,8:30p,,Minnesota Timberwolves,W,,99,84,50,23,W 6
2008,SAS,2008-03-30,1:00p,,Houston Rockets,W,,109,88,51,23,W 7
2008,SAS,2008-04-01,8:30p,,Golden State Warriors,W,,116,92,52,23,W 8
2008,SAS,2008-04-04,8:00p,@,Utah Jazz,L,,64,90,52,24,L 1
2008,SAS,2008-04-06,6:00p,@,Portland Trail Blazers,W,,72,65,53,24,W 1
2008,SAS,2008-04-09,9:30p,,Phoenix Suns,L,,79,96,53,25,L 1
2008,SAS,2008-04-11,8:30p,,Seattle SuperSonics,W,,95,74,54,25,W 1
2008,SAS,2008-04-13,3:30p,@,Los Angeles Lakers,L,,85,106,54,26,L 1
2008,SAS,2008-04-14,10:00p,@,Sacramento Kings,W,,101,98,55,26,W 1
2008,SAS,2008-04-16,9:30p,,Utah Jazz,W,,109,80,56,26,W 2
2008,SAS,2008-04-19,3:00p,,Phoenix Suns,W,2OT,117,115,1,0,W 1
2008,SAS,2008-04-22,9:30p,,Phoenix Suns,W,,102,96,2,0,W 2
2008,SAS,2008-04-25,10:30p,@,Phoenix Suns,W,,115,99,3,0,W 3
2008,SAS,2008-04-27,3:30p,@,Phoenix Suns,L,,86,105,3,1,L 1
2008,SAS,2008-04-29,9:30p,,Phoenix Suns,W,,92,87,4,1,W 1
2008,SAS,2008-05-03,10:00p,@,New Orleans Hornets,L,,82,101,4,2,L 1
2008,SAS,2008-05-05,9:30p,@,New Orleans Hornets,L,,84,102,4,3,L 2
2008,SAS,2008-05-08,9:30p,,New Orleans Hornets,W,,110,99,5,3,W 1
2008,SAS,2008-05-11,8:00p,,New Orleans Hornets,W,,100,80,6,3,W 2
2008,SAS,2008-05-13,9:30p,@,New Orleans Hornets,L,,79,101,6,4,L 1
2008,SAS,2008-05-15,9:00p,,New Orleans Hornets,W,,99,80,7,4,W 1
2008,SAS,2008-05-19,8:30p,@,New Orleans Hornets,W,,91,82,8,4,W 2
2008,SAS,2008-05-21,9:00p,@,Los Angeles Lakers,L,,85,89,8,5,L 1
2008,SAS,2008-05-23,9:00p,@,Los Angeles Lakers,L,,71,101,8,6,L 2
2008,SAS,2008-05-25,8:30p,,Los Angeles Lakers,W,,103,84,9,6,W 1
2008,SAS,2008-05-27,9:00p,,Los Angeles Lakers,L,,91,93,9,7,L 1
2008,SAS,2008-05-29,9:00p,@,Los Angeles Lakers,L,,92,100,9,8,L 2
2008,SEA,2007-10-31,10:30p,@,Denver Nuggets,L,,103,120,0,1,L 1
2008,SEA,2007-11-01,10:30p,,Phoenix Suns,L,,99,106,0,2,L 2
2008,SEA,2007-11-04,3:30p,@,Los Angeles Clippers,L,,101,115,0,3,L 3
2008,SEA,2007-11-06,10:00p,@,Sacramento Kings,L,,98,104,0,4,L 4
2008,SEA,2007-11-07,10:00p,,Memphis Grizzlies,L,,98,105,0,5,L 5
2008,SEA,2007-11-09,10:30p,,Utah Jazz,L,,101,103,0,6,L 6
2008,SEA,2007-11-11,9:00p,,Detroit Pistons,L,,103,107,0,7,L 7
2008,SEA,2007-11-13,7:00p,@,Orlando Magic,L,,76,103,0,8,L 8
2008,SEA,2007-11-14,7:30p,@,Miami Heat,W,,104,95,1,8,W 1
2008,SEA,2007-11-16,7:30p,@,Atlanta Hawks,W,2OT,126,123,2,8,W 2
2008,SEA,2007-11-17,7:00p,@,Charlotte Bobcats,L,,84,100,2,9,L 1
2008,SEA,2007-11-19,8:00p,@,Memphis Grizzlies,L,,108,125,2,10,L 2
2008,SEA,2007-11-23,10:30p,,New Jersey Nets,L,,93,98,2,11,L 3
2008,SEA,2007-11-25,9:00p,,San Antonio Spurs,L,,101,116,2,12,L 4
2008,SEA,2007-11-27,10:30p,@,Los Angeles Lakers,L,,99,106,2,13,L 5
2008,SEA,2007-11-28,10:00p,,Orlando Magic,L,,94,110,2,14,L 6
2008,SEA,2007-11-30,10:30p,,Indiana Pacers,W,,95,93,3,14,W 1
2008,SEA,2007-12-02,9:00p,,Golden State Warriors,L,,96,109,3,15,L 1
2008,SEA,2007-12-05,10:30p,,Los Angeles Clippers,W,,95,88,4,15,W 1
2008,SEA,2007-12-07,10:30p,,Milwaukee Bucks,W,,104,98,5,15,W 2
2008,SEA,2007-12-09,7:00p,@,New Orleans Hornets,L,,88,91,5,16,L 1
2008,SEA,2007-12-11,8:30p,@,Chicago Bulls,L,,96,123,5,17,L 2
2008,SEA,2007-12-12,7:30p,@,New York Knicks,W,,117,110,6,17,W 1
2008,SEA,2007-12-14,8:00p,@,Minnesota Timberwolves,W,,99,88,7,17,W 2
2008,SEA,2007-12-15,9:00p,@,Utah Jazz,L,,75,96,7,18,L 1
2008,SEA,2007-12-19,10:00p,,New Orleans Hornets,L,,93,107,7,19,L 2
2008,SEA,2007-12-21,10:30p,,Toronto Raptors,W,,123,115,8,19,W 1
2008,SEA,2007-12-25,8:00p,@,Portland Trail Blazers,L,,79,89,8,20,L 1
2008,SEA,2007-12-27,10:30p,,Boston Celtics,L,,96,104,8,21,L 2
2008,SEA,2007-12-29,10:00p,,Minnesota Timberwolves,W,,109,90,9,21,W 1
2008,SEA,2007-12-31,10:00p,,Philadelphia 76ers,L,,90,98,9,22,L 1
2008,SEA,2008-01-03,10:30p,@,Phoenix Suns,L,,96,104,9,23,L 2
2008,SEA,2008-01-06,1:00p,@,Washington Wizards,L,,86,108,9,24,L 3
2008,SEA,2008-01-08,7:00p,@,Cleveland Cavaliers,L,,79,95,9,25,L 4
2008,SEA,2008-01-09,7:30p,@,New Jersey Nets,L,,88,99,9,26,L 5
2008,SEA,2008-01-11,10:30p,,Dallas Mavericks,L,,70,90,9,27,L 6
2008,SEA,2008-01-14,10:00p,,Los Angeles Lakers,L,OT,121,123,9,28,L 7
2008,SEA,2008-01-16,8:00p,@,New Orleans Hornets,L,,92,123,9,29,L 8
2008,SEA,2008-01-18,8:00p,@,Memphis Grizzlies,L,,100,124,9,30,L 9
2008,SEA,2008-01-19,9:00p,@,Dallas Mavericks,L,,96,111,9,31,L 10
2008,SEA,2008-01-21,2:30p,@,Houston Rockets,L,,89,96,9,32,L 11
2008,SEA,2008-01-23,10:00p,,Houston Rockets,L,,107,109,9,33,L 12
2008,SEA,2008-01-25,10:30p,,Atlanta Hawks,L,,90,99,9,34,L 13
2008,SEA,2008-01-27,9:00p,,Sacramento Kings,L,,101,103,9,35,L 14
2008,SEA,2008-01-29,10:00p,,San Antonio Spurs,W,,88,85,10,35,W 1
2008,SEA,2008-01-31,10:00p,,Cleveland Cavaliers,W,,101,95,11,35,W 2
2008,SEA,2008-02-02,10:00p,,New York Knicks,W,,86,85,12,35,W 3
2008,SEA,2008-02-04,10:00p,,Chicago Bulls,L,,108,118,12,36,L 1
2008,SEA,2008-02-06,10:00p,@,Sacramento Kings,W,,105,92,13,36,W 1
2008,SEA,2008-02-08,9:00p,@,Phoenix Suns,L,,99,103,13,37,L 1
2008,SEA,2008-02-13,10:00p,,Utah Jazz,L,,93,112,13,38,L 2
2008,SEA,2008-02-19,10:00p,,Memphis Grizzlies,W,,108,101,14,38,W 1
2008,SEA,2008-02-21,10:30p,@,Portland Trail Blazers,L,,88,92,14,39,L 1
2008,SEA,2008-02-22,10:30p,,Portland Trail Blazers,W,,99,87,15,39,W 1
2008,SEA,2008-02-24,9:00p,,Los Angeles Lakers,L,,91,111,15,40,L 1
2008,SEA,2008-02-26,10:30p,@,Golden State Warriors,L,,99,105,15,41,L 2
2008,SEA,2008-02-27,10:00p,,Denver Nuggets,L,,96,138,15,42,L 3
2008,SEA,2008-02-29,10:30p,,Miami Heat,L,,93,103,15,43,L 4
2008,SEA,2008-03-02,6:30p,@,Minnesota Timberwolves,W,OT,111,108,16,43,W 1
2008,SEA,2008-03-04,7:30p,@,Detroit Pistons,L,,97,100,16,44,L 1
2008,SEA,2008-03-05,8:00p,@,Milwaukee Bucks,L,,106,118,16,45,L 2
2008,SEA,2008-03-07,7:00p,@,Philadelphia 76ers,L,,83,117,16,46,L 3
2008,SEA,2008-03-09,1:00p,@,Toronto Raptors,L,,106,114,16,47,L 4
2008,SEA,2008-03-11,7:00p,@,Indiana Pacers,L,,107,114,16,48,L 5
2008,SEA,2008-03-12,7:30p,@,Boston Celtics,L,,82,111,16,49,L 6
2008,SEA,2008-03-14,10:30p,,Minnesota Timberwolves,L,,116,121,16,50,L 7
2008,SEA,2008-03-16,9:00p,@,Denver Nuggets,L,,116,168,16,51,L 8
2008,SEA,2008-03-19,10:00p,,Phoenix Suns,L,,98,110,16,52,L 9
2008,SEA,2008-03-21,10:30p,@,Los Angeles Lakers,L,,105,130,16,53,L 10
2008,SEA,2008-03-22,9:00p,@,Utah Jazz,L,,101,115,16,54,L 11
2008,SEA,2008-03-24,10:00p,,Portland Trail Blazers,W,,97,84,17,54,W 1
2008,SEA,2008-03-26,10:00p,,Washington Wizards,L,,99,104,17,55,L 1
2008,SEA,2008-03-28,10:30p,,Charlotte Bobcats,L,,93,96,17,56,L 2
2008,SEA,2008-03-30,9:00p,,Sacramento Kings,L,,107,120,17,57,L 3
2008,SEA,2008-04-02,10:00p,,Los Angeles Clippers,L,,84,102,17,58,L 4
2008,SEA,2008-04-04,10:30p,,Houston Rockets,L,,66,79,17,59,L 5
2008,SEA,2008-04-06,9:00p,,Denver Nuggets,W,2OT,151,147,18,59,W 1
2008,SEA,2008-04-08,8:30p,@,Dallas Mavericks,L,,83,99,18,60,L 1
2008,SEA,2008-04-09,8:30p,@,Houston Rockets,L,,80,103,18,61,L 2
2008,SEA,2008-04-11,8:30p,@,San Antonio Spurs,L,,74,95,18,62,L 3
2008,SEA,2008-04-13,9:00p,,Dallas Mavericks,W,,99,95,19,62,W 1
2008,SEA,2008-04-16,10:30p,@,Golden State Warriors,W,,126,121,20,62,W 2
2008,TOR,2007-10-31,7:00p,,Philadelphia 76ers,W,,106,97,1,0,W 1
2008,TOR,2007-11-02,7:30p,@,New Jersey Nets,W,,106,69,2,0,W 2
2008,TOR,2007-11-04,2:30p,,Boston Celtics,L,OT,95,98,2,1,L 1
2008,TOR,2007-11-06,8:00p,@,Milwaukee Bucks,L,,85,112,2,2,L 2
2008,TOR,2007-11-07,7:00p,,Orlando Magic,L,,96,105,2,3,L 3
2008,TOR,2007-11-09,7:00p,@,Philadelphia 76ers,W,,105,103,3,3,W 1
2008,TOR,2007-11-10,8:30p,@,Chicago Bulls,W,,101,71,4,3,W 2
2008,TOR,2007-11-14,7:00p,,Utah Jazz,L,,88,92,4,4,L 1
2008,TOR,2007-11-16,7:00p,,Indiana Pacers,W,,110,101,5,4,W 1
2008,TOR,2007-11-18,1:00p,,Golden State Warriors,L,,100,106,5,5,L 1
2008,TOR,2007-11-20,8:30p,@,Dallas Mavericks,L,,99,105,5,6,L 2
2008,TOR,2007-11-21,8:00p,@,Memphis Grizzlies,W,,95,89,6,6,W 1
2008,TOR,2007-11-24,1:00p,@,Cleveland Cavaliers,L,,108,111,6,7,L 1
2008,TOR,2007-11-25,12:00p,,Chicago Bulls,W,,93,78,7,7,W 1
2008,TOR,2007-11-28,7:00p,,Memphis Grizzlies,W,,103,91,8,7,W 2
2008,TOR,2007-11-30,7:00p,,Cleveland Cavaliers,W,,91,82,9,7,W 3
2008,TOR,2007-12-01,7:00p,@,Washington Wizards,L,,97,101,9,8,L 1
2008,TOR,2007-12-03,7:00p,,Charlotte Bobcats,W,,98,79,10,8,W 1
2008,TOR,2007-12-05,7:00p,,Phoenix Suns,L,,123,136,10,9,L 1
2008,TOR,2007-12-07,7:30p,@,Boston Celtics,L,,84,112,10,10,L 2
2008,TOR,2007-12-09,12:30p,,Houston Rockets,W,,93,80,11,10,W 1
2008,TOR,2007-12-11,7:00p,@,Atlanta Hawks,W,,100,88,12,10,W 2
2008,TOR,2007-12-12,7:00p,,Dallas Mavericks,W,,92,76,13,10,W 3
2008,TOR,2007-12-14,7:00p,@,Indiana Pacers,W,,104,93,14,10,W 4
2008,TOR,2007-12-16,1:00p,,Boston Celtics,L,,77,90,14,11,L 1
2008,TOR,2007-12-18,10:30p,@,Los Angeles Clippers,W,,80,77,15,11,W 1
2008,TOR,2007-12-19,10:00p,@,Portland Trail Blazers,L,,96,101,15,12,L 1
2008,TOR,2007-12-21,10:30p,@,Seattle SuperSonics,L,,115,123,15,13,L 2
2008,TOR,2007-12-22,9:00p,@,Phoenix Suns,L,,103,122,15,14,L 3
2008,TOR,2007-12-28,8:30p,@,San Antonio Spurs,W,,83,73,16,14,W 1
2008,TOR,2007-12-29,8:30p,@,Houston Rockets,L,,79,91,16,15,L 1
2008,TOR,2007-12-31,8:00p,@,New Orleans Hornets,W,,97,92,17,15,W 1
2008,TOR,2008-01-04,7:00p,,Detroit Pistons,L,,85,101,17,16,L 1
2008,TOR,2008-01-06,1:00p,,Cleveland Cavaliers,L,,90,93,17,17,L 2
2008,TOR,2008-01-09,7:00p,,Philadelphia 76ers,W,,109,96,18,17,W 1
2008,TOR,2008-01-11,7:30p,@,New York Knicks,W,,99,90,19,17,W 2
2008,TOR,2008-01-13,12:30p,,Portland Trail Blazers,W,2OT,116,109,20,17,W 3
2008,TOR,2008-01-15,7:30p,@,Detroit Pistons,L,,89,103,20,18,L 1
2008,TOR,2008-01-16,7:00p,,Sacramento Kings,W,,116,91,21,18,W 1
2008,TOR,2008-01-18,7:00p,,Atlanta Hawks,W,,89,78,22,18,W 2
2008,TOR,2008-01-19,7:00p,@,Philadelphia 76ers,L,,95,99,22,19,L 1
2008,TOR,2008-01-23,7:30p,@,Boston Celtics,W,,114,112,23,19,W 1
2008,TOR,2008-01-25,7:00p,,Milwaukee Bucks,W,,106,75,24,19,W 2
2008,TOR,2008-01-29,7:00p,@,Washington Wizards,L,OT,104,108,24,20,L 1
2008,TOR,2008-01-30,7:00p,,Washington Wizards,W,,122,83,25,20,W 1
2008,TOR,2008-02-01,7:00p,,Los Angeles Lakers,L,,101,121,25,21,L 1
2008,TOR,2008-02-04,7:30p,@,Miami Heat,W,,114,82,26,21,W 1
2008,TOR,2008-02-08,7:00p,,Los Angeles Clippers,L,,98,102,26,22,L 1
2008,TOR,2008-02-10,6:30p,@,Minnesota Timberwolves,W,,105,82,27,22,W 1
2008,TOR,2008-02-11,7:00p,,San Antonio Spurs,L,,88,93,27,23,L 1
2008,TOR,2008-02-13,7:00p,,New Jersey Nets,W,,109,91,28,23,W 1
2008,TOR,2008-02-20,7:00p,,Orlando Magic,W,,127,110,29,23,W 2
2008,TOR,2008-02-22,7:30p,@,New York Knicks,L,,99,103,29,24,L 1
2008,TOR,2008-02-24,6:00p,,New York Knicks,W,,115,92,30,24,W 1
2008,TOR,2008-02-25,7:00p,@,Indiana Pacers,W,,102,98,31,24,W 2
2008,TOR,2008-02-27,7:00p,,Minnesota Timberwolves,W,,107,85,32,24,W 3
2008,TOR,2008-02-29,7:00p,,Indiana Pacers,L,,111,122,32,25,L 1
2008,TOR,2008-03-02,6:00p,@,Charlotte Bobcats,L,,98,110,32,26,L 2
2008,TOR,2008-03-04,7:00p,@,Orlando Magic,L,,87,102,32,27,L 3
2008,TOR,2008-03-05,7:30p,@,Miami Heat,W,,108,83,33,27,W 1
2008,TOR,2008-03-07,7:00p,,Washington Wizards,L,OT,106,110,33,28,L 1
2008,TOR,2008-03-09,1:00p,,Seattle SuperSonics,W,,114,106,34,28,W 1
2008,TOR,2008-03-11,10:30p,@,Los Angeles Lakers,L,,108,117,34,29,L 1
2008,TOR,2008-03-12,10:30p,@,Golden State Warriors,L,,106,117,34,30,L 2
2008,TOR,2008-03-14,9:00p,@,Denver Nuggets,L,,105,137,34,31,L 3
2008,TOR,2008-03-16,9:00p,@,Sacramento Kings,L,,100,106,34,32,L 4
2008,TOR,2008-03-17,9:00p,@,Utah Jazz,L,,79,96,34,33,L 5
2008,TOR,2008-03-19,7:00p,,Miami Heat,W,,96,54,35,33,W 1
2008,TOR,2008-03-21,7:30p,@,Cleveland Cavaliers,L,,83,90,35,34,L 1
2008,TOR,2008-03-23,3:30p,,Denver Nuggets,L,,100,109,35,35,L 2
2008,TOR,2008-03-26,7:00p,,Detroit Pistons,W,,89,82,36,35,W 1
2008,TOR,2008-03-28,7:00p,,New York Knicks,W,,103,95,37,35,W 2
2008,TOR,2008-03-30,6:00p,,New Orleans Hornets,L,,111,118,37,36,L 1
2008,TOR,2008-03-31,7:00p,@,Charlotte Bobcats,W,,104,100,38,36,W 1
2008,TOR,2008-04-02,7:00p,@,Atlanta Hawks,L,OT,120,127,38,37,L 1
2008,TOR,2008-04-04,7:00p,,Charlotte Bobcats,L,,100,105,38,38,L 2
2008,TOR,2008-04-05,7:30p,@,New Jersey Nets,L,,90,99,38,39,L 3
2008,TOR,2008-04-09,7:00p,,Milwaukee Bucks,W,,111,93,39,39,W 1
2008,TOR,2008-04-11,7:00p,,New Jersey Nets,W,,113,85,40,39,W 2
2008,TOR,2008-04-13,1:00p,@,Detroit Pistons,L,,84,91,40,40,L 1
2008,TOR,2008-04-14,7:00p,,Miami Heat,W,,91,75,41,40,W 1
2008,TOR,2008-04-16,8:30p,@,Chicago Bulls,L,,97,107,41,41,L 1
2008,TOR,2008-04-20,12:30p,@,Orlando Magic,L,,100,114,0,1,L 1
2008,TOR,2008-04-22,7:30p,@,Orlando Magic,L,,103,104,0,2,L 2
2008,TOR,2008-04-24,7:30p,,Orlando Magic,W,,108,94,1,2,W 1
2008,TOR,2008-04-26,3:00p,,Orlando Magic,L,,94,106,1,3,L 1
2008,TOR,2008-04-28,7:30p,@,Orlando Magic,L,,92,102,1,4,L 2
2008,UTA,2007-10-30,10:30p,@,Golden State Warriors,W,,117,96,1,0,W 1
2008,UTA,2007-11-01,9:00p,,Houston Rockets,L,,95,106,1,1,L 1
2008,UTA,2007-11-03,9:00p,,Golden State Warriors,W,,133,110,2,1,W 1
2008,UTA,2007-11-04,9:30p,@,Los Angeles Lakers,L,,109,119,2,2,L 1
2008,UTA,2007-11-07,10:30p,,Cleveland Cavaliers,W,,103,101,3,2,W 1
2008,UTA,2007-11-09,10:30p,@,Seattle SuperSonics,W,,103,101,4,2,W 2
2008,UTA,2007-11-10,9:00p,,Memphis Grizzlies,W,,118,94,5,2,W 3
2008,UTA,2007-11-12,9:00p,,Sacramento Kings,W,,117,93,6,2,W 4
2008,UTA,2007-11-14,7:00p,@,Toronto Raptors,W,,92,88,7,2,W 5
2008,UTA,2007-11-16,7:30p,@,Cleveland Cavaliers,L,,94,99,7,3,L 1
2008,UTA,2007-11-17,7:00p,@,Indiana Pacers,L,,97,117,7,4,L 2
2008,UTA,2007-11-19,9:00p,,New Jersey Nets,W,,102,75,8,4,W 1
2008,UTA,2007-11-23,9:00p,,New Orleans Hornets,W,,99,71,9,4,W 2
2008,UTA,2007-11-25,1:00p,@,Detroit Pistons,W,,103,93,10,4,W 3
2008,UTA,2007-11-26,7:30p,@,New York Knicks,L,,109,113,10,5,L 1
2008,UTA,2007-11-28,7:00p,@,Philadelphia 76ers,W,,106,95,11,5,W 1
2008,UTA,2007-11-30,10:30p,,Los Angeles Lakers,W,,120,96,12,5,W 2
2008,UTA,2007-12-03,9:00p,,Miami Heat,W,,110,101,13,5,W 3
2008,UTA,2007-12-04,10:00p,@,Sacramento Kings,L,,107,117,13,6,L 1
2008,UTA,2007-12-07,9:30p,@,San Antonio Spurs,L,,98,104,13,7,L 2
2008,UTA,2007-12-08,8:30p,@,Dallas Mavericks,L,,117,125,13,8,L 3
2008,UTA,2007-12-11,9:00p,,Portland Trail Blazers,L,,89,97,13,9,L 4
2008,UTA,2007-12-12,10:30p,@,Phoenix Suns,L,,98,103,13,10,L 5
2008,UTA,2007-12-14,10:00p,@,Portland Trail Blazers,L,,91,99,13,11,L 6
2008,UTA,2007-12-15,9:00p,,Seattle SuperSonics,W,,96,75,14,11,W 1
2008,UTA,2007-12-17,7:00p,@,Atlanta Hawks,L,,111,116,14,12,L 1
2008,UTA,2007-12-19,7:00p,@,Charlotte Bobcats,L,,92,98,14,13,L 2
2008,UTA,2007-12-21,7:00p,@,Orlando Magic,W,,113,94,15,13,W 1
2008,UTA,2007-12-22,7:30p,@,Miami Heat,L,,102,104,15,14,L 1
2008,UTA,2007-12-26,9:00p,,Dallas Mavericks,W,,99,90,16,14,W 1
2008,UTA,2007-12-28,10:30p,@,Los Angeles Lakers,L,,109,123,16,15,L 1
2008,UTA,2007-12-29,9:00p,,Boston Celtics,L,,98,104,16,16,L 2
2008,UTA,2007-12-31,8:00p,,Portland Trail Blazers,W,,111,101,17,16,W 1
2008,UTA,2008-01-02,9:00p,,Philadelphia 76ers,W,,110,107,18,16,W 2
2008,UTA,2008-01-05,10:00p,@,Portland Trail Blazers,L,,89,103,18,17,L 1
2008,UTA,2008-01-08,9:00p,,Indiana Pacers,W,,111,89,19,17,W 1
2008,UTA,2008-01-10,10:30p,,Phoenix Suns,W,,108,86,20,17,W 2
2008,UTA,2008-01-12,9:00p,,Orlando Magic,W,,119,115,21,17,W 3
2008,UTA,2008-01-14,9:00p,,Milwaukee Bucks,W,,98,87,22,17,W 4
2008,UTA,2008-01-17,9:00p,@,Denver Nuggets,L,,109,120,22,18,L 1
2008,UTA,2008-01-18,9:00p,,Los Angeles Clippers,W,,106,88,23,18,W 1
2008,UTA,2008-01-21,3:30p,@,Los Angeles Clippers,W,,109,93,24,18,W 2
2008,UTA,2008-01-25,9:00p,,Sacramento Kings,W,,127,113,25,18,W 3
2008,UTA,2008-01-27,7:00p,@,Houston Rockets,W,,97,89,26,18,W 4
2008,UTA,2008-01-28,9:00p,,San Antonio Spurs,W,,97,91,27,18,W 5
2008,UTA,2008-01-30,9:00p,,New York Knicks,W,,100,89,28,18,W 6
2008,UTA,2008-02-01,8:00p,@,Washington Wizards,W,,96,87,29,18,W 7
2008,UTA,2008-02-02,8:00p,@,Memphis Grizzlies,W,,110,91,30,18,W 8
2008,UTA,2008-02-04,9:00p,,New Orleans Hornets,W,,110,88,31,18,W 9
2008,UTA,2008-02-06,9:00p,@,Denver Nuggets,W,OT,118,115,32,18,W 10
2008,UTA,2008-02-08,10:00p,@,Sacramento Kings,L,,104,117,32,19,L 1
2008,UTA,2008-02-09,9:00p,,Chicago Bulls,W,,97,87,33,19,W 1
2008,UTA,2008-02-13,10:00p,@,Seattle SuperSonics,W,,112,93,34,19,W 2
2008,UTA,2008-02-19,9:00p,,Golden State Warriors,W,,119,109,35,19,W 3
2008,UTA,2008-02-22,10:30p,@,Los Angeles Clippers,L,,104,114,35,20,L 1
2008,UTA,2008-02-23,9:00p,,Atlanta Hawks,W,,100,94,36,20,W 1
2008,UTA,2008-02-26,8:00p,@,Minnesota Timberwolves,L,,100,111,36,21,L 1
2008,UTA,2008-02-27,9:00p,,Detroit Pistons,W,,103,95,37,21,W 1
2008,UTA,2008-02-29,8:00p,@,New Orleans Hornets,L,,98,110,37,22,L 1
2008,UTA,2008-03-01,8:00p,@,Memphis Grizzlies,W,,113,92,38,22,W 1
2008,UTA,2008-03-03,9:00p,,Dallas Mavericks,W,,116,110,39,22,W 2
2008,UTA,2008-03-05,9:00p,,Minnesota Timberwolves,W,,105,76,40,22,W 3
2008,UTA,2008-03-07,9:00p,@,Phoenix Suns,W,,126,118,41,22,W 4
2008,UTA,2008-03-08,9:00p,,Denver Nuggets,W,,132,105,42,22,W 5
2008,UTA,2008-03-11,8:30p,@,Chicago Bulls,L,,96,108,42,23,L 1
2008,UTA,2008-03-12,8:00p,@,Milwaukee Bucks,W,,114,110,43,23,W 1
2008,UTA,2008-03-14,7:30p,@,Boston Celtics,W,,110,92,44,23,W 2
2008,UTA,2008-03-15,7:30p,@,New Jersey Nets,L,,115,117,44,24,L 1
2008,UTA,2008-03-17,9:00p,,Toronto Raptors,W,,96,79,45,24,W 1
2008,UTA,2008-03-20,10:30p,,Los Angeles Lakers,L,,95,106,45,25,L 1
2008,UTA,2008-03-22,9:00p,,Seattle SuperSonics,W,,115,101,46,25,W 1
2008,UTA,2008-03-25,9:00p,,Charlotte Bobcats,W,,128,106,47,25,W 2
2008,UTA,2008-03-28,9:00p,,Los Angeles Clippers,W,,121,101,48,25,W 3
2008,UTA,2008-03-30,3:30p,@,Minnesota Timberwolves,L,,103,110,48,26,L 1
2008,UTA,2008-03-31,9:00p,,Washington Wizards,W,,129,87,49,26,W 1
2008,UTA,2008-04-02,9:00p,,Minnesota Timberwolves,W,,117,100,50,26,W 2
2008,UTA,2008-04-04,8:00p,,San Antonio Spurs,W,,90,64,51,26,W 3
2008,UTA,2008-04-08,8:00p,@,New Orleans Hornets,W,,77,66,52,26,W 4
2008,UTA,2008-04-10,8:30p,@,Dallas Mavericks,L,,94,97,52,27,L 1
2008,UTA,2008-04-12,9:00p,,Denver Nuggets,W,,124,97,53,27,W 1
2008,UTA,2008-04-14,9:00p,,Houston Rockets,W,,105,96,54,27,W 2
2008,UTA,2008-04-16,9:30p,@,San Antonio Spurs,L,,80,109,54,28,L 1
2008,UTA,2008-04-19,9:30p,@,Houston Rockets,W,,93,82,1,0,W 1
2008,UTA,2008-04-21,9:30p,@,Houston Rockets,W,,90,84,2,0,W 2
2008,UTA,2008-04-24,10:30p,,Houston Rockets,L,,92,94,2,1,L 1
2008,UTA,2008-04-26,10:30p,,Houston Rockets,W,,86,82,3,1,W 1
2008,UTA,2008-04-29,9:30p,@,Houston Rockets,L,,69,95,3,2,L 1
2008,UTA,2008-05-02,10:30p,,Houston Rockets,W,,113,91,4,2,W 1
2008,UTA,2008-05-04,3:30p,@,Los Angeles Lakers,L,,98,109,4,3,L 1
2008,UTA,2008-05-07,10:30p,@,Los Angeles Lakers,L,,110,120,4,4,L 2
2008,UTA,2008-05-09,9:00p,,Los Angeles Lakers,W,,104,99,5,4,W 1
2008,UTA,2008-05-11,3:30p,,Los Angeles Lakers,W,OT,123,115,6,4,W 2
2008,UTA,2008-05-14,10:30p,@,Los Angeles Lakers,L,,104,111,6,5,L 1
2008,UTA,2008-05-16,10:30p,,Los Angeles Lakers,L,,105,108,6,6,L 2
2008,WAS,2007-10-31,7:00p,@,Indiana Pacers,L,OT,110,119,0,1,L 1
2008,WAS,2007-11-02,8:00p,@,Boston Celtics,L,,83,103,0,2,L 2
2008,WAS,2007-11-03,7:00p,,Orlando Magic,L,,82,94,0,3,L 3
2008,WAS,2007-11-08,7:30p,@,New Jersey Nets,L,,85,87,0,4,L 4
2008,WAS,2007-11-09,8:00p,,Denver Nuggets,L,,92,118,0,5,L 5
2008,WAS,2007-11-11,2:00p,@,Atlanta Hawks,W,,101,90,1,5,W 1
2008,WAS,2007-11-14,7:00p,,Indiana Pacers,W,,103,90,2,5,W 2
2008,WAS,2007-11-16,8:00p,@,Minnesota Timberwolves,W,,105,89,3,5,W 3
2008,WAS,2007-11-17,7:00p,,Portland Trail Blazers,W,,109,90,4,5,W 4
2008,WAS,2007-11-20,7:00p,,Philadelphia 76ers,W,,116,101,5,5,W 5
2008,WAS,2007-11-21,7:00p,@,Charlotte Bobcats,W,OT,114,111,6,5,W 6
2008,WAS,2007-11-23,7:00p,,Golden State Warriors,L,,115,123,6,6,L 1
2008,WAS,2007-11-24,8:00p,@,Memphis Grizzlies,L,,118,124,6,7,L 2
2008,WAS,2007-11-26,8:30p,@,Dallas Mavericks,W,,110,98,7,7,W 1
2008,WAS,2007-11-28,8:30p,@,San Antonio Spurs,L,,94,109,7,8,L 1
2008,WAS,2007-11-30,7:00p,@,Philadelphia 76ers,L,,84,85,7,9,L 2
2008,WAS,2007-12-01,7:00p,,Toronto Raptors,W,,101,97,8,9,W 1
2008,WAS,2007-12-05,7:00p,,Cleveland Cavaliers,W,,105,86,9,9,W 2
2008,WAS,2007-12-07,7:00p,,Phoenix Suns,L,,107,122,9,10,L 1
2008,WAS,2007-12-09,7:00p,,New Jersey Nets,W,,104,89,10,10,W 1
2008,WAS,2007-12-11,7:00p,,Minnesota Timberwolves,W,,102,88,11,10,W 2
2008,WAS,2007-12-13,8:00p,@,Miami Heat,W,,104,91,12,10,W 3
2008,WAS,2007-12-15,7:00p,,Sacramento Kings,W,,92,79,13,10,W 4
2008,WAS,2007-12-19,7:00p,,Chicago Bulls,L,,84,95,13,11,L 1
2008,WAS,2007-12-21,7:00p,,Atlanta Hawks,L,,92,97,13,12,L 2
2008,WAS,2007-12-22,7:00p,@,Indiana Pacers,L,,85,93,13,13,L 3
2008,WAS,2007-12-26,7:00p,@,Charlotte Bobcats,W,,108,104,14,13,W 1
2008,WAS,2007-12-28,7:30p,@,New Jersey Nets,L,,106,109,14,14,L 1
2008,WAS,2007-12-29,7:00p,,Miami Heat,W,,96,74,15,14,W 1
2008,WAS,2008-01-02,7:00p,,Detroit Pistons,L,,93,106,15,15,L 1
2008,WAS,2008-01-04,8:30p,@,Milwaukee Bucks,W,,101,77,16,15,W 1
2008,WAS,2008-01-06,1:00p,,Seattle SuperSonics,W,,108,86,17,15,W 2
2008,WAS,2008-01-08,7:00p,,Houston Rockets,L,,84,92,17,16,L 1
2008,WAS,2008-01-11,7:30p,@,Atlanta Hawks,W,OT,102,98,18,16,W 1
2008,WAS,2008-01-12,7:30p,,Boston Celtics,W,,85,78,19,16,W 2
2008,WAS,2008-01-14,7:30p,@,Boston Celtics,W,,88,83,20,16,W 3
2008,WAS,2008-01-15,7:30p,@,New York Knicks,L,,93,105,20,17,L 1
2008,WAS,2008-01-18,7:00p,,New York Knicks,W,,111,98,21,17,W 1
2008,WAS,2008-01-21,1:00p,,Dallas Mavericks,W,,102,84,22,17,W 2
2008,WAS,2008-01-23,7:00p,@,Cleveland Cavaliers,L,,85,121,22,18,L 1
2008,WAS,2008-01-25,7:00p,,Memphis Grizzlies,W,,104,93,23,18,W 1
2008,WAS,2008-01-27,6:00p,@,Milwaukee Bucks,L,OT,102,105,23,19,L 1
2008,WAS,2008-01-29,7:00p,,Toronto Raptors,W,OT,108,104,24,19,W 1
2008,WAS,2008-01-30,7:00p,@,Toronto Raptors,L,,83,122,24,20,L 1
2008,WAS,2008-02-01,8:00p,,Utah Jazz,L,,87,96,24,21,L 2
2008,WAS,2008-02-03,12:00p,,Los Angeles Lakers,L,,91,103,24,22,L 3
2008,WAS,2008-02-05,7:00p,@,Philadelphia 76ers,L,,96,101,24,23,L 4
2008,WAS,2008-02-06,7:00p,,San Antonio Spurs,L,,77,85,24,24,L 5
2008,WAS,2008-02-08,10:30p,@,Denver Nuggets,L,,100,111,24,25,L 6
2008,WAS,2008-02-10,9:30p,@,Phoenix Suns,L,,107,108,24,26,L 7
2008,WAS,2008-02-11,10:30p,@,Golden State Warriors,L,,117,120,24,27,L 8
2008,WAS,2008-02-13,10:30p,@,Los Angeles Clippers,W,,91,89,25,27,W 1
2008,WAS,2008-02-19,7:00p,,New York Knicks,L,OT,100,113,25,28,L 1
2008,WAS,2008-02-22,8:00p,@,Cleveland Cavaliers,L,,89,90,25,29,L 2
2008,WAS,2008-02-23,7:00p,,Charlotte Bobcats,W,,110,95,26,29,W 1
2008,WAS,2008-02-25,8:00p,@,New Orleans Hornets,W,,95,92,27,29,W 2
2008,WAS,2008-02-26,8:30p,@,Houston Rockets,L,,69,94,27,30,L 1
2008,WAS,2008-02-29,8:00p,@,Chicago Bulls,W,,97,91,28,30,W 1
2008,WAS,2008-03-02,6:00p,,New Orleans Hornets,W,,101,84,29,30,W 2
2008,WAS,2008-03-05,7:00p,,Orlando Magic,L,,92,122,29,31,L 1
2008,WAS,2008-03-07,7:00p,@,Toronto Raptors,W,OT,110,106,30,31,W 1
2008,WAS,2008-03-08,7:00p,,Charlotte Bobcats,L,,97,100,30,32,L 1
2008,WAS,2008-03-11,7:00p,,Milwaukee Bucks,W,,105,97,31,32,W 1
2008,WAS,2008-03-13,8:00p,,Cleveland Cavaliers,W,,101,99,32,32,W 2
2008,WAS,2008-03-15,7:00p,,Los Angeles Clippers,W,OT,119,109,33,32,W 3
2008,WAS,2008-03-17,7:00p,,Atlanta Hawks,L,,96,105,33,33,L 1
2008,WAS,2008-03-19,7:00p,@,Orlando Magic,W,,87,86,34,33,W 1
2008,WAS,2008-03-21,7:30p,@,Miami Heat,W,,103,86,35,33,W 2
2008,WAS,2008-03-23,8:00p,,Detroit Pistons,W,,95,83,36,33,W 3
2008,WAS,2008-03-25,10:00p,@,Portland Trail Blazers,L,,82,102,36,34,L 1
2008,WAS,2008-03-26,10:00p,@,Seattle SuperSonics,W,,104,99,37,34,W 1
2008,WAS,2008-03-28,10:00p,@,Sacramento Kings,W,,114,108,38,34,W 2
2008,WAS,2008-03-30,9:30p,@,Los Angeles Lakers,L,OT,120,126,38,35,L 1
2008,WAS,2008-03-31,9:00p,@,Utah Jazz,L,,87,129,38,36,L 2
2008,WAS,2008-04-02,7:00p,,Milwaukee Bucks,L,,109,110,38,37,L 3
2008,WAS,2008-04-04,8:00p,,Miami Heat,W,,109,95,39,37,W 1
2008,WAS,2008-04-05,8:30p,@,Chicago Bulls,W,,99,87,40,37,W 2
2008,WAS,2008-04-09,7:00p,,Boston Celtics,W,,109,95,41,37,W 3
2008,WAS,2008-04-11,8:00p,@,Detroit Pistons,L,,74,102,41,38,L 1
2008,WAS,2008-04-12,7:00p,,Philadelphia 76ers,W,,109,93,42,38,W 1
2008,WAS,2008-04-14,7:00p,,Indiana Pacers,W,,117,110,43,38,W 2
2008,WAS,2008-04-16,7:00p,@,Orlando Magic,L,,83,103,43,39,L 1
2008,WAS,2008-04-19,12:30p,@,Cleveland Cavaliers,L,,86,93,0,1,L 1
2008,WAS,2008-04-21,7:00p,@,Cleveland Cavaliers,L,,86,116,0,2,L 2
2008,WAS,2008-04-24,8:00p,,Cleveland Cavaliers,W,,108,72,1,2,W 1
2008,WAS,2008-04-27,1:00p,,Cleveland Cavaliers,L,,97,100,1,3,L 1
2008,WAS,2008-04-30,6:00p,@,Cleveland Cavaliers,W,,88,87,2,3,W 1
2008,WAS,2008-05-02,7:00p,,Cleveland Cavaliers,L,,88,105,2,4,L 1
2009,ATL,2008-10-29,7:00p,@,Orlando Magic,W,,99,85,1,0,W 1
2009,ATL,2008-11-01,7:00p,,Philadelphia 76ers,W,,95,88,2,0,W 2
2009,ATL,2008-11-05,8:00p,@,New Orleans Hornets,W,,87,79,3,0,W 3
2009,ATL,2008-11-07,7:30p,,Toronto Raptors,W,,110,92,4,0,W 4
2009,ATL,2008-11-09,7:00p,@,Oklahoma City Thunder,W,,89,85,5,0,W 5
2009,ATL,2008-11-11,8:30p,@,Chicago Bulls,W,,113,108,6,0,W 6
2009,ATL,2008-11-12,7:30p,@,Boston Celtics,L,,102,103,6,1,L 1
2009,ATL,2008-11-14,7:30p,@,New Jersey Nets,L,,108,115,6,2,L 2
2009,ATL,2008-11-15,7:00p,,New Jersey Nets,L,,107,119,6,3,L 3
2009,ATL,2008-11-18,7:00p,@,Indiana Pacers,L,,96,113,6,4,L 4
2009,ATL,2008-11-19,7:00p,,Washington Wizards,W,,91,87,7,4,W 1
2009,ATL,2008-11-21,7:30p,,Charlotte Bobcats,W,,88,83,8,4,W 2
2009,ATL,2008-11-22,7:30p,@,Cleveland Cavaliers,L,,96,110,8,5,L 1
2009,ATL,2008-11-26,7:00p,,Milwaukee Bucks,W,,102,96,9,5,W 1
2009,ATL,2008-11-28,7:00p,@,Toronto Raptors,L,,88,93,9,6,L 1
2009,ATL,2008-11-29,7:00p,@,Washington Wizards,W,,102,98,10,6,W 1
2009,ATL,2008-12-03,7:00p,,Memphis Grizzlies,W,,105,95,11,6,W 2
2009,ATL,2008-12-05,7:30p,,New York Knicks,W,,98,95,12,6,W 3
2009,ATL,2008-12-06,8:30p,@,Dallas Mavericks,L,,98,100,12,7,L 1
2009,ATL,2008-12-09,8:30p,@,Houston Rockets,L,,84,92,12,8,L 2
2009,ATL,2008-12-10,8:30p,@,San Antonio Spurs,L,,89,95,12,9,L 3
2009,ATL,2008-12-12,7:30p,@,Miami Heat,W,,87,73,13,9,W 1
2009,ATL,2008-12-13,7:00p,,Cleveland Cavaliers,W,,97,92,14,9,W 2
2009,ATL,2008-12-15,7:00p,,Charlotte Bobcats,W,,83,79,15,9,W 3
2009,ATL,2008-12-17,7:00p,,Boston Celtics,L,,85,88,15,10,L 1
2009,ATL,2008-12-19,7:30p,,Golden State Warriors,W,,115,99,16,10,W 1
2009,ATL,2008-12-21,2:00p,,Detroit Pistons,W,,85,78,17,10,W 2
2009,ATL,2008-12-23,7:00p,,Oklahoma City Thunder,W,,99,88,18,10,W 3
2009,ATL,2008-12-27,7:00p,,Chicago Bulls,W,,129,117,19,10,W 4
2009,ATL,2008-12-29,7:00p,,Denver Nuggets,W,,109,91,20,10,W 5
2009,ATL,2008-12-30,7:00p,@,Indiana Pacers,W,,110,104,21,10,W 6
2009,ATL,2009-01-02,7:30p,@,New Jersey Nets,L,OT,91,93,21,11,L 1
2009,ATL,2009-01-03,7:00p,,Houston Rockets,W,,103,100,22,11,W 1
2009,ATL,2009-01-07,7:00p,,Orlando Magic,L,,102,106,22,12,L 1
2009,ATL,2009-01-09,7:00p,@,Orlando Magic,L,,87,121,22,13,L 2
2009,ATL,2009-01-11,2:00p,,Philadelphia 76ers,L,,94,109,22,14,L 3
2009,ATL,2009-01-13,9:00p,@,Phoenix Suns,L,,102,107,22,15,L 4
2009,ATL,2009-01-14,10:30p,@,Los Angeles Clippers,W,,97,80,23,15,W 1
2009,ATL,2009-01-16,10:30p,@,Golden State Warriors,L,,114,119,23,16,L 1
2009,ATL,2009-01-19,2:00p,,Toronto Raptors,W,,87,84,24,16,W 1
2009,ATL,2009-01-20,8:30p,@,Chicago Bulls,W,,105,102,25,16,W 2
2009,ATL,2009-01-23,7:30p,,Milwaukee Bucks,W,,117,87,26,16,W 3
2009,ATL,2009-01-25,6:00p,,Phoenix Suns,L,,99,104,26,17,L 1
2009,ATL,2009-01-26,7:30p,@,Miami Heat,L,,79,95,26,18,L 2
2009,ATL,2009-01-28,7:30p,@,New York Knicks,L,,104,112,26,19,L 3
2009,ATL,2009-01-30,7:30p,,New Jersey Nets,W,,105,88,27,19,W 1
2009,ATL,2009-01-31,8:30p,@,Milwaukee Bucks,L,,107,110,27,20,L 1
2009,ATL,2009-02-04,8:00p,@,Minnesota Timberwolves,W,,94,86,28,20,W 1
2009,ATL,2009-02-06,7:00p,@,Charlotte Bobcats,W,,102,97,29,20,W 2
2009,ATL,2009-02-07,7:00p,,Los Angeles Clippers,L,,97,121,29,21,L 1
2009,ATL,2009-02-10,7:00p,,Washington Wizards,W,,111,90,30,21,W 1
2009,ATL,2009-02-11,7:30p,@,Detroit Pistons,W,,99,95,31,21,W 2
2009,ATL,2009-02-17,10:30p,@,Los Angeles Lakers,L,,83,96,31,22,L 1
2009,ATL,2009-02-18,10:00p,@,Sacramento Kings,W,,105,100,32,22,W 1
2009,ATL,2009-02-20,10:00p,@,Portland Trail Blazers,L,,98,108,32,23,L 1
2009,ATL,2009-02-23,9:00p,@,Utah Jazz,L,,89,108,32,24,L 2
2009,ATL,2009-02-25,9:00p,@,Denver Nuggets,L,,109,110,32,25,L 3
2009,ATL,2009-02-27,7:30p,,Miami Heat,W,,91,83,33,25,W 1
2009,ATL,2009-03-01,8:00p,,Cleveland Cavaliers,L,,87,88,33,26,L 1
2009,ATL,2009-03-02,7:00p,@,Washington Wizards,W,,98,89,34,26,W 1
2009,ATL,2009-03-04,7:30p,@,New York Knicks,L,,105,109,34,27,L 1
2009,ATL,2009-03-06,7:00p,@,Charlotte Bobcats,L,,91,98,34,28,L 2
2009,ATL,2009-03-07,7:00p,,Detroit Pistons,W,,87,83,35,28,W 1
2009,ATL,2009-03-09,7:00p,,New Orleans Hornets,W,,89,79,36,28,W 2
2009,ATL,2009-03-11,7:00p,,Utah Jazz,W,,100,93,37,28,W 3
2009,ATL,2009-03-13,7:30p,,Indiana Pacers,W,,101,87,38,28,W 4
2009,ATL,2009-03-15,1:00p,,Portland Trail Blazers,W,,98,80,39,28,W 5
2009,ATL,2009-03-17,7:00p,,Sacramento Kings,W,,119,97,40,28,W 6
2009,ATL,2009-03-19,7:00p,,Dallas Mavericks,W,,95,87,41,28,W 7
2009,ATL,2009-03-21,1:00p,@,Cleveland Cavaliers,L,,96,102,41,29,L 1
2009,ATL,2009-03-23,7:00p,,Minnesota Timberwolves,W,,109,97,42,29,W 1
2009,ATL,2009-03-25,7:00p,,San Antonio Spurs,L,,92,102,42,30,L 1
2009,ATL,2009-03-27,7:30p,,Boston Celtics,L,,93,99,42,31,L 2
2009,ATL,2009-03-29,3:30p,,Los Angeles Lakers,W,,86,76,43,31,W 1
2009,ATL,2009-03-31,7:00p,@,Philadelphia 76ers,L,,85,98,43,32,L 1
2009,ATL,2009-04-03,7:30p,@,Boston Celtics,L,,92,104,43,33,L 2
2009,ATL,2009-04-04,7:00p,,Orlando Magic,L,,82,88,43,34,L 3
2009,ATL,2009-04-07,7:00p,@,Toronto Raptors,W,,118,110,44,34,W 1
2009,ATL,2009-04-08,8:00p,@,Milwaukee Bucks,W,,113,105,45,34,W 2
2009,ATL,2009-04-10,7:30p,,Indiana Pacers,W,,122,118,46,34,W 3
2009,ATL,2009-04-14,7:00p,,Miami Heat,W,,81,79,47,34,W 4
2009,ATL,2009-04-15,8:00p,@,Memphis Grizzlies,L,,90,98,47,35,L 1
2009,ATL,2009-04-19,8:00p,,Miami Heat,W,,90,64,1,0,W 1
2009,ATL,2009-04-22,8:00p,,Miami Heat,L,,93,108,1,1,L 1
2009,ATL,2009-04-25,6:30p,@,Miami Heat,L,,78,107,1,2,L 2
2009,ATL,2009-04-27,8:00p,@,Miami Heat,W,,81,71,2,2,W 1
2009,ATL,2009-04-29,8:00p,,Miami Heat,W,,106,91,3,2,W 2
2009,ATL,2009-05-01,8:00p,@,Miami Heat,L,,72,98,3,3,L 1
2009,ATL,2009-05-03,1:00p,,Miami Heat,W,,91,78,4,3,W 1
2009,ATL,2009-05-05,8:00p,@,Cleveland Cavaliers,L,,72,99,4,4,L 1
2009,ATL,2009-05-07,8:00p,@,Cleveland Cavaliers,L,,85,105,4,5,L 2
2009,ATL,2009-05-09,8:00p,,Cleveland Cavaliers,L,,82,97,4,6,L 3
2009,ATL,2009-05-11,7:00p,,Cleveland Cavaliers,L,,74,84,4,7,L 4
2009,BOS,2008-10-28,8:00p,,Cleveland Cavaliers,W,,90,85,1,0,W 1
2009,BOS,2008-10-31,8:00p,,Chicago Bulls,W,,96,80,2,0,W 2
2009,BOS,2008-11-01,7:00p,@,Indiana Pacers,L,,79,95,2,1,L 1
2009,BOS,2008-11-04,8:30p,@,Houston Rockets,W,,103,99,3,1,W 1
2009,BOS,2008-11-05,8:00p,@,Oklahoma City Thunder,W,,96,83,4,1,W 2
2009,BOS,2008-11-07,7:30p,,Milwaukee Bucks,W,,101,89,5,1,W 3
2009,BOS,2008-11-09,6:00p,@,Detroit Pistons,W,,88,76,6,1,W 4
2009,BOS,2008-11-10,7:30p,,Toronto Raptors,W,,94,87,7,1,W 5
2009,BOS,2008-11-12,7:30p,,Atlanta Hawks,W,,103,102,8,1,W 6
2009,BOS,2008-11-14,8:00p,,Denver Nuggets,L,,85,94,8,2,L 1
2009,BOS,2008-11-15,8:30p,@,Milwaukee Bucks,W,OT,102,97,9,2,W 1
2009,BOS,2008-11-18,7:30p,,New York Knicks,W,,110,101,10,2,W 2
2009,BOS,2008-11-20,8:00p,,Detroit Pistons,W,,98,80,11,2,W 3
2009,BOS,2008-11-21,8:00p,@,Minnesota Timberwolves,W,,95,78,12,2,W 4
2009,BOS,2008-11-23,12:30p,@,Toronto Raptors,W,,118,103,13,2,W 5
2009,BOS,2008-11-26,7:30p,,Golden State Warriors,W,,119,111,14,2,W 6
2009,BOS,2008-11-28,7:30p,,Philadelphia 76ers,W,,102,78,15,2,W 7
2009,BOS,2008-11-29,7:00p,@,Charlotte Bobcats,W,,89,84,16,2,W 8
2009,BOS,2008-12-01,7:30p,,Orlando Magic,W,,107,88,17,2,W 9
2009,BOS,2008-12-03,7:30p,,Indiana Pacers,W,,114,96,18,2,W 10
2009,BOS,2008-12-05,8:00p,,Portland Trail Blazers,W,,93,78,19,2,W 11
2009,BOS,2008-12-07,6:00p,@,Indiana Pacers,W,OT,122,117,20,2,W 12
2009,BOS,2008-12-11,8:00p,@,Washington Wizards,W,,122,88,21,2,W 13
2009,BOS,2008-12-12,8:00p,,New Orleans Hornets,W,,94,82,22,2,W 14
2009,BOS,2008-12-15,7:30p,,Utah Jazz,W,,100,91,23,2,W 15
2009,BOS,2008-12-17,7:00p,@,Atlanta Hawks,W,,88,85,24,2,W 16
2009,BOS,2008-12-19,7:30p,,Chicago Bulls,W,,126,108,25,2,W 17
2009,BOS,2008-12-21,6:00p,,New York Knicks,W,,124,105,26,2,W 18
2009,BOS,2008-12-23,7:30p,,Philadelphia 76ers,W,,110,91,27,2,W 19
2009,BOS,2008-12-25,5:00p,@,Los Angeles Lakers,L,,83,92,27,3,L 1
2009,BOS,2008-12-26,10:30p,@,Golden State Warriors,L,,89,99,27,4,L 2
2009,BOS,2008-12-28,9:00p,@,Sacramento Kings,W,,108,63,28,4,W 1
2009,BOS,2008-12-30,10:00p,@,Portland Trail Blazers,L,,86,91,28,5,L 1
2009,BOS,2009-01-02,7:30p,,Washington Wizards,W,,108,83,29,5,W 1
2009,BOS,2009-01-04,6:00p,@,New York Knicks,L,,88,100,29,6,L 1
2009,BOS,2009-01-06,7:00p,@,Charlotte Bobcats,L,OT,106,114,29,7,L 2
2009,BOS,2009-01-07,7:30p,,Houston Rockets,L,,85,89,29,8,L 3
2009,BOS,2009-01-09,8:00p,@,Cleveland Cavaliers,L,,83,98,29,9,L 4
2009,BOS,2009-01-11,12:30p,@,Toronto Raptors,W,,94,88,30,9,W 1
2009,BOS,2009-01-12,7:30p,,Toronto Raptors,W,OT,115,109,31,9,W 2
2009,BOS,2009-01-14,7:30p,,New Jersey Nets,W,,118,86,32,9,W 3
2009,BOS,2009-01-17,1:00p,@,New Jersey Nets,W,,105,85,33,9,W 4
2009,BOS,2009-01-19,8:00p,,Phoenix Suns,W,,104,87,34,9,W 5
2009,BOS,2009-01-21,7:30p,@,Miami Heat,W,,98,83,35,9,W 6
2009,BOS,2009-01-22,8:00p,@,Orlando Magic,W,,90,80,36,9,W 7
2009,BOS,2009-01-25,1:00p,,Dallas Mavericks,W,,124,100,37,9,W 8
2009,BOS,2009-01-28,7:30p,,Sacramento Kings,W,,119,100,38,9,W 9
2009,BOS,2009-01-30,7:00p,@,Detroit Pistons,W,,86,78,39,9,W 10
2009,BOS,2009-02-01,12:00p,,Minnesota Timberwolves,W,,109,101,40,9,W 11
2009,BOS,2009-02-03,7:00p,@,Philadelphia 76ers,W,,100,99,41,9,W 12
2009,BOS,2009-02-05,8:00p,,Los Angeles Lakers,L,OT,109,110,41,10,L 1
2009,BOS,2009-02-06,7:30p,@,New York Knicks,W,,110,100,42,10,W 1
2009,BOS,2009-02-08,1:00p,,San Antonio Spurs,L,,99,105,42,11,L 1
2009,BOS,2009-02-11,8:00p,@,New Orleans Hornets,W,,89,77,43,11,W 1
2009,BOS,2009-02-12,9:30p,@,Dallas Mavericks,W,,99,92,44,11,W 2
2009,BOS,2009-02-19,10:30p,@,Utah Jazz,L,,85,90,44,12,L 1
2009,BOS,2009-02-22,2:30p,@,Phoenix Suns,W,,128,108,45,12,W 1
2009,BOS,2009-02-23,9:00p,@,Denver Nuggets,W,,114,76,46,12,W 2
2009,BOS,2009-02-25,10:30p,@,Los Angeles Clippers,L,,91,93,46,13,L 1
2009,BOS,2009-02-27,7:30p,,Indiana Pacers,W,,104,99,47,13,W 1
2009,BOS,2009-03-01,1:00p,,Detroit Pistons,L,,95,105,47,14,L 1
2009,BOS,2009-03-04,7:30p,@,New Jersey Nets,W,,115,111,48,14,W 1
2009,BOS,2009-03-06,8:00p,,Cleveland Cavaliers,W,,105,94,49,14,W 2
2009,BOS,2009-03-08,1:00p,,Orlando Magic,L,,79,86,49,15,L 1
2009,BOS,2009-03-11,7:30p,@,Miami Heat,L,,99,107,49,16,L 2
2009,BOS,2009-03-13,7:30p,,Memphis Grizzlies,W,,102,92,50,16,W 1
2009,BOS,2009-03-15,1:00p,@,Milwaukee Bucks,L,,77,86,50,17,L 1
2009,BOS,2009-03-17,8:30p,@,Chicago Bulls,L,,121,127,50,18,L 2
2009,BOS,2009-03-18,7:00p,,Miami Heat,W,OT,112,108,51,18,W 1
2009,BOS,2009-03-20,8:30p,@,San Antonio Spurs,W,,80,77,52,18,W 2
2009,BOS,2009-03-21,8:00p,@,Memphis Grizzlies,W,,105,87,53,18,W 3
2009,BOS,2009-03-23,7:30p,,Los Angeles Clippers,W,,90,77,54,18,W 4
2009,BOS,2009-03-25,8:00p,@,Orlando Magic,L,,82,84,54,19,L 1
2009,BOS,2009-03-27,7:30p,@,Atlanta Hawks,W,,99,93,55,19,W 1
2009,BOS,2009-03-29,7:00p,,Oklahoma City Thunder,W,,103,84,56,19,W 2
2009,BOS,2009-04-01,7:30p,,Charlotte Bobcats,W,2OT,111,109,57,19,W 3
2009,BOS,2009-04-03,7:30p,,Atlanta Hawks,W,,104,92,58,19,W 4
2009,BOS,2009-04-08,7:30p,,New Jersey Nets,W,,106,104,59,19,W 5
2009,BOS,2009-04-10,7:30p,,Miami Heat,W,,105,98,60,19,W 6
2009,BOS,2009-04-12,3:30p,@,Cleveland Cavaliers,L,,76,107,60,20,L 1
2009,BOS,2009-04-14,8:00p,@,Philadelphia 76ers,W,,100,98,61,20,W 1
2009,BOS,2009-04-15,8:00p,,Washington Wizards,W,,115,107,62,20,W 2
2009,BOS,2009-04-18,12:30p,,Chicago Bulls,L,OT,103,105,0,1,L 1
2009,BOS,2009-04-20,7:00p,,Chicago Bulls,W,,118,115,1,1,W 1
2009,BOS,2009-04-23,8:00p,@,Chicago Bulls,W,,107,86,2,1,W 2
2009,BOS,2009-04-26,1:00p,@,Chicago Bulls,L,2OT,118,121,2,2,L 1
2009,BOS,2009-04-28,7:00p,,Chicago Bulls,W,OT,106,104,3,2,W 1
2009,BOS,2009-04-30,7:00p,@,Chicago Bulls,L,3OT,127,128,3,3,L 1
2009,BOS,2009-05-02,8:00p,,Chicago Bulls,W,,109,99,4,3,W 1
2009,BOS,2009-05-04,8:00p,,Orlando Magic,L,,90,95,4,4,L 1
2009,BOS,2009-05-06,8:00p,,Orlando Magic,W,,112,94,5,4,W 1
2009,BOS,2009-05-08,7:00p,@,Orlando Magic,L,,96,117,5,5,L 1
2009,BOS,2009-05-10,8:00p,@,Orlando Magic,W,,95,94,6,5,W 1
2009,BOS,2009-05-12,8:00p,,Orlando Magic,W,,92,88,7,5,W 2
2009,BOS,2009-05-14,7:00p,@,Orlando Magic,L,,75,83,7,6,L 1
2009,BOS,2009-05-17,8:00p,,Orlando Magic,L,,82,101,7,7,L 2
2009,CHA,2008-10-30,7:00p,@,Cleveland Cavaliers,L,,79,96,0,1,L 1
2009,CHA,2008-11-01,7:00p,,Miami Heat,W,,100,87,1,1,W 1
2009,CHA,2008-11-03,7:00p,,Detroit Pistons,L,,83,101,1,2,L 1
2009,CHA,2008-11-05,7:30p,@,New York Knicks,L,,98,101,1,3,L 2
2009,CHA,2008-11-07,7:00p,,New Orleans Hornets,W,,92,89,2,3,W 1
2009,CHA,2008-11-09,1:00p,,Toronto Raptors,L,,79,89,2,4,L 1
2009,CHA,2008-11-11,7:00p,,Denver Nuggets,L,,80,88,2,5,L 2
2009,CHA,2008-11-14,7:00p,,Utah Jazz,W,,104,96,3,5,W 1
2009,CHA,2008-11-16,5:30p,,Orlando Magic,L,,85,90,3,6,L 1
2009,CHA,2008-11-18,7:00p,,Dallas Mavericks,L,,83,100,3,7,L 2
2009,CHA,2008-11-21,7:30p,@,Atlanta Hawks,L,,83,88,3,8,L 3
2009,CHA,2008-11-22,7:00p,,Milwaukee Bucks,L,,74,79,3,9,L 4
2009,CHA,2008-11-24,7:00p,,Philadelphia 76ers,W,,93,84,4,9,W 1
2009,CHA,2008-11-26,7:00p,@,Toronto Raptors,L,,86,93,4,10,L 1
2009,CHA,2008-11-28,8:00p,@,Indiana Pacers,W,OT,115,108,5,10,W 1
2009,CHA,2008-11-29,7:00p,,Boston Celtics,L,,84,89,5,11,L 1
2009,CHA,2008-12-01,7:00p,,Minnesota Timberwolves,W,,100,90,6,11,W 1
2009,CHA,2008-12-03,7:00p,,Oklahoma City Thunder,W,,103,97,7,11,W 2
2009,CHA,2008-12-05,8:30p,@,Milwaukee Bucks,L,,96,101,7,12,L 1
2009,CHA,2008-12-06,7:00p,,Cleveland Cavaliers,L,,74,94,7,13,L 2
2009,CHA,2008-12-08,7:30p,@,Miami Heat,L,,96,100,7,14,L 3
2009,CHA,2008-12-10,8:00p,@,New Orleans Hornets,L,,89,105,7,15,L 4
2009,CHA,2008-12-11,8:30p,@,Dallas Mavericks,L,,90,95,7,16,L 5
2009,CHA,2008-12-13,7:00p,,Detroit Pistons,L,,86,90,7,17,L 6
2009,CHA,2008-12-15,7:00p,@,Atlanta Hawks,L,,79,83,7,18,L 7
2009,CHA,2008-12-16,7:00p,,Chicago Bulls,W,OT,110,101,8,18,W 1
2009,CHA,2008-12-19,8:00p,@,Memphis Grizzlies,W,,112,83,9,18,W 2
2009,CHA,2008-12-20,7:00p,,Golden State Warriors,L,,103,110,9,19,L 1
2009,CHA,2008-12-23,7:00p,,Washington Wizards,W,,80,72,10,19,W 1
2009,CHA,2008-12-26,7:30p,@,New Jersey Nets,W,,95,87,11,19,W 2
2009,CHA,2008-12-27,7:00p,,New Jersey Nets,L,OT,103,114,11,20,L 1
2009,CHA,2008-12-30,7:00p,,New York Knicks,L,,89,93,11,21,L 2
2009,CHA,2009-01-02,8:30p,@,Milwaukee Bucks,L,,75,103,11,22,L 3
2009,CHA,2009-01-03,7:00p,,Milwaukee Bucks,W,,102,92,12,22,W 1
2009,CHA,2009-01-06,7:00p,,Boston Celtics,W,OT,114,106,13,22,W 2
2009,CHA,2009-01-07,7:00p,@,Cleveland Cavaliers,L,,81,111,13,23,L 1
2009,CHA,2009-01-09,7:00p,@,Philadelphia 76ers,L,,87,93,13,24,L 2
2009,CHA,2009-01-10,7:00p,@,Washington Wizards,W,,92,89,14,24,W 1
2009,CHA,2009-01-13,7:30p,@,Detroit Pistons,W,,80,78,15,24,W 2
2009,CHA,2009-01-17,7:00p,,Portland Trail Blazers,W,OT,102,97,16,24,W 3
2009,CHA,2009-01-19,2:00p,,San Antonio Spurs,L,,84,86,16,25,L 1
2009,CHA,2009-01-21,7:00p,,Memphis Grizzlies,W,,101,86,17,25,W 1
2009,CHA,2009-01-23,7:00p,,Phoenix Suns,W,,98,76,18,25,W 2
2009,CHA,2009-01-25,7:00p,@,Indiana Pacers,L,,93,98,18,26,L 1
2009,CHA,2009-01-27,10:30p,@,Los Angeles Lakers,W,2OT,117,110,19,26,W 1
2009,CHA,2009-01-28,10:00p,@,Portland Trail Blazers,L,,74,88,19,27,L 1
2009,CHA,2009-01-30,9:00p,@,Denver Nuggets,L,,99,110,19,28,L 2
2009,CHA,2009-02-02,9:00p,@,Utah Jazz,L,,86,105,19,29,L 3
2009,CHA,2009-02-06,7:00p,,Atlanta Hawks,L,,97,102,19,30,L 4
2009,CHA,2009-02-08,6:00p,@,Miami Heat,L,,92,96,19,31,L 5
2009,CHA,2009-02-09,7:00p,,Los Angeles Clippers,W,,94,73,20,31,W 1
2009,CHA,2009-02-11,7:00p,,Washington Wizards,W,,101,89,21,31,W 2
2009,CHA,2009-02-17,7:00p,@,Orlando Magic,L,OT,102,107,21,32,L 1
2009,CHA,2009-02-18,7:00p,,Indiana Pacers,W,,103,94,22,32,W 1
2009,CHA,2009-02-20,7:00p,,Orlando Magic,L,,80,92,22,33,L 1
2009,CHA,2009-02-22,5:00p,@,Houston Rockets,L,,78,99,22,34,L 2
2009,CHA,2009-02-24,9:00p,@,Phoenix Suns,L,,102,112,22,35,L 3
2009,CHA,2009-02-25,10:00p,@,Sacramento Kings,W,,98,91,23,35,W 1
2009,CHA,2009-02-27,10:30p,@,Golden State Warriors,W,,112,109,24,35,W 2
2009,CHA,2009-02-28,10:30p,@,Los Angeles Clippers,W,,100,95,25,35,W 3
2009,CHA,2009-03-03,7:00p,,Chicago Bulls,W,,96,80,26,35,W 4
2009,CHA,2009-03-06,7:00p,,Atlanta Hawks,W,,98,91,27,35,W 5
2009,CHA,2009-03-07,7:30p,@,New York Knicks,W,,114,105,28,35,W 6
2009,CHA,2009-03-10,8:30p,@,San Antonio Spurs,L,,86,100,28,36,L 1
2009,CHA,2009-03-13,7:00p,,Houston Rockets,L,,86,91,28,37,L 2
2009,CHA,2009-03-14,8:00p,@,Minnesota Timberwolves,L,,100,108,28,38,L 3
2009,CHA,2009-03-16,7:00p,,Toronto Raptors,W,,112,86,29,38,W 1
2009,CHA,2009-03-18,7:00p,,Sacramento Kings,W,,104,88,30,38,W 2
2009,CHA,2009-03-20,7:00p,@,Toronto Raptors,W,,102,89,31,38,W 3
2009,CHA,2009-03-21,7:00p,,Indiana Pacers,L,,83,108,31,39,L 1
2009,CHA,2009-03-25,7:00p,@,Washington Wizards,L,,93,95,31,40,L 2
2009,CHA,2009-03-27,7:00p,@,Philadelphia 76ers,W,,100,95,32,40,W 1
2009,CHA,2009-03-28,7:00p,,New York Knicks,W,,96,85,33,40,W 2
2009,CHA,2009-03-31,7:00p,,Los Angeles Lakers,W,,94,84,34,40,W 3
2009,CHA,2009-04-01,7:30p,@,Boston Celtics,L,2OT,109,111,34,41,L 1
2009,CHA,2009-04-03,7:00p,,Miami Heat,L,,92,97,34,42,L 2
2009,CHA,2009-04-05,6:00p,@,Detroit Pistons,L,,97,104,34,43,L 3
2009,CHA,2009-04-07,7:00p,,Philadelphia 76ers,W,,101,98,35,43,W 1
2009,CHA,2009-04-10,8:00p,@,Oklahoma City Thunder,L,,81,84,35,44,L 1
2009,CHA,2009-04-11,8:30p,@,Chicago Bulls,L,,106,113,35,45,L 2
2009,CHA,2009-04-13,7:30p,@,New Jersey Nets,L,,87,91,35,46,L 3
2009,CHA,2009-04-15,8:00p,@,Orlando Magic,L,,73,98,35,47,L 4
2009,CHI,2008-10-28,8:30p,,Milwaukee Bucks,W,,108,95,1,0,W 1
2009,CHI,2008-10-31,8:00p,@,Boston Celtics,L,,80,96,1,1,L 1
2009,CHI,2008-11-01,8:30p,,Memphis Grizzlies,W,,96,86,2,1,W 1
2009,CHI,2008-11-03,7:00p,@,Orlando Magic,L,,93,96,2,2,L 1
2009,CHI,2008-11-05,8:00p,@,Cleveland Cavaliers,L,,93,107,2,3,L 2
2009,CHI,2008-11-07,8:30p,,Phoenix Suns,W,,100,83,3,3,W 1
2009,CHI,2008-11-08,8:30p,,Cleveland Cavaliers,L,,97,106,3,4,L 1
2009,CHI,2008-11-11,8:30p,,Atlanta Hawks,L,,108,113,3,5,L 2
2009,CHI,2008-11-13,8:30p,,Dallas Mavericks,W,,98,91,4,5,W 1
2009,CHI,2008-11-15,8:30p,,Indiana Pacers,W,,104,91,5,5,W 2
2009,CHI,2008-11-18,10:30p,@,Los Angeles Lakers,L,,109,116,5,6,L 1
2009,CHI,2008-11-19,10:30p,@,Portland Trail Blazers,L,,74,116,5,7,L 2
2009,CHI,2008-11-21,10:30p,@,Golden State Warriors,W,,115,110,6,7,W 1
2009,CHI,2008-11-23,9:00p,@,Denver Nuggets,L,,101,114,6,8,L 1
2009,CHI,2008-11-24,9:00p,@,Utah Jazz,W,,101,100,7,8,W 1
2009,CHI,2008-11-26,8:30p,@,San Antonio Spurs,L,,88,98,7,9,L 1
2009,CHI,2008-11-30,5:00p,@,Philadelphia 76ers,W,,103,92,8,9,W 1
2009,CHI,2008-12-02,8:30p,,Philadelphia 76ers,L,OT,95,103,8,10,L 1
2009,CHI,2008-12-03,8:00p,@,Milwaukee Bucks,L,,90,97,8,11,L 2
2009,CHI,2008-12-06,8:30p,,Washington Wizards,W,,117,110,9,11,W 1
2009,CHI,2008-12-09,8:30p,,New York Knicks,W,,105,100,10,11,W 2
2009,CHI,2008-12-12,8:00p,@,Memphis Grizzlies,L,,96,103,10,12,L 1
2009,CHI,2008-12-13,8:30p,,New Jersey Nets,W,,113,104,11,12,W 1
2009,CHI,2008-12-16,7:00p,@,Charlotte Bobcats,L,OT,101,110,11,13,L 1
2009,CHI,2008-12-17,8:30p,,Los Angeles Clippers,W,OT,115,109,12,13,W 1
2009,CHI,2008-12-19,7:30p,@,Boston Celtics,L,,108,126,12,14,L 1
2009,CHI,2008-12-20,8:30p,,Utah Jazz,W,,106,98,13,14,W 1
2009,CHI,2008-12-23,8:00p,@,Detroit Pistons,L,,98,104,13,15,L 1
2009,CHI,2008-12-26,5:00p,@,Miami Heat,L,,77,90,13,16,L 2
2009,CHI,2008-12-27,7:00p,@,Atlanta Hawks,L,,117,129,13,17,L 3
2009,CHI,2008-12-29,7:30p,@,New Jersey Nets,W,,100,87,14,17,W 1
2009,CHI,2008-12-31,2:00p,,Orlando Magic,L,,94,113,14,18,L 1
2009,CHI,2009-01-02,7:30p,@,Cleveland Cavaliers,L,,92,117,14,19,L 2
2009,CHI,2009-01-03,8:30p,,Minnesota Timberwolves,L,,92,102,14,20,L 3
2009,CHI,2009-01-06,8:30p,,Sacramento Kings,W,,99,94,15,20,W 1
2009,CHI,2009-01-09,8:30p,,Washington Wizards,W,,98,86,16,20,W 2
2009,CHI,2009-01-10,8:30p,,Oklahoma City Thunder,L,OT,98,109,16,21,L 1
2009,CHI,2009-01-12,8:30p,,Portland Trail Blazers,L,,95,109,16,22,L 2
2009,CHI,2009-01-14,7:00p,@,Toronto Raptors,W,,102,98,17,22,W 1
2009,CHI,2009-01-15,8:00p,,Cleveland Cavaliers,W,OT,102,93,18,22,W 2
2009,CHI,2009-01-17,8:30p,,San Antonio Spurs,L,,87,92,18,23,L 1
2009,CHI,2009-01-19,1:00p,@,New York Knicks,L,,98,102,18,24,L 2
2009,CHI,2009-01-20,8:30p,,Atlanta Hawks,L,,102,105,18,25,L 3
2009,CHI,2009-01-23,8:30p,,Toronto Raptors,L,,94,114,18,26,L 4
2009,CHI,2009-01-25,7:00p,@,Minnesota Timberwolves,L,OT,108,109,18,27,L 5
2009,CHI,2009-01-28,10:30p,@,Los Angeles Clippers,W,,95,75,19,27,W 1
2009,CHI,2009-01-30,10:00p,@,Sacramento Kings,W,,109,88,20,27,W 2
2009,CHI,2009-01-31,9:00p,@,Phoenix Suns,W,,122,111,21,27,W 3
2009,CHI,2009-02-03,8:30p,@,Houston Rockets,L,,100,107,21,28,L 1
2009,CHI,2009-02-04,8:00p,@,New Orleans Hornets,W,,107,93,22,28,W 1
2009,CHI,2009-02-07,8:30p,@,Dallas Mavericks,L,OT,114,115,22,29,L 1
2009,CHI,2009-02-10,8:30p,,Detroit Pistons,W,,107,102,23,29,W 1
2009,CHI,2009-02-12,7:00p,,Miami Heat,L,,93,95,23,30,L 1
2009,CHI,2009-02-18,8:00p,@,Milwaukee Bucks,W,,113,104,24,30,W 1
2009,CHI,2009-02-20,8:30p,,Denver Nuggets,W,,116,99,25,30,W 2
2009,CHI,2009-02-22,12:00p,@,Indiana Pacers,L,,91,98,25,31,L 1
2009,CHI,2009-02-24,8:00p,,Orlando Magic,W,,120,102,26,31,W 1
2009,CHI,2009-02-25,7:30p,@,New Jersey Nets,L,,99,111,26,32,L 1
2009,CHI,2009-02-27,7:00p,@,Washington Wizards,L,,90,113,26,33,L 2
2009,CHI,2009-02-28,8:30p,,Houston Rockets,W,,105,102,27,33,W 1
2009,CHI,2009-03-03,7:00p,@,Charlotte Bobcats,L,,80,96,27,34,L 1
2009,CHI,2009-03-04,8:30p,,Golden State Warriors,W,,110,88,28,34,W 1
2009,CHI,2009-03-06,8:30p,,Milwaukee Bucks,W,,117,102,29,34,W 2
2009,CHI,2009-03-09,7:30p,@,Miami Heat,L,2OT,127,130,29,35,L 1
2009,CHI,2009-03-11,7:00p,@,Orlando Magic,L,,79,107,29,36,L 2
2009,CHI,2009-03-13,7:00p,@,Philadelphia 76ers,L,,101,104,29,37,L 3
2009,CHI,2009-03-14,8:30p,,New Orleans Hornets,W,,97,79,30,37,W 1
2009,CHI,2009-03-17,8:30p,,Boston Celtics,W,,127,121,31,37,W 2
2009,CHI,2009-03-18,8:00p,@,Oklahoma City Thunder,W,,103,96,32,37,W 3
2009,CHI,2009-03-21,8:30p,,Los Angeles Lakers,L,,109,117,32,38,L 1
2009,CHI,2009-03-23,7:00p,@,Washington Wizards,W,,101,99,33,38,W 1
2009,CHI,2009-03-24,8:00p,,Detroit Pistons,W,,99,91,34,38,W 2
2009,CHI,2009-03-26,8:00p,,Miami Heat,W,,106,87,35,38,W 3
2009,CHI,2009-03-28,2:00p,,Indiana Pacers,W,,112,106,36,38,W 4
2009,CHI,2009-03-29,3:30p,@,Toronto Raptors,L,OT,129,134,36,39,L 1
2009,CHI,2009-03-31,7:00p,@,Indiana Pacers,L,,105,107,36,40,L 2
2009,CHI,2009-04-04,2:00p,,New Jersey Nets,W,,103,94,37,40,W 1
2009,CHI,2009-04-07,8:30p,,New York Knicks,W,,110,103,38,40,W 2
2009,CHI,2009-04-09,8:00p,,Philadelphia 76ers,W,,113,99,39,40,W 3
2009,CHI,2009-04-11,8:30p,,Charlotte Bobcats,W,,113,106,40,40,W 4
2009,CHI,2009-04-13,7:30p,@,Detroit Pistons,W,,91,88,41,40,W 5
2009,CHI,2009-04-15,8:00p,,Toronto Raptors,L,,98,109,41,41,L 1
2009,CHI,2009-04-18,12:30p,@,Boston Celtics,W,OT,105,103,1,0,W 1
2009,CHI,2009-04-20,7:00p,@,Boston Celtics,L,,115,118,1,1,L 1
2009,CHI,2009-04-23,8:00p,,Boston Celtics,L,,86,107,1,2,L 2
2009,CHI,2009-04-26,1:00p,,Boston Celtics,W,2OT,121,118,2,2,W 1
2009,CHI,2009-04-28,7:00p,@,Boston Celtics,L,OT,104,106,2,3,L 1
2009,CHI,2009-04-30,7:00p,,Boston Celtics,W,3OT,128,127,3,3,W 1
2009,CHI,2009-05-02,8:00p,@,Boston Celtics,L,,99,109,3,4,L 1
2009,CLE,2008-10-28,8:00p,@,Boston Celtics,L,,85,90,0,1,L 1
2009,CLE,2008-10-30,7:00p,,Charlotte Bobcats,W,,96,79,1,1,W 1
2009,CLE,2008-11-01,8:00p,@,New Orleans Hornets,L,,92,104,1,2,L 1
2009,CLE,2008-11-03,8:30p,@,Dallas Mavericks,W,,100,81,2,2,W 1
2009,CLE,2008-11-05,8:00p,,Chicago Bulls,W,,107,93,3,2,W 2
2009,CLE,2008-11-07,7:30p,,Indiana Pacers,W,,111,107,4,2,W 3
2009,CLE,2008-11-08,8:30p,@,Chicago Bulls,W,,106,97,5,2,W 4
2009,CLE,2008-11-11,7:00p,,Milwaukee Bucks,W,,99,93,6,2,W 5
2009,CLE,2008-11-13,8:00p,,Denver Nuggets,W,,110,99,7,2,W 6
2009,CLE,2008-11-15,7:30p,,Utah Jazz,W,,105,93,8,2,W 7
2009,CLE,2008-11-18,7:30p,@,New Jersey Nets,W,,106,82,9,2,W 8
2009,CLE,2008-11-19,7:30p,@,Detroit Pistons,L,,89,96,9,3,L 1
2009,CLE,2008-11-22,7:30p,,Atlanta Hawks,W,,110,96,10,3,W 1
2009,CLE,2008-11-25,7:30p,@,New York Knicks,W,,119,101,11,3,W 2
2009,CLE,2008-11-26,7:00p,,Oklahoma City Thunder,W,,117,82,12,3,W 3
2009,CLE,2008-11-28,7:30p,,Golden State Warriors,W,,112,97,13,3,W 4
2009,CLE,2008-11-29,9:00p,@,Milwaukee Bucks,W,,97,85,14,3,W 5
2009,CLE,2008-12-03,7:00p,,New York Knicks,W,,118,82,15,3,W 6
2009,CLE,2008-12-05,7:30p,,Indiana Pacers,W,,97,73,16,3,W 7
2009,CLE,2008-12-06,7:00p,@,Charlotte Bobcats,W,,94,74,17,3,W 8
2009,CLE,2008-12-09,7:00p,,Toronto Raptors,W,,114,94,18,3,W 9
2009,CLE,2008-12-10,8:00p,@,Philadelphia 76ers,W,,101,93,19,3,W 10
2009,CLE,2008-12-12,7:30p,,Philadelphia 76ers,W,,88,72,20,3,W 11
2009,CLE,2008-12-13,7:00p,@,Atlanta Hawks,L,,92,97,20,4,L 1
2009,CLE,2008-12-17,8:00p,@,Minnesota Timberwolves,W,,93,70,21,4,W 1
2009,CLE,2008-12-19,10:30p,@,Denver Nuggets,W,,105,88,22,4,W 2
2009,CLE,2008-12-21,7:00p,@,Oklahoma City Thunder,W,,102,91,23,4,W 3
2009,CLE,2008-12-23,7:00p,,Houston Rockets,W,,99,90,24,4,W 4
2009,CLE,2008-12-25,8:00p,,Washington Wizards,W,,93,89,25,4,W 5
2009,CLE,2008-12-28,7:00p,,Miami Heat,W,,93,86,26,4,W 6
2009,CLE,2008-12-30,7:30p,@,Miami Heat,L,,95,104,26,5,L 1
2009,CLE,2009-01-02,7:30p,,Chicago Bulls,W,,117,92,27,5,W 1
2009,CLE,2009-01-04,1:00p,@,Washington Wizards,L,,77,80,27,6,L 1
2009,CLE,2009-01-07,7:00p,,Charlotte Bobcats,W,,111,81,28,6,W 1
2009,CLE,2009-01-09,8:00p,,Boston Celtics,W,,98,83,29,6,W 2
2009,CLE,2009-01-13,8:00p,@,Memphis Grizzlies,W,,102,87,30,6,W 3
2009,CLE,2009-01-15,8:00p,@,Chicago Bulls,L,OT,93,102,30,7,L 1
2009,CLE,2009-01-16,8:00p,,New Orleans Hornets,W,,92,78,31,7,W 1
2009,CLE,2009-01-19,10:30p,@,Los Angeles Lakers,L,,88,105,31,8,L 1
2009,CLE,2009-01-21,10:00p,@,Portland Trail Blazers,W,,104,98,32,8,W 1
2009,CLE,2009-01-23,10:30p,@,Golden State Warriors,W,,106,105,33,8,W 2
2009,CLE,2009-01-24,9:00p,@,Utah Jazz,W,,102,97,34,8,W 3
2009,CLE,2009-01-27,7:00p,,Sacramento Kings,W,,117,110,35,8,W 4
2009,CLE,2009-01-29,8:00p,@,Orlando Magic,L,,88,99,35,9,L 1
2009,CLE,2009-01-30,7:30p,,Los Angeles Clippers,W,,112,95,36,9,W 1
2009,CLE,2009-02-01,2:30p,@,Detroit Pistons,W,,90,80,37,9,W 2
2009,CLE,2009-02-03,7:00p,,Toronto Raptors,W,,101,83,38,9,W 3
2009,CLE,2009-02-04,7:30p,@,New York Knicks,W,,107,102,39,9,W 4
2009,CLE,2009-02-08,3:30p,,Los Angeles Lakers,L,,91,101,39,10,L 1
2009,CLE,2009-02-10,7:00p,@,Indiana Pacers,L,,95,96,39,11,L 2
2009,CLE,2009-02-11,7:00p,,Phoenix Suns,W,,109,92,40,11,W 1
2009,CLE,2009-02-18,7:00p,@,Toronto Raptors,W,,93,76,41,11,W 2
2009,CLE,2009-02-20,8:30p,@,Milwaukee Bucks,W,,111,103,42,11,W 3
2009,CLE,2009-02-22,8:00p,,Detroit Pistons,W,,99,78,43,11,W 4
2009,CLE,2009-02-24,7:00p,,Memphis Grizzlies,W,,94,79,44,11,W 5
2009,CLE,2009-02-26,8:00p,@,Houston Rockets,L,,74,93,44,12,L 1
2009,CLE,2009-02-27,9:30p,@,San Antonio Spurs,W,,97,86,45,12,W 1
2009,CLE,2009-03-01,8:00p,@,Atlanta Hawks,W,,88,87,46,12,W 2
2009,CLE,2009-03-02,7:30p,@,Miami Heat,W,,107,100,47,12,W 3
2009,CLE,2009-03-04,7:00p,,Milwaukee Bucks,W,,91,73,48,12,W 4
2009,CLE,2009-03-06,8:00p,@,Boston Celtics,L,,94,105,48,13,L 1
2009,CLE,2009-03-07,7:30p,,Miami Heat,W,,99,89,49,13,W 1
2009,CLE,2009-03-10,10:30p,@,Los Angeles Clippers,W,,87,83,50,13,W 2
2009,CLE,2009-03-12,10:30p,@,Phoenix Suns,W,,119,111,51,13,W 3
2009,CLE,2009-03-13,10:00p,@,Sacramento Kings,W,OT,126,123,52,13,W 4
2009,CLE,2009-03-15,6:00p,,New York Knicks,W,,98,93,53,13,W 5
2009,CLE,2009-03-17,7:00p,,Orlando Magic,W,,97,93,54,13,W 6
2009,CLE,2009-03-19,8:00p,,Portland Trail Blazers,W,OT,97,92,55,13,W 7
2009,CLE,2009-03-21,1:00p,,Atlanta Hawks,W,,102,96,56,13,W 8
2009,CLE,2009-03-22,6:00p,@,New Jersey Nets,W,,96,88,57,13,W 9
2009,CLE,2009-03-25,7:00p,,New Jersey Nets,W,,98,87,58,13,W 10
2009,CLE,2009-03-27,7:30p,,Minnesota Timberwolves,W,,107,85,59,13,W 11
2009,CLE,2009-03-29,1:00p,,Dallas Mavericks,W,,102,74,60,13,W 12
2009,CLE,2009-03-31,7:00p,,Detroit Pistons,W,,79,73,61,13,W 13
2009,CLE,2009-04-02,8:00p,@,Washington Wizards,L,,101,109,61,14,L 1
2009,CLE,2009-04-03,8:00p,@,Orlando Magic,L,,87,116,61,15,L 2
2009,CLE,2009-04-05,1:00p,,San Antonio Spurs,W,,101,81,62,15,W 1
2009,CLE,2009-04-08,7:00p,,Washington Wizards,W,,98,86,63,15,W 2
2009,CLE,2009-04-10,7:00p,@,Philadelphia 76ers,W,,102,92,64,15,W 3
2009,CLE,2009-04-12,3:30p,,Boston Celtics,W,,107,76,65,15,W 4
2009,CLE,2009-04-13,7:00p,@,Indiana Pacers,W,,117,109,66,15,W 5
2009,CLE,2009-04-15,8:00p,,Philadelphia 76ers,L,OT,110,111,66,16,L 1
2009,CLE,2009-04-18,3:00p,,Detroit Pistons,W,,102,84,1,0,W 1
2009,CLE,2009-04-21,8:00p,,Detroit Pistons,W,,94,82,2,0,W 2
2009,CLE,2009-04-24,7:00p,@,Detroit Pistons,W,,79,68,3,0,W 3
2009,CLE,2009-04-26,3:30p,@,Detroit Pistons,W,,99,78,4,0,W 4
2009,CLE,2009-05-05,8:00p,,Atlanta Hawks,W,,99,72,5,0,W 5
2009,CLE,2009-05-07,8:00p,,Atlanta Hawks,W,,105,85,6,0,W 6
2009,CLE,2009-05-09,8:00p,@,Atlanta Hawks,W,,97,82,7,0,W 7
2009,CLE,2009-05-11,7:00p,@,Atlanta Hawks,W,,84,74,8,0,W 8
2009,CLE,2009-05-20,8:30p,,Orlando Magic,L,,106,107,8,1,L 1
2009,CLE,2009-05-22,8:30p,,Orlando Magic,W,,96,95,9,1,W 1
2009,CLE,2009-05-24,8:30p,@,Orlando Magic,L,,89,99,9,2,L 1
2009,CLE,2009-05-26,8:30p,@,Orlando Magic,L,OT,114,116,9,3,L 2
2009,CLE,2009-05-28,8:30p,,Orlando Magic,W,,112,102,10,3,W 1
2009,CLE,2009-05-30,8:30p,@,Orlando Magic,L,,90,103,10,4,L 1
2009,DAL,2008-10-30,8:00p,,Houston Rockets,L,,102,112,0,1,L 1
2009,DAL,2008-11-01,8:00p,@,Minnesota Timberwolves,W,,95,85,1,1,W 1
2009,DAL,2008-11-03,8:30p,,Cleveland Cavaliers,L,,81,100,1,2,L 1
2009,DAL,2008-11-04,8:30p,@,San Antonio Spurs,W,,98,81,2,2,W 1
2009,DAL,2008-11-07,10:30p,@,Denver Nuggets,L,,105,108,2,3,L 1
2009,DAL,2008-11-09,3:30p,@,Los Angeles Clippers,L,,92,103,2,4,L 2
2009,DAL,2008-11-11,8:30p,,Los Angeles Lakers,L,,99,106,2,5,L 3
2009,DAL,2008-11-13,8:30p,@,Chicago Bulls,L,,91,98,2,6,L 4
2009,DAL,2008-11-14,8:30p,,Orlando Magic,L,,100,102,2,7,L 5
2009,DAL,2008-11-16,6:00p,@,New York Knicks,W,OT,124,114,3,7,W 1
2009,DAL,2008-11-18,7:00p,@,Charlotte Bobcats,W,,100,83,4,7,W 2
2009,DAL,2008-11-19,8:00p,@,Houston Rockets,W,,96,86,5,7,W 3
2009,DAL,2008-11-21,8:30p,,Memphis Grizzlies,W,,91,76,6,7,W 4
2009,DAL,2008-11-25,8:30p,,Indiana Pacers,W,,109,106,7,7,W 5
2009,DAL,2008-11-28,10:30p,@,Los Angeles Lakers,L,,107,114,7,8,L 1
2009,DAL,2008-11-29,10:00p,@,Sacramento Kings,W,,101,78,8,8,W 1
2009,DAL,2008-12-02,8:30p,,Los Angeles Clippers,W,,100,98,9,8,W 2
2009,DAL,2008-12-04,8:00p,,Phoenix Suns,W,,112,97,10,8,W 3
2009,DAL,2008-12-06,8:30p,,Atlanta Hawks,W,,100,98,11,8,W 4
2009,DAL,2008-12-09,8:30p,,San Antonio Spurs,L,2OT,126,133,11,9,L 1
2009,DAL,2008-12-11,8:30p,,Charlotte Bobcats,W,,95,90,12,9,W 1
2009,DAL,2008-12-13,8:30p,,Oklahoma City Thunder,W,,103,99,13,9,W 2
2009,DAL,2008-12-15,8:30p,,Denver Nuggets,L,,88,98,13,10,L 1
2009,DAL,2008-12-17,7:00p,@,Toronto Raptors,W,,96,86,14,10,W 1
2009,DAL,2008-12-19,7:30p,@,New Jersey Nets,L,,97,121,14,11,L 1
2009,DAL,2008-12-21,6:00p,@,Washington Wizards,W,,97,86,15,11,W 1
2009,DAL,2008-12-23,8:30p,,Memphis Grizzlies,W,,100,82,16,11,W 2
2009,DAL,2008-12-25,10:30p,@,Portland Trail Blazers,W,,102,94,17,11,W 3
2009,DAL,2008-12-26,9:00p,@,Utah Jazz,L,,88,97,17,12,L 1
2009,DAL,2008-12-28,3:30p,@,Los Angeles Clippers,W,,98,76,18,12,W 1
2009,DAL,2008-12-30,8:30p,,Minnesota Timberwolves,W,,107,100,19,12,W 2
2009,DAL,2009-01-02,8:30p,,Philadelphia 76ers,W,,96,86,20,12,W 3
2009,DAL,2009-01-04,4:00p,@,Memphis Grizzlies,L,,82,102,20,13,L 1
2009,DAL,2009-01-06,8:30p,,Los Angeles Clippers,W,,107,102,21,13,W 1
2009,DAL,2009-01-08,8:30p,,New York Knicks,W,,99,94,22,13,W 2
2009,DAL,2009-01-09,10:30p,@,Phoenix Suns,L,,100,128,22,14,L 1
2009,DAL,2009-01-11,9:00p,@,Sacramento Kings,L,,95,102,22,15,L 2
2009,DAL,2009-01-13,9:00p,@,Denver Nuggets,L,,97,99,22,16,L 3
2009,DAL,2009-01-14,8:30p,,New Orleans Hornets,L,,97,104,22,17,L 4
2009,DAL,2009-01-17,9:00p,,Utah Jazz,W,,115,108,23,17,W 1
2009,DAL,2009-01-19,1:00p,@,Philadelphia 76ers,W,,95,93,24,17,W 2
2009,DAL,2009-01-21,8:00p,@,Milwaukee Bucks,L,,99,133,24,18,L 1
2009,DAL,2009-01-23,7:00p,@,Detroit Pistons,W,,112,91,25,18,W 1
2009,DAL,2009-01-25,1:00p,@,Boston Celtics,L,,100,124,25,19,L 1
2009,DAL,2009-01-28,9:00p,,Golden State Warriors,W,,117,93,26,19,W 1
2009,DAL,2009-01-31,7:30p,@,Miami Heat,W,,111,96,27,19,W 2
2009,DAL,2009-02-02,7:00p,@,Orlando Magic,W,,105,95,28,19,W 3
2009,DAL,2009-02-04,8:30p,,Portland Trail Blazers,W,,104,99,29,19,W 4
2009,DAL,2009-02-05,10:30p,@,Utah Jazz,L,,87,115,29,20,L 1
2009,DAL,2009-02-07,8:30p,,Chicago Bulls,W,OT,115,114,30,20,W 1
2009,DAL,2009-02-10,8:30p,,Sacramento Kings,W,,118,100,31,20,W 2
2009,DAL,2009-02-12,9:30p,,Boston Celtics,L,,92,99,31,21,L 1
2009,DAL,2009-02-18,8:30p,,New Jersey Nets,W,,113,98,32,21,W 1
2009,DAL,2009-02-20,8:00p,@,Houston Rockets,L,,86,93,32,22,L 1
2009,DAL,2009-02-21,9:00p,,Sacramento Kings,W,,116,95,33,22,W 1
2009,DAL,2009-02-24,8:30p,@,San Antonio Spurs,L,,76,93,33,23,L 1
2009,DAL,2009-02-25,8:30p,,Milwaukee Bucks,W,,116,96,34,23,W 1
2009,DAL,2009-02-27,8:30p,,Oklahoma City Thunder,W,OT,110,108,35,23,W 2
2009,DAL,2009-03-01,9:00p,,Toronto Raptors,W,,109,98,36,23,W 3
2009,DAL,2009-03-02,8:00p,@,Oklahoma City Thunder,L,,87,96,36,24,L 1
2009,DAL,2009-03-04,9:00p,,San Antonio Spurs,W,,107,102,37,24,W 1
2009,DAL,2009-03-05,8:00p,@,New Orleans Hornets,L,,88,104,37,25,L 1
2009,DAL,2009-03-07,8:30p,,Washington Wizards,W,,119,103,38,25,W 1
2009,DAL,2009-03-10,10:00p,@,Phoenix Suns,W,,122,117,39,25,W 2
2009,DAL,2009-03-11,10:00p,@,Portland Trail Blazers,W,,93,89,40,25,W 3
2009,DAL,2009-03-13,10:30p,@,Golden State Warriors,L,,110,119,40,26,L 1
2009,DAL,2009-03-15,3:30p,@,Los Angeles Lakers,L,,100,107,40,27,L 2
2009,DAL,2009-03-17,8:30p,,Detroit Pistons,W,,103,101,41,27,W 1
2009,DAL,2009-03-19,7:00p,@,Atlanta Hawks,L,,87,95,41,28,L 1
2009,DAL,2009-03-20,7:00p,@,Indiana Pacers,W,,94,92,42,28,W 1
2009,DAL,2009-03-25,8:30p,,Golden State Warriors,W,,128,106,43,28,W 2
2009,DAL,2009-03-27,8:30p,,Denver Nuggets,L,,101,103,43,29,L 1
2009,DAL,2009-03-29,1:00p,@,Cleveland Cavaliers,L,,74,102,43,30,L 2
2009,DAL,2009-03-31,8:00p,@,Minnesota Timberwolves,W,,108,88,44,30,W 1
2009,DAL,2009-04-01,8:30p,,Miami Heat,W,,98,96,45,30,W 2
2009,DAL,2009-04-03,8:00p,@,Memphis Grizzlies,L,,102,107,45,31,L 1
2009,DAL,2009-04-05,3:30p,,Phoenix Suns,W,,140,116,46,31,W 1
2009,DAL,2009-04-08,9:30p,,Utah Jazz,W,,130,101,47,31,W 2
2009,DAL,2009-04-10,8:30p,,New Orleans Hornets,W,,100,92,48,31,W 3
2009,DAL,2009-04-12,1:00p,@,New Orleans Hornets,L,,92,102,48,32,L 1
2009,DAL,2009-04-13,8:30p,,Minnesota Timberwolves,W,,96,94,49,32,W 1
2009,DAL,2009-04-15,8:00p,,Houston Rockets,W,,95,84,50,32,W 2
2009,DAL,2009-04-18,8:00p,@,San Antonio Spurs,W,,105,97,1,0,W 1
2009,DAL,2009-04-20,9:30p,@,San Antonio Spurs,L,,84,105,1,1,L 1
2009,DAL,2009-04-23,8:30p,,San Antonio Spurs,W,,88,67,2,1,W 1
2009,DAL,2009-04-25,4:00p,,San Antonio Spurs,W,,99,90,3,1,W 2
2009,DAL,2009-04-28,9:30p,@,San Antonio Spurs,W,,106,93,4,1,W 3
2009,DAL,2009-05-03,3:30p,@,Denver Nuggets,L,,95,109,4,2,L 1
2009,DAL,2009-05-05,10:30p,@,Denver Nuggets,L,,105,117,4,3,L 2
2009,DAL,2009-05-09,5:00p,,Denver Nuggets,L,,105,106,4,4,L 3
2009,DAL,2009-05-11,9:30p,,Denver Nuggets,W,,119,117,5,4,W 1
2009,DAL,2009-05-13,9:00p,@,Denver Nuggets,L,,110,124,5,5,L 1
2009,DEN,2008-10-29,9:00p,@,Utah Jazz,L,,94,98,0,1,L 1
2009,DEN,2008-10-31,10:30p,@,Los Angeles Clippers,W,OT,113,103,1,1,W 1
2009,DEN,2008-11-01,9:00p,,Los Angeles Lakers,L,,97,104,1,2,L 1
2009,DEN,2008-11-05,10:30p,@,Golden State Warriors,L,,101,111,1,3,L 2
2009,DEN,2008-11-07,10:30p,,Dallas Mavericks,W,,108,105,2,3,W 1
2009,DEN,2008-11-09,8:00p,,Memphis Grizzlies,W,,100,90,3,3,W 2
2009,DEN,2008-11-11,7:00p,@,Charlotte Bobcats,W,,88,80,4,3,W 3
2009,DEN,2008-11-13,8:00p,@,Cleveland Cavaliers,L,,99,110,4,4,L 1
2009,DEN,2008-11-14,8:00p,@,Boston Celtics,W,,94,85,5,4,W 1
2009,DEN,2008-11-16,8:00p,,Minnesota Timberwolves,W,,90,84,6,4,W 2
2009,DEN,2008-11-18,9:00p,,Milwaukee Bucks,W,,114,105,7,4,W 3
2009,DEN,2008-11-19,8:30p,@,San Antonio Spurs,W,,91,81,8,4,W 4
2009,DEN,2008-11-21,10:30p,@,Los Angeles Lakers,L,,90,104,8,5,L 1
2009,DEN,2008-11-23,9:00p,,Chicago Bulls,W,,114,101,9,5,W 1
2009,DEN,2008-11-26,10:30p,@,Los Angeles Clippers,W,,106,105,10,5,W 2
2009,DEN,2008-11-27,10:30p,,New Orleans Hornets,L,,101,105,10,6,L 1
2009,DEN,2008-11-29,8:00p,@,Minnesota Timberwolves,W,,106,97,11,6,W 1
2009,DEN,2008-11-30,8:00p,,Houston Rockets,W,,104,94,12,6,W 2
2009,DEN,2008-12-02,9:00p,,Toronto Raptors,W,,132,93,13,6,W 3
2009,DEN,2008-12-04,10:30p,,San Antonio Spurs,L,,91,108,13,7,L 1
2009,DEN,2008-12-06,10:00p,@,Sacramento Kings,W,,118,85,14,7,W 1
2009,DEN,2008-12-10,9:00p,,Minnesota Timberwolves,W,,116,105,15,7,W 2
2009,DEN,2008-12-13,9:00p,,Golden State Warriors,W,,123,105,16,7,W 3
2009,DEN,2008-12-15,8:30p,@,Dallas Mavericks,W,,98,88,17,7,W 4
2009,DEN,2008-12-16,8:30p,@,Houston Rockets,L,,96,108,17,8,L 1
2009,DEN,2008-12-19,10:30p,,Cleveland Cavaliers,L,,88,105,17,9,L 2
2009,DEN,2008-12-20,9:00p,@,Phoenix Suns,L,,101,108,17,10,L 3
2009,DEN,2008-12-22,9:00p,,Portland Trail Blazers,W,,97,89,18,10,W 1
2009,DEN,2008-12-23,10:00p,@,Portland Trail Blazers,L,,92,101,18,11,L 1
2009,DEN,2008-12-26,9:00p,,Philadelphia 76ers,W,,105,101,19,11,W 1
2009,DEN,2008-12-28,1:00p,@,New York Knicks,W,,117,110,20,11,W 2
2009,DEN,2008-12-29,7:00p,@,Atlanta Hawks,L,,91,109,20,12,L 1
2009,DEN,2008-12-31,7:00p,@,Toronto Raptors,W,,114,107,21,12,W 1
2009,DEN,2009-01-02,8:00p,@,Oklahoma City Thunder,W,,122,120,22,12,W 2
2009,DEN,2009-01-03,9:00p,,New Orleans Hornets,W,,105,100,23,12,W 3
2009,DEN,2009-01-05,9:00p,,Indiana Pacers,W,,135,115,24,12,W 4
2009,DEN,2009-01-07,9:00p,,Miami Heat,W,,108,97,25,12,W 5
2009,DEN,2009-01-09,9:00p,,Detroit Pistons,L,,90,93,25,13,L 1
2009,DEN,2009-01-13,9:00p,,Dallas Mavericks,W,,99,97,26,13,W 1
2009,DEN,2009-01-15,10:30p,,Phoenix Suns,W,OT,119,113,27,13,W 2
2009,DEN,2009-01-17,9:00p,,Orlando Magic,L,,88,106,27,14,L 1
2009,DEN,2009-01-19,2:00p,@,Houston Rockets,L,,113,115,27,15,L 2
2009,DEN,2009-01-20,9:00p,,Sacramento Kings,W,,118,99,28,15,W 1
2009,DEN,2009-01-25,8:00p,,Utah Jazz,W,,117,97,29,15,W 2
2009,DEN,2009-01-27,8:00p,@,Memphis Grizzlies,W,,100,85,30,15,W 3
2009,DEN,2009-01-28,8:00p,@,New Orleans Hornets,L,,81,94,30,16,L 1
2009,DEN,2009-01-30,9:00p,,Charlotte Bobcats,W,,110,99,31,16,W 1
2009,DEN,2009-02-03,9:00p,,San Antonio Spurs,W,,104,96,32,16,W 2
2009,DEN,2009-02-04,8:00p,@,Oklahoma City Thunder,W,,114,113,33,16,W 3
2009,DEN,2009-02-06,8:00p,@,Washington Wizards,W,,124,103,34,16,W 4
2009,DEN,2009-02-07,7:30p,@,New Jersey Nets,L,,70,114,34,17,L 1
2009,DEN,2009-02-10,7:30p,@,Miami Heat,W,,99,82,35,17,W 1
2009,DEN,2009-02-11,7:00p,@,Orlando Magic,W,,82,73,36,17,W 2
2009,DEN,2009-02-18,7:00p,@,Philadelphia 76ers,W,,101,89,37,17,W 3
2009,DEN,2009-02-20,8:30p,@,Chicago Bulls,L,,99,116,37,18,L 1
2009,DEN,2009-02-22,5:00p,@,Milwaukee Bucks,L,,117,120,37,19,L 2
2009,DEN,2009-02-23,9:00p,,Boston Celtics,L,,76,114,37,20,L 3
2009,DEN,2009-02-25,9:00p,,Atlanta Hawks,W,,110,109,38,20,W 1
2009,DEN,2009-02-27,9:00p,,Los Angeles Lakers,W,,90,79,39,20,W 2
2009,DEN,2009-03-01,7:00p,@,Indiana Pacers,L,,94,100,39,21,L 1
2009,DEN,2009-03-03,7:30p,@,Detroit Pistons,L,,95,100,39,22,L 2
2009,DEN,2009-03-05,10:30p,,Portland Trail Blazers,W,,106,90,40,22,W 1
2009,DEN,2009-03-06,10:30p,@,Utah Jazz,L,,91,97,40,23,L 1
2009,DEN,2009-03-08,9:00p,@,Sacramento Kings,L,,106,114,40,24,L 2
2009,DEN,2009-03-09,9:00p,,Houston Rockets,L,,95,97,40,25,L 3
2009,DEN,2009-03-11,9:00p,,Oklahoma City Thunder,W,,112,99,41,25,W 1
2009,DEN,2009-03-14,9:00p,,Los Angeles Clippers,W,,107,94,42,25,W 2
2009,DEN,2009-03-16,9:00p,,New Jersey Nets,W,,121,96,43,25,W 3
2009,DEN,2009-03-18,8:00p,@,Memphis Grizzlies,W,,111,109,44,25,W 4
2009,DEN,2009-03-20,9:00p,,Washington Wizards,W,,116,105,45,25,W 5
2009,DEN,2009-03-23,10:00p,@,Phoenix Suns,L,,115,118,45,26,L 1
2009,DEN,2009-03-25,8:00p,@,New Orleans Hornets,W,,101,88,46,26,W 1
2009,DEN,2009-03-27,8:30p,@,Dallas Mavericks,W,,103,101,47,26,W 2
2009,DEN,2009-03-28,9:00p,,Golden State Warriors,W,,129,116,48,26,W 3
2009,DEN,2009-03-31,9:00p,,New York Knicks,W,,111,104,49,26,W 4
2009,DEN,2009-04-02,10:30p,,Utah Jazz,W,,114,104,50,26,W 5
2009,DEN,2009-04-04,9:00p,,Los Angeles Clippers,W,,120,104,51,26,W 6
2009,DEN,2009-04-05,7:00p,@,Minnesota Timberwolves,W,,110,87,52,26,W 7
2009,DEN,2009-04-08,9:00p,,Oklahoma City Thunder,W,,122,112,53,26,W 8
2009,DEN,2009-04-09,10:30p,@,Los Angeles Lakers,L,,102,116,53,27,L 1
2009,DEN,2009-04-13,9:00p,,Sacramento Kings,W,,118,98,54,27,W 1
2009,DEN,2009-04-15,10:30p,@,Portland Trail Blazers,L,,76,104,54,28,L 1
2009,DEN,2009-04-19,10:30p,,New Orleans Hornets,W,,113,84,1,0,W 1
2009,DEN,2009-04-22,10:30p,,New Orleans Hornets,W,,108,93,2,0,W 2
2009,DEN,2009-04-25,1:00p,@,New Orleans Hornets,L,,93,95,2,1,L 1
2009,DEN,2009-04-27,8:30p,@,New Orleans Hornets,W,,121,63,3,1,W 1
2009,DEN,2009-04-29,10:30p,,New Orleans Hornets,W,,107,86,4,1,W 2
2009,DEN,2009-05-03,3:30p,,Dallas Mavericks,W,,109,95,5,1,W 3
2009,DEN,2009-05-05,10:30p,,Dallas Mavericks,W,,117,105,6,1,W 4
2009,DEN,2009-05-09,5:00p,@,Dallas Mavericks,W,,106,105,7,1,W 5
2009,DEN,2009-05-11,9:30p,@,Dallas Mavericks,L,,117,119,7,2,L 1
2009,DEN,2009-05-13,9:00p,,Dallas Mavericks,W,,124,110,8,2,W 1
2009,DEN,2009-05-19,9:00p,@,Los Angeles Lakers,L,,103,105,8,3,L 1
2009,DEN,2009-05-21,9:00p,@,Los Angeles Lakers,W,,106,103,9,3,W 1
2009,DEN,2009-05-23,8:30p,,Los Angeles Lakers,L,,97,103,9,4,L 1
2009,DEN,2009-05-25,9:00p,,Los Angeles Lakers,W,,120,101,10,4,W 1
2009,DEN,2009-05-27,9:00p,@,Los Angeles Lakers,L,,94,103,10,5,L 1
2009,DEN,2009-05-29,9:00p,,Los Angeles Lakers,L,,92,119,10,6,L 2
2009,DET,2008-10-29,8:00p,,Indiana Pacers,W,,100,94,1,0,W 1
2009,DET,2008-11-01,7:30p,,Washington Wizards,W,,117,109,2,0,W 2
2009,DET,2008-11-03,7:00p,@,Charlotte Bobcats,W,,101,83,3,0,W 3
2009,DET,2008-11-05,7:00p,@,Toronto Raptors,W,,100,93,4,0,W 4
2009,DET,2008-11-07,7:30p,@,New Jersey Nets,L,,96,103,4,1,L 1
2009,DET,2008-11-09,6:00p,,Boston Celtics,L,,76,88,4,2,L 2
2009,DET,2008-11-11,10:00p,@,Sacramento Kings,W,,100,92,5,2,W 1
2009,DET,2008-11-13,10:30p,@,Golden State Warriors,W,,107,102,6,2,W 2
2009,DET,2008-11-14,10:30p,@,Los Angeles Lakers,W,,106,95,7,2,W 3
2009,DET,2008-11-16,8:00p,@,Phoenix Suns,L,,86,104,7,3,L 1
2009,DET,2008-11-19,7:30p,,Cleveland Cavaliers,W,,96,89,8,3,W 1
2009,DET,2008-11-20,8:00p,@,Boston Celtics,L,,80,98,8,4,L 1
2009,DET,2008-11-23,6:00p,,Minnesota Timberwolves,L,,80,106,8,5,L 2
2009,DET,2008-11-26,8:00p,,New York Knicks,W,,110,96,9,5,W 1
2009,DET,2008-11-28,8:00p,,Milwaukee Bucks,W,,107,97,10,5,W 2
2009,DET,2008-11-30,3:00p,,Portland Trail Blazers,L,,85,96,10,6,L 1
2009,DET,2008-12-02,8:30p,@,San Antonio Spurs,W,,89,77,11,6,W 1
2009,DET,2008-12-05,8:00p,,Philadelphia 76ers,L,,91,96,11,7,L 1
2009,DET,2008-12-07,12:00p,@,New York Knicks,L,,92,104,11,8,L 2
2009,DET,2008-12-09,7:00p,@,Washington Wizards,L,,94,107,11,9,L 3
2009,DET,2008-12-12,8:00p,,Indiana Pacers,W,,114,110,12,9,W 1
2009,DET,2008-12-13,7:00p,@,Charlotte Bobcats,W,,90,86,13,9,W 2
2009,DET,2008-12-17,7:30p,,Washington Wizards,W,,88,74,14,9,W 3
2009,DET,2008-12-19,8:00p,,Utah Jazz,L,2OT,114,120,14,10,L 1
2009,DET,2008-12-21,2:00p,@,Atlanta Hawks,L,,78,85,14,11,L 2
2009,DET,2008-12-23,8:00p,,Chicago Bulls,W,,104,98,15,11,W 1
2009,DET,2008-12-26,8:00p,,Oklahoma City Thunder,W,,90,88,16,11,W 2
2009,DET,2008-12-27,8:30p,@,Milwaukee Bucks,W,,87,76,17,11,W 3
2009,DET,2008-12-29,7:30p,,Orlando Magic,W,,88,82,18,11,W 4
2009,DET,2008-12-31,3:00p,,New Jersey Nets,W,,83,75,19,11,W 5
2009,DET,2009-01-02,8:00p,,Sacramento Kings,W,,98,92,20,11,W 6
2009,DET,2009-01-04,3:30p,@,Los Angeles Clippers,W,,88,87,21,11,W 7
2009,DET,2009-01-07,10:00p,@,Portland Trail Blazers,L,,83,84,21,12,L 1
2009,DET,2009-01-09,9:00p,@,Denver Nuggets,W,,93,90,22,12,W 1
2009,DET,2009-01-10,9:00p,@,Utah Jazz,L,,82,99,22,13,L 1
2009,DET,2009-01-13,7:30p,,Charlotte Bobcats,L,,78,80,22,14,L 2
2009,DET,2009-01-14,7:00p,@,Indiana Pacers,L,OT,106,110,22,15,L 3
2009,DET,2009-01-16,8:00p,@,Oklahoma City Thunder,L,,79,89,22,16,L 4
2009,DET,2009-01-17,7:30p,,New Orleans Hornets,L,,85,91,22,17,L 5
2009,DET,2009-01-19,5:30p,@,Memphis Grizzlies,W,,87,79,23,17,W 1
2009,DET,2009-01-21,7:30p,,Toronto Raptors,W,,95,76,24,17,W 2
2009,DET,2009-01-23,7:00p,,Dallas Mavericks,L,,91,112,24,18,L 1
2009,DET,2009-01-25,6:30p,,Houston Rockets,L,,105,108,24,19,L 2
2009,DET,2009-01-28,8:00p,@,Minnesota Timberwolves,W,,98,89,25,19,W 1
2009,DET,2009-01-30,7:00p,,Boston Celtics,L,,78,86,25,20,L 1
2009,DET,2009-02-01,2:30p,,Cleveland Cavaliers,L,,80,90,25,21,L 2
2009,DET,2009-02-04,7:30p,,Miami Heat,W,,93,90,26,21,W 1
2009,DET,2009-02-07,8:30p,@,Milwaukee Bucks,W,OT,126,121,27,21,W 2
2009,DET,2009-02-08,8:00p,,Phoenix Suns,L,,97,107,27,22,L 1
2009,DET,2009-02-10,8:30p,@,Chicago Bulls,L,,102,107,27,23,L 2
2009,DET,2009-02-11,7:30p,,Atlanta Hawks,L,,95,99,27,24,L 3
2009,DET,2009-02-17,7:30p,,Milwaukee Bucks,L,,86,92,27,25,L 4
2009,DET,2009-02-19,8:00p,,San Antonio Spurs,L,,79,83,27,26,L 5
2009,DET,2009-02-22,8:00p,@,Cleveland Cavaliers,L,,78,99,27,27,L 6
2009,DET,2009-02-24,7:30p,@,Miami Heat,L,,91,103,27,28,L 7
2009,DET,2009-02-25,8:00p,@,New Orleans Hornets,L,,87,90,27,29,L 8
2009,DET,2009-02-27,7:00p,@,Orlando Magic,W,,93,85,28,29,W 1
2009,DET,2009-03-01,1:00p,@,Boston Celtics,W,,105,95,29,29,W 2
2009,DET,2009-03-03,7:30p,,Denver Nuggets,W,,100,95,30,29,W 3
2009,DET,2009-03-06,8:00p,,Golden State Warriors,W,,108,91,31,29,W 4
2009,DET,2009-03-07,7:00p,@,Atlanta Hawks,L,,83,87,31,30,L 1
2009,DET,2009-03-09,7:30p,,Orlando Magic,W,,98,94,32,30,W 1
2009,DET,2009-03-11,7:30p,,New York Knicks,L,OT,111,116,32,31,L 1
2009,DET,2009-03-13,7:00p,@,Toronto Raptors,W,OT,99,95,33,31,W 1
2009,DET,2009-03-15,1:00p,,Memphis Grizzlies,L,,84,89,33,32,L 1
2009,DET,2009-03-17,8:30p,@,Dallas Mavericks,L,,101,103,33,33,L 2
2009,DET,2009-03-18,9:30p,@,Houston Rockets,L,2OT,101,106,33,34,L 3
2009,DET,2009-03-20,8:00p,,Los Angeles Clippers,W,,108,90,34,34,W 1
2009,DET,2009-03-22,1:00p,,Miami Heat,L,,96,101,34,35,L 1
2009,DET,2009-03-24,8:00p,@,Chicago Bulls,L,,91,99,34,36,L 2
2009,DET,2009-03-26,7:30p,,Los Angeles Lakers,L,,77,92,34,37,L 3
2009,DET,2009-03-28,7:00p,@,Washington Wizards,W,,98,96,35,37,W 1
2009,DET,2009-03-29,6:00p,,Philadelphia 76ers,W,,101,97,36,37,W 2
2009,DET,2009-03-31,7:00p,@,Cleveland Cavaliers,L,,73,79,36,38,L 1
2009,DET,2009-04-01,7:30p,@,New Jersey Nets,L,,98,111,36,39,L 2
2009,DET,2009-04-04,3:00p,@,Philadelphia 76ers,L,,90,95,36,40,L 3
2009,DET,2009-04-05,6:00p,,Charlotte Bobcats,W,,104,97,37,40,W 1
2009,DET,2009-04-08,7:30p,@,New York Knicks,W,,113,86,38,40,W 2
2009,DET,2009-04-10,8:00p,,New Jersey Nets,W,,100,93,39,40,W 3
2009,DET,2009-04-11,7:00p,@,Indiana Pacers,L,,102,106,39,41,L 1
2009,DET,2009-04-13,7:30p,,Chicago Bulls,L,,88,91,39,42,L 2
2009,DET,2009-04-15,8:00p,@,Miami Heat,L,OT,96,102,39,43,L 3
2009,DET,2009-04-18,3:00p,@,Cleveland Cavaliers,L,,84,102,0,1,L 1
2009,DET,2009-04-21,8:00p,@,Cleveland Cavaliers,L,,82,94,0,2,L 2
2009,DET,2009-04-24,7:00p,,Cleveland Cavaliers,L,,68,79,0,3,L 3
2009,DET,2009-04-26,3:30p,,Cleveland Cavaliers,L,,78,99,0,4,L 4
2009,GSW,2008-10-29,10:30p,,New Orleans Hornets,L,,103,108,0,1,L 1
2009,GSW,2008-10-31,7:00p,@,Toronto Raptors,L,OT,108,112,0,2,L 2
2009,GSW,2008-11-01,7:30p,@,New Jersey Nets,W,,105,97,1,2,W 1
2009,GSW,2008-11-03,8:00p,@,Memphis Grizzlies,L,,79,90,1,3,L 1
2009,GSW,2008-11-05,10:30p,,Denver Nuggets,W,,111,101,2,3,W 1
2009,GSW,2008-11-07,10:30p,,Memphis Grizzlies,L,,104,109,2,4,L 1
2009,GSW,2008-11-09,9:00p,@,Sacramento Kings,L,,98,115,2,5,L 2
2009,GSW,2008-11-11,10:30p,,Minnesota Timberwolves,W,OT,113,110,3,5,W 1
2009,GSW,2008-11-13,10:30p,,Detroit Pistons,L,,102,107,3,6,L 1
2009,GSW,2008-11-15,3:30p,@,Los Angeles Clippers,W,,121,103,4,6,W 1
2009,GSW,2008-11-18,10:30p,,Portland Trail Blazers,W,,111,106,5,6,W 2
2009,GSW,2008-11-21,10:30p,,Chicago Bulls,L,,110,115,5,7,L 1
2009,GSW,2008-11-23,5:00p,@,Philadelphia 76ers,L,,81,89,5,8,L 2
2009,GSW,2008-11-25,7:00p,@,Washington Wizards,L,,100,124,5,9,L 3
2009,GSW,2008-11-26,7:30p,@,Boston Celtics,L,,111,119,5,10,L 4
2009,GSW,2008-11-28,7:30p,@,Cleveland Cavaliers,L,,97,112,5,11,L 5
2009,GSW,2008-11-29,7:30p,@,New York Knicks,L,,125,138,5,12,L 6
2009,GSW,2008-12-01,10:30p,,Miami Heat,L,OT,129,130,5,13,L 7
2009,GSW,2008-12-05,8:30p,@,Houston Rockets,L,,112,131,5,14,L 8
2009,GSW,2008-12-06,8:30p,@,San Antonio Spurs,L,,88,123,5,15,L 9
2009,GSW,2008-12-08,8:00p,@,Oklahoma City Thunder,W,,112,102,6,15,W 1
2009,GSW,2008-12-10,10:30p,,Milwaukee Bucks,W,,119,96,7,15,W 2
2009,GSW,2008-12-12,10:30p,,Houston Rockets,L,,108,119,7,16,L 1
2009,GSW,2008-12-13,9:00p,@,Denver Nuggets,L,,105,123,7,17,L 2
2009,GSW,2008-12-15,10:30p,,Orlando Magic,L,,98,109,7,18,L 3
2009,GSW,2008-12-17,7:00p,@,Indiana Pacers,L,,120,127,7,19,L 4
2009,GSW,2008-12-19,7:30p,@,Atlanta Hawks,L,,99,115,7,20,L 5
2009,GSW,2008-12-20,7:00p,@,Charlotte Bobcats,W,,110,103,8,20,W 1
2009,GSW,2008-12-22,7:00p,@,Orlando Magic,L,,81,113,8,21,L 1
2009,GSW,2008-12-23,7:30p,@,Miami Heat,L,,88,96,8,22,L 2
2009,GSW,2008-12-26,10:30p,,Boston Celtics,W,,99,89,9,22,W 1
2009,GSW,2008-12-28,9:30p,@,Los Angeles Lakers,L,,113,130,9,23,L 1
2009,GSW,2008-12-29,10:30p,,Toronto Raptors,W,,117,111,10,23,W 1
2009,GSW,2008-12-31,8:00p,@,Oklahoma City Thunder,L,,100,107,10,24,L 1
2009,GSW,2009-01-02,8:00p,@,Minnesota Timberwolves,L,,108,115,10,25,L 2
2009,GSW,2009-01-05,9:00p,@,Utah Jazz,L,,114,119,10,26,L 3
2009,GSW,2009-01-07,10:30p,,Los Angeles Lakers,L,,106,114,10,27,L 4
2009,GSW,2009-01-10,10:00p,@,Portland Trail Blazers,L,,100,113,10,28,L 5
2009,GSW,2009-01-11,9:00p,,Indiana Pacers,W,,120,117,11,28,W 1
2009,GSW,2009-01-14,10:30p,,Sacramento Kings,L,3OT,133,135,11,29,L 1
2009,GSW,2009-01-16,10:30p,,Atlanta Hawks,W,,119,114,12,29,W 1
2009,GSW,2009-01-19,4:00p,,Washington Wizards,W,,119,98,13,29,W 2
2009,GSW,2009-01-21,10:30p,,Oklahoma City Thunder,L,,121,122,13,30,L 1
2009,GSW,2009-01-23,10:30p,,Cleveland Cavaliers,L,,105,106,13,31,L 2
2009,GSW,2009-01-25,9:00p,,Los Angeles Clippers,W,,107,92,14,31,W 1
2009,GSW,2009-01-28,9:00p,@,Dallas Mavericks,L,,93,117,14,32,L 1
2009,GSW,2009-01-30,9:30p,@,New Orleans Hornets,W,,91,87,15,32,W 1
2009,GSW,2009-01-31,8:30p,@,Houston Rockets,L,,93,110,15,33,L 1
2009,GSW,2009-02-02,10:30p,,San Antonio Spurs,L,OT,105,110,15,34,L 2
2009,GSW,2009-02-04,10:30p,,Phoenix Suns,W,,124,112,16,34,W 1
2009,GSW,2009-02-06,10:30p,@,Phoenix Suns,L,,105,115,16,35,L 1
2009,GSW,2009-02-08,9:00p,,Utah Jazz,W,,116,96,17,35,W 1
2009,GSW,2009-02-10,10:30p,,New York Knicks,W,,144,127,18,35,W 2
2009,GSW,2009-02-12,10:30p,,Portland Trail Blazers,W,,105,98,19,35,W 3
2009,GSW,2009-02-18,10:30p,,Los Angeles Lakers,L,,121,129,19,36,L 1
2009,GSW,2009-02-21,10:30p,,Oklahoma City Thunder,W,,133,120,20,36,W 1
2009,GSW,2009-02-23,10:30p,@,Los Angeles Clippers,L,,105,118,20,37,L 1
2009,GSW,2009-02-27,10:30p,,Charlotte Bobcats,L,,109,112,20,38,L 2
2009,GSW,2009-03-01,9:00p,,Utah Jazz,L,,104,112,20,39,L 3
2009,GSW,2009-03-03,8:00p,@,Minnesota Timberwolves,W,,118,94,21,39,W 1
2009,GSW,2009-03-04,8:30p,@,Chicago Bulls,L,,88,110,21,40,L 1
2009,GSW,2009-03-06,8:00p,@,Detroit Pistons,L,,91,108,21,41,L 2
2009,GSW,2009-03-07,8:30p,@,Milwaukee Bucks,L,,120,127,21,42,L 3
2009,GSW,2009-03-11,10:30p,,New Jersey Nets,W,,116,112,22,42,W 1
2009,GSW,2009-03-13,10:30p,,Dallas Mavericks,W,,119,110,23,42,W 2
2009,GSW,2009-03-15,9:00p,,Phoenix Suns,L,,130,154,23,43,L 1
2009,GSW,2009-03-17,10:30p,,Los Angeles Clippers,W,,127,120,24,43,W 1
2009,GSW,2009-03-19,10:30p,@,Los Angeles Lakers,L,,106,114,24,44,L 1
2009,GSW,2009-03-20,10:30p,,Philadelphia 76ers,W,,119,111,25,44,W 1
2009,GSW,2009-03-22,7:00p,@,New Orleans Hornets,L,,89,99,25,45,L 1
2009,GSW,2009-03-24,8:30p,@,San Antonio Spurs,L,,106,107,25,46,L 2
2009,GSW,2009-03-25,8:30p,@,Dallas Mavericks,L,,106,128,25,47,L 3
2009,GSW,2009-03-28,9:00p,@,Denver Nuggets,L,,116,129,25,48,L 4
2009,GSW,2009-03-30,10:30p,,Memphis Grizzlies,L,,109,114,25,49,L 5
2009,GSW,2009-04-01,10:30p,,Sacramento Kings,W,OT,143,141,26,49,W 1
2009,GSW,2009-04-03,10:30p,,New Orleans Hornets,W,,111,103,27,49,W 2
2009,GSW,2009-04-05,9:00p,@,Sacramento Kings,W,,105,100,28,49,W 3
2009,GSW,2009-04-08,10:30p,,Minnesota Timberwolves,L,,97,105,28,50,L 1
2009,GSW,2009-04-10,10:30p,,Houston Rockets,L,,109,113,28,51,L 2
2009,GSW,2009-04-11,9:00p,@,Utah Jazz,W,,118,108,29,51,W 1
2009,GSW,2009-04-13,10:30p,,San Antonio Spurs,L,,72,101,29,52,L 1
2009,GSW,2009-04-15,10:30p,@,Phoenix Suns,L,,113,117,29,53,L 2
2009,HOU,2008-10-29,8:30p,,Memphis Grizzlies,W,,82,71,1,0,W 1
2009,HOU,2008-10-30,8:00p,@,Dallas Mavericks,W,,112,102,2,0,W 2
2009,HOU,2008-11-01,8:30p,,Oklahoma City Thunder,W,,89,77,3,0,W 3
2009,HOU,2008-11-04,8:30p,,Boston Celtics,L,,99,103,3,1,L 1
2009,HOU,2008-11-06,10:30p,@,Portland Trail Blazers,L,OT,99,101,3,2,L 2
2009,HOU,2008-11-07,10:30p,@,Los Angeles Clippers,W,,92,83,4,2,W 1
2009,HOU,2008-11-09,9:30p,@,Los Angeles Lakers,L,,82,111,4,3,L 1
2009,HOU,2008-11-12,10:30p,@,Phoenix Suns,W,,94,82,5,3,W 1
2009,HOU,2008-11-14,8:30p,@,San Antonio Spurs,L,,75,77,5,4,L 1
2009,HOU,2008-11-15,8:30p,,New Orleans Hornets,W,,91,82,6,4,W 1
2009,HOU,2008-11-17,8:00p,@,Oklahoma City Thunder,W,,100,89,7,4,W 2
2009,HOU,2008-11-19,8:00p,,Dallas Mavericks,L,,86,96,7,5,L 1
2009,HOU,2008-11-21,7:00p,@,Washington Wizards,W,,103,91,8,5,W 1
2009,HOU,2008-11-22,7:00p,@,Orlando Magic,W,,100,95,9,5,W 2
2009,HOU,2008-11-24,7:30p,@,Miami Heat,W,,107,98,10,5,W 3
2009,HOU,2008-11-26,8:30p,,Indiana Pacers,L,,90,91,10,6,L 1
2009,HOU,2008-11-29,8:30p,,San Antonio Spurs,W,,103,84,11,6,W 1
2009,HOU,2008-11-30,8:00p,@,Denver Nuggets,L,,94,104,11,7,L 1
2009,HOU,2008-12-03,8:30p,,Los Angeles Clippers,W,,103,96,12,7,W 1
2009,HOU,2008-12-05,8:30p,,Golden State Warriors,W,,131,112,13,7,W 2
2009,HOU,2008-12-08,8:00p,@,Memphis Grizzlies,L,,97,109,13,8,L 1
2009,HOU,2008-12-09,8:30p,,Atlanta Hawks,W,,92,84,14,8,W 1
2009,HOU,2008-12-12,10:30p,@,Golden State Warriors,W,,119,108,15,8,W 2
2009,HOU,2008-12-13,10:30p,@,Los Angeles Clippers,L,,82,95,15,9,L 1
2009,HOU,2008-12-16,8:30p,,Denver Nuggets,W,,108,96,16,9,W 1
2009,HOU,2008-12-19,8:30p,,Sacramento Kings,W,,107,96,17,9,W 2
2009,HOU,2008-12-20,8:00p,@,Minnesota Timberwolves,W,,109,102,18,9,W 3
2009,HOU,2008-12-22,7:30p,@,New Jersey Nets,W,,114,91,19,9,W 4
2009,HOU,2008-12-23,7:00p,@,Cleveland Cavaliers,L,,90,99,19,10,L 1
2009,HOU,2008-12-26,8:00p,@,New Orleans Hornets,L,,79,88,19,11,L 2
2009,HOU,2008-12-27,8:30p,,Utah Jazz,W,2OT,120,115,20,11,W 1
2009,HOU,2008-12-29,8:30p,,Washington Wizards,L,,87,89,20,12,L 1
2009,HOU,2008-12-31,7:00p,,Milwaukee Bucks,W,,85,81,21,12,W 1
2009,HOU,2009-01-02,7:00p,@,Toronto Raptors,L,,73,94,21,13,L 1
2009,HOU,2009-01-03,7:00p,@,Atlanta Hawks,L,,100,103,21,14,L 2
2009,HOU,2009-01-06,7:00p,@,Philadelphia 76ers,L,,96,104,21,15,L 3
2009,HOU,2009-01-07,7:30p,@,Boston Celtics,W,,89,85,22,15,W 1
2009,HOU,2009-01-09,8:00p,@,Oklahoma City Thunder,W,,98,96,23,15,W 2
2009,HOU,2009-01-10,8:30p,,New York Knicks,W,,96,76,24,15,W 3
2009,HOU,2009-01-13,8:30p,,Los Angeles Lakers,L,,100,105,24,16,L 1
2009,HOU,2009-01-17,8:30p,,Miami Heat,W,,93,86,25,16,W 1
2009,HOU,2009-01-19,2:00p,,Denver Nuggets,W,,115,113,26,16,W 2
2009,HOU,2009-01-21,8:30p,,Utah Jazz,W,,108,99,27,16,W 3
2009,HOU,2009-01-23,7:00p,@,Indiana Pacers,L,,102,107,27,17,L 1
2009,HOU,2009-01-25,6:30p,@,Detroit Pistons,W,,108,105,28,17,W 1
2009,HOU,2009-01-26,7:30p,@,New York Knicks,L,,98,104,28,18,L 1
2009,HOU,2009-01-28,8:30p,,Philadelphia 76ers,L,,93,95,28,19,L 2
2009,HOU,2009-01-31,8:30p,,Golden State Warriors,W,,110,93,29,19,W 1
2009,HOU,2009-02-03,8:30p,,Chicago Bulls,W,,107,100,30,19,W 2
2009,HOU,2009-02-04,8:00p,@,Memphis Grizzlies,L,,93,104,30,20,L 1
2009,HOU,2009-02-07,8:30p,,Minnesota Timberwolves,W,,107,90,31,20,W 1
2009,HOU,2009-02-09,8:00p,@,Milwaukee Bucks,L,,112,124,31,21,L 1
2009,HOU,2009-02-11,8:30p,,Sacramento Kings,W,,94,82,32,21,W 1
2009,HOU,2009-02-17,8:30p,,New Jersey Nets,W,,114,88,33,21,W 2
2009,HOU,2009-02-20,8:00p,,Dallas Mavericks,W,,93,86,34,21,W 3
2009,HOU,2009-02-22,5:00p,,Charlotte Bobcats,W,,99,78,35,21,W 4
2009,HOU,2009-02-24,8:30p,,Portland Trail Blazers,W,,98,94,36,21,W 5
2009,HOU,2009-02-26,8:00p,,Cleveland Cavaliers,W,,93,74,37,21,W 6
2009,HOU,2009-02-28,8:30p,@,Chicago Bulls,L,,102,105,37,22,L 1
2009,HOU,2009-03-01,7:00p,@,Minnesota Timberwolves,W,,105,94,38,22,W 1
2009,HOU,2009-03-03,8:30p,,Toronto Raptors,W,,107,97,39,22,W 2
2009,HOU,2009-03-04,9:00p,@,Utah Jazz,L,,94,101,39,23,L 1
2009,HOU,2009-03-06,8:30p,,Phoenix Suns,W,,116,112,40,23,W 1
2009,HOU,2009-03-08,7:00p,,Memphis Grizzlies,W,,93,83,41,23,W 2
2009,HOU,2009-03-09,9:00p,@,Denver Nuggets,W,,97,95,42,23,W 3
2009,HOU,2009-03-11,8:30p,,Los Angeles Lakers,L,,96,102,42,24,L 1
2009,HOU,2009-03-13,7:00p,@,Charlotte Bobcats,W,,91,86,43,24,W 1
2009,HOU,2009-03-14,8:30p,,San Antonio Spurs,L,,85,88,43,25,L 1
2009,HOU,2009-03-16,8:00p,@,New Orleans Hornets,W,,95,84,44,25,W 1
2009,HOU,2009-03-18,9:30p,,Detroit Pistons,W,2OT,106,101,45,25,W 2
2009,HOU,2009-03-20,8:30p,,Minnesota Timberwolves,W,,107,88,46,25,W 3
2009,HOU,2009-03-22,3:30p,@,San Antonio Spurs,W,,87,85,47,25,W 4
2009,HOU,2009-03-24,10:30p,@,Utah Jazz,L,,86,99,47,26,L 1
2009,HOU,2009-03-28,8:30p,,Los Angeles Clippers,W,,110,93,48,26,W 1
2009,HOU,2009-04-01,10:00p,@,Phoenix Suns,L,,109,114,48,27,L 1
2009,HOU,2009-04-03,10:30p,@,Los Angeles Lakers,L,,81,93,48,28,L 2
2009,HOU,2009-04-05,7:00p,,Portland Trail Blazers,W,,102,88,49,28,W 1
2009,HOU,2009-04-07,8:30p,,Orlando Magic,W,,93,83,50,28,W 2
2009,HOU,2009-04-09,10:00p,@,Sacramento Kings,W,,115,98,51,28,W 3
2009,HOU,2009-04-10,10:30p,@,Golden State Warriors,W,,113,109,52,28,W 4
2009,HOU,2009-04-13,8:30p,,New Orleans Hornets,W,,86,66,53,28,W 5
2009,HOU,2009-04-15,8:00p,@,Dallas Mavericks,L,,84,95,53,29,L 1
2009,HOU,2009-04-18,10:30p,@,Portland Trail Blazers,W,,108,81,1,0,W 1
2009,HOU,2009-04-21,10:00p,@,Portland Trail Blazers,L,,103,107,1,1,L 1
2009,HOU,2009-04-24,9:30p,,Portland Trail Blazers,W,,86,83,2,1,W 1
2009,HOU,2009-04-26,9:00p,,Portland Trail Blazers,W,,89,88,3,1,W 2
2009,HOU,2009-04-28,10:00p,@,Portland Trail Blazers,L,,77,88,3,2,L 1
2009,HOU,2009-04-30,9:30p,,Portland Trail Blazers,W,,92,76,4,2,W 1
2009,HOU,2009-05-04,10:30p,@,Los Angeles Lakers,W,,100,92,5,2,W 2
2009,HOU,2009-05-06,10:30p,@,Los Angeles Lakers,L,,98,111,5,3,L 1
2009,HOU,2009-05-08,9:30p,,Los Angeles Lakers,L,,94,108,5,4,L 2
2009,HOU,2009-05-10,3:30p,,Los Angeles Lakers,W,,99,87,6,4,W 1
2009,HOU,2009-05-12,10:30p,@,Los Angeles Lakers,L,,78,118,6,5,L 1
2009,HOU,2009-05-14,9:30p,,Los Angeles Lakers,W,,95,80,7,5,W 1
2009,HOU,2009-05-17,3:30p,@,Los Angeles Lakers,L,,70,89,7,6,L 1
2009,IND,2008-10-29,8:00p,@,Detroit Pistons,L,,94,100,0,1,L 1
2009,IND,2008-11-01,7:00p,,Boston Celtics,W,,95,79,1,1,W 1
2009,IND,2008-11-05,7:00p,,Phoenix Suns,L,,103,113,1,2,L 1
2009,IND,2008-11-07,7:30p,@,Cleveland Cavaliers,L,,107,111,1,3,L 2
2009,IND,2008-11-08,7:00p,,New Jersey Nets,W,,98,80,2,3,W 1
2009,IND,2008-11-10,7:00p,,Oklahoma City Thunder,W,,107,99,3,3,W 2
2009,IND,2008-11-12,7:30p,@,New Jersey Nets,W,,98,87,4,3,W 3
2009,IND,2008-11-14,7:00p,,Philadelphia 76ers,L,,92,94,4,4,L 1
2009,IND,2008-11-15,8:30p,@,Chicago Bulls,L,,91,104,4,5,L 2
2009,IND,2008-11-18,7:00p,,Atlanta Hawks,W,,113,96,5,5,W 1
2009,IND,2008-11-21,7:00p,,Orlando Magic,L,OT,98,100,5,6,L 1
2009,IND,2008-11-22,7:30p,@,Miami Heat,L,,100,109,5,7,L 2
2009,IND,2008-11-25,8:30p,@,Dallas Mavericks,L,,106,109,5,8,L 3
2009,IND,2008-11-26,8:30p,@,Houston Rockets,W,,91,90,6,8,W 1
2009,IND,2008-11-28,8:00p,,Charlotte Bobcats,L,OT,108,115,6,9,L 1
2009,IND,2008-11-29,7:00p,@,Orlando Magic,L,,96,110,6,10,L 2
2009,IND,2008-12-02,7:00p,,Los Angeles Lakers,W,,118,117,7,10,W 1
2009,IND,2008-12-03,7:30p,@,Boston Celtics,L,,96,114,7,11,L 1
2009,IND,2008-12-05,7:30p,@,Cleveland Cavaliers,L,,73,97,7,12,L 2
2009,IND,2008-12-07,6:00p,,Boston Celtics,L,OT,117,122,7,13,L 3
2009,IND,2008-12-10,7:00p,@,Toronto Raptors,L,,88,101,7,14,L 4
2009,IND,2008-12-12,8:00p,@,Detroit Pistons,L,,110,114,7,15,L 5
2009,IND,2008-12-13,8:30p,@,Milwaukee Bucks,L,,103,121,7,16,L 6
2009,IND,2008-12-15,7:00p,@,Washington Wizards,W,,118,98,8,16,W 1
2009,IND,2008-12-17,7:00p,,Golden State Warriors,W,,127,120,9,16,W 2
2009,IND,2008-12-19,7:00p,,Los Angeles Clippers,L,2OT,109,117,9,17,L 1
2009,IND,2008-12-20,7:30p,@,Philadelphia 76ers,W,,95,94,10,17,W 1
2009,IND,2008-12-23,7:00p,,New Jersey Nets,L,,107,108,10,18,L 1
2009,IND,2008-12-26,8:00p,@,Memphis Grizzlies,L,,105,108,10,19,L 2
2009,IND,2008-12-28,7:00p,,New Orleans Hornets,L,,103,105,10,20,L 3
2009,IND,2008-12-30,7:00p,,Atlanta Hawks,L,,104,110,10,21,L 4
2009,IND,2009-01-02,7:30p,@,New York Knicks,W,,105,103,11,21,W 1
2009,IND,2009-01-03,6:00p,,Sacramento Kings,W,,122,117,12,21,W 2
2009,IND,2009-01-05,9:00p,@,Denver Nuggets,L,,115,135,12,22,L 1
2009,IND,2009-01-07,9:00p,@,Phoenix Suns,W,,113,110,13,22,W 1
2009,IND,2009-01-09,10:30p,@,Los Angeles Lakers,L,,119,121,13,23,L 1
2009,IND,2009-01-11,9:00p,@,Golden State Warriors,L,,117,120,13,24,L 2
2009,IND,2009-01-12,9:00p,@,Utah Jazz,L,,113,120,13,25,L 3
2009,IND,2009-01-14,7:00p,,Detroit Pistons,W,OT,110,106,14,25,W 1
2009,IND,2009-01-16,7:00p,,Toronto Raptors,W,,111,104,15,25,W 2
2009,IND,2009-01-19,3:30p,@,New Orleans Hornets,L,,100,103,15,26,L 1
2009,IND,2009-01-20,8:30p,@,San Antonio Spurs,L,,81,99,15,27,L 2
2009,IND,2009-01-23,7:00p,,Houston Rockets,W,,107,102,16,27,W 1
2009,IND,2009-01-25,7:00p,,Charlotte Bobcats,W,,98,93,17,27,W 2
2009,IND,2009-01-27,7:00p,@,Orlando Magic,L,,111,135,17,28,L 1
2009,IND,2009-01-28,7:00p,,Milwaukee Bucks,W,,107,99,18,28,W 1
2009,IND,2009-01-30,7:00p,,Miami Heat,W,,114,103,19,28,W 2
2009,IND,2009-01-31,7:00p,,New York Knicks,L,,113,122,19,29,L 1
2009,IND,2009-02-03,7:00p,,Minnesota Timberwolves,L,,111,116,19,30,L 2
2009,IND,2009-02-05,7:00p,@,Philadelphia 76ers,L,,94,99,19,31,L 3
2009,IND,2009-02-06,7:00p,,Orlando Magic,W,,107,102,20,31,W 1
2009,IND,2009-02-08,6:00p,@,Washington Wizards,L,,117,119,20,32,L 1
2009,IND,2009-02-10,7:00p,,Cleveland Cavaliers,W,,96,95,21,32,W 1
2009,IND,2009-02-11,8:00p,@,Milwaukee Bucks,L,,110,122,21,33,L 1
2009,IND,2009-02-17,7:00p,,Philadelphia 76ers,W,,100,91,22,33,W 1
2009,IND,2009-02-18,7:00p,@,Charlotte Bobcats,L,,94,103,22,34,L 1
2009,IND,2009-02-20,8:00p,@,Minnesota Timberwolves,W,,112,105,23,34,W 1
2009,IND,2009-02-22,12:00p,,Chicago Bulls,W,,98,91,24,34,W 2
2009,IND,2009-02-23,7:30p,@,New York Knicks,L,,119,123,24,35,L 1
2009,IND,2009-02-25,7:00p,,Memphis Grizzlies,W,,104,99,25,35,W 1
2009,IND,2009-02-27,7:30p,@,Boston Celtics,L,,99,104,25,36,L 1
2009,IND,2009-03-01,7:00p,,Denver Nuggets,W,,100,94,26,36,W 1
2009,IND,2009-03-03,10:00p,@,Sacramento Kings,W,,117,109,27,36,W 2
2009,IND,2009-03-04,10:00p,@,Portland Trail Blazers,L,,105,107,27,37,L 1
2009,IND,2009-03-07,10:30p,@,Los Angeles Clippers,W,,106,105,28,37,W 1
2009,IND,2009-03-10,7:00p,,Utah Jazz,L,,100,112,28,38,L 1
2009,IND,2009-03-13,7:30p,@,Atlanta Hawks,L,,87,101,28,39,L 2
2009,IND,2009-03-15,12:30p,@,Toronto Raptors,L,,87,110,28,40,L 3
2009,IND,2009-03-18,7:00p,,Portland Trail Blazers,L,,85,95,28,41,L 4
2009,IND,2009-03-20,7:00p,,Dallas Mavericks,L,,92,94,28,42,L 5
2009,IND,2009-03-21,7:00p,@,Charlotte Bobcats,W,,108,83,29,42,W 1
2009,IND,2009-03-25,7:00p,,Miami Heat,W,,90,88,30,42,W 2
2009,IND,2009-03-28,2:00p,@,Chicago Bulls,L,,106,112,30,43,L 1
2009,IND,2009-03-29,7:00p,,Washington Wizards,W,,124,115,31,43,W 1
2009,IND,2009-03-31,7:00p,,Chicago Bulls,W,,107,105,32,43,W 2
2009,IND,2009-04-03,7:00p,,San Antonio Spurs,L,,121,126,32,44,L 1
2009,IND,2009-04-05,7:00p,@,Oklahoma City Thunder,W,,117,99,33,44,W 1
2009,IND,2009-04-08,7:00p,,Toronto Raptors,W,,130,101,34,44,W 2
2009,IND,2009-04-10,7:30p,@,Atlanta Hawks,L,,118,122,34,45,L 1
2009,IND,2009-04-11,7:00p,,Detroit Pistons,W,,106,102,35,45,W 1
2009,IND,2009-04-13,7:00p,,Cleveland Cavaliers,L,,109,117,35,46,L 1
2009,IND,2009-04-15,8:00p,,Milwaukee Bucks,W,,115,108,36,46,W 1
2009,LAC,2008-10-29,10:30p,,Los Angeles Lakers,L,,79,117,0,1,L 1
2009,LAC,2008-10-31,10:30p,,Denver Nuggets,L,OT,103,113,0,2,L 2
2009,LAC,2008-11-01,9:00p,@,Utah Jazz,L,,79,101,0,3,L 3
2009,LAC,2008-11-03,10:30p,,Utah Jazz,L,,73,89,0,4,L 4
2009,LAC,2008-11-05,10:30p,@,Los Angeles Lakers,L,,88,106,0,5,L 5
2009,LAC,2008-11-07,10:30p,,Houston Rockets,L,,83,92,0,6,L 6
2009,LAC,2008-11-09,3:30p,,Dallas Mavericks,W,,103,92,1,6,W 1
2009,LAC,2008-11-12,10:30p,,Sacramento Kings,L,,98,103,1,7,L 1
2009,LAC,2008-11-15,3:30p,,Golden State Warriors,L,,103,121,1,8,L 2
2009,LAC,2008-11-17,10:30p,,San Antonio Spurs,L,,83,86,1,9,L 3
2009,LAC,2008-11-19,8:00p,@,Oklahoma City Thunder,W,,108,88,2,9,W 1
2009,LAC,2008-11-21,7:00p,@,Philadelphia 76ers,L,,88,89,2,10,L 1
2009,LAC,2008-11-22,7:30p,@,New Jersey Nets,L,,95,112,2,11,L 2
2009,LAC,2008-11-24,10:30p,,New Orleans Hornets,L,,87,99,2,12,L 3
2009,LAC,2008-11-26,10:30p,,Denver Nuggets,L,,105,106,2,13,L 4
2009,LAC,2008-11-29,10:30p,,Miami Heat,W,,97,96,3,13,W 1
2009,LAC,2008-12-02,8:30p,@,Dallas Mavericks,L,,98,100,3,14,L 1
2009,LAC,2008-12-03,8:30p,@,Houston Rockets,L,,96,103,3,15,L 2
2009,LAC,2008-12-05,8:00p,@,Memphis Grizzlies,L,,81,93,3,16,L 3
2009,LAC,2008-12-06,8:00p,@,Minnesota Timberwolves,W,,107,84,4,16,W 1
2009,LAC,2008-12-08,10:30p,,Orlando Magic,L,,88,95,4,17,L 1
2009,LAC,2008-12-12,10:00p,@,Portland Trail Blazers,W,2OT,120,112,5,17,W 1
2009,LAC,2008-12-13,10:30p,,Houston Rockets,W,,95,82,6,17,W 2
2009,LAC,2008-12-16,8:00p,@,Oklahoma City Thunder,W,,98,88,7,17,W 3
2009,LAC,2008-12-17,8:30p,@,Chicago Bulls,L,OT,109,115,7,18,L 1
2009,LAC,2008-12-19,7:00p,@,Indiana Pacers,W,2OT,117,109,8,18,W 1
2009,LAC,2008-12-20,8:30p,@,Milwaukee Bucks,L,,85,119,8,19,L 1
2009,LAC,2008-12-22,10:30p,,Toronto Raptors,L,,75,97,8,20,L 2
2009,LAC,2008-12-28,3:30p,,Dallas Mavericks,L,,76,98,8,21,L 3
2009,LAC,2008-12-30,10:00p,@,Sacramento Kings,L,,90,92,8,22,L 4
2009,LAC,2008-12-31,9:30p,,Philadelphia 76ers,L,,92,100,8,23,L 5
2009,LAC,2009-01-02,9:00p,@,Phoenix Suns,L,,98,106,8,24,L 6
2009,LAC,2009-01-04,3:30p,,Detroit Pistons,L,,87,88,8,25,L 7
2009,LAC,2009-01-06,8:30p,@,Dallas Mavericks,L,,102,107,8,26,L 8
2009,LAC,2009-01-08,8:30p,@,San Antonio Spurs,L,,84,106,8,27,L 9
2009,LAC,2009-01-09,8:00p,@,New Orleans Hornets,L,,80,107,8,28,L 10
2009,LAC,2009-01-11,3:30p,,Phoenix Suns,L,,103,109,8,29,L 11
2009,LAC,2009-01-14,10:30p,,Atlanta Hawks,L,,80,97,8,30,L 12
2009,LAC,2009-01-17,10:30p,,Milwaukee Bucks,W,,101,92,9,30,W 1
2009,LAC,2009-01-19,3:30p,,Minnesota Timberwolves,L,,86,94,9,31,L 1
2009,LAC,2009-01-21,10:30p,,Los Angeles Lakers,L,,97,108,9,32,L 2
2009,LAC,2009-01-23,10:30p,,Oklahoma City Thunder,W,,107,104,10,32,W 1
2009,LAC,2009-01-25,9:00p,@,Golden State Warriors,L,,92,107,10,33,L 1
2009,LAC,2009-01-26,10:30p,,Portland Trail Blazers,L,,88,113,10,34,L 2
2009,LAC,2009-01-28,10:30p,,Chicago Bulls,L,,75,95,10,35,L 3
2009,LAC,2009-01-30,7:30p,@,Cleveland Cavaliers,L,,95,112,10,36,L 4
2009,LAC,2009-01-31,8:00p,@,Washington Wizards,L,,94,106,10,37,L 5
2009,LAC,2009-02-02,7:30p,@,Miami Heat,L,,95,119,10,38,L 6
2009,LAC,2009-02-04,7:00p,@,Orlando Magic,L,,96,125,10,39,L 7
2009,LAC,2009-02-06,8:00p,@,Memphis Grizzlies,W,,126,105,11,39,W 1
2009,LAC,2009-02-07,7:00p,@,Atlanta Hawks,W,,121,97,12,39,W 2
2009,LAC,2009-02-09,7:00p,@,Charlotte Bobcats,L,,73,94,12,40,L 1
2009,LAC,2009-02-11,10:30p,,New York Knicks,W,OT,128,124,13,40,W 1
2009,LAC,2009-02-17,9:00p,@,Phoenix Suns,L,,100,140,13,41,L 1
2009,LAC,2009-02-18,10:30p,,Phoenix Suns,L,,119,142,13,42,L 2
2009,LAC,2009-02-22,6:00p,@,Portland Trail Blazers,L,,87,116,13,43,L 3
2009,LAC,2009-02-23,10:30p,,Golden State Warriors,W,,118,105,14,43,W 1
2009,LAC,2009-02-25,10:30p,,Boston Celtics,W,,93,91,15,43,W 2
2009,LAC,2009-02-27,10:00p,@,Sacramento Kings,L,,86,98,15,44,L 1
2009,LAC,2009-02-28,10:30p,,Charlotte Bobcats,L,,95,100,15,45,L 2
2009,LAC,2009-03-02,10:30p,,San Antonio Spurs,L,,78,106,15,46,L 3
2009,LAC,2009-03-04,10:30p,,Memphis Grizzlies,L,,95,118,15,47,L 4
2009,LAC,2009-03-07,10:30p,,Indiana Pacers,L,,105,106,15,48,L 5
2009,LAC,2009-03-10,10:30p,,Cleveland Cavaliers,L,,83,87,15,49,L 6
2009,LAC,2009-03-14,9:00p,@,Denver Nuggets,L,,94,107,15,50,L 7
2009,LAC,2009-03-15,9:30p,,New Jersey Nets,W,,107,105,16,50,W 1
2009,LAC,2009-03-17,10:30p,@,Golden State Warriors,L,,120,127,16,51,L 1
2009,LAC,2009-03-18,10:30p,,Washington Wizards,W,,123,108,17,51,W 1
2009,LAC,2009-03-20,8:00p,@,Detroit Pistons,L,,90,108,17,52,L 1
2009,LAC,2009-03-22,3:30p,@,Toronto Raptors,L,,76,100,17,53,L 2
2009,LAC,2009-03-23,7:30p,@,Boston Celtics,L,,77,90,17,54,L 3
2009,LAC,2009-03-25,7:30p,@,New York Knicks,W,OT,140,135,18,54,W 1
2009,LAC,2009-03-27,8:30p,@,San Antonio Spurs,L,,98,111,18,55,L 1
2009,LAC,2009-03-28,8:30p,@,Houston Rockets,L,,93,110,18,56,L 2
2009,LAC,2009-04-01,10:30p,,New Orleans Hornets,L,,98,104,18,57,L 3
2009,LAC,2009-04-04,9:00p,@,Denver Nuggets,L,,104,120,18,58,L 4
2009,LAC,2009-04-05,9:30p,@,Los Angeles Lakers,L,,85,88,18,59,L 5
2009,LAC,2009-04-07,10:30p,,Minnesota Timberwolves,L,,77,87,18,60,L 6
2009,LAC,2009-04-10,10:30p,,Sacramento Kings,W,,109,78,19,60,W 1
2009,LAC,2009-04-11,10:30p,,Portland Trail Blazers,L,,72,87,19,61,L 1
2009,LAC,2009-04-13,9:00p,@,Utah Jazz,L,,85,106,19,62,L 2
2009,LAC,2009-04-15,10:30p,,Oklahoma City Thunder,L,,85,126,19,63,L 3
2009,LAL,2008-10-28,10:30p,,Portland Trail Blazers,W,,96,76,1,0,W 1
2009,LAL,2008-10-29,10:30p,@,Los Angeles Clippers,W,,117,79,2,0,W 2
2009,LAL,2008-11-01,9:00p,@,Denver Nuggets,W,,104,97,3,0,W 3
2009,LAL,2008-11-05,10:30p,,Los Angeles Clippers,W,,106,88,4,0,W 4
2009,LAL,2008-11-09,9:30p,,Houston Rockets,W,,111,82,5,0,W 5
2009,LAL,2008-11-11,8:30p,@,Dallas Mavericks,W,,106,99,6,0,W 6
2009,LAL,2008-11-12,8:00p,@,New Orleans Hornets,W,,93,86,7,0,W 7
2009,LAL,2008-11-14,10:30p,,Detroit Pistons,L,,95,106,7,1,L 1
2009,LAL,2008-11-18,10:30p,,Chicago Bulls,W,,116,109,8,1,W 1
2009,LAL,2008-11-20,10:30p,@,Phoenix Suns,W,,105,92,9,1,W 2
2009,LAL,2008-11-21,10:30p,,Denver Nuggets,W,,104,90,10,1,W 3
2009,LAL,2008-11-23,9:30p,,Sacramento Kings,W,,118,108,11,1,W 4
2009,LAL,2008-11-25,10:30p,,New Jersey Nets,W,,120,93,12,1,W 5
2009,LAL,2008-11-28,10:30p,,Dallas Mavericks,W,,114,107,13,1,W 6
2009,LAL,2008-11-30,9:30p,,Toronto Raptors,W,,112,99,14,1,W 7
2009,LAL,2008-12-02,7:00p,@,Indiana Pacers,L,,117,118,14,2,L 1
2009,LAL,2008-12-03,7:00p,@,Philadelphia 76ers,W,,114,102,15,2,W 1
2009,LAL,2008-12-05,7:00p,@,Washington Wizards,W,,106,104,16,2,W 2
2009,LAL,2008-12-07,9:30p,,Milwaukee Bucks,W,,105,92,17,2,W 3
2009,LAL,2008-12-09,10:00p,@,Sacramento Kings,L,,101,113,17,3,L 1
2009,LAL,2008-12-10,10:30p,,Phoenix Suns,W,,115,110,18,3,W 1
2009,LAL,2008-12-12,10:30p,,Sacramento Kings,W,,112,103,19,3,W 2
2009,LAL,2008-12-14,9:30p,,Minnesota Timberwolves,W,,98,86,20,3,W 3
2009,LAL,2008-12-16,10:30p,,New York Knicks,W,,116,114,21,3,W 4
2009,LAL,2008-12-19,8:00p,@,Miami Heat,L,,87,89,21,4,L 1
2009,LAL,2008-12-20,7:00p,@,Orlando Magic,L,,103,106,21,5,L 2
2009,LAL,2008-12-22,8:00p,@,Memphis Grizzlies,W,,105,96,22,5,W 1
2009,LAL,2008-12-23,8:00p,@,New Orleans Hornets,W,,100,87,23,5,W 2
2009,LAL,2008-12-25,5:00p,,Boston Celtics,W,,92,83,24,5,W 3
2009,LAL,2008-12-28,9:30p,,Golden State Warriors,W,,130,113,25,5,W 4
2009,LAL,2009-01-02,10:30p,,Utah Jazz,W,,113,100,26,5,W 5
2009,LAL,2009-01-04,9:30p,,Portland Trail Blazers,W,,100,86,27,5,W 6
2009,LAL,2009-01-06,10:30p,,New Orleans Hornets,L,,105,116,27,6,L 1
2009,LAL,2009-01-07,10:30p,@,Golden State Warriors,W,,114,106,28,6,W 1
2009,LAL,2009-01-09,10:30p,,Indiana Pacers,W,,121,119,29,6,W 2
2009,LAL,2009-01-11,9:30p,,Miami Heat,W,,108,105,30,6,W 3
2009,LAL,2009-01-13,8:30p,@,Houston Rockets,W,,105,100,31,6,W 4
2009,LAL,2009-01-14,9:00p,@,San Antonio Spurs,L,,111,112,31,7,L 1
2009,LAL,2009-01-16,10:30p,,Orlando Magic,L,,103,109,31,8,L 2
2009,LAL,2009-01-19,10:30p,,Cleveland Cavaliers,W,,105,88,32,8,W 1
2009,LAL,2009-01-21,10:30p,@,Los Angeles Clippers,W,,108,97,33,8,W 2
2009,LAL,2009-01-22,10:30p,,Washington Wizards,W,,117,97,34,8,W 3
2009,LAL,2009-01-25,3:30p,,San Antonio Spurs,W,,99,85,35,8,W 4
2009,LAL,2009-01-27,10:30p,,Charlotte Bobcats,L,2OT,110,117,35,9,L 1
2009,LAL,2009-01-30,8:00p,@,Minnesota Timberwolves,W,,132,119,36,9,W 1
2009,LAL,2009-01-31,8:00p,@,Memphis Grizzlies,W,,115,98,37,9,W 2
2009,LAL,2009-02-02,7:30p,@,New York Knicks,W,,126,117,38,9,W 3
2009,LAL,2009-02-04,7:00p,@,Toronto Raptors,W,,115,107,39,9,W 4
2009,LAL,2009-02-05,8:00p,@,Boston Celtics,W,OT,110,109,40,9,W 5
2009,LAL,2009-02-08,3:30p,@,Cleveland Cavaliers,W,,101,91,41,9,W 6
2009,LAL,2009-02-10,10:30p,,Oklahoma City Thunder,W,,105,98,42,9,W 7
2009,LAL,2009-02-11,9:00p,@,Utah Jazz,L,,109,113,42,10,L 1
2009,LAL,2009-02-17,10:30p,,Atlanta Hawks,W,,96,83,43,10,W 1
2009,LAL,2009-02-18,10:30p,@,Golden State Warriors,W,,129,121,44,10,W 2
2009,LAL,2009-02-20,10:30p,,New Orleans Hornets,W,OT,115,111,45,10,W 3
2009,LAL,2009-02-22,7:00p,@,Minnesota Timberwolves,W,,111,108,46,10,W 4
2009,LAL,2009-02-24,8:00p,@,Oklahoma City Thunder,W,,107,93,47,10,W 5
2009,LAL,2009-02-26,10:30p,,Phoenix Suns,W,,132,106,48,10,W 6
2009,LAL,2009-02-27,9:00p,@,Denver Nuggets,L,,79,90,48,11,L 1
2009,LAL,2009-03-01,3:30p,@,Phoenix Suns,L,,111,118,48,12,L 2
2009,LAL,2009-03-03,10:30p,,Memphis Grizzlies,W,,99,89,49,12,W 1
2009,LAL,2009-03-06,10:30p,,Minnesota Timberwolves,W,,110,90,50,12,W 2
2009,LAL,2009-03-09,10:00p,@,Portland Trail Blazers,L,,94,111,50,13,L 1
2009,LAL,2009-03-11,8:30p,@,Houston Rockets,W,,102,96,51,13,W 1
2009,LAL,2009-03-12,8:00p,@,San Antonio Spurs,W,,102,95,52,13,W 2
2009,LAL,2009-03-15,3:30p,,Dallas Mavericks,W,,107,100,53,13,W 3
2009,LAL,2009-03-17,10:30p,,Philadelphia 76ers,L,,93,94,53,14,L 1
2009,LAL,2009-03-19,10:30p,,Golden State Warriors,W,,114,106,54,14,W 1
2009,LAL,2009-03-21,8:30p,@,Chicago Bulls,W,,117,109,55,14,W 2
2009,LAL,2009-03-24,8:00p,@,Oklahoma City Thunder,W,,107,89,56,14,W 3
2009,LAL,2009-03-26,7:30p,@,Detroit Pistons,W,,92,77,57,14,W 4
2009,LAL,2009-03-27,7:30p,@,New Jersey Nets,W,,103,95,58,14,W 5
2009,LAL,2009-03-29,3:30p,@,Atlanta Hawks,L,,76,86,58,15,L 1
2009,LAL,2009-03-31,7:00p,@,Charlotte Bobcats,L,,84,94,58,16,L 2
2009,LAL,2009-04-01,8:00p,@,Milwaukee Bucks,W,,104,98,59,16,W 1
2009,LAL,2009-04-03,10:30p,,Houston Rockets,W,,93,81,60,16,W 2
2009,LAL,2009-04-05,9:30p,,Los Angeles Clippers,W,,88,85,61,16,W 3
2009,LAL,2009-04-07,10:00p,@,Sacramento Kings,W,,122,104,62,16,W 4
2009,LAL,2009-04-09,10:30p,,Denver Nuggets,W,,116,102,63,16,W 5
2009,LAL,2009-04-10,10:00p,@,Portland Trail Blazers,L,,98,106,63,17,L 1
2009,LAL,2009-04-12,9:30p,,Memphis Grizzlies,W,,92,75,64,17,W 1
2009,LAL,2009-04-14,10:30p,,Utah Jazz,W,,125,112,65,17,W 2
2009,LAL,2009-04-19,3:00p,,Utah Jazz,W,,113,100,1,0,W 1
2009,LAL,2009-04-21,10:30p,,Utah Jazz,W,,119,109,2,0,W 2
2009,LAL,2009-04-23,10:30p,@,Utah Jazz,L,,86,88,2,1,L 1
2009,LAL,2009-04-25,9:00p,@,Utah Jazz,W,,108,94,3,1,W 1
2009,LAL,2009-04-27,10:30p,,Utah Jazz,W,,107,96,4,1,W 2
2009,LAL,2009-05-04,10:30p,,Houston Rockets,L,,92,100,4,2,L 1
2009,LAL,2009-05-06,10:30p,,Houston Rockets,W,,111,98,5,2,W 1
2009,LAL,2009-05-08,9:30p,@,Houston Rockets,W,,108,94,6,2,W 2
2009,LAL,2009-05-10,3:30p,@,Houston Rockets,L,,87,99,6,3,L 1
2009,LAL,2009-05-12,10:30p,,Houston Rockets,W,,118,78,7,3,W 1
2009,LAL,2009-05-14,9:30p,@,Houston Rockets,L,,80,95,7,4,L 1
2009,LAL,2009-05-17,3:30p,,Houston Rockets,W,,89,70,8,4,W 1
2009,LAL,2009-05-19,9:00p,,Denver Nuggets,W,,105,103,9,4,W 2
2009,LAL,2009-05-21,9:00p,,Denver Nuggets,L,,103,106,9,5,L 1
2009,LAL,2009-05-23,8:30p,@,Denver Nuggets,W,,103,97,10,5,W 1
2009,LAL,2009-05-25,9:00p,@,Denver Nuggets,L,,101,120,10,6,L 1
2009,LAL,2009-05-27,9:00p,,Denver Nuggets,W,,103,94,11,6,W 1
2009,LAL,2009-05-29,9:00p,@,Denver Nuggets,W,,119,92,12,6,W 2
2009,LAL,2009-06-04,9:00p,,Orlando Magic,W,,100,75,13,6,W 3
2009,LAL,2009-06-07,8:00p,,Orlando Magic,W,OT,101,96,14,6,W 4
2009,LAL,2009-06-09,9:00p,@,Orlando Magic,L,,104,108,14,7,L 1
2009,LAL,2009-06-11,9:00p,@,Orlando Magic,W,OT,99,91,15,7,W 1
2009,LAL,2009-06-14,8:00p,@,Orlando Magic,W,,99,86,16,7,W 2
2009,MEM,2008-10-29,8:30p,@,Houston Rockets,L,,71,82,0,1,L 1
2009,MEM,2008-10-31,8:00p,,Orlando Magic,W,,86,84,1,1,W 1
2009,MEM,2008-11-01,8:30p,@,Chicago Bulls,L,,86,96,1,2,L 1
2009,MEM,2008-11-03,8:00p,,Golden State Warriors,W,,90,79,2,2,W 1
2009,MEM,2008-11-05,10:00p,@,Sacramento Kings,L,,95,100,2,3,L 1
2009,MEM,2008-11-07,10:30p,@,Golden State Warriors,W,,109,104,3,3,W 1
2009,MEM,2008-11-09,8:00p,@,Denver Nuggets,L,,90,100,3,4,L 1
2009,MEM,2008-11-10,9:00p,@,Phoenix Suns,L,,102,107,3,5,L 2
2009,MEM,2008-11-12,8:00p,,New York Knicks,L,,103,132,3,6,L 3
2009,MEM,2008-11-14,8:00p,,Milwaukee Bucks,L,OT,96,101,3,7,L 4
2009,MEM,2008-11-18,8:00p,,Sacramento Kings,W,,109,94,4,7,W 1
2009,MEM,2008-11-21,8:30p,@,Dallas Mavericks,L,,76,91,4,8,L 1
2009,MEM,2008-11-22,8:00p,,Utah Jazz,L,,94,103,4,9,L 2
2009,MEM,2008-11-24,8:00p,,San Antonio Spurs,L,,81,94,4,10,L 3
2009,MEM,2008-11-26,9:00p,@,Utah Jazz,L,,100,117,4,11,L 4
2009,MEM,2008-11-28,8:30p,@,San Antonio Spurs,L,,98,109,4,12,L 5
2009,MEM,2008-11-29,8:00p,,Oklahoma City Thunder,L,,103,111,4,13,L 6
2009,MEM,2008-12-03,7:00p,@,Atlanta Hawks,L,,95,105,4,14,L 7
2009,MEM,2008-12-05,8:00p,,Los Angeles Clippers,W,,93,81,5,14,W 1
2009,MEM,2008-12-06,8:00p,@,New Orleans Hornets,L,,87,106,5,15,L 1
2009,MEM,2008-12-08,8:00p,,Houston Rockets,W,,109,97,6,15,W 1
2009,MEM,2008-12-10,8:00p,@,Oklahoma City Thunder,W,,108,102,7,15,W 2
2009,MEM,2008-12-12,8:00p,,Chicago Bulls,W,,103,96,8,15,W 3
2009,MEM,2008-12-14,4:00p,,Miami Heat,W,,102,86,9,15,W 4
2009,MEM,2008-12-16,8:00p,,New Orleans Hornets,L,,84,91,9,16,L 1
2009,MEM,2008-12-19,8:00p,,Charlotte Bobcats,L,,83,112,9,17,L 2
2009,MEM,2008-12-22,8:00p,,Los Angeles Lakers,L,,96,105,9,18,L 3
2009,MEM,2008-12-23,8:30p,@,Dallas Mavericks,L,,82,100,9,19,L 4
2009,MEM,2008-12-26,8:00p,,Indiana Pacers,W,,108,105,10,19,W 1
2009,MEM,2008-12-27,8:30p,@,San Antonio Spurs,L,2OT,103,106,10,20,L 1
2009,MEM,2008-12-29,8:00p,@,Minnesota Timberwolves,L,OT,98,108,10,21,L 2
2009,MEM,2008-12-30,8:00p,,Phoenix Suns,L,,89,101,10,22,L 3
2009,MEM,2009-01-02,8:00p,,San Antonio Spurs,L,,80,91,10,23,L 4
2009,MEM,2009-01-04,4:00p,,Dallas Mavericks,W,,102,82,11,23,W 1
2009,MEM,2009-01-06,8:00p,,Minnesota Timberwolves,L,,87,94,11,24,L 1
2009,MEM,2009-01-07,7:30p,@,New Jersey Nets,L,,89,100,11,25,L 2
2009,MEM,2009-01-09,7:00p,@,Toronto Raptors,L,,82,103,11,26,L 3
2009,MEM,2009-01-13,8:00p,,Cleveland Cavaliers,L,,87,102,11,27,L 4
2009,MEM,2009-01-16,8:00p,,Utah Jazz,L,,91,101,11,28,L 5
2009,MEM,2009-01-19,5:30p,,Detroit Pistons,L,,79,87,11,29,L 6
2009,MEM,2009-01-21,7:00p,@,Charlotte Bobcats,L,,86,101,11,30,L 7
2009,MEM,2009-01-23,7:30p,@,New York Knicks,L,,88,108,11,31,L 8
2009,MEM,2009-01-24,8:00p,,New Jersey Nets,L,,88,99,11,32,L 9
2009,MEM,2009-01-27,8:00p,,Denver Nuggets,L,,85,100,11,33,L 10
2009,MEM,2009-01-28,8:00p,@,Oklahoma City Thunder,L,OT,102,114,11,34,L 11
2009,MEM,2009-01-31,8:00p,,Los Angeles Lakers,L,,98,115,11,35,L 12
2009,MEM,2009-02-02,7:00p,@,Washington Wizards,W,,113,97,12,35,W 1
2009,MEM,2009-02-04,8:00p,,Houston Rockets,W,,104,93,13,35,W 2
2009,MEM,2009-02-06,8:00p,,Los Angeles Clippers,L,,105,126,13,36,L 1
2009,MEM,2009-02-07,8:00p,,Toronto Raptors,W,,78,70,14,36,W 1
2009,MEM,2009-02-09,8:00p,,New Orleans Hornets,W,,85,80,15,36,W 2
2009,MEM,2009-02-11,7:00p,@,Philadelphia 76ers,L,,87,91,15,37,L 1
2009,MEM,2009-02-17,9:00p,@,Utah Jazz,L,,99,117,15,38,L 2
2009,MEM,2009-02-18,10:00p,@,Portland Trail Blazers,L,,90,94,15,39,L 3
2009,MEM,2009-02-20,8:00p,,Sacramento Kings,L,,106,115,15,40,L 4
2009,MEM,2009-02-24,7:00p,@,Cleveland Cavaliers,L,,79,94,15,41,L 5
2009,MEM,2009-02-25,7:00p,@,Indiana Pacers,L,,99,104,15,42,L 6
2009,MEM,2009-02-28,8:00p,,Oklahoma City Thunder,L,,92,99,15,43,L 7
2009,MEM,2009-03-03,10:30p,@,Los Angeles Lakers,L,,89,99,15,44,L 8
2009,MEM,2009-03-04,10:30p,@,Los Angeles Clippers,W,,118,95,16,44,W 1
2009,MEM,2009-03-07,8:00p,,Philadelphia 76ers,L,,105,110,16,45,L 1
2009,MEM,2009-03-08,7:00p,@,Houston Rockets,L,,83,93,16,46,L 2
2009,MEM,2009-03-11,8:00p,@,Minnesota Timberwolves,L,,79,104,16,47,L 3
2009,MEM,2009-03-13,7:30p,@,Boston Celtics,L,,92,102,16,48,L 4
2009,MEM,2009-03-15,1:00p,@,Detroit Pistons,W,,89,84,17,48,W 1
2009,MEM,2009-03-16,8:00p,,Portland Trail Blazers,L,,92,103,17,49,L 1
2009,MEM,2009-03-18,8:00p,,Denver Nuggets,L,,109,111,17,50,L 2
2009,MEM,2009-03-20,8:00p,@,New Orleans Hornets,L,,84,96,17,51,L 3
2009,MEM,2009-03-21,8:00p,,Boston Celtics,L,,87,105,17,52,L 4
2009,MEM,2009-03-23,7:30p,@,Miami Heat,L,,82,94,17,53,L 5
2009,MEM,2009-03-27,10:00p,@,Sacramento Kings,W,,113,95,18,53,W 1
2009,MEM,2009-03-28,10:00p,@,Portland Trail Blazers,L,,66,86,18,54,L 1
2009,MEM,2009-03-30,10:30p,@,Golden State Warriors,W,,114,109,19,54,W 1
2009,MEM,2009-04-01,8:00p,,Washington Wizards,W,,112,107,20,54,W 2
2009,MEM,2009-04-03,8:00p,,Dallas Mavericks,W,,107,102,21,54,W 3
2009,MEM,2009-04-04,8:30p,@,Milwaukee Bucks,W,,107,102,22,54,W 4
2009,MEM,2009-04-07,8:00p,,Portland Trail Blazers,L,,93,96,22,55,L 1
2009,MEM,2009-04-08,7:00p,@,Orlando Magic,L,,78,81,22,56,L 2
2009,MEM,2009-04-10,8:00p,,Phoenix Suns,W,,106,89,23,56,W 1
2009,MEM,2009-04-12,9:30p,@,Los Angeles Lakers,L,,75,92,23,57,L 1
2009,MEM,2009-04-13,10:00p,@,Phoenix Suns,L,,110,119,23,58,L 2
2009,MEM,2009-04-15,8:00p,,Atlanta Hawks,W,,98,90,24,58,W 1
2009,MIA,2008-10-29,7:30p,@,New York Knicks,L,,115,120,0,1,L 1
2009,MIA,2008-10-31,7:30p,,Sacramento Kings,W,,103,77,1,1,W 1
2009,MIA,2008-11-01,7:00p,@,Charlotte Bobcats,L,,87,100,1,2,L 1
2009,MIA,2008-11-05,7:30p,,Philadelphia 76ers,W,,106,83,2,2,W 1
2009,MIA,2008-11-07,8:00p,@,San Antonio Spurs,W,,99,83,3,2,W 2
2009,MIA,2008-11-08,8:00p,@,New Orleans Hornets,L,,89,100,3,3,L 1
2009,MIA,2008-11-10,7:30p,,New Jersey Nets,W,,99,94,4,3,W 1
2009,MIA,2008-11-12,8:00p,,Portland Trail Blazers,L,,96,104,4,4,L 1
2009,MIA,2008-11-14,7:30p,,Washington Wizards,W,,97,77,5,4,W 1
2009,MIA,2008-11-16,1:00p,@,Toronto Raptors,L,,96,107,5,5,L 1
2009,MIA,2008-11-18,7:00p,@,Washington Wizards,W,,94,87,6,5,W 1
2009,MIA,2008-11-19,7:30p,,Toronto Raptors,L,,95,101,6,6,L 1
2009,MIA,2008-11-22,7:30p,,Indiana Pacers,W,,109,100,7,6,W 1
2009,MIA,2008-11-24,7:30p,,Houston Rockets,L,,98,107,7,7,L 1
2009,MIA,2008-11-26,10:00p,@,Portland Trail Blazers,L,,68,106,7,8,L 2
2009,MIA,2008-11-28,8:00p,@,Phoenix Suns,W,,107,92,8,8,W 1
2009,MIA,2008-11-29,10:30p,@,Los Angeles Clippers,L,,96,97,8,9,L 1
2009,MIA,2008-12-01,10:30p,@,Golden State Warriors,W,OT,130,129,9,9,W 1
2009,MIA,2008-12-03,9:00p,@,Utah Jazz,W,,93,89,10,9,W 2
2009,MIA,2008-12-06,7:30p,,Oklahoma City Thunder,W,,105,99,11,9,W 3
2009,MIA,2008-12-08,7:30p,,Charlotte Bobcats,W,,100,96,12,9,W 4
2009,MIA,2008-12-12,7:30p,,Atlanta Hawks,L,,73,87,12,10,L 1
2009,MIA,2008-12-14,4:00p,@,Memphis Grizzlies,L,,86,102,12,11,L 2
2009,MIA,2008-12-15,7:30p,,Milwaukee Bucks,L,,83,98,12,12,L 3
2009,MIA,2008-12-19,8:00p,,Los Angeles Lakers,W,,89,87,13,12,W 1
2009,MIA,2008-12-20,8:00p,@,New Jersey Nets,W,,106,103,14,12,W 2
2009,MIA,2008-12-23,7:30p,,Golden State Warriors,W,,96,88,15,12,W 3
2009,MIA,2008-12-26,5:00p,,Chicago Bulls,W,,90,77,16,12,W 4
2009,MIA,2008-12-28,7:00p,@,Cleveland Cavaliers,L,,86,93,16,13,L 1
2009,MIA,2008-12-30,7:30p,,Cleveland Cavaliers,W,,104,95,17,13,W 1
2009,MIA,2009-01-02,7:00p,@,Orlando Magic,L,,76,86,17,14,L 1
2009,MIA,2009-01-03,7:30p,,New Jersey Nets,W,OT,101,96,18,14,W 1
2009,MIA,2009-01-05,7:30p,,San Antonio Spurs,L,,84,91,18,15,L 1
2009,MIA,2009-01-07,9:00p,@,Denver Nuggets,L,,97,108,18,16,L 2
2009,MIA,2009-01-09,10:00p,@,Sacramento Kings,W,OT,119,115,19,16,W 1
2009,MIA,2009-01-11,9:30p,@,Los Angeles Lakers,L,,105,108,19,17,L 1
2009,MIA,2009-01-13,8:00p,@,Minnesota Timberwolves,W,,99,96,20,17,W 1
2009,MIA,2009-01-14,8:00p,@,Milwaukee Bucks,W,,102,99,21,17,W 2
2009,MIA,2009-01-17,8:30p,@,Houston Rockets,L,,86,93,21,18,L 1
2009,MIA,2009-01-18,7:00p,@,Oklahoma City Thunder,W,,104,94,22,18,W 1
2009,MIA,2009-01-21,7:30p,,Boston Celtics,L,,83,98,22,19,L 1
2009,MIA,2009-01-24,7:30p,,Orlando Magic,W,,103,97,23,19,W 1
2009,MIA,2009-01-26,7:30p,,Atlanta Hawks,W,,95,79,24,19,W 2
2009,MIA,2009-01-28,7:30p,,Washington Wizards,W,,93,71,25,19,W 3
2009,MIA,2009-01-30,7:00p,@,Indiana Pacers,L,,103,114,25,20,L 1
2009,MIA,2009-01-31,7:30p,,Dallas Mavericks,L,,96,111,25,21,L 2
2009,MIA,2009-02-02,7:30p,,Los Angeles Clippers,W,,119,95,26,21,W 1
2009,MIA,2009-02-04,7:30p,@,Detroit Pistons,L,,90,93,26,22,L 1
2009,MIA,2009-02-07,7:00p,@,Philadelphia 76ers,L,,84,94,26,23,L 2
2009,MIA,2009-02-08,6:00p,,Charlotte Bobcats,W,,96,92,27,23,W 1
2009,MIA,2009-02-10,7:30p,,Denver Nuggets,L,,82,99,27,24,L 1
2009,MIA,2009-02-12,7:00p,@,Chicago Bulls,W,,95,93,28,24,W 1
2009,MIA,2009-02-18,7:30p,,Minnesota Timberwolves,L,,104,111,28,25,L 1
2009,MIA,2009-02-21,3:30p,,Philadelphia 76ers,W,,97,91,29,25,W 1
2009,MIA,2009-02-22,5:30p,@,Orlando Magic,L,,99,122,29,26,L 1
2009,MIA,2009-02-24,7:30p,,Detroit Pistons,W,,103,91,30,26,W 1
2009,MIA,2009-02-27,7:30p,@,Atlanta Hawks,L,,83,91,30,27,L 1
2009,MIA,2009-02-28,7:30p,,New York Knicks,W,,120,115,31,27,W 1
2009,MIA,2009-03-02,7:30p,,Cleveland Cavaliers,L,,100,107,31,28,L 1
2009,MIA,2009-03-04,7:30p,,Phoenix Suns,W,,135,129,32,28,W 1
2009,MIA,2009-03-06,7:00p,@,Toronto Raptors,W,,108,102,33,28,W 2
2009,MIA,2009-03-07,7:30p,@,Cleveland Cavaliers,L,,89,99,33,29,L 1
2009,MIA,2009-03-09,7:30p,,Chicago Bulls,W,2OT,130,127,34,29,W 1
2009,MIA,2009-03-11,7:30p,,Boston Celtics,W,,107,99,35,29,W 2
2009,MIA,2009-03-14,1:00p,,Utah Jazz,W,3OT,140,129,36,29,W 3
2009,MIA,2009-03-15,1:00p,@,Philadelphia 76ers,L,,77,85,36,30,L 1
2009,MIA,2009-03-18,7:00p,@,Boston Celtics,L,OT,108,112,36,31,L 2
2009,MIA,2009-03-20,7:30p,@,New Jersey Nets,L,,88,96,36,32,L 3
2009,MIA,2009-03-22,1:00p,@,Detroit Pistons,W,,101,96,37,32,W 1
2009,MIA,2009-03-23,7:30p,,Memphis Grizzlies,W,,94,82,38,32,W 2
2009,MIA,2009-03-25,7:00p,@,Indiana Pacers,L,,88,90,38,33,L 1
2009,MIA,2009-03-26,8:00p,@,Chicago Bulls,L,,87,106,38,34,L 2
2009,MIA,2009-03-28,7:30p,,Milwaukee Bucks,W,,102,85,39,34,W 1
2009,MIA,2009-03-30,7:30p,,Orlando Magic,L,,95,101,39,35,L 1
2009,MIA,2009-04-01,8:30p,@,Dallas Mavericks,L,,96,98,39,36,L 2
2009,MIA,2009-04-03,7:00p,@,Charlotte Bobcats,W,,97,92,40,36,W 1
2009,MIA,2009-04-04,7:00p,@,Washington Wizards,W,,118,104,41,36,W 2
2009,MIA,2009-04-07,7:30p,,New Orleans Hornets,L,OT,87,93,41,37,L 1
2009,MIA,2009-04-10,7:30p,@,Boston Celtics,L,,98,105,41,38,L 2
2009,MIA,2009-04-12,6:00p,,New York Knicks,W,,122,105,42,38,W 1
2009,MIA,2009-04-14,7:00p,@,Atlanta Hawks,L,,79,81,42,39,L 1
2009,MIA,2009-04-15,8:00p,,Detroit Pistons,W,OT,102,96,43,39,W 1
2009,MIA,2009-04-19,8:00p,@,Atlanta Hawks,L,,64,90,0,1,L 1
2009,MIA,2009-04-22,8:00p,@,Atlanta Hawks,W,,108,93,1,1,W 1
2009,MIA,2009-04-25,6:30p,,Atlanta Hawks,W,,107,78,2,1,W 2
2009,MIA,2009-04-27,8:00p,,Atlanta Hawks,L,,71,81,2,2,L 1
2009,MIA,2009-04-29,8:00p,@,Atlanta Hawks,L,,91,106,2,3,L 2
2009,MIA,2009-05-01,8:00p,,Atlanta Hawks,W,,98,72,3,3,W 1
2009,MIA,2009-05-03,1:00p,@,Atlanta Hawks,L,,78,91,3,4,L 1
2009,MIL,2008-10-28,8:30p,@,Chicago Bulls,L,,95,108,0,1,L 1
2009,MIL,2008-10-29,8:00p,@,Oklahoma City Thunder,W,,98,87,1,1,W 1
2009,MIL,2008-11-01,8:30p,,Toronto Raptors,L,,87,91,1,2,L 1
2009,MIL,2008-11-02,6:00p,@,New York Knicks,W,,94,86,2,2,W 1
2009,MIL,2008-11-05,8:00p,,Washington Wizards,W,OT,112,104,3,2,W 2
2009,MIL,2008-11-07,7:30p,@,Boston Celtics,L,,89,101,3,3,L 1
2009,MIL,2008-11-08,8:30p,,Phoenix Suns,L,,96,104,3,4,L 2
2009,MIL,2008-11-11,7:00p,@,Cleveland Cavaliers,L,,93,99,3,5,L 3
2009,MIL,2008-11-12,8:00p,,San Antonio Spurs,W,,82,78,4,5,W 1
2009,MIL,2008-11-14,8:00p,@,Memphis Grizzlies,W,OT,101,96,5,5,W 2
2009,MIL,2008-11-15,8:30p,,Boston Celtics,L,OT,97,102,5,6,L 1
2009,MIL,2008-11-18,9:00p,@,Denver Nuggets,L,,105,114,5,7,L 2
2009,MIL,2008-11-19,9:00p,@,Utah Jazz,L,,94,105,5,8,L 3
2009,MIL,2008-11-21,8:30p,,New York Knicks,W,,104,87,6,8,W 1
2009,MIL,2008-11-22,7:00p,@,Charlotte Bobcats,W,,79,74,7,8,W 2
2009,MIL,2008-11-24,7:00p,@,Orlando Magic,L,,101,108,7,9,L 1
2009,MIL,2008-11-26,7:00p,@,Atlanta Hawks,L,,96,102,7,10,L 2
2009,MIL,2008-11-28,8:00p,@,Detroit Pistons,L,,97,107,7,11,L 3
2009,MIL,2008-11-29,9:00p,,Cleveland Cavaliers,L,,85,97,7,12,L 4
2009,MIL,2008-12-03,8:00p,,Chicago Bulls,W,,97,90,8,12,W 1
2009,MIL,2008-12-05,8:30p,,Charlotte Bobcats,W,,101,96,9,12,W 2
2009,MIL,2008-12-07,9:30p,@,Los Angeles Lakers,L,,92,105,9,13,L 1
2009,MIL,2008-12-09,9:00p,@,Phoenix Suns,L,,110,125,9,14,L 2
2009,MIL,2008-12-10,10:30p,@,Golden State Warriors,L,,96,119,9,15,L 3
2009,MIL,2008-12-13,8:30p,,Indiana Pacers,W,,121,103,10,15,W 1
2009,MIL,2008-12-15,7:30p,@,Miami Heat,W,,98,83,11,15,W 2
2009,MIL,2008-12-17,7:00p,@,Philadelphia 76ers,L,,88,93,11,16,L 1
2009,MIL,2008-12-19,7:30p,@,New York Knicks,W,,105,81,12,16,W 1
2009,MIL,2008-12-20,8:30p,,Los Angeles Clippers,W,,119,85,13,16,W 2
2009,MIL,2008-12-23,8:00p,,Utah Jazz,W,,94,86,14,16,W 3
2009,MIL,2008-12-27,8:30p,,Detroit Pistons,L,,76,87,14,17,L 1
2009,MIL,2008-12-30,8:30p,@,San Antonio Spurs,W,,100,98,15,17,W 1
2009,MIL,2008-12-31,7:00p,@,Houston Rockets,L,,81,85,15,18,L 1
2009,MIL,2009-01-02,8:30p,,Charlotte Bobcats,W,,103,75,16,18,W 1
2009,MIL,2009-01-03,7:00p,@,Charlotte Bobcats,L,,92,102,16,19,L 1
2009,MIL,2009-01-05,8:00p,,Toronto Raptors,W,,107,97,17,19,W 1
2009,MIL,2009-01-07,8:00p,,Philadelphia 76ers,L,,105,110,17,20,L 1
2009,MIL,2009-01-09,8:30p,,New Jersey Nets,W,,104,102,18,20,W 1
2009,MIL,2009-01-10,8:00p,@,Minnesota Timberwolves,L,,104,106,18,21,L 1
2009,MIL,2009-01-12,7:00p,@,Washington Wizards,W,,97,91,19,21,W 1
2009,MIL,2009-01-14,8:00p,,Miami Heat,L,,99,102,19,22,L 1
2009,MIL,2009-01-16,10:00p,@,Sacramento Kings,W,,129,122,20,22,W 1
2009,MIL,2009-01-17,10:30p,@,Los Angeles Clippers,L,,92,101,20,23,L 1
2009,MIL,2009-01-19,10:00p,@,Portland Trail Blazers,L,,85,102,20,24,L 2
2009,MIL,2009-01-21,8:00p,,Dallas Mavericks,W,,133,99,21,24,W 1
2009,MIL,2009-01-23,7:30p,@,Atlanta Hawks,L,,87,117,21,25,L 1
2009,MIL,2009-01-24,8:30p,,Sacramento Kings,W,,106,104,22,25,W 1
2009,MIL,2009-01-26,8:00p,,Minnesota Timberwolves,L,,83,90,22,26,L 1
2009,MIL,2009-01-28,7:00p,@,Indiana Pacers,L,,99,107,22,27,L 2
2009,MIL,2009-01-30,7:00p,@,Toronto Raptors,W,,96,85,23,27,W 1
2009,MIL,2009-01-31,8:30p,,Atlanta Hawks,W,,110,107,24,27,W 2
2009,MIL,2009-02-03,7:30p,@,New Jersey Nets,L,,85,99,24,28,L 1
2009,MIL,2009-02-07,8:30p,,Detroit Pistons,L,OT,121,126,24,29,L 2
2009,MIL,2009-02-09,8:00p,,Houston Rockets,W,,124,112,25,29,W 1
2009,MIL,2009-02-11,8:00p,,Indiana Pacers,W,,122,110,26,29,W 2
2009,MIL,2009-02-17,7:30p,@,Detroit Pistons,W,,92,86,27,29,W 3
2009,MIL,2009-02-18,8:00p,,Chicago Bulls,L,,104,113,27,30,L 1
2009,MIL,2009-02-20,8:30p,,Cleveland Cavaliers,L,,103,111,27,31,L 2
2009,MIL,2009-02-22,5:00p,,Denver Nuggets,W,,120,117,28,31,W 1
2009,MIL,2009-02-25,8:30p,@,Dallas Mavericks,L,,96,116,28,32,L 1
2009,MIL,2009-02-27,8:00p,@,New Orleans Hornets,L,,94,95,28,33,L 2
2009,MIL,2009-02-28,8:30p,,Washington Wizards,W,,109,93,29,33,W 1
2009,MIL,2009-03-03,8:00p,,New Jersey Nets,L,,95,99,29,34,L 1
2009,MIL,2009-03-04,7:00p,@,Cleveland Cavaliers,L,,73,91,29,35,L 2
2009,MIL,2009-03-06,8:30p,@,Chicago Bulls,L,,102,117,29,36,L 3
2009,MIL,2009-03-07,8:30p,,Golden State Warriors,W,,127,120,30,36,W 1
2009,MIL,2009-03-10,8:00p,,New York Knicks,L,,112,120,30,37,L 1
2009,MIL,2009-03-13,8:30p,,New Orleans Hornets,L,,86,95,30,38,L 2
2009,MIL,2009-03-15,1:00p,,Boston Celtics,W,,86,77,31,38,W 1
2009,MIL,2009-03-18,8:00p,,Orlando Magic,L,,80,106,31,39,L 1
2009,MIL,2009-03-21,8:30p,,Portland Trail Blazers,L,,84,96,31,40,L 2
2009,MIL,2009-03-25,7:00p,@,Toronto Raptors,L,,106,115,31,41,L 3
2009,MIL,2009-03-27,7:00p,@,Orlando Magic,L,,94,110,31,42,L 4
2009,MIL,2009-03-28,7:30p,@,Miami Heat,L,,85,102,31,43,L 5
2009,MIL,2009-03-30,7:30p,@,New Jersey Nets,W,,107,78,32,43,W 1
2009,MIL,2009-04-01,8:00p,,Los Angeles Lakers,L,,98,104,32,44,L 1
2009,MIL,2009-04-02,7:00p,@,Philadelphia 76ers,L,,95,105,32,45,L 2
2009,MIL,2009-04-04,8:30p,,Memphis Grizzlies,L,,102,107,32,46,L 3
2009,MIL,2009-04-08,8:00p,,Atlanta Hawks,L,,105,113,32,47,L 4
2009,MIL,2009-04-11,8:30p,,Oklahoma City Thunder,W,,115,98,33,47,W 1
2009,MIL,2009-04-13,8:00p,,Orlando Magic,W,,98,80,34,47,W 2
2009,MIL,2009-04-15,8:00p,@,Indiana Pacers,L,,108,115,34,48,L 1
2009,MIN,2008-10-29,8:00p,,Sacramento Kings,W,,98,96,1,0,W 1
2009,MIN,2008-11-01,8:00p,,Dallas Mavericks,L,,85,95,1,1,L 1
2009,MIN,2008-11-02,7:00p,@,Oklahoma City Thunder,L,,85,88,1,2,L 2
2009,MIN,2008-11-05,8:00p,,San Antonio Spurs,L,2OT,125,129,1,3,L 3
2009,MIN,2008-11-07,10:00p,@,Sacramento Kings,L,,109,121,1,4,L 4
2009,MIN,2008-11-08,10:00p,@,Portland Trail Blazers,L,,93,97,1,5,L 5
2009,MIN,2008-11-11,10:30p,@,Golden State Warriors,L,OT,110,113,1,6,L 6
2009,MIN,2008-11-15,8:00p,,Portland Trail Blazers,L,,83,88,1,7,L 7
2009,MIN,2008-11-16,8:00p,@,Denver Nuggets,L,,84,90,1,8,L 8
2009,MIN,2008-11-19,8:00p,,Philadelphia 76ers,W,,102,96,2,8,W 1
2009,MIN,2008-11-21,8:00p,,Boston Celtics,L,,78,95,2,9,L 1
2009,MIN,2008-11-23,6:00p,@,Detroit Pistons,W,,106,80,3,9,W 1
2009,MIN,2008-11-26,8:00p,,Phoenix Suns,L,,102,110,3,10,L 1
2009,MIN,2008-11-28,8:00p,@,Oklahoma City Thunder,W,,105,103,4,10,W 1
2009,MIN,2008-11-29,8:00p,,Denver Nuggets,L,,97,106,4,11,L 1
2009,MIN,2008-12-01,7:00p,@,Charlotte Bobcats,L,,90,100,4,12,L 2
2009,MIN,2008-12-03,7:00p,@,Orlando Magic,L,,89,100,4,13,L 3
2009,MIN,2008-12-05,7:30p,@,New Jersey Nets,L,,84,113,4,14,L 4
2009,MIN,2008-12-06,8:00p,,Los Angeles Clippers,L,,84,107,4,15,L 5
2009,MIN,2008-12-09,8:00p,,Utah Jazz,L,,96,99,4,16,L 6
2009,MIN,2008-12-10,9:00p,@,Denver Nuggets,L,,105,116,4,17,L 7
2009,MIN,2008-12-12,8:00p,,San Antonio Spurs,L,,86,98,4,18,L 8
2009,MIN,2008-12-14,9:30p,@,Los Angeles Lakers,L,,86,98,4,19,L 9
2009,MIN,2008-12-15,10:00p,@,Sacramento Kings,L,,103,118,4,20,L 10
2009,MIN,2008-12-17,8:00p,,Cleveland Cavaliers,L,,70,93,4,21,L 11
2009,MIN,2008-12-20,8:00p,,Houston Rockets,L,,102,109,4,22,L 12
2009,MIN,2008-12-23,8:30p,@,San Antonio Spurs,L,,93,99,4,23,L 13
2009,MIN,2008-12-26,7:30p,@,New York Knicks,W,,120,107,5,23,W 1
2009,MIN,2008-12-27,8:00p,,Orlando Magic,L,,94,118,5,24,L 1
2009,MIN,2008-12-29,8:00p,,Memphis Grizzlies,W,OT,108,98,6,24,W 1
2009,MIN,2008-12-30,8:30p,@,Dallas Mavericks,L,,100,107,6,25,L 1
2009,MIN,2009-01-02,8:00p,,Golden State Warriors,W,,115,108,7,25,W 1
2009,MIN,2009-01-03,8:30p,@,Chicago Bulls,W,,102,92,8,25,W 2
2009,MIN,2009-01-06,8:00p,@,Memphis Grizzlies,W,,94,87,9,25,W 3
2009,MIN,2009-01-07,8:00p,,Oklahoma City Thunder,W,,129,87,10,25,W 4
2009,MIN,2009-01-10,8:00p,,Milwaukee Bucks,W,,106,104,11,25,W 5
2009,MIN,2009-01-13,8:00p,,Miami Heat,L,,96,99,11,26,L 1
2009,MIN,2009-01-16,9:00p,@,Phoenix Suns,W,,105,103,12,26,W 1
2009,MIN,2009-01-19,3:30p,@,Los Angeles Clippers,W,,94,86,13,26,W 2
2009,MIN,2009-01-20,9:00p,@,Utah Jazz,L,,107,112,13,27,L 1
2009,MIN,2009-01-23,8:00p,,New Orleans Hornets,W,,116,108,14,27,W 1
2009,MIN,2009-01-25,7:00p,,Chicago Bulls,W,OT,109,108,15,27,W 2
2009,MIN,2009-01-26,8:00p,@,Milwaukee Bucks,W,,90,83,16,27,W 3
2009,MIN,2009-01-28,8:00p,,Detroit Pistons,L,,89,98,16,28,L 1
2009,MIN,2009-01-30,8:00p,,Los Angeles Lakers,L,,119,132,16,29,L 2
2009,MIN,2009-02-01,12:00p,@,Boston Celtics,L,,101,109,16,30,L 3
2009,MIN,2009-02-03,7:00p,@,Indiana Pacers,W,,116,111,17,30,W 1
2009,MIN,2009-02-04,8:00p,,Atlanta Hawks,L,,86,94,17,31,L 1
2009,MIN,2009-02-07,8:30p,@,Houston Rockets,L,,90,107,17,32,L 2
2009,MIN,2009-02-08,7:00p,@,New Orleans Hornets,L,,97,101,17,33,L 3
2009,MIN,2009-02-10,8:00p,,Toronto Raptors,L,,102,110,17,34,L 4
2009,MIN,2009-02-17,7:00p,@,Washington Wizards,L,,103,111,17,35,L 5
2009,MIN,2009-02-18,7:30p,@,Miami Heat,W,,111,104,18,35,W 1
2009,MIN,2009-02-20,8:00p,,Indiana Pacers,L,,105,112,18,36,L 1
2009,MIN,2009-02-22,7:00p,,Los Angeles Lakers,L,,108,111,18,37,L 2
2009,MIN,2009-02-24,7:00p,@,Toronto Raptors,L,,110,118,18,38,L 3
2009,MIN,2009-02-25,8:00p,,Utah Jazz,L,,103,120,18,39,L 4
2009,MIN,2009-02-27,8:00p,,Portland Trail Blazers,L,,82,102,18,40,L 5
2009,MIN,2009-03-01,7:00p,,Houston Rockets,L,,94,105,18,41,L 6
2009,MIN,2009-03-03,8:00p,,Golden State Warriors,L,,94,118,18,42,L 7
2009,MIN,2009-03-06,10:30p,@,Los Angeles Lakers,L,,90,110,18,43,L 8
2009,MIN,2009-03-07,10:00p,@,Portland Trail Blazers,L,,93,95,18,44,L 9
2009,MIN,2009-03-09,8:00p,,Washington Wizards,L,,99,110,18,45,L 10
2009,MIN,2009-03-11,8:00p,,Memphis Grizzlies,W,,104,79,19,45,W 1
2009,MIN,2009-03-13,8:00p,,New York Knicks,L,,94,102,19,46,L 1
2009,MIN,2009-03-14,8:00p,,Charlotte Bobcats,W,,108,100,20,46,W 1
2009,MIN,2009-03-17,8:30p,@,San Antonio Spurs,L,,86,93,20,47,L 1
2009,MIN,2009-03-18,8:00p,@,New Orleans Hornets,L,,93,94,20,48,L 2
2009,MIN,2009-03-20,8:30p,@,Houston Rockets,L,,88,107,20,49,L 3
2009,MIN,2009-03-22,3:30p,,Oklahoma City Thunder,L,,90,97,20,50,L 4
2009,MIN,2009-03-23,7:00p,@,Atlanta Hawks,L,,97,109,20,51,L 5
2009,MIN,2009-03-25,7:00p,@,Philadelphia 76ers,L,,88,96,20,52,L 6
2009,MIN,2009-03-27,7:30p,@,Cleveland Cavaliers,L,,85,107,20,53,L 7
2009,MIN,2009-03-29,3:30p,,New Jersey Nets,W,,108,99,21,53,W 1
2009,MIN,2009-03-31,8:00p,,Dallas Mavericks,L,,88,108,21,54,L 1
2009,MIN,2009-04-03,9:00p,@,Utah Jazz,W,,103,102,22,54,W 1
2009,MIN,2009-04-05,7:00p,,Denver Nuggets,L,,87,110,22,55,L 1
2009,MIN,2009-04-07,10:30p,@,Los Angeles Clippers,W,,87,77,23,55,W 1
2009,MIN,2009-04-08,10:30p,@,Golden State Warriors,W,,105,97,24,55,W 2
2009,MIN,2009-04-11,8:00p,,Phoenix Suns,L,,97,110,24,56,L 1
2009,MIN,2009-04-13,8:30p,@,Dallas Mavericks,L,,94,96,24,57,L 2
2009,MIN,2009-04-15,8:00p,,Sacramento Kings,L,,90,97,24,58,L 3
2009,NJN,2008-10-29,7:00p,@,Washington Wizards,W,,95,85,1,0,W 1
2009,NJN,2008-11-01,7:30p,,Golden State Warriors,L,,97,105,1,1,L 1
2009,NJN,2008-11-04,7:30p,,Phoenix Suns,L,,86,114,1,2,L 2
2009,NJN,2008-11-07,7:30p,,Detroit Pistons,W,,103,96,2,2,W 1
2009,NJN,2008-11-08,7:00p,@,Indiana Pacers,L,,80,98,2,3,L 1
2009,NJN,2008-11-10,7:30p,@,Miami Heat,L,,94,99,2,4,L 2
2009,NJN,2008-11-12,7:30p,,Indiana Pacers,L,,87,98,2,5,L 3
2009,NJN,2008-11-14,7:30p,,Atlanta Hawks,W,,115,108,3,5,W 1
2009,NJN,2008-11-15,7:00p,@,Atlanta Hawks,W,,119,107,4,5,W 2
2009,NJN,2008-11-18,7:30p,,Cleveland Cavaliers,L,,82,106,4,6,L 1
2009,NJN,2008-11-21,7:00p,@,Toronto Raptors,W,OT,129,127,5,6,W 1
2009,NJN,2008-11-22,7:30p,,Los Angeles Clippers,W,,112,95,6,6,W 2
2009,NJN,2008-11-25,10:30p,@,Los Angeles Lakers,L,,93,120,6,7,L 1
2009,NJN,2008-11-26,10:00p,@,Sacramento Kings,W,OT,116,114,7,7,W 1
2009,NJN,2008-11-29,9:00p,@,Utah Jazz,W,,105,88,8,7,W 2
2009,NJN,2008-11-30,8:00p,@,Phoenix Suns,W,,117,109,9,7,W 3
2009,NJN,2008-12-02,7:30p,,Washington Wizards,L,,88,108,9,8,L 1
2009,NJN,2008-12-05,7:30p,,Minnesota Timberwolves,W,,113,84,10,8,W 1
2009,NJN,2008-12-06,7:30p,@,Philadelphia 76ers,W,,95,84,11,8,W 2
2009,NJN,2008-12-10,7:30p,,New York Knicks,L,,109,121,11,9,L 1
2009,NJN,2008-12-12,7:30p,,Toronto Raptors,L,,79,101,11,10,L 2
2009,NJN,2008-12-13,8:30p,@,Chicago Bulls,L,,104,113,11,11,L 3
2009,NJN,2008-12-15,7:00p,@,Toronto Raptors,W,,94,87,12,11,W 1
2009,NJN,2008-12-17,7:30p,,Utah Jazz,L,,92,103,12,12,L 1
2009,NJN,2008-12-19,7:30p,,Dallas Mavericks,W,,121,97,13,12,W 1
2009,NJN,2008-12-20,8:00p,,Miami Heat,L,,103,106,13,13,L 1
2009,NJN,2008-12-22,7:30p,,Houston Rockets,L,,91,114,13,14,L 2
2009,NJN,2008-12-23,7:00p,@,Indiana Pacers,W,,108,107,14,14,W 1
2009,NJN,2008-12-26,7:30p,,Charlotte Bobcats,L,,87,95,14,15,L 1
2009,NJN,2008-12-27,7:00p,@,Charlotte Bobcats,W,OT,114,103,15,15,W 1
2009,NJN,2008-12-29,7:30p,,Chicago Bulls,L,,87,100,15,16,L 1
2009,NJN,2008-12-31,3:00p,@,Detroit Pistons,L,,75,83,15,17,L 2
2009,NJN,2009-01-02,7:30p,,Atlanta Hawks,W,OT,93,91,16,17,W 1
2009,NJN,2009-01-03,7:30p,@,Miami Heat,L,OT,96,101,16,18,L 1
2009,NJN,2009-01-05,7:30p,,Sacramento Kings,W,,98,90,17,18,W 1
2009,NJN,2009-01-07,7:30p,,Memphis Grizzlies,W,,100,89,18,18,W 2
2009,NJN,2009-01-09,8:30p,@,Milwaukee Bucks,L,,102,104,18,19,L 1
2009,NJN,2009-01-12,7:30p,,Oklahoma City Thunder,W,OT,103,99,19,19,W 1
2009,NJN,2009-01-14,7:30p,@,Boston Celtics,L,,86,118,19,20,L 1
2009,NJN,2009-01-15,7:30p,,Portland Trail Blazers,L,,99,105,19,21,L 2
2009,NJN,2009-01-17,1:00p,,Boston Celtics,L,,85,105,19,22,L 3
2009,NJN,2009-01-21,8:00p,@,New Orleans Hornets,L,,92,102,19,23,L 4
2009,NJN,2009-01-23,8:30p,@,San Antonio Spurs,L,,91,94,19,24,L 5
2009,NJN,2009-01-24,8:00p,@,Memphis Grizzlies,W,,99,88,20,24,W 1
2009,NJN,2009-01-26,8:00p,@,Oklahoma City Thunder,L,,85,94,20,25,L 1
2009,NJN,2009-01-28,7:30p,,Toronto Raptors,L,,106,107,20,26,L 2
2009,NJN,2009-01-30,7:30p,@,Atlanta Hawks,L,,88,105,20,27,L 3
2009,NJN,2009-01-31,7:00p,@,Philadelphia 76ers,W,,85,83,21,27,W 1
2009,NJN,2009-02-03,7:30p,,Milwaukee Bucks,W,,99,85,22,27,W 2
2009,NJN,2009-02-04,7:00p,@,Washington Wizards,W,,115,88,23,27,W 3
2009,NJN,2009-02-07,7:30p,,Denver Nuggets,W,,114,70,24,27,W 4
2009,NJN,2009-02-08,6:00p,@,Orlando Magic,L,,84,101,24,28,L 1
2009,NJN,2009-02-10,7:30p,,San Antonio Spurs,L,,93,108,24,29,L 2
2009,NJN,2009-02-17,8:30p,@,Houston Rockets,L,,88,114,24,30,L 3
2009,NJN,2009-02-18,8:30p,@,Dallas Mavericks,L,,98,113,24,31,L 4
2009,NJN,2009-02-20,8:00p,,Washington Wizards,L,,96,107,24,32,L 5
2009,NJN,2009-02-23,7:30p,,Philadelphia 76ers,W,,98,96,25,32,W 1
2009,NJN,2009-02-25,7:30p,,Chicago Bulls,W,,111,99,26,32,W 2
2009,NJN,2009-03-01,6:00p,,New Orleans Hornets,L,,96,99,26,33,L 1
2009,NJN,2009-03-03,8:00p,@,Milwaukee Bucks,W,,99,95,27,33,W 1
2009,NJN,2009-03-04,7:30p,,Boston Celtics,L,,111,115,27,34,L 1
2009,NJN,2009-03-06,7:00p,@,Orlando Magic,L,,102,105,27,35,L 2
2009,NJN,2009-03-08,6:00p,,New York Knicks,W,,106,101,28,35,W 1
2009,NJN,2009-03-11,10:30p,@,Golden State Warriors,L,,112,116,28,36,L 1
2009,NJN,2009-03-13,10:00p,@,Portland Trail Blazers,L,,100,109,28,37,L 2
2009,NJN,2009-03-15,9:30p,@,Los Angeles Clippers,L,,105,107,28,38,L 3
2009,NJN,2009-03-16,9:00p,@,Denver Nuggets,L,,96,121,28,39,L 4
2009,NJN,2009-03-18,7:30p,@,New York Knicks,W,,115,89,29,39,W 1
2009,NJN,2009-03-20,7:30p,,Miami Heat,W,,96,88,30,39,W 2
2009,NJN,2009-03-22,6:00p,,Cleveland Cavaliers,L,,88,96,30,40,L 1
2009,NJN,2009-03-25,7:00p,@,Cleveland Cavaliers,L,,87,98,30,41,L 2
2009,NJN,2009-03-27,7:30p,,Los Angeles Lakers,L,,95,103,30,42,L 3
2009,NJN,2009-03-29,3:30p,@,Minnesota Timberwolves,L,,99,108,30,43,L 4
2009,NJN,2009-03-30,7:30p,,Milwaukee Bucks,L,,78,107,30,44,L 5
2009,NJN,2009-04-01,7:30p,,Detroit Pistons,W,,111,98,31,44,W 1
2009,NJN,2009-04-04,2:00p,@,Chicago Bulls,L,,94,103,31,45,L 1
2009,NJN,2009-04-05,7:30p,,Philadelphia 76ers,W,,96,67,32,45,W 1
2009,NJN,2009-04-08,7:30p,@,Boston Celtics,L,,104,106,32,46,L 1
2009,NJN,2009-04-10,8:00p,@,Detroit Pistons,L,,93,100,32,47,L 2
2009,NJN,2009-04-11,7:30p,,Orlando Magic,W,,103,93,33,47,W 1
2009,NJN,2009-04-13,7:30p,,Charlotte Bobcats,W,,91,87,34,47,W 2
2009,NJN,2009-04-15,8:00p,@,New York Knicks,L,,73,102,34,48,L 1
2009,NOH,2008-10-29,10:30p,@,Golden State Warriors,W,,108,103,1,0,W 1
2009,NOH,2008-10-30,10:30p,@,Phoenix Suns,W,,108,95,2,0,W 2
2009,NOH,2008-11-01,8:00p,,Cleveland Cavaliers,W,,104,92,3,0,W 3
2009,NOH,2008-11-05,8:00p,,Atlanta Hawks,L,,79,87,3,1,L 1
2009,NOH,2008-11-07,7:00p,@,Charlotte Bobcats,L,,89,92,3,2,L 2
2009,NOH,2008-11-08,8:00p,,Miami Heat,W,,100,89,4,2,W 1
2009,NOH,2008-11-12,8:00p,,Los Angeles Lakers,L,,86,93,4,3,L 1
2009,NOH,2008-11-14,8:00p,,Portland Trail Blazers,W,,87,82,5,3,W 1
2009,NOH,2008-11-15,8:30p,@,Houston Rockets,L,,82,91,5,4,L 1
2009,NOH,2008-11-19,8:00p,,Sacramento Kings,L,,96,105,5,5,L 2
2009,NOH,2008-11-21,9:30p,@,Oklahoma City Thunder,W,,105,80,6,5,W 1
2009,NOH,2008-11-22,8:00p,,Oklahoma City Thunder,W,,109,97,7,5,W 2
2009,NOH,2008-11-24,10:30p,@,Los Angeles Clippers,W,,99,87,8,5,W 3
2009,NOH,2008-11-27,10:30p,@,Denver Nuggets,W,,105,101,9,5,W 4
2009,NOH,2008-11-28,10:00p,@,Portland Trail Blazers,L,,86,101,9,6,L 1
2009,NOH,2008-12-03,8:00p,,Phoenix Suns,W,,104,91,10,6,W 1
2009,NOH,2008-12-06,8:00p,,Memphis Grizzlies,W,,106,87,11,6,W 2
2009,NOH,2008-12-10,8:00p,,Charlotte Bobcats,W,,105,89,12,6,W 3
2009,NOH,2008-12-12,8:00p,@,Boston Celtics,L,,82,94,12,7,L 1
2009,NOH,2008-12-14,12:30p,@,Toronto Raptors,W,,99,91,13,7,W 1
2009,NOH,2008-12-16,8:00p,@,Memphis Grizzlies,W,,91,84,14,7,W 2
2009,NOH,2008-12-17,9:30p,,San Antonio Spurs,W,,90,83,15,7,W 3
2009,NOH,2008-12-20,8:00p,,Sacramento Kings,W,,99,90,16,7,W 4
2009,NOH,2008-12-23,8:00p,,Los Angeles Lakers,L,,87,100,16,8,L 1
2009,NOH,2008-12-25,12:00p,@,Orlando Magic,L,,68,88,16,9,L 2
2009,NOH,2008-12-26,8:00p,,Houston Rockets,W,,88,79,17,9,W 1
2009,NOH,2008-12-28,7:00p,@,Indiana Pacers,W,,105,103,18,9,W 2
2009,NOH,2008-12-30,8:00p,,Washington Wizards,W,,97,85,19,9,W 3
2009,NOH,2009-01-02,10:00p,@,Portland Trail Blazers,W,,92,77,20,9,W 4
2009,NOH,2009-01-03,9:00p,@,Denver Nuggets,L,,100,105,20,10,L 1
2009,NOH,2009-01-06,10:30p,@,Los Angeles Lakers,W,,116,105,21,10,W 1
2009,NOH,2009-01-07,9:00p,@,Utah Jazz,L,,90,116,21,11,L 1
2009,NOH,2009-01-09,8:00p,,Los Angeles Clippers,W,,107,80,22,11,W 1
2009,NOH,2009-01-12,8:00p,,New York Knicks,L,,95,101,22,12,L 1
2009,NOH,2009-01-14,8:30p,@,Dallas Mavericks,W,,104,97,23,12,W 1
2009,NOH,2009-01-16,8:00p,@,Cleveland Cavaliers,L,,78,92,23,13,L 1
2009,NOH,2009-01-17,7:30p,@,Detroit Pistons,W,,91,85,24,13,W 1
2009,NOH,2009-01-19,3:30p,,Indiana Pacers,W,,103,100,25,13,W 2
2009,NOH,2009-01-21,8:00p,,New Jersey Nets,W,,102,92,26,13,W 3
2009,NOH,2009-01-23,8:00p,@,Minnesota Timberwolves,L,,108,116,26,14,L 1
2009,NOH,2009-01-26,8:00p,,Philadelphia 76ers,W,,101,86,27,14,W 1
2009,NOH,2009-01-28,8:00p,,Denver Nuggets,W,,94,81,28,14,W 2
2009,NOH,2009-01-30,9:30p,,Golden State Warriors,L,,87,91,28,15,L 1
2009,NOH,2009-01-31,8:30p,@,San Antonio Spurs,L,,93,106,28,16,L 2
2009,NOH,2009-02-02,8:00p,,Portland Trail Blazers,L,,89,97,28,17,L 3
2009,NOH,2009-02-04,8:00p,,Chicago Bulls,L,,93,107,28,18,L 4
2009,NOH,2009-02-06,8:00p,,Toronto Raptors,W,,101,92,29,18,W 1
2009,NOH,2009-02-08,7:00p,,Minnesota Timberwolves,W,,101,97,30,18,W 2
2009,NOH,2009-02-09,8:00p,@,Memphis Grizzlies,L,,80,85,30,19,L 1
2009,NOH,2009-02-11,8:00p,,Boston Celtics,L,,77,89,30,20,L 2
2009,NOH,2009-02-17,8:00p,@,Oklahoma City Thunder,W,,100,98,31,20,W 1
2009,NOH,2009-02-18,8:00p,,Orlando Magic,W,,117,85,32,20,W 2
2009,NOH,2009-02-20,10:30p,@,Los Angeles Lakers,L,OT,111,115,32,21,L 1
2009,NOH,2009-02-21,9:00p,@,Utah Jazz,L,,88,102,32,22,L 2
2009,NOH,2009-02-23,10:00p,@,Sacramento Kings,W,,112,105,33,22,W 1
2009,NOH,2009-02-25,8:00p,,Detroit Pistons,W,,90,87,34,22,W 2
2009,NOH,2009-02-27,8:00p,,Milwaukee Bucks,W,,95,94,35,22,W 3
2009,NOH,2009-03-01,6:00p,@,New Jersey Nets,W,,99,96,36,22,W 4
2009,NOH,2009-03-02,7:00p,@,Philadelphia 76ers,W,,98,91,37,22,W 5
2009,NOH,2009-03-05,8:00p,,Dallas Mavericks,W,,104,88,38,22,W 6
2009,NOH,2009-03-07,8:00p,,Oklahoma City Thunder,W,,108,90,39,22,W 7
2009,NOH,2009-03-09,7:00p,@,Atlanta Hawks,L,,79,89,39,23,L 1
2009,NOH,2009-03-11,7:00p,@,Washington Wizards,W,,109,98,40,23,W 1
2009,NOH,2009-03-13,8:30p,@,Milwaukee Bucks,W,,95,86,41,23,W 2
2009,NOH,2009-03-14,8:30p,@,Chicago Bulls,L,,79,97,41,24,L 1
2009,NOH,2009-03-16,8:00p,,Houston Rockets,L,,84,95,41,25,L 2
2009,NOH,2009-03-18,8:00p,,Minnesota Timberwolves,W,,94,93,42,25,W 1
2009,NOH,2009-03-20,8:00p,,Memphis Grizzlies,W,,96,84,43,25,W 2
2009,NOH,2009-03-22,7:00p,,Golden State Warriors,W,,99,89,44,25,W 3
2009,NOH,2009-03-25,8:00p,,Denver Nuggets,L,,88,101,44,26,L 1
2009,NOH,2009-03-27,7:30p,@,New York Knicks,L,,93,103,44,27,L 2
2009,NOH,2009-03-29,8:00p,,San Antonio Spurs,W,,90,86,45,27,W 1
2009,NOH,2009-03-31,10:00p,@,Sacramento Kings,W,,111,110,46,27,W 2
2009,NOH,2009-04-01,10:30p,@,Los Angeles Clippers,W,,104,98,47,27,W 3
2009,NOH,2009-04-03,10:30p,@,Golden State Warriors,L,,103,111,47,28,L 1
2009,NOH,2009-04-05,7:00p,,Utah Jazz,L,,94,108,47,29,L 2
2009,NOH,2009-04-07,7:30p,@,Miami Heat,W,OT,93,87,48,29,W 1
2009,NOH,2009-04-08,8:00p,,Phoenix Suns,L,,100,105,48,30,L 1
2009,NOH,2009-04-10,8:30p,@,Dallas Mavericks,L,,92,100,48,31,L 2
2009,NOH,2009-04-12,1:00p,,Dallas Mavericks,W,,102,92,49,31,W 1
2009,NOH,2009-04-13,8:30p,@,Houston Rockets,L,,66,86,49,32,L 1
2009,NOH,2009-04-15,8:00p,@,San Antonio Spurs,L,OT,98,105,49,33,L 2
2009,NOH,2009-04-19,10:30p,@,Denver Nuggets,L,,84,113,0,1,L 1
2009,NOH,2009-04-22,10:30p,@,Denver Nuggets,L,,93,108,0,2,L 2
2009,NOH,2009-04-25,1:00p,,Denver Nuggets,W,,95,93,1,2,W 1
2009,NOH,2009-04-27,8:30p,,Denver Nuggets,L,,63,121,1,3,L 1
2009,NOH,2009-04-29,10:30p,@,Denver Nuggets,L,,86,107,1,4,L 2
2009,NYK,2008-10-29,7:30p,,Miami Heat,W,,120,115,1,0,W 1
2009,NYK,2008-10-31,7:00p,@,Philadelphia 76ers,L,,87,116,1,1,L 1
2009,NYK,2008-11-02,6:00p,,Milwaukee Bucks,L,,86,94,1,2,L 2
2009,NYK,2008-11-05,7:30p,,Charlotte Bobcats,W,,101,98,2,2,W 1
2009,NYK,2008-11-07,7:00p,@,Washington Wizards,W,,114,108,3,2,W 2
2009,NYK,2008-11-09,3:00p,,Utah Jazz,W,,107,99,4,2,W 3
2009,NYK,2008-11-11,8:30p,@,San Antonio Spurs,L,,80,92,4,3,L 1
2009,NYK,2008-11-12,8:00p,@,Memphis Grizzlies,W,,132,103,5,3,W 1
2009,NYK,2008-11-14,7:30p,,Oklahoma City Thunder,W,,116,106,6,3,W 2
2009,NYK,2008-11-16,6:00p,,Dallas Mavericks,L,OT,114,124,6,4,L 1
2009,NYK,2008-11-18,7:30p,@,Boston Celtics,L,,101,110,6,5,L 2
2009,NYK,2008-11-21,8:30p,@,Milwaukee Bucks,L,,87,104,6,6,L 3
2009,NYK,2008-11-22,7:30p,,Washington Wizards,W,,122,117,7,6,W 1
2009,NYK,2008-11-25,7:30p,,Cleveland Cavaliers,L,,101,119,7,7,L 1
2009,NYK,2008-11-26,8:00p,@,Detroit Pistons,L,,96,110,7,8,L 2
2009,NYK,2008-11-29,7:30p,,Golden State Warriors,W,,138,125,8,8,W 1
2009,NYK,2008-12-02,7:30p,,Portland Trail Blazers,L,,97,104,8,9,L 1
2009,NYK,2008-12-03,7:00p,@,Cleveland Cavaliers,L,,82,118,8,10,L 2
2009,NYK,2008-12-05,7:30p,@,Atlanta Hawks,L,,95,98,8,11,L 3
2009,NYK,2008-12-07,12:00p,,Detroit Pistons,W,,104,92,9,11,W 1
2009,NYK,2008-12-09,8:30p,@,Chicago Bulls,L,,100,105,9,12,L 1
2009,NYK,2008-12-10,7:30p,@,New Jersey Nets,W,,121,109,10,12,W 1
2009,NYK,2008-12-13,10:00p,@,Sacramento Kings,W,,114,90,11,12,W 2
2009,NYK,2008-12-15,9:00p,@,Phoenix Suns,L,,103,111,11,13,L 1
2009,NYK,2008-12-16,10:30p,@,Los Angeles Lakers,L,,114,116,11,14,L 2
2009,NYK,2008-12-19,7:30p,,Milwaukee Bucks,L,,81,105,11,15,L 3
2009,NYK,2008-12-21,6:00p,@,Boston Celtics,L,,105,124,11,16,L 4
2009,NYK,2008-12-26,7:30p,,Minnesota Timberwolves,L,,107,120,11,17,L 5
2009,NYK,2008-12-28,1:00p,,Denver Nuggets,L,,110,117,11,18,L 6
2009,NYK,2008-12-30,7:00p,@,Charlotte Bobcats,W,,93,89,12,18,W 1
2009,NYK,2009-01-02,7:30p,,Indiana Pacers,L,,103,105,12,19,L 1
2009,NYK,2009-01-04,6:00p,,Boston Celtics,W,,100,88,13,19,W 1
2009,NYK,2009-01-06,8:00p,@,Oklahoma City Thunder,L,,99,107,13,20,L 1
2009,NYK,2009-01-08,8:30p,@,Dallas Mavericks,L,,94,99,13,21,L 2
2009,NYK,2009-01-10,8:30p,@,Houston Rockets,L,,76,96,13,22,L 3
2009,NYK,2009-01-12,8:00p,@,New Orleans Hornets,W,,101,95,14,22,W 1
2009,NYK,2009-01-14,7:30p,,Washington Wizards,W,,128,122,15,22,W 2
2009,NYK,2009-01-16,7:00p,@,Washington Wizards,L,,89,96,15,23,L 1
2009,NYK,2009-01-17,7:30p,,Philadelphia 76ers,L,,97,107,15,24,L 2
2009,NYK,2009-01-19,1:00p,,Chicago Bulls,W,,102,98,16,24,W 1
2009,NYK,2009-01-21,7:30p,,Phoenix Suns,W,,114,109,17,24,W 2
2009,NYK,2009-01-23,7:30p,,Memphis Grizzlies,W,,108,88,18,24,W 3
2009,NYK,2009-01-24,7:00p,@,Philadelphia 76ers,L,,110,116,18,25,L 1
2009,NYK,2009-01-26,7:30p,,Houston Rockets,W,,104,98,19,25,W 1
2009,NYK,2009-01-28,7:30p,,Atlanta Hawks,W,,112,104,20,25,W 2
2009,NYK,2009-01-31,7:00p,@,Indiana Pacers,W,,122,113,21,25,W 3
2009,NYK,2009-02-02,7:30p,,Los Angeles Lakers,L,,117,126,21,26,L 1
2009,NYK,2009-02-04,7:30p,,Cleveland Cavaliers,L,,102,107,21,27,L 2
2009,NYK,2009-02-06,7:30p,,Boston Celtics,L,,100,110,21,28,L 3
2009,NYK,2009-02-08,6:00p,@,Portland Trail Blazers,L,,108,109,21,29,L 4
2009,NYK,2009-02-10,10:30p,@,Golden State Warriors,L,,127,144,21,30,L 5
2009,NYK,2009-02-11,10:30p,@,Los Angeles Clippers,L,OT,124,128,21,31,L 6
2009,NYK,2009-02-17,7:30p,,San Antonio Spurs,W,OT,112,107,22,31,W 1
2009,NYK,2009-02-20,7:30p,,Toronto Raptors,W,,127,97,23,31,W 2
2009,NYK,2009-02-22,12:00p,@,Toronto Raptors,L,,100,111,23,32,L 1
2009,NYK,2009-02-23,7:30p,,Indiana Pacers,W,,123,119,24,32,W 1
2009,NYK,2009-02-25,7:30p,,Orlando Magic,L,,109,114,24,33,L 1
2009,NYK,2009-02-27,7:30p,,Philadelphia 76ers,L,,103,108,24,34,L 2
2009,NYK,2009-02-28,7:30p,@,Miami Heat,L,,115,120,24,35,L 3
2009,NYK,2009-03-04,7:30p,,Atlanta Hawks,W,,109,105,25,35,W 1
2009,NYK,2009-03-07,7:30p,,Charlotte Bobcats,L,,105,114,25,36,L 1
2009,NYK,2009-03-08,6:00p,@,New Jersey Nets,L,,101,106,25,37,L 2
2009,NYK,2009-03-10,8:00p,@,Milwaukee Bucks,W,,120,112,26,37,W 1
2009,NYK,2009-03-11,7:30p,@,Detroit Pistons,W,OT,116,111,27,37,W 2
2009,NYK,2009-03-13,8:00p,@,Minnesota Timberwolves,W,,102,94,28,37,W 3
2009,NYK,2009-03-15,6:00p,@,Cleveland Cavaliers,L,,93,98,28,38,L 1
2009,NYK,2009-03-18,7:30p,,New Jersey Nets,L,,89,115,28,39,L 2
2009,NYK,2009-03-20,7:30p,,Sacramento Kings,L,,94,121,28,40,L 3
2009,NYK,2009-03-21,7:00p,@,Orlando Magic,L,,103,110,28,41,L 4
2009,NYK,2009-03-23,7:30p,,Orlando Magic,L,,102,106,28,42,L 5
2009,NYK,2009-03-25,7:30p,,Los Angeles Clippers,L,OT,135,140,28,43,L 6
2009,NYK,2009-03-27,7:30p,,New Orleans Hornets,W,,103,93,29,43,W 1
2009,NYK,2009-03-28,7:00p,@,Charlotte Bobcats,L,,85,96,29,44,L 1
2009,NYK,2009-03-30,9:00p,@,Utah Jazz,L,,104,112,29,45,L 2
2009,NYK,2009-03-31,9:00p,@,Denver Nuggets,L,,104,111,29,46,L 3
2009,NYK,2009-04-04,1:00p,,Toronto Raptors,L,,95,102,29,47,L 4
2009,NYK,2009-04-05,6:00p,@,Toronto Raptors,W,,112,103,30,47,W 1
2009,NYK,2009-04-07,8:30p,@,Chicago Bulls,L,,103,110,30,48,L 1
2009,NYK,2009-04-08,7:30p,,Detroit Pistons,L,,86,113,30,49,L 2
2009,NYK,2009-04-10,8:00p,@,Orlando Magic,W,,105,95,31,49,W 1
2009,NYK,2009-04-12,6:00p,@,Miami Heat,L,,105,122,31,50,L 1
2009,NYK,2009-04-15,8:00p,,New Jersey Nets,W,,102,73,32,50,W 1
2009,OKC,2008-10-29,8:00p,,Milwaukee Bucks,L,,87,98,0,1,L 1
2009,OKC,2008-11-01,8:30p,@,Houston Rockets,L,,77,89,0,2,L 2
2009,OKC,2008-11-02,7:00p,,Minnesota Timberwolves,W,,88,85,1,2,W 1
2009,OKC,2008-11-05,8:00p,,Boston Celtics,L,,83,96,1,3,L 1
2009,OKC,2008-11-07,9:00p,@,Utah Jazz,L,,97,104,1,4,L 2
2009,OKC,2008-11-09,7:00p,,Atlanta Hawks,L,,85,89,1,5,L 3
2009,OKC,2008-11-10,7:00p,@,Indiana Pacers,L,,99,107,1,6,L 4
2009,OKC,2008-11-12,8:00p,,Orlando Magic,L,,92,109,1,7,L 5
2009,OKC,2008-11-14,7:30p,@,New York Knicks,L,,106,116,1,8,L 6
2009,OKC,2008-11-15,7:00p,@,Philadelphia 76ers,L,,85,110,1,9,L 7
2009,OKC,2008-11-17,8:00p,,Houston Rockets,L,,89,100,1,10,L 8
2009,OKC,2008-11-19,8:00p,,Los Angeles Clippers,L,,88,108,1,11,L 9
2009,OKC,2008-11-21,9:30p,,New Orleans Hornets,L,,80,105,1,12,L 10
2009,OKC,2008-11-22,8:00p,@,New Orleans Hornets,L,,97,109,1,13,L 11
2009,OKC,2008-11-25,8:00p,,Phoenix Suns,L,,98,99,1,14,L 12
2009,OKC,2008-11-26,7:00p,@,Cleveland Cavaliers,L,,82,117,1,15,L 13
2009,OKC,2008-11-28,8:00p,,Minnesota Timberwolves,L,,103,105,1,16,L 14
2009,OKC,2008-11-29,8:00p,@,Memphis Grizzlies,W,,111,103,2,16,W 1
2009,OKC,2008-12-03,7:00p,@,Charlotte Bobcats,L,,97,103,2,17,L 1
2009,OKC,2008-12-05,7:00p,@,Orlando Magic,L,,89,98,2,18,L 2
2009,OKC,2008-12-06,7:30p,@,Miami Heat,L,,99,105,2,19,L 3
2009,OKC,2008-12-08,8:00p,,Golden State Warriors,L,,102,112,2,20,L 4
2009,OKC,2008-12-10,8:00p,,Memphis Grizzlies,L,,102,108,2,21,L 5
2009,OKC,2008-12-13,8:30p,@,Dallas Mavericks,L,,99,103,2,22,L 6
2009,OKC,2008-12-14,7:00p,@,San Antonio Spurs,L,,104,109,2,23,L 7
2009,OKC,2008-12-16,8:00p,,Los Angeles Clippers,L,,88,98,2,24,L 8
2009,OKC,2008-12-19,8:00p,,Toronto Raptors,W,,91,83,3,24,W 1
2009,OKC,2008-12-21,7:00p,,Cleveland Cavaliers,L,,91,102,3,25,L 1
2009,OKC,2008-12-23,7:00p,@,Atlanta Hawks,L,,88,99,3,26,L 2
2009,OKC,2008-12-26,8:00p,@,Detroit Pistons,L,,88,90,3,27,L 3
2009,OKC,2008-12-27,7:00p,@,Washington Wizards,L,,95,104,3,28,L 4
2009,OKC,2008-12-29,8:00p,,Phoenix Suns,L,,102,110,3,29,L 5
2009,OKC,2008-12-31,8:00p,,Golden State Warriors,W,,107,100,4,29,W 1
2009,OKC,2009-01-02,8:00p,,Denver Nuggets,L,,120,122,4,30,L 1
2009,OKC,2009-01-06,8:00p,,New York Knicks,W,,107,99,5,30,W 1
2009,OKC,2009-01-07,8:00p,@,Minnesota Timberwolves,L,,87,129,5,31,L 1
2009,OKC,2009-01-09,8:00p,,Houston Rockets,L,,96,98,5,32,L 2
2009,OKC,2009-01-10,8:30p,@,Chicago Bulls,W,OT,109,98,6,32,W 1
2009,OKC,2009-01-12,7:30p,@,New Jersey Nets,L,OT,99,103,6,33,L 1
2009,OKC,2009-01-14,8:00p,,Utah Jazz,W,,114,93,7,33,W 1
2009,OKC,2009-01-16,8:00p,,Detroit Pistons,W,,89,79,8,33,W 2
2009,OKC,2009-01-18,7:00p,,Miami Heat,L,,94,104,8,34,L 1
2009,OKC,2009-01-21,10:30p,@,Golden State Warriors,W,,122,121,9,34,W 1
2009,OKC,2009-01-23,10:30p,@,Los Angeles Clippers,L,,104,107,9,35,L 1
2009,OKC,2009-01-26,8:00p,,New Jersey Nets,W,,94,85,10,35,W 1
2009,OKC,2009-01-28,8:00p,,Memphis Grizzlies,W,OT,114,102,11,35,W 2
2009,OKC,2009-01-30,9:00p,@,Utah Jazz,L,,90,110,11,36,L 1
2009,OKC,2009-02-01,3:00p,@,Sacramento Kings,L,OT,118,122,11,37,L 2
2009,OKC,2009-02-04,8:00p,,Denver Nuggets,L,,113,114,11,38,L 3
2009,OKC,2009-02-06,8:00p,,Portland Trail Blazers,W,,102,93,12,38,W 1
2009,OKC,2009-02-08,7:00p,,Sacramento Kings,W,,116,113,13,38,W 2
2009,OKC,2009-02-10,10:30p,@,Los Angeles Lakers,L,,98,105,13,39,L 1
2009,OKC,2009-02-11,10:00p,@,Portland Trail Blazers,L,,92,106,13,40,L 2
2009,OKC,2009-02-17,8:00p,,New Orleans Hornets,L,,98,100,13,41,L 3
2009,OKC,2009-02-20,9:00p,@,Phoenix Suns,L,,118,140,13,42,L 4
2009,OKC,2009-02-21,10:30p,@,Golden State Warriors,L,,120,133,13,43,L 5
2009,OKC,2009-02-24,8:00p,,Los Angeles Lakers,L,,93,107,13,44,L 6
2009,OKC,2009-02-27,8:30p,@,Dallas Mavericks,L,OT,108,110,13,45,L 7
2009,OKC,2009-02-28,8:00p,@,Memphis Grizzlies,W,,99,92,14,45,W 1
2009,OKC,2009-03-02,8:00p,,Dallas Mavericks,W,,96,87,15,45,W 2
2009,OKC,2009-03-04,8:00p,,Washington Wizards,W,,88,83,16,45,W 3
2009,OKC,2009-03-07,8:00p,@,New Orleans Hornets,L,,90,108,16,46,L 1
2009,OKC,2009-03-08,7:00p,,Philadelphia 76ers,W,,89,74,17,46,W 1
2009,OKC,2009-03-10,10:00p,@,Sacramento Kings,W,,99,98,18,46,W 2
2009,OKC,2009-03-11,9:00p,@,Denver Nuggets,L,,99,112,18,47,L 1
2009,OKC,2009-03-14,10:00p,@,Phoenix Suns,L,,95,106,18,48,L 2
2009,OKC,2009-03-16,8:00p,,San Antonio Spurs,W,,78,76,19,48,W 1
2009,OKC,2009-03-18,8:00p,,Chicago Bulls,L,,96,103,19,49,L 1
2009,OKC,2009-03-20,8:00p,,Utah Jazz,L,,94,101,19,50,L 2
2009,OKC,2009-03-22,3:30p,@,Minnesota Timberwolves,W,,97,90,20,50,W 1
2009,OKC,2009-03-24,8:00p,,Los Angeles Lakers,L,,89,107,20,51,L 1
2009,OKC,2009-03-27,7:00p,@,Toronto Raptors,L,,96,112,20,52,L 2
2009,OKC,2009-03-29,7:00p,@,Boston Celtics,L,,84,103,20,53,L 3
2009,OKC,2009-03-31,8:30p,@,San Antonio Spurs,W,,96,95,21,53,W 1
2009,OKC,2009-04-03,8:00p,,Portland Trail Blazers,L,,72,107,21,54,L 1
2009,OKC,2009-04-05,7:00p,,Indiana Pacers,L,,99,117,21,55,L 2
2009,OKC,2009-04-07,8:00p,,San Antonio Spurs,L,,89,99,21,56,L 3
2009,OKC,2009-04-08,9:00p,@,Denver Nuggets,L,,112,122,21,57,L 4
2009,OKC,2009-04-10,8:00p,,Charlotte Bobcats,W,,84,81,22,57,W 1
2009,OKC,2009-04-11,8:30p,@,Milwaukee Bucks,L,,98,115,22,58,L 1
2009,OKC,2009-04-13,10:00p,@,Portland Trail Blazers,L,,83,113,22,59,L 2
2009,OKC,2009-04-15,10:30p,@,Los Angeles Clippers,W,,126,85,23,59,W 1
2009,ORL,2008-10-29,7:00p,,Atlanta Hawks,L,,85,99,0,1,L 1
2009,ORL,2008-10-31,8:00p,@,Memphis Grizzlies,L,,84,86,0,2,L 2
2009,ORL,2008-11-01,7:00p,,Sacramento Kings,W,,121,103,1,2,W 1
2009,ORL,2008-11-03,7:00p,,Chicago Bulls,W,,96,93,2,2,W 2
2009,ORL,2008-11-06,8:00p,,Philadelphia 76ers,W,,98,88,3,2,W 3
2009,ORL,2008-11-08,7:00p,,Washington Wizards,W,,106,81,4,2,W 4
2009,ORL,2008-11-10,7:00p,,Portland Trail Blazers,L,,99,106,4,3,L 1
2009,ORL,2008-11-12,8:00p,@,Oklahoma City Thunder,W,,109,92,5,3,W 1
2009,ORL,2008-11-14,8:30p,@,Dallas Mavericks,W,,102,100,6,3,W 2
2009,ORL,2008-11-16,5:30p,@,Charlotte Bobcats,W,,90,85,7,3,W 3
2009,ORL,2008-11-18,7:00p,,Toronto Raptors,W,,103,90,8,3,W 4
2009,ORL,2008-11-21,7:00p,@,Indiana Pacers,W,OT,100,98,9,3,W 5
2009,ORL,2008-11-22,7:00p,,Houston Rockets,L,,95,100,9,4,L 1
2009,ORL,2008-11-24,7:00p,,Milwaukee Bucks,W,,108,101,10,4,W 1
2009,ORL,2008-11-26,7:30p,@,Philadelphia 76ers,W,,96,94,11,4,W 2
2009,ORL,2008-11-27,8:00p,@,Washington Wizards,W,,105,90,12,4,W 3
2009,ORL,2008-11-29,7:00p,,Indiana Pacers,W,,110,96,13,4,W 4
2009,ORL,2008-12-01,7:30p,@,Boston Celtics,L,,88,107,13,5,L 1
2009,ORL,2008-12-03,7:00p,,Minnesota Timberwolves,W,,100,89,14,5,W 1
2009,ORL,2008-12-05,7:00p,,Oklahoma City Thunder,W,,98,89,15,5,W 2
2009,ORL,2008-12-08,10:30p,@,Los Angeles Clippers,W,,95,88,16,5,W 3
2009,ORL,2008-12-09,10:00p,@,Portland Trail Blazers,W,,109,108,17,5,W 4
2009,ORL,2008-12-12,9:00p,@,Phoenix Suns,L,,112,113,17,6,L 1
2009,ORL,2008-12-13,9:00p,@,Utah Jazz,W,,103,94,18,6,W 1
2009,ORL,2008-12-15,10:30p,@,Golden State Warriors,W,,109,98,19,6,W 2
2009,ORL,2008-12-18,8:00p,,San Antonio Spurs,W,,90,78,20,6,W 3
2009,ORL,2008-12-20,7:00p,,Los Angeles Lakers,W,,106,103,21,6,W 4
2009,ORL,2008-12-22,7:00p,,Golden State Warriors,W,,113,81,22,6,W 5
2009,ORL,2008-12-25,12:00p,,New Orleans Hornets,W,,88,68,23,6,W 6
2009,ORL,2008-12-27,8:00p,@,Minnesota Timberwolves,W,,118,94,24,6,W 7
2009,ORL,2008-12-29,7:30p,@,Detroit Pistons,L,,82,88,24,7,L 1
2009,ORL,2008-12-31,2:00p,@,Chicago Bulls,W,,113,94,25,7,W 1
2009,ORL,2009-01-02,7:00p,,Miami Heat,W,,86,76,26,7,W 2
2009,ORL,2009-01-04,12:30p,@,Toronto Raptors,L,,102,108,26,8,L 1
2009,ORL,2009-01-06,7:00p,,Washington Wizards,W,,89,80,27,8,W 1
2009,ORL,2009-01-07,7:00p,@,Atlanta Hawks,W,,106,102,28,8,W 2
2009,ORL,2009-01-09,7:00p,,Atlanta Hawks,W,,121,87,29,8,W 3
2009,ORL,2009-01-11,8:30p,@,San Antonio Spurs,W,,105,98,30,8,W 4
2009,ORL,2009-01-13,10:00p,@,Sacramento Kings,W,,139,107,31,8,W 5
2009,ORL,2009-01-16,10:30p,@,Los Angeles Lakers,W,,109,103,32,8,W 6
2009,ORL,2009-01-17,9:00p,@,Denver Nuggets,W,,106,88,33,8,W 7
2009,ORL,2009-01-22,8:00p,,Boston Celtics,L,,80,90,33,9,L 1
2009,ORL,2009-01-24,7:30p,@,Miami Heat,L,,97,103,33,10,L 2
2009,ORL,2009-01-27,7:00p,,Indiana Pacers,W,,135,111,34,10,W 1
2009,ORL,2009-01-29,8:00p,,Cleveland Cavaliers,W,,99,88,35,10,W 2
2009,ORL,2009-02-01,12:00p,@,Toronto Raptors,W,,113,90,36,10,W 3
2009,ORL,2009-02-02,7:00p,,Dallas Mavericks,L,,95,105,36,11,L 1
2009,ORL,2009-02-04,7:00p,,Los Angeles Clippers,W,,125,96,37,11,W 1
2009,ORL,2009-02-06,7:00p,@,Indiana Pacers,L,,102,107,37,12,L 1
2009,ORL,2009-02-08,6:00p,,New Jersey Nets,W,,101,84,38,12,W 1
2009,ORL,2009-02-11,7:00p,,Denver Nuggets,L,,73,82,38,13,L 1
2009,ORL,2009-02-17,7:00p,,Charlotte Bobcats,W,OT,107,102,39,13,W 1
2009,ORL,2009-02-18,8:00p,@,New Orleans Hornets,L,,85,117,39,14,L 1
2009,ORL,2009-02-20,7:00p,@,Charlotte Bobcats,W,,92,80,40,14,W 1
2009,ORL,2009-02-22,5:30p,,Miami Heat,W,,122,99,41,14,W 2
2009,ORL,2009-02-24,8:00p,@,Chicago Bulls,L,,102,120,41,15,L 1
2009,ORL,2009-02-25,7:30p,@,New York Knicks,W,,114,109,42,15,W 1
2009,ORL,2009-02-27,7:00p,,Detroit Pistons,L,,85,93,42,16,L 1
2009,ORL,2009-02-28,7:00p,@,Philadelphia 76ers,W,,106,100,43,16,W 1
2009,ORL,2009-03-03,7:00p,,Phoenix Suns,W,,111,99,44,16,W 2
2009,ORL,2009-03-06,7:00p,,New Jersey Nets,W,,105,102,45,16,W 3
2009,ORL,2009-03-08,1:00p,@,Boston Celtics,W,,86,79,46,16,W 4
2009,ORL,2009-03-09,7:30p,@,Detroit Pistons,L,,94,98,46,17,L 1
2009,ORL,2009-03-11,7:00p,,Chicago Bulls,W,,107,79,47,17,W 1
2009,ORL,2009-03-13,7:00p,@,Washington Wizards,W,,112,103,48,17,W 2
2009,ORL,2009-03-15,6:00p,,Utah Jazz,W,,105,87,49,17,W 3
2009,ORL,2009-03-17,7:00p,@,Cleveland Cavaliers,L,,93,97,49,18,L 1
2009,ORL,2009-03-18,8:00p,@,Milwaukee Bucks,W,,106,80,50,18,W 1
2009,ORL,2009-03-21,7:00p,,New York Knicks,W,,110,103,51,18,W 2
2009,ORL,2009-03-23,7:30p,@,New York Knicks,W,,106,102,52,18,W 3
2009,ORL,2009-03-25,8:00p,,Boston Celtics,W,,84,82,53,18,W 4
2009,ORL,2009-03-27,7:00p,,Milwaukee Bucks,W,,110,94,54,18,W 5
2009,ORL,2009-03-30,7:30p,@,Miami Heat,W,,101,95,55,18,W 6
2009,ORL,2009-04-01,7:00p,,Toronto Raptors,L,,95,99,55,19,L 1
2009,ORL,2009-04-03,8:00p,,Cleveland Cavaliers,W,,116,87,56,19,W 1
2009,ORL,2009-04-04,7:00p,@,Atlanta Hawks,W,,88,82,57,19,W 2
2009,ORL,2009-04-07,8:30p,@,Houston Rockets,L,,83,93,57,20,L 1
2009,ORL,2009-04-08,7:00p,,Memphis Grizzlies,W,,81,78,58,20,W 1
2009,ORL,2009-04-10,8:00p,,New York Knicks,L,,95,105,58,21,L 1
2009,ORL,2009-04-11,7:30p,@,New Jersey Nets,L,,93,103,58,22,L 2
2009,ORL,2009-04-13,8:00p,@,Milwaukee Bucks,L,,80,98,58,23,L 3
2009,ORL,2009-04-15,8:00p,,Charlotte Bobcats,W,,98,73,59,23,W 1
2009,ORL,2009-04-19,5:30p,,Philadelphia 76ers,L,,98,100,0,1,L 1
2009,ORL,2009-04-22,7:00p,,Philadelphia 76ers,W,,96,87,1,1,W 1
2009,ORL,2009-04-24,8:00p,@,Philadelphia 76ers,L,,94,96,1,2,L 1
2009,ORL,2009-04-26,6:30p,@,Philadelphia 76ers,W,,84,81,2,2,W 1
2009,ORL,2009-04-28,7:30p,,Philadelphia 76ers,W,,91,78,3,2,W 2
2009,ORL,2009-04-30,7:30p,@,Philadelphia 76ers,W,,114,89,4,2,W 3
2009,ORL,2009-05-04,8:00p,@,Boston Celtics,W,,95,90,5,2,W 4
2009,ORL,2009-05-06,8:00p,@,Boston Celtics,L,,94,112,5,3,L 1
2009,ORL,2009-05-08,7:00p,,Boston Celtics,W,,117,96,6,3,W 1
2009,ORL,2009-05-10,8:00p,,Boston Celtics,L,,94,95,6,4,L 1
2009,ORL,2009-05-12,8:00p,@,Boston Celtics,L,,88,92,6,5,L 2
2009,ORL,2009-05-14,7:00p,,Boston Celtics,W,,83,75,7,5,W 1
2009,ORL,2009-05-17,8:00p,@,Boston Celtics,W,,101,82,8,5,W 2
2009,ORL,2009-05-20,8:30p,@,Cleveland Cavaliers,W,,107,106,9,5,W 3
2009,ORL,2009-05-22,8:30p,@,Cleveland Cavaliers,L,,95,96,9,6,L 1
2009,ORL,2009-05-24,8:30p,,Cleveland Cavaliers,W,,99,89,10,6,W 1
2009,ORL,2009-05-26,8:30p,,Cleveland Cavaliers,W,OT,116,114,11,6,W 2
2009,ORL,2009-05-28,8:30p,@,Cleveland Cavaliers,L,,102,112,11,7,L 1
2009,ORL,2009-05-30,8:30p,,Cleveland Cavaliers,W,,103,90,12,7,W 1
2009,ORL,2009-06-04,9:00p,@,Los Angeles Lakers,L,,75,100,12,8,L 1
2009,ORL,2009-06-07,8:00p,@,Los Angeles Lakers,L,OT,96,101,12,9,L 2
2009,ORL,2009-06-09,9:00p,,Los Angeles Lakers,W,,108,104,13,9,W 1
2009,ORL,2009-06-11,9:00p,,Los Angeles Lakers,L,OT,91,99,13,10,L 1
2009,ORL,2009-06-14,8:00p,,Los Angeles Lakers,L,,86,99,13,11,L 2
2009,PHI,2008-10-29,6:00p,,Toronto Raptors,L,,84,95,0,1,L 1
2009,PHI,2008-10-31,7:00p,,New York Knicks,W,,116,87,1,1,W 1
2009,PHI,2008-11-01,7:00p,@,Atlanta Hawks,L,,88,95,1,2,L 1
2009,PHI,2008-11-03,7:00p,,Sacramento Kings,W,,125,91,2,2,W 1
2009,PHI,2008-11-05,7:30p,@,Miami Heat,L,,83,106,2,3,L 1
2009,PHI,2008-11-06,8:00p,@,Orlando Magic,L,,88,98,2,4,L 2
2009,PHI,2008-11-11,7:00p,,Utah Jazz,L,,80,93,2,5,L 3
2009,PHI,2008-11-12,7:00p,@,Toronto Raptors,W,,106,96,3,5,W 1
2009,PHI,2008-11-14,7:00p,@,Indiana Pacers,W,,94,92,4,5,W 2
2009,PHI,2008-11-15,7:00p,,Oklahoma City Thunder,W,,110,85,5,5,W 3
2009,PHI,2008-11-19,8:00p,@,Minnesota Timberwolves,L,,96,102,5,6,L 1
2009,PHI,2008-11-21,7:00p,,Los Angeles Clippers,W,,89,88,6,6,W 1
2009,PHI,2008-11-23,5:00p,,Golden State Warriors,W,,89,81,7,6,W 2
2009,PHI,2008-11-24,7:00p,@,Charlotte Bobcats,L,,84,93,7,7,L 1
2009,PHI,2008-11-26,7:30p,,Orlando Magic,L,,94,96,7,8,L 2
2009,PHI,2008-11-28,7:30p,@,Boston Celtics,L,,78,102,7,9,L 3
2009,PHI,2008-11-30,5:00p,,Chicago Bulls,L,,92,103,7,10,L 4
2009,PHI,2008-12-02,8:30p,@,Chicago Bulls,W,OT,103,95,8,10,W 1
2009,PHI,2008-12-03,7:00p,,Los Angeles Lakers,L,,102,114,8,11,L 1
2009,PHI,2008-12-05,8:00p,@,Detroit Pistons,W,,96,91,9,11,W 1
2009,PHI,2008-12-06,7:30p,,New Jersey Nets,L,,84,95,9,12,L 1
2009,PHI,2008-12-10,8:00p,,Cleveland Cavaliers,L,,93,101,9,13,L 2
2009,PHI,2008-12-12,7:30p,@,Cleveland Cavaliers,L,,72,88,9,14,L 3
2009,PHI,2008-12-13,7:30p,,Washington Wizards,W,,104,89,10,14,W 1
2009,PHI,2008-12-17,7:00p,,Milwaukee Bucks,W,,93,88,11,14,W 2
2009,PHI,2008-12-19,7:00p,@,Washington Wizards,W,,109,103,12,14,W 3
2009,PHI,2008-12-20,7:30p,,Indiana Pacers,L,,94,95,12,15,L 1
2009,PHI,2008-12-23,7:30p,@,Boston Celtics,L,,91,110,12,16,L 2
2009,PHI,2008-12-26,9:00p,@,Denver Nuggets,L,,101,105,12,17,L 3
2009,PHI,2008-12-29,9:00p,@,Utah Jazz,L,,95,112,12,18,L 4
2009,PHI,2008-12-31,9:30p,@,Los Angeles Clippers,W,,100,92,13,18,W 1
2009,PHI,2009-01-02,8:30p,@,Dallas Mavericks,L,,86,96,13,19,L 1
2009,PHI,2009-01-03,8:30p,@,San Antonio Spurs,L,,106,108,13,20,L 2
2009,PHI,2009-01-06,7:00p,,Houston Rockets,W,,104,96,14,20,W 1
2009,PHI,2009-01-07,8:00p,@,Milwaukee Bucks,W,,110,105,15,20,W 2
2009,PHI,2009-01-09,7:00p,,Charlotte Bobcats,W,,93,87,16,20,W 3
2009,PHI,2009-01-11,2:00p,@,Atlanta Hawks,W,,109,94,17,20,W 4
2009,PHI,2009-01-14,7:00p,,Portland Trail Blazers,W,,100,79,18,20,W 5
2009,PHI,2009-01-16,7:00p,,San Antonio Spurs,W,,109,87,19,20,W 6
2009,PHI,2009-01-17,7:30p,@,New York Knicks,W,,107,97,20,20,W 7
2009,PHI,2009-01-19,1:00p,,Dallas Mavericks,L,,93,95,20,21,L 1
2009,PHI,2009-01-24,7:00p,,New York Knicks,W,,116,110,21,21,W 1
2009,PHI,2009-01-26,8:00p,@,New Orleans Hornets,L,,86,101,21,22,L 1
2009,PHI,2009-01-28,8:30p,@,Houston Rockets,W,,95,93,22,22,W 1
2009,PHI,2009-01-30,7:00p,,Washington Wizards,W,,104,94,23,22,W 2
2009,PHI,2009-01-31,7:00p,,New Jersey Nets,L,,83,85,23,23,L 1
2009,PHI,2009-02-03,7:00p,,Boston Celtics,L,,99,100,23,24,L 2
2009,PHI,2009-02-05,7:00p,,Indiana Pacers,W,,99,94,24,24,W 1
2009,PHI,2009-02-07,7:00p,,Miami Heat,W,,94,84,25,24,W 2
2009,PHI,2009-02-09,7:00p,,Phoenix Suns,W,,108,91,26,24,W 3
2009,PHI,2009-02-11,7:00p,,Memphis Grizzlies,W,,91,87,27,24,W 4
2009,PHI,2009-02-17,7:00p,@,Indiana Pacers,L,,91,100,27,25,L 1
2009,PHI,2009-02-18,7:00p,,Denver Nuggets,L,,89,101,27,26,L 2
2009,PHI,2009-02-21,3:30p,@,Miami Heat,L,,91,97,27,27,L 3
2009,PHI,2009-02-23,7:30p,@,New Jersey Nets,L,,96,98,27,28,L 4
2009,PHI,2009-02-25,7:00p,@,Washington Wizards,W,,106,98,28,28,W 1
2009,PHI,2009-02-27,7:30p,@,New York Knicks,W,,108,103,29,28,W 2
2009,PHI,2009-02-28,7:00p,,Orlando Magic,L,,100,106,29,29,L 1
2009,PHI,2009-03-02,7:00p,,New Orleans Hornets,L,,91,98,29,30,L 2
2009,PHI,2009-03-07,8:00p,@,Memphis Grizzlies,W,,110,105,30,30,W 1
2009,PHI,2009-03-08,7:00p,@,Oklahoma City Thunder,L,,74,89,30,31,L 1
2009,PHI,2009-03-11,7:00p,,Toronto Raptors,W,,115,106,31,31,W 1
2009,PHI,2009-03-13,7:00p,,Chicago Bulls,W,,104,101,32,31,W 2
2009,PHI,2009-03-15,1:00p,,Miami Heat,W,,85,77,33,31,W 3
2009,PHI,2009-03-17,10:30p,@,Los Angeles Lakers,W,,94,93,34,31,W 4
2009,PHI,2009-03-18,10:00p,@,Phoenix Suns,L,,116,126,34,32,L 1
2009,PHI,2009-03-20,10:30p,@,Golden State Warriors,L,,111,119,34,33,L 2
2009,PHI,2009-03-22,9:00p,@,Sacramento Kings,W,,112,100,35,33,W 1
2009,PHI,2009-03-23,10:00p,@,Portland Trail Blazers,W,OT,114,108,36,33,W 2
2009,PHI,2009-03-25,7:00p,,Minnesota Timberwolves,W,,96,88,37,33,W 3
2009,PHI,2009-03-27,7:00p,,Charlotte Bobcats,L,,95,100,37,34,L 1
2009,PHI,2009-03-29,6:00p,@,Detroit Pistons,L,,97,101,37,35,L 2
2009,PHI,2009-03-31,7:00p,,Atlanta Hawks,W,,98,85,38,35,W 1
2009,PHI,2009-04-02,7:00p,,Milwaukee Bucks,W,,105,95,39,35,W 2
2009,PHI,2009-04-04,3:00p,,Detroit Pistons,W,,95,90,40,35,W 3
2009,PHI,2009-04-05,7:30p,@,New Jersey Nets,L,,67,96,40,36,L 1
2009,PHI,2009-04-07,7:00p,@,Charlotte Bobcats,L,,98,101,40,37,L 2
2009,PHI,2009-04-09,8:00p,@,Chicago Bulls,L,,99,113,40,38,L 3
2009,PHI,2009-04-10,7:00p,,Cleveland Cavaliers,L,,92,102,40,39,L 4
2009,PHI,2009-04-12,6:00p,@,Toronto Raptors,L,,104,111,40,40,L 5
2009,PHI,2009-04-14,8:00p,,Boston Celtics,L,,98,100,40,41,L 6
2009,PHI,2009-04-15,8:00p,@,Cleveland Cavaliers,W,OT,111,110,41,41,W 1
2009,PHI,2009-04-19,5:30p,@,Orlando Magic,W,,100,98,1,0,W 1
2009,PHI,2009-04-22,7:00p,@,Orlando Magic,L,,87,96,1,1,L 1
2009,PHI,2009-04-24,8:00p,,Orlando Magic,W,,96,94,2,1,W 1
2009,PHI,2009-04-26,6:30p,,Orlando Magic,L,,81,84,2,2,L 1
2009,PHI,2009-04-28,7:30p,@,Orlando Magic,L,,78,91,2,3,L 2
2009,PHI,2009-04-30,7:30p,,Orlando Magic,L,,89,114,2,4,L 3
2009,PHO,2008-10-29,8:00p,@,San Antonio Spurs,W,,103,98,1,0,W 1
2009,PHO,2008-10-30,10:30p,,New Orleans Hornets,L,,95,108,1,1,L 1
2009,PHO,2008-11-01,10:00p,,Portland Trail Blazers,W,,107,96,2,1,W 1
2009,PHO,2008-11-04,7:30p,@,New Jersey Nets,W,,114,86,3,1,W 2
2009,PHO,2008-11-05,7:00p,@,Indiana Pacers,W,,113,103,4,1,W 3
2009,PHO,2008-11-07,8:30p,@,Chicago Bulls,L,,83,100,4,2,L 1
2009,PHO,2008-11-08,8:30p,@,Milwaukee Bucks,W,,104,96,5,2,W 1
2009,PHO,2008-11-10,9:00p,,Memphis Grizzlies,W,,107,102,6,2,W 2
2009,PHO,2008-11-12,10:30p,,Houston Rockets,L,,82,94,6,3,L 1
2009,PHO,2008-11-14,10:00p,@,Sacramento Kings,W,OT,97,95,7,3,W 1
2009,PHO,2008-11-16,8:00p,,Detroit Pistons,W,,104,86,8,3,W 2
2009,PHO,2008-11-17,9:00p,@,Utah Jazz,L,,97,109,8,4,L 1
2009,PHO,2008-11-20,10:30p,,Los Angeles Lakers,L,,92,105,8,5,L 2
2009,PHO,2008-11-22,9:00p,,Portland Trail Blazers,W,,102,92,9,5,W 1
2009,PHO,2008-11-25,8:00p,@,Oklahoma City Thunder,W,,99,98,10,5,W 2
2009,PHO,2008-11-26,8:00p,@,Minnesota Timberwolves,W,,110,102,11,5,W 3
2009,PHO,2008-11-28,8:00p,,Miami Heat,L,,92,107,11,6,L 1
2009,PHO,2008-11-30,8:00p,,New Jersey Nets,L,,109,117,11,7,L 2
2009,PHO,2008-12-03,8:00p,@,New Orleans Hornets,L,,91,104,11,8,L 3
2009,PHO,2008-12-04,8:00p,@,Dallas Mavericks,L,,97,112,11,9,L 4
2009,PHO,2008-12-06,9:00p,,Utah Jazz,W,,106,104,12,9,W 1
2009,PHO,2008-12-09,9:00p,,Milwaukee Bucks,W,,125,110,13,9,W 2
2009,PHO,2008-12-10,10:30p,@,Los Angeles Lakers,L,,110,115,13,10,L 1
2009,PHO,2008-12-12,9:00p,,Orlando Magic,W,,113,112,14,10,W 1
2009,PHO,2008-12-15,9:00p,,New York Knicks,W,,111,103,15,10,W 2
2009,PHO,2008-12-18,10:30p,@,Portland Trail Blazers,L,,119,124,15,11,L 1
2009,PHO,2008-12-20,9:00p,,Denver Nuggets,W,,108,101,16,11,W 1
2009,PHO,2008-12-25,2:30p,,San Antonio Spurs,L,,90,91,16,12,L 1
2009,PHO,2008-12-29,8:00p,@,Oklahoma City Thunder,W,,110,102,17,12,W 1
2009,PHO,2008-12-30,8:00p,@,Memphis Grizzlies,W,,101,89,18,12,W 2
2009,PHO,2009-01-02,9:00p,,Los Angeles Clippers,W,,106,98,19,12,W 3
2009,PHO,2009-01-07,9:00p,,Indiana Pacers,L,,110,113,19,13,L 1
2009,PHO,2009-01-09,10:30p,,Dallas Mavericks,W,,128,100,20,13,W 1
2009,PHO,2009-01-11,3:30p,@,Los Angeles Clippers,W,,109,103,21,13,W 2
2009,PHO,2009-01-13,9:00p,,Atlanta Hawks,W,,107,102,22,13,W 3
2009,PHO,2009-01-15,10:30p,@,Denver Nuggets,L,OT,113,119,22,14,L 1
2009,PHO,2009-01-16,9:00p,,Minnesota Timberwolves,L,,103,105,22,15,L 2
2009,PHO,2009-01-18,12:30p,@,Toronto Raptors,W,,117,113,23,15,W 1
2009,PHO,2009-01-19,8:00p,@,Boston Celtics,L,,87,104,23,16,L 1
2009,PHO,2009-01-21,7:30p,@,New York Knicks,L,,109,114,23,17,L 2
2009,PHO,2009-01-23,7:00p,@,Charlotte Bobcats,L,,76,98,23,18,L 3
2009,PHO,2009-01-25,6:00p,@,Atlanta Hawks,W,,104,99,24,18,W 1
2009,PHO,2009-01-26,7:00p,@,Washington Wizards,W,,103,87,25,18,W 2
2009,PHO,2009-01-29,10:30p,,San Antonio Spurs,L,,104,114,25,19,L 1
2009,PHO,2009-01-31,9:00p,,Chicago Bulls,L,,111,122,25,20,L 2
2009,PHO,2009-02-02,9:00p,,Sacramento Kings,W,,129,81,26,20,W 1
2009,PHO,2009-02-04,10:30p,@,Golden State Warriors,L,,112,124,26,21,L 1
2009,PHO,2009-02-06,10:30p,,Golden State Warriors,W,,115,105,27,21,W 1
2009,PHO,2009-02-08,8:00p,@,Detroit Pistons,W,,107,97,28,21,W 2
2009,PHO,2009-02-09,7:00p,@,Philadelphia 76ers,L,,91,108,28,22,L 1
2009,PHO,2009-02-11,7:00p,@,Cleveland Cavaliers,L,,92,109,28,23,L 2
2009,PHO,2009-02-17,9:00p,,Los Angeles Clippers,W,,140,100,29,23,W 1
2009,PHO,2009-02-18,10:30p,@,Los Angeles Clippers,W,,142,119,30,23,W 2
2009,PHO,2009-02-20,9:00p,,Oklahoma City Thunder,W,,140,118,31,23,W 3
2009,PHO,2009-02-22,2:30p,,Boston Celtics,L,,108,128,31,24,L 1
2009,PHO,2009-02-24,9:00p,,Charlotte Bobcats,W,,112,102,32,24,W 1
2009,PHO,2009-02-26,10:30p,@,Los Angeles Lakers,L,,106,132,32,25,L 1
2009,PHO,2009-02-27,9:00p,,Toronto Raptors,W,,133,113,33,25,W 1
2009,PHO,2009-03-01,3:30p,,Los Angeles Lakers,W,,118,111,34,25,W 2
2009,PHO,2009-03-03,7:00p,@,Orlando Magic,L,,99,111,34,26,L 1
2009,PHO,2009-03-04,7:30p,@,Miami Heat,L,,129,135,34,27,L 2
2009,PHO,2009-03-06,8:30p,@,Houston Rockets,L,,112,116,34,28,L 3
2009,PHO,2009-03-08,3:30p,@,San Antonio Spurs,L,,98,103,34,29,L 4
2009,PHO,2009-03-10,10:00p,,Dallas Mavericks,L,,117,122,34,30,L 5
2009,PHO,2009-03-12,10:30p,,Cleveland Cavaliers,L,,111,119,34,31,L 6
2009,PHO,2009-03-14,10:00p,,Oklahoma City Thunder,W,,106,95,35,31,W 1
2009,PHO,2009-03-15,9:00p,@,Golden State Warriors,W,,154,130,36,31,W 2
2009,PHO,2009-03-18,10:00p,,Philadelphia 76ers,W,,126,116,37,31,W 3
2009,PHO,2009-03-21,10:00p,,Washington Wizards,W,,128,96,38,31,W 4
2009,PHO,2009-03-23,10:00p,,Denver Nuggets,W,,118,115,39,31,W 5
2009,PHO,2009-03-25,10:30p,,Utah Jazz,W,,118,114,40,31,W 6
2009,PHO,2009-03-26,10:30p,@,Portland Trail Blazers,L,,109,129,40,32,L 1
2009,PHO,2009-03-28,9:00p,@,Utah Jazz,L,OT,99,104,40,33,L 2
2009,PHO,2009-03-29,9:00p,@,Sacramento Kings,L,,118,126,40,34,L 3
2009,PHO,2009-04-01,10:00p,,Houston Rockets,W,,114,109,41,34,W 1
2009,PHO,2009-04-03,10:00p,,Sacramento Kings,W,,139,111,42,34,W 2
2009,PHO,2009-04-05,3:30p,@,Dallas Mavericks,L,,116,140,42,35,L 1
2009,PHO,2009-04-08,8:00p,@,New Orleans Hornets,W,,105,100,43,35,W 1
2009,PHO,2009-04-10,8:00p,@,Memphis Grizzlies,L,,89,106,43,36,L 1
2009,PHO,2009-04-11,8:00p,@,Minnesota Timberwolves,W,,110,97,44,36,W 1
2009,PHO,2009-04-13,10:00p,,Memphis Grizzlies,W,,119,110,45,36,W 2
2009,PHO,2009-04-15,10:30p,,Golden State Warriors,W,,117,113,46,36,W 3
2009,POR,2008-10-28,10:30p,@,Los Angeles Lakers,L,,76,96,0,1,L 1
2009,POR,2008-10-31,10:30p,,San Antonio Spurs,W,,100,99,1,1,W 1
2009,POR,2008-11-01,10:00p,@,Phoenix Suns,L,,96,107,1,2,L 1
2009,POR,2008-11-05,9:00p,@,Utah Jazz,L,,96,103,1,3,L 2
2009,POR,2008-11-06,10:30p,,Houston Rockets,W,OT,101,99,2,3,W 1
2009,POR,2008-11-08,10:00p,,Minnesota Timberwolves,W,,97,93,3,3,W 2
2009,POR,2008-11-10,7:00p,@,Orlando Magic,W,,106,99,4,3,W 3
2009,POR,2008-11-12,8:00p,@,Miami Heat,W,,104,96,5,3,W 4
2009,POR,2008-11-14,8:00p,@,New Orleans Hornets,L,,82,87,5,4,L 1
2009,POR,2008-11-15,8:00p,@,Minnesota Timberwolves,W,,88,83,6,4,W 1
2009,POR,2008-11-18,10:30p,@,Golden State Warriors,L,,106,111,6,5,L 1
2009,POR,2008-11-19,10:30p,,Chicago Bulls,W,,116,74,7,5,W 1
2009,POR,2008-11-21,10:00p,@,Sacramento Kings,W,,117,96,8,5,W 2
2009,POR,2008-11-22,9:00p,@,Phoenix Suns,L,,92,102,8,6,L 1
2009,POR,2008-11-24,10:00p,,Sacramento Kings,W,,91,90,9,6,W 1
2009,POR,2008-11-26,10:00p,,Miami Heat,W,,106,68,10,6,W 2
2009,POR,2008-11-28,10:00p,,New Orleans Hornets,W,,101,86,11,6,W 3
2009,POR,2008-11-30,3:00p,@,Detroit Pistons,W,,96,85,12,6,W 4
2009,POR,2008-12-02,7:30p,@,New York Knicks,W,,104,97,13,6,W 5
2009,POR,2008-12-03,7:00p,@,Washington Wizards,W,,98,92,14,6,W 6
2009,POR,2008-12-05,8:00p,@,Boston Celtics,L,,78,93,14,7,L 1
2009,POR,2008-12-07,1:00p,@,Toronto Raptors,W,,98,97,15,7,W 1
2009,POR,2008-12-09,10:00p,,Orlando Magic,L,,108,109,15,8,L 1
2009,POR,2008-12-11,10:30p,@,Utah Jazz,L,,88,97,15,9,L 2
2009,POR,2008-12-12,10:00p,,Los Angeles Clippers,L,2OT,112,120,15,10,L 3
2009,POR,2008-12-16,10:00p,,Sacramento Kings,W,,109,77,16,10,W 1
2009,POR,2008-12-18,10:30p,,Phoenix Suns,W,,124,119,17,10,W 2
2009,POR,2008-12-22,9:00p,@,Denver Nuggets,L,,89,97,17,11,L 1
2009,POR,2008-12-23,10:00p,,Denver Nuggets,W,,101,92,18,11,W 1
2009,POR,2008-12-25,10:30p,,Dallas Mavericks,L,,94,102,18,12,L 1
2009,POR,2008-12-27,10:00p,,Toronto Raptors,W,,102,89,19,12,W 1
2009,POR,2008-12-30,10:00p,,Boston Celtics,W,,91,86,20,12,W 2
2009,POR,2009-01-02,10:00p,,New Orleans Hornets,L,,77,92,20,13,L 1
2009,POR,2009-01-04,9:30p,@,Los Angeles Lakers,L,,86,100,20,14,L 2
2009,POR,2009-01-07,10:00p,,Detroit Pistons,W,,84,83,21,14,W 1
2009,POR,2009-01-10,10:00p,,Golden State Warriors,W,,113,100,22,14,W 2
2009,POR,2009-01-12,8:30p,@,Chicago Bulls,W,,109,95,23,14,W 3
2009,POR,2009-01-14,7:00p,@,Philadelphia 76ers,L,,79,100,23,15,L 1
2009,POR,2009-01-15,7:30p,@,New Jersey Nets,W,,105,99,24,15,W 1
2009,POR,2009-01-17,7:00p,@,Charlotte Bobcats,L,OT,97,102,24,16,L 1
2009,POR,2009-01-19,10:00p,,Milwaukee Bucks,W,,102,85,25,16,W 1
2009,POR,2009-01-21,10:00p,,Cleveland Cavaliers,L,,98,104,25,17,L 1
2009,POR,2009-01-24,10:00p,,Washington Wizards,W,,100,87,26,17,W 1
2009,POR,2009-01-26,10:30p,@,Los Angeles Clippers,W,,113,88,27,17,W 2
2009,POR,2009-01-28,10:00p,,Charlotte Bobcats,W,,88,74,28,17,W 3
2009,POR,2009-01-31,10:00p,,Utah Jazz,W,,122,108,29,17,W 4
2009,POR,2009-02-02,8:00p,@,New Orleans Hornets,W,,97,89,30,17,W 5
2009,POR,2009-02-04,8:30p,@,Dallas Mavericks,L,,99,104,30,18,L 1
2009,POR,2009-02-06,8:00p,@,Oklahoma City Thunder,L,,93,102,30,19,L 2
2009,POR,2009-02-08,6:00p,,New York Knicks,W,,109,108,31,19,W 1
2009,POR,2009-02-11,10:00p,,Oklahoma City Thunder,W,,106,92,32,19,W 2
2009,POR,2009-02-12,10:30p,@,Golden State Warriors,L,,98,105,32,20,L 1
2009,POR,2009-02-18,10:00p,,Memphis Grizzlies,W,,94,90,33,20,W 1
2009,POR,2009-02-20,10:00p,,Atlanta Hawks,W,,108,98,34,20,W 2
2009,POR,2009-02-22,6:00p,,Los Angeles Clippers,W,,116,87,35,20,W 3
2009,POR,2009-02-24,8:30p,@,Houston Rockets,L,,94,98,35,21,L 1
2009,POR,2009-02-25,8:30p,@,San Antonio Spurs,L,,84,99,35,22,L 2
2009,POR,2009-02-27,8:00p,@,Minnesota Timberwolves,W,,102,82,36,22,W 1
2009,POR,2009-03-01,8:00p,,San Antonio Spurs,W,,102,84,37,22,W 2
2009,POR,2009-03-04,10:00p,,Indiana Pacers,W,,107,105,38,22,W 3
2009,POR,2009-03-05,10:30p,@,Denver Nuggets,L,,90,106,38,23,L 1
2009,POR,2009-03-07,10:00p,,Minnesota Timberwolves,W,,95,93,39,23,W 1
2009,POR,2009-03-09,10:00p,,Los Angeles Lakers,W,,111,94,40,23,W 2
2009,POR,2009-03-11,10:00p,,Dallas Mavericks,L,,89,93,40,24,L 1
2009,POR,2009-03-13,10:00p,,New Jersey Nets,W,,109,100,41,24,W 1
2009,POR,2009-03-15,1:00p,@,Atlanta Hawks,L,,80,98,41,25,L 1
2009,POR,2009-03-16,8:00p,@,Memphis Grizzlies,W,,103,92,42,25,W 1
2009,POR,2009-03-18,7:00p,@,Indiana Pacers,W,,95,85,43,25,W 2
2009,POR,2009-03-19,8:00p,@,Cleveland Cavaliers,L,OT,92,97,43,26,L 1
2009,POR,2009-03-21,8:30p,@,Milwaukee Bucks,W,,96,84,44,26,W 1
2009,POR,2009-03-23,10:00p,,Philadelphia 76ers,L,OT,108,114,44,27,L 1
2009,POR,2009-03-26,10:30p,,Phoenix Suns,W,,129,109,45,27,W 1
2009,POR,2009-03-28,10:00p,,Memphis Grizzlies,W,,86,66,46,27,W 2
2009,POR,2009-03-31,10:00p,,Utah Jazz,W,,125,104,47,27,W 3
2009,POR,2009-04-03,8:00p,@,Oklahoma City Thunder,W,,107,72,48,27,W 4
2009,POR,2009-04-05,7:00p,@,Houston Rockets,L,,88,102,48,28,L 1
2009,POR,2009-04-07,8:00p,@,Memphis Grizzlies,W,,96,93,49,28,W 1
2009,POR,2009-04-08,7:00p,@,San Antonio Spurs,W,,95,83,50,28,W 2
2009,POR,2009-04-10,10:00p,,Los Angeles Lakers,W,,106,98,51,28,W 3
2009,POR,2009-04-11,10:30p,@,Los Angeles Clippers,W,,87,72,52,28,W 4
2009,POR,2009-04-13,10:00p,,Oklahoma City Thunder,W,,113,83,53,28,W 5
2009,POR,2009-04-15,10:30p,,Denver Nuggets,W,,104,76,54,28,W 6
2009,POR,2009-04-18,10:30p,,Houston Rockets,L,,81,108,0,1,L 1
2009,POR,2009-04-21,10:00p,,Houston Rockets,W,,107,103,1,1,W 1
2009,POR,2009-04-24,9:30p,@,Houston Rockets,L,,83,86,1,2,L 1
2009,POR,2009-04-26,9:00p,@,Houston Rockets,L,,88,89,1,3,L 2
2009,POR,2009-04-28,10:00p,,Houston Rockets,W,,88,77,2,3,W 1
2009,POR,2009-04-30,9:30p,@,Houston Rockets,L,,76,92,2,4,L 1
2009,SAC,2008-10-29,8:00p,@,Minnesota Timberwolves,L,,96,98,0,1,L 1
2009,SAC,2008-10-31,7:30p,@,Miami Heat,L,,77,103,0,2,L 2
2009,SAC,2008-11-01,7:00p,@,Orlando Magic,L,,103,121,0,3,L 3
2009,SAC,2008-11-03,7:00p,@,Philadelphia 76ers,L,,91,125,0,4,L 4
2009,SAC,2008-11-05,10:00p,,Memphis Grizzlies,W,,100,95,1,4,W 1
2009,SAC,2008-11-07,10:00p,,Minnesota Timberwolves,W,,121,109,2,4,W 2
2009,SAC,2008-11-09,9:00p,,Golden State Warriors,W,,115,98,3,4,W 3
2009,SAC,2008-11-11,10:00p,,Detroit Pistons,L,,92,100,3,5,L 1
2009,SAC,2008-11-12,10:30p,@,Los Angeles Clippers,W,,103,98,4,5,W 1
2009,SAC,2008-11-14,10:00p,,Phoenix Suns,L,OT,95,97,4,6,L 1
2009,SAC,2008-11-16,9:00p,,San Antonio Spurs,L,,88,90,4,7,L 2
2009,SAC,2008-11-18,8:00p,@,Memphis Grizzlies,L,,94,109,4,8,L 3
2009,SAC,2008-11-19,8:00p,@,New Orleans Hornets,W,,105,96,5,8,W 1
2009,SAC,2008-11-21,10:00p,,Portland Trail Blazers,L,,96,117,5,9,L 1
2009,SAC,2008-11-23,9:30p,@,Los Angeles Lakers,L,,108,118,5,10,L 2
2009,SAC,2008-11-24,10:00p,@,Portland Trail Blazers,L,,90,91,5,11,L 3
2009,SAC,2008-11-26,10:00p,,New Jersey Nets,L,OT,114,116,5,12,L 4
2009,SAC,2008-11-28,9:00p,@,Utah Jazz,L,,94,120,5,13,L 5
2009,SAC,2008-11-29,10:00p,,Dallas Mavericks,L,,78,101,5,14,L 6
2009,SAC,2008-12-02,10:00p,,Utah Jazz,L,,94,99,5,15,L 7
2009,SAC,2008-12-06,10:00p,,Denver Nuggets,L,,85,118,5,16,L 8
2009,SAC,2008-12-09,10:00p,,Los Angeles Lakers,W,,113,101,6,16,W 1
2009,SAC,2008-12-12,10:30p,@,Los Angeles Lakers,L,,103,112,6,17,L 1
2009,SAC,2008-12-13,10:00p,,New York Knicks,L,,90,114,6,18,L 2
2009,SAC,2008-12-15,10:00p,,Minnesota Timberwolves,W,,118,103,7,18,W 1
2009,SAC,2008-12-16,10:00p,@,Portland Trail Blazers,L,,77,109,7,19,L 1
2009,SAC,2008-12-19,8:30p,@,Houston Rockets,L,,96,107,7,20,L 2
2009,SAC,2008-12-20,8:00p,@,New Orleans Hornets,L,,90,99,7,21,L 3
2009,SAC,2008-12-22,8:30p,@,San Antonio Spurs,L,,85,101,7,22,L 4
2009,SAC,2008-12-26,10:00p,,Toronto Raptors,L,,101,107,7,23,L 5
2009,SAC,2008-12-28,9:00p,,Boston Celtics,L,,63,108,7,24,L 6
2009,SAC,2008-12-30,10:00p,,Los Angeles Clippers,W,,92,90,8,24,W 1
2009,SAC,2009-01-02,8:00p,@,Detroit Pistons,L,,92,98,8,25,L 1
2009,SAC,2009-01-03,6:00p,@,Indiana Pacers,L,,117,122,8,26,L 2
2009,SAC,2009-01-05,7:30p,@,New Jersey Nets,L,,90,98,8,27,L 3
2009,SAC,2009-01-06,8:30p,@,Chicago Bulls,L,,94,99,8,28,L 4
2009,SAC,2009-01-09,10:00p,,Miami Heat,L,OT,115,119,8,29,L 5
2009,SAC,2009-01-11,9:00p,,Dallas Mavericks,W,,102,95,9,29,W 1
2009,SAC,2009-01-13,10:00p,,Orlando Magic,L,,107,139,9,30,L 1
2009,SAC,2009-01-14,10:30p,@,Golden State Warriors,W,3OT,135,133,10,30,W 1
2009,SAC,2009-01-16,10:00p,,Milwaukee Bucks,L,,122,129,10,31,L 1
2009,SAC,2009-01-20,9:00p,@,Denver Nuggets,L,,99,118,10,32,L 2
2009,SAC,2009-01-21,10:00p,,Washington Wizards,L,,107,110,10,33,L 3
2009,SAC,2009-01-24,8:30p,@,Milwaukee Bucks,L,,104,106,10,34,L 4
2009,SAC,2009-01-25,6:00p,@,Toronto Raptors,L,,97,113,10,35,L 5
2009,SAC,2009-01-27,7:00p,@,Cleveland Cavaliers,L,,110,117,10,36,L 6
2009,SAC,2009-01-28,7:30p,@,Boston Celtics,L,,100,119,10,37,L 7
2009,SAC,2009-01-30,10:00p,,Chicago Bulls,L,,88,109,10,38,L 8
2009,SAC,2009-02-01,3:00p,,Oklahoma City Thunder,W,OT,122,118,11,38,W 1
2009,SAC,2009-02-02,9:00p,@,Phoenix Suns,L,,81,129,11,39,L 1
2009,SAC,2009-02-06,10:00p,,Utah Jazz,L,,107,111,11,40,L 2
2009,SAC,2009-02-08,7:00p,@,Oklahoma City Thunder,L,,113,116,11,41,L 3
2009,SAC,2009-02-10,8:30p,@,Dallas Mavericks,L,,100,118,11,42,L 4
2009,SAC,2009-02-11,8:30p,@,Houston Rockets,L,,82,94,11,43,L 5
2009,SAC,2009-02-18,10:00p,,Atlanta Hawks,L,,100,105,11,44,L 6
2009,SAC,2009-02-20,8:00p,@,Memphis Grizzlies,W,,115,106,12,44,W 1
2009,SAC,2009-02-21,9:00p,@,Dallas Mavericks,L,,95,116,12,45,L 1
2009,SAC,2009-02-23,10:00p,,New Orleans Hornets,L,,105,112,12,46,L 2
2009,SAC,2009-02-25,10:00p,,Charlotte Bobcats,L,,91,98,12,47,L 3
2009,SAC,2009-02-27,10:00p,,Los Angeles Clippers,W,,98,86,13,47,W 1
2009,SAC,2009-02-28,9:00p,@,Utah Jazz,L,,89,102,13,48,L 1
2009,SAC,2009-03-03,10:00p,,Indiana Pacers,L,,109,117,13,49,L 2
2009,SAC,2009-03-08,9:00p,,Denver Nuggets,W,,114,106,14,49,W 1
2009,SAC,2009-03-10,10:00p,,Oklahoma City Thunder,L,,98,99,14,50,L 1
2009,SAC,2009-03-13,10:00p,,Cleveland Cavaliers,L,OT,123,126,14,51,L 2
2009,SAC,2009-03-15,6:00p,@,Washington Wizards,L,,104,106,14,52,L 3
2009,SAC,2009-03-17,7:00p,@,Atlanta Hawks,L,,97,119,14,53,L 4
2009,SAC,2009-03-18,7:00p,@,Charlotte Bobcats,L,,88,104,14,54,L 5
2009,SAC,2009-03-20,7:30p,@,New York Knicks,W,,121,94,15,54,W 1
2009,SAC,2009-03-22,9:00p,,Philadelphia 76ers,L,,100,112,15,55,L 1
2009,SAC,2009-03-27,10:00p,,Memphis Grizzlies,L,,95,113,15,56,L 2
2009,SAC,2009-03-29,9:00p,,Phoenix Suns,W,,126,118,16,56,W 1
2009,SAC,2009-03-31,10:00p,,New Orleans Hornets,L,,110,111,16,57,L 1
2009,SAC,2009-04-01,10:30p,@,Golden State Warriors,L,OT,141,143,16,58,L 2
2009,SAC,2009-04-03,10:00p,@,Phoenix Suns,L,,111,139,16,59,L 3
2009,SAC,2009-04-05,9:00p,,Golden State Warriors,L,,100,105,16,60,L 4
2009,SAC,2009-04-07,10:00p,,Los Angeles Lakers,L,,104,122,16,61,L 5
2009,SAC,2009-04-09,10:00p,,Houston Rockets,L,,98,115,16,62,L 6
2009,SAC,2009-04-10,10:30p,@,Los Angeles Clippers,L,,78,109,16,63,L 7
2009,SAC,2009-04-12,9:00p,,San Antonio Spurs,L,,92,95,16,64,L 8
2009,SAC,2009-04-13,9:00p,@,Denver Nuggets,L,,98,118,16,65,L 9
2009,SAC,2009-04-15,8:00p,@,Minnesota Timberwolves,W,,97,90,17,65,W 1
2009,SAS,2008-10-29,8:00p,,Phoenix Suns,L,,98,103,0,1,L 1
2009,SAS,2008-10-31,10:30p,@,Portland Trail Blazers,L,,99,100,0,2,L 2
2009,SAS,2008-11-04,8:30p,,Dallas Mavericks,L,,81,98,0,3,L 3
2009,SAS,2008-11-05,8:00p,@,Minnesota Timberwolves,W,2OT,129,125,1,3,W 1
2009,SAS,2008-11-07,8:00p,,Miami Heat,L,,83,99,1,4,L 1
2009,SAS,2008-11-11,8:30p,,New York Knicks,W,,92,80,2,4,W 1
2009,SAS,2008-11-12,8:00p,@,Milwaukee Bucks,L,,78,82,2,5,L 1
2009,SAS,2008-11-14,8:30p,,Houston Rockets,W,,77,75,3,5,W 1
2009,SAS,2008-11-16,9:00p,@,Sacramento Kings,W,,90,88,4,5,W 2
2009,SAS,2008-11-17,10:30p,@,Los Angeles Clippers,W,,86,83,5,5,W 3
2009,SAS,2008-11-19,8:30p,,Denver Nuggets,L,,81,91,5,6,L 1
2009,SAS,2008-11-21,8:30p,,Utah Jazz,W,,119,94,6,6,W 1
2009,SAS,2008-11-24,8:00p,@,Memphis Grizzlies,W,,94,81,7,6,W 2
2009,SAS,2008-11-26,8:30p,,Chicago Bulls,W,,98,88,8,6,W 3
2009,SAS,2008-11-28,8:30p,,Memphis Grizzlies,W,,109,98,9,6,W 4
2009,SAS,2008-11-29,8:30p,@,Houston Rockets,L,,84,103,9,7,L 1
2009,SAS,2008-12-02,8:30p,,Detroit Pistons,L,,77,89,9,8,L 2
2009,SAS,2008-12-04,10:30p,@,Denver Nuggets,W,,108,91,10,8,W 1
2009,SAS,2008-12-06,8:30p,,Golden State Warriors,W,,123,88,11,8,W 2
2009,SAS,2008-12-09,8:30p,@,Dallas Mavericks,W,2OT,133,126,12,8,W 3
2009,SAS,2008-12-10,8:30p,,Atlanta Hawks,W,,95,89,13,8,W 4
2009,SAS,2008-12-12,8:00p,@,Minnesota Timberwolves,W,,98,86,14,8,W 5
2009,SAS,2008-12-14,7:00p,,Oklahoma City Thunder,W,,109,104,15,8,W 6
2009,SAS,2008-12-17,9:30p,@,New Orleans Hornets,L,,83,90,15,9,L 1
2009,SAS,2008-12-18,8:00p,@,Orlando Magic,L,,78,90,15,10,L 2
2009,SAS,2008-12-20,8:30p,,Toronto Raptors,W,,107,97,16,10,W 1
2009,SAS,2008-12-22,8:30p,,Sacramento Kings,W,,101,85,17,10,W 2
2009,SAS,2008-12-23,8:30p,,Minnesota Timberwolves,W,,99,93,18,10,W 3
2009,SAS,2008-12-25,2:30p,@,Phoenix Suns,W,,91,90,19,10,W 4
2009,SAS,2008-12-27,8:30p,,Memphis Grizzlies,W,2OT,106,103,20,10,W 5
2009,SAS,2008-12-30,8:30p,,Milwaukee Bucks,L,,98,100,20,11,L 1
2009,SAS,2009-01-02,8:00p,@,Memphis Grizzlies,W,,91,80,21,11,W 1
2009,SAS,2009-01-03,8:30p,,Philadelphia 76ers,W,,108,106,22,11,W 2
2009,SAS,2009-01-05,7:30p,@,Miami Heat,W,,91,84,23,11,W 3
2009,SAS,2009-01-08,8:30p,,Los Angeles Clippers,W,,106,84,24,11,W 4
2009,SAS,2009-01-11,8:30p,,Orlando Magic,L,,98,105,24,12,L 1
2009,SAS,2009-01-14,9:00p,,Los Angeles Lakers,W,,112,111,25,12,W 1
2009,SAS,2009-01-16,7:00p,@,Philadelphia 76ers,L,,87,109,25,13,L 1
2009,SAS,2009-01-17,8:30p,@,Chicago Bulls,W,,92,87,26,13,W 1
2009,SAS,2009-01-19,2:00p,@,Charlotte Bobcats,W,,86,84,27,13,W 2
2009,SAS,2009-01-20,8:30p,,Indiana Pacers,W,,99,81,28,13,W 3
2009,SAS,2009-01-23,8:30p,,New Jersey Nets,W,,94,91,29,13,W 4
2009,SAS,2009-01-25,3:30p,@,Los Angeles Lakers,L,,85,99,29,14,L 1
2009,SAS,2009-01-27,9:00p,@,Utah Jazz,W,,106,100,30,14,W 1
2009,SAS,2009-01-29,10:30p,@,Phoenix Suns,W,,114,104,31,14,W 2
2009,SAS,2009-01-31,8:30p,,New Orleans Hornets,W,,106,93,32,14,W 3
2009,SAS,2009-02-02,10:30p,@,Golden State Warriors,W,OT,110,105,33,14,W 4
2009,SAS,2009-02-03,9:00p,@,Denver Nuggets,L,,96,104,33,15,L 1
2009,SAS,2009-02-08,1:00p,@,Boston Celtics,W,,105,99,34,15,W 1
2009,SAS,2009-02-10,7:30p,@,New Jersey Nets,W,,108,93,35,15,W 2
2009,SAS,2009-02-11,7:00p,@,Toronto Raptors,L,,89,91,35,16,L 1
2009,SAS,2009-02-17,7:30p,@,New York Knicks,L,OT,107,112,35,17,L 2
2009,SAS,2009-02-19,8:00p,@,Detroit Pistons,W,,83,79,36,17,W 1
2009,SAS,2009-02-21,8:00p,@,Washington Wizards,W,,98,67,37,17,W 2
2009,SAS,2009-02-24,8:30p,,Dallas Mavericks,W,,93,76,38,17,W 3
2009,SAS,2009-02-25,8:30p,,Portland Trail Blazers,W,,99,84,39,17,W 4
2009,SAS,2009-02-27,9:30p,,Cleveland Cavaliers,L,,86,97,39,18,L 1
2009,SAS,2009-03-01,8:00p,@,Portland Trail Blazers,L,,84,102,39,19,L 2
2009,SAS,2009-03-02,10:30p,@,Los Angeles Clippers,W,,106,78,40,19,W 1
2009,SAS,2009-03-04,9:00p,@,Dallas Mavericks,L,,102,107,40,20,L 1
2009,SAS,2009-03-06,8:30p,,Washington Wizards,W,,100,78,41,20,W 1
2009,SAS,2009-03-08,3:30p,,Phoenix Suns,W,,103,98,42,20,W 2
2009,SAS,2009-03-10,8:30p,,Charlotte Bobcats,W,,100,86,43,20,W 3
2009,SAS,2009-03-12,8:00p,,Los Angeles Lakers,L,,95,102,43,21,L 1
2009,SAS,2009-03-14,8:30p,@,Houston Rockets,W,,88,85,44,21,W 1
2009,SAS,2009-03-16,8:00p,@,Oklahoma City Thunder,L,,76,78,44,22,L 1
2009,SAS,2009-03-17,8:30p,,Minnesota Timberwolves,W,,93,86,45,22,W 1
2009,SAS,2009-03-20,8:30p,,Boston Celtics,L,,77,80,45,23,L 1
2009,SAS,2009-03-22,3:30p,,Houston Rockets,L,,85,87,45,24,L 2
2009,SAS,2009-03-24,8:30p,,Golden State Warriors,W,,107,106,46,24,W 1
2009,SAS,2009-03-25,7:00p,@,Atlanta Hawks,W,,102,92,47,24,W 2
2009,SAS,2009-03-27,8:30p,,Los Angeles Clippers,W,,111,98,48,24,W 3
2009,SAS,2009-03-29,8:00p,@,New Orleans Hornets,L,,86,90,48,25,L 1
2009,SAS,2009-03-31,8:30p,,Oklahoma City Thunder,L,,95,96,48,26,L 2
2009,SAS,2009-04-03,7:00p,@,Indiana Pacers,W,,126,121,49,26,W 1
2009,SAS,2009-04-05,1:00p,@,Cleveland Cavaliers,L,,81,101,49,27,L 1
2009,SAS,2009-04-07,8:00p,@,Oklahoma City Thunder,W,,99,89,50,27,W 1
2009,SAS,2009-04-08,7:00p,,Portland Trail Blazers,L,,83,95,50,28,L 1
2009,SAS,2009-04-10,8:30p,,Utah Jazz,W,,105,99,51,28,W 1
2009,SAS,2009-04-12,9:00p,@,Sacramento Kings,W,,95,92,52,28,W 2
2009,SAS,2009-04-13,10:30p,@,Golden State Warriors,W,,101,72,53,28,W 3
2009,SAS,2009-04-15,8:00p,,New Orleans Hornets,W,OT,105,98,54,28,W 4
2009,SAS,2009-04-18,8:00p,,Dallas Mavericks,L,,97,105,0,1,L 1
2009,SAS,2009-04-20,9:30p,,Dallas Mavericks,W,,105,84,1,1,W 1
2009,SAS,2009-04-23,8:30p,@,Dallas Mavericks,L,,67,88,1,2,L 1
2009,SAS,2009-04-25,4:00p,@,Dallas Mavericks,L,,90,99,1,3,L 2
2009,SAS,2009-04-28,9:30p,,Dallas Mavericks,L,,93,106,1,4,L 3
2009,TOR,2008-10-29,6:00p,@,Philadelphia 76ers,W,,95,84,1,0,W 1
2009,TOR,2008-10-31,7:00p,,Golden State Warriors,W,OT,112,108,2,0,W 2
2009,TOR,2008-11-01,8:30p,@,Milwaukee Bucks,W,,91,87,3,0,W 3
2009,TOR,2008-11-05,7:00p,,Detroit Pistons,L,,93,100,3,1,L 1
2009,TOR,2008-11-07,7:30p,@,Atlanta Hawks,L,,92,110,3,2,L 2
2009,TOR,2008-11-09,1:00p,@,Charlotte Bobcats,W,,89,79,4,2,W 1
2009,TOR,2008-11-10,7:30p,@,Boston Celtics,L,,87,94,4,3,L 1
2009,TOR,2008-11-12,7:00p,,Philadelphia 76ers,L,,96,106,4,4,L 2
2009,TOR,2008-11-16,1:00p,,Miami Heat,W,,107,96,5,4,W 1
2009,TOR,2008-11-18,7:00p,@,Orlando Magic,L,,90,103,5,5,L 1
2009,TOR,2008-11-19,7:30p,@,Miami Heat,W,,101,95,6,5,W 1
2009,TOR,2008-11-21,7:00p,,New Jersey Nets,L,OT,127,129,6,6,L 1
2009,TOR,2008-11-23,12:30p,,Boston Celtics,L,,103,118,6,7,L 2
2009,TOR,2008-11-26,7:00p,,Charlotte Bobcats,W,,93,86,7,7,W 1
2009,TOR,2008-11-28,7:00p,,Atlanta Hawks,W,,93,88,8,7,W 2
2009,TOR,2008-11-30,9:30p,@,Los Angeles Lakers,L,,99,112,8,8,L 1
2009,TOR,2008-12-02,9:00p,@,Denver Nuggets,L,,93,132,8,9,L 2
2009,TOR,2008-12-05,10:30p,@,Utah Jazz,L,,87,114,8,10,L 3
2009,TOR,2008-12-07,1:00p,,Portland Trail Blazers,L,,97,98,8,11,L 4
2009,TOR,2008-12-09,7:00p,@,Cleveland Cavaliers,L,,94,114,8,12,L 5
2009,TOR,2008-12-10,7:00p,,Indiana Pacers,W,,101,88,9,12,W 1
2009,TOR,2008-12-12,7:30p,@,New Jersey Nets,W,,101,79,10,12,W 2
2009,TOR,2008-12-14,12:30p,,New Orleans Hornets,L,,91,99,10,13,L 1
2009,TOR,2008-12-15,7:00p,,New Jersey Nets,L,,87,94,10,14,L 2
2009,TOR,2008-12-17,7:00p,,Dallas Mavericks,L,,86,96,10,15,L 3
2009,TOR,2008-12-19,8:00p,@,Oklahoma City Thunder,L,,83,91,10,16,L 4
2009,TOR,2008-12-20,8:30p,@,San Antonio Spurs,L,,97,107,10,17,L 5
2009,TOR,2008-12-22,10:30p,@,Los Angeles Clippers,W,,97,75,11,17,W 1
2009,TOR,2008-12-26,10:00p,@,Sacramento Kings,W,,107,101,12,17,W 2
2009,TOR,2008-12-27,10:00p,@,Portland Trail Blazers,L,,89,102,12,18,L 1
2009,TOR,2008-12-29,10:30p,@,Golden State Warriors,L,,111,117,12,19,L 2
2009,TOR,2008-12-31,7:00p,,Denver Nuggets,L,,107,114,12,20,L 3
2009,TOR,2009-01-02,7:00p,,Houston Rockets,W,,94,73,13,20,W 1
2009,TOR,2009-01-04,12:30p,,Orlando Magic,W,,108,102,14,20,W 2
2009,TOR,2009-01-05,8:00p,@,Milwaukee Bucks,L,,97,107,14,21,L 1
2009,TOR,2009-01-07,7:00p,@,Washington Wizards,W,,99,93,15,21,W 1
2009,TOR,2009-01-09,7:00p,,Memphis Grizzlies,W,,103,82,16,21,W 2
2009,TOR,2009-01-11,12:30p,,Boston Celtics,L,,88,94,16,22,L 1
2009,TOR,2009-01-12,7:30p,@,Boston Celtics,L,OT,109,115,16,23,L 2
2009,TOR,2009-01-14,7:00p,,Chicago Bulls,L,,98,102,16,24,L 3
2009,TOR,2009-01-16,7:00p,@,Indiana Pacers,L,,104,111,16,25,L 4
2009,TOR,2009-01-18,12:30p,,Phoenix Suns,L,,113,117,16,26,L 5
2009,TOR,2009-01-19,2:00p,@,Atlanta Hawks,L,,84,87,16,27,L 6
2009,TOR,2009-01-21,7:30p,@,Detroit Pistons,L,,76,95,16,28,L 7
2009,TOR,2009-01-23,8:30p,@,Chicago Bulls,W,,114,94,17,28,W 1
2009,TOR,2009-01-25,6:00p,,Sacramento Kings,W,,113,97,18,28,W 2
2009,TOR,2009-01-28,7:30p,@,New Jersey Nets,W,,107,106,19,28,W 3
2009,TOR,2009-01-30,7:00p,,Milwaukee Bucks,L,,85,96,19,29,L 1
2009,TOR,2009-02-01,12:00p,,Orlando Magic,L,,90,113,19,30,L 2
2009,TOR,2009-02-03,7:00p,@,Cleveland Cavaliers,L,,83,101,19,31,L 3
2009,TOR,2009-02-04,7:00p,,Los Angeles Lakers,L,,107,115,19,32,L 4
2009,TOR,2009-02-06,8:00p,@,New Orleans Hornets,L,,92,101,19,33,L 5
2009,TOR,2009-02-07,8:00p,@,Memphis Grizzlies,L,,70,78,19,34,L 6
2009,TOR,2009-02-10,8:00p,@,Minnesota Timberwolves,W,,110,102,20,34,W 1
2009,TOR,2009-02-11,7:00p,,San Antonio Spurs,W,,91,89,21,34,W 2
2009,TOR,2009-02-18,7:00p,,Cleveland Cavaliers,L,,76,93,21,35,L 1
2009,TOR,2009-02-20,7:30p,@,New York Knicks,L,,97,127,21,36,L 2
2009,TOR,2009-02-22,12:00p,,New York Knicks,W,,111,100,22,36,W 1
2009,TOR,2009-02-24,7:00p,,Minnesota Timberwolves,W,,118,110,23,36,W 2
2009,TOR,2009-02-27,9:00p,@,Phoenix Suns,L,,113,133,23,37,L 1
2009,TOR,2009-03-01,9:00p,@,Dallas Mavericks,L,,98,109,23,38,L 2
2009,TOR,2009-03-03,8:30p,@,Houston Rockets,L,,97,107,23,39,L 3
2009,TOR,2009-03-06,7:00p,,Miami Heat,L,,102,108,23,40,L 4
2009,TOR,2009-03-08,12:30p,,Utah Jazz,L,,101,109,23,41,L 5
2009,TOR,2009-03-11,7:00p,@,Philadelphia 76ers,L,,106,115,23,42,L 6
2009,TOR,2009-03-13,7:00p,,Detroit Pistons,L,OT,95,99,23,43,L 7
2009,TOR,2009-03-15,12:30p,,Indiana Pacers,W,,110,87,24,43,W 1
2009,TOR,2009-03-16,7:00p,@,Charlotte Bobcats,L,,86,112,24,44,L 1
2009,TOR,2009-03-20,7:00p,,Charlotte Bobcats,L,,89,102,24,45,L 2
2009,TOR,2009-03-22,3:30p,,Los Angeles Clippers,W,,100,76,25,45,W 1
2009,TOR,2009-03-25,7:00p,,Milwaukee Bucks,W,,115,106,26,45,W 2
2009,TOR,2009-03-27,7:00p,,Oklahoma City Thunder,W,,112,96,27,45,W 3
2009,TOR,2009-03-29,3:30p,,Chicago Bulls,W,OT,134,129,28,45,W 4
2009,TOR,2009-04-01,7:00p,@,Orlando Magic,W,,99,95,29,45,W 5
2009,TOR,2009-04-04,1:00p,@,New York Knicks,W,,102,95,30,45,W 6
2009,TOR,2009-04-05,6:00p,,New York Knicks,L,,103,112,30,46,L 1
2009,TOR,2009-04-07,7:00p,,Atlanta Hawks,L,,110,118,30,47,L 2
2009,TOR,2009-04-08,7:00p,@,Indiana Pacers,L,,101,130,30,48,L 3
2009,TOR,2009-04-10,8:00p,,Washington Wizards,L,,98,100,30,49,L 4
2009,TOR,2009-04-12,6:00p,,Philadelphia 76ers,W,,111,104,31,49,W 1
2009,TOR,2009-04-13,7:00p,@,Washington Wizards,W,,97,96,32,49,W 2
2009,TOR,2009-04-15,8:00p,@,Chicago Bulls,W,,109,98,33,49,W 3
2009,UTA,2008-10-29,9:00p,,Denver Nuggets,W,,98,94,1,0,W 1
2009,UTA,2008-11-01,9:00p,,Los Angeles Clippers,W,,101,79,2,0,W 2
2009,UTA,2008-11-03,10:30p,@,Los Angeles Clippers,W,,89,73,3,0,W 3
2009,UTA,2008-11-05,9:00p,,Portland Trail Blazers,W,,103,96,4,0,W 4
2009,UTA,2008-11-07,9:00p,,Oklahoma City Thunder,W,,104,97,5,0,W 5
2009,UTA,2008-11-09,3:00p,@,New York Knicks,L,,99,107,5,1,L 1
2009,UTA,2008-11-11,7:00p,@,Philadelphia 76ers,W,,93,80,6,1,W 1
2009,UTA,2008-11-12,8:00p,@,Washington Wizards,L,,87,95,6,2,L 1
2009,UTA,2008-11-14,7:00p,@,Charlotte Bobcats,L,,96,104,6,3,L 2
2009,UTA,2008-11-15,7:30p,@,Cleveland Cavaliers,L,,93,105,6,4,L 3
2009,UTA,2008-11-17,9:00p,,Phoenix Suns,W,,109,97,7,4,W 1
2009,UTA,2008-11-19,9:00p,,Milwaukee Bucks,W,,105,94,8,4,W 2
2009,UTA,2008-11-21,8:30p,@,San Antonio Spurs,L,,94,119,8,5,L 1
2009,UTA,2008-11-22,8:00p,@,Memphis Grizzlies,W,,103,94,9,5,W 1
2009,UTA,2008-11-24,9:00p,,Chicago Bulls,L,,100,101,9,6,L 1
2009,UTA,2008-11-26,9:00p,,Memphis Grizzlies,W,,117,100,10,6,W 1
2009,UTA,2008-11-28,9:00p,,Sacramento Kings,W,,120,94,11,6,W 2
2009,UTA,2008-11-29,9:00p,,New Jersey Nets,L,,88,105,11,7,L 1
2009,UTA,2008-12-02,10:00p,@,Sacramento Kings,W,,99,94,12,7,W 1
2009,UTA,2008-12-03,9:00p,,Miami Heat,L,,89,93,12,8,L 1
2009,UTA,2008-12-05,10:30p,,Toronto Raptors,W,,114,87,13,8,W 1
2009,UTA,2008-12-06,9:00p,@,Phoenix Suns,L,,104,106,13,9,L 1
2009,UTA,2008-12-09,8:00p,@,Minnesota Timberwolves,W,,99,96,14,9,W 1
2009,UTA,2008-12-11,10:30p,,Portland Trail Blazers,W,,97,88,15,9,W 2
2009,UTA,2008-12-13,9:00p,,Orlando Magic,L,,94,103,15,10,L 1
2009,UTA,2008-12-15,7:30p,@,Boston Celtics,L,,91,100,15,11,L 2
2009,UTA,2008-12-17,7:30p,@,New Jersey Nets,W,,103,92,16,11,W 1
2009,UTA,2008-12-19,8:00p,@,Detroit Pistons,W,2OT,120,114,17,11,W 2
2009,UTA,2008-12-20,8:30p,@,Chicago Bulls,L,,98,106,17,12,L 1
2009,UTA,2008-12-23,8:00p,@,Milwaukee Bucks,L,,86,94,17,13,L 2
2009,UTA,2008-12-26,9:00p,,Dallas Mavericks,W,,97,88,18,13,W 1
2009,UTA,2008-12-27,8:30p,@,Houston Rockets,L,2OT,115,120,18,14,L 1
2009,UTA,2008-12-29,9:00p,,Philadelphia 76ers,W,,112,95,19,14,W 1
2009,UTA,2009-01-02,10:30p,@,Los Angeles Lakers,L,,100,113,19,15,L 1
2009,UTA,2009-01-05,9:00p,,Golden State Warriors,W,,119,114,20,15,W 1
2009,UTA,2009-01-07,9:00p,,New Orleans Hornets,W,,116,90,21,15,W 2
2009,UTA,2009-01-10,9:00p,,Detroit Pistons,W,,99,82,22,15,W 3
2009,UTA,2009-01-12,9:00p,,Indiana Pacers,W,,120,113,23,15,W 4
2009,UTA,2009-01-14,8:00p,@,Oklahoma City Thunder,L,,93,114,23,16,L 1
2009,UTA,2009-01-16,8:00p,@,Memphis Grizzlies,W,,101,91,24,16,W 1
2009,UTA,2009-01-17,9:00p,@,Dallas Mavericks,L,,108,115,24,17,L 1
2009,UTA,2009-01-20,9:00p,,Minnesota Timberwolves,W,,112,107,25,17,W 1
2009,UTA,2009-01-21,8:30p,@,Houston Rockets,L,,99,108,25,18,L 1
2009,UTA,2009-01-24,9:00p,,Cleveland Cavaliers,L,,97,102,25,19,L 2
2009,UTA,2009-01-25,8:00p,@,Denver Nuggets,L,,97,117,25,20,L 3
2009,UTA,2009-01-27,9:00p,,San Antonio Spurs,L,,100,106,25,21,L 4
2009,UTA,2009-01-30,9:00p,,Oklahoma City Thunder,W,,110,90,26,21,W 1
2009,UTA,2009-01-31,10:00p,@,Portland Trail Blazers,L,,108,122,26,22,L 1
2009,UTA,2009-02-02,9:00p,,Charlotte Bobcats,W,,105,86,27,22,W 1
2009,UTA,2009-02-05,10:30p,,Dallas Mavericks,W,,115,87,28,22,W 2
2009,UTA,2009-02-06,10:00p,@,Sacramento Kings,W,,111,107,29,22,W 3
2009,UTA,2009-02-08,9:00p,@,Golden State Warriors,L,,96,116,29,23,L 1
2009,UTA,2009-02-11,9:00p,,Los Angeles Lakers,W,,113,109,30,23,W 1
2009,UTA,2009-02-17,9:00p,,Memphis Grizzlies,W,,117,99,31,23,W 2
2009,UTA,2009-02-19,10:30p,,Boston Celtics,W,,90,85,32,23,W 3
2009,UTA,2009-02-21,9:00p,,New Orleans Hornets,W,,102,88,33,23,W 4
2009,UTA,2009-02-23,9:00p,,Atlanta Hawks,W,,108,89,34,23,W 5
2009,UTA,2009-02-25,8:00p,@,Minnesota Timberwolves,W,,120,103,35,23,W 6
2009,UTA,2009-02-28,9:00p,,Sacramento Kings,W,,102,89,36,23,W 7
2009,UTA,2009-03-01,9:00p,@,Golden State Warriors,W,,112,104,37,23,W 8
2009,UTA,2009-03-04,9:00p,,Houston Rockets,W,,101,94,38,23,W 9
2009,UTA,2009-03-06,10:30p,,Denver Nuggets,W,,97,91,39,23,W 10
2009,UTA,2009-03-08,12:30p,@,Toronto Raptors,W,,109,101,40,23,W 11
2009,UTA,2009-03-10,7:00p,@,Indiana Pacers,W,,112,100,41,23,W 12
2009,UTA,2009-03-11,7:00p,@,Atlanta Hawks,L,,93,100,41,24,L 1
2009,UTA,2009-03-14,1:00p,@,Miami Heat,L,3OT,129,140,41,25,L 2
2009,UTA,2009-03-15,6:00p,@,Orlando Magic,L,,87,105,41,26,L 3
2009,UTA,2009-03-17,9:00p,,Washington Wizards,W,,103,88,42,26,W 1
2009,UTA,2009-03-20,8:00p,@,Oklahoma City Thunder,W,,101,94,43,26,W 2
2009,UTA,2009-03-24,10:30p,,Houston Rockets,W,,99,86,44,26,W 3
2009,UTA,2009-03-25,10:30p,@,Phoenix Suns,L,,114,118,44,27,L 1
2009,UTA,2009-03-28,9:00p,,Phoenix Suns,W,OT,104,99,45,27,W 1
2009,UTA,2009-03-30,9:00p,,New York Knicks,W,,112,104,46,27,W 2
2009,UTA,2009-03-31,10:00p,@,Portland Trail Blazers,L,,104,125,46,28,L 1
2009,UTA,2009-04-02,10:30p,@,Denver Nuggets,L,,104,114,46,29,L 2
2009,UTA,2009-04-03,9:00p,,Minnesota Timberwolves,L,,102,103,46,30,L 3
2009,UTA,2009-04-05,7:00p,@,New Orleans Hornets,W,,108,94,47,30,W 1
2009,UTA,2009-04-08,9:30p,@,Dallas Mavericks,L,,101,130,47,31,L 1
2009,UTA,2009-04-10,8:30p,@,San Antonio Spurs,L,,99,105,47,32,L 2
2009,UTA,2009-04-11,9:00p,,Golden State Warriors,L,,108,118,47,33,L 3
2009,UTA,2009-04-13,9:00p,,Los Angeles Clippers,W,,106,85,48,33,W 1
2009,UTA,2009-04-14,10:30p,@,Los Angeles Lakers,L,,112,125,48,34,L 1
2009,UTA,2009-04-19,3:00p,@,Los Angeles Lakers,L,,100,113,0,1,L 1
2009,UTA,2009-04-21,10:30p,@,Los Angeles Lakers,L,,109,119,0,2,L 2
2009,UTA,2009-04-23,10:30p,,Los Angeles Lakers,W,,88,86,1,2,W 1
2009,UTA,2009-04-25,9:00p,,Los Angeles Lakers,L,,94,108,1,3,L 1
2009,UTA,2009-04-27,10:30p,@,Los Angeles Lakers,L,,96,107,1,4,L 2
2009,WAS,2008-10-29,7:00p,,New Jersey Nets,L,,85,95,0,1,L 1
2009,WAS,2008-11-01,7:30p,@,Detroit Pistons,L,,109,117,0,2,L 2
2009,WAS,2008-11-05,8:00p,@,Milwaukee Bucks,L,OT,104,112,0,3,L 3
2009,WAS,2008-11-07,7:00p,,New York Knicks,L,,108,114,0,4,L 4
2009,WAS,2008-11-08,7:00p,@,Orlando Magic,L,,81,106,0,5,L 5
2009,WAS,2008-11-12,8:00p,,Utah Jazz,W,,95,87,1,5,W 1
2009,WAS,2008-11-14,7:30p,@,Miami Heat,L,,77,97,1,6,L 1
2009,WAS,2008-11-18,7:00p,,Miami Heat,L,,87,94,1,7,L 2
2009,WAS,2008-11-19,7:00p,@,Atlanta Hawks,L,,87,91,1,8,L 3
2009,WAS,2008-11-21,7:00p,,Houston Rockets,L,,91,103,1,9,L 4
2009,WAS,2008-11-22,7:30p,@,New York Knicks,L,,117,122,1,10,L 5
2009,WAS,2008-11-25,7:00p,,Golden State Warriors,W,,124,100,2,10,W 1
2009,WAS,2008-11-27,8:00p,,Orlando Magic,L,,90,105,2,11,L 1
2009,WAS,2008-11-29,7:00p,,Atlanta Hawks,L,,98,102,2,12,L 2
2009,WAS,2008-12-02,7:30p,@,New Jersey Nets,W,,108,88,3,12,W 1
2009,WAS,2008-12-03,7:00p,,Portland Trail Blazers,L,,92,98,3,13,L 1
2009,WAS,2008-12-05,7:00p,,Los Angeles Lakers,L,,104,106,3,14,L 2
2009,WAS,2008-12-06,8:30p,@,Chicago Bulls,L,,110,117,3,15,L 3
2009,WAS,2008-12-09,7:00p,,Detroit Pistons,W,,107,94,4,15,W 1
2009,WAS,2008-12-11,8:00p,,Boston Celtics,L,,88,122,4,16,L 1
2009,WAS,2008-12-13,7:30p,@,Philadelphia 76ers,L,,89,104,4,17,L 2
2009,WAS,2008-12-15,7:00p,,Indiana Pacers,L,,98,118,4,18,L 3
2009,WAS,2008-12-17,7:30p,@,Detroit Pistons,L,,74,88,4,19,L 4
2009,WAS,2008-12-19,7:00p,,Philadelphia 76ers,L,,103,109,4,20,L 5
2009,WAS,2008-12-21,6:00p,,Dallas Mavericks,L,,86,97,4,21,L 6
2009,WAS,2008-12-23,7:00p,@,Charlotte Bobcats,L,,72,80,4,22,L 7
2009,WAS,2008-12-25,8:00p,@,Cleveland Cavaliers,L,,89,93,4,23,L 8
2009,WAS,2008-12-27,7:00p,,Oklahoma City Thunder,W,,104,95,5,23,W 1
2009,WAS,2008-12-29,8:30p,@,Houston Rockets,W,,89,87,6,23,W 2
2009,WAS,2008-12-30,8:00p,@,New Orleans Hornets,L,,85,97,6,24,L 1
2009,WAS,2009-01-02,7:30p,@,Boston Celtics,L,,83,108,6,25,L 2
2009,WAS,2009-01-04,1:00p,,Cleveland Cavaliers,W,,80,77,7,25,W 1
2009,WAS,2009-01-06,7:00p,@,Orlando Magic,L,,80,89,7,26,L 1
2009,WAS,2009-01-07,7:00p,,Toronto Raptors,L,,93,99,7,27,L 2
2009,WAS,2009-01-09,8:30p,@,Chicago Bulls,L,,86,98,7,28,L 3
2009,WAS,2009-01-10,7:00p,,Charlotte Bobcats,L,,89,92,7,29,L 4
2009,WAS,2009-01-12,7:00p,,Milwaukee Bucks,L,,91,97,7,30,L 5
2009,WAS,2009-01-14,7:30p,@,New York Knicks,L,,122,128,7,31,L 6
2009,WAS,2009-01-16,7:00p,,New York Knicks,W,,96,89,8,31,W 1
2009,WAS,2009-01-19,4:00p,@,Golden State Warriors,L,,98,119,8,32,L 1
2009,WAS,2009-01-21,10:00p,@,Sacramento Kings,W,,110,107,9,32,W 1
2009,WAS,2009-01-22,10:30p,@,Los Angeles Lakers,L,,97,117,9,33,L 1
2009,WAS,2009-01-24,10:00p,@,Portland Trail Blazers,L,,87,100,9,34,L 2
2009,WAS,2009-01-26,7:00p,,Phoenix Suns,L,,87,103,9,35,L 3
2009,WAS,2009-01-28,7:30p,@,Miami Heat,L,,71,93,9,36,L 4
2009,WAS,2009-01-30,7:00p,@,Philadelphia 76ers,L,,94,104,9,37,L 5
2009,WAS,2009-01-31,8:00p,,Los Angeles Clippers,W,,106,94,10,37,W 1
2009,WAS,2009-02-02,7:00p,,Memphis Grizzlies,L,,97,113,10,38,L 1
2009,WAS,2009-02-04,7:00p,,New Jersey Nets,L,,88,115,10,39,L 2
2009,WAS,2009-02-06,8:00p,,Denver Nuggets,L,,103,124,10,40,L 3
2009,WAS,2009-02-08,6:00p,,Indiana Pacers,W,,119,117,11,40,W 1
2009,WAS,2009-02-10,7:00p,@,Atlanta Hawks,L,,90,111,11,41,L 1
2009,WAS,2009-02-11,7:00p,@,Charlotte Bobcats,L,,89,101,11,42,L 2
2009,WAS,2009-02-17,7:00p,,Minnesota Timberwolves,W,,111,103,12,42,W 1
2009,WAS,2009-02-20,8:00p,@,New Jersey Nets,W,,107,96,13,42,W 2
2009,WAS,2009-02-21,8:00p,,San Antonio Spurs,L,,67,98,13,43,L 1
2009,WAS,2009-02-25,7:00p,,Philadelphia 76ers,L,,98,106,13,44,L 2
2009,WAS,2009-02-27,7:00p,,Chicago Bulls,W,,113,90,14,44,W 1
2009,WAS,2009-02-28,8:30p,@,Milwaukee Bucks,L,,93,109,14,45,L 1
2009,WAS,2009-03-02,7:00p,,Atlanta Hawks,L,,89,98,14,46,L 2
2009,WAS,2009-03-04,8:00p,@,Oklahoma City Thunder,L,,83,88,14,47,L 3
2009,WAS,2009-03-06,8:30p,@,San Antonio Spurs,L,,78,100,14,48,L 4
2009,WAS,2009-03-07,8:30p,@,Dallas Mavericks,L,,103,119,14,49,L 5
2009,WAS,2009-03-09,8:00p,@,Minnesota Timberwolves,W,,110,99,15,49,W 1
2009,WAS,2009-03-11,7:00p,,New Orleans Hornets,L,,98,109,15,50,L 1
2009,WAS,2009-03-13,7:00p,,Orlando Magic,L,,103,112,15,51,L 2
2009,WAS,2009-03-15,6:00p,,Sacramento Kings,W,,106,104,16,51,W 1
2009,WAS,2009-03-17,9:00p,@,Utah Jazz,L,,88,103,16,52,L 1
2009,WAS,2009-03-18,10:30p,@,Los Angeles Clippers,L,,108,123,16,53,L 2
2009,WAS,2009-03-20,9:00p,@,Denver Nuggets,L,,105,116,16,54,L 3
2009,WAS,2009-03-21,10:00p,@,Phoenix Suns,L,,96,128,16,55,L 4
2009,WAS,2009-03-23,7:00p,,Chicago Bulls,L,,99,101,16,56,L 5
2009,WAS,2009-03-25,7:00p,,Charlotte Bobcats,W,,95,93,17,56,W 1
2009,WAS,2009-03-28,7:00p,,Detroit Pistons,L,,96,98,17,57,L 1
2009,WAS,2009-03-29,7:00p,@,Indiana Pacers,L,,115,124,17,58,L 2
2009,WAS,2009-04-01,8:00p,@,Memphis Grizzlies,L,,107,112,17,59,L 3
2009,WAS,2009-04-02,8:00p,,Cleveland Cavaliers,W,,109,101,18,59,W 1
2009,WAS,2009-04-04,7:00p,,Miami Heat,L,,104,118,18,60,L 1
2009,WAS,2009-04-08,7:00p,@,Cleveland Cavaliers,L,,86,98,18,61,L 2
2009,WAS,2009-04-10,8:00p,@,Toronto Raptors,W,,100,98,19,61,W 1
2009,WAS,2009-04-13,7:00p,,Toronto Raptors,L,,96,97,19,62,L 1
2009,WAS,2009-04-15,8:00p,@,Boston Celtics,L,,107,115,19,63,L 2
2010,ATL,2009-10-28,7:00p,,Indiana Pacers,W,,120,109,1,0,W 1
2010,ATL,2009-10-30,7:30p,,Washington Wizards,W,,100,89,2,0,W 2
2010,ATL,2009-11-01,9:30p,@,Los Angeles Lakers,L,,110,118,2,1,L 1
2010,ATL,2009-11-03,10:00p,@,Portland Trail Blazers,W,,97,91,3,1,W 1
2010,ATL,2009-11-04,10:00p,@,Sacramento Kings,W,,113,105,4,1,W 2
2010,ATL,2009-11-06,7:00p,@,Charlotte Bobcats,L,,83,103,4,2,L 1
2010,ATL,2009-11-07,7:00p,,Denver Nuggets,W,,125,100,5,2,W 1
2010,ATL,2009-11-11,7:30p,@,New York Knicks,W,,114,101,6,2,W 2
2010,ATL,2009-11-13,8:00p,@,Boston Celtics,W,,97,86,7,2,W 3
2010,ATL,2009-11-14,7:00p,,New Orleans Hornets,W,,121,98,8,2,W 4
2010,ATL,2009-11-16,7:00p,,Portland Trail Blazers,W,OT,99,95,9,2,W 5
2010,ATL,2009-11-18,7:00p,,Miami Heat,W,,105,90,10,2,W 6
2010,ATL,2009-11-20,7:30p,,Houston Rockets,W,,105,103,11,2,W 7
2010,ATL,2009-11-21,8:00p,@,New Orleans Hornets,L,,88,96,11,3,L 1
2010,ATL,2009-11-26,8:00p,,Orlando Magic,L,,76,93,11,4,L 2
2010,ATL,2009-11-27,7:30p,@,Philadelphia 76ers,W,,100,86,12,4,W 1
2010,ATL,2009-11-29,1:00p,@,Detroit Pistons,L,,88,94,12,5,L 1
2010,ATL,2009-12-02,7:00p,,Toronto Raptors,W,,146,115,13,5,W 1
2010,ATL,2009-12-04,7:30p,,New York Knicks,L,,107,114,13,6,L 1
2010,ATL,2009-12-05,9:00p,@,Dallas Mavericks,W,,80,75,14,6,W 1
2010,ATL,2009-12-09,7:00p,,Chicago Bulls,W,,118,83,15,6,W 2
2010,ATL,2009-12-11,7:00p,@,Toronto Raptors,W,,111,89,16,6,W 3
2010,ATL,2009-12-13,5:00p,,New Jersey Nets,W,,130,107,17,6,W 4
2010,ATL,2009-12-16,7:00p,,Memphis Grizzlies,W,,110,97,18,6,W 5
2010,ATL,2009-12-18,7:30p,,Utah Jazz,W,,96,83,19,6,W 6
2010,ATL,2009-12-19,8:00p,@,Chicago Bulls,L,OT,98,101,19,7,L 1
2010,ATL,2009-12-22,8:00p,@,Minnesota Timberwolves,W,,112,87,20,7,W 1
2010,ATL,2009-12-23,9:00p,@,Denver Nuggets,L,,104,124,20,8,L 1
2010,ATL,2009-12-26,7:00p,@,Indiana Pacers,W,,110,98,21,8,W 1
2010,ATL,2009-12-29,7:00p,,Cleveland Cavaliers,L,,84,95,21,9,L 1
2010,ATL,2009-12-30,7:00p,@,Cleveland Cavaliers,L,,101,106,21,10,L 2
2010,ATL,2010-01-01,7:30p,,New York Knicks,L,OT,108,112,21,11,L 3
2010,ATL,2010-01-04,7:30p,@,Miami Heat,L,,75,92,21,12,L 4
2010,ATL,2010-01-06,7:00p,,New Jersey Nets,W,,119,89,22,12,W 1
2010,ATL,2010-01-08,8:00p,,Boston Celtics,W,,93,85,23,12,W 2
2010,ATL,2010-01-09,7:00p,@,Orlando Magic,L,,81,113,23,13,L 1
2010,ATL,2010-01-11,7:30p,@,Boston Celtics,W,,102,96,24,13,W 1
2010,ATL,2010-01-13,7:00p,,Washington Wizards,W,,94,82,25,13,W 2
2010,ATL,2010-01-15,8:00p,,Phoenix Suns,W,,102,101,26,13,W 3
2010,ATL,2010-01-18,2:00p,,Oklahoma City Thunder,L,,91,94,26,14,L 1
2010,ATL,2010-01-20,7:00p,,Sacramento Kings,W,,108,97,27,14,W 1
2010,ATL,2010-01-22,7:30p,,Charlotte Bobcats,W,,103,89,28,14,W 2
2010,ATL,2010-01-25,8:30p,@,Houston Rockets,W,,102,95,29,14,W 3
2010,ATL,2010-01-27,8:30p,@,San Antonio Spurs,L,,90,105,29,15,L 1
2010,ATL,2010-01-29,7:30p,,Boston Celtics,W,,100,91,30,15,W 1
2010,ATL,2010-01-30,7:00p,@,Orlando Magic,L,,86,104,30,16,L 1
2010,ATL,2010-02-02,8:00p,@,Oklahoma City Thunder,L,,99,106,30,17,L 2
2010,ATL,2010-02-03,7:00p,,Los Angeles Clippers,W,,103,97,31,17,W 1
2010,ATL,2010-02-05,8:00p,,Chicago Bulls,W,,91,81,32,17,W 2
2010,ATL,2010-02-09,8:00p,@,Memphis Grizzlies,W,,108,94,33,17,W 3
2010,ATL,2010-02-10,7:00p,,Miami Heat,L,,76,94,33,18,L 1
2010,ATL,2010-02-17,10:30p,@,Los Angeles Clippers,W,,110,92,34,18,W 1
2010,ATL,2010-02-19,9:00p,@,Phoenix Suns,L,,80,88,34,19,L 1
2010,ATL,2010-02-21,8:00p,@,Golden State Warriors,L,,104,108,34,20,L 2
2010,ATL,2010-02-22,9:00p,@,Utah Jazz,W,,105,100,35,20,W 1
2010,ATL,2010-02-24,7:00p,,Minnesota Timberwolves,W,,98,92,36,20,W 2
2010,ATL,2010-02-26,7:00p,,Dallas Mavericks,L,OT,103,111,36,21,L 1
2010,ATL,2010-02-28,6:00p,,Milwaukee Bucks,W,OT,106,102,37,21,W 1
2010,ATL,2010-03-01,8:00p,@,Chicago Bulls,W,,116,92,38,21,W 2
2010,ATL,2010-03-03,7:00p,,Philadelphia 76ers,W,,112,93,39,21,W 3
2010,ATL,2010-03-05,7:30p,,Golden State Warriors,W,,127,122,40,21,W 4
2010,ATL,2010-03-06,7:30p,@,Miami Heat,L,,94,100,40,22,L 1
2010,ATL,2010-03-08,7:30p,@,New York Knicks,L,,98,99,40,23,L 2
2010,ATL,2010-03-11,7:00p,@,Washington Wizards,W,,105,99,41,23,W 1
2010,ATL,2010-03-13,7:00p,,Detroit Pistons,W,,112,99,42,23,W 2
2010,ATL,2010-03-16,7:30p,@,New Jersey Nets,W,,108,84,43,23,W 3
2010,ATL,2010-03-17,7:00p,@,Toronto Raptors,L,,105,106,43,24,L 1
2010,ATL,2010-03-19,7:30p,,Charlotte Bobcats,W,OT,93,92,44,24,W 1
2010,ATL,2010-03-21,8:00p,,San Antonio Spurs,W,OT,119,114,45,24,W 2
2010,ATL,2010-03-22,8:00p,@,Milwaukee Bucks,L,,95,98,45,25,L 1
2010,ATL,2010-03-24,7:00p,,Orlando Magic,W,,86,84,46,25,W 1
2010,ATL,2010-03-26,7:00p,@,Philadelphia 76ers,L,,98,105,46,26,L 1
2010,ATL,2010-03-28,3:30p,,Indiana Pacers,W,,94,84,47,26,W 1
2010,ATL,2010-03-31,7:00p,,Los Angeles Lakers,W,,109,92,48,26,W 2
2010,ATL,2010-04-02,8:00p,@,Cleveland Cavaliers,L,,88,93,48,27,L 1
2010,ATL,2010-04-03,7:00p,,Detroit Pistons,W,,91,85,49,27,W 1
2010,ATL,2010-04-06,7:00p,@,Charlotte Bobcats,L,,100,109,49,28,L 1
2010,ATL,2010-04-07,7:30p,@,Detroit Pistons,L,,88,90,49,29,L 2
2010,ATL,2010-04-09,7:30p,,Toronto Raptors,W,,107,101,50,29,W 1
2010,ATL,2010-04-10,7:00p,@,Washington Wizards,W,,105,95,51,29,W 2
2010,ATL,2010-04-12,8:00p,@,Milwaukee Bucks,W,,104,96,52,29,W 3
2010,ATL,2010-04-14,8:00p,,Cleveland Cavaliers,W,,99,83,53,29,W 4
2010,ATL,2010-04-17,5:30p,,Milwaukee Bucks,W,,102,92,1,0,W 1
2010,ATL,2010-04-20,7:00p,,Milwaukee Bucks,W,,96,86,2,0,W 2
2010,ATL,2010-04-24,7:00p,@,Milwaukee Bucks,L,,89,107,2,1,L 1
2010,ATL,2010-04-26,8:30p,@,Milwaukee Bucks,L,,104,111,2,2,L 2
2010,ATL,2010-04-28,8:00p,,Milwaukee Bucks,L,,87,91,2,3,L 3
2010,ATL,2010-04-30,7:00p,@,Milwaukee Bucks,W,,83,69,3,3,W 1
2010,ATL,2010-05-02,1:00p,,Milwaukee Bucks,W,,95,74,4,3,W 2
2010,ATL,2010-05-04,8:00p,@,Orlando Magic,L,,71,114,4,4,L 1
2010,ATL,2010-05-06,8:00p,@,Orlando Magic,L,,98,112,4,5,L 2
2010,ATL,2010-05-08,5:00p,,Orlando Magic,L,,75,105,4,6,L 3
2010,ATL,2010-05-10,8:00p,,Orlando Magic,L,,84,98,4,7,L 4
2010,BOS,2009-10-27,7:30p,@,Cleveland Cavaliers,W,,95,89,1,0,W 1
2010,BOS,2009-10-28,7:30p,,Charlotte Bobcats,W,,92,59,2,0,W 2
2010,BOS,2009-10-30,8:00p,,Chicago Bulls,W,,118,90,3,0,W 3
2010,BOS,2009-11-01,6:00p,,New Orleans Hornets,W,,97,87,4,0,W 4
2010,BOS,2009-11-03,7:00p,@,Philadelphia 76ers,W,,105,74,5,0,W 5
2010,BOS,2009-11-04,8:00p,@,Minnesota Timberwolves,W,,92,90,6,0,W 6
2010,BOS,2009-11-06,7:30p,,Phoenix Suns,L,,103,110,6,1,L 1
2010,BOS,2009-11-07,7:30p,@,New Jersey Nets,W,,86,76,7,1,W 1
2010,BOS,2009-11-11,7:30p,,Utah Jazz,W,,105,86,8,1,W 2
2010,BOS,2009-11-13,8:00p,,Atlanta Hawks,L,,86,97,8,2,L 1
2010,BOS,2009-11-14,7:00p,@,Indiana Pacers,L,,104,113,8,3,L 2
2010,BOS,2009-11-18,7:30p,,Golden State Warriors,W,,109,95,9,3,W 1
2010,BOS,2009-11-20,8:00p,,Orlando Magic,L,,78,83,9,4,L 1
2010,BOS,2009-11-22,1:00p,@,New York Knicks,W,OT,107,105,10,4,W 1
2010,BOS,2009-11-25,7:30p,,Philadelphia 76ers,W,,113,110,11,4,W 2
2010,BOS,2009-11-27,7:30p,,Toronto Raptors,W,,116,103,12,4,W 3
2010,BOS,2009-11-29,6:00p,@,Miami Heat,W,,92,85,13,4,W 4
2010,BOS,2009-12-01,7:00p,@,Charlotte Bobcats,W,,108,90,14,4,W 5
2010,BOS,2009-12-03,8:00p,@,San Antonio Spurs,W,,90,83,15,4,W 6
2010,BOS,2009-12-04,8:00p,@,Oklahoma City Thunder,W,,105,87,16,4,W 7
2010,BOS,2009-12-08,7:30p,,Milwaukee Bucks,W,,98,89,17,4,W 8
2010,BOS,2009-12-10,8:00p,@,Washington Wizards,W,,104,102,18,4,W 9
2010,BOS,2009-12-12,8:00p,@,Chicago Bulls,W,,106,80,19,4,W 10
2010,BOS,2009-12-14,8:00p,@,Memphis Grizzlies,W,,110,105,20,4,W 11
2010,BOS,2009-12-18,7:30p,,Philadelphia 76ers,L,,97,98,20,5,L 1
2010,BOS,2009-12-20,6:00p,,Minnesota Timberwolves,W,,122,104,21,5,W 1
2010,BOS,2009-12-22,7:30p,,Indiana Pacers,W,,103,94,22,5,W 2
2010,BOS,2009-12-25,2:30p,@,Orlando Magic,W,,86,77,23,5,W 3
2010,BOS,2009-12-27,9:30p,@,Los Angeles Clippers,L,,90,92,23,6,L 1
2010,BOS,2009-12-28,10:30p,@,Golden State Warriors,L,,99,103,23,7,L 2
2010,BOS,2009-12-30,9:00p,@,Phoenix Suns,L,,98,116,23,8,L 3
2010,BOS,2010-01-02,7:30p,,Toronto Raptors,W,,103,96,24,8,W 1
2010,BOS,2010-01-06,7:30p,@,Miami Heat,W,OT,112,106,25,8,W 2
2010,BOS,2010-01-08,8:00p,@,Atlanta Hawks,L,,85,93,25,9,L 1
2010,BOS,2010-01-10,1:00p,@,Toronto Raptors,W,,114,107,26,9,W 1
2010,BOS,2010-01-11,7:30p,,Atlanta Hawks,L,,96,102,26,10,L 1
2010,BOS,2010-01-13,7:30p,@,New Jersey Nets,W,,111,87,27,10,W 1
2010,BOS,2010-01-14,8:00p,,Chicago Bulls,L,,83,96,27,11,L 1
2010,BOS,2010-01-18,8:00p,,Dallas Mavericks,L,,90,99,27,12,L 2
2010,BOS,2010-01-20,7:30p,@,Detroit Pistons,L,,86,92,27,13,L 3
2010,BOS,2010-01-22,7:30p,,Portland Trail Blazers,W,OT,98,95,28,13,W 1
2010,BOS,2010-01-25,7:30p,,Los Angeles Clippers,W,,95,89,29,13,W 2
2010,BOS,2010-01-28,8:00p,@,Orlando Magic,L,,94,96,29,14,L 1
2010,BOS,2010-01-29,7:30p,@,Atlanta Hawks,L,,91,100,29,15,L 2
2010,BOS,2010-01-31,3:30p,,Los Angeles Lakers,L,,89,90,29,16,L 3
2010,BOS,2010-02-01,7:00p,@,Washington Wizards,W,,99,88,30,16,W 1
2010,BOS,2010-02-03,8:00p,,Miami Heat,W,,107,102,31,16,W 2
2010,BOS,2010-02-05,7:30p,,New Jersey Nets,W,,96,87,32,16,W 3
2010,BOS,2010-02-07,2:30p,,Orlando Magic,L,,89,96,32,17,L 1
2010,BOS,2010-02-10,8:00p,@,New Orleans Hornets,L,,85,93,32,18,L 2
2010,BOS,2010-02-16,10:00p,@,Sacramento Kings,W,,95,92,33,18,W 1
2010,BOS,2010-02-18,10:30p,@,Los Angeles Lakers,W,,87,86,34,18,W 2
2010,BOS,2010-02-19,10:30p,@,Portland Trail Blazers,W,,96,76,35,18,W 3
2010,BOS,2010-02-21,3:30p,@,Denver Nuggets,L,,105,114,35,19,L 1
2010,BOS,2010-02-23,7:30p,,New York Knicks,W,,110,106,36,19,W 1
2010,BOS,2010-02-25,8:00p,,Cleveland Cavaliers,L,,88,108,36,20,L 1
2010,BOS,2010-02-27,1:00p,,New Jersey Nets,L,,96,104,36,21,L 2
2010,BOS,2010-03-02,7:30p,@,Detroit Pistons,W,,105,100,37,21,W 1
2010,BOS,2010-03-03,7:30p,,Charlotte Bobcats,W,,104,80,38,21,W 2
2010,BOS,2010-03-05,7:00p,@,Philadelphia 76ers,W,,96,86,39,21,W 3
2010,BOS,2010-03-07,8:00p,,Washington Wizards,W,,86,83,40,21,W 4
2010,BOS,2010-03-09,8:00p,@,Milwaukee Bucks,L,,84,86,40,22,L 1
2010,BOS,2010-03-10,7:30p,,Memphis Grizzlies,L,,91,111,40,23,L 2
2010,BOS,2010-03-12,7:30p,,Indiana Pacers,W,,122,103,41,23,W 1
2010,BOS,2010-03-14,3:30p,@,Cleveland Cavaliers,L,,93,104,41,24,L 1
2010,BOS,2010-03-15,8:00p,,Detroit Pistons,W,,119,93,42,24,W 1
2010,BOS,2010-03-17,7:30p,,New York Knicks,W,,109,97,43,24,W 2
2010,BOS,2010-03-19,8:30p,@,Houston Rockets,W,,94,87,44,24,W 3
2010,BOS,2010-03-20,9:00p,@,Dallas Mavericks,W,,102,93,45,24,W 4
2010,BOS,2010-03-22,9:00p,@,Utah Jazz,L,,97,110,45,25,L 1
2010,BOS,2010-03-24,7:00p,,Denver Nuggets,W,,113,99,46,25,W 1
2010,BOS,2010-03-26,7:30p,,Sacramento Kings,W,,94,86,47,25,W 2
2010,BOS,2010-03-28,8:00p,,San Antonio Spurs,L,,73,94,47,26,L 1
2010,BOS,2010-03-31,7:30p,,Oklahoma City Thunder,L,,104,109,47,27,L 2
2010,BOS,2010-04-02,7:30p,,Houston Rockets,L,OT,114,119,47,28,L 3
2010,BOS,2010-04-04,1:00p,,Cleveland Cavaliers,W,,117,113,48,28,W 1
2010,BOS,2010-04-06,7:30p,@,New York Knicks,L,,101,104,48,29,L 1
2010,BOS,2010-04-07,7:00p,@,Toronto Raptors,W,,115,104,49,29,W 1
2010,BOS,2010-04-09,7:30p,,Washington Wizards,L,,96,106,49,30,L 1
2010,BOS,2010-04-10,8:30p,@,Milwaukee Bucks,W,,105,90,50,30,W 1
2010,BOS,2010-04-13,8:00p,@,Chicago Bulls,L,,93,101,50,31,L 1
2010,BOS,2010-04-14,8:00p,,Milwaukee Bucks,L,,95,106,50,32,L 2
2010,BOS,2010-04-17,8:00p,,Miami Heat,W,,85,76,1,0,W 1
2010,BOS,2010-04-20,8:00p,,Miami Heat,W,,106,77,2,0,W 2
2010,BOS,2010-04-23,7:00p,@,Miami Heat,W,,100,98,3,0,W 3
2010,BOS,2010-04-25,1:00p,@,Miami Heat,L,,92,101,3,1,L 1
2010,BOS,2010-04-27,7:00p,,Miami Heat,W,,96,86,4,1,W 1
2010,BOS,2010-05-01,8:00p,@,Cleveland Cavaliers,L,,93,101,4,2,L 1
2010,BOS,2010-05-03,8:00p,@,Cleveland Cavaliers,W,,104,86,5,2,W 1
2010,BOS,2010-05-07,7:00p,,Cleveland Cavaliers,L,,95,124,5,3,L 1
2010,BOS,2010-05-09,3:30p,,Cleveland Cavaliers,W,,97,87,6,3,W 1
2010,BOS,2010-05-11,8:00p,@,Cleveland Cavaliers,W,,120,88,7,3,W 2
2010,BOS,2010-05-13,8:00p,,Cleveland Cavaliers,W,,94,85,8,3,W 3
2010,BOS,2010-05-16,3:30p,@,Orlando Magic,W,,92,88,9,3,W 4
2010,BOS,2010-05-18,8:30p,@,Orlando Magic,W,,95,92,10,3,W 5
2010,BOS,2010-05-22,8:30p,,Orlando Magic,W,,94,71,11,3,W 6
2010,BOS,2010-05-24,8:30p,,Orlando Magic,L,OT,92,96,11,4,L 1
2010,BOS,2010-05-26,8:30p,@,Orlando Magic,L,,92,113,11,5,L 2
2010,BOS,2010-05-28,8:30p,,Orlando Magic,W,,96,84,12,5,W 1
2010,BOS,2010-06-03,9:00p,@,Los Angeles Lakers,L,,89,102,12,6,L 1
2010,BOS,2010-06-06,8:00p,@,Los Angeles Lakers,W,,103,94,13,6,W 1
2010,BOS,2010-06-08,9:00p,,Los Angeles Lakers,L,,84,91,13,7,L 1
2010,BOS,2010-06-10,9:00p,,Los Angeles Lakers,W,,96,89,14,7,W 1
2010,BOS,2010-06-13,8:00p,,Los Angeles Lakers,W,,92,86,15,7,W 2
2010,BOS,2010-06-15,9:00p,@,Los Angeles Lakers,L,,67,89,15,8,L 1
2010,BOS,2010-06-17,9:00p,@,Los Angeles Lakers,L,,79,83,15,9,L 2
2010,CHA,2009-10-28,7:30p,@,Boston Celtics,L,,59,92,0,1,L 1
2010,CHA,2009-10-30,7:00p,,New York Knicks,W,2OT,102,100,1,1,W 1
2010,CHA,2009-10-31,7:30p,@,Cleveland Cavaliers,L,,79,90,1,2,L 1
2010,CHA,2009-11-02,7:00p,,New Jersey Nets,W,,79,68,2,2,W 1
2010,CHA,2009-11-06,7:00p,,Atlanta Hawks,W,,103,83,3,2,W 2
2010,CHA,2009-11-07,8:00p,@,Chicago Bulls,L,,90,93,3,3,L 1
2010,CHA,2009-11-10,7:00p,,Orlando Magic,L,,81,93,3,4,L 2
2010,CHA,2009-11-11,7:30p,@,Detroit Pistons,L,,75,98,3,5,L 3
2010,CHA,2009-11-14,7:00p,,Portland Trail Blazers,L,,74,80,3,6,L 4
2010,CHA,2009-11-16,7:00p,@,Orlando Magic,L,,91,97,3,7,L 5
2010,CHA,2009-11-18,7:00p,@,Philadelphia 76ers,L,,84,86,3,8,L 6
2010,CHA,2009-11-20,8:30p,@,Milwaukee Bucks,L,,88,95,3,9,L 7
2010,CHA,2009-11-22,5:00p,,Indiana Pacers,W,,104,88,4,9,W 1
2010,CHA,2009-11-25,7:00p,,Toronto Raptors,W,,116,81,5,9,W 2
2010,CHA,2009-11-27,7:00p,,Cleveland Cavaliers,W,,94,87,6,9,W 3
2010,CHA,2009-11-28,7:00p,@,Washington Wizards,W,,92,76,7,9,W 4
2010,CHA,2009-12-01,7:00p,,Boston Celtics,L,,90,108,7,10,L 1
2010,CHA,2009-12-04,8:00p,@,New Jersey Nets,L,,91,97,7,11,L 2
2010,CHA,2009-12-05,7:00p,,Philadelphia 76ers,W,,106,105,8,11,W 1
2010,CHA,2009-12-08,7:00p,,Denver Nuggets,W,,107,95,9,11,W 2
2010,CHA,2009-12-11,8:30p,@,San Antonio Spurs,L,,85,104,9,12,L 1
2010,CHA,2009-12-12,8:30p,@,Dallas Mavericks,L,OT,97,98,9,13,L 2
2010,CHA,2009-12-15,7:00p,,New York Knicks,W,,94,87,10,13,W 1
2010,CHA,2009-12-16,7:00p,@,Indiana Pacers,L,,98,101,10,14,L 1
2010,CHA,2009-12-19,7:00p,,Utah Jazz,L,,102,110,10,15,L 2
2010,CHA,2009-12-20,7:30p,@,New York Knicks,L,,94,98,10,16,L 3
2010,CHA,2009-12-22,7:00p,,Detroit Pistons,W,,88,76,11,16,W 1
2010,CHA,2009-12-26,8:00p,@,Oklahoma City Thunder,L,,91,98,11,17,L 1
2010,CHA,2009-12-28,7:00p,,Milwaukee Bucks,W,,94,84,12,17,W 1
2010,CHA,2009-12-30,7:00p,@,Toronto Raptors,L,,103,107,12,18,L 1
2010,CHA,2010-01-02,3:30p,@,Miami Heat,W,,107,97,13,18,W 1
2010,CHA,2010-01-03,6:00p,@,Cleveland Cavaliers,W,,91,88,14,18,W 2
2010,CHA,2010-01-05,7:00p,,Chicago Bulls,W,,113,108,15,18,W 3
2010,CHA,2010-01-07,7:30p,@,New York Knicks,L,,93,97,15,19,L 1
2010,CHA,2010-01-09,7:00p,,Memphis Grizzlies,W,,89,87,16,19,W 1
2010,CHA,2010-01-12,7:00p,,Houston Rockets,W,,102,94,17,19,W 2
2010,CHA,2010-01-15,7:00p,,San Antonio Spurs,W,,92,76,18,19,W 3
2010,CHA,2010-01-16,7:00p,,Phoenix Suns,W,,125,99,19,19,W 4
2010,CHA,2010-01-18,2:00p,,Sacramento Kings,W,,105,103,20,19,W 5
2010,CHA,2010-01-20,7:00p,,Miami Heat,W,,104,65,21,19,W 6
2010,CHA,2010-01-22,7:30p,@,Atlanta Hawks,L,,89,103,21,20,L 1
2010,CHA,2010-01-23,7:00p,,Orlando Magic,L,OT,95,106,21,21,L 2
2010,CHA,2010-01-25,9:00p,@,Denver Nuggets,L,,93,104,21,22,L 3
2010,CHA,2010-01-26,9:00p,@,Phoenix Suns,W,OT,114,109,22,22,W 1
2010,CHA,2010-01-29,10:30p,@,Golden State Warriors,W,,121,110,23,22,W 2
2010,CHA,2010-01-30,10:00p,@,Sacramento Kings,W,,103,96,24,22,W 3
2010,CHA,2010-02-01,10:00p,@,Portland Trail Blazers,L,,79,98,24,23,L 1
2010,CHA,2010-02-03,10:30p,@,Los Angeles Lakers,L,,97,99,24,24,L 2
2010,CHA,2010-02-06,7:00p,,New Orleans Hornets,L,,99,104,24,25,L 3
2010,CHA,2010-02-09,7:00p,,Washington Wizards,W,,94,92,25,25,W 1
2010,CHA,2010-02-10,8:00p,@,Minnesota Timberwolves,W,,93,92,26,25,W 2
2010,CHA,2010-02-16,7:00p,,New Jersey Nets,L,,94,103,26,26,L 1
2010,CHA,2010-02-19,7:00p,,Cleveland Cavaliers,W,,110,93,27,26,W 1
2010,CHA,2010-02-20,8:30p,@,Milwaukee Bucks,L,,88,93,27,27,L 1
2010,CHA,2010-02-22,10:30p,@,Los Angeles Clippers,L,,94,98,27,28,L 2
2010,CHA,2010-02-24,9:00p,@,Utah Jazz,L,,93,102,27,29,L 3
2010,CHA,2010-02-26,8:00p,@,Memphis Grizzlies,W,,93,89,28,29,W 1
2010,CHA,2010-03-01,7:00p,,Dallas Mavericks,L,,84,89,28,30,L 1
2010,CHA,2010-03-03,7:30p,@,Boston Celtics,L,,80,104,28,31,L 2
2010,CHA,2010-03-05,7:00p,,Los Angeles Lakers,W,,98,83,29,31,W 1
2010,CHA,2010-03-06,7:00p,,Golden State Warriors,W,,101,90,30,31,W 2
2010,CHA,2010-03-09,7:00p,,Miami Heat,W,,83,78,31,31,W 3
2010,CHA,2010-03-10,7:00p,@,Philadelphia 76ers,W,,102,87,32,31,W 4
2010,CHA,2010-03-12,7:00p,,Los Angeles Clippers,W,,106,98,33,31,W 5
2010,CHA,2010-03-14,6:00p,@,Orlando Magic,W,,96,89,34,31,W 6
2010,CHA,2010-03-16,7:00p,@,Indiana Pacers,L,,94,99,34,32,L 1
2010,CHA,2010-03-17,7:00p,,Oklahoma City Thunder,W,,100,92,35,32,W 1
2010,CHA,2010-03-19,7:30p,@,Atlanta Hawks,L,OT,92,93,35,33,L 1
2010,CHA,2010-03-20,7:30p,@,Miami Heat,L,,71,77,35,34,L 2
2010,CHA,2010-03-23,7:00p,@,Washington Wizards,W,OT,95,86,36,34,W 1
2010,CHA,2010-03-24,7:00p,,Minnesota Timberwolves,W,,108,95,37,34,W 2
2010,CHA,2010-03-26,7:00p,,Washington Wizards,W,,107,96,38,34,W 3
2010,CHA,2010-03-29,7:00p,,Toronto Raptors,L,,101,103,38,35,L 1
2010,CHA,2010-03-31,7:00p,,Philadelphia 76ers,W,,103,84,39,35,W 1
2010,CHA,2010-04-02,7:00p,,Milwaukee Bucks,W,OT,87,86,40,35,W 2
2010,CHA,2010-04-03,8:00p,@,Chicago Bulls,L,,88,96,40,36,L 1
2010,CHA,2010-04-06,7:00p,,Atlanta Hawks,W,,109,100,41,36,W 1
2010,CHA,2010-04-07,8:00p,@,New Orleans Hornets,W,,104,103,42,36,W 2
2010,CHA,2010-04-09,8:30p,@,Houston Rockets,L,,90,97,42,37,L 1
2010,CHA,2010-04-10,7:00p,,Detroit Pistons,W,,99,95,43,37,W 1
2010,CHA,2010-04-12,7:30p,@,New Jersey Nets,W,,105,95,44,37,W 2
2010,CHA,2010-04-14,8:00p,,Chicago Bulls,L,,89,98,44,38,L 1
2010,CHA,2010-04-18,5:30p,@,Orlando Magic,L,,89,98,0,1,L 1
2010,CHA,2010-04-21,7:00p,@,Orlando Magic,L,,77,92,0,2,L 2
2010,CHA,2010-04-24,2:00p,,Orlando Magic,L,,86,90,0,3,L 3
2010,CHA,2010-04-26,8:00p,,Orlando Magic,L,,90,99,0,4,L 4
2010,CHI,2009-10-29,8:00p,,San Antonio Spurs,W,,92,85,1,0,W 1
2010,CHI,2009-10-30,8:00p,@,Boston Celtics,L,,90,118,1,1,L 1
2010,CHI,2009-11-01,6:00p,@,Miami Heat,L,,87,95,1,2,L 2
2010,CHI,2009-11-03,8:00p,,Milwaukee Bucks,W,,83,81,2,2,W 1
2010,CHI,2009-11-05,8:00p,@,Cleveland Cavaliers,W,,86,85,3,2,W 2
2010,CHI,2009-11-07,8:00p,,Charlotte Bobcats,W,,93,90,4,2,W 3
2010,CHI,2009-11-10,8:00p,,Denver Nuggets,L,,89,90,4,3,L 1
2010,CHI,2009-11-11,7:00p,@,Toronto Raptors,L,,89,99,4,4,L 2
2010,CHI,2009-11-14,8:00p,,Philadelphia 76ers,W,,94,88,5,4,W 1
2010,CHI,2009-11-17,10:00p,@,Sacramento Kings,W,,101,87,6,4,W 2
2010,CHI,2009-11-19,10:30p,@,Los Angeles Lakers,L,,93,108,6,5,L 1
2010,CHI,2009-11-21,9:00p,@,Denver Nuggets,L,,93,112,6,6,L 2
2010,CHI,2009-11-23,10:00p,@,Portland Trail Blazers,L,,98,122,6,7,L 3
2010,CHI,2009-11-26,10:30p,@,Utah Jazz,L,,86,105,6,8,L 4
2010,CHI,2009-11-30,8:00p,@,Milwaukee Bucks,L,,97,99,6,9,L 5
2010,CHI,2009-12-02,8:00p,,Detroit Pistons,W,,92,85,7,9,W 1
2010,CHI,2009-12-04,8:00p,@,Cleveland Cavaliers,L,,87,101,7,10,L 1
2010,CHI,2009-12-05,8:00p,,Toronto Raptors,L,,78,110,7,11,L 2
2010,CHI,2009-12-08,8:00p,,New Jersey Nets,L,,101,103,7,12,L 3
2010,CHI,2009-12-09,7:00p,@,Atlanta Hawks,L,,83,118,7,13,L 4
2010,CHI,2009-12-11,8:00p,,Golden State Warriors,W,OT,96,91,8,13,W 1
2010,CHI,2009-12-12,8:00p,,Boston Celtics,L,,80,106,8,14,L 1
2010,CHI,2009-12-15,8:00p,,Los Angeles Lakers,L,,87,96,8,15,L 2
2010,CHI,2009-12-17,8:00p,,New York Knicks,W,,98,89,9,15,W 1
2010,CHI,2009-12-19,8:00p,,Atlanta Hawks,W,OT,101,98,10,15,W 2
2010,CHI,2009-12-21,8:00p,,Sacramento Kings,L,,98,102,10,16,L 1
2010,CHI,2009-12-22,7:30p,@,New York Knicks,L,,81,88,10,17,L 2
2010,CHI,2009-12-26,8:00p,,New Orleans Hornets,W,,96,85,11,17,W 1
2010,CHI,2009-12-29,8:00p,,Indiana Pacers,W,,104,95,12,17,W 2
2010,CHI,2009-12-31,3:00p,@,Detroit Pistons,W,,98,87,13,17,W 3
2010,CHI,2010-01-02,8:00p,,Orlando Magic,W,,101,93,14,17,W 4
2010,CHI,2010-01-04,8:00p,,Oklahoma City Thunder,L,,85,98,14,18,L 1
2010,CHI,2010-01-05,7:00p,@,Charlotte Bobcats,L,,108,113,14,19,L 2
2010,CHI,2010-01-08,8:30p,@,Milwaukee Bucks,L,,93,96,14,20,L 3
2010,CHI,2010-01-09,8:00p,,Minnesota Timberwolves,W,,110,96,15,20,W 1
2010,CHI,2010-01-11,8:00p,,Detroit Pistons,W,,120,87,16,20,W 2
2010,CHI,2010-01-14,8:00p,@,Boston Celtics,W,,96,83,17,20,W 3
2010,CHI,2010-01-15,8:00p,,Washington Wizards,W,2OT,121,119,18,20,W 4
2010,CHI,2010-01-18,4:00p,@,Golden State Warriors,L,,97,114,18,21,L 1
2010,CHI,2010-01-20,10:30p,@,Los Angeles Clippers,L,,97,104,18,22,L 2
2010,CHI,2010-01-22,10:30p,@,Phoenix Suns,W,,115,104,19,22,W 1
2010,CHI,2010-01-23,8:30p,@,Houston Rockets,W,,104,97,20,22,W 2
2010,CHI,2010-01-25,8:30p,@,San Antonio Spurs,W,,98,93,21,22,W 3
2010,CHI,2010-01-27,8:00p,@,Oklahoma City Thunder,W,,96,86,22,22,W 4
2010,CHI,2010-01-29,8:00p,@,New Orleans Hornets,W,OT,108,106,23,22,W 5
2010,CHI,2010-02-02,8:00p,,Los Angeles Clippers,L,,82,90,23,23,L 1
2010,CHI,2010-02-03,7:00p,@,Philadelphia 76ers,L,OT,103,106,23,24,L 2
2010,CHI,2010-02-05,8:00p,@,Atlanta Hawks,L,,81,91,23,25,L 3
2010,CHI,2010-02-06,8:00p,,Miami Heat,W,,95,91,24,25,W 1
2010,CHI,2010-02-09,7:00p,@,Indiana Pacers,W,,109,101,25,25,W 2
2010,CHI,2010-02-10,8:00p,,Orlando Magic,L,,87,107,25,26,L 1
2010,CHI,2010-02-16,8:00p,,New York Knicks,W,,118,85,26,26,W 1
2010,CHI,2010-02-17,7:30p,@,New York Knicks,W,,115,109,27,26,W 2
2010,CHI,2010-02-19,8:00p,@,Minnesota Timberwolves,W,,100,94,28,26,W 3
2010,CHI,2010-02-20,8:00p,,Philadelphia 76ers,W,,122,90,29,26,W 4
2010,CHI,2010-02-22,7:00p,@,Washington Wizards,L,,95,101,29,27,L 1
2010,CHI,2010-02-24,8:00p,,Indiana Pacers,W,,120,110,30,27,W 1
2010,CHI,2010-02-26,8:00p,,Portland Trail Blazers,W,OT,115,111,31,27,W 2
2010,CHI,2010-02-27,7:00p,@,Indiana Pacers,L,,90,100,31,28,L 1
2010,CHI,2010-03-01,8:00p,,Atlanta Hawks,L,,92,116,31,29,L 2
2010,CHI,2010-03-04,8:00p,,Memphis Grizzlies,L,,96,105,31,30,L 3
2010,CHI,2010-03-06,8:00p,,Dallas Mavericks,L,,116,122,31,31,L 4
2010,CHI,2010-03-09,8:00p,,Utah Jazz,L,,108,132,31,32,L 5
2010,CHI,2010-03-11,8:00p,@,Orlando Magic,L,,82,111,31,33,L 6
2010,CHI,2010-03-12,7:30p,@,Miami Heat,L,,95,108,31,34,L 7
2010,CHI,2010-03-16,8:00p,@,Memphis Grizzlies,L,,97,104,31,35,L 8
2010,CHI,2010-03-17,8:30p,@,Dallas Mavericks,L,,106,113,31,36,L 9
2010,CHI,2010-03-19,8:00p,,Cleveland Cavaliers,L,,85,92,31,37,L 10
2010,CHI,2010-03-20,7:00p,@,Philadelphia 76ers,W,,98,84,32,37,W 1
2010,CHI,2010-03-22,8:00p,,Houston Rockets,W,,98,88,33,37,W 2
2010,CHI,2010-03-25,8:00p,,Miami Heat,L,,74,103,33,38,L 1
2010,CHI,2010-03-27,8:00p,,New Jersey Nets,W,,106,83,34,38,W 1
2010,CHI,2010-03-28,6:00p,@,Detroit Pistons,W,,110,103,35,38,W 2
2010,CHI,2010-03-30,8:00p,,Phoenix Suns,L,,105,111,35,39,L 1
2010,CHI,2010-04-02,7:00p,@,Washington Wizards,W,,95,87,36,39,W 1
2010,CHI,2010-04-03,8:00p,,Charlotte Bobcats,W,,96,88,37,39,W 2
2010,CHI,2010-04-06,8:00p,,Milwaukee Bucks,L,,74,79,37,40,L 1
2010,CHI,2010-04-08,8:00p,,Cleveland Cavaliers,W,,109,108,38,40,W 1
2010,CHI,2010-04-09,8:00p,@,New Jersey Nets,L,2OT,116,127,38,41,L 1
2010,CHI,2010-04-11,6:00p,@,Toronto Raptors,W,,104,88,39,41,W 1
2010,CHI,2010-04-13,8:00p,,Boston Celtics,W,,101,93,40,41,W 2
2010,CHI,2010-04-14,8:00p,@,Charlotte Bobcats,W,,98,89,41,41,W 3
2010,CHI,2010-04-17,3:00p,@,Cleveland Cavaliers,L,,83,96,0,1,L 1
2010,CHI,2010-04-19,8:00p,@,Cleveland Cavaliers,L,,102,112,0,2,L 2
2010,CHI,2010-04-22,7:00p,,Cleveland Cavaliers,W,,108,106,1,2,W 1
2010,CHI,2010-04-25,3:30p,,Cleveland Cavaliers,L,,98,121,1,3,L 1
2010,CHI,2010-04-27,8:00p,@,Cleveland Cavaliers,L,,94,96,1,4,L 2
2010,CLE,2009-10-27,7:30p,,Boston Celtics,L,,89,95,0,1,L 1
2010,CLE,2009-10-28,7:00p,@,Toronto Raptors,L,,91,101,0,2,L 2
2010,CLE,2009-10-30,8:00p,@,Minnesota Timberwolves,W,,104,87,1,2,W 1
2010,CLE,2009-10-31,7:30p,,Charlotte Bobcats,W,,90,79,2,2,W 2
2010,CLE,2009-11-03,7:00p,,Washington Wizards,W,,102,90,3,2,W 3
2010,CLE,2009-11-05,8:00p,,Chicago Bulls,L,,85,86,3,3,L 1
2010,CLE,2009-11-06,8:00p,@,New York Knicks,W,,100,91,4,3,W 1
2010,CLE,2009-11-11,8:00p,@,Orlando Magic,W,,102,93,5,3,W 2
2010,CLE,2009-11-12,8:00p,@,Miami Heat,W,,111,104,6,3,W 3
2010,CLE,2009-11-14,7:30p,,Utah Jazz,W,,107,103,7,3,W 4
2010,CLE,2009-11-17,7:00p,,Golden State Warriors,W,,114,108,8,3,W 5
2010,CLE,2009-11-18,7:00p,@,Washington Wizards,L,,91,108,8,4,L 1
2010,CLE,2009-11-20,7:00p,@,Indiana Pacers,W,,105,95,9,4,W 1
2010,CLE,2009-11-21,7:30p,,Philadelphia 76ers,W,,97,91,10,4,W 2
2010,CLE,2009-11-25,8:00p,@,Detroit Pistons,W,,98,88,11,4,W 3
2010,CLE,2009-11-27,7:00p,@,Charlotte Bobcats,L,,87,94,11,5,L 1
2010,CLE,2009-11-28,7:30p,,Dallas Mavericks,W,,111,95,12,5,W 1
2010,CLE,2009-12-02,7:00p,,Phoenix Suns,W,,107,90,13,5,W 2
2010,CLE,2009-12-04,8:00p,,Chicago Bulls,W,,101,87,14,5,W 3
2010,CLE,2009-12-06,3:00p,@,Milwaukee Bucks,W,,101,86,15,5,W 4
2010,CLE,2009-12-08,8:00p,@,Memphis Grizzlies,L,OT,109,111,15,6,L 1
2010,CLE,2009-12-09,8:30p,@,Houston Rockets,L,,85,95,15,7,L 2
2010,CLE,2009-12-11,8:00p,,Portland Trail Blazers,W,,104,99,16,7,W 1
2010,CLE,2009-12-13,7:00p,@,Oklahoma City Thunder,W,,102,89,17,7,W 2
2010,CLE,2009-12-15,7:00p,,New Jersey Nets,W,,99,89,18,7,W 3
2010,CLE,2009-12-16,7:00p,@,Philadelphia 76ers,W,,108,101,19,7,W 4
2010,CLE,2009-12-18,8:00p,,Milwaukee Bucks,W,,85,82,20,7,W 5
2010,CLE,2009-12-20,7:30p,@,Dallas Mavericks,L,,95,102,20,8,L 1
2010,CLE,2009-12-21,9:00p,@,Phoenix Suns,W,,109,91,21,8,W 1
2010,CLE,2009-12-23,10:00p,@,Sacramento Kings,W,OT,117,104,22,8,W 2
2010,CLE,2009-12-25,5:00p,@,Los Angeles Lakers,W,,102,87,23,8,W 3
2010,CLE,2009-12-27,6:00p,,Houston Rockets,W,,108,83,24,8,W 4
2010,CLE,2009-12-29,7:00p,@,Atlanta Hawks,W,,95,84,25,8,W 5
2010,CLE,2009-12-30,7:00p,,Atlanta Hawks,W,,106,101,26,8,W 6
2010,CLE,2010-01-02,1:00p,@,New Jersey Nets,W,,94,86,27,8,W 7
2010,CLE,2010-01-03,6:00p,,Charlotte Bobcats,L,,88,91,27,9,L 1
2010,CLE,2010-01-06,7:00p,,Washington Wizards,W,,121,98,28,9,W 1
2010,CLE,2010-01-08,10:30p,@,Denver Nuggets,L,,97,99,28,10,L 1
2010,CLE,2010-01-10,9:00p,@,Portland Trail Blazers,W,,106,94,29,10,W 1
2010,CLE,2010-01-11,10:30p,@,Golden State Warriors,W,,117,114,30,10,W 2
2010,CLE,2010-01-14,10:30p,@,Utah Jazz,L,,96,97,30,11,L 1
2010,CLE,2010-01-16,10:30p,@,Los Angeles Clippers,W,,102,101,31,11,W 1
2010,CLE,2010-01-19,7:00p,,Toronto Raptors,W,,108,100,32,11,W 2
2010,CLE,2010-01-21,8:00p,,Los Angeles Lakers,W,,93,87,33,11,W 3
2010,CLE,2010-01-23,7:30p,,Oklahoma City Thunder,W,,100,99,34,11,W 4
2010,CLE,2010-01-25,7:30p,@,Miami Heat,W,,92,91,35,11,W 5
2010,CLE,2010-01-27,7:00p,,Minnesota Timberwolves,W,,109,95,36,11,W 6
2010,CLE,2010-01-29,7:00p,@,Indiana Pacers,W,,94,73,37,11,W 7
2010,CLE,2010-01-31,6:00p,,Los Angeles Clippers,W,,114,89,38,11,W 8
2010,CLE,2010-02-02,7:00p,,Memphis Grizzlies,W,,105,89,39,11,W 9
2010,CLE,2010-02-04,8:00p,,Miami Heat,W,,102,86,40,11,W 10
2010,CLE,2010-02-06,7:30p,,New York Knicks,W,,113,106,41,11,W 11
2010,CLE,2010-02-09,7:00p,,New Jersey Nets,W,,104,97,42,11,W 12
2010,CLE,2010-02-11,8:00p,,Orlando Magic,W,,115,106,43,11,W 13
2010,CLE,2010-02-18,8:00p,,Denver Nuggets,L,OT,116,118,43,12,L 1
2010,CLE,2010-02-19,7:00p,@,Charlotte Bobcats,L,,93,110,43,13,L 2
2010,CLE,2010-02-21,1:00p,@,Orlando Magic,L,,95,101,43,14,L 3
2010,CLE,2010-02-23,7:00p,,New Orleans Hornets,W,,105,95,44,14,W 1
2010,CLE,2010-02-25,8:00p,@,Boston Celtics,W,,108,88,45,14,W 2
2010,CLE,2010-02-26,7:00p,@,Toronto Raptors,W,OT,126,118,46,14,W 3
2010,CLE,2010-03-01,7:00p,,New York Knicks,W,,124,93,47,14,W 4
2010,CLE,2010-03-03,7:30p,@,New Jersey Nets,W,,111,92,48,14,W 5
2010,CLE,2010-03-05,7:00p,,Detroit Pistons,W,,99,92,49,14,W 6
2010,CLE,2010-03-06,8:30p,@,Milwaukee Bucks,L,,85,92,49,15,L 1
2010,CLE,2010-03-08,7:00p,,San Antonio Spurs,W,,97,95,50,15,W 1
2010,CLE,2010-03-12,7:00p,@,Philadelphia 76ers,W,,100,95,51,15,W 2
2010,CLE,2010-03-14,3:30p,,Boston Celtics,W,,104,93,52,15,W 3
2010,CLE,2010-03-16,7:30p,@,Detroit Pistons,W,,113,101,53,15,W 4
2010,CLE,2010-03-17,7:00p,,Indiana Pacers,W,,99,94,54,15,W 5
2010,CLE,2010-03-19,8:00p,@,Chicago Bulls,W,,92,85,55,15,W 6
2010,CLE,2010-03-21,6:00p,,Detroit Pistons,W,,104,79,56,15,W 7
2010,CLE,2010-03-24,8:00p,@,New Orleans Hornets,W,,105,92,57,15,W 8
2010,CLE,2010-03-26,8:30p,@,San Antonio Spurs,L,,97,102,57,16,L 1
2010,CLE,2010-03-28,3:00p,,Sacramento Kings,W,,97,90,58,16,W 1
2010,CLE,2010-03-31,7:00p,,Milwaukee Bucks,W,,101,98,59,16,W 2
2010,CLE,2010-04-02,8:00p,,Atlanta Hawks,W,,93,88,60,16,W 3
2010,CLE,2010-04-04,1:00p,@,Boston Celtics,L,,113,117,60,17,L 1
2010,CLE,2010-04-06,7:00p,,Toronto Raptors,W,,113,101,61,17,W 1
2010,CLE,2010-04-08,8:00p,@,Chicago Bulls,L,,108,109,61,18,L 1
2010,CLE,2010-04-09,7:30p,,Indiana Pacers,L,,113,116,61,19,L 2
2010,CLE,2010-04-11,1:00p,,Orlando Magic,L,,92,98,61,20,L 3
2010,CLE,2010-04-14,8:00p,@,Atlanta Hawks,L,,83,99,61,21,L 4
2010,CLE,2010-04-17,3:00p,,Chicago Bulls,W,,96,83,1,0,W 1
2010,CLE,2010-04-19,8:00p,,Chicago Bulls,W,,112,102,2,0,W 2
2010,CLE,2010-04-22,7:00p,@,Chicago Bulls,L,,106,108,2,1,L 1
2010,CLE,2010-04-25,3:30p,@,Chicago Bulls,W,,121,98,3,1,W 1
2010,CLE,2010-04-27,8:00p,,Chicago Bulls,W,,96,94,4,1,W 2
2010,CLE,2010-05-01,8:00p,,Boston Celtics,W,,101,93,5,1,W 3
2010,CLE,2010-05-03,8:00p,,Boston Celtics,L,,86,104,5,2,L 1
2010,CLE,2010-05-07,7:00p,@,Boston Celtics,W,,124,95,6,2,W 1
2010,CLE,2010-05-09,3:30p,@,Boston Celtics,L,,87,97,6,3,L 1
2010,CLE,2010-05-11,8:00p,,Boston Celtics,L,,88,120,6,4,L 2
2010,CLE,2010-05-13,8:00p,@,Boston Celtics,L,,85,94,6,5,L 3
2010,DAL,2009-10-27,8:30p,,Washington Wizards,L,,91,102,0,1,L 1
2010,DAL,2009-10-30,10:30p,@,Los Angeles Lakers,W,,94,80,1,1,W 1
2010,DAL,2009-10-31,10:30p,@,Los Angeles Clippers,W,,93,84,2,1,W 2
2010,DAL,2009-11-03,8:30p,,Utah Jazz,W,,96,85,3,1,W 3
2010,DAL,2009-11-04,9:30p,@,New Orleans Hornets,L,OT,107,114,3,2,L 1
2010,DAL,2009-11-07,8:30p,,Toronto Raptors,W,,129,101,4,2,W 1
2010,DAL,2009-11-10,8:30p,,Houston Rockets,W,,121,103,5,2,W 2
2010,DAL,2009-11-11,8:30p,@,San Antonio Spurs,L,,83,92,5,3,L 1
2010,DAL,2009-11-13,8:00p,@,Minnesota Timberwolves,W,,89,77,6,3,W 1
2010,DAL,2009-11-15,6:00p,@,Detroit Pistons,W,,95,90,7,3,W 2
2010,DAL,2009-11-16,8:00p,@,Milwaukee Bucks,W,OT,115,113,8,3,W 3
2010,DAL,2009-11-18,9:30p,,San Antonio Spurs,W,OT,99,94,9,3,W 4
2010,DAL,2009-11-20,8:30p,,Sacramento Kings,W,,104,102,10,3,W 5
2010,DAL,2009-11-24,8:30p,,Golden State Warriors,L,,103,111,10,4,L 1
2010,DAL,2009-11-25,8:30p,@,Houston Rockets,W,,130,99,11,4,W 1
2010,DAL,2009-11-27,8:00p,@,Indiana Pacers,W,,113,92,12,4,W 2
2010,DAL,2009-11-28,7:30p,@,Cleveland Cavaliers,L,,95,111,12,5,L 1
2010,DAL,2009-11-30,8:30p,,Philadelphia 76ers,W,,104,102,13,5,W 1
2010,DAL,2009-12-02,7:30p,@,New Jersey Nets,W,,117,101,14,5,W 2
2010,DAL,2009-12-04,8:00p,@,Memphis Grizzlies,L,,82,98,14,6,L 1
2010,DAL,2009-12-05,9:00p,,Atlanta Hawks,L,,75,80,14,7,L 2
2010,DAL,2009-12-08,8:30p,,Phoenix Suns,W,,102,101,15,7,W 1
2010,DAL,2009-12-11,7:30p,@,Miami Heat,W,,106,93,16,7,W 2
2010,DAL,2009-12-12,8:30p,,Charlotte Bobcats,W,OT,98,97,17,7,W 3
2010,DAL,2009-12-14,8:30p,,New Orleans Hornets,W,,94,90,18,7,W 4
2010,DAL,2009-12-16,8:00p,@,Oklahoma City Thunder,W,,100,86,19,7,W 5
2010,DAL,2009-12-18,8:30p,,Houston Rockets,L,OT,108,116,19,8,L 1
2010,DAL,2009-12-20,7:30p,,Cleveland Cavaliers,W,,102,95,20,8,W 1
2010,DAL,2009-12-22,8:30p,,Portland Trail Blazers,L,,81,85,20,9,L 1
2010,DAL,2009-12-26,3:00p,,Memphis Grizzlies,W,,106,101,21,9,W 1
2010,DAL,2009-12-27,8:00p,@,Denver Nuggets,W,,104,96,22,9,W 2
2010,DAL,2009-12-31,7:00p,@,Houston Rockets,L,,94,97,22,10,L 1
2010,DAL,2010-01-02,10:00p,@,Sacramento Kings,W,,99,91,23,10,W 1
2010,DAL,2010-01-03,9:30p,@,Los Angeles Lakers,L,,96,131,23,11,L 1
2010,DAL,2010-01-05,8:30p,,Detroit Pistons,W,,98,93,24,11,W 1
2010,DAL,2010-01-08,8:30p,@,San Antonio Spurs,W,,112,103,25,11,W 2
2010,DAL,2010-01-09,8:30p,,Utah Jazz,L,,93,111,25,12,L 1
2010,DAL,2010-01-13,8:30p,,Los Angeles Lakers,L,,95,100,25,13,L 2
2010,DAL,2010-01-15,8:30p,,Oklahoma City Thunder,W,,99,98,26,13,W 1
2010,DAL,2010-01-17,12:30p,@,Toronto Raptors,L,,88,110,26,14,L 1
2010,DAL,2010-01-18,8:00p,@,Boston Celtics,W,,99,90,27,14,W 1
2010,DAL,2010-01-20,7:00p,@,Washington Wizards,W,,94,93,28,14,W 2
2010,DAL,2010-01-22,7:00p,@,Philadelphia 76ers,L,,81,92,28,15,L 1
2010,DAL,2010-01-24,1:00p,@,New York Knicks,W,,128,78,29,15,W 1
2010,DAL,2010-01-26,8:30p,,Milwaukee Bucks,W,,108,107,30,15,W 2
2010,DAL,2010-01-28,10:30p,@,Phoenix Suns,L,,106,112,30,16,L 1
2010,DAL,2010-01-30,9:00p,,Portland Trail Blazers,L,OT,112,114,30,17,L 2
2010,DAL,2010-02-01,9:00p,@,Utah Jazz,L,,92,104,30,18,L 3
2010,DAL,2010-02-03,8:30p,,Golden State Warriors,W,,110,101,31,18,W 1
2010,DAL,2010-02-05,8:30p,,Minnesota Timberwolves,L,,108,117,31,19,L 1
2010,DAL,2010-02-08,10:30p,@,Golden State Warriors,W,,127,117,32,19,W 1
2010,DAL,2010-02-09,9:00p,@,Denver Nuggets,L,,91,127,32,20,L 1
2010,DAL,2010-02-16,8:00p,@,Oklahoma City Thunder,L,,86,99,32,21,L 2
2010,DAL,2010-02-17,9:00p,,Phoenix Suns,W,,107,97,33,21,W 1
2010,DAL,2010-02-19,8:00p,@,Orlando Magic,W,,95,85,34,21,W 2
2010,DAL,2010-02-20,8:30p,,Miami Heat,W,,97,91,35,21,W 3
2010,DAL,2010-02-22,8:30p,,Indiana Pacers,W,,91,82,36,21,W 4
2010,DAL,2010-02-24,9:00p,,Los Angeles Lakers,W,,101,96,37,21,W 5
2010,DAL,2010-02-26,7:00p,@,Atlanta Hawks,W,OT,111,103,38,21,W 6
2010,DAL,2010-02-28,9:30p,,New Orleans Hornets,W,,108,100,39,21,W 7
2010,DAL,2010-03-01,7:00p,@,Charlotte Bobcats,W,,89,84,40,21,W 8
2010,DAL,2010-03-03,8:30p,,Minnesota Timberwolves,W,,112,109,41,21,W 9
2010,DAL,2010-03-05,8:30p,,Sacramento Kings,W,,108,100,42,21,W 10
2010,DAL,2010-03-06,8:00p,@,Chicago Bulls,W,,122,116,43,21,W 11
2010,DAL,2010-03-08,8:00p,@,Minnesota Timberwolves,W,,125,112,44,21,W 12
2010,DAL,2010-03-10,8:30p,,New Jersey Nets,W,,96,87,45,21,W 13
2010,DAL,2010-03-13,8:30p,,New York Knicks,L,,94,128,45,22,L 1
2010,DAL,2010-03-17,8:30p,,Chicago Bulls,W,,113,106,46,22,W 1
2010,DAL,2010-03-20,9:00p,,Boston Celtics,L,,93,102,46,23,L 1
2010,DAL,2010-03-22,8:00p,@,New Orleans Hornets,L,,99,115,46,24,L 2
2010,DAL,2010-03-23,8:30p,,Los Angeles Clippers,W,,106,96,47,24,W 1
2010,DAL,2010-03-25,10:30p,@,Portland Trail Blazers,L,,89,101,47,25,L 1
2010,DAL,2010-03-27,10:30p,@,Golden State Warriors,W,,111,90,48,25,W 1
2010,DAL,2010-03-29,8:30p,,Denver Nuggets,W,,109,93,49,25,W 2
2010,DAL,2010-03-31,8:00p,@,Memphis Grizzlies,W,OT,106,102,50,25,W 3
2010,DAL,2010-04-01,8:00p,,Orlando Magic,L,,82,97,50,26,L 1
2010,DAL,2010-04-03,8:30p,,Oklahoma City Thunder,L,,116,121,50,27,L 2
2010,DAL,2010-04-07,8:30p,,Memphis Grizzlies,W,,110,84,51,27,W 1
2010,DAL,2010-04-09,10:00p,@,Portland Trail Blazers,W,,83,77,52,27,W 2
2010,DAL,2010-04-10,10:00p,@,Sacramento Kings,W,,126,108,53,27,W 3
2010,DAL,2010-04-12,10:30p,@,Los Angeles Clippers,W,,117,94,54,27,W 4
2010,DAL,2010-04-14,8:00p,,San Antonio Spurs,W,,96,89,55,27,W 5
2010,DAL,2010-04-18,8:00p,,San Antonio Spurs,W,,100,94,1,0,W 1
2010,DAL,2010-04-21,9:30p,,San Antonio Spurs,L,,88,102,1,1,L 1
2010,DAL,2010-04-23,9:30p,@,San Antonio Spurs,L,,90,94,1,2,L 2
2010,DAL,2010-04-25,7:00p,@,San Antonio Spurs,L,,89,92,1,3,L 3
2010,DAL,2010-04-27,9:30p,,San Antonio Spurs,W,,103,81,2,3,W 1
2010,DAL,2010-04-29,8:00p,@,San Antonio Spurs,L,,87,97,2,4,L 1
2010,DEN,2009-10-28,10:30p,,Utah Jazz,W,,114,105,1,0,W 1
2010,DEN,2009-10-29,10:30p,@,Portland Trail Blazers,W,,97,94,2,0,W 2
2010,DEN,2009-11-01,8:00p,,Memphis Grizzlies,W,,133,123,3,0,W 3
2010,DEN,2009-11-03,7:00p,@,Indiana Pacers,W,,111,93,4,0,W 4
2010,DEN,2009-11-04,7:30p,@,New Jersey Nets,W,,122,94,5,0,W 5
2010,DEN,2009-11-06,7:30p,@,Miami Heat,L,,88,96,5,1,L 1
2010,DEN,2009-11-07,7:00p,@,Atlanta Hawks,L,,100,125,5,2,L 2
2010,DEN,2009-11-10,8:00p,@,Chicago Bulls,W,,90,89,6,2,W 1
2010,DEN,2009-11-11,8:00p,@,Milwaukee Bucks,L,,102,108,6,3,L 1
2010,DEN,2009-11-13,10:30p,,Los Angeles Lakers,W,,105,79,7,3,W 1
2010,DEN,2009-11-17,9:00p,,Toronto Raptors,W,,130,112,8,3,W 2
2010,DEN,2009-11-20,10:30p,@,Los Angeles Clippers,L,,99,106,8,4,L 1
2010,DEN,2009-11-21,9:00p,,Chicago Bulls,W,,112,93,9,4,W 1
2010,DEN,2009-11-24,9:00p,,New Jersey Nets,W,,101,87,10,4,W 2
2010,DEN,2009-11-25,8:00p,@,Minnesota Timberwolves,W,,124,111,11,4,W 3
2010,DEN,2009-11-27,9:00p,,New York Knicks,W,,128,125,12,4,W 4
2010,DEN,2009-11-29,8:00p,,Minnesota Timberwolves,L,,100,106,12,5,L 1
2010,DEN,2009-12-01,9:00p,,Golden State Warriors,W,,135,107,13,5,W 1
2010,DEN,2009-12-03,10:30p,,Miami Heat,W,,114,96,14,5,W 2
2010,DEN,2009-12-05,8:30p,@,San Antonio Spurs,W,,106,99,15,5,W 3
2010,DEN,2009-12-07,7:00p,@,Philadelphia 76ers,W,,93,83,16,5,W 4
2010,DEN,2009-12-08,7:00p,@,Charlotte Bobcats,L,,95,107,16,6,L 1
2010,DEN,2009-12-10,7:30p,@,Detroit Pistons,L,,99,101,16,7,L 2
2010,DEN,2009-12-12,9:00p,,Phoenix Suns,W,,105,99,17,7,W 1
2010,DEN,2009-12-14,9:00p,,Oklahoma City Thunder,W,,102,93,18,7,W 2
2010,DEN,2009-12-16,9:00p,,Houston Rockets,W,,111,101,19,7,W 3
2010,DEN,2009-12-18,8:00p,@,New Orleans Hornets,L,,92,98,19,8,L 1
2010,DEN,2009-12-20,4:00p,@,Memphis Grizzlies,L,,96,102,19,9,L 2
2010,DEN,2009-12-23,9:00p,,Atlanta Hawks,W,,124,104,20,9,W 1
2010,DEN,2009-12-25,10:30p,@,Portland Trail Blazers,L,,96,107,20,10,L 1
2010,DEN,2009-12-27,8:00p,,Dallas Mavericks,L,,96,104,20,11,L 2
2010,DEN,2009-12-28,10:00p,@,Sacramento Kings,L,,101,106,20,12,L 3
2010,DEN,2010-01-02,9:00p,@,Utah Jazz,W,,105,95,21,12,W 1
2010,DEN,2010-01-03,8:00p,,Philadelphia 76ers,L,,105,108,21,13,L 1
2010,DEN,2010-01-05,9:00p,,Golden State Warriors,W,,123,122,22,13,W 1
2010,DEN,2010-01-08,10:30p,,Cleveland Cavaliers,W,,99,97,23,13,W 2
2010,DEN,2010-01-09,10:00p,@,Sacramento Kings,L,,100,102,23,14,L 1
2010,DEN,2010-01-11,9:00p,,Minnesota Timberwolves,W,,105,94,24,14,W 1
2010,DEN,2010-01-13,9:00p,,Orlando Magic,W,,115,97,25,14,W 2
2010,DEN,2010-01-17,9:00p,,Utah Jazz,W,,119,112,26,14,W 3
2010,DEN,2010-01-20,10:30p,@,Golden State Warriors,W,OT,123,118,27,14,W 4
2010,DEN,2010-01-21,10:30p,,Los Angeles Clippers,W,,105,85,28,14,W 5
2010,DEN,2010-01-23,9:00p,,New Orleans Hornets,W,OT,116,110,29,14,W 6
2010,DEN,2010-01-25,9:00p,,Charlotte Bobcats,W,,104,93,30,14,W 7
2010,DEN,2010-01-27,8:30p,@,Houston Rockets,W,,97,92,31,14,W 8
2010,DEN,2010-01-29,8:00p,@,Oklahoma City Thunder,L,,84,101,31,15,L 1
2010,DEN,2010-01-31,1:00p,@,San Antonio Spurs,W,,103,89,32,15,W 1
2010,DEN,2010-02-01,9:00p,,Sacramento Kings,W,OT,112,109,33,15,W 2
2010,DEN,2010-02-03,10:30p,,Phoenix Suns,L,,97,109,33,16,L 1
2010,DEN,2010-02-05,10:30p,@,Los Angeles Lakers,W,,126,113,34,16,W 1
2010,DEN,2010-02-06,9:00p,@,Utah Jazz,L,,106,116,34,17,L 1
2010,DEN,2010-02-09,9:00p,,Dallas Mavericks,W,,127,91,35,17,W 1
2010,DEN,2010-02-11,10:30p,,San Antonio Spurs,L,,92,111,35,18,L 1
2010,DEN,2010-02-18,8:00p,@,Cleveland Cavaliers,W,OT,118,116,36,18,W 1
2010,DEN,2010-02-19,7:00p,@,Washington Wizards,L,,97,107,36,19,L 1
2010,DEN,2010-02-21,3:30p,,Boston Celtics,W,,114,105,37,19,W 1
2010,DEN,2010-02-25,10:30p,@,Golden State Warriors,W,,127,112,38,19,W 2
2010,DEN,2010-02-26,9:00p,,Detroit Pistons,W,,107,102,39,19,W 3
2010,DEN,2010-02-28,3:30p,@,Los Angeles Lakers,L,,89,95,39,20,L 1
2010,DEN,2010-03-01,9:00p,@,Phoenix Suns,L,,85,101,39,21,L 2
2010,DEN,2010-03-03,9:00p,,Oklahoma City Thunder,W,,119,90,40,21,W 1
2010,DEN,2010-03-05,9:00p,,Indiana Pacers,W,,122,114,41,21,W 2
2010,DEN,2010-03-07,10:30p,,Portland Trail Blazers,W,,118,106,42,21,W 3
2010,DEN,2010-03-10,8:00p,@,Minnesota Timberwolves,W,,110,102,43,21,W 4
2010,DEN,2010-03-12,8:00p,@,New Orleans Hornets,W,,102,95,44,21,W 5
2010,DEN,2010-03-13,8:00p,@,Memphis Grizzlies,W,,125,108,45,21,W 6
2010,DEN,2010-03-15,8:30p,@,Houston Rockets,L,,123,125,45,22,L 1
2010,DEN,2010-03-16,9:00p,,Washington Wizards,W,,97,87,46,22,W 1
2010,DEN,2010-03-18,9:30p,,New Orleans Hornets,W,,93,80,47,22,W 2
2010,DEN,2010-03-20,9:00p,,Milwaukee Bucks,L,,97,102,47,23,L 1
2010,DEN,2010-03-23,7:30p,@,New York Knicks,L,,104,109,47,24,L 2
2010,DEN,2010-03-24,7:00p,@,Boston Celtics,L,,99,113,47,25,L 3
2010,DEN,2010-03-26,7:00p,@,Toronto Raptors,W,,97,96,48,25,W 1
2010,DEN,2010-03-28,6:00p,@,Orlando Magic,L,,97,103,48,26,L 1
2010,DEN,2010-03-29,8:30p,@,Dallas Mavericks,L,,93,109,48,27,L 2
2010,DEN,2010-04-01,10:30p,,Portland Trail Blazers,W,,109,92,49,27,W 1
2010,DEN,2010-04-03,9:00p,,Los Angeles Clippers,W,,98,90,50,27,W 2
2010,DEN,2010-04-07,8:00p,@,Oklahoma City Thunder,W,,98,94,51,27,W 3
2010,DEN,2010-04-08,10:30p,,Los Angeles Lakers,W,,98,96,52,27,W 4
2010,DEN,2010-04-10,9:00p,,San Antonio Spurs,L,,85,104,52,28,L 1
2010,DEN,2010-04-12,9:00p,,Memphis Grizzlies,W,,123,101,53,28,W 1
2010,DEN,2010-04-13,10:30p,@,Phoenix Suns,L,,101,123,53,29,L 1
2010,DEN,2010-04-17,10:30p,,Utah Jazz,W,,126,113,1,0,W 1
2010,DEN,2010-04-19,10:30p,,Utah Jazz,L,,111,114,1,1,L 1
2010,DEN,2010-04-23,10:30p,@,Utah Jazz,L,,93,105,1,2,L 2
2010,DEN,2010-04-25,9:30p,@,Utah Jazz,L,,106,117,1,3,L 3
2010,DEN,2010-04-28,10:30p,,Utah Jazz,W,,116,102,2,3,W 1
2010,DEN,2010-04-30,10:00p,@,Utah Jazz,L,,104,112,2,4,L 1
2010,DET,2009-10-28,8:00p,@,Memphis Grizzlies,W,,96,74,1,0,W 1
2010,DET,2009-10-30,8:00p,,Oklahoma City Thunder,L,,83,91,1,1,L 1
2010,DET,2009-10-31,8:30p,@,Milwaukee Bucks,L,,85,96,1,2,L 2
2010,DET,2009-11-03,7:30p,,Orlando Magic,W,,85,80,2,2,W 1
2010,DET,2009-11-04,7:00p,@,Toronto Raptors,L,,99,110,2,3,L 1
2010,DET,2009-11-06,7:00p,@,Orlando Magic,L,,103,110,2,4,L 2
2010,DET,2009-11-08,1:00p,,Philadelphia 76ers,W,,88,81,3,4,W 1
2010,DET,2009-11-11,7:30p,,Charlotte Bobcats,W,,98,75,4,4,W 2
2010,DET,2009-11-14,7:00p,@,Washington Wizards,W,,106,103,5,4,W 3
2010,DET,2009-11-15,6:00p,,Dallas Mavericks,L,,90,95,5,5,L 1
2010,DET,2009-11-17,10:30p,@,Los Angeles Lakers,L,,93,106,5,6,L 2
2010,DET,2009-11-18,10:00p,@,Portland Trail Blazers,L,,81,87,5,7,L 3
2010,DET,2009-11-21,9:00p,@,Utah Jazz,L,OT,97,100,5,8,L 4
2010,DET,2009-11-22,8:00p,@,Phoenix Suns,L,,91,117,5,9,L 5
2010,DET,2009-11-25,8:00p,,Cleveland Cavaliers,L,,88,98,5,10,L 6
2010,DET,2009-11-27,8:00p,,Los Angeles Clippers,L,,96,104,5,11,L 7
2010,DET,2009-11-29,1:00p,,Atlanta Hawks,W,,94,88,6,11,W 1
2010,DET,2009-12-02,8:00p,@,Chicago Bulls,L,,85,92,6,12,L 1
2010,DET,2009-12-04,8:00p,,Milwaukee Bucks,W,,105,96,7,12,W 1
2010,DET,2009-12-06,6:00p,,Washington Wizards,W,,98,94,8,12,W 2
2010,DET,2009-12-09,7:00p,@,Philadelphia 76ers,W,,90,86,9,12,W 3
2010,DET,2009-12-10,7:30p,,Denver Nuggets,W,,101,99,10,12,W 4
2010,DET,2009-12-12,7:30p,,Golden State Warriors,W,,104,95,11,12,W 5
2010,DET,2009-12-15,8:30p,@,Houston Rockets,L,,96,107,11,13,L 1
2010,DET,2009-12-16,8:00p,@,New Orleans Hornets,L,,87,95,11,14,L 2
2010,DET,2009-12-18,8:00p,@,Oklahoma City Thunder,L,,98,109,11,15,L 3
2010,DET,2009-12-20,6:00p,,Los Angeles Lakers,L,,81,93,11,16,L 4
2010,DET,2009-12-22,7:00p,@,Charlotte Bobcats,L,,76,88,11,17,L 5
2010,DET,2009-12-23,7:30p,,Toronto Raptors,L,,64,94,11,18,L 6
2010,DET,2009-12-27,1:00p,@,Toronto Raptors,L,,95,102,11,19,L 7
2010,DET,2009-12-29,7:30p,,New York Knicks,L,,87,104,11,20,L 8
2010,DET,2009-12-31,3:00p,,Chicago Bulls,L,,87,98,11,21,L 9
2010,DET,2010-01-05,8:30p,@,Dallas Mavericks,L,,93,98,11,22,L 10
2010,DET,2010-01-06,8:30p,@,San Antonio Spurs,L,,92,112,11,23,L 11
2010,DET,2010-01-09,7:30p,,Philadelphia 76ers,L,,94,104,11,24,L 12
2010,DET,2010-01-11,8:00p,@,Chicago Bulls,L,,87,120,11,25,L 13
2010,DET,2010-01-12,7:00p,@,Washington Wizards,W,,99,90,12,25,W 1
2010,DET,2010-01-15,8:00p,,New Orleans Hornets,W,OT,110,104,13,25,W 2
2010,DET,2010-01-16,7:30p,,New York Knicks,W,,94,90,14,25,W 3
2010,DET,2010-01-18,1:00p,@,New York Knicks,L,,91,99,14,26,L 1
2010,DET,2010-01-20,7:30p,,Boston Celtics,W,,92,86,15,26,W 1
2010,DET,2010-01-22,8:00p,,Indiana Pacers,L,,93,105,15,27,L 1
2010,DET,2010-01-23,7:30p,,Portland Trail Blazers,L,,93,97,15,28,L 2
2010,DET,2010-01-27,7:30p,,Memphis Grizzlies,L,,93,99,15,29,L 3
2010,DET,2010-01-29,8:00p,,Miami Heat,L,,65,92,15,30,L 4
2010,DET,2010-01-31,6:00p,,Orlando Magic,L,,86,91,15,31,L 5
2010,DET,2010-02-02,7:30p,@,New Jersey Nets,W,,97,93,16,31,W 1
2010,DET,2010-02-05,7:00p,@,Indiana Pacers,L,,83,107,16,32,L 1
2010,DET,2010-02-06,7:30p,,New Jersey Nets,W,,99,92,17,32,W 1
2010,DET,2010-02-09,8:00p,@,Milwaukee Bucks,W,,93,81,18,32,W 2
2010,DET,2010-02-10,7:30p,,Sacramento Kings,L,,97,103,18,33,L 1
2010,DET,2010-02-16,7:30p,,Minnesota Timberwolves,W,,108,85,19,33,W 1
2010,DET,2010-02-17,7:00p,@,Orlando Magic,L,,91,116,19,34,L 1
2010,DET,2010-02-19,8:00p,,Milwaukee Bucks,L,,85,91,19,35,L 2
2010,DET,2010-02-21,6:00p,,San Antonio Spurs,W,OT,109,101,20,35,W 1
2010,DET,2010-02-23,10:00p,@,Sacramento Kings,W,,101,89,21,35,W 2
2010,DET,2010-02-24,10:30p,@,Los Angeles Clippers,L,,91,97,21,36,L 1
2010,DET,2010-02-26,9:00p,@,Denver Nuggets,L,,102,107,21,37,L 2
2010,DET,2010-02-27,10:30p,@,Golden State Warriors,L,,88,95,21,38,L 3
2010,DET,2010-03-02,7:30p,,Boston Celtics,L,,100,105,21,39,L 4
2010,DET,2010-03-03,7:30p,@,New York Knicks,L,,104,128,21,40,L 5
2010,DET,2010-03-05,7:00p,@,Cleveland Cavaliers,L,,92,99,21,41,L 6
2010,DET,2010-03-07,6:00p,,Houston Rockets,W,OT,110,107,22,41,W 1
2010,DET,2010-03-10,7:30p,,Utah Jazz,L,,104,115,22,42,L 1
2010,DET,2010-03-12,8:00p,,Washington Wizards,W,,101,87,23,42,W 1
2010,DET,2010-03-13,7:00p,@,Atlanta Hawks,L,,99,112,23,43,L 1
2010,DET,2010-03-15,8:00p,@,Boston Celtics,L,,93,119,23,44,L 2
2010,DET,2010-03-16,7:30p,,Cleveland Cavaliers,L,,101,113,23,45,L 3
2010,DET,2010-03-19,7:00p,@,Indiana Pacers,L,,102,106,23,46,L 4
2010,DET,2010-03-21,6:00p,@,Cleveland Cavaliers,L,,79,104,23,47,L 5
2010,DET,2010-03-23,7:30p,,Indiana Pacers,L,,83,98,23,48,L 6
2010,DET,2010-03-26,8:00p,@,New Jersey Nets,L,,110,118,23,49,L 7
2010,DET,2010-03-28,6:00p,,Chicago Bulls,L,,103,110,23,50,L 8
2010,DET,2010-03-31,7:30p,,Miami Heat,L,,81,98,23,51,L 9
2010,DET,2010-04-02,8:00p,,Phoenix Suns,L,,94,109,23,52,L 10
2010,DET,2010-04-03,7:00p,@,Atlanta Hawks,L,,85,91,23,53,L 11
2010,DET,2010-04-06,7:00p,@,Philadelphia 76ers,W,,124,103,24,53,W 1
2010,DET,2010-04-07,7:30p,,Atlanta Hawks,W,,90,88,25,53,W 2
2010,DET,2010-04-09,7:30p,@,Miami Heat,W,,106,99,26,53,W 3
2010,DET,2010-04-10,7:00p,@,Charlotte Bobcats,L,,95,99,26,54,L 1
2010,DET,2010-04-12,7:30p,,Toronto Raptors,L,,97,111,26,55,L 2
2010,DET,2010-04-14,8:00p,@,Minnesota Timberwolves,W,,103,98,27,55,W 1
2010,GSW,2009-10-28,10:30p,,Houston Rockets,L,,107,108,0,1,L 1
2010,GSW,2009-10-30,10:00p,@,Phoenix Suns,L,,101,123,0,2,L 2
2010,GSW,2009-11-04,10:30p,,Memphis Grizzlies,W,,113,105,1,2,W 1
2010,GSW,2009-11-06,10:30p,,Los Angeles Clippers,L,,90,118,1,3,L 1
2010,GSW,2009-11-08,9:00p,@,Sacramento Kings,L,,107,120,1,4,L 2
2010,GSW,2009-11-09,10:30p,,Minnesota Timberwolves,W,,146,105,2,4,W 1
2010,GSW,2009-11-11,7:00p,@,Indiana Pacers,L,,94,108,2,5,L 1
2010,GSW,2009-11-13,7:30p,@,New York Knicks,W,,121,107,3,5,W 1
2010,GSW,2009-11-14,8:30p,@,Milwaukee Bucks,L,,125,129,3,6,L 1
2010,GSW,2009-11-17,7:00p,@,Cleveland Cavaliers,L,,108,114,3,7,L 2
2010,GSW,2009-11-18,7:30p,@,Boston Celtics,L,,95,109,3,8,L 3
2010,GSW,2009-11-20,10:30p,,Portland Trail Blazers,W,,108,94,4,8,W 1
2010,GSW,2009-11-24,8:30p,@,Dallas Mavericks,W,,111,103,5,8,W 2
2010,GSW,2009-11-25,8:30p,@,San Antonio Spurs,L,,104,118,5,9,L 1
2010,GSW,2009-11-28,10:30p,,Los Angeles Lakers,L,,97,130,5,10,L 2
2010,GSW,2009-11-30,10:30p,,Indiana Pacers,W,,126,107,6,10,W 1
2010,GSW,2009-12-01,9:00p,@,Denver Nuggets,L,,107,135,6,11,L 1
2010,GSW,2009-12-03,10:30p,,Houston Rockets,L,,109,111,6,12,L 2
2010,GSW,2009-12-05,10:30p,,Orlando Magic,L,,118,126,6,13,L 3
2010,GSW,2009-12-07,8:00p,@,Oklahoma City Thunder,L,,88,104,6,14,L 4
2010,GSW,2009-12-09,7:30p,@,New Jersey Nets,W,,105,89,7,14,W 1
2010,GSW,2009-12-11,8:00p,@,Chicago Bulls,L,OT,91,96,7,15,L 1
2010,GSW,2009-12-12,7:30p,@,Detroit Pistons,L,,95,104,7,16,L 2
2010,GSW,2009-12-14,7:00p,@,Philadelphia 76ers,L,,101,117,7,17,L 3
2010,GSW,2009-12-16,10:30p,,San Antonio Spurs,L,,91,103,7,18,L 4
2010,GSW,2009-12-18,10:30p,,Washington Wizards,L,,109,118,7,19,L 5
2010,GSW,2009-12-22,8:00p,@,Memphis Grizzlies,L,,108,121,7,20,L 6
2010,GSW,2009-12-23,8:00p,@,New Orleans Hornets,L,,102,108,7,21,L 7
2010,GSW,2009-12-26,10:30p,,Phoenix Suns,W,,132,127,8,21,W 1
2010,GSW,2009-12-28,10:30p,,Boston Celtics,W,,103,99,9,21,W 2
2010,GSW,2009-12-29,10:30p,@,Los Angeles Lakers,L,,118,124,9,22,L 1
2010,GSW,2010-01-02,10:00p,@,Portland Trail Blazers,L,,89,105,9,23,L 2
2010,GSW,2010-01-05,9:00p,@,Denver Nuggets,L,,122,123,9,24,L 3
2010,GSW,2010-01-06,8:00p,@,Minnesota Timberwolves,W,,107,101,10,24,W 1
2010,GSW,2010-01-08,10:30p,,Sacramento Kings,W,,108,101,11,24,W 2
2010,GSW,2010-01-11,10:30p,,Cleveland Cavaliers,L,,114,117,11,25,L 1
2010,GSW,2010-01-13,10:30p,,Miami Heat,L,,102,115,11,26,L 2
2010,GSW,2010-01-15,10:30p,,Milwaukee Bucks,L,,104,113,11,27,L 3
2010,GSW,2010-01-18,4:00p,,Chicago Bulls,W,,114,97,12,27,W 1
2010,GSW,2010-01-20,10:30p,,Denver Nuggets,L,OT,118,123,12,28,L 1
2010,GSW,2010-01-22,10:30p,,New Jersey Nets,W,,111,79,13,28,W 1
2010,GSW,2010-01-23,9:00p,@,Phoenix Suns,L,,103,112,13,29,L 1
2010,GSW,2010-01-26,10:00p,@,Sacramento Kings,L,,96,99,13,30,L 2
2010,GSW,2010-01-27,10:30p,,New Orleans Hornets,L,,110,123,13,31,L 3
2010,GSW,2010-01-29,10:30p,,Charlotte Bobcats,L,,110,121,13,32,L 4
2010,GSW,2010-01-31,7:00p,@,Oklahoma City Thunder,L,,104,112,13,33,L 5
2010,GSW,2010-02-02,8:30p,@,Houston Rockets,L,,97,119,13,34,L 6
2010,GSW,2010-02-03,8:30p,@,Dallas Mavericks,L,,101,110,13,35,L 7
2010,GSW,2010-02-06,10:30p,,Oklahoma City Thunder,L,,95,104,13,36,L 8
2010,GSW,2010-02-08,10:30p,,Dallas Mavericks,L,,117,127,13,37,L 9
2010,GSW,2010-02-10,10:30p,,Los Angeles Clippers,W,,132,102,14,37,W 1
2010,GSW,2010-02-16,10:30p,@,Los Angeles Lakers,L,,94,104,14,38,L 1
2010,GSW,2010-02-17,10:30p,,Sacramento Kings,W,,130,98,15,38,W 1
2010,GSW,2010-02-19,10:30p,,Utah Jazz,L,,89,100,15,39,L 1
2010,GSW,2010-02-21,8:00p,,Atlanta Hawks,W,,108,104,16,39,W 1
2010,GSW,2010-02-23,10:30p,,Philadelphia 76ers,L,,102,110,16,40,L 1
2010,GSW,2010-02-25,10:30p,,Denver Nuggets,L,,112,127,16,41,L 2
2010,GSW,2010-02-27,10:30p,,Detroit Pistons,W,,95,88,17,41,W 1
2010,GSW,2010-03-02,7:30p,@,Miami Heat,L,,106,110,17,42,L 1
2010,GSW,2010-03-03,7:00p,@,Orlando Magic,L,,90,117,17,43,L 2
2010,GSW,2010-03-05,7:30p,@,Atlanta Hawks,L,,122,127,17,44,L 3
2010,GSW,2010-03-06,7:00p,@,Charlotte Bobcats,L,,90,101,17,45,L 4
2010,GSW,2010-03-08,8:00p,@,New Orleans Hornets,L,,131,135,17,46,L 5
2010,GSW,2010-03-11,10:30p,,Portland Trail Blazers,L,,105,110,17,47,L 6
2010,GSW,2010-03-13,10:30p,,Toronto Raptors,W,,124,112,18,47,W 1
2010,GSW,2010-03-15,10:30p,,Los Angeles Lakers,L,,121,124,18,48,L 1
2010,GSW,2010-03-17,10:30p,,New Orleans Hornets,W,,131,121,19,48,W 1
2010,GSW,2010-03-19,8:30p,@,San Antonio Spurs,L,,116,147,19,49,L 1
2010,GSW,2010-03-20,8:00p,@,Memphis Grizzlies,L,,107,123,19,50,L 2
2010,GSW,2010-03-22,10:30p,,Phoenix Suns,L,,131,133,19,51,L 3
2010,GSW,2010-03-24,10:30p,,Memphis Grizzlies,W,,128,110,20,51,W 1
2010,GSW,2010-03-27,10:30p,,Dallas Mavericks,L,,90,111,20,52,L 1
2010,GSW,2010-03-28,9:30p,@,Los Angeles Clippers,W,,121,103,21,52,W 1
2010,GSW,2010-03-31,10:00p,@,Utah Jazz,L,,104,128,21,53,L 1
2010,GSW,2010-04-02,10:30p,,New York Knicks,W,,128,117,22,53,W 1
2010,GSW,2010-04-04,6:00p,@,Toronto Raptors,W,,113,112,23,53,W 2
2010,GSW,2010-04-06,7:00p,@,Washington Wizards,L,,94,112,23,54,L 1
2010,GSW,2010-04-07,8:00p,@,Minnesota Timberwolves,W,,116,107,24,54,W 1
2010,GSW,2010-04-10,10:30p,@,Los Angeles Clippers,L,,104,107,24,55,L 1
2010,GSW,2010-04-11,9:00p,,Oklahoma City Thunder,W,,120,117,25,55,W 1
2010,GSW,2010-04-13,10:30p,,Utah Jazz,L,,94,103,25,56,L 1
2010,GSW,2010-04-14,10:30p,@,Portland Trail Blazers,W,,122,116,26,56,W 1
2010,HOU,2009-10-27,10:00p,@,Portland Trail Blazers,L,,87,96,0,1,L 1
2010,HOU,2009-10-28,10:30p,@,Golden State Warriors,W,,108,107,1,1,W 1
2010,HOU,2009-10-31,8:30p,,Portland Trail Blazers,W,,111,107,2,1,W 2
2010,HOU,2009-11-02,9:00p,@,Utah Jazz,W,,113,96,3,1,W 3
2010,HOU,2009-11-04,8:30p,,Los Angeles Lakers,L,OT,102,103,3,2,L 1
2010,HOU,2009-11-06,8:30p,,Oklahoma City Thunder,W,,105,94,4,2,W 1
2010,HOU,2009-11-10,8:30p,@,Dallas Mavericks,L,,103,121,4,3,L 1
2010,HOU,2009-11-11,8:30p,,Memphis Grizzlies,W,,104,79,5,3,W 1
2010,HOU,2009-11-13,10:00p,@,Sacramento Kings,L,,100,109,5,4,L 1
2010,HOU,2009-11-15,9:30p,@,Los Angeles Lakers,W,,101,91,6,4,W 1
2010,HOU,2009-11-17,8:30p,,Phoenix Suns,L,,105,111,6,5,L 1
2010,HOU,2009-11-18,8:00p,@,Minnesota Timberwolves,W,,97,84,7,5,W 1
2010,HOU,2009-11-20,7:30p,@,Atlanta Hawks,L,,103,105,7,6,L 1
2010,HOU,2009-11-21,8:30p,,Sacramento Kings,W,,113,106,8,6,W 1
2010,HOU,2009-11-25,8:30p,,Dallas Mavericks,L,,99,130,8,7,L 1
2010,HOU,2009-11-27,8:30p,,San Antonio Spurs,L,,84,92,8,8,L 2
2010,HOU,2009-11-29,7:00p,@,Oklahoma City Thunder,W,,100,91,9,8,W 1
2010,HOU,2009-12-02,10:30p,@,Los Angeles Clippers,W,,102,85,10,8,W 2
2010,HOU,2009-12-03,10:30p,@,Golden State Warriors,W,,111,109,11,8,W 3
2010,HOU,2009-12-05,10:00p,@,Portland Trail Blazers,L,,89,90,11,9,L 1
2010,HOU,2009-12-09,8:30p,,Cleveland Cavaliers,W,,95,85,12,9,W 1
2010,HOU,2009-12-11,7:00p,@,Philadelphia 76ers,W,,96,91,13,9,W 2
2010,HOU,2009-12-13,12:30p,@,Toronto Raptors,L,,88,101,13,10,L 1
2010,HOU,2009-12-15,8:30p,,Detroit Pistons,W,,107,96,14,10,W 1
2010,HOU,2009-12-16,9:00p,@,Denver Nuggets,L,,101,111,14,11,L 1
2010,HOU,2009-12-18,8:30p,@,Dallas Mavericks,W,OT,116,108,15,11,W 1
2010,HOU,2009-12-19,8:30p,,Oklahoma City Thunder,W,,95,90,16,11,W 2
2010,HOU,2009-12-22,8:30p,,Los Angeles Clippers,W,,108,99,17,11,W 3
2010,HOU,2009-12-23,7:00p,@,Orlando Magic,L,,87,102,17,12,L 1
2010,HOU,2009-12-26,7:30p,@,New Jersey Nets,W,,98,93,18,12,W 1
2010,HOU,2009-12-27,6:00p,@,Cleveland Cavaliers,L,,83,108,18,13,L 1
2010,HOU,2009-12-29,8:30p,,New Orleans Hornets,W,,108,100,19,13,W 1
2010,HOU,2009-12-31,7:00p,,Dallas Mavericks,W,,97,94,20,13,W 2
2010,HOU,2010-01-02,8:00p,@,New Orleans Hornets,L,,95,99,20,14,L 1
2010,HOU,2010-01-05,10:30p,@,Los Angeles Lakers,L,,79,88,20,15,L 2
2010,HOU,2010-01-06,9:00p,@,Phoenix Suns,L,,110,118,20,16,L 3
2010,HOU,2010-01-09,8:30p,,New York Knicks,W,,105,96,21,16,W 1
2010,HOU,2010-01-12,7:00p,@,Charlotte Bobcats,L,,94,102,21,17,L 1
2010,HOU,2010-01-13,8:30p,,Minnesota Timberwolves,W,3OT,120,114,22,17,W 1
2010,HOU,2010-01-15,8:30p,,Miami Heat,L,,106,115,22,18,L 1
2010,HOU,2010-01-18,3:00p,,Milwaukee Bucks,W,OT,101,98,23,18,W 1
2010,HOU,2010-01-22,8:30p,@,San Antonio Spurs,W,,116,109,24,18,W 2
2010,HOU,2010-01-23,8:30p,,Chicago Bulls,L,,97,104,24,19,L 1
2010,HOU,2010-01-25,8:30p,,Atlanta Hawks,L,,95,102,24,20,L 2
2010,HOU,2010-01-27,8:30p,,Denver Nuggets,L,,92,97,24,21,L 3
2010,HOU,2010-01-29,8:30p,,Portland Trail Blazers,W,,104,100,25,21,W 1
2010,HOU,2010-01-31,7:00p,,Phoenix Suns,L,OT,111,115,25,22,L 1
2010,HOU,2010-02-02,8:30p,,Golden State Warriors,W,,119,97,26,22,W 1
2010,HOU,2010-02-05,8:00p,@,Memphis Grizzlies,W,,101,83,27,22,W 2
2010,HOU,2010-02-06,8:30p,,Philadelphia 76ers,L,,95,102,27,23,L 1
2010,HOU,2010-02-09,7:30p,@,Miami Heat,L,,66,99,27,24,L 2
2010,HOU,2010-02-16,8:30p,,Utah Jazz,L,,95,104,27,25,L 3
2010,HOU,2010-02-17,8:00p,@,Milwaukee Bucks,W,,127,99,28,25,W 1
2010,HOU,2010-02-20,8:30p,,Indiana Pacers,L,,115,125,28,26,L 1
2010,HOU,2010-02-21,7:00p,@,New Orleans Hornets,L,,94,102,28,27,L 2
2010,HOU,2010-02-24,8:30p,,Orlando Magic,L,,92,110,28,28,L 3
2010,HOU,2010-02-26,8:30p,,San Antonio Spurs,W,,109,104,29,28,W 1
2010,HOU,2010-02-27,9:00p,@,Utah Jazz,L,,110,133,29,29,L 1
2010,HOU,2010-03-01,8:30p,,Toronto Raptors,W,,116,92,30,29,W 1
2010,HOU,2010-03-03,8:30p,,Sacramento Kings,L,,81,84,30,30,L 1
2010,HOU,2010-03-06,8:00p,@,Minnesota Timberwolves,W,,112,98,31,30,W 1
2010,HOU,2010-03-07,6:00p,@,Detroit Pistons,L,OT,107,110,31,31,L 1
2010,HOU,2010-03-09,7:00p,@,Washington Wizards,W,,96,88,32,31,W 1
2010,HOU,2010-03-13,8:30p,,New Jersey Nets,W,,116,108,33,31,W 2
2010,HOU,2010-03-15,8:30p,,Denver Nuggets,W,,125,123,34,31,W 3
2010,HOU,2010-03-17,8:30p,,Memphis Grizzlies,W,,107,94,35,31,W 4
2010,HOU,2010-03-19,8:30p,,Boston Celtics,L,,87,94,35,32,L 1
2010,HOU,2010-03-21,1:00p,@,New York Knicks,W,,116,112,36,32,W 1
2010,HOU,2010-03-22,8:00p,@,Chicago Bulls,L,,88,98,36,33,L 1
2010,HOU,2010-03-24,8:00p,@,Oklahoma City Thunder,L,,104,122,36,34,L 2
2010,HOU,2010-03-25,8:30p,,Los Angeles Clippers,L,,93,99,36,35,L 3
2010,HOU,2010-03-27,8:30p,,Los Angeles Lakers,L,,101,109,36,36,L 4
2010,HOU,2010-03-30,8:30p,,Washington Wizards,W,,98,94,37,36,W 1
2010,HOU,2010-03-31,8:30p,@,San Antonio Spurs,L,,102,119,37,37,L 1
2010,HOU,2010-04-02,7:30p,@,Boston Celtics,W,OT,119,114,38,37,W 1
2010,HOU,2010-04-04,6:00p,@,Indiana Pacers,L,,102,133,38,38,L 1
2010,HOU,2010-04-06,8:00p,@,Memphis Grizzlies,W,,113,103,39,38,W 1
2010,HOU,2010-04-07,8:00p,,Utah Jazz,W,,113,96,40,38,W 2
2010,HOU,2010-04-09,8:30p,,Charlotte Bobcats,W,,97,90,41,38,W 3
2010,HOU,2010-04-11,9:00p,@,Phoenix Suns,L,,106,116,41,39,L 1
2010,HOU,2010-04-12,10:00p,@,Sacramento Kings,W,,117,107,42,39,W 1
2010,HOU,2010-04-14,8:00p,,New Orleans Hornets,L,,115,123,42,40,L 1
2010,IND,2009-10-28,7:00p,@,Atlanta Hawks,L,,109,120,0,1,L 1
2010,IND,2009-10-30,8:00p,,Miami Heat,L,,83,96,0,2,L 2
2010,IND,2009-11-03,7:00p,,Denver Nuggets,L,,93,111,0,3,L 3
2010,IND,2009-11-04,7:30p,@,New York Knicks,W,,101,89,1,3,W 1
2010,IND,2009-11-06,7:00p,,Washington Wizards,W,,102,86,2,3,W 2
2010,IND,2009-11-11,7:00p,,Golden State Warriors,W,,108,94,3,3,W 3
2010,IND,2009-11-14,7:00p,,Boston Celtics,W,,113,104,4,3,W 4
2010,IND,2009-11-17,7:30p,@,New Jersey Nets,W,,91,83,5,3,W 5
2010,IND,2009-11-18,7:00p,,New York Knicks,L,,103,110,5,4,L 1
2010,IND,2009-11-20,7:00p,,Cleveland Cavaliers,L,,95,105,5,5,L 2
2010,IND,2009-11-22,5:00p,@,Charlotte Bobcats,L,,88,104,5,6,L 3
2010,IND,2009-11-24,7:00p,@,Toronto Raptors,L,,112,123,5,7,L 4
2010,IND,2009-11-25,7:00p,,Los Angeles Clippers,W,,86,73,6,7,W 1
2010,IND,2009-11-27,8:00p,,Dallas Mavericks,L,,92,113,6,8,L 1
2010,IND,2009-11-30,10:30p,@,Golden State Warriors,L,,107,126,6,9,L 2
2010,IND,2009-12-02,10:00p,@,Sacramento Kings,L,,105,110,6,10,L 3
2010,IND,2009-12-04,9:00p,@,Utah Jazz,L,,87,96,6,11,L 4
2010,IND,2009-12-05,10:30p,@,Los Angeles Clippers,L,,72,88,6,12,L 5
2010,IND,2009-12-09,7:00p,,Portland Trail Blazers,L,,91,102,6,13,L 6
2010,IND,2009-12-11,7:00p,,New Jersey Nets,W,,107,91,7,13,W 1
2010,IND,2009-12-12,7:00p,@,Washington Wizards,W,,114,113,8,13,W 2
2010,IND,2009-12-14,7:00p,@,Orlando Magic,L,,98,106,8,14,L 1
2010,IND,2009-12-16,7:00p,,Charlotte Bobcats,W,,101,98,9,14,W 1
2010,IND,2009-12-18,8:00p,@,Memphis Grizzlies,L,,94,107,9,15,L 1
2010,IND,2009-12-19,8:30p,@,San Antonio Spurs,L,,99,100,9,16,L 2
2010,IND,2009-12-21,7:00p,,Milwaukee Bucks,L,,81,84,9,17,L 3
2010,IND,2009-12-22,7:30p,@,Boston Celtics,L,,94,103,9,18,L 4
2010,IND,2009-12-26,7:00p,,Atlanta Hawks,L,,98,110,9,19,L 5
2010,IND,2009-12-27,6:00p,@,Miami Heat,L,,80,114,9,20,L 6
2010,IND,2009-12-29,8:00p,@,Chicago Bulls,L,,95,104,9,21,L 7
2010,IND,2009-12-30,7:00p,,Memphis Grizzlies,L,,110,121,9,22,L 8
2010,IND,2010-01-02,7:00p,,Minnesota Timberwolves,W,,122,111,10,22,W 1
2010,IND,2010-01-03,6:00p,@,New York Knicks,L,,89,132,10,23,L 1
2010,IND,2010-01-05,7:00p,,Orlando Magic,W,,97,90,11,23,W 1
2010,IND,2010-01-08,8:00p,@,Minnesota Timberwolves,L,,109,116,11,24,L 1
2010,IND,2010-01-09,8:00p,@,Oklahoma City Thunder,L,,102,108,11,25,L 2
2010,IND,2010-01-11,7:00p,,Toronto Raptors,W,,105,101,12,25,W 1
2010,IND,2010-01-13,7:00p,,Phoenix Suns,W,,122,114,13,25,W 2
2010,IND,2010-01-15,8:00p,@,New Jersey Nets,W,,121,105,14,25,W 3
2010,IND,2010-01-16,6:00p,,New Orleans Hornets,L,,96,101,14,26,L 1
2010,IND,2010-01-19,7:30p,@,Miami Heat,L,,83,113,14,27,L 2
2010,IND,2010-01-20,7:00p,@,Orlando Magic,L,,98,109,14,28,L 3
2010,IND,2010-01-22,8:00p,@,Detroit Pistons,W,,105,93,15,28,W 1
2010,IND,2010-01-23,7:00p,,Philadelphia 76ers,L,,97,107,15,29,L 1
2010,IND,2010-01-25,7:00p,@,Philadelphia 76ers,W,,109,98,16,29,W 1
2010,IND,2010-01-27,7:00p,,Los Angeles Lakers,L,,96,118,16,30,L 1
2010,IND,2010-01-29,7:00p,,Cleveland Cavaliers,L,,73,94,16,31,L 2
2010,IND,2010-01-31,6:00p,@,Toronto Raptors,L,,102,117,16,32,L 3
2010,IND,2010-02-02,7:00p,,Toronto Raptors,W,,130,115,17,32,W 1
2010,IND,2010-02-05,7:00p,,Detroit Pistons,W,,107,83,18,32,W 2
2010,IND,2010-02-06,8:30p,@,Milwaukee Bucks,L,,81,93,18,33,L 1
2010,IND,2010-02-09,7:00p,,Chicago Bulls,L,,101,109,18,34,L 2
2010,IND,2010-02-17,7:00p,,San Antonio Spurs,L,,87,90,18,35,L 3
2010,IND,2010-02-19,8:00p,@,New Orleans Hornets,L,,101,107,18,36,L 4
2010,IND,2010-02-20,8:30p,@,Houston Rockets,W,,125,115,19,36,W 1
2010,IND,2010-02-22,8:30p,@,Dallas Mavericks,L,,82,91,19,37,L 1
2010,IND,2010-02-24,8:00p,@,Chicago Bulls,L,,110,120,19,38,L 2
2010,IND,2010-02-25,7:00p,,Milwaukee Bucks,L,,110,112,19,39,L 3
2010,IND,2010-02-27,7:00p,,Chicago Bulls,W,,100,90,20,39,W 1
2010,IND,2010-03-02,10:30p,@,Los Angeles Lakers,L,,99,122,20,40,L 1
2010,IND,2010-03-03,10:00p,@,Portland Trail Blazers,L,,79,102,20,41,L 2
2010,IND,2010-03-05,9:00p,@,Denver Nuggets,L,,114,122,20,42,L 3
2010,IND,2010-03-06,9:00p,@,Phoenix Suns,L,,105,113,20,43,L 4
2010,IND,2010-03-09,7:00p,,Philadelphia 76ers,W,,107,96,21,43,W 1
2010,IND,2010-03-12,7:30p,@,Boston Celtics,L,,103,122,21,44,L 1
2010,IND,2010-03-14,1:00p,@,Milwaukee Bucks,L,,94,98,21,45,L 2
2010,IND,2010-03-16,7:00p,,Charlotte Bobcats,W,,99,94,22,45,W 1
2010,IND,2010-03-17,7:00p,@,Cleveland Cavaliers,L,,94,99,22,46,L 1
2010,IND,2010-03-19,7:00p,,Detroit Pistons,W,,106,102,23,46,W 1
2010,IND,2010-03-21,2:30p,,Oklahoma City Thunder,W,,121,101,24,46,W 2
2010,IND,2010-03-23,7:30p,@,Detroit Pistons,W,,98,83,25,46,W 3
2010,IND,2010-03-24,7:00p,,Washington Wizards,W,,99,82,26,46,W 4
2010,IND,2010-03-26,7:00p,,Utah Jazz,W,,122,106,27,46,W 5
2010,IND,2010-03-28,3:30p,@,Atlanta Hawks,L,,84,94,27,47,L 1
2010,IND,2010-03-30,7:00p,,Sacramento Kings,W,,102,95,28,47,W 1
2010,IND,2010-04-02,7:00p,,Miami Heat,L,OT,96,105,28,48,L 1
2010,IND,2010-04-04,6:00p,,Houston Rockets,W,,133,102,29,48,W 1
2010,IND,2010-04-07,7:00p,,New York Knicks,W,,113,105,30,48,W 2
2010,IND,2010-04-09,7:30p,@,Cleveland Cavaliers,W,,116,113,31,48,W 3
2010,IND,2010-04-10,7:00p,,New Jersey Nets,W,,115,102,32,48,W 4
2010,IND,2010-04-12,7:00p,,Orlando Magic,L,,98,118,32,49,L 1
2010,IND,2010-04-14,8:00p,@,Washington Wizards,L,,97,98,32,50,L 2
2010,LAC,2009-10-27,10:30p,@,Los Angeles Lakers,L,,92,99,0,1,L 1
2010,LAC,2009-10-28,10:30p,,Phoenix Suns,L,,107,109,0,2,L 2
2010,LAC,2009-10-30,9:00p,@,Utah Jazz,L,,98,111,0,3,L 3
2010,LAC,2009-10-31,10:30p,,Dallas Mavericks,L,,84,93,0,4,L 4
2010,LAC,2009-11-02,10:30p,,Minnesota Timberwolves,W,,93,90,1,4,W 1
2010,LAC,2009-11-06,10:30p,@,Golden State Warriors,W,,118,90,2,4,W 2
2010,LAC,2009-11-07,10:30p,,Memphis Grizzlies,W,,113,110,3,4,W 3
2010,LAC,2009-11-09,10:30p,,New Orleans Hornets,L,,84,112,3,5,L 1
2010,LAC,2009-11-11,10:30p,,Oklahoma City Thunder,L,,79,83,3,6,L 2
2010,LAC,2009-11-13,10:30p,,Toronto Raptors,L,,89,104,3,7,L 3
2010,LAC,2009-11-15,7:00p,@,Oklahoma City Thunder,W,,101,93,4,7,W 1
2010,LAC,2009-11-17,8:00p,@,New Orleans Hornets,L,,102,110,4,8,L 1
2010,LAC,2009-11-18,8:00p,@,Memphis Grizzlies,L,,91,106,4,9,L 2
2010,LAC,2009-11-20,10:30p,,Denver Nuggets,W,,106,99,5,9,W 1
2010,LAC,2009-11-23,10:30p,,Minnesota Timberwolves,W,,91,87,6,9,W 2
2010,LAC,2009-11-25,7:00p,@,Indiana Pacers,L,,73,86,6,10,L 1
2010,LAC,2009-11-27,8:00p,@,Detroit Pistons,W,,104,96,7,10,W 1
2010,LAC,2009-11-29,3:30p,,Memphis Grizzlies,W,,98,88,8,10,W 2
2010,LAC,2009-12-02,10:30p,,Houston Rockets,L,,85,102,8,11,L 1
2010,LAC,2009-12-05,10:30p,,Indiana Pacers,W,,88,72,9,11,W 1
2010,LAC,2009-12-08,10:30p,,Orlando Magic,L,,86,97,9,12,L 1
2010,LAC,2009-12-13,9:30p,,San Antonio Spurs,L,,90,115,9,13,L 2
2010,LAC,2009-12-14,10:30p,,Washington Wizards,W,,97,95,10,13,W 1
2010,LAC,2009-12-16,8:00p,@,Minnesota Timberwolves,W,,120,95,11,13,W 2
2010,LAC,2009-12-18,8:00p,@,New York Knicks,L,,91,95,11,14,L 1
2010,LAC,2009-12-19,7:30p,@,Philadelphia 76ers,W,OT,112,107,12,14,W 1
2010,LAC,2009-12-21,8:30p,@,San Antonio Spurs,L,,87,103,12,15,L 1
2010,LAC,2009-12-22,8:30p,@,Houston Rockets,L,,99,108,12,16,L 2
2010,LAC,2009-12-25,8:00p,@,Phoenix Suns,L,,93,124,12,17,L 3
2010,LAC,2009-12-27,9:30p,,Boston Celtics,W,,92,90,13,17,W 1
2010,LAC,2009-12-30,10:00p,@,Portland Trail Blazers,L,,99,103,13,18,L 1
2010,LAC,2009-12-31,9:30p,,Philadelphia 76ers,W,,104,88,14,18,W 1
2010,LAC,2010-01-04,10:30p,,Portland Trail Blazers,W,,105,95,15,18,W 2
2010,LAC,2010-01-06,10:30p,,Los Angeles Lakers,W,,102,91,16,18,W 3
2010,LAC,2010-01-10,3:30p,,Miami Heat,W,,94,84,17,18,W 4
2010,LAC,2010-01-12,8:00p,@,Memphis Grizzlies,L,,102,104,17,19,L 1
2010,LAC,2010-01-13,8:00p,@,New Orleans Hornets,L,,94,108,17,20,L 2
2010,LAC,2010-01-15,10:30p,@,Los Angeles Lakers,L,,86,126,17,21,L 3
2010,LAC,2010-01-16,10:30p,,Cleveland Cavaliers,L,,101,102,17,22,L 4
2010,LAC,2010-01-18,3:30p,,New Jersey Nets,W,,106,95,18,22,W 1
2010,LAC,2010-01-20,10:30p,,Chicago Bulls,W,,104,97,19,22,W 2
2010,LAC,2010-01-21,10:30p,@,Denver Nuggets,L,,85,105,19,23,L 1
2010,LAC,2010-01-24,1:00p,@,Washington Wizards,W,,92,78,20,23,W 1
2010,LAC,2010-01-25,7:30p,@,Boston Celtics,L,,89,95,20,24,L 1
2010,LAC,2010-01-27,7:30p,@,New Jersey Nets,L,,87,103,20,25,L 2
2010,LAC,2010-01-29,8:00p,@,Minnesota Timberwolves,L,,97,111,20,26,L 3
2010,LAC,2010-01-31,6:00p,@,Cleveland Cavaliers,L,,89,114,20,27,L 4
2010,LAC,2010-02-02,8:00p,@,Chicago Bulls,W,,90,82,21,27,W 1
2010,LAC,2010-02-03,7:00p,@,Atlanta Hawks,L,,97,103,21,28,L 1
2010,LAC,2010-02-06,10:30p,,San Antonio Spurs,L,,81,98,21,29,L 2
2010,LAC,2010-02-09,10:30p,,Utah Jazz,L,,99,109,21,30,L 3
2010,LAC,2010-02-10,10:30p,@,Golden State Warriors,L,,102,132,21,31,L 4
2010,LAC,2010-02-16,10:00p,@,Portland Trail Blazers,L,,87,109,21,32,L 5
2010,LAC,2010-02-17,10:30p,,Atlanta Hawks,L,,92,110,21,33,L 6
2010,LAC,2010-02-20,10:30p,,Sacramento Kings,W,,99,89,22,33,W 1
2010,LAC,2010-02-22,10:30p,,Charlotte Bobcats,W,,98,94,23,33,W 2
2010,LAC,2010-02-24,10:30p,,Detroit Pistons,W,,97,91,24,33,W 3
2010,LAC,2010-02-26,9:00p,@,Phoenix Suns,L,,112,125,24,34,L 1
2010,LAC,2010-02-28,9:00p,@,Sacramento Kings,L,,92,97,24,35,L 2
2010,LAC,2010-03-01,10:30p,,Utah Jazz,W,,108,104,25,35,W 1
2010,LAC,2010-03-03,10:30p,,Phoenix Suns,L,,101,127,25,36,L 1
2010,LAC,2010-03-05,10:30p,,Oklahoma City Thunder,L,,87,104,25,37,L 2
2010,LAC,2010-03-06,9:00p,@,Utah Jazz,L,,85,107,25,38,L 3
2010,LAC,2010-03-09,7:00p,@,Orlando Magic,L,,87,113,25,39,L 4
2010,LAC,2010-03-10,7:30p,@,Miami Heat,L,,97,108,25,40,L 5
2010,LAC,2010-03-12,7:00p,@,Charlotte Bobcats,L,,98,106,25,41,L 6
2010,LAC,2010-03-13,8:30p,@,San Antonio Spurs,L,,88,118,25,42,L 7
2010,LAC,2010-03-15,10:30p,,New Orleans Hornets,L,,100,108,25,43,L 8
2010,LAC,2010-03-17,10:30p,,Milwaukee Bucks,W,,101,93,26,43,W 1
2010,LAC,2010-03-21,3:30p,,Sacramento Kings,L,,89,102,26,44,L 1
2010,LAC,2010-03-23,8:30p,@,Dallas Mavericks,L,,96,106,26,45,L 2
2010,LAC,2010-03-25,8:30p,@,Houston Rockets,W,,99,93,27,45,W 1
2010,LAC,2010-03-28,9:30p,,Golden State Warriors,L,,103,121,27,46,L 1
2010,LAC,2010-03-30,8:00p,@,Milwaukee Bucks,L,,89,107,27,47,L 2
2010,LAC,2010-03-31,7:00p,@,Toronto Raptors,L,,92,114,27,48,L 3
2010,LAC,2010-04-03,9:00p,@,Denver Nuggets,L,,90,98,27,49,L 4
2010,LAC,2010-04-04,9:30p,,New York Knicks,L,,107,113,27,50,L 5
2010,LAC,2010-04-07,10:30p,,Portland Trail Blazers,L,,85,93,27,51,L 6
2010,LAC,2010-04-08,10:00p,@,Sacramento Kings,L,,94,116,27,52,L 7
2010,LAC,2010-04-10,10:30p,,Golden State Warriors,W,,107,104,28,52,W 1
2010,LAC,2010-04-12,10:30p,,Dallas Mavericks,L,,94,117,28,53,L 1
2010,LAC,2010-04-14,10:30p,,Los Angeles Lakers,W,,107,91,29,53,W 1
2010,LAL,2009-10-27,10:30p,,Los Angeles Clippers,W,,99,92,1,0,W 1
2010,LAL,2009-10-30,10:30p,,Dallas Mavericks,L,,80,94,1,1,L 1
2010,LAL,2009-11-01,9:30p,,Atlanta Hawks,W,,118,110,2,1,W 1
2010,LAL,2009-11-03,8:00p,@,Oklahoma City Thunder,W,OT,101,98,3,1,W 2
2010,LAL,2009-11-04,8:30p,@,Houston Rockets,W,OT,103,102,4,1,W 3
2010,LAL,2009-11-06,10:30p,,Memphis Grizzlies,W,,114,98,5,1,W 4
2010,LAL,2009-11-08,9:30p,,New Orleans Hornets,W,,104,88,6,1,W 5
2010,LAL,2009-11-12,10:30p,,Phoenix Suns,W,,121,102,7,1,W 6
2010,LAL,2009-11-13,10:30p,@,Denver Nuggets,L,,79,105,7,2,L 1
2010,LAL,2009-11-15,9:30p,,Houston Rockets,L,,91,101,7,3,L 2
2010,LAL,2009-11-17,10:30p,,Detroit Pistons,W,,106,93,8,3,W 1
2010,LAL,2009-11-19,10:30p,,Chicago Bulls,W,,108,93,9,3,W 2
2010,LAL,2009-11-22,9:30p,,Oklahoma City Thunder,W,,101,85,10,3,W 3
2010,LAL,2009-11-24,10:30p,,New York Knicks,W,,100,90,11,3,W 4
2010,LAL,2009-11-28,10:30p,@,Golden State Warriors,W,,130,97,12,3,W 5
2010,LAL,2009-11-29,9:30p,,New Jersey Nets,W,,106,87,13,3,W 6
2010,LAL,2009-12-01,10:30p,,New Orleans Hornets,W,,110,99,14,3,W 7
2010,LAL,2009-12-04,10:30p,,Miami Heat,W,,108,107,15,3,W 8
2010,LAL,2009-12-06,9:30p,,Phoenix Suns,W,,108,88,16,3,W 9
2010,LAL,2009-12-09,10:30p,,Utah Jazz,W,,101,77,17,3,W 10
2010,LAL,2009-12-11,10:30p,,Minnesota Timberwolves,W,,104,92,18,3,W 11
2010,LAL,2009-12-12,9:00p,@,Utah Jazz,L,,94,102,18,4,L 1
2010,LAL,2009-12-15,8:00p,@,Chicago Bulls,W,,96,87,19,4,W 1
2010,LAL,2009-12-16,8:00p,@,Milwaukee Bucks,W,OT,107,106,20,4,W 2
2010,LAL,2009-12-19,8:00p,@,New Jersey Nets,W,,103,84,21,4,W 3
2010,LAL,2009-12-20,6:00p,@,Detroit Pistons,W,,93,81,22,4,W 4
2010,LAL,2009-12-22,10:30p,,Oklahoma City Thunder,W,,111,108,23,4,W 5
2010,LAL,2009-12-25,5:00p,,Cleveland Cavaliers,L,,87,102,23,5,L 1
2010,LAL,2009-12-26,10:00p,@,Sacramento Kings,W,2OT,112,103,24,5,W 1
2010,LAL,2009-12-28,9:00p,@,Phoenix Suns,L,,103,118,24,6,L 1
2010,LAL,2009-12-29,10:30p,,Golden State Warriors,W,,124,118,25,6,W 1
2010,LAL,2010-01-01,10:30p,,Sacramento Kings,W,,109,108,26,6,W 2
2010,LAL,2010-01-03,9:30p,,Dallas Mavericks,W,,131,96,27,6,W 3
2010,LAL,2010-01-05,10:30p,,Houston Rockets,W,,88,79,28,6,W 4
2010,LAL,2010-01-06,10:30p,@,Los Angeles Clippers,L,,91,102,28,7,L 1
2010,LAL,2010-01-08,10:00p,@,Portland Trail Blazers,L,,98,107,28,8,L 2
2010,LAL,2010-01-10,9:30p,,Milwaukee Bucks,W,,95,77,29,8,W 1
2010,LAL,2010-01-12,8:30p,@,San Antonio Spurs,L,,85,105,29,9,L 1
2010,LAL,2010-01-13,8:30p,@,Dallas Mavericks,W,,100,95,30,9,W 1
2010,LAL,2010-01-15,10:30p,,Los Angeles Clippers,W,,126,86,31,9,W 2
2010,LAL,2010-01-18,10:30p,,Orlando Magic,W,,98,92,32,9,W 3
2010,LAL,2010-01-21,8:00p,@,Cleveland Cavaliers,L,,87,93,32,10,L 1
2010,LAL,2010-01-22,8:00p,@,New York Knicks,W,,115,105,33,10,W 1
2010,LAL,2010-01-24,6:00p,@,Toronto Raptors,L,,105,106,33,11,L 1
2010,LAL,2010-01-26,7:00p,@,Washington Wizards,W,,115,103,34,11,W 1
2010,LAL,2010-01-27,7:00p,@,Indiana Pacers,W,,118,96,35,11,W 2
2010,LAL,2010-01-29,7:00p,@,Philadelphia 76ers,W,,99,91,36,11,W 3
2010,LAL,2010-01-31,3:30p,@,Boston Celtics,W,,90,89,37,11,W 4
2010,LAL,2010-02-01,8:00p,@,Memphis Grizzlies,L,,93,95,37,12,L 1
2010,LAL,2010-02-03,10:30p,,Charlotte Bobcats,W,,99,97,38,12,W 1
2010,LAL,2010-02-05,10:30p,,Denver Nuggets,L,,113,126,38,13,L 1
2010,LAL,2010-02-06,10:00p,@,Portland Trail Blazers,W,,99,82,39,13,W 1
2010,LAL,2010-02-08,10:30p,,San Antonio Spurs,W,,101,89,40,13,W 2
2010,LAL,2010-02-10,9:00p,@,Utah Jazz,W,,96,81,41,13,W 3
2010,LAL,2010-02-16,10:30p,,Golden State Warriors,W,,104,94,42,13,W 4
2010,LAL,2010-02-18,10:30p,,Boston Celtics,L,,86,87,42,14,L 1
2010,LAL,2010-02-23,8:00p,@,Memphis Grizzlies,W,,99,98,43,14,W 1
2010,LAL,2010-02-24,9:00p,@,Dallas Mavericks,L,,96,101,43,15,L 1
2010,LAL,2010-02-26,10:30p,,Philadelphia 76ers,W,,99,90,44,15,W 1
2010,LAL,2010-02-28,3:30p,,Denver Nuggets,W,,95,89,45,15,W 2
2010,LAL,2010-03-02,10:30p,,Indiana Pacers,W,,122,99,46,15,W 3
2010,LAL,2010-03-04,8:00p,@,Miami Heat,L,OT,111,114,46,16,L 1
2010,LAL,2010-03-05,7:00p,@,Charlotte Bobcats,L,,83,98,46,17,L 2
2010,LAL,2010-03-07,2:30p,@,Orlando Magic,L,,94,96,46,18,L 3
2010,LAL,2010-03-09,10:30p,,Toronto Raptors,W,,109,107,47,18,W 1
2010,LAL,2010-03-12,9:00p,@,Phoenix Suns,W,,102,96,48,18,W 2
2010,LAL,2010-03-15,10:30p,@,Golden State Warriors,W,,124,121,49,18,W 3
2010,LAL,2010-03-16,10:00p,@,Sacramento Kings,W,,106,99,50,18,W 4
2010,LAL,2010-03-19,10:30p,,Minnesota Timberwolves,W,,104,96,51,18,W 5
2010,LAL,2010-03-21,9:30p,,Washington Wizards,W,,99,92,52,18,W 6
2010,LAL,2010-03-24,9:30p,@,San Antonio Spurs,W,,92,83,53,18,W 7
2010,LAL,2010-03-26,8:00p,@,Oklahoma City Thunder,L,,75,91,53,19,L 1
2010,LAL,2010-03-27,8:30p,@,Houston Rockets,W,,109,101,54,19,W 1
2010,LAL,2010-03-29,8:00p,@,New Orleans Hornets,L,,100,108,54,20,L 1
2010,LAL,2010-03-31,7:00p,@,Atlanta Hawks,L,,92,109,54,21,L 2
2010,LAL,2010-04-02,10:30p,,Utah Jazz,W,,106,92,55,21,W 1
2010,LAL,2010-04-04,3:30p,,San Antonio Spurs,L,,81,100,55,22,L 1
2010,LAL,2010-04-08,10:30p,@,Denver Nuggets,L,,96,98,55,23,L 2
2010,LAL,2010-04-09,8:00p,@,Minnesota Timberwolves,W,,97,88,56,23,W 1
2010,LAL,2010-04-11,3:30p,,Portland Trail Blazers,L,,88,91,56,24,L 1
2010,LAL,2010-04-13,10:30p,,Sacramento Kings,W,,106,100,57,24,W 1
2010,LAL,2010-04-14,10:30p,@,Los Angeles Clippers,L,,91,107,57,25,L 1
2010,LAL,2010-04-18,3:00p,,Oklahoma City Thunder,W,,87,79,1,0,W 1
2010,LAL,2010-04-20,10:30p,,Oklahoma City Thunder,W,,95,92,2,0,W 2
2010,LAL,2010-04-22,9:30p,@,Oklahoma City Thunder,L,,96,101,2,1,L 1
2010,LAL,2010-04-24,9:30p,@,Oklahoma City Thunder,L,,89,110,2,2,L 2
2010,LAL,2010-04-27,10:30p,,Oklahoma City Thunder,W,,111,87,3,2,W 1
2010,LAL,2010-04-30,9:30p,@,Oklahoma City Thunder,W,,95,94,4,2,W 2
2010,LAL,2010-05-02,3:30p,,Utah Jazz,W,,104,99,5,2,W 3
2010,LAL,2010-05-04,10:30p,,Utah Jazz,W,,111,103,6,2,W 4
2010,LAL,2010-05-08,8:00p,@,Utah Jazz,W,,111,110,7,2,W 5
2010,LAL,2010-05-10,10:30p,@,Utah Jazz,W,,111,96,8,2,W 6
2010,LAL,2010-05-17,9:00p,,Phoenix Suns,W,,128,107,9,2,W 7
2010,LAL,2010-05-19,9:00p,,Phoenix Suns,W,,124,112,10,2,W 8
2010,LAL,2010-05-23,8:30p,@,Phoenix Suns,L,,109,118,10,3,L 1
2010,LAL,2010-05-25,9:00p,@,Phoenix Suns,L,,106,115,10,4,L 2
2010,LAL,2010-05-27,9:00p,,Phoenix Suns,W,,103,101,11,4,W 1
2010,LAL,2010-05-29,8:30p,@,Phoenix Suns,W,,111,103,12,4,W 2
2010,LAL,2010-06-03,9:00p,,Boston Celtics,W,,102,89,13,4,W 3
2010,LAL,2010-06-06,8:00p,,Boston Celtics,L,,94,103,13,5,L 1
2010,LAL,2010-06-08,9:00p,@,Boston Celtics,W,,91,84,14,5,W 1
2010,LAL,2010-06-10,9:00p,@,Boston Celtics,L,,89,96,14,6,L 1
2010,LAL,2010-06-13,8:00p,@,Boston Celtics,L,,86,92,14,7,L 2
2010,LAL,2010-06-15,9:00p,,Boston Celtics,W,,89,67,15,7,W 1
2010,LAL,2010-06-17,9:00p,,Boston Celtics,W,,83,79,16,7,W 2
2010,MEM,2009-10-28,8:00p,,Detroit Pistons,L,,74,96,0,1,L 1
2010,MEM,2009-10-30,8:00p,,Toronto Raptors,W,,115,107,1,1,W 1
2010,MEM,2009-11-01,8:00p,@,Denver Nuggets,L,,123,133,1,2,L 1
2010,MEM,2009-11-02,10:00p,@,Sacramento Kings,L,OT,116,127,1,3,L 2
2010,MEM,2009-11-04,10:30p,@,Golden State Warriors,L,,105,113,1,4,L 3
2010,MEM,2009-11-06,10:30p,@,Los Angeles Lakers,L,,98,114,1,5,L 4
2010,MEM,2009-11-07,10:30p,@,Los Angeles Clippers,L,,110,113,1,6,L 5
2010,MEM,2009-11-10,8:00p,,Portland Trail Blazers,L,,79,93,1,7,L 6
2010,MEM,2009-11-11,8:30p,@,Houston Rockets,L,,79,104,1,8,L 7
2010,MEM,2009-11-14,8:00p,,Minnesota Timberwolves,W,,97,87,2,8,W 1
2010,MEM,2009-11-18,8:00p,,Los Angeles Clippers,W,,106,91,3,8,W 2
2010,MEM,2009-11-20,7:00p,@,Philadelphia 76ers,W,,102,97,4,8,W 3
2010,MEM,2009-11-21,8:00p,,Milwaukee Bucks,L,,98,103,4,9,L 1
2010,MEM,2009-11-23,8:00p,,Sacramento Kings,W,,116,105,5,9,W 1
2010,MEM,2009-11-25,9:00p,@,Phoenix Suns,L,,111,126,5,10,L 1
2010,MEM,2009-11-27,10:00p,@,Portland Trail Blazers,W,,106,96,6,10,W 1
2010,MEM,2009-11-29,3:30p,@,Los Angeles Clippers,L,,88,98,6,11,L 1
2010,MEM,2009-11-30,9:00p,@,Utah Jazz,L,,93,120,6,12,L 2
2010,MEM,2009-12-02,8:00p,@,Minnesota Timberwolves,W,,97,95,7,12,W 1
2010,MEM,2009-12-04,8:00p,,Dallas Mavericks,W,,98,82,8,12,W 2
2010,MEM,2009-12-08,8:00p,,Cleveland Cavaliers,W,OT,111,109,9,12,W 3
2010,MEM,2009-12-11,8:00p,,Oklahoma City Thunder,L,,94,102,9,13,L 1
2010,MEM,2009-12-13,6:00p,@,Miami Heat,W,,118,90,10,13,W 1
2010,MEM,2009-12-14,8:00p,,Boston Celtics,L,,105,110,10,14,L 1
2010,MEM,2009-12-16,7:00p,@,Atlanta Hawks,L,,97,110,10,15,L 2
2010,MEM,2009-12-18,8:00p,,Indiana Pacers,W,,107,94,11,15,W 1
2010,MEM,2009-12-20,4:00p,,Denver Nuggets,W,,102,96,12,15,W 2
2010,MEM,2009-12-22,8:00p,,Golden State Warriors,W,,121,108,13,15,W 3
2010,MEM,2009-12-26,3:00p,@,Dallas Mavericks,L,,101,106,13,16,L 1
2010,MEM,2009-12-28,8:00p,,Washington Wizards,W,OT,116,111,14,16,W 1
2010,MEM,2009-12-30,7:00p,@,Indiana Pacers,W,,121,110,15,16,W 2
2010,MEM,2010-01-02,9:00p,@,Phoenix Suns,W,,128,103,16,16,W 3
2010,MEM,2010-01-05,10:00p,@,Portland Trail Blazers,W,,109,105,17,16,W 4
2010,MEM,2010-01-06,9:00p,@,Utah Jazz,L,,94,117,17,17,L 1
2010,MEM,2010-01-08,8:00p,,Utah Jazz,W,,91,89,18,17,W 1
2010,MEM,2010-01-09,7:00p,@,Charlotte Bobcats,L,,87,89,18,18,L 1
2010,MEM,2010-01-12,8:00p,,Los Angeles Clippers,W,,104,102,19,18,W 1
2010,MEM,2010-01-15,8:00p,,Minnesota Timberwolves,W,,135,110,20,18,W 2
2010,MEM,2010-01-16,8:00p,,San Antonio Spurs,W,,92,86,21,18,W 3
2010,MEM,2010-01-18,5:30p,,Phoenix Suns,W,,125,118,22,18,W 4
2010,MEM,2010-01-20,8:00p,@,New Orleans Hornets,L,,111,113,22,19,L 1
2010,MEM,2010-01-22,8:00p,,Oklahoma City Thunder,W,,86,84,23,19,W 1
2010,MEM,2010-01-25,8:00p,,Orlando Magic,W,,99,94,24,19,W 2
2010,MEM,2010-01-27,7:30p,@,Detroit Pistons,W,,99,93,25,19,W 3
2010,MEM,2010-01-29,8:30p,@,San Antonio Spurs,L,,97,104,25,20,L 1
2010,MEM,2010-01-30,8:00p,,New Orleans Hornets,L,OT,102,109,25,21,L 2
2010,MEM,2010-02-01,8:00p,,Los Angeles Lakers,W,,95,93,26,21,W 1
2010,MEM,2010-02-02,7:00p,@,Cleveland Cavaliers,L,,89,105,26,22,L 1
2010,MEM,2010-02-05,8:00p,,Houston Rockets,L,,83,101,26,23,L 2
2010,MEM,2010-02-06,8:00p,@,Minnesota Timberwolves,L,,102,109,26,24,L 3
2010,MEM,2010-02-09,8:00p,,Atlanta Hawks,L,,94,108,26,25,L 4
2010,MEM,2010-02-16,8:00p,,Phoenix Suns,L,,95,109,26,26,L 5
2010,MEM,2010-02-17,7:00p,@,Toronto Raptors,W,OT,109,102,27,26,W 1
2010,MEM,2010-02-19,8:00p,,Miami Heat,L,2OT,87,100,27,27,L 1
2010,MEM,2010-02-21,6:00p,@,New Jersey Nets,W,,104,94,28,27,W 1
2010,MEM,2010-02-23,8:00p,,Los Angeles Lakers,L,,98,99,28,28,L 1
2010,MEM,2010-02-24,7:00p,@,Washington Wizards,W,,99,94,29,28,W 1
2010,MEM,2010-02-26,8:00p,,Charlotte Bobcats,L,,89,93,29,29,L 1
2010,MEM,2010-02-27,7:30p,@,New York Knicks,W,,120,109,30,29,W 1
2010,MEM,2010-03-01,8:00p,,Portland Trail Blazers,L,,93,103,30,30,L 1
2010,MEM,2010-03-03,8:00p,@,New Orleans Hornets,W,,104,100,31,30,W 1
2010,MEM,2010-03-04,8:00p,@,Chicago Bulls,W,,105,96,32,30,W 2
2010,MEM,2010-03-06,8:00p,,San Antonio Spurs,L,,92,102,32,31,L 1
2010,MEM,2010-03-08,8:00p,,New Jersey Nets,W,,107,101,33,31,W 1
2010,MEM,2010-03-10,7:30p,@,Boston Celtics,W,,111,91,34,31,W 2
2010,MEM,2010-03-12,8:00p,,New York Knicks,W,,119,112,35,31,W 3
2010,MEM,2010-03-13,8:00p,,Denver Nuggets,L,,108,125,35,32,L 1
2010,MEM,2010-03-16,8:00p,,Chicago Bulls,W,,104,97,36,32,W 1
2010,MEM,2010-03-17,8:30p,@,Houston Rockets,L,,94,107,36,33,L 1
2010,MEM,2010-03-20,8:00p,,Golden State Warriors,W,,123,107,37,33,W 1
2010,MEM,2010-03-22,10:00p,@,Sacramento Kings,W,,102,85,38,33,W 2
2010,MEM,2010-03-24,10:30p,@,Golden State Warriors,L,,110,128,38,34,L 1
2010,MEM,2010-03-28,3:00p,@,Milwaukee Bucks,L,OT,103,108,38,35,L 2
2010,MEM,2010-03-31,8:00p,,Dallas Mavericks,L,OT,102,106,38,36,L 3
2010,MEM,2010-04-02,8:00p,,New Orleans Hornets,W,,107,96,39,36,W 1
2010,MEM,2010-04-04,6:00p,@,Orlando Magic,L,,92,107,39,37,L 1
2010,MEM,2010-04-06,8:00p,,Houston Rockets,L,,103,113,39,38,L 2
2010,MEM,2010-04-07,8:30p,@,Dallas Mavericks,L,,84,110,39,39,L 3
2010,MEM,2010-04-09,8:30p,@,San Antonio Spurs,W,,107,99,40,39,W 1
2010,MEM,2010-04-10,8:00p,,Philadelphia 76ers,L,,101,120,40,40,L 1
2010,MEM,2010-04-12,9:00p,@,Denver Nuggets,L,,101,123,40,41,L 2
2010,MEM,2010-04-14,8:00p,@,Oklahoma City Thunder,L,,105,114,40,42,L 3
2010,MIA,2009-10-28,7:30p,,New York Knicks,W,,115,93,1,0,W 1
2010,MIA,2009-10-30,8:00p,@,Indiana Pacers,W,,96,83,2,0,W 2
2010,MIA,2009-11-01,6:00p,,Chicago Bulls,W,,95,87,3,0,W 3
2010,MIA,2009-11-03,7:30p,,Phoenix Suns,L,,96,104,3,1,L 1
2010,MIA,2009-11-04,7:00p,@,Washington Wizards,W,,93,89,4,1,W 1
2010,MIA,2009-11-06,7:30p,,Denver Nuggets,W,,96,88,5,1,W 2
2010,MIA,2009-11-10,7:30p,,Washington Wizards,W,,90,76,6,1,W 3
2010,MIA,2009-11-12,8:00p,,Cleveland Cavaliers,L,,104,111,6,2,L 1
2010,MIA,2009-11-14,7:30p,,New Jersey Nets,W,,81,80,7,2,W 1
2010,MIA,2009-11-17,7:30p,,Oklahoma City Thunder,L,,87,100,7,3,L 1
2010,MIA,2009-11-18,7:00p,@,Atlanta Hawks,L,,90,105,7,4,L 2
2010,MIA,2009-11-20,7:00p,@,Toronto Raptors,L,,113,120,7,5,L 3
2010,MIA,2009-11-22,6:00p,,New Orleans Hornets,W,,102,101,8,5,W 1
2010,MIA,2009-11-25,7:30p,@,Orlando Magic,W,,99,98,9,5,W 2
2010,MIA,2009-11-27,7:00p,,Washington Wizards,L,,84,94,9,6,L 1
2010,MIA,2009-11-29,6:00p,,Boston Celtics,L,,85,92,9,7,L 2
2010,MIA,2009-12-01,10:00p,@,Portland Trail Blazers,W,,107,100,10,7,W 1
2010,MIA,2009-12-03,10:30p,@,Denver Nuggets,L,,96,114,10,8,L 1
2010,MIA,2009-12-04,10:30p,@,Los Angeles Lakers,L,,107,108,10,9,L 2
2010,MIA,2009-12-06,9:00p,@,Sacramento Kings,W,,115,102,11,9,W 1
2010,MIA,2009-12-11,7:30p,,Dallas Mavericks,L,,93,106,11,10,L 1
2010,MIA,2009-12-13,6:00p,,Memphis Grizzlies,L,,90,118,11,11,L 2
2010,MIA,2009-12-15,7:30p,,Toronto Raptors,W,,115,95,12,11,W 1
2010,MIA,2009-12-17,8:00p,,Orlando Magic,W,,104,86,13,11,W 2
2010,MIA,2009-12-20,6:00p,,Portland Trail Blazers,L,,95,102,13,12,L 1
2010,MIA,2009-12-23,7:30p,,Utah Jazz,W,,80,70,14,12,W 1
2010,MIA,2009-12-25,12:00p,@,New York Knicks,W,,93,87,15,12,W 2
2010,MIA,2009-12-27,6:00p,,Indiana Pacers,W,,114,80,16,12,W 3
2010,MIA,2009-12-30,8:00p,@,New Orleans Hornets,L,,91,95,16,13,L 1
2010,MIA,2009-12-31,7:00p,@,San Antonio Spurs,L,,78,108,16,14,L 2
2010,MIA,2010-01-02,3:30p,,Charlotte Bobcats,L,,97,107,16,15,L 3
2010,MIA,2010-01-04,7:30p,,Atlanta Hawks,W,,92,75,17,15,W 1
2010,MIA,2010-01-06,7:30p,,Boston Celtics,L,OT,106,112,17,16,L 1
2010,MIA,2010-01-08,9:00p,@,Phoenix Suns,W,,109,105,18,16,W 1
2010,MIA,2010-01-10,3:30p,@,Los Angeles Clippers,L,,84,94,18,17,L 1
2010,MIA,2010-01-11,9:00p,@,Utah Jazz,L,,89,118,18,18,L 2
2010,MIA,2010-01-13,10:30p,@,Golden State Warriors,W,,115,102,19,18,W 1
2010,MIA,2010-01-15,8:30p,@,Houston Rockets,W,,115,106,20,18,W 2
2010,MIA,2010-01-16,8:00p,@,Oklahoma City Thunder,L,,80,98,20,19,L 1
2010,MIA,2010-01-19,7:30p,,Indiana Pacers,W,,113,83,21,19,W 1
2010,MIA,2010-01-20,7:00p,@,Charlotte Bobcats,L,,65,104,21,20,L 1
2010,MIA,2010-01-22,7:00p,@,Washington Wizards,W,,112,88,22,20,W 1
2010,MIA,2010-01-23,7:30p,,Sacramento Kings,W,,115,84,23,20,W 2
2010,MIA,2010-01-25,7:30p,,Cleveland Cavaliers,L,,91,92,23,21,L 1
2010,MIA,2010-01-27,7:00p,@,Toronto Raptors,L,,103,111,23,22,L 2
2010,MIA,2010-01-29,8:00p,@,Detroit Pistons,W,,92,65,24,22,W 1
2010,MIA,2010-01-30,8:30p,@,Milwaukee Bucks,L,,84,95,24,23,L 1
2010,MIA,2010-02-01,7:30p,,Milwaukee Bucks,L,,81,97,24,24,L 2
2010,MIA,2010-02-03,8:00p,@,Boston Celtics,L,,102,107,24,25,L 3
2010,MIA,2010-02-04,8:00p,@,Cleveland Cavaliers,L,,86,102,24,26,L 4
2010,MIA,2010-02-06,8:00p,@,Chicago Bulls,L,,91,95,24,27,L 5
2010,MIA,2010-02-09,7:30p,,Houston Rockets,W,,99,66,25,27,W 1
2010,MIA,2010-02-10,7:00p,@,Atlanta Hawks,W,,94,76,26,27,W 2
2010,MIA,2010-02-16,7:00p,@,Philadelphia 76ers,W,,105,78,27,27,W 3
2010,MIA,2010-02-17,7:30p,@,New Jersey Nets,W,,87,84,28,27,W 4
2010,MIA,2010-02-19,8:00p,@,Memphis Grizzlies,W,2OT,100,87,29,27,W 5
2010,MIA,2010-02-20,8:30p,@,Dallas Mavericks,L,,91,97,29,28,L 1
2010,MIA,2010-02-23,7:30p,,Minnesota Timberwolves,L,,88,91,29,29,L 2
2010,MIA,2010-02-27,3:30p,,Milwaukee Bucks,L,,71,94,29,30,L 3
2010,MIA,2010-02-28,7:00p,@,Orlando Magic,L,,80,96,29,31,L 4
2010,MIA,2010-03-02,7:30p,,Golden State Warriors,W,,110,106,30,31,W 1
2010,MIA,2010-03-04,8:00p,,Los Angeles Lakers,W,OT,114,111,31,31,W 2
2010,MIA,2010-03-06,7:30p,,Atlanta Hawks,W,,100,94,32,31,W 3
2010,MIA,2010-03-09,7:00p,@,Charlotte Bobcats,L,,78,83,32,32,L 1
2010,MIA,2010-03-10,7:30p,,Los Angeles Clippers,W,,108,97,33,32,W 1
2010,MIA,2010-03-12,7:30p,,Chicago Bulls,W,,108,95,34,32,W 2
2010,MIA,2010-03-14,6:00p,,Philadelphia 76ers,W,,104,91,35,32,W 3
2010,MIA,2010-03-16,7:30p,,San Antonio Spurs,L,,76,88,35,33,L 1
2010,MIA,2010-03-18,7:00p,,Orlando Magic,L,OT,102,108,35,34,L 2
2010,MIA,2010-03-20,7:30p,,Charlotte Bobcats,W,,77,71,36,34,W 1
2010,MIA,2010-03-22,7:30p,@,New Jersey Nets,W,,99,89,37,34,W 2
2010,MIA,2010-03-25,8:00p,@,Chicago Bulls,W,,103,74,38,34,W 3
2010,MIA,2010-03-26,8:30p,@,Milwaukee Bucks,W,,87,74,39,34,W 4
2010,MIA,2010-03-28,6:00p,,Toronto Raptors,W,,97,94,40,34,W 5
2010,MIA,2010-03-31,7:30p,@,Detroit Pistons,W,,98,81,41,34,W 6
2010,MIA,2010-04-02,7:00p,@,Indiana Pacers,W,OT,105,96,42,34,W 7
2010,MIA,2010-04-03,8:00p,@,Minnesota Timberwolves,W,,97,84,43,34,W 8
2010,MIA,2010-04-07,7:30p,,Philadelphia 76ers,W,,99,95,44,34,W 9
2010,MIA,2010-04-09,7:30p,,Detroit Pistons,L,,99,106,44,35,L 1
2010,MIA,2010-04-11,6:00p,@,New York Knicks,W,,111,98,45,35,W 1
2010,MIA,2010-04-12,7:00p,@,Philadelphia 76ers,W,,107,105,46,35,W 2
2010,MIA,2010-04-14,8:00p,,New Jersey Nets,W,2OT,94,86,47,35,W 3
2010,MIA,2010-04-17,8:00p,@,Boston Celtics,L,,76,85,0,1,L 1
2010,MIA,2010-04-20,8:00p,@,Boston Celtics,L,,77,106,0,2,L 2
2010,MIA,2010-04-23,7:00p,,Boston Celtics,L,,98,100,0,3,L 3
2010,MIA,2010-04-25,1:00p,,Boston Celtics,W,,101,92,1,3,W 1
2010,MIA,2010-04-27,7:00p,@,Boston Celtics,L,,86,96,1,4,L 1
2010,MIL,2009-10-30,7:00p,@,Philadelphia 76ers,L,,86,99,0,1,L 1
2010,MIL,2009-10-31,8:30p,,Detroit Pistons,W,,96,85,1,1,W 1
2010,MIL,2009-11-03,8:00p,@,Chicago Bulls,L,,81,83,1,2,L 1
2010,MIL,2009-11-06,8:00p,@,Minnesota Timberwolves,W,,87,72,2,2,W 1
2010,MIL,2009-11-07,8:30p,,New York Knicks,W,,102,87,3,2,W 2
2010,MIL,2009-11-11,8:00p,,Denver Nuggets,W,,108,102,4,2,W 3
2010,MIL,2009-11-14,8:30p,,Golden State Warriors,W,,129,125,5,2,W 4
2010,MIL,2009-11-16,8:00p,,Dallas Mavericks,L,OT,113,115,5,3,L 1
2010,MIL,2009-11-18,8:00p,,New Jersey Nets,W,,99,85,6,3,W 1
2010,MIL,2009-11-20,8:30p,,Charlotte Bobcats,W,,95,88,7,3,W 2
2010,MIL,2009-11-21,8:00p,@,Memphis Grizzlies,W,,103,98,8,3,W 3
2010,MIL,2009-11-23,8:30p,@,San Antonio Spurs,L,,98,112,8,4,L 1
2010,MIL,2009-11-25,8:00p,@,New Orleans Hornets,L,OT,99,102,8,5,L 2
2010,MIL,2009-11-27,9:30p,@,Oklahoma City Thunder,L,,90,108,8,6,L 3
2010,MIL,2009-11-28,9:00p,,Orlando Magic,L,,98,100,8,7,L 4
2010,MIL,2009-11-30,8:00p,,Chicago Bulls,W,,99,97,9,7,W 1
2010,MIL,2009-12-02,7:00p,@,Washington Wizards,L,,102,104,9,8,L 1
2010,MIL,2009-12-04,8:00p,@,Detroit Pistons,L,,96,105,9,9,L 2
2010,MIL,2009-12-06,3:00p,,Cleveland Cavaliers,L,,86,101,9,10,L 3
2010,MIL,2009-12-08,7:30p,@,Boston Celtics,L,,89,98,9,11,L 4
2010,MIL,2009-12-09,8:00p,,Toronto Raptors,W,,117,95,10,11,W 1
2010,MIL,2009-12-12,8:30p,,Portland Trail Blazers,W,2OT,108,101,11,11,W 2
2010,MIL,2009-12-16,8:00p,,Los Angeles Lakers,L,OT,106,107,11,12,L 1
2010,MIL,2009-12-18,8:00p,@,Cleveland Cavaliers,L,,82,85,11,13,L 2
2010,MIL,2009-12-19,8:30p,,Sacramento Kings,L,,95,96,11,14,L 3
2010,MIL,2009-12-21,7:00p,@,Indiana Pacers,W,,84,81,12,14,W 1
2010,MIL,2009-12-23,8:00p,,Washington Wizards,L,,97,109,12,15,L 1
2010,MIL,2009-12-26,8:30p,,San Antonio Spurs,L,,97,112,12,16,L 2
2010,MIL,2009-12-28,7:00p,@,Charlotte Bobcats,L,,84,94,12,17,L 3
2010,MIL,2009-12-30,7:00p,@,Orlando Magic,L,,92,117,12,18,L 4
2010,MIL,2010-01-02,8:30p,,Oklahoma City Thunder,W,OT,103,97,13,18,W 1
2010,MIL,2010-01-05,7:30p,@,New Jersey Nets,W,,98,76,14,18,W 2
2010,MIL,2010-01-08,8:30p,,Chicago Bulls,W,,96,93,15,18,W 3
2010,MIL,2010-01-10,9:30p,@,Los Angeles Lakers,L,,77,95,15,19,L 1
2010,MIL,2010-01-11,9:00p,@,Phoenix Suns,L,,101,105,15,20,L 2
2010,MIL,2010-01-13,10:00p,@,Portland Trail Blazers,L,,108,120,15,21,L 3
2010,MIL,2010-01-15,10:30p,@,Golden State Warriors,W,,113,104,16,21,W 1
2010,MIL,2010-01-16,9:00p,@,Utah Jazz,L,,95,112,16,22,L 1
2010,MIL,2010-01-18,3:00p,@,Houston Rockets,L,OT,98,101,16,23,L 2
2010,MIL,2010-01-20,8:00p,,Toronto Raptors,W,,113,107,17,23,W 1
2010,MIL,2010-01-22,7:00p,@,Toronto Raptors,L,,96,101,17,24,L 1
2010,MIL,2010-01-23,8:30p,,Minnesota Timberwolves,W,,127,94,18,24,W 1
2010,MIL,2010-01-26,8:30p,@,Dallas Mavericks,L,,107,108,18,25,L 1
2010,MIL,2010-01-27,8:00p,,Philadelphia 76ers,W,,91,88,19,25,W 1
2010,MIL,2010-01-30,8:30p,,Miami Heat,W,,95,84,20,25,W 2
2010,MIL,2010-02-01,7:30p,@,Miami Heat,W,,97,81,21,25,W 3
2010,MIL,2010-02-02,7:00p,@,Orlando Magic,L,,82,99,21,26,L 1
2010,MIL,2010-02-05,7:30p,@,New York Knicks,W,,114,107,22,26,W 1
2010,MIL,2010-02-06,8:30p,,Indiana Pacers,W,,93,81,23,26,W 2
2010,MIL,2010-02-09,8:00p,,Detroit Pistons,L,,81,93,23,27,L 1
2010,MIL,2010-02-10,7:30p,@,New Jersey Nets,W,,97,77,24,27,W 1
2010,MIL,2010-02-17,8:00p,,Houston Rockets,L,,99,127,24,28,L 1
2010,MIL,2010-02-19,8:00p,@,Detroit Pistons,W,,91,85,25,28,W 1
2010,MIL,2010-02-20,8:30p,,Charlotte Bobcats,W,,93,88,26,28,W 2
2010,MIL,2010-02-22,7:30p,@,New York Knicks,W,,83,67,27,28,W 3
2010,MIL,2010-02-24,8:00p,,New Orleans Hornets,W,,115,95,28,28,W 4
2010,MIL,2010-02-25,7:00p,@,Indiana Pacers,W,,112,110,29,28,W 5
2010,MIL,2010-02-27,3:30p,@,Miami Heat,W,,94,71,30,28,W 6
2010,MIL,2010-02-28,6:00p,@,Atlanta Hawks,L,OT,102,106,30,29,L 1
2010,MIL,2010-03-03,8:00p,,Washington Wizards,W,,100,87,31,29,W 1
2010,MIL,2010-03-05,7:00p,@,Washington Wizards,W,,102,74,32,29,W 2
2010,MIL,2010-03-06,8:30p,,Cleveland Cavaliers,W,,92,85,33,29,W 3
2010,MIL,2010-03-09,8:00p,,Boston Celtics,W,,86,84,34,29,W 4
2010,MIL,2010-03-12,8:30p,,Utah Jazz,W,,95,87,35,29,W 5
2010,MIL,2010-03-14,1:00p,,Indiana Pacers,W,,98,94,36,29,W 6
2010,MIL,2010-03-17,10:30p,@,Los Angeles Clippers,L,,93,101,36,30,L 1
2010,MIL,2010-03-19,10:00p,@,Sacramento Kings,W,2OT,114,108,37,30,W 1
2010,MIL,2010-03-20,9:00p,@,Denver Nuggets,W,,102,97,38,30,W 2
2010,MIL,2010-03-22,8:00p,,Atlanta Hawks,W,,98,95,39,30,W 3
2010,MIL,2010-03-24,8:00p,,Philadelphia 76ers,L,,86,101,39,31,L 1
2010,MIL,2010-03-26,8:30p,,Miami Heat,L,,74,87,39,32,L 2
2010,MIL,2010-03-28,3:00p,,Memphis Grizzlies,W,OT,108,103,40,32,W 1
2010,MIL,2010-03-30,8:00p,,Los Angeles Clippers,W,,107,89,41,32,W 2
2010,MIL,2010-03-31,7:00p,@,Cleveland Cavaliers,L,,98,101,41,33,L 1
2010,MIL,2010-04-02,7:00p,@,Charlotte Bobcats,L,OT,86,87,41,34,L 2
2010,MIL,2010-04-03,8:30p,,Phoenix Suns,W,,107,98,42,34,W 1
2010,MIL,2010-04-06,8:00p,@,Chicago Bulls,W,,79,74,43,34,W 2
2010,MIL,2010-04-07,8:00p,,New Jersey Nets,W,,108,89,44,34,W 3
2010,MIL,2010-04-09,7:00p,@,Philadelphia 76ers,W,,95,90,45,34,W 4
2010,MIL,2010-04-10,8:30p,,Boston Celtics,L,,90,105,45,35,L 1
2010,MIL,2010-04-12,8:00p,,Atlanta Hawks,L,,96,104,45,36,L 2
2010,MIL,2010-04-14,8:00p,@,Boston Celtics,W,,106,95,46,36,W 1
2010,MIL,2010-04-17,5:30p,@,Atlanta Hawks,L,,92,102,0,1,L 1
2010,MIL,2010-04-20,7:00p,@,Atlanta Hawks,L,,86,96,0,2,L 2
2010,MIL,2010-04-24,7:00p,,Atlanta Hawks,W,,107,89,1,2,W 1
2010,MIL,2010-04-26,8:30p,,Atlanta Hawks,W,,111,104,2,2,W 2
2010,MIL,2010-04-28,8:00p,@,Atlanta Hawks,W,,91,87,3,2,W 3
2010,MIL,2010-04-30,7:00p,,Atlanta Hawks,L,,69,83,3,3,L 1
2010,MIL,2010-05-02,1:00p,@,Atlanta Hawks,L,,74,95,3,4,L 2
2010,MIN,2009-10-28,8:00p,,New Jersey Nets,W,,95,93,1,0,W 1
2010,MIN,2009-10-30,8:00p,,Cleveland Cavaliers,L,,87,104,1,1,L 1
2010,MIN,2009-11-01,8:00p,@,Phoenix Suns,L,,112,120,1,2,L 2
2010,MIN,2009-11-02,10:30p,@,Los Angeles Clippers,L,,90,93,1,3,L 3
2010,MIN,2009-11-04,8:00p,,Boston Celtics,L,,90,92,1,4,L 4
2010,MIN,2009-11-06,8:00p,,Milwaukee Bucks,L,,72,87,1,5,L 5
2010,MIN,2009-11-08,9:00p,@,Portland Trail Blazers,L,,93,116,1,6,L 6
2010,MIN,2009-11-09,10:30p,@,Golden State Warriors,L,,105,146,1,7,L 7
2010,MIN,2009-11-11,8:00p,,Portland Trail Blazers,L,,84,107,1,8,L 8
2010,MIN,2009-11-13,8:00p,,Dallas Mavericks,L,,77,89,1,9,L 9
2010,MIN,2009-11-14,8:00p,@,Memphis Grizzlies,L,,87,97,1,10,L 10
2010,MIN,2009-11-18,8:00p,,Houston Rockets,L,,84,97,1,11,L 11
2010,MIN,2009-11-21,10:00p,@,Portland Trail Blazers,L,,78,106,1,12,L 12
2010,MIN,2009-11-23,10:30p,@,Los Angeles Clippers,L,,87,91,1,13,L 13
2010,MIN,2009-11-25,8:00p,,Denver Nuggets,L,,111,124,1,14,L 14
2010,MIN,2009-11-27,9:30p,,Phoenix Suns,L,,95,120,1,15,L 15
2010,MIN,2009-11-29,8:00p,@,Denver Nuggets,W,,106,100,2,15,W 1
2010,MIN,2009-12-02,8:00p,,Memphis Grizzlies,L,,95,97,2,16,L 1
2010,MIN,2009-12-04,8:00p,@,New Orleans Hornets,L,,89,98,2,17,L 2
2010,MIN,2009-12-05,8:00p,,Utah Jazz,W,,108,101,3,17,W 1
2010,MIN,2009-12-08,7:00p,@,Toronto Raptors,L,,88,94,3,18,L 1
2010,MIN,2009-12-09,8:00p,,New Orleans Hornets,L,,96,97,3,19,L 2
2010,MIN,2009-12-11,10:30p,@,Los Angeles Lakers,L,,92,104,3,20,L 3
2010,MIN,2009-12-12,10:00p,@,Sacramento Kings,L,,100,120,3,21,L 4
2010,MIN,2009-12-14,9:00p,@,Utah Jazz,W,,110,108,4,21,W 1
2010,MIN,2009-12-16,8:00p,,Los Angeles Clippers,L,,95,120,4,22,L 1
2010,MIN,2009-12-18,8:00p,,Sacramento Kings,W,,112,96,5,22,W 1
2010,MIN,2009-12-20,6:00p,@,Boston Celtics,L,,104,122,5,23,L 1
2010,MIN,2009-12-22,8:00p,,Atlanta Hawks,L,,87,112,5,24,L 2
2010,MIN,2009-12-23,7:30p,@,New Jersey Nets,W,,103,99,6,24,W 1
2010,MIN,2009-12-26,8:00p,,Washington Wizards,W,,101,89,7,24,W 2
2010,MIN,2009-12-29,8:30p,@,San Antonio Spurs,L,,99,117,7,25,L 1
2010,MIN,2009-12-30,8:00p,,Utah Jazz,L,,103,107,7,26,L 2
2010,MIN,2010-01-01,8:00p,,Orlando Magic,L,,94,106,7,27,L 3
2010,MIN,2010-01-02,7:00p,@,Indiana Pacers,L,,111,122,7,28,L 4
2010,MIN,2010-01-06,8:00p,,Golden State Warriors,L,,101,107,7,29,L 5
2010,MIN,2010-01-08,8:00p,,Indiana Pacers,W,,116,109,8,29,W 1
2010,MIN,2010-01-09,8:00p,@,Chicago Bulls,L,,96,110,8,30,L 1
2010,MIN,2010-01-11,9:00p,@,Denver Nuggets,L,,94,105,8,31,L 2
2010,MIN,2010-01-13,8:30p,@,Houston Rockets,L,3OT,114,120,8,32,L 3
2010,MIN,2010-01-15,8:00p,@,Memphis Grizzlies,L,,110,135,8,33,L 4
2010,MIN,2010-01-18,3:30p,,Philadelphia 76ers,W,OT,108,103,9,33,W 1
2010,MIN,2010-01-20,8:00p,,Oklahoma City Thunder,L,,92,94,9,34,L 1
2010,MIN,2010-01-22,8:00p,,New Orleans Hornets,L,,94,96,9,35,L 2
2010,MIN,2010-01-23,8:30p,@,Milwaukee Bucks,L,,94,127,9,36,L 3
2010,MIN,2010-01-26,7:30p,@,New York Knicks,L,,105,132,9,37,L 4
2010,MIN,2010-01-27,7:00p,@,Cleveland Cavaliers,L,,95,109,9,38,L 5
2010,MIN,2010-01-29,8:00p,,Los Angeles Clippers,W,,111,97,10,38,W 1
2010,MIN,2010-01-31,7:00p,,New York Knicks,W,,112,91,11,38,W 2
2010,MIN,2010-02-05,8:30p,@,Dallas Mavericks,W,,117,108,12,38,W 3
2010,MIN,2010-02-06,8:00p,,Memphis Grizzlies,W,,109,102,13,38,W 4
2010,MIN,2010-02-09,7:00p,@,Philadelphia 76ers,L,,97,119,13,39,L 1
2010,MIN,2010-02-10,8:00p,,Charlotte Bobcats,L,,92,93,13,40,L 2
2010,MIN,2010-02-16,7:30p,@,Detroit Pistons,L,,85,108,13,41,L 3
2010,MIN,2010-02-17,7:00p,@,Washington Wizards,L,,99,108,13,42,L 4
2010,MIN,2010-02-19,8:00p,,Chicago Bulls,L,,94,100,13,43,L 5
2010,MIN,2010-02-21,7:00p,,Oklahoma City Thunder,L,,107,109,13,44,L 6
2010,MIN,2010-02-23,7:30p,@,Miami Heat,W,,91,88,14,44,W 1
2010,MIN,2010-02-24,7:00p,@,Atlanta Hawks,L,,92,98,14,45,L 1
2010,MIN,2010-02-26,8:00p,@,Oklahoma City Thunder,L,,92,109,14,46,L 2
2010,MIN,2010-02-27,8:00p,,Portland Trail Blazers,L,,91,110,14,47,L 3
2010,MIN,2010-03-03,8:30p,@,Dallas Mavericks,L,,109,112,14,48,L 4
2010,MIN,2010-03-06,8:00p,,Houston Rockets,L,,98,112,14,49,L 5
2010,MIN,2010-03-08,8:00p,,Dallas Mavericks,L,,112,125,14,50,L 6
2010,MIN,2010-03-10,8:00p,,Denver Nuggets,L,,102,110,14,51,L 7
2010,MIN,2010-03-12,8:00p,,San Antonio Spurs,L,,85,103,14,52,L 8
2010,MIN,2010-03-14,9:00p,@,Sacramento Kings,L,,100,114,14,53,L 9
2010,MIN,2010-03-16,10:00p,@,Phoenix Suns,L,,114,152,14,54,L 10
2010,MIN,2010-03-17,9:00p,@,Utah Jazz,L,,100,122,14,55,L 11
2010,MIN,2010-03-19,10:30p,@,Los Angeles Lakers,L,,96,104,14,56,L 12
2010,MIN,2010-03-22,8:00p,,Toronto Raptors,L,,100,106,14,57,L 13
2010,MIN,2010-03-24,7:00p,@,Charlotte Bobcats,L,,95,108,14,58,L 14
2010,MIN,2010-03-26,7:00p,@,Orlando Magic,L,,97,106,14,59,L 15
2010,MIN,2010-03-28,7:00p,,Phoenix Suns,L,,105,111,14,60,L 16
2010,MIN,2010-03-31,8:00p,,Sacramento Kings,W,,108,99,15,60,W 1
2010,MIN,2010-04-03,8:00p,,Miami Heat,L,,84,97,15,61,L 1
2010,MIN,2010-04-04,7:00p,@,Oklahoma City Thunder,L,,108,116,15,62,L 2
2010,MIN,2010-04-07,8:00p,,Golden State Warriors,L,,107,116,15,63,L 3
2010,MIN,2010-04-09,8:00p,,Los Angeles Lakers,L,,88,97,15,64,L 4
2010,MIN,2010-04-11,7:00p,@,New Orleans Hornets,L,,86,114,15,65,L 5
2010,MIN,2010-04-12,8:30p,@,San Antonio Spurs,L,,111,133,15,66,L 6
2010,MIN,2010-04-14,8:00p,,Detroit Pistons,L,,98,103,15,67,L 7
2010,NJN,2009-10-28,8:00p,@,Minnesota Timberwolves,L,,93,95,0,1,L 1
2010,NJN,2009-10-30,8:00p,,Orlando Magic,L,,85,95,0,2,L 2
2010,NJN,2009-10-31,7:00p,@,Washington Wizards,L,,104,123,0,3,L 3
2010,NJN,2009-11-02,7:00p,@,Charlotte Bobcats,L,,68,79,0,4,L 4
2010,NJN,2009-11-04,7:30p,,Denver Nuggets,L,,94,122,0,5,L 5
2010,NJN,2009-11-06,7:00p,@,Philadelphia 76ers,L,,94,97,0,6,L 6
2010,NJN,2009-11-07,7:30p,,Boston Celtics,L,,76,86,0,7,L 7
2010,NJN,2009-11-11,7:30p,,Philadelphia 76ers,L,,79,82,0,8,L 8
2010,NJN,2009-11-13,7:00p,@,Orlando Magic,L,,72,88,0,9,L 9
2010,NJN,2009-11-14,7:30p,@,Miami Heat,L,,80,81,0,10,L 10
2010,NJN,2009-11-17,7:30p,,Indiana Pacers,L,,83,91,0,11,L 11
2010,NJN,2009-11-18,8:00p,@,Milwaukee Bucks,L,,85,99,0,12,L 12
2010,NJN,2009-11-21,1:00p,,New York Knicks,L,,91,98,0,13,L 13
2010,NJN,2009-11-24,9:00p,@,Denver Nuggets,L,,87,101,0,14,L 14
2010,NJN,2009-11-25,10:00p,@,Portland Trail Blazers,L,,83,93,0,15,L 15
2010,NJN,2009-11-27,10:00p,@,Sacramento Kings,L,,96,109,0,16,L 16
2010,NJN,2009-11-29,9:30p,@,Los Angeles Lakers,L,,87,106,0,17,L 17
2010,NJN,2009-12-02,7:30p,,Dallas Mavericks,L,,101,117,0,18,L 18
2010,NJN,2009-12-04,8:00p,,Charlotte Bobcats,W,,97,91,1,18,W 1
2010,NJN,2009-12-06,12:00p,@,New York Knicks,L,,97,106,1,19,L 1
2010,NJN,2009-12-08,8:00p,@,Chicago Bulls,W,,103,101,2,19,W 1
2010,NJN,2009-12-09,7:30p,,Golden State Warriors,L,,89,105,2,20,L 1
2010,NJN,2009-12-11,7:00p,@,Indiana Pacers,L,,91,107,2,21,L 2
2010,NJN,2009-12-13,5:00p,@,Atlanta Hawks,L,,107,130,2,22,L 3
2010,NJN,2009-12-15,7:00p,@,Cleveland Cavaliers,L,,89,99,2,23,L 4
2010,NJN,2009-12-16,7:30p,,Utah Jazz,L,,92,108,2,24,L 5
2010,NJN,2009-12-18,7:00p,@,Toronto Raptors,L,,95,118,2,25,L 6
2010,NJN,2009-12-19,8:00p,,Los Angeles Lakers,L,,84,103,2,26,L 7
2010,NJN,2009-12-23,7:30p,,Minnesota Timberwolves,L,,99,103,2,27,L 8
2010,NJN,2009-12-26,7:30p,,Houston Rockets,L,,93,98,2,28,L 9
2010,NJN,2009-12-28,7:30p,,Oklahoma City Thunder,L,,89,105,2,29,L 10
2010,NJN,2009-12-30,7:30p,,New York Knicks,W,,104,95,3,29,W 1
2010,NJN,2010-01-02,1:00p,,Cleveland Cavaliers,L,,86,94,3,30,L 1
2010,NJN,2010-01-05,7:30p,,Milwaukee Bucks,L,,76,98,3,31,L 2
2010,NJN,2010-01-06,7:00p,@,Atlanta Hawks,L,,89,119,3,32,L 3
2010,NJN,2010-01-08,8:00p,@,New Orleans Hornets,L,,99,103,3,33,L 4
2010,NJN,2010-01-10,7:00p,@,San Antonio Spurs,L,,85,97,3,34,L 5
2010,NJN,2010-01-13,7:30p,,Boston Celtics,L,,87,111,3,35,L 6
2010,NJN,2010-01-15,8:00p,,Indiana Pacers,L,,105,121,3,36,L 7
2010,NJN,2010-01-18,3:30p,@,Los Angeles Clippers,L,,95,106,3,37,L 8
2010,NJN,2010-01-20,9:00p,@,Phoenix Suns,L,,94,118,3,38,L 9
2010,NJN,2010-01-22,10:30p,@,Golden State Warriors,L,,79,111,3,39,L 10
2010,NJN,2010-01-23,9:00p,@,Utah Jazz,L,,83,116,3,40,L 11
2010,NJN,2010-01-27,7:30p,,Los Angeles Clippers,W,,103,87,4,40,W 1
2010,NJN,2010-01-29,8:00p,,Washington Wizards,L,,79,81,4,41,L 1
2010,NJN,2010-01-31,6:00p,,Philadelphia 76ers,L,,79,83,4,42,L 2
2010,NJN,2010-02-02,7:30p,,Detroit Pistons,L,,93,97,4,43,L 3
2010,NJN,2010-02-03,7:00p,@,Toronto Raptors,L,,99,108,4,44,L 4
2010,NJN,2010-02-05,7:30p,@,Boston Celtics,L,,87,96,4,45,L 5
2010,NJN,2010-02-06,7:30p,@,Detroit Pistons,L,,92,99,4,46,L 6
2010,NJN,2010-02-09,7:00p,@,Cleveland Cavaliers,L,,97,104,4,47,L 7
2010,NJN,2010-02-10,7:30p,,Milwaukee Bucks,L,,77,97,4,48,L 8
2010,NJN,2010-02-16,7:00p,@,Charlotte Bobcats,W,,103,94,5,48,W 1
2010,NJN,2010-02-17,7:30p,,Miami Heat,L,,84,87,5,49,L 1
2010,NJN,2010-02-19,8:00p,,Toronto Raptors,L,,89,106,5,50,L 2
2010,NJN,2010-02-21,6:00p,,Memphis Grizzlies,L,,94,104,5,51,L 3
2010,NJN,2010-02-23,7:30p,,Portland Trail Blazers,L,,93,102,5,52,L 4
2010,NJN,2010-02-27,1:00p,@,Boston Celtics,W,,104,96,6,52,W 1
2010,NJN,2010-02-28,6:00p,,Washington Wizards,L,,85,89,6,53,L 1
2010,NJN,2010-03-03,7:30p,,Cleveland Cavaliers,L,,92,111,6,54,L 2
2010,NJN,2010-03-05,8:00p,,Orlando Magic,L,,87,97,6,55,L 3
2010,NJN,2010-03-06,7:30p,@,New York Knicks,W,,113,93,7,55,W 1
2010,NJN,2010-03-08,8:00p,@,Memphis Grizzlies,L,,101,107,7,56,L 1
2010,NJN,2010-03-10,8:30p,@,Dallas Mavericks,L,,87,96,7,57,L 2
2010,NJN,2010-03-12,8:00p,@,Oklahoma City Thunder,L,,102,104,7,58,L 3
2010,NJN,2010-03-13,8:30p,@,Houston Rockets,L,,108,116,7,59,L 4
2010,NJN,2010-03-16,7:30p,,Atlanta Hawks,L,,84,108,7,60,L 5
2010,NJN,2010-03-17,7:00p,@,Philadelphia 76ers,L,,97,108,7,61,L 6
2010,NJN,2010-03-20,7:30p,,Toronto Raptors,L,,90,100,7,62,L 7
2010,NJN,2010-03-22,7:30p,,Miami Heat,L,,89,99,7,63,L 8
2010,NJN,2010-03-24,7:30p,,Sacramento Kings,W,,93,79,8,63,W 1
2010,NJN,2010-03-26,8:00p,,Detroit Pistons,W,,118,110,9,63,W 2
2010,NJN,2010-03-27,8:00p,@,Chicago Bulls,L,,83,106,9,64,L 1
2010,NJN,2010-03-29,7:30p,,San Antonio Spurs,W,,90,84,10,64,W 1
2010,NJN,2010-03-31,7:30p,,Phoenix Suns,L,,105,116,10,65,L 1
2010,NJN,2010-04-03,7:30p,,New Orleans Hornets,W,,115,87,11,65,W 1
2010,NJN,2010-04-04,6:00p,@,Washington Wizards,L,,99,109,11,66,L 1
2010,NJN,2010-04-07,8:00p,@,Milwaukee Bucks,L,,89,108,11,67,L 2
2010,NJN,2010-04-09,8:00p,,Chicago Bulls,W,2OT,127,116,12,67,W 1
2010,NJN,2010-04-10,7:00p,@,Indiana Pacers,L,,102,115,12,68,L 1
2010,NJN,2010-04-12,7:30p,,Charlotte Bobcats,L,,95,105,12,69,L 2
2010,NJN,2010-04-14,8:00p,@,Miami Heat,L,2OT,86,94,12,70,L 3
2010,NOH,2009-10-28,8:00p,@,San Antonio Spurs,L,,96,113,0,1,L 1
2010,NOH,2009-10-30,8:00p,,Sacramento Kings,W,,97,92,1,1,W 1
2010,NOH,2009-11-01,6:00p,@,Boston Celtics,L,,87,97,1,2,L 1
2010,NOH,2009-11-02,7:30p,@,New York Knicks,L,,111,117,1,3,L 2
2010,NOH,2009-11-04,9:30p,,Dallas Mavericks,W,OT,114,107,2,3,W 1
2010,NOH,2009-11-06,8:00p,,Toronto Raptors,L,,90,107,2,4,L 1
2010,NOH,2009-11-08,9:30p,@,Los Angeles Lakers,L,,88,104,2,5,L 2
2010,NOH,2009-11-09,10:30p,@,Los Angeles Clippers,W,,112,84,3,5,W 1
2010,NOH,2009-11-11,10:30p,@,Phoenix Suns,L,,104,124,3,6,L 1
2010,NOH,2009-11-13,8:00p,,Portland Trail Blazers,L,,78,86,3,7,L 2
2010,NOH,2009-11-14,7:00p,@,Atlanta Hawks,L,,98,121,3,8,L 3
2010,NOH,2009-11-17,8:00p,,Los Angeles Clippers,W,,110,102,4,8,W 1
2010,NOH,2009-11-19,8:00p,,Phoenix Suns,W,,110,103,5,8,W 2
2010,NOH,2009-11-21,8:00p,,Atlanta Hawks,W,,96,88,6,8,W 3
2010,NOH,2009-11-22,6:00p,@,Miami Heat,L,,101,102,6,9,L 1
2010,NOH,2009-11-25,8:00p,,Milwaukee Bucks,W,OT,102,99,7,9,W 1
2010,NOH,2009-11-29,9:00p,@,Sacramento Kings,L,,96,112,7,10,L 1
2010,NOH,2009-12-01,10:30p,@,Los Angeles Lakers,L,,99,110,7,11,L 2
2010,NOH,2009-12-04,8:00p,,Minnesota Timberwolves,W,,98,89,8,11,W 1
2010,NOH,2009-12-08,8:00p,,Sacramento Kings,W,,96,94,9,11,W 2
2010,NOH,2009-12-09,8:00p,@,Minnesota Timberwolves,W,,97,96,10,11,W 3
2010,NOH,2009-12-11,8:00p,,New York Knicks,L,,96,113,10,12,L 1
2010,NOH,2009-12-14,8:30p,@,Dallas Mavericks,L,,90,94,10,13,L 2
2010,NOH,2009-12-16,8:00p,,Detroit Pistons,W,,95,87,11,13,W 1
2010,NOH,2009-12-18,8:00p,,Denver Nuggets,W,,98,92,12,13,W 2
2010,NOH,2009-12-20,12:30p,@,Toronto Raptors,L,,92,98,12,14,L 1
2010,NOH,2009-12-23,8:00p,,Golden State Warriors,W,,108,102,13,14,W 1
2010,NOH,2009-12-26,8:00p,@,Chicago Bulls,L,,85,96,13,15,L 1
2010,NOH,2009-12-29,8:30p,@,Houston Rockets,L,,100,108,13,16,L 2
2010,NOH,2009-12-30,8:00p,,Miami Heat,W,,95,91,14,16,W 1
2010,NOH,2010-01-02,8:00p,,Houston Rockets,W,,99,95,15,16,W 2
2010,NOH,2010-01-04,9:00p,@,Utah Jazz,W,,91,87,16,16,W 3
2010,NOH,2010-01-06,8:00p,@,Oklahoma City Thunder,W,,97,92,17,16,W 4
2010,NOH,2010-01-08,8:00p,,New Jersey Nets,W,,103,99,18,16,W 5
2010,NOH,2010-01-10,1:00p,@,Washington Wizards,W,,115,110,19,16,W 6
2010,NOH,2010-01-11,7:00p,@,Philadelphia 76ers,L,,92,96,19,17,L 1
2010,NOH,2010-01-13,8:00p,,Los Angeles Clippers,W,,108,94,20,17,W 1
2010,NOH,2010-01-15,8:00p,@,Detroit Pistons,L,OT,104,110,20,18,L 1
2010,NOH,2010-01-16,6:00p,@,Indiana Pacers,W,,101,96,21,18,W 1
2010,NOH,2010-01-18,3:30p,,San Antonio Spurs,L,,90,97,21,19,L 1
2010,NOH,2010-01-20,8:00p,,Memphis Grizzlies,W,,113,111,22,19,W 1
2010,NOH,2010-01-22,8:00p,@,Minnesota Timberwolves,W,,96,94,23,19,W 2
2010,NOH,2010-01-23,9:00p,@,Denver Nuggets,L,OT,110,116,23,20,L 1
2010,NOH,2010-01-25,10:00p,@,Portland Trail Blazers,W,,98,97,24,20,W 1
2010,NOH,2010-01-27,10:30p,@,Golden State Warriors,W,,123,110,25,20,W 2
2010,NOH,2010-01-29,8:00p,,Chicago Bulls,L,OT,106,108,25,21,L 1
2010,NOH,2010-01-30,8:00p,@,Memphis Grizzlies,W,OT,109,102,26,21,W 1
2010,NOH,2010-02-01,8:00p,,Phoenix Suns,L,,100,109,26,22,L 1
2010,NOH,2010-02-03,8:00p,,Oklahoma City Thunder,L,,99,103,26,23,L 2
2010,NOH,2010-02-05,8:00p,,Philadelphia 76ers,L,,94,101,26,24,L 3
2010,NOH,2010-02-06,7:00p,@,Charlotte Bobcats,W,,104,99,27,24,W 1
2010,NOH,2010-02-08,8:00p,@,Orlando Magic,L,,117,123,27,25,L 1
2010,NOH,2010-02-10,8:00p,,Boston Celtics,W,,93,85,28,25,W 1
2010,NOH,2010-02-17,8:00p,,Utah Jazz,L,,90,98,28,26,L 1
2010,NOH,2010-02-19,8:00p,,Indiana Pacers,W,,107,101,29,26,W 1
2010,NOH,2010-02-21,7:00p,,Houston Rockets,W,,102,94,30,26,W 2
2010,NOH,2010-02-23,7:00p,@,Cleveland Cavaliers,L,,95,105,30,27,L 1
2010,NOH,2010-02-24,8:00p,@,Milwaukee Bucks,L,,95,115,30,28,L 2
2010,NOH,2010-02-26,9:30p,,Orlando Magic,W,,100,93,31,28,W 1
2010,NOH,2010-02-28,9:30p,@,Dallas Mavericks,L,,100,108,31,29,L 1
2010,NOH,2010-03-01,8:00p,,San Antonio Spurs,L,,92,106,31,30,L 2
2010,NOH,2010-03-03,8:00p,,Memphis Grizzlies,L,,100,104,31,31,L 3
2010,NOH,2010-03-05,9:30p,@,San Antonio Spurs,L,,91,102,31,32,L 4
2010,NOH,2010-03-08,8:00p,,Golden State Warriors,W,,135,131,32,32,W 1
2010,NOH,2010-03-10,8:00p,@,Oklahoma City Thunder,L,,83,98,32,33,L 1
2010,NOH,2010-03-12,8:00p,,Denver Nuggets,L,,95,102,32,34,L 2
2010,NOH,2010-03-14,9:00p,@,Phoenix Suns,L,,106,120,32,35,L 3
2010,NOH,2010-03-15,10:30p,@,Los Angeles Clippers,W,,108,100,33,35,W 1
2010,NOH,2010-03-17,10:30p,@,Golden State Warriors,L,,121,131,33,36,L 1
2010,NOH,2010-03-18,9:30p,@,Denver Nuggets,L,,80,93,33,37,L 2
2010,NOH,2010-03-20,9:00p,@,Utah Jazz,L,,86,106,33,38,L 3
2010,NOH,2010-03-22,8:00p,,Dallas Mavericks,W,,115,99,34,38,W 1
2010,NOH,2010-03-24,8:00p,,Cleveland Cavaliers,L,,92,105,34,39,L 1
2010,NOH,2010-03-27,8:00p,,Portland Trail Blazers,L,,101,112,34,40,L 2
2010,NOH,2010-03-29,8:00p,,Los Angeles Lakers,W,,108,100,35,40,W 1
2010,NOH,2010-03-31,8:00p,,Washington Wizards,L,,91,96,35,41,L 1
2010,NOH,2010-04-02,8:00p,@,Memphis Grizzlies,L,,96,107,35,42,L 2
2010,NOH,2010-04-03,7:30p,@,New Jersey Nets,L,,87,115,35,43,L 3
2010,NOH,2010-04-07,8:00p,,Charlotte Bobcats,L,,103,104,35,44,L 4
2010,NOH,2010-04-09,8:00p,,Utah Jazz,L,,103,114,35,45,L 5
2010,NOH,2010-04-11,7:00p,,Minnesota Timberwolves,W,,114,86,36,45,W 1
2010,NOH,2010-04-14,8:00p,@,Houston Rockets,W,,123,115,37,45,W 2
2010,NYK,2009-10-28,7:30p,@,Miami Heat,L,,93,115,0,1,L 1
2010,NYK,2009-10-30,7:00p,@,Charlotte Bobcats,L,2OT,100,102,0,2,L 2
2010,NYK,2009-10-31,7:30p,,Philadelphia 76ers,L,OT,127,141,0,3,L 3
2010,NYK,2009-11-02,7:30p,,New Orleans Hornets,W,,117,111,1,3,W 1
2010,NYK,2009-11-04,7:30p,,Indiana Pacers,L,,89,101,1,4,L 1
2010,NYK,2009-11-06,8:00p,,Cleveland Cavaliers,L,,91,100,1,5,L 2
2010,NYK,2009-11-07,8:30p,@,Milwaukee Bucks,L,,87,102,1,6,L 3
2010,NYK,2009-11-09,7:30p,,Utah Jazz,L,,93,95,1,7,L 4
2010,NYK,2009-11-11,7:30p,,Atlanta Hawks,L,,101,114,1,8,L 5
2010,NYK,2009-11-13,7:30p,,Golden State Warriors,L,,107,121,1,9,L 6
2010,NYK,2009-11-18,7:00p,@,Indiana Pacers,W,,110,103,2,9,W 1
2010,NYK,2009-11-21,1:00p,@,New Jersey Nets,W,,98,91,3,9,W 2
2010,NYK,2009-11-22,1:00p,,Boston Celtics,L,OT,105,107,3,10,L 1
2010,NYK,2009-11-24,10:30p,@,Los Angeles Lakers,L,,90,100,3,11,L 2
2010,NYK,2009-11-25,10:00p,@,Sacramento Kings,L,,97,111,3,12,L 3
2010,NYK,2009-11-27,9:00p,@,Denver Nuggets,L,,125,128,3,13,L 4
2010,NYK,2009-11-29,6:00p,,Orlando Magic,L,,102,114,3,14,L 5
2010,NYK,2009-12-01,7:30p,,Phoenix Suns,W,,126,99,4,14,W 1
2010,NYK,2009-12-02,7:00p,@,Orlando Magic,L,,104,118,4,15,L 1
2010,NYK,2009-12-04,7:30p,@,Atlanta Hawks,W,,114,107,5,15,W 1
2010,NYK,2009-12-06,12:00p,,New Jersey Nets,W,,106,97,6,15,W 2
2010,NYK,2009-12-07,7:30p,,Portland Trail Blazers,W,,93,84,7,15,W 3
2010,NYK,2009-12-11,8:00p,@,New Orleans Hornets,W,,113,96,8,15,W 4
2010,NYK,2009-12-15,7:00p,@,Charlotte Bobcats,L,,87,94,8,16,L 1
2010,NYK,2009-12-17,8:00p,@,Chicago Bulls,L,,89,98,8,17,L 2
2010,NYK,2009-12-18,8:00p,,Los Angeles Clippers,W,,95,91,9,17,W 1
2010,NYK,2009-12-20,7:30p,,Charlotte Bobcats,W,,98,94,10,17,W 2
2010,NYK,2009-12-22,7:30p,,Chicago Bulls,W,,88,81,11,17,W 3
2010,NYK,2009-12-25,12:00p,,Miami Heat,L,,87,93,11,18,L 1
2010,NYK,2009-12-27,6:00p,,San Antonio Spurs,L,,88,95,11,19,L 2
2010,NYK,2009-12-29,7:30p,@,Detroit Pistons,W,,104,87,12,19,W 1
2010,NYK,2009-12-30,7:30p,@,New Jersey Nets,L,,95,104,12,20,L 1
2010,NYK,2010-01-01,7:30p,@,Atlanta Hawks,W,OT,112,108,13,20,W 1
2010,NYK,2010-01-03,6:00p,,Indiana Pacers,W,,132,89,14,20,W 2
2010,NYK,2010-01-07,7:30p,,Charlotte Bobcats,W,,97,93,15,20,W 3
2010,NYK,2010-01-09,8:30p,@,Houston Rockets,L,,96,105,15,21,L 1
2010,NYK,2010-01-11,8:00p,@,Oklahoma City Thunder,L,,88,106,15,22,L 2
2010,NYK,2010-01-13,7:00p,@,Philadelphia 76ers,W,,93,92,16,22,W 1
2010,NYK,2010-01-15,8:00p,,Toronto Raptors,L,,104,112,16,23,L 1
2010,NYK,2010-01-16,7:30p,@,Detroit Pistons,L,,90,94,16,24,L 2
2010,NYK,2010-01-18,1:00p,,Detroit Pistons,W,,99,91,17,24,W 1
2010,NYK,2010-01-22,8:00p,,Los Angeles Lakers,L,,105,115,17,25,L 1
2010,NYK,2010-01-24,1:00p,,Dallas Mavericks,L,,78,128,17,26,L 2
2010,NYK,2010-01-26,7:30p,,Minnesota Timberwolves,W,,132,105,18,26,W 1
2010,NYK,2010-01-28,7:30p,,Toronto Raptors,L,,104,106,18,27,L 1
2010,NYK,2010-01-30,8:00p,@,Washington Wizards,L,,96,106,18,28,L 2
2010,NYK,2010-01-31,7:00p,@,Minnesota Timberwolves,L,,91,112,18,29,L 3
2010,NYK,2010-02-03,7:30p,,Washington Wizards,W,,107,85,19,29,W 1
2010,NYK,2010-02-05,7:30p,,Milwaukee Bucks,L,,107,114,19,30,L 1
2010,NYK,2010-02-06,7:30p,@,Cleveland Cavaliers,L,,106,113,19,31,L 2
2010,NYK,2010-02-09,7:30p,,Sacramento Kings,L,OT,114,118,19,32,L 3
2010,NYK,2010-02-16,8:00p,@,Chicago Bulls,L,,85,118,19,33,L 4
2010,NYK,2010-02-17,7:30p,,Chicago Bulls,L,,109,115,19,34,L 5
2010,NYK,2010-02-20,7:30p,,Oklahoma City Thunder,L,OT,118,121,19,35,L 6
2010,NYK,2010-02-22,7:30p,,Milwaukee Bucks,L,,67,83,19,36,L 7
2010,NYK,2010-02-23,7:30p,@,Boston Celtics,L,,106,110,19,37,L 8
2010,NYK,2010-02-26,7:00p,@,Washington Wizards,W,OT,118,116,20,37,W 1
2010,NYK,2010-02-27,7:30p,,Memphis Grizzlies,L,,109,120,20,38,L 1
2010,NYK,2010-03-01,7:00p,@,Cleveland Cavaliers,L,,93,124,20,39,L 2
2010,NYK,2010-03-03,7:30p,,Detroit Pistons,W,,128,104,21,39,W 1
2010,NYK,2010-03-05,7:00p,@,Toronto Raptors,L,,96,102,21,40,L 1
2010,NYK,2010-03-06,7:30p,,New Jersey Nets,L,,93,113,21,41,L 2
2010,NYK,2010-03-08,7:30p,,Atlanta Hawks,W,,99,98,22,41,W 1
2010,NYK,2010-03-10,8:30p,@,San Antonio Spurs,L,,87,97,22,42,L 1
2010,NYK,2010-03-12,8:00p,@,Memphis Grizzlies,L,,112,119,22,43,L 2
2010,NYK,2010-03-13,8:30p,@,Dallas Mavericks,W,,128,94,23,43,W 1
2010,NYK,2010-03-15,7:00p,@,Philadelphia 76ers,W,,94,84,24,43,W 2
2010,NYK,2010-03-17,7:30p,@,Boston Celtics,L,,97,109,24,44,L 1
2010,NYK,2010-03-19,7:30p,,Philadelphia 76ers,W,,92,88,25,44,W 1
2010,NYK,2010-03-21,1:00p,,Houston Rockets,L,,112,116,25,45,L 1
2010,NYK,2010-03-23,7:30p,,Denver Nuggets,W,,109,104,26,45,W 1
2010,NYK,2010-03-26,10:00p,@,Phoenix Suns,L,,96,132,26,46,L 1
2010,NYK,2010-03-29,9:00p,@,Utah Jazz,L,,98,103,26,47,L 2
2010,NYK,2010-03-31,10:00p,@,Portland Trail Blazers,L,,90,118,26,48,L 3
2010,NYK,2010-04-02,10:30p,@,Golden State Warriors,L,,117,128,26,49,L 4
2010,NYK,2010-04-04,9:30p,@,Los Angeles Clippers,W,,113,107,27,49,W 1
2010,NYK,2010-04-06,7:30p,,Boston Celtics,W,,104,101,28,49,W 2
2010,NYK,2010-04-07,7:00p,@,Indiana Pacers,L,,105,113,28,50,L 1
2010,NYK,2010-04-09,7:00p,@,Orlando Magic,L,,103,118,28,51,L 2
2010,NYK,2010-04-11,6:00p,,Miami Heat,L,,98,111,28,52,L 3
2010,NYK,2010-04-12,7:30p,,Washington Wizards,W,,114,103,29,52,W 1
2010,NYK,2010-04-14,8:00p,@,Toronto Raptors,L,,113,131,29,53,L 1
2010,OKC,2009-10-28,8:00p,,Sacramento Kings,W,,102,89,1,0,W 1
2010,OKC,2009-10-30,8:00p,@,Detroit Pistons,W,,91,83,2,0,W 2
2010,OKC,2009-11-01,7:00p,,Portland Trail Blazers,L,,74,83,2,1,L 1
2010,OKC,2009-11-03,8:00p,,Los Angeles Lakers,L,OT,98,101,2,2,L 2
2010,OKC,2009-11-06,8:30p,@,Houston Rockets,L,,94,105,2,3,L 3
2010,OKC,2009-11-08,7:00p,,Orlando Magic,W,,102,74,3,3,W 1
2010,OKC,2009-11-10,10:00p,@,Sacramento Kings,L,,98,101,3,4,L 1
2010,OKC,2009-11-11,10:30p,@,Los Angeles Clippers,W,,83,79,4,4,W 1
2010,OKC,2009-11-14,8:30p,@,San Antonio Spurs,W,,101,98,5,4,W 2
2010,OKC,2009-11-15,7:00p,,Los Angeles Clippers,L,,93,101,5,5,L 1
2010,OKC,2009-11-17,7:30p,@,Miami Heat,W,,100,87,6,5,W 1
2010,OKC,2009-11-18,7:00p,@,Orlando Magic,L,,94,108,6,6,L 1
2010,OKC,2009-11-20,8:00p,,Washington Wizards,W,,127,108,7,6,W 1
2010,OKC,2009-11-22,9:30p,@,Los Angeles Lakers,L,,85,101,7,7,L 1
2010,OKC,2009-11-24,9:00p,@,Utah Jazz,W,,104,94,8,7,W 1
2010,OKC,2009-11-27,9:30p,,Milwaukee Bucks,W,,108,90,9,7,W 2
2010,OKC,2009-11-29,7:00p,,Houston Rockets,L,,91,100,9,8,L 1
2010,OKC,2009-12-02,8:00p,,Philadelphia 76ers,W,,117,106,10,8,W 1
2010,OKC,2009-12-04,8:00p,,Boston Celtics,L,,87,105,10,9,L 1
2010,OKC,2009-12-07,8:00p,,Golden State Warriors,W,,104,88,11,9,W 1
2010,OKC,2009-12-11,8:00p,@,Memphis Grizzlies,W,,102,94,12,9,W 2
2010,OKC,2009-12-13,7:00p,,Cleveland Cavaliers,L,,89,102,12,10,L 1
2010,OKC,2009-12-14,9:00p,@,Denver Nuggets,L,,93,102,12,11,L 2
2010,OKC,2009-12-16,8:00p,,Dallas Mavericks,L,,86,100,12,12,L 3
2010,OKC,2009-12-18,8:00p,,Detroit Pistons,W,,109,98,13,12,W 1
2010,OKC,2009-12-19,8:30p,@,Houston Rockets,L,,90,95,13,13,L 1
2010,OKC,2009-12-22,10:30p,@,Los Angeles Lakers,L,,108,111,13,14,L 2
2010,OKC,2009-12-23,9:00p,@,Phoenix Suns,W,,117,113,14,14,W 1
2010,OKC,2009-12-26,8:00p,,Charlotte Bobcats,W,,98,91,15,14,W 2
2010,OKC,2009-12-28,7:30p,@,New Jersey Nets,W,,105,89,16,14,W 3
2010,OKC,2009-12-29,7:00p,@,Washington Wizards,W,,110,98,17,14,W 4
2010,OKC,2009-12-31,8:00p,,Utah Jazz,W,,87,86,18,14,W 5
2010,OKC,2010-01-02,8:30p,@,Milwaukee Bucks,L,OT,97,103,18,15,L 1
2010,OKC,2010-01-04,8:00p,@,Chicago Bulls,W,,98,85,19,15,W 1
2010,OKC,2010-01-06,8:00p,,New Orleans Hornets,L,,92,97,19,16,L 1
2010,OKC,2010-01-09,8:00p,,Indiana Pacers,W,,108,102,20,16,W 1
2010,OKC,2010-01-11,8:00p,,New York Knicks,W,,106,88,21,16,W 2
2010,OKC,2010-01-13,8:00p,,San Antonio Spurs,L,OT,108,109,21,17,L 1
2010,OKC,2010-01-15,8:30p,@,Dallas Mavericks,L,,98,99,21,18,L 2
2010,OKC,2010-01-16,8:00p,,Miami Heat,W,,98,80,22,18,W 1
2010,OKC,2010-01-18,2:00p,@,Atlanta Hawks,W,,94,91,23,18,W 2
2010,OKC,2010-01-20,8:00p,@,Minnesota Timberwolves,W,,94,92,24,18,W 3
2010,OKC,2010-01-22,8:00p,@,Memphis Grizzlies,L,,84,86,24,19,L 1
2010,OKC,2010-01-23,7:30p,@,Cleveland Cavaliers,L,,99,100,24,20,L 2
2010,OKC,2010-01-27,8:00p,,Chicago Bulls,L,,86,96,24,21,L 3
2010,OKC,2010-01-29,8:00p,,Denver Nuggets,W,,101,84,25,21,W 1
2010,OKC,2010-01-31,7:00p,,Golden State Warriors,W,,112,104,26,21,W 2
2010,OKC,2010-02-02,8:00p,,Atlanta Hawks,W,,106,99,27,21,W 3
2010,OKC,2010-02-03,8:00p,@,New Orleans Hornets,W,,103,99,28,21,W 4
2010,OKC,2010-02-06,10:30p,@,Golden State Warriors,W,,104,95,29,21,W 5
2010,OKC,2010-02-09,10:00p,@,Portland Trail Blazers,W,,89,77,30,21,W 6
2010,OKC,2010-02-16,8:00p,,Dallas Mavericks,W,,99,86,31,21,W 7
2010,OKC,2010-02-20,7:30p,@,New York Knicks,W,OT,121,118,32,21,W 8
2010,OKC,2010-02-21,7:00p,@,Minnesota Timberwolves,W,,109,107,33,21,W 9
2010,OKC,2010-02-23,8:00p,,Phoenix Suns,L,,102,104,33,22,L 1
2010,OKC,2010-02-24,8:30p,@,San Antonio Spurs,L,,87,95,33,23,L 2
2010,OKC,2010-02-26,8:00p,,Minnesota Timberwolves,W,,109,92,34,23,W 1
2010,OKC,2010-02-28,7:00p,,Toronto Raptors,W,,119,99,35,23,W 2
2010,OKC,2010-03-02,8:00p,,Sacramento Kings,W,,113,107,36,23,W 3
2010,OKC,2010-03-03,9:00p,@,Denver Nuggets,L,,90,119,36,24,L 1
2010,OKC,2010-03-05,10:30p,@,Los Angeles Clippers,W,,104,87,37,24,W 1
2010,OKC,2010-03-07,9:00p,@,Sacramento Kings,W,,108,102,38,24,W 2
2010,OKC,2010-03-10,8:00p,,New Orleans Hornets,W,,98,83,39,24,W 3
2010,OKC,2010-03-12,8:00p,,New Jersey Nets,W,,104,102,40,24,W 4
2010,OKC,2010-03-14,7:00p,,Utah Jazz,W,,119,111,41,24,W 5
2010,OKC,2010-03-17,7:00p,@,Charlotte Bobcats,L,,92,100,41,25,L 1
2010,OKC,2010-03-19,7:00p,@,Toronto Raptors,W,,115,89,42,25,W 1
2010,OKC,2010-03-21,2:30p,@,Indiana Pacers,L,,101,121,42,26,L 1
2010,OKC,2010-03-22,8:00p,,San Antonio Spurs,L,,96,99,42,27,L 2
2010,OKC,2010-03-24,8:00p,,Houston Rockets,W,,122,104,43,27,W 1
2010,OKC,2010-03-26,8:00p,,Los Angeles Lakers,W,,91,75,44,27,W 2
2010,OKC,2010-03-28,7:00p,,Portland Trail Blazers,L,,87,92,44,28,L 1
2010,OKC,2010-03-30,7:00p,@,Philadelphia 76ers,W,,111,93,45,28,W 1
2010,OKC,2010-03-31,7:30p,@,Boston Celtics,W,,109,104,46,28,W 2
2010,OKC,2010-04-03,8:30p,@,Dallas Mavericks,W,,121,116,47,28,W 3
2010,OKC,2010-04-04,7:00p,,Minnesota Timberwolves,W,,116,108,48,28,W 4
2010,OKC,2010-04-06,9:00p,@,Utah Jazz,L,OT,139,140,48,29,L 1
2010,OKC,2010-04-07,8:00p,,Denver Nuggets,L,,94,98,48,30,L 2
2010,OKC,2010-04-09,8:00p,,Phoenix Suns,W,,96,91,49,30,W 1
2010,OKC,2010-04-11,9:00p,@,Golden State Warriors,L,,117,120,49,31,L 1
2010,OKC,2010-04-12,10:00p,@,Portland Trail Blazers,L,,95,103,49,32,L 2
2010,OKC,2010-04-14,8:00p,,Memphis Grizzlies,W,,114,105,50,32,W 1
2010,OKC,2010-04-18,3:00p,@,Los Angeles Lakers,L,,79,87,0,1,L 1
2010,OKC,2010-04-20,10:30p,@,Los Angeles Lakers,L,,92,95,0,2,L 2
2010,OKC,2010-04-22,9:30p,,Los Angeles Lakers,W,,101,96,1,2,W 1
2010,OKC,2010-04-24,9:30p,,Los Angeles Lakers,W,,110,89,2,2,W 2
2010,OKC,2010-04-27,10:30p,@,Los Angeles Lakers,L,,87,111,2,3,L 1
2010,OKC,2010-04-30,9:30p,,Los Angeles Lakers,L,,94,95,2,4,L 2
2010,ORL,2009-10-28,7:00p,,Philadelphia 76ers,W,,120,106,1,0,W 1
2010,ORL,2009-10-30,8:00p,@,New Jersey Nets,W,,95,85,2,0,W 2
2010,ORL,2009-11-01,1:00p,@,Toronto Raptors,W,,125,116,3,0,W 3
2010,ORL,2009-11-03,7:30p,@,Detroit Pistons,L,,80,85,3,1,L 1
2010,ORL,2009-11-04,7:00p,,Phoenix Suns,W,,122,100,4,1,W 1
2010,ORL,2009-11-06,7:00p,,Detroit Pistons,W,,110,103,5,1,W 2
2010,ORL,2009-11-08,7:00p,@,Oklahoma City Thunder,L,,74,102,5,2,L 1
2010,ORL,2009-11-10,7:00p,@,Charlotte Bobcats,W,,93,81,6,2,W 1
2010,ORL,2009-11-11,8:00p,,Cleveland Cavaliers,L,,93,102,6,3,L 1
2010,ORL,2009-11-13,7:00p,,New Jersey Nets,W,,88,72,7,3,W 1
2010,ORL,2009-11-16,7:00p,,Charlotte Bobcats,W,,97,91,8,3,W 2
2010,ORL,2009-11-18,7:00p,,Oklahoma City Thunder,W,,108,94,9,3,W 3
2010,ORL,2009-11-20,8:00p,@,Boston Celtics,W,,83,78,10,3,W 4
2010,ORL,2009-11-22,12:30p,@,Toronto Raptors,W,,104,96,11,3,W 5
2010,ORL,2009-11-25,7:30p,,Miami Heat,L,,98,99,11,4,L 1
2010,ORL,2009-11-26,8:00p,@,Atlanta Hawks,W,,93,76,12,4,W 1
2010,ORL,2009-11-28,9:00p,@,Milwaukee Bucks,W,,100,98,13,4,W 2
2010,ORL,2009-11-29,6:00p,@,New York Knicks,W,,114,102,14,4,W 3
2010,ORL,2009-12-02,7:00p,,New York Knicks,W,,118,104,15,4,W 4
2010,ORL,2009-12-05,10:30p,@,Golden State Warriors,W,,126,118,16,4,W 5
2010,ORL,2009-12-08,10:30p,@,Los Angeles Clippers,W,,97,86,17,4,W 6
2010,ORL,2009-12-10,10:30p,@,Utah Jazz,L,,111,120,17,5,L 1
2010,ORL,2009-12-11,10:30p,@,Phoenix Suns,L,,103,106,17,6,L 2
2010,ORL,2009-12-14,7:00p,,Indiana Pacers,W,,106,98,18,6,W 1
2010,ORL,2009-12-16,7:00p,,Toronto Raptors,W,,118,99,19,6,W 2
2010,ORL,2009-12-17,8:00p,@,Miami Heat,L,,86,104,19,7,L 1
2010,ORL,2009-12-19,7:00p,,Portland Trail Blazers,W,,92,83,20,7,W 1
2010,ORL,2009-12-21,7:00p,,Utah Jazz,W,,104,99,21,7,W 2
2010,ORL,2009-12-23,7:00p,,Houston Rockets,W,,102,87,22,7,W 3
2010,ORL,2009-12-25,2:30p,,Boston Celtics,L,,77,86,22,8,L 1
2010,ORL,2009-12-30,7:00p,,Milwaukee Bucks,W,,117,92,23,8,W 1
2010,ORL,2010-01-01,8:00p,@,Minnesota Timberwolves,W,,106,94,24,8,W 2
2010,ORL,2010-01-02,8:00p,@,Chicago Bulls,L,,93,101,24,9,L 1
2010,ORL,2010-01-05,7:00p,@,Indiana Pacers,L,,90,97,24,10,L 2
2010,ORL,2010-01-06,7:00p,,Toronto Raptors,L,,103,108,24,11,L 3
2010,ORL,2010-01-08,7:00p,@,Washington Wizards,L,,97,104,24,12,L 4
2010,ORL,2010-01-09,7:00p,,Atlanta Hawks,W,,113,81,25,12,W 1
2010,ORL,2010-01-12,10:00p,@,Sacramento Kings,W,,109,88,26,12,W 2
2010,ORL,2010-01-13,9:00p,@,Denver Nuggets,L,,97,115,26,13,L 1
2010,ORL,2010-01-15,10:30p,@,Portland Trail Blazers,L,,87,102,26,14,L 2
2010,ORL,2010-01-18,10:30p,@,Los Angeles Lakers,L,,92,98,26,15,L 3
2010,ORL,2010-01-20,7:00p,,Indiana Pacers,W,,109,98,27,15,W 1
2010,ORL,2010-01-22,7:00p,,Sacramento Kings,W,,100,84,28,15,W 2
2010,ORL,2010-01-23,7:00p,@,Charlotte Bobcats,W,OT,106,95,29,15,W 3
2010,ORL,2010-01-25,8:00p,@,Memphis Grizzlies,L,,94,99,29,16,L 1
2010,ORL,2010-01-28,8:00p,,Boston Celtics,W,,96,94,30,16,W 1
2010,ORL,2010-01-30,7:00p,,Atlanta Hawks,W,,104,86,31,16,W 2
2010,ORL,2010-01-31,6:00p,@,Detroit Pistons,W,,91,86,32,16,W 3
2010,ORL,2010-02-02,7:00p,,Milwaukee Bucks,W,,99,82,33,16,W 4
2010,ORL,2010-02-05,7:00p,,Washington Wizards,L,,91,92,33,17,L 1
2010,ORL,2010-02-07,2:30p,@,Boston Celtics,W,,96,89,34,17,W 1
2010,ORL,2010-02-08,8:00p,,New Orleans Hornets,W,,123,117,35,17,W 2
2010,ORL,2010-02-10,8:00p,@,Chicago Bulls,W,,107,87,36,17,W 3
2010,ORL,2010-02-11,8:00p,@,Cleveland Cavaliers,L,,106,115,36,18,L 1
2010,ORL,2010-02-17,7:00p,,Detroit Pistons,W,,116,91,37,18,W 1
2010,ORL,2010-02-19,8:00p,,Dallas Mavericks,L,,85,95,37,19,L 1
2010,ORL,2010-02-21,1:00p,,Cleveland Cavaliers,W,,101,95,38,19,W 1
2010,ORL,2010-02-24,8:30p,@,Houston Rockets,W,,110,92,39,19,W 2
2010,ORL,2010-02-26,9:30p,@,New Orleans Hornets,L,,93,100,39,20,L 1
2010,ORL,2010-02-28,7:00p,,Miami Heat,W,,96,80,40,20,W 1
2010,ORL,2010-03-01,7:00p,@,Philadelphia 76ers,W,,126,105,41,20,W 2
2010,ORL,2010-03-03,7:00p,,Golden State Warriors,W,,117,90,42,20,W 3
2010,ORL,2010-03-05,8:00p,@,New Jersey Nets,W,,97,87,43,20,W 4
2010,ORL,2010-03-07,2:30p,,Los Angeles Lakers,W,,96,94,44,20,W 5
2010,ORL,2010-03-09,7:00p,,Los Angeles Clippers,W,,113,87,45,20,W 6
2010,ORL,2010-03-11,8:00p,,Chicago Bulls,W,,111,82,46,20,W 7
2010,ORL,2010-03-13,7:00p,@,Washington Wizards,W,,109,95,47,20,W 8
2010,ORL,2010-03-14,6:00p,,Charlotte Bobcats,L,,89,96,47,21,L 1
2010,ORL,2010-03-17,8:00p,,San Antonio Spurs,W,,110,84,48,21,W 1
2010,ORL,2010-03-18,7:00p,@,Miami Heat,W,OT,108,102,49,21,W 2
2010,ORL,2010-03-22,7:00p,@,Philadelphia 76ers,W,,109,93,50,21,W 3
2010,ORL,2010-03-24,7:00p,@,Atlanta Hawks,L,,84,86,50,22,L 1
2010,ORL,2010-03-26,7:00p,,Minnesota Timberwolves,W,,106,97,51,22,W 1
2010,ORL,2010-03-28,6:00p,,Denver Nuggets,W,,103,97,52,22,W 2
2010,ORL,2010-04-01,8:00p,@,Dallas Mavericks,W,,97,82,53,22,W 3
2010,ORL,2010-04-02,8:30p,@,San Antonio Spurs,L,,100,112,53,23,L 1
2010,ORL,2010-04-04,6:00p,,Memphis Grizzlies,W,,107,92,54,23,W 1
2010,ORL,2010-04-07,7:00p,,Washington Wizards,W,,121,94,55,23,W 2
2010,ORL,2010-04-09,7:00p,,New York Knicks,W,,118,103,56,23,W 3
2010,ORL,2010-04-11,1:00p,@,Cleveland Cavaliers,W,,98,92,57,23,W 4
2010,ORL,2010-04-12,7:00p,@,Indiana Pacers,W,,118,98,58,23,W 5
2010,ORL,2010-04-14,8:00p,,Philadelphia 76ers,W,,125,111,59,23,W 6
2010,ORL,2010-04-18,5:30p,,Charlotte Bobcats,W,,98,89,1,0,W 1
2010,ORL,2010-04-21,7:00p,,Charlotte Bobcats,W,,92,77,2,0,W 2
2010,ORL,2010-04-24,2:00p,@,Charlotte Bobcats,W,,90,86,3,0,W 3
2010,ORL,2010-04-26,8:00p,@,Charlotte Bobcats,W,,99,90,4,0,W 4
2010,ORL,2010-05-04,8:00p,,Atlanta Hawks,W,,114,71,5,0,W 5
2010,ORL,2010-05-06,8:00p,,Atlanta Hawks,W,,112,98,6,0,W 6
2010,ORL,2010-05-08,5:00p,@,Atlanta Hawks,W,,105,75,7,0,W 7
2010,ORL,2010-05-10,8:00p,@,Atlanta Hawks,W,,98,84,8,0,W 8
2010,ORL,2010-05-16,3:30p,,Boston Celtics,L,,88,92,8,1,L 1
2010,ORL,2010-05-18,8:30p,,Boston Celtics,L,,92,95,8,2,L 2
2010,ORL,2010-05-22,8:30p,@,Boston Celtics,L,,71,94,8,3,L 3
2010,ORL,2010-05-24,8:30p,@,Boston Celtics,W,OT,96,92,9,3,W 1
2010,ORL,2010-05-26,8:30p,,Boston Celtics,W,,113,92,10,3,W 2
2010,ORL,2010-05-28,8:30p,@,Boston Celtics,L,,84,96,10,4,L 1
2010,PHI,2009-10-28,7:00p,@,Orlando Magic,L,,106,120,0,1,L 1
2010,PHI,2009-10-30,7:00p,,Milwaukee Bucks,W,,99,86,1,1,W 1
2010,PHI,2009-10-31,7:30p,@,New York Knicks,W,OT,141,127,2,1,W 2
2010,PHI,2009-11-03,7:00p,,Boston Celtics,L,,74,105,2,2,L 1
2010,PHI,2009-11-06,7:00p,,New Jersey Nets,W,,97,94,3,2,W 1
2010,PHI,2009-11-08,1:00p,@,Detroit Pistons,L,,81,88,3,3,L 1
2010,PHI,2009-11-09,7:00p,,Phoenix Suns,L,,115,119,3,4,L 2
2010,PHI,2009-11-11,7:30p,@,New Jersey Nets,W,,82,79,4,4,W 1
2010,PHI,2009-11-13,7:00p,,Utah Jazz,L,,90,112,4,5,L 1
2010,PHI,2009-11-14,8:00p,@,Chicago Bulls,L,,88,94,4,6,L 2
2010,PHI,2009-11-18,7:00p,,Charlotte Bobcats,W,,86,84,5,6,W 1
2010,PHI,2009-11-20,7:00p,,Memphis Grizzlies,L,,97,102,5,7,L 1
2010,PHI,2009-11-21,7:30p,@,Cleveland Cavaliers,L,,91,97,5,8,L 2
2010,PHI,2009-11-24,7:00p,@,Washington Wizards,L,,107,108,5,9,L 3
2010,PHI,2009-11-25,7:30p,@,Boston Celtics,L,,110,113,5,10,L 4
2010,PHI,2009-11-27,7:30p,,Atlanta Hawks,L,,86,100,5,11,L 5
2010,PHI,2009-11-29,7:00p,@,San Antonio Spurs,L,,89,97,5,12,L 6
2010,PHI,2009-11-30,8:30p,@,Dallas Mavericks,L,,102,104,5,13,L 7
2010,PHI,2009-12-02,8:00p,@,Oklahoma City Thunder,L,,106,117,5,14,L 8
2010,PHI,2009-12-05,7:00p,@,Charlotte Bobcats,L,,105,106,5,15,L 9
2010,PHI,2009-12-07,7:00p,,Denver Nuggets,L,,83,93,5,16,L 10
2010,PHI,2009-12-09,7:00p,,Detroit Pistons,L,,86,90,5,17,L 11
2010,PHI,2009-12-11,7:00p,,Houston Rockets,L,,91,96,5,18,L 12
2010,PHI,2009-12-14,7:00p,,Golden State Warriors,W,,117,101,6,18,W 1
2010,PHI,2009-12-16,7:00p,,Cleveland Cavaliers,L,,101,108,6,19,L 1
2010,PHI,2009-12-18,7:30p,@,Boston Celtics,W,,98,97,7,19,W 1
2010,PHI,2009-12-19,7:30p,,Los Angeles Clippers,L,OT,107,112,7,20,L 1
2010,PHI,2009-12-22,7:00p,@,Washington Wizards,L,,98,105,7,21,L 2
2010,PHI,2009-12-26,9:00p,@,Utah Jazz,L,,76,97,7,22,L 3
2010,PHI,2009-12-28,10:00p,@,Portland Trail Blazers,W,,104,93,8,22,W 1
2010,PHI,2009-12-30,10:00p,@,Sacramento Kings,W,,116,106,9,22,W 2
2010,PHI,2009-12-31,9:30p,@,Los Angeles Clippers,L,,88,104,9,23,L 1
2010,PHI,2010-01-03,8:00p,@,Denver Nuggets,W,,108,105,10,23,W 1
2010,PHI,2010-01-05,7:00p,,Washington Wizards,L,,97,104,10,24,L 1
2010,PHI,2010-01-08,7:00p,,Toronto Raptors,L,,106,108,10,25,L 2
2010,PHI,2010-01-09,7:30p,@,Detroit Pistons,W,,104,94,11,25,W 1
2010,PHI,2010-01-11,7:00p,,New Orleans Hornets,W,,96,92,12,25,W 2
2010,PHI,2010-01-13,7:00p,,New York Knicks,L,,92,93,12,26,L 1
2010,PHI,2010-01-15,7:00p,,Sacramento Kings,W,,98,86,13,26,W 1
2010,PHI,2010-01-18,3:30p,@,Minnesota Timberwolves,L,OT,103,108,13,27,L 1
2010,PHI,2010-01-20,7:00p,,Portland Trail Blazers,L,,90,98,13,28,L 2
2010,PHI,2010-01-22,7:00p,,Dallas Mavericks,W,,92,81,14,28,W 1
2010,PHI,2010-01-23,7:00p,@,Indiana Pacers,W,,107,97,15,28,W 2
2010,PHI,2010-01-25,7:00p,,Indiana Pacers,L,,98,109,15,29,L 1
2010,PHI,2010-01-27,8:00p,@,Milwaukee Bucks,L,,88,91,15,30,L 2
2010,PHI,2010-01-29,7:00p,,Los Angeles Lakers,L,,91,99,15,31,L 3
2010,PHI,2010-01-31,6:00p,@,New Jersey Nets,W,,83,79,16,31,W 1
2010,PHI,2010-02-03,7:00p,,Chicago Bulls,W,OT,106,103,17,31,W 2
2010,PHI,2010-02-05,8:00p,@,New Orleans Hornets,W,,101,94,18,31,W 3
2010,PHI,2010-02-06,8:30p,@,Houston Rockets,W,,102,95,19,31,W 4
2010,PHI,2010-02-09,7:00p,,Minnesota Timberwolves,W,,119,97,20,31,W 5
2010,PHI,2010-02-10,7:00p,@,Toronto Raptors,L,,93,104,20,32,L 1
2010,PHI,2010-02-16,7:00p,,Miami Heat,L,,78,105,20,33,L 2
2010,PHI,2010-02-19,7:00p,,San Antonio Spurs,W,,106,94,21,33,W 1
2010,PHI,2010-02-20,8:00p,@,Chicago Bulls,L,,90,122,21,34,L 1
2010,PHI,2010-02-23,10:30p,@,Golden State Warriors,W,,110,102,22,34,W 1
2010,PHI,2010-02-24,9:00p,@,Phoenix Suns,L,,95,106,22,35,L 1
2010,PHI,2010-02-26,10:30p,@,Los Angeles Lakers,L,,90,99,22,36,L 2
2010,PHI,2010-03-01,7:00p,,Orlando Magic,L,,105,126,22,37,L 3
2010,PHI,2010-03-03,7:00p,@,Atlanta Hawks,L,,93,112,22,38,L 4
2010,PHI,2010-03-05,7:00p,,Boston Celtics,L,,86,96,22,39,L 5
2010,PHI,2010-03-07,12:00p,@,Toronto Raptors,W,,114,101,23,39,W 1
2010,PHI,2010-03-09,7:00p,@,Indiana Pacers,L,,96,107,23,40,L 1
2010,PHI,2010-03-10,7:00p,,Charlotte Bobcats,L,,87,102,23,41,L 2
2010,PHI,2010-03-12,7:00p,,Cleveland Cavaliers,L,,95,100,23,42,L 3
2010,PHI,2010-03-14,6:00p,@,Miami Heat,L,,91,104,23,43,L 4
2010,PHI,2010-03-15,7:00p,,New York Knicks,L,,84,94,23,44,L 5
2010,PHI,2010-03-17,7:00p,,New Jersey Nets,W,,108,97,24,44,W 1
2010,PHI,2010-03-19,7:30p,@,New York Knicks,L,,88,92,24,45,L 1
2010,PHI,2010-03-20,7:00p,,Chicago Bulls,L,,84,98,24,46,L 2
2010,PHI,2010-03-22,7:00p,,Orlando Magic,L,,93,109,24,47,L 3
2010,PHI,2010-03-24,8:00p,@,Milwaukee Bucks,W,,101,86,25,47,W 1
2010,PHI,2010-03-26,7:00p,,Atlanta Hawks,W,,105,98,26,47,W 2
2010,PHI,2010-03-30,7:00p,,Oklahoma City Thunder,L,,93,111,26,48,L 1
2010,PHI,2010-03-31,7:00p,@,Charlotte Bobcats,L,,84,103,26,49,L 2
2010,PHI,2010-04-03,1:00p,,Toronto Raptors,L,OT,123,128,26,50,L 3
2010,PHI,2010-04-06,7:00p,,Detroit Pistons,L,,103,124,26,51,L 4
2010,PHI,2010-04-07,7:30p,@,Miami Heat,L,,95,99,26,52,L 5
2010,PHI,2010-04-09,7:00p,,Milwaukee Bucks,L,,90,95,26,53,L 6
2010,PHI,2010-04-10,8:00p,@,Memphis Grizzlies,W,,120,101,27,53,W 1
2010,PHI,2010-04-12,7:00p,,Miami Heat,L,,105,107,27,54,L 1
2010,PHI,2010-04-14,8:00p,@,Orlando Magic,L,,111,125,27,55,L 2
2010,PHO,2009-10-28,10:30p,@,Los Angeles Clippers,W,,109,107,1,0,W 1
2010,PHO,2009-10-30,10:00p,,Golden State Warriors,W,,123,101,2,0,W 2
2010,PHO,2009-11-01,8:00p,,Minnesota Timberwolves,W,,120,112,3,0,W 3
2010,PHO,2009-11-03,7:30p,@,Miami Heat,W,,104,96,4,0,W 4
2010,PHO,2009-11-04,7:00p,@,Orlando Magic,L,,100,122,4,1,L 1
2010,PHO,2009-11-06,7:30p,@,Boston Celtics,W,,110,103,5,1,W 1
2010,PHO,2009-11-08,1:00p,@,Washington Wizards,W,,102,90,6,1,W 2
2010,PHO,2009-11-09,7:00p,@,Philadelphia 76ers,W,,119,115,7,1,W 3
2010,PHO,2009-11-11,10:30p,,New Orleans Hornets,W,,124,104,8,1,W 4
2010,PHO,2009-11-12,10:30p,@,Los Angeles Lakers,L,,102,121,8,2,L 1
2010,PHO,2009-11-15,8:00p,,Toronto Raptors,W,,101,100,9,2,W 1
2010,PHO,2009-11-17,8:30p,@,Houston Rockets,W,,111,105,10,2,W 2
2010,PHO,2009-11-19,8:00p,@,New Orleans Hornets,L,,103,110,10,3,L 1
2010,PHO,2009-11-22,8:00p,,Detroit Pistons,W,,117,91,11,3,W 1
2010,PHO,2009-11-25,9:00p,,Memphis Grizzlies,W,,126,111,12,3,W 2
2010,PHO,2009-11-27,9:30p,@,Minnesota Timberwolves,W,,120,95,13,3,W 3
2010,PHO,2009-11-29,1:00p,@,Toronto Raptors,W,,113,94,14,3,W 4
2010,PHO,2009-12-01,7:30p,@,New York Knicks,L,,99,126,14,4,L 1
2010,PHO,2009-12-02,7:00p,@,Cleveland Cavaliers,L,,90,107,14,5,L 2
2010,PHO,2009-12-05,9:00p,,Sacramento Kings,W,,115,107,15,5,W 1
2010,PHO,2009-12-06,9:30p,@,Los Angeles Lakers,L,,88,108,15,6,L 1
2010,PHO,2009-12-08,8:30p,@,Dallas Mavericks,L,,101,102,15,7,L 2
2010,PHO,2009-12-11,10:30p,,Orlando Magic,W,,106,103,16,7,W 1
2010,PHO,2009-12-12,9:00p,@,Denver Nuggets,L,,99,105,16,8,L 1
2010,PHO,2009-12-15,9:00p,,San Antonio Spurs,W,,116,104,17,8,W 1
2010,PHO,2009-12-17,10:30p,@,Portland Trail Blazers,L,,102,105,17,9,L 1
2010,PHO,2009-12-19,9:00p,,Washington Wizards,W,,121,95,18,9,W 1
2010,PHO,2009-12-21,9:00p,,Cleveland Cavaliers,L,,91,109,18,10,L 1
2010,PHO,2009-12-23,9:00p,,Oklahoma City Thunder,L,,113,117,18,11,L 2
2010,PHO,2009-12-25,8:00p,,Los Angeles Clippers,W,,124,93,19,11,W 1
2010,PHO,2009-12-26,10:30p,@,Golden State Warriors,L,,127,132,19,12,L 1
2010,PHO,2009-12-28,9:00p,,Los Angeles Lakers,W,,118,103,20,12,W 1
2010,PHO,2009-12-30,9:00p,,Boston Celtics,W,,116,98,21,12,W 2
2010,PHO,2010-01-02,9:00p,,Memphis Grizzlies,L,,103,128,21,13,L 1
2010,PHO,2010-01-05,10:00p,@,Sacramento Kings,W,,113,109,22,13,W 1
2010,PHO,2010-01-06,9:00p,,Houston Rockets,W,,118,110,23,13,W 2
2010,PHO,2010-01-08,9:00p,,Miami Heat,L,,105,109,23,14,L 1
2010,PHO,2010-01-11,9:00p,,Milwaukee Bucks,W,,105,101,24,14,W 1
2010,PHO,2010-01-13,7:00p,@,Indiana Pacers,L,,114,122,24,15,L 1
2010,PHO,2010-01-15,8:00p,@,Atlanta Hawks,L,,101,102,24,16,L 2
2010,PHO,2010-01-16,7:00p,@,Charlotte Bobcats,L,,99,125,24,17,L 3
2010,PHO,2010-01-18,5:30p,@,Memphis Grizzlies,L,,118,125,24,18,L 4
2010,PHO,2010-01-20,9:00p,,New Jersey Nets,W,,118,94,25,18,W 1
2010,PHO,2010-01-22,10:30p,,Chicago Bulls,L,,104,115,25,19,L 1
2010,PHO,2010-01-23,9:00p,,Golden State Warriors,W,,112,103,26,19,W 1
2010,PHO,2010-01-25,9:00p,@,Utah Jazz,L,,115,124,26,20,L 1
2010,PHO,2010-01-26,9:00p,,Charlotte Bobcats,L,OT,109,114,26,21,L 2
2010,PHO,2010-01-28,10:30p,,Dallas Mavericks,W,,112,106,27,21,W 1
2010,PHO,2010-01-31,7:00p,@,Houston Rockets,W,OT,115,111,28,21,W 2
2010,PHO,2010-02-01,8:00p,@,New Orleans Hornets,W,,109,100,29,21,W 3
2010,PHO,2010-02-03,10:30p,@,Denver Nuggets,W,,109,97,30,21,W 4
2010,PHO,2010-02-05,10:00p,@,Sacramento Kings,W,,114,102,31,21,W 5
2010,PHO,2010-02-10,9:00p,,Portland Trail Blazers,L,,101,108,31,22,L 1
2010,PHO,2010-02-16,8:00p,@,Memphis Grizzlies,W,,109,95,32,22,W 1
2010,PHO,2010-02-17,9:00p,@,Dallas Mavericks,L,,97,107,32,23,L 1
2010,PHO,2010-02-19,9:00p,,Atlanta Hawks,W,,88,80,33,23,W 1
2010,PHO,2010-02-21,8:00p,,Sacramento Kings,W,,104,88,34,23,W 2
2010,PHO,2010-02-23,8:00p,@,Oklahoma City Thunder,W,,104,102,35,23,W 3
2010,PHO,2010-02-24,9:00p,,Philadelphia 76ers,W,,106,95,36,23,W 4
2010,PHO,2010-02-26,9:00p,,Los Angeles Clippers,W,,125,112,37,23,W 5
2010,PHO,2010-02-28,1:00p,@,San Antonio Spurs,L,,110,113,37,24,L 1
2010,PHO,2010-03-01,9:00p,,Denver Nuggets,W,,101,85,38,24,W 1
2010,PHO,2010-03-03,10:30p,@,Los Angeles Clippers,W,,127,101,39,24,W 2
2010,PHO,2010-03-04,10:30p,,Utah Jazz,L,,108,116,39,25,L 1
2010,PHO,2010-03-06,9:00p,,Indiana Pacers,W,,113,105,40,25,W 1
2010,PHO,2010-03-12,9:00p,,Los Angeles Lakers,L,,96,102,40,26,L 1
2010,PHO,2010-03-14,9:00p,,New Orleans Hornets,W,,120,106,41,26,W 1
2010,PHO,2010-03-16,10:00p,,Minnesota Timberwolves,W,,152,114,42,26,W 2
2010,PHO,2010-03-19,10:00p,,Utah Jazz,W,,110,100,43,26,W 3
2010,PHO,2010-03-21,10:30p,,Portland Trail Blazers,W,,93,87,44,26,W 4
2010,PHO,2010-03-22,10:30p,@,Golden State Warriors,W,,133,131,45,26,W 5
2010,PHO,2010-03-26,10:00p,,New York Knicks,W,,132,96,46,26,W 6
2010,PHO,2010-03-28,7:00p,@,Minnesota Timberwolves,W,,111,105,47,26,W 7
2010,PHO,2010-03-30,8:00p,@,Chicago Bulls,W,,111,105,48,26,W 8
2010,PHO,2010-03-31,7:30p,@,New Jersey Nets,W,,116,105,49,26,W 9
2010,PHO,2010-04-02,8:00p,@,Detroit Pistons,W,,109,94,50,26,W 10
2010,PHO,2010-04-03,8:30p,@,Milwaukee Bucks,L,,98,107,50,27,L 1
2010,PHO,2010-04-07,10:30p,,San Antonio Spurs,W,,112,101,51,27,W 1
2010,PHO,2010-04-09,8:00p,@,Oklahoma City Thunder,L,,91,96,51,28,L 1
2010,PHO,2010-04-11,9:00p,,Houston Rockets,W,,116,106,52,28,W 1
2010,PHO,2010-04-13,10:30p,,Denver Nuggets,W,,123,101,53,28,W 2
2010,PHO,2010-04-14,10:30p,@,Utah Jazz,W,,100,86,54,28,W 3
2010,PHO,2010-04-18,10:30p,,Portland Trail Blazers,L,,100,105,0,1,L 1
2010,PHO,2010-04-20,10:00p,,Portland Trail Blazers,W,,119,90,1,1,W 1
2010,PHO,2010-04-22,10:00p,@,Portland Trail Blazers,W,,108,89,2,1,W 2
2010,PHO,2010-04-24,4:30p,@,Portland Trail Blazers,L,,87,96,2,2,L 1
2010,PHO,2010-04-26,10:30p,,Portland Trail Blazers,W,,107,88,3,2,W 1
2010,PHO,2010-04-29,10:30p,@,Portland Trail Blazers,W,,99,90,4,2,W 2
2010,PHO,2010-05-03,10:30p,,San Antonio Spurs,W,,111,102,5,2,W 3
2010,PHO,2010-05-05,9:00p,,San Antonio Spurs,W,,110,102,6,2,W 4
2010,PHO,2010-05-07,9:30p,@,San Antonio Spurs,W,,110,96,7,2,W 5
2010,PHO,2010-05-09,8:00p,@,San Antonio Spurs,W,,107,101,8,2,W 6
2010,PHO,2010-05-17,9:00p,@,Los Angeles Lakers,L,,107,128,8,3,L 1
2010,PHO,2010-05-19,9:00p,@,Los Angeles Lakers,L,,112,124,8,4,L 2
2010,PHO,2010-05-23,8:30p,,Los Angeles Lakers,W,,118,109,9,4,W 1
2010,PHO,2010-05-25,9:00p,,Los Angeles Lakers,W,,115,106,10,4,W 2
2010,PHO,2010-05-27,9:00p,@,Los Angeles Lakers,L,,101,103,10,5,L 1
2010,PHO,2010-05-29,8:30p,,Los Angeles Lakers,L,,103,111,10,6,L 2
2010,POR,2009-10-27,10:00p,,Houston Rockets,W,,96,87,1,0,W 1
2010,POR,2009-10-29,10:30p,,Denver Nuggets,L,,94,97,1,1,L 1
2010,POR,2009-10-31,8:30p,@,Houston Rockets,L,,107,111,1,2,L 2
2010,POR,2009-11-01,7:00p,@,Oklahoma City Thunder,W,,83,74,2,2,W 1
2010,POR,2009-11-03,10:00p,,Atlanta Hawks,L,,91,97,2,3,L 1
2010,POR,2009-11-06,10:30p,,San Antonio Spurs,W,,96,84,3,3,W 1
2010,POR,2009-11-08,9:00p,,Minnesota Timberwolves,W,,116,93,4,3,W 2
2010,POR,2009-11-10,8:00p,@,Memphis Grizzlies,W,,93,79,5,3,W 3
2010,POR,2009-11-11,8:00p,@,Minnesota Timberwolves,W,,107,84,6,3,W 4
2010,POR,2009-11-13,8:00p,@,New Orleans Hornets,W,,86,78,7,3,W 5
2010,POR,2009-11-14,7:00p,@,Charlotte Bobcats,W,,80,74,8,3,W 6
2010,POR,2009-11-16,7:00p,@,Atlanta Hawks,L,OT,95,99,8,4,L 1
2010,POR,2009-11-18,10:00p,,Detroit Pistons,W,,87,81,9,4,W 1
2010,POR,2009-11-20,10:30p,@,Golden State Warriors,L,,94,108,9,5,L 1
2010,POR,2009-11-21,10:00p,,Minnesota Timberwolves,W,,106,78,10,5,W 1
2010,POR,2009-11-23,10:00p,,Chicago Bulls,W,,122,98,11,5,W 2
2010,POR,2009-11-25,10:00p,,New Jersey Nets,W,,93,83,12,5,W 3
2010,POR,2009-11-27,10:00p,,Memphis Grizzlies,L,,96,106,12,6,L 1
2010,POR,2009-11-28,9:00p,@,Utah Jazz,L,,92,108,12,7,L 2
2010,POR,2009-12-01,10:00p,,Miami Heat,L,,100,107,12,8,L 3
2010,POR,2009-12-05,10:00p,,Houston Rockets,W,,90,89,13,8,W 1
2010,POR,2009-12-07,7:30p,@,New York Knicks,L,,84,93,13,9,L 1
2010,POR,2009-12-09,7:00p,@,Indiana Pacers,W,,102,91,14,9,W 1
2010,POR,2009-12-11,8:00p,@,Cleveland Cavaliers,L,,99,104,14,10,L 1
2010,POR,2009-12-12,8:30p,@,Milwaukee Bucks,L,2OT,101,108,14,11,L 2
2010,POR,2009-12-15,10:00p,,Sacramento Kings,W,,95,88,15,11,W 1
2010,POR,2009-12-17,10:30p,,Phoenix Suns,W,,105,102,16,11,W 2
2010,POR,2009-12-19,7:00p,@,Orlando Magic,L,,83,92,16,12,L 1
2010,POR,2009-12-20,6:00p,@,Miami Heat,W,,102,95,17,12,W 1
2010,POR,2009-12-22,8:30p,@,Dallas Mavericks,W,,85,81,18,12,W 2
2010,POR,2009-12-23,8:30p,@,San Antonio Spurs,W,,98,94,19,12,W 3
2010,POR,2009-12-25,10:30p,,Denver Nuggets,W,,107,96,20,12,W 4
2010,POR,2009-12-28,10:00p,,Philadelphia 76ers,L,,93,104,20,13,L 1
2010,POR,2009-12-30,10:00p,,Los Angeles Clippers,W,,103,99,21,13,W 1
2010,POR,2010-01-02,10:00p,,Golden State Warriors,W,,105,89,22,13,W 2
2010,POR,2010-01-04,10:30p,@,Los Angeles Clippers,L,,95,105,22,14,L 1
2010,POR,2010-01-05,10:00p,,Memphis Grizzlies,L,,105,109,22,15,L 2
2010,POR,2010-01-08,10:00p,,Los Angeles Lakers,W,,107,98,23,15,W 1
2010,POR,2010-01-10,9:00p,,Cleveland Cavaliers,L,,94,106,23,16,L 1
2010,POR,2010-01-13,10:00p,,Milwaukee Bucks,W,,120,108,24,16,W 1
2010,POR,2010-01-15,10:30p,,Orlando Magic,W,,102,87,25,16,W 2
2010,POR,2010-01-18,1:00p,@,Washington Wizards,L,,92,97,25,17,L 1
2010,POR,2010-01-20,7:00p,@,Philadelphia 76ers,W,,98,90,26,17,W 1
2010,POR,2010-01-22,7:30p,@,Boston Celtics,L,OT,95,98,26,18,L 1
2010,POR,2010-01-23,7:30p,@,Detroit Pistons,W,,97,93,27,18,W 1
2010,POR,2010-01-25,10:00p,,New Orleans Hornets,L,,97,98,27,19,L 1
2010,POR,2010-01-27,10:00p,,Utah Jazz,L,,95,106,27,20,L 2
2010,POR,2010-01-29,8:30p,@,Houston Rockets,L,,100,104,27,21,L 3
2010,POR,2010-01-30,9:00p,@,Dallas Mavericks,W,OT,114,112,28,21,W 1
2010,POR,2010-02-01,10:00p,,Charlotte Bobcats,W,,98,79,29,21,W 2
2010,POR,2010-02-03,9:00p,@,Utah Jazz,L,,105,118,29,22,L 1
2010,POR,2010-02-04,10:30p,,San Antonio Spurs,W,,96,93,30,22,W 1
2010,POR,2010-02-06,10:00p,,Los Angeles Lakers,L,,82,99,30,23,L 1
2010,POR,2010-02-09,10:00p,,Oklahoma City Thunder,L,,77,89,30,24,L 2
2010,POR,2010-02-10,9:00p,@,Phoenix Suns,W,,108,101,31,24,W 1
2010,POR,2010-02-16,10:00p,,Los Angeles Clippers,W,,109,87,32,24,W 2
2010,POR,2010-02-19,10:30p,,Boston Celtics,L,,76,96,32,25,L 1
2010,POR,2010-02-21,10:30p,,Utah Jazz,L,OT,89,93,32,26,L 2
2010,POR,2010-02-23,7:30p,@,New Jersey Nets,W,,102,93,33,26,W 1
2010,POR,2010-02-24,7:00p,@,Toronto Raptors,W,,101,87,34,26,W 2
2010,POR,2010-02-26,8:00p,@,Chicago Bulls,L,OT,111,115,34,27,L 1
2010,POR,2010-02-27,8:00p,@,Minnesota Timberwolves,W,,110,91,35,27,W 1
2010,POR,2010-03-01,8:00p,@,Memphis Grizzlies,W,,103,93,36,27,W 2
2010,POR,2010-03-03,10:00p,,Indiana Pacers,W,,102,79,37,27,W 3
2010,POR,2010-03-07,10:30p,@,Denver Nuggets,L,,106,118,37,28,L 1
2010,POR,2010-03-09,10:00p,,Sacramento Kings,W,,88,81,38,28,W 1
2010,POR,2010-03-11,10:30p,@,Golden State Warriors,W,,110,105,39,28,W 2
2010,POR,2010-03-12,10:00p,@,Sacramento Kings,W,,110,94,40,28,W 3
2010,POR,2010-03-14,9:00p,,Toronto Raptors,W,,109,98,41,28,W 4
2010,POR,2010-03-19,10:00p,,Washington Wizards,W,,76,74,42,28,W 5
2010,POR,2010-03-21,10:30p,@,Phoenix Suns,L,,87,93,42,29,L 1
2010,POR,2010-03-25,10:30p,,Dallas Mavericks,W,,101,89,43,29,W 1
2010,POR,2010-03-27,8:00p,@,New Orleans Hornets,W,,112,101,44,29,W 2
2010,POR,2010-03-28,7:00p,@,Oklahoma City Thunder,W,,92,87,45,29,W 3
2010,POR,2010-03-31,10:00p,,New York Knicks,W,,118,90,46,29,W 4
2010,POR,2010-04-01,10:30p,@,Denver Nuggets,L,,92,109,46,30,L 1
2010,POR,2010-04-03,10:00p,@,Sacramento Kings,W,,98,87,47,30,W 1
2010,POR,2010-04-07,10:30p,@,Los Angeles Clippers,W,,93,85,48,30,W 2
2010,POR,2010-04-09,10:00p,,Dallas Mavericks,L,,77,83,48,31,L 1
2010,POR,2010-04-11,3:30p,@,Los Angeles Lakers,W,,91,88,49,31,W 1
2010,POR,2010-04-12,10:00p,,Oklahoma City Thunder,W,,103,95,50,31,W 2
2010,POR,2010-04-14,10:30p,,Golden State Warriors,L,,116,122,50,32,L 1
2010,POR,2010-04-18,10:30p,@,Phoenix Suns,W,,105,100,1,0,W 1
2010,POR,2010-04-20,10:00p,@,Phoenix Suns,L,,90,119,1,1,L 1
2010,POR,2010-04-22,10:00p,,Phoenix Suns,L,,89,108,1,2,L 2
2010,POR,2010-04-24,4:30p,,Phoenix Suns,W,,96,87,2,2,W 1
2010,POR,2010-04-26,10:30p,@,Phoenix Suns,L,,88,107,2,3,L 1
2010,POR,2010-04-29,10:30p,,Phoenix Suns,L,,90,99,2,4,L 2
2010,SAC,2009-10-28,8:00p,@,Oklahoma City Thunder,L,,89,102,0,1,L 1
2010,SAC,2009-10-30,8:00p,@,New Orleans Hornets,L,,92,97,0,2,L 2
2010,SAC,2009-10-31,8:30p,@,San Antonio Spurs,L,,94,113,0,3,L 3
2010,SAC,2009-11-02,10:00p,,Memphis Grizzlies,W,OT,127,116,1,3,W 1
2010,SAC,2009-11-04,10:00p,,Atlanta Hawks,L,,105,113,1,4,L 1
2010,SAC,2009-11-07,9:00p,@,Utah Jazz,W,,104,99,2,4,W 1
2010,SAC,2009-11-08,9:00p,,Golden State Warriors,W,,120,107,3,4,W 2
2010,SAC,2009-11-10,10:00p,,Oklahoma City Thunder,W,,101,98,4,4,W 3
2010,SAC,2009-11-13,10:00p,,Houston Rockets,W,,109,100,5,4,W 4
2010,SAC,2009-11-17,10:00p,,Chicago Bulls,L,,87,101,5,5,L 1
2010,SAC,2009-11-20,8:30p,@,Dallas Mavericks,L,,102,104,5,6,L 2
2010,SAC,2009-11-21,8:30p,@,Houston Rockets,L,,106,113,5,7,L 3
2010,SAC,2009-11-23,8:00p,@,Memphis Grizzlies,L,,105,116,5,8,L 4
2010,SAC,2009-11-25,10:00p,,New York Knicks,W,,111,97,6,8,W 1
2010,SAC,2009-11-27,10:00p,,New Jersey Nets,W,,109,96,7,8,W 2
2010,SAC,2009-11-29,9:00p,,New Orleans Hornets,W,,112,96,8,8,W 3
2010,SAC,2009-12-02,10:00p,,Indiana Pacers,W,,110,105,9,8,W 4
2010,SAC,2009-12-05,9:00p,@,Phoenix Suns,L,,107,115,9,9,L 1
2010,SAC,2009-12-06,9:00p,,Miami Heat,L,,102,115,9,10,L 2
2010,SAC,2009-12-08,8:00p,@,New Orleans Hornets,L,,94,96,9,11,L 3
2010,SAC,2009-12-09,8:30p,@,San Antonio Spurs,L,,106,118,9,12,L 4
2010,SAC,2009-12-12,10:00p,,Minnesota Timberwolves,W,,120,100,10,12,W 1
2010,SAC,2009-12-15,10:00p,@,Portland Trail Blazers,L,,88,95,10,13,L 1
2010,SAC,2009-12-16,10:30p,,Washington Wizards,W,,112,109,11,13,W 1
2010,SAC,2009-12-18,8:00p,@,Minnesota Timberwolves,L,,96,112,11,14,L 1
2010,SAC,2009-12-19,8:30p,@,Milwaukee Bucks,W,,96,95,12,14,W 1
2010,SAC,2009-12-21,8:00p,@,Chicago Bulls,W,,102,98,13,14,W 2
2010,SAC,2009-12-23,10:00p,,Cleveland Cavaliers,L,OT,104,117,13,15,L 1
2010,SAC,2009-12-26,10:00p,,Los Angeles Lakers,L,2OT,103,112,13,16,L 2
2010,SAC,2009-12-28,10:00p,,Denver Nuggets,W,,106,101,14,16,W 1
2010,SAC,2009-12-30,10:00p,,Philadelphia 76ers,L,,106,116,14,17,L 1
2010,SAC,2010-01-01,10:30p,@,Los Angeles Lakers,L,,108,109,14,18,L 2
2010,SAC,2010-01-02,10:00p,,Dallas Mavericks,L,,91,99,14,19,L 3
2010,SAC,2010-01-05,10:00p,,Phoenix Suns,L,,109,113,14,20,L 4
2010,SAC,2010-01-08,10:30p,@,Golden State Warriors,L,,101,108,14,21,L 5
2010,SAC,2010-01-09,10:00p,,Denver Nuggets,W,,102,100,15,21,W 1
2010,SAC,2010-01-12,10:00p,,Orlando Magic,L,,88,109,15,22,L 1
2010,SAC,2010-01-15,7:00p,@,Philadelphia 76ers,L,,86,98,15,23,L 2
2010,SAC,2010-01-16,7:00p,@,Washington Wizards,L,,86,96,15,24,L 3
2010,SAC,2010-01-18,2:00p,@,Charlotte Bobcats,L,,103,105,15,25,L 4
2010,SAC,2010-01-20,7:00p,@,Atlanta Hawks,L,,97,108,15,26,L 5
2010,SAC,2010-01-22,7:00p,@,Orlando Magic,L,,84,100,15,27,L 6
2010,SAC,2010-01-23,7:30p,@,Miami Heat,L,,84,115,15,28,L 7
2010,SAC,2010-01-26,10:00p,,Golden State Warriors,W,,99,96,16,28,W 1
2010,SAC,2010-01-29,9:00p,@,Utah Jazz,L,,94,101,16,29,L 1
2010,SAC,2010-01-30,10:00p,,Charlotte Bobcats,L,,96,103,16,30,L 2
2010,SAC,2010-02-01,9:00p,@,Denver Nuggets,L,OT,109,112,16,31,L 3
2010,SAC,2010-02-03,10:00p,,San Antonio Spurs,L,,113,115,16,32,L 4
2010,SAC,2010-02-05,10:00p,,Phoenix Suns,L,,102,114,16,33,L 5
2010,SAC,2010-02-07,12:00p,@,Toronto Raptors,L,,104,115,16,34,L 6
2010,SAC,2010-02-09,7:30p,@,New York Knicks,W,OT,118,114,17,34,W 1
2010,SAC,2010-02-10,7:30p,@,Detroit Pistons,W,,103,97,18,34,W 2
2010,SAC,2010-02-16,10:00p,,Boston Celtics,L,,92,95,18,35,L 1
2010,SAC,2010-02-17,10:30p,@,Golden State Warriors,L,,98,130,18,36,L 2
2010,SAC,2010-02-20,10:30p,@,Los Angeles Clippers,L,,89,99,18,37,L 3
2010,SAC,2010-02-21,8:00p,@,Phoenix Suns,L,,88,104,18,38,L 4
2010,SAC,2010-02-23,10:00p,,Detroit Pistons,L,,89,101,18,39,L 5
2010,SAC,2010-02-26,10:00p,,Utah Jazz,W,,103,99,19,39,W 1
2010,SAC,2010-02-28,9:00p,,Los Angeles Clippers,W,,97,92,20,39,W 2
2010,SAC,2010-03-02,8:00p,@,Oklahoma City Thunder,L,,107,113,20,40,L 1
2010,SAC,2010-03-03,8:30p,@,Houston Rockets,W,,84,81,21,40,W 1
2010,SAC,2010-03-05,8:30p,@,Dallas Mavericks,L,,100,108,21,41,L 1
2010,SAC,2010-03-07,9:00p,,Oklahoma City Thunder,L,,102,108,21,42,L 2
2010,SAC,2010-03-09,10:00p,@,Portland Trail Blazers,L,,81,88,21,43,L 3
2010,SAC,2010-03-10,10:00p,,Toronto Raptors,W,,113,90,22,43,W 1
2010,SAC,2010-03-12,10:00p,,Portland Trail Blazers,L,,94,110,22,44,L 1
2010,SAC,2010-03-14,9:00p,,Minnesota Timberwolves,W,,114,100,23,44,W 1
2010,SAC,2010-03-16,10:00p,,Los Angeles Lakers,L,,99,106,23,45,L 1
2010,SAC,2010-03-19,10:00p,,Milwaukee Bucks,L,2OT,108,114,23,46,L 2
2010,SAC,2010-03-21,3:30p,@,Los Angeles Clippers,W,,102,89,24,46,W 1
2010,SAC,2010-03-22,10:00p,,Memphis Grizzlies,L,,85,102,24,47,L 1
2010,SAC,2010-03-24,7:30p,@,New Jersey Nets,L,,79,93,24,48,L 2
2010,SAC,2010-03-26,7:30p,@,Boston Celtics,L,,86,94,24,49,L 3
2010,SAC,2010-03-28,3:00p,@,Cleveland Cavaliers,L,,90,97,24,50,L 4
2010,SAC,2010-03-30,7:00p,@,Indiana Pacers,L,,95,102,24,51,L 5
2010,SAC,2010-03-31,8:00p,@,Minnesota Timberwolves,L,,99,108,24,52,L 6
2010,SAC,2010-04-03,10:00p,,Portland Trail Blazers,L,,87,98,24,53,L 7
2010,SAC,2010-04-06,10:00p,,San Antonio Spurs,L,,86,95,24,54,L 8
2010,SAC,2010-04-08,10:00p,,Los Angeles Clippers,W,,116,94,25,54,W 1
2010,SAC,2010-04-10,10:00p,,Dallas Mavericks,L,,108,126,25,55,L 1
2010,SAC,2010-04-12,10:00p,,Houston Rockets,L,,107,117,25,56,L 2
2010,SAC,2010-04-13,10:30p,@,Los Angeles Lakers,L,,100,106,25,57,L 3
2010,SAS,2009-10-28,8:00p,,New Orleans Hornets,W,,113,96,1,0,W 1
2010,SAS,2009-10-29,8:00p,@,Chicago Bulls,L,,85,92,1,1,L 1
2010,SAS,2009-10-31,8:30p,,Sacramento Kings,W,,113,94,2,1,W 1
2010,SAS,2009-11-05,10:30p,@,Utah Jazz,L,,99,113,2,2,L 1
2010,SAS,2009-11-06,10:30p,@,Portland Trail Blazers,L,,84,96,2,3,L 2
2010,SAS,2009-11-09,8:30p,,Toronto Raptors,W,,131,124,3,3,W 1
2010,SAS,2009-11-11,8:30p,,Dallas Mavericks,W,,92,83,4,3,W 2
2010,SAS,2009-11-14,8:30p,,Oklahoma City Thunder,L,,98,101,4,4,L 1
2010,SAS,2009-11-18,9:30p,@,Dallas Mavericks,L,OT,94,99,4,5,L 2
2010,SAS,2009-11-19,8:30p,,Utah Jazz,L,,83,90,4,6,L 3
2010,SAS,2009-11-21,8:30p,,Washington Wizards,W,,106,84,5,6,W 1
2010,SAS,2009-11-23,8:30p,,Milwaukee Bucks,W,,112,98,6,6,W 2
2010,SAS,2009-11-25,8:30p,,Golden State Warriors,W,,118,104,7,6,W 3
2010,SAS,2009-11-27,8:30p,@,Houston Rockets,W,,92,84,8,6,W 4
2010,SAS,2009-11-29,7:00p,,Philadelphia 76ers,W,,97,89,9,6,W 5
2010,SAS,2009-12-03,8:00p,,Boston Celtics,L,,83,90,9,7,L 1
2010,SAS,2009-12-05,8:30p,,Denver Nuggets,L,,99,106,9,8,L 2
2010,SAS,2009-12-07,9:00p,@,Utah Jazz,L,,101,104,9,9,L 3
2010,SAS,2009-12-09,8:30p,,Sacramento Kings,W,,118,106,10,9,W 1
2010,SAS,2009-12-11,8:30p,,Charlotte Bobcats,W,,104,85,11,9,W 2
2010,SAS,2009-12-13,9:30p,@,Los Angeles Clippers,W,,115,90,12,9,W 3
2010,SAS,2009-12-15,9:00p,@,Phoenix Suns,L,,104,116,12,10,L 1
2010,SAS,2009-12-16,10:30p,@,Golden State Warriors,W,,103,91,13,10,W 1
2010,SAS,2009-12-19,8:30p,,Indiana Pacers,W,,100,99,14,10,W 2
2010,SAS,2009-12-21,8:30p,,Los Angeles Clippers,W,,103,87,15,10,W 3
2010,SAS,2009-12-23,8:30p,,Portland Trail Blazers,L,,94,98,15,11,L 1
2010,SAS,2009-12-26,8:30p,@,Milwaukee Bucks,W,,112,97,16,11,W 1
2010,SAS,2009-12-27,6:00p,@,New York Knicks,W,,95,88,17,11,W 2
2010,SAS,2009-12-29,8:30p,,Minnesota Timberwolves,W,,117,99,18,11,W 3
2010,SAS,2009-12-31,7:00p,,Miami Heat,W,,108,78,19,11,W 4
2010,SAS,2010-01-02,7:00p,@,Washington Wizards,W,,97,86,20,11,W 5
2010,SAS,2010-01-03,6:00p,@,Toronto Raptors,L,,86,91,20,12,L 1
2010,SAS,2010-01-06,8:30p,,Detroit Pistons,W,,112,92,21,12,W 1
2010,SAS,2010-01-08,8:30p,,Dallas Mavericks,L,,103,112,21,13,L 1
2010,SAS,2010-01-10,7:00p,,New Jersey Nets,W,,97,85,22,13,W 1
2010,SAS,2010-01-12,8:30p,,Los Angeles Lakers,W,,105,85,23,13,W 2
2010,SAS,2010-01-13,8:00p,@,Oklahoma City Thunder,W,OT,109,108,24,13,W 3
2010,SAS,2010-01-15,7:00p,@,Charlotte Bobcats,L,,76,92,24,14,L 1
2010,SAS,2010-01-16,8:00p,@,Memphis Grizzlies,L,,86,92,24,15,L 2
2010,SAS,2010-01-18,3:30p,@,New Orleans Hornets,W,,97,90,25,15,W 1
2010,SAS,2010-01-20,9:00p,,Utah Jazz,L,,98,105,25,16,L 1
2010,SAS,2010-01-22,8:30p,,Houston Rockets,L,,109,116,25,17,L 2
2010,SAS,2010-01-25,8:30p,,Chicago Bulls,L,,93,98,25,18,L 3
2010,SAS,2010-01-27,8:30p,,Atlanta Hawks,W,,105,90,26,18,W 1
2010,SAS,2010-01-29,8:30p,,Memphis Grizzlies,W,,104,97,27,18,W 2
2010,SAS,2010-01-31,1:00p,,Denver Nuggets,L,,89,103,27,19,L 1
2010,SAS,2010-02-03,10:00p,@,Sacramento Kings,W,,115,113,28,19,W 1
2010,SAS,2010-02-04,10:30p,@,Portland Trail Blazers,L,,93,96,28,20,L 1
2010,SAS,2010-02-06,10:30p,@,Los Angeles Clippers,W,,98,81,29,20,W 1
2010,SAS,2010-02-08,10:30p,@,Los Angeles Lakers,L,,89,101,29,21,L 1
2010,SAS,2010-02-11,10:30p,@,Denver Nuggets,W,,111,92,30,21,W 1
2010,SAS,2010-02-17,7:00p,@,Indiana Pacers,W,,90,87,31,21,W 2
2010,SAS,2010-02-19,7:00p,@,Philadelphia 76ers,L,,94,106,31,22,L 1
2010,SAS,2010-02-21,6:00p,@,Detroit Pistons,L,OT,101,109,31,23,L 2
2010,SAS,2010-02-24,8:30p,,Oklahoma City Thunder,W,,95,87,32,23,W 1
2010,SAS,2010-02-26,8:30p,@,Houston Rockets,L,,104,109,32,24,L 1
2010,SAS,2010-02-28,1:00p,,Phoenix Suns,W,,113,110,33,24,W 1
2010,SAS,2010-03-01,8:00p,@,New Orleans Hornets,W,,106,92,34,24,W 2
2010,SAS,2010-03-05,9:30p,,New Orleans Hornets,W,,102,91,35,24,W 3
2010,SAS,2010-03-06,8:00p,@,Memphis Grizzlies,W,,102,92,36,24,W 4
2010,SAS,2010-03-08,7:00p,@,Cleveland Cavaliers,L,,95,97,36,25,L 1
2010,SAS,2010-03-10,8:30p,,New York Knicks,W,,97,87,37,25,W 1
2010,SAS,2010-03-12,8:00p,@,Minnesota Timberwolves,W,,103,85,38,25,W 2
2010,SAS,2010-03-13,8:30p,,Los Angeles Clippers,W,,118,88,39,25,W 3
2010,SAS,2010-03-16,7:30p,@,Miami Heat,W,,88,76,40,25,W 4
2010,SAS,2010-03-17,8:00p,@,Orlando Magic,L,,84,110,40,26,L 1
2010,SAS,2010-03-19,8:30p,,Golden State Warriors,W,,147,116,41,26,W 1
2010,SAS,2010-03-21,8:00p,@,Atlanta Hawks,L,OT,114,119,41,27,L 1
2010,SAS,2010-03-22,8:00p,@,Oklahoma City Thunder,W,,99,96,42,27,W 1
2010,SAS,2010-03-24,9:30p,,Los Angeles Lakers,L,,83,92,42,28,L 1
2010,SAS,2010-03-26,8:30p,,Cleveland Cavaliers,W,,102,97,43,28,W 1
2010,SAS,2010-03-28,8:00p,@,Boston Celtics,W,,94,73,44,28,W 2
2010,SAS,2010-03-29,7:30p,@,New Jersey Nets,L,,84,90,44,29,L 1
2010,SAS,2010-03-31,8:30p,,Houston Rockets,W,,119,102,45,29,W 1
2010,SAS,2010-04-02,8:30p,,Orlando Magic,W,,112,100,46,29,W 2
2010,SAS,2010-04-04,3:30p,@,Los Angeles Lakers,W,,100,81,47,29,W 3
2010,SAS,2010-04-06,10:00p,@,Sacramento Kings,W,,95,86,48,29,W 4
2010,SAS,2010-04-07,10:30p,@,Phoenix Suns,L,,101,112,48,30,L 1
2010,SAS,2010-04-09,8:30p,,Memphis Grizzlies,L,,99,107,48,31,L 2
2010,SAS,2010-04-10,9:00p,@,Denver Nuggets,W,,104,85,49,31,W 1
2010,SAS,2010-04-12,8:30p,,Minnesota Timberwolves,W,,133,111,50,31,W 2
2010,SAS,2010-04-14,8:00p,@,Dallas Mavericks,L,,89,96,50,32,L 1
2010,SAS,2010-04-18,8:00p,@,Dallas Mavericks,L,,94,100,0,1,L 1
2010,SAS,2010-04-21,9:30p,@,Dallas Mavericks,W,,102,88,1,1,W 1
2010,SAS,2010-04-23,9:30p,,Dallas Mavericks,W,,94,90,2,1,W 2
2010,SAS,2010-04-25,7:00p,,Dallas Mavericks,W,,92,89,3,1,W 3
2010,SAS,2010-04-27,9:30p,@,Dallas Mavericks,L,,81,103,3,2,L 1
2010,SAS,2010-04-29,8:00p,,Dallas Mavericks,W,,97,87,4,2,W 1
2010,SAS,2010-05-03,10:30p,@,Phoenix Suns,L,,102,111,4,3,L 1
2010,SAS,2010-05-05,9:00p,@,Phoenix Suns,L,,102,110,4,4,L 2
2010,SAS,2010-05-07,9:30p,,Phoenix Suns,L,,96,110,4,5,L 3
2010,SAS,2010-05-09,8:00p,,Phoenix Suns,L,,101,107,4,6,L 4
2010,TOR,2009-10-28,7:00p,,Cleveland Cavaliers,W,,101,91,1,0,W 1
2010,TOR,2009-10-30,8:00p,@,Memphis Grizzlies,L,,107,115,1,1,L 1
2010,TOR,2009-11-01,1:00p,,Orlando Magic,L,,116,125,1,2,L 2
2010,TOR,2009-11-04,7:00p,,Detroit Pistons,W,,110,99,2,2,W 1
2010,TOR,2009-11-06,8:00p,@,New Orleans Hornets,W,,107,90,3,2,W 2
2010,TOR,2009-11-07,8:30p,@,Dallas Mavericks,L,,101,129,3,3,L 1
2010,TOR,2009-11-09,8:30p,@,San Antonio Spurs,L,,124,131,3,4,L 2
2010,TOR,2009-11-11,7:00p,,Chicago Bulls,W,,99,89,4,4,W 1
2010,TOR,2009-11-13,10:30p,@,Los Angeles Clippers,W,,104,89,5,4,W 2
2010,TOR,2009-11-15,8:00p,@,Phoenix Suns,L,,100,101,5,5,L 1
2010,TOR,2009-11-17,9:00p,@,Denver Nuggets,L,,112,130,5,6,L 2
2010,TOR,2009-11-18,9:00p,@,Utah Jazz,L,,91,104,5,7,L 3
2010,TOR,2009-11-20,7:00p,,Miami Heat,W,,120,113,6,7,W 1
2010,TOR,2009-11-22,12:30p,,Orlando Magic,L,,96,104,6,8,L 1
2010,TOR,2009-11-24,7:00p,,Indiana Pacers,W,,123,112,7,8,W 1
2010,TOR,2009-11-25,7:00p,@,Charlotte Bobcats,L,,81,116,7,9,L 1
2010,TOR,2009-11-27,7:30p,@,Boston Celtics,L,,103,116,7,10,L 2
2010,TOR,2009-11-29,1:00p,,Phoenix Suns,L,,94,113,7,11,L 3
2010,TOR,2009-12-01,7:00p,,Washington Wizards,L,,102,106,7,12,L 4
2010,TOR,2009-12-02,7:00p,@,Atlanta Hawks,L,,115,146,7,13,L 5
2010,TOR,2009-12-04,7:00p,@,Washington Wizards,W,OT,109,107,8,13,W 1
2010,TOR,2009-12-05,8:00p,@,Chicago Bulls,W,,110,78,9,13,W 2
2010,TOR,2009-12-08,7:00p,,Minnesota Timberwolves,W,,94,88,10,13,W 3
2010,TOR,2009-12-09,8:00p,@,Milwaukee Bucks,L,,95,117,10,14,L 1
2010,TOR,2009-12-11,7:00p,,Atlanta Hawks,L,,89,111,10,15,L 2
2010,TOR,2009-12-13,12:30p,,Houston Rockets,W,,101,88,11,15,W 1
2010,TOR,2009-12-15,7:30p,@,Miami Heat,L,,95,115,11,16,L 1
2010,TOR,2009-12-16,7:00p,@,Orlando Magic,L,,99,118,11,17,L 2
2010,TOR,2009-12-18,7:00p,,New Jersey Nets,W,,118,95,12,17,W 1
2010,TOR,2009-12-20,12:30p,,New Orleans Hornets,W,,98,92,13,17,W 2
2010,TOR,2009-12-23,7:30p,@,Detroit Pistons,W,,94,64,14,17,W 3
2010,TOR,2009-12-27,1:00p,,Detroit Pistons,W,,102,95,15,17,W 4
2010,TOR,2009-12-30,7:00p,,Charlotte Bobcats,W,,107,103,16,17,W 5
2010,TOR,2010-01-02,7:30p,@,Boston Celtics,L,,96,103,16,18,L 1
2010,TOR,2010-01-03,6:00p,,San Antonio Spurs,W,,91,86,17,18,W 1
2010,TOR,2010-01-06,7:00p,@,Orlando Magic,W,,108,103,18,18,W 2
2010,TOR,2010-01-08,7:00p,@,Philadelphia 76ers,W,,108,106,19,18,W 3
2010,TOR,2010-01-10,1:00p,,Boston Celtics,L,,107,114,19,19,L 1
2010,TOR,2010-01-11,7:00p,@,Indiana Pacers,L,,101,105,19,20,L 2
2010,TOR,2010-01-15,8:00p,@,New York Knicks,W,,112,104,20,20,W 1
2010,TOR,2010-01-17,12:30p,,Dallas Mavericks,W,,110,88,21,20,W 2
2010,TOR,2010-01-19,7:00p,@,Cleveland Cavaliers,L,,100,108,21,21,L 1
2010,TOR,2010-01-20,8:00p,@,Milwaukee Bucks,L,,107,113,21,22,L 2
2010,TOR,2010-01-22,7:00p,,Milwaukee Bucks,W,,101,96,22,22,W 1
2010,TOR,2010-01-24,6:00p,,Los Angeles Lakers,W,,106,105,23,22,W 2
2010,TOR,2010-01-27,7:00p,,Miami Heat,W,,111,103,24,22,W 3
2010,TOR,2010-01-28,7:30p,@,New York Knicks,W,,106,104,25,22,W 4
2010,TOR,2010-01-31,6:00p,,Indiana Pacers,W,,117,102,26,22,W 5
2010,TOR,2010-02-02,7:00p,@,Indiana Pacers,L,,115,130,26,23,L 1
2010,TOR,2010-02-03,7:00p,,New Jersey Nets,W,,108,99,27,23,W 1
2010,TOR,2010-02-07,12:00p,,Sacramento Kings,W,,115,104,28,23,W 2
2010,TOR,2010-02-10,7:00p,,Philadelphia 76ers,W,,104,93,29,23,W 3
2010,TOR,2010-02-17,7:00p,,Memphis Grizzlies,L,OT,102,109,29,24,L 1
2010,TOR,2010-02-19,8:00p,@,New Jersey Nets,W,,106,89,30,24,W 1
2010,TOR,2010-02-20,7:00p,,Washington Wizards,W,,109,104,31,24,W 2
2010,TOR,2010-02-24,7:00p,,Portland Trail Blazers,L,,87,101,31,25,L 1
2010,TOR,2010-02-26,7:00p,,Cleveland Cavaliers,L,OT,118,126,31,26,L 2
2010,TOR,2010-02-28,7:00p,@,Oklahoma City Thunder,L,,99,119,31,27,L 3
2010,TOR,2010-03-01,8:30p,@,Houston Rockets,L,,92,116,31,28,L 4
2010,TOR,2010-03-05,7:00p,,New York Knicks,W,,102,96,32,28,W 1
2010,TOR,2010-03-07,12:00p,,Philadelphia 76ers,L,,101,114,32,29,L 1
2010,TOR,2010-03-09,10:30p,@,Los Angeles Lakers,L,,107,109,32,30,L 2
2010,TOR,2010-03-10,10:00p,@,Sacramento Kings,L,,90,113,32,31,L 3
2010,TOR,2010-03-13,10:30p,@,Golden State Warriors,L,,112,124,32,32,L 4
2010,TOR,2010-03-14,9:00p,@,Portland Trail Blazers,L,,98,109,32,33,L 5
2010,TOR,2010-03-17,7:00p,,Atlanta Hawks,W,,106,105,33,33,W 1
2010,TOR,2010-03-19,7:00p,,Oklahoma City Thunder,L,,89,115,33,34,L 1
2010,TOR,2010-03-20,7:30p,@,New Jersey Nets,W,,100,90,34,34,W 1
2010,TOR,2010-03-22,8:00p,@,Minnesota Timberwolves,W,,106,100,35,34,W 2
2010,TOR,2010-03-24,7:00p,,Utah Jazz,L,,87,113,35,35,L 1
2010,TOR,2010-03-26,7:00p,,Denver Nuggets,L,,96,97,35,36,L 2
2010,TOR,2010-03-28,6:00p,@,Miami Heat,L,,94,97,35,37,L 3
2010,TOR,2010-03-29,7:00p,@,Charlotte Bobcats,W,,103,101,36,37,W 1
2010,TOR,2010-03-31,7:00p,,Los Angeles Clippers,W,,114,92,37,37,W 2
2010,TOR,2010-04-03,1:00p,@,Philadelphia 76ers,W,OT,128,123,38,37,W 3
2010,TOR,2010-04-04,6:00p,,Golden State Warriors,L,,112,113,38,38,L 1
2010,TOR,2010-04-06,7:00p,@,Cleveland Cavaliers,L,,101,113,38,39,L 2
2010,TOR,2010-04-07,7:00p,,Boston Celtics,L,,104,115,38,40,L 3
2010,TOR,2010-04-09,7:30p,@,Atlanta Hawks,L,,101,107,38,41,L 4
2010,TOR,2010-04-11,6:00p,,Chicago Bulls,L,,88,104,38,42,L 5
2010,TOR,2010-04-12,7:30p,@,Detroit Pistons,W,,111,97,39,42,W 1
2010,TOR,2010-04-14,8:00p,,New York Knicks,W,,131,113,40,42,W 2
2010,UTA,2009-10-28,10:30p,@,Denver Nuggets,L,,105,114,0,1,L 1
2010,UTA,2009-10-30,9:00p,,Los Angeles Clippers,W,,111,98,1,1,W 1
2010,UTA,2009-11-02,9:00p,,Houston Rockets,L,,96,113,1,2,L 1
2010,UTA,2009-11-03,8:30p,@,Dallas Mavericks,L,,85,96,1,3,L 2
2010,UTA,2009-11-05,10:30p,,San Antonio Spurs,W,,113,99,2,3,W 1
2010,UTA,2009-11-07,9:00p,,Sacramento Kings,L,,99,104,2,4,L 1
2010,UTA,2009-11-09,7:30p,@,New York Knicks,W,,95,93,3,4,W 1
2010,UTA,2009-11-11,7:30p,@,Boston Celtics,L,,86,105,3,5,L 1
2010,UTA,2009-11-13,7:00p,@,Philadelphia 76ers,W,,112,90,4,5,W 1
2010,UTA,2009-11-14,7:30p,@,Cleveland Cavaliers,L,,103,107,4,6,L 1
2010,UTA,2009-11-18,9:00p,,Toronto Raptors,W,,104,91,5,6,W 1
2010,UTA,2009-11-19,8:30p,@,San Antonio Spurs,W,,90,83,6,6,W 2
2010,UTA,2009-11-21,9:00p,,Detroit Pistons,W,OT,100,97,7,6,W 3
2010,UTA,2009-11-24,9:00p,,Oklahoma City Thunder,L,,94,104,7,7,L 1
2010,UTA,2009-11-26,10:30p,,Chicago Bulls,W,,105,86,8,7,W 1
2010,UTA,2009-11-28,9:00p,,Portland Trail Blazers,W,,108,92,9,7,W 2
2010,UTA,2009-11-30,9:00p,,Memphis Grizzlies,W,,120,93,10,7,W 3
2010,UTA,2009-12-04,9:00p,,Indiana Pacers,W,,96,87,11,7,W 4
2010,UTA,2009-12-05,8:00p,@,Minnesota Timberwolves,L,,101,108,11,8,L 1
2010,UTA,2009-12-07,9:00p,,San Antonio Spurs,W,,104,101,12,8,W 1
2010,UTA,2009-12-09,10:30p,@,Los Angeles Lakers,L,,77,101,12,9,L 1
2010,UTA,2009-12-10,10:30p,,Orlando Magic,W,,120,111,13,9,W 1
2010,UTA,2009-12-12,9:00p,,Los Angeles Lakers,W,,102,94,14,9,W 2
2010,UTA,2009-12-14,9:00p,,Minnesota Timberwolves,L,,108,110,14,10,L 1
2010,UTA,2009-12-16,7:30p,@,New Jersey Nets,W,,108,92,15,10,W 1
2010,UTA,2009-12-18,7:30p,@,Atlanta Hawks,L,,83,96,15,11,L 1
2010,UTA,2009-12-19,7:00p,@,Charlotte Bobcats,W,,110,102,16,11,W 1
2010,UTA,2009-12-21,7:00p,@,Orlando Magic,L,,99,104,16,12,L 1
2010,UTA,2009-12-23,7:30p,@,Miami Heat,L,,70,80,16,13,L 2
2010,UTA,2009-12-26,9:00p,,Philadelphia 76ers,W,,97,76,17,13,W 1
2010,UTA,2009-12-30,8:00p,@,Minnesota Timberwolves,W,,107,103,18,13,W 2
2010,UTA,2009-12-31,8:00p,@,Oklahoma City Thunder,L,,86,87,18,14,L 1
2010,UTA,2010-01-02,9:00p,,Denver Nuggets,L,,95,105,18,15,L 2
2010,UTA,2010-01-04,9:00p,,New Orleans Hornets,L,,87,91,18,16,L 3
2010,UTA,2010-01-06,9:00p,,Memphis Grizzlies,W,,117,94,19,16,W 1
2010,UTA,2010-01-08,8:00p,@,Memphis Grizzlies,L,,89,91,19,17,L 1
2010,UTA,2010-01-09,8:30p,@,Dallas Mavericks,W,,111,93,20,17,W 1
2010,UTA,2010-01-11,9:00p,,Miami Heat,W,,118,89,21,17,W 2
2010,UTA,2010-01-14,10:30p,,Cleveland Cavaliers,W,,97,96,22,17,W 3
2010,UTA,2010-01-16,9:00p,,Milwaukee Bucks,W,,112,95,23,17,W 4
2010,UTA,2010-01-17,9:00p,@,Denver Nuggets,L,,112,119,23,18,L 1
2010,UTA,2010-01-20,9:00p,@,San Antonio Spurs,W,,105,98,24,18,W 1
2010,UTA,2010-01-23,9:00p,,New Jersey Nets,W,,116,83,25,18,W 2
2010,UTA,2010-01-25,9:00p,,Phoenix Suns,W,,124,115,26,18,W 3
2010,UTA,2010-01-27,10:00p,@,Portland Trail Blazers,W,,106,95,27,18,W 4
2010,UTA,2010-01-29,9:00p,,Sacramento Kings,W,,101,94,28,18,W 5
2010,UTA,2010-02-01,9:00p,,Dallas Mavericks,W,,104,92,29,18,W 6
2010,UTA,2010-02-03,9:00p,,Portland Trail Blazers,W,,118,105,30,18,W 7
2010,UTA,2010-02-06,9:00p,,Denver Nuggets,W,,116,106,31,18,W 8
2010,UTA,2010-02-09,10:30p,@,Los Angeles Clippers,W,,109,99,32,18,W 9
2010,UTA,2010-02-10,9:00p,,Los Angeles Lakers,L,,81,96,32,19,L 1
2010,UTA,2010-02-16,8:30p,@,Houston Rockets,W,,104,95,33,19,W 1
2010,UTA,2010-02-17,8:00p,@,New Orleans Hornets,W,,98,90,34,19,W 2
2010,UTA,2010-02-19,10:30p,@,Golden State Warriors,W,,100,89,35,19,W 3
2010,UTA,2010-02-21,10:30p,@,Portland Trail Blazers,W,OT,93,89,36,19,W 4
2010,UTA,2010-02-22,9:00p,,Atlanta Hawks,L,,100,105,36,20,L 1
2010,UTA,2010-02-24,9:00p,,Charlotte Bobcats,W,,102,93,37,20,W 1
2010,UTA,2010-02-26,10:00p,@,Sacramento Kings,L,,99,103,37,21,L 1
2010,UTA,2010-02-27,9:00p,,Houston Rockets,W,,133,110,38,21,W 1
2010,UTA,2010-03-01,10:30p,@,Los Angeles Clippers,L,,104,108,38,22,L 1
2010,UTA,2010-03-04,10:30p,@,Phoenix Suns,W,,116,108,39,22,W 1
2010,UTA,2010-03-06,9:00p,,Los Angeles Clippers,W,,107,85,40,22,W 2
2010,UTA,2010-03-09,8:00p,@,Chicago Bulls,W,,132,108,41,22,W 3
2010,UTA,2010-03-10,7:30p,@,Detroit Pistons,W,,115,104,42,22,W 4
2010,UTA,2010-03-12,8:30p,@,Milwaukee Bucks,L,,87,95,42,23,L 1
2010,UTA,2010-03-14,7:00p,@,Oklahoma City Thunder,L,,111,119,42,24,L 2
2010,UTA,2010-03-15,9:00p,,Washington Wizards,W,,112,89,43,24,W 1
2010,UTA,2010-03-17,9:00p,,Minnesota Timberwolves,W,,122,100,44,24,W 2
2010,UTA,2010-03-19,10:00p,@,Phoenix Suns,L,,100,110,44,25,L 1
2010,UTA,2010-03-20,9:00p,,New Orleans Hornets,W,,106,86,45,25,W 1
2010,UTA,2010-03-22,9:00p,,Boston Celtics,W,,110,97,46,25,W 2
2010,UTA,2010-03-24,7:00p,@,Toronto Raptors,W,,113,87,47,25,W 3
2010,UTA,2010-03-26,7:00p,@,Indiana Pacers,L,,106,122,47,26,L 1
2010,UTA,2010-03-27,7:00p,@,Washington Wizards,W,,103,87,48,26,W 1
2010,UTA,2010-03-29,9:00p,,New York Knicks,W,,103,98,49,26,W 2
2010,UTA,2010-03-31,10:00p,,Golden State Warriors,W,,128,104,50,26,W 3
2010,UTA,2010-04-02,10:30p,@,Los Angeles Lakers,L,,92,106,50,27,L 1
2010,UTA,2010-04-06,9:00p,,Oklahoma City Thunder,W,OT,140,139,51,27,W 1
2010,UTA,2010-04-07,8:00p,@,Houston Rockets,L,,96,113,51,28,L 1
2010,UTA,2010-04-09,8:00p,@,New Orleans Hornets,W,,114,103,52,28,W 1
2010,UTA,2010-04-13,10:30p,@,Golden State Warriors,W,,103,94,53,28,W 2
2010,UTA,2010-04-14,10:30p,,Phoenix Suns,L,,86,100,53,29,L 1
2010,UTA,2010-04-17,10:30p,@,Denver Nuggets,L,,113,126,0,1,L 1
2010,UTA,2010-04-19,10:30p,@,Denver Nuggets,W,,114,111,1,1,W 1
2010,UTA,2010-04-23,10:30p,,Denver Nuggets,W,,105,93,2,1,W 2
2010,UTA,2010-04-25,9:30p,,Denver Nuggets,W,,117,106,3,1,W 3
2010,UTA,2010-04-28,10:30p,@,Denver Nuggets,L,,102,116,3,2,L 1
2010,UTA,2010-04-30,10:00p,,Denver Nuggets,W,,112,104,4,2,W 1
2010,UTA,2010-05-02,3:30p,@,Los Angeles Lakers,L,,99,104,4,3,L 1
2010,UTA,2010-05-04,10:30p,@,Los Angeles Lakers,L,,103,111,4,4,L 2
2010,UTA,2010-05-08,8:00p,,Los Angeles Lakers,L,,110,111,4,5,L 3
2010,UTA,2010-05-10,10:30p,,Los Angeles Lakers,L,,96,111,4,6,L 4
2010,WAS,2009-10-27,8:30p,@,Dallas Mavericks,W,,102,91,1,0,W 1
2010,WAS,2009-10-30,7:30p,@,Atlanta Hawks,L,,89,100,1,1,L 1
2010,WAS,2009-10-31,7:00p,,New Jersey Nets,W,,123,104,2,1,W 1
2010,WAS,2009-11-03,7:00p,@,Cleveland Cavaliers,L,,90,102,2,2,L 1
2010,WAS,2009-11-04,7:00p,,Miami Heat,L,,89,93,2,3,L 2
2010,WAS,2009-11-06,7:00p,@,Indiana Pacers,L,,86,102,2,4,L 3
2010,WAS,2009-11-08,1:00p,,Phoenix Suns,L,,90,102,2,5,L 4
2010,WAS,2009-11-10,7:30p,@,Miami Heat,L,,76,90,2,6,L 5
2010,WAS,2009-11-14,7:00p,,Detroit Pistons,L,,103,106,2,7,L 6
2010,WAS,2009-11-18,7:00p,,Cleveland Cavaliers,W,,108,91,3,7,W 1
2010,WAS,2009-11-20,8:00p,@,Oklahoma City Thunder,L,,108,127,3,8,L 1
2010,WAS,2009-11-21,8:30p,@,San Antonio Spurs,L,,84,106,3,9,L 2
2010,WAS,2009-11-24,7:00p,,Philadelphia 76ers,W,,108,107,4,9,W 1
2010,WAS,2009-11-27,7:00p,@,Miami Heat,W,,94,84,5,9,W 2
2010,WAS,2009-11-28,7:00p,,Charlotte Bobcats,L,,76,92,5,10,L 1
2010,WAS,2009-12-01,7:00p,@,Toronto Raptors,W,,106,102,6,10,W 1
2010,WAS,2009-12-02,7:00p,,Milwaukee Bucks,W,,104,102,7,10,W 2
2010,WAS,2009-12-04,7:00p,,Toronto Raptors,L,OT,107,109,7,11,L 1
2010,WAS,2009-12-06,6:00p,@,Detroit Pistons,L,,94,98,7,12,L 2
2010,WAS,2009-12-10,8:00p,,Boston Celtics,L,,102,104,7,13,L 3
2010,WAS,2009-12-12,7:00p,,Indiana Pacers,L,,113,114,7,14,L 4
2010,WAS,2009-12-14,10:30p,@,Los Angeles Clippers,L,,95,97,7,15,L 5
2010,WAS,2009-12-16,10:30p,@,Sacramento Kings,L,,109,112,7,16,L 6
2010,WAS,2009-12-18,10:30p,@,Golden State Warriors,W,,118,109,8,16,W 1
2010,WAS,2009-12-19,9:00p,@,Phoenix Suns,L,,95,121,8,17,L 1
2010,WAS,2009-12-22,7:00p,,Philadelphia 76ers,W,,105,98,9,17,W 1
2010,WAS,2009-12-23,8:00p,@,Milwaukee Bucks,W,,109,97,10,17,W 2
2010,WAS,2009-12-26,8:00p,@,Minnesota Timberwolves,L,,89,101,10,18,L 1
2010,WAS,2009-12-28,8:00p,@,Memphis Grizzlies,L,OT,111,116,10,19,L 2
2010,WAS,2009-12-29,7:00p,,Oklahoma City Thunder,L,,98,110,10,20,L 3
2010,WAS,2010-01-02,7:00p,,San Antonio Spurs,L,,86,97,10,21,L 4
2010,WAS,2010-01-05,7:00p,@,Philadelphia 76ers,W,,104,97,11,21,W 1
2010,WAS,2010-01-06,7:00p,@,Cleveland Cavaliers,L,,98,121,11,22,L 1
2010,WAS,2010-01-08,7:00p,,Orlando Magic,W,,104,97,12,22,W 1
2010,WAS,2010-01-10,1:00p,,New Orleans Hornets,L,,110,115,12,23,L 1
2010,WAS,2010-01-12,7:00p,,Detroit Pistons,L,,90,99,12,24,L 2
2010,WAS,2010-01-13,7:00p,@,Atlanta Hawks,L,,82,94,12,25,L 3
2010,WAS,2010-01-15,8:00p,@,Chicago Bulls,L,2OT,119,121,12,26,L 4
2010,WAS,2010-01-16,7:00p,,Sacramento Kings,W,,96,86,13,26,W 1
2010,WAS,2010-01-18,1:00p,,Portland Trail Blazers,W,,97,92,14,26,W 2
2010,WAS,2010-01-20,7:00p,,Dallas Mavericks,L,,93,94,14,27,L 1
2010,WAS,2010-01-22,7:00p,,Miami Heat,L,,88,112,14,28,L 2
2010,WAS,2010-01-24,1:00p,,Los Angeles Clippers,L,,78,92,14,29,L 3
2010,WAS,2010-01-26,7:00p,,Los Angeles Lakers,L,,103,115,14,30,L 4
2010,WAS,2010-01-29,8:00p,@,New Jersey Nets,W,,81,79,15,30,W 1
2010,WAS,2010-01-30,8:00p,,New York Knicks,W,,106,96,16,30,W 2
2010,WAS,2010-02-01,7:00p,,Boston Celtics,L,,88,99,16,31,L 1
2010,WAS,2010-02-03,7:30p,@,New York Knicks,L,,85,107,16,32,L 2
2010,WAS,2010-02-05,7:00p,@,Orlando Magic,W,,92,91,17,32,W 1
2010,WAS,2010-02-09,7:00p,@,Charlotte Bobcats,L,,92,94,17,33,L 1
2010,WAS,2010-02-17,7:00p,,Minnesota Timberwolves,W,,108,99,18,33,W 1
2010,WAS,2010-02-19,7:00p,,Denver Nuggets,W,,107,97,19,33,W 2
2010,WAS,2010-02-20,7:00p,@,Toronto Raptors,L,,104,109,19,34,L 1
2010,WAS,2010-02-22,7:00p,,Chicago Bulls,W,,101,95,20,34,W 1
2010,WAS,2010-02-24,7:00p,,Memphis Grizzlies,L,,94,99,20,35,L 1
2010,WAS,2010-02-26,7:00p,,New York Knicks,L,OT,116,118,20,36,L 2
2010,WAS,2010-02-28,6:00p,@,New Jersey Nets,W,,89,85,21,36,W 1
2010,WAS,2010-03-03,8:00p,@,Milwaukee Bucks,L,,87,100,21,37,L 1
2010,WAS,2010-03-05,7:00p,,Milwaukee Bucks,L,,74,102,21,38,L 2
2010,WAS,2010-03-07,8:00p,@,Boston Celtics,L,,83,86,21,39,L 3
2010,WAS,2010-03-09,7:00p,,Houston Rockets,L,,88,96,21,40,L 4
2010,WAS,2010-03-11,7:00p,,Atlanta Hawks,L,,99,105,21,41,L 5
2010,WAS,2010-03-12,8:00p,@,Detroit Pistons,L,,87,101,21,42,L 6
2010,WAS,2010-03-13,7:00p,,Orlando Magic,L,,95,109,21,43,L 7
2010,WAS,2010-03-15,9:00p,@,Utah Jazz,L,,89,112,21,44,L 8
2010,WAS,2010-03-16,9:00p,@,Denver Nuggets,L,,87,97,21,45,L 9
2010,WAS,2010-03-19,10:00p,@,Portland Trail Blazers,L,,74,76,21,46,L 10
2010,WAS,2010-03-21,9:30p,@,Los Angeles Lakers,L,,92,99,21,47,L 11
2010,WAS,2010-03-23,7:00p,,Charlotte Bobcats,L,OT,86,95,21,48,L 12
2010,WAS,2010-03-24,7:00p,@,Indiana Pacers,L,,82,99,21,49,L 13
2010,WAS,2010-03-26,7:00p,@,Charlotte Bobcats,L,,96,107,21,50,L 14
2010,WAS,2010-03-27,7:00p,,Utah Jazz,L,,87,103,21,51,L 15
2010,WAS,2010-03-30,8:30p,@,Houston Rockets,L,,94,98,21,52,L 16
2010,WAS,2010-03-31,8:00p,@,New Orleans Hornets,W,,96,91,22,52,W 1
2010,WAS,2010-04-02,7:00p,,Chicago Bulls,L,,87,95,22,53,L 1
2010,WAS,2010-04-04,6:00p,,New Jersey Nets,W,,109,99,23,53,W 1
2010,WAS,2010-04-06,7:00p,,Golden State Warriors,W,,112,94,24,53,W 2
2010,WAS,2010-04-07,7:00p,@,Orlando Magic,L,,94,121,24,54,L 1
2010,WAS,2010-04-09,7:30p,@,Boston Celtics,W,,106,96,25,54,W 1
2010,WAS,2010-04-10,7:00p,,Atlanta Hawks,L,,95,105,25,55,L 1
2010,WAS,2010-04-12,7:30p,@,New York Knicks,L,,103,114,25,56,L 2
2010,WAS,2010-04-14,8:00p,,Indiana Pacers,W,,98,97,26,56,W 1
2011,ATL,2010-10-27,8:00p,@,Memphis Grizzlies,W,,119,104,1,0,W 1
2011,ATL,2010-10-29,7:00p,@,Philadelphia 76ers,W,,104,101,2,0,W 2
2011,ATL,2010-10-30,7:00p,,Washington Wizards,W,,99,95,3,0,W 3
2011,ATL,2010-11-02,7:00p,@,Cleveland Cavaliers,W,,100,88,4,0,W 4
2011,ATL,2010-11-03,7:00p,,Detroit Pistons,W,,94,85,5,0,W 5
2011,ATL,2010-11-05,8:00p,@,Minnesota Timberwolves,W,,113,103,6,0,W 6
2011,ATL,2010-11-07,5:00p,,Phoenix Suns,L,,114,118,6,1,L 1
2011,ATL,2010-11-08,7:00p,@,Orlando Magic,L,,89,93,6,2,L 2
2011,ATL,2010-11-10,7:00p,,Milwaukee Bucks,L,,91,108,6,3,L 3
2011,ATL,2010-11-12,7:00p,,Utah Jazz,L,,86,90,6,4,L 4
2011,ATL,2010-11-14,2:00p,,Minnesota Timberwolves,W,,111,105,7,4,W 1
2011,ATL,2010-11-16,7:00p,@,Indiana Pacers,W,,102,92,8,4,W 2
2011,ATL,2010-11-20,8:00p,,Dallas Mavericks,L,,93,98,8,5,L 1
2011,ATL,2010-11-22,7:00p,,Boston Celtics,L,,76,99,8,6,L 2
2011,ATL,2010-11-23,7:00p,@,New Jersey Nets,L,OT,101,107,8,7,L 3
2011,ATL,2010-11-25,8:00p,,Washington Wizards,W,,116,96,9,7,W 1
2011,ATL,2010-11-27,1:00p,@,New York Knicks,W,,99,90,10,7,W 2
2011,ATL,2010-11-28,1:00p,@,Toronto Raptors,W,,96,78,11,7,W 3
2011,ATL,2010-12-01,7:00p,,Memphis Grizzlies,W,,112,109,12,7,W 4
2011,ATL,2010-12-03,7:30p,,Philadelphia 76ers,W,,93,88,13,7,W 5
2011,ATL,2010-12-04,7:30p,@,Miami Heat,L,,77,89,13,8,L 1
2011,ATL,2010-12-06,7:00p,@,Orlando Magic,W,,80,74,14,8,W 1
2011,ATL,2010-12-07,7:00p,,New Jersey Nets,W,,116,101,15,8,W 2
2011,ATL,2010-12-10,8:30p,@,San Antonio Spurs,L,,92,108,15,9,L 1
2011,ATL,2010-12-11,7:00p,,Indiana Pacers,W,,97,83,16,9,W 1
2011,ATL,2010-12-14,7:30p,@,Detroit Pistons,L,,80,103,16,10,L 1
2011,ATL,2010-12-16,8:00p,@,Boston Celtics,L,,90,102,16,11,L 2
2011,ATL,2010-12-17,7:30p,,Charlotte Bobcats,W,,90,85,17,11,W 1
2011,ATL,2010-12-19,1:00p,@,New Jersey Nets,L,,82,89,17,12,L 1
2011,ATL,2010-12-20,7:00p,,Orlando Magic,W,,91,81,18,12,W 1
2011,ATL,2010-12-22,7:00p,,Cleveland Cavaliers,W,,98,84,19,12,W 2
2011,ATL,2010-12-26,7:00p,@,New Orleans Hornets,L,,86,93,19,13,L 1
2011,ATL,2010-12-27,8:00p,@,Milwaukee Bucks,W,,95,80,20,13,W 1
2011,ATL,2010-12-29,7:00p,,Golden State Warriors,W,,103,93,21,13,W 2
2011,ATL,2010-12-31,8:00p,@,Oklahoma City Thunder,L,,94,103,21,14,L 1
2011,ATL,2011-01-02,3:30p,@,Los Angeles Clippers,W,,107,98,22,14,W 1
2011,ATL,2011-01-04,10:00p,@,Sacramento Kings,W,,108,102,23,14,W 2
2011,ATL,2011-01-05,9:00p,@,Utah Jazz,W,,110,87,24,14,W 3
2011,ATL,2011-01-08,7:00p,,Indiana Pacers,W,,108,93,25,14,W 4
2011,ATL,2011-01-12,7:00p,@,Toronto Raptors,W,,104,101,26,14,W 5
2011,ATL,2011-01-15,7:00p,,Houston Rockets,L,,106,112,26,15,L 1
2011,ATL,2011-01-17,4:00p,,Sacramento Kings,W,,100,98,27,15,W 1
2011,ATL,2011-01-18,7:30p,@,Miami Heat,W,OT,93,89,28,15,W 2
2011,ATL,2011-01-21,7:30p,,New Orleans Hornets,L,,59,100,28,16,L 1
2011,ATL,2011-01-22,7:00p,@,Charlotte Bobcats,W,,103,87,29,16,W 1
2011,ATL,2011-01-26,8:00p,@,Milwaukee Bucks,L,,90,98,29,17,L 1
2011,ATL,2011-01-28,7:30p,,New York Knicks,W,,111,102,30,17,W 1
2011,ATL,2011-01-29,8:30p,@,Dallas Mavericks,L,,91,102,30,18,L 1
2011,ATL,2011-02-02,7:00p,,Toronto Raptors,W,,100,87,31,18,W 1
2011,ATL,2011-02-04,7:30p,,Los Angeles Clippers,W,,101,100,32,18,W 2
2011,ATL,2011-02-05,7:00p,@,Washington Wizards,W,,99,92,33,18,W 3
2011,ATL,2011-02-08,7:00p,,Philadelphia 76ers,L,,83,117,33,19,L 1
2011,ATL,2011-02-12,7:00p,,Charlotte Bobcats,L,,86,88,33,20,L 2
2011,ATL,2011-02-14,7:30p,@,Detroit Pistons,W,,94,79,34,20,W 1
2011,ATL,2011-02-16,7:30p,@,New York Knicks,L,,90,102,34,21,L 1
2011,ATL,2011-02-22,10:30p,@,Los Angeles Lakers,L,,80,104,34,22,L 2
2011,ATL,2011-02-23,9:00p,@,Phoenix Suns,L,,97,105,34,23,L 3
2011,ATL,2011-02-25,10:30p,@,Golden State Warriors,W,,95,79,35,23,W 1
2011,ATL,2011-02-27,10:30p,@,Portland Trail Blazers,W,,90,83,36,23,W 2
2011,ATL,2011-02-28,9:00p,@,Denver Nuggets,L,,90,100,36,24,L 1
2011,ATL,2011-03-02,7:00p,,Chicago Bulls,W,,83,80,37,24,W 1
2011,ATL,2011-03-04,7:30p,,Oklahoma City Thunder,L,,104,111,37,25,L 1
2011,ATL,2011-03-06,6:30p,,New York Knicks,L,,79,92,37,26,L 2
2011,ATL,2011-03-08,7:00p,,Los Angeles Lakers,L,,87,101,37,27,L 3
2011,ATL,2011-03-11,8:00p,@,Chicago Bulls,L,,76,94,37,28,L 4
2011,ATL,2011-03-12,7:00p,,Portland Trail Blazers,W,,91,82,38,28,W 1
2011,ATL,2011-03-15,7:00p,,Milwaukee Bucks,W,,110,85,39,28,W 2
2011,ATL,2011-03-16,7:00p,,Denver Nuggets,L,,87,102,39,29,L 1
2011,ATL,2011-03-18,7:30p,,Miami Heat,L,,85,106,39,30,L 2
2011,ATL,2011-03-20,2:00p,,Detroit Pistons,W,,104,96,40,30,W 1
2011,ATL,2011-03-22,8:00p,,Chicago Bulls,L,,81,114,40,31,L 1
2011,ATL,2011-03-23,7:00p,@,Philadelphia 76ers,L,,100,105,40,32,L 2
2011,ATL,2011-03-26,7:00p,,New Jersey Nets,W,,98,87,41,32,W 1
2011,ATL,2011-03-27,6:00p,@,Cleveland Cavaliers,W,,99,83,42,32,W 2
2011,ATL,2011-03-30,7:00p,,Orlando Magic,W,,85,82,43,32,W 3
2011,ATL,2011-04-01,8:00p,,Boston Celtics,W,,88,83,44,32,W 4
2011,ATL,2011-04-03,7:00p,@,Houston Rockets,L,,109,114,44,33,L 1
2011,ATL,2011-04-05,7:00p,,San Antonio Spurs,L,,90,97,44,34,L 2
2011,ATL,2011-04-08,7:00p,@,Indiana Pacers,L,,102,114,44,35,L 3
2011,ATL,2011-04-09,7:00p,@,Washington Wizards,L,,83,115,44,36,L 4
2011,ATL,2011-04-11,7:00p,,Miami Heat,L,,90,98,44,37,L 5
2011,ATL,2011-04-13,8:00p,@,Charlotte Bobcats,L,,85,96,44,38,L 6
2011,ATL,2011-04-16,7:00p,@,Orlando Magic,W,,103,93,1,0,W 1
2011,ATL,2011-04-19,7:30p,@,Orlando Magic,L,,82,88,1,1,L 1
2011,ATL,2011-04-22,8:00p,,Orlando Magic,W,,88,84,2,1,W 1
2011,ATL,2011-04-24,7:00p,,Orlando Magic,W,,88,85,3,1,W 2
2011,ATL,2011-04-26,7:30p,@,Orlando Magic,L,,76,101,3,2,L 1
2011,ATL,2011-04-28,7:30p,,Orlando Magic,W,,84,81,4,2,W 1
2011,ATL,2011-05-02,8:00p,@,Chicago Bulls,W,,103,95,5,2,W 2
2011,ATL,2011-05-04,8:00p,@,Chicago Bulls,L,,73,86,5,3,L 1
2011,ATL,2011-05-06,7:00p,,Chicago Bulls,L,,82,99,5,4,L 2
2011,ATL,2011-05-08,8:00p,,Chicago Bulls,W,,100,88,6,4,W 1
2011,ATL,2011-05-10,8:00p,@,Chicago Bulls,L,,83,95,6,5,L 1
2011,ATL,2011-05-12,8:00p,,Chicago Bulls,L,,73,93,6,6,L 2
2011,BOS,2010-10-26,7:30p,,Miami Heat,W,,88,80,1,0,W 1
2011,BOS,2010-10-27,7:00p,@,Cleveland Cavaliers,L,,87,95,1,1,L 1
2011,BOS,2010-10-29,7:30p,,New York Knicks,W,,105,101,2,1,W 1
2011,BOS,2010-11-02,7:30p,@,Detroit Pistons,W,,109,86,3,1,W 2
2011,BOS,2010-11-03,8:00p,,Milwaukee Bucks,W,OT,105,102,4,1,W 3
2011,BOS,2010-11-05,8:00p,,Chicago Bulls,W,OT,110,105,5,1,W 4
2011,BOS,2010-11-07,7:00p,@,Oklahoma City Thunder,W,,92,83,6,1,W 5
2011,BOS,2010-11-08,8:30p,@,Dallas Mavericks,L,,87,89,6,2,L 1
2011,BOS,2010-11-11,8:00p,@,Miami Heat,W,,112,107,7,2,W 1
2011,BOS,2010-11-13,8:00p,@,Memphis Grizzlies,W,OT,116,110,8,2,W 2
2011,BOS,2010-11-17,7:30p,,Washington Wizards,W,,114,83,9,2,W 3
2011,BOS,2010-11-19,7:00p,,Oklahoma City Thunder,L,,84,89,9,3,L 1
2011,BOS,2010-11-21,1:00p,@,Toronto Raptors,L,,101,102,9,4,L 2
2011,BOS,2010-11-22,7:00p,@,Atlanta Hawks,W,,99,76,10,4,W 1
2011,BOS,2010-11-24,7:30p,,New Jersey Nets,W,,89,83,11,4,W 2
2011,BOS,2010-11-26,7:30p,,Toronto Raptors,W,,110,101,12,4,W 3
2011,BOS,2010-11-30,7:00p,@,Cleveland Cavaliers,W,,106,87,13,4,W 4
2011,BOS,2010-12-01,7:30p,,Portland Trail Blazers,W,,99,95,14,4,W 5
2011,BOS,2010-12-03,8:00p,,Chicago Bulls,W,,104,92,15,4,W 6
2011,BOS,2010-12-05,1:00p,@,New Jersey Nets,W,,100,75,16,4,W 7
2011,BOS,2010-12-08,7:00p,,Denver Nuggets,W,,105,89,17,4,W 8
2011,BOS,2010-12-09,8:00p,@,Philadelphia 76ers,W,,102,101,18,4,W 9
2011,BOS,2010-12-11,7:00p,@,Charlotte Bobcats,W,,93,62,19,4,W 10
2011,BOS,2010-12-15,7:00p,@,New York Knicks,W,,118,116,20,4,W 11
2011,BOS,2010-12-16,8:00p,,Atlanta Hawks,W,,102,90,21,4,W 12
2011,BOS,2010-12-19,1:00p,,Indiana Pacers,W,,99,88,22,4,W 13
2011,BOS,2010-12-22,7:30p,,Philadelphia 76ers,W,,84,80,23,4,W 14
2011,BOS,2010-12-25,2:30p,@,Orlando Magic,L,,78,86,23,5,L 1
2011,BOS,2010-12-28,7:00p,@,Indiana Pacers,W,,95,83,24,5,W 1
2011,BOS,2010-12-29,7:30p,@,Detroit Pistons,L,,92,104,24,6,L 1
2011,BOS,2010-12-31,3:00p,,New Orleans Hornets,L,,81,83,24,7,L 2
2011,BOS,2011-01-02,6:00p,@,Toronto Raptors,W,,93,79,25,7,W 1
2011,BOS,2011-01-03,7:30p,,Minnesota Timberwolves,W,,96,93,26,7,W 2
2011,BOS,2011-01-05,7:30p,,San Antonio Spurs,W,,105,103,27,7,W 3
2011,BOS,2011-01-07,7:30p,,Toronto Raptors,W,,122,102,28,7,W 4
2011,BOS,2011-01-08,8:00p,@,Chicago Bulls,L,,79,90,28,8,L 1
2011,BOS,2011-01-10,7:30p,,Houston Rockets,L,,102,108,28,9,L 2
2011,BOS,2011-01-12,7:30p,,Sacramento Kings,W,,119,95,29,9,W 1
2011,BOS,2011-01-14,7:30p,,Charlotte Bobcats,W,,99,94,30,9,W 2
2011,BOS,2011-01-17,8:00p,,Orlando Magic,W,,109,106,31,9,W 3
2011,BOS,2011-01-19,7:30p,,Detroit Pistons,W,,86,82,32,9,W 4
2011,BOS,2011-01-21,7:30p,,Utah Jazz,W,,110,86,33,9,W 5
2011,BOS,2011-01-22,7:00p,@,Washington Wizards,L,,83,85,33,10,L 1
2011,BOS,2011-01-25,7:30p,,Cleveland Cavaliers,W,,112,95,34,10,W 1
2011,BOS,2011-01-27,10:30p,@,Portland Trail Blazers,W,,88,78,35,10,W 2
2011,BOS,2011-01-28,10:30p,@,Phoenix Suns,L,,71,88,35,11,L 1
2011,BOS,2011-01-30,3:30p,@,Los Angeles Lakers,W,,109,96,36,11,W 1
2011,BOS,2011-02-01,10:00p,@,Sacramento Kings,W,,95,90,37,11,W 2
2011,BOS,2011-02-04,8:00p,,Dallas Mavericks,L,,97,101,37,12,L 1
2011,BOS,2011-02-06,2:30p,,Orlando Magic,W,,91,80,38,12,W 1
2011,BOS,2011-02-07,7:00p,@,Charlotte Bobcats,L,,89,94,38,13,L 1
2011,BOS,2011-02-10,8:00p,,Los Angeles Lakers,L,,86,92,38,14,L 2
2011,BOS,2011-02-13,1:00p,,Miami Heat,W,,85,82,39,14,W 1
2011,BOS,2011-02-16,7:30p,,New Jersey Nets,W,,94,80,40,14,W 2
2011,BOS,2011-02-22,10:30p,@,Golden State Warriors,W,,115,93,41,14,W 3
2011,BOS,2011-02-24,10:30p,@,Denver Nuggets,L,,75,89,41,15,L 1
2011,BOS,2011-02-26,10:30p,@,Los Angeles Clippers,W,,99,92,42,15,W 1
2011,BOS,2011-02-28,9:00p,@,Utah Jazz,W,,107,102,43,15,W 2
2011,BOS,2011-03-02,7:30p,,Phoenix Suns,W,,115,103,44,15,W 3
2011,BOS,2011-03-04,7:30p,,Golden State Warriors,W,,107,103,45,15,W 4
2011,BOS,2011-03-06,9:00p,@,Milwaukee Bucks,W,,89,83,46,15,W 5
2011,BOS,2011-03-09,7:30p,,Los Angeles Clippers,L,,103,108,46,16,L 1
2011,BOS,2011-03-11,7:00p,@,Philadelphia 76ers,L,,86,89,46,17,L 2
2011,BOS,2011-03-13,6:00p,,Milwaukee Bucks,W,,87,56,47,17,W 1
2011,BOS,2011-03-14,7:00p,@,New Jersey Nets,L,,79,88,47,18,L 1
2011,BOS,2011-03-16,7:30p,,Indiana Pacers,W,,92,80,48,18,W 1
2011,BOS,2011-03-18,8:30p,@,Houston Rockets,L,,77,93,48,19,L 1
2011,BOS,2011-03-19,8:00p,@,New Orleans Hornets,W,,89,85,49,19,W 1
2011,BOS,2011-03-21,7:30p,@,New York Knicks,W,,96,86,50,19,W 2
2011,BOS,2011-03-23,7:30p,,Memphis Grizzlies,L,,87,90,50,20,L 1
2011,BOS,2011-03-25,7:30p,,Charlotte Bobcats,L,,81,83,50,21,L 2
2011,BOS,2011-03-27,7:00p,@,Minnesota Timberwolves,W,,85,82,51,21,W 1
2011,BOS,2011-03-28,7:00p,@,Indiana Pacers,L,,100,107,51,22,L 1
2011,BOS,2011-03-31,8:00p,@,San Antonio Spurs,W,,107,97,52,22,W 1
2011,BOS,2011-04-01,8:00p,@,Atlanta Hawks,L,,83,88,52,23,L 1
2011,BOS,2011-04-03,6:00p,,Detroit Pistons,W,,101,90,53,23,W 1
2011,BOS,2011-04-05,7:30p,,Philadelphia 76ers,W,,99,82,54,23,W 2
2011,BOS,2011-04-07,8:00p,@,Chicago Bulls,L,,81,97,54,24,L 1
2011,BOS,2011-04-08,7:30p,,Washington Wizards,W,,104,88,55,24,W 1
2011,BOS,2011-04-10,3:30p,@,Miami Heat,L,,77,100,55,25,L 1
2011,BOS,2011-04-11,7:00p,@,Washington Wizards,L,OT,94,95,55,26,L 2
2011,BOS,2011-04-13,8:00p,,New York Knicks,W,,112,102,56,26,W 1
2011,BOS,2011-04-17,7:00p,,New York Knicks,W,,87,85,1,0,W 1
2011,BOS,2011-04-19,7:00p,,New York Knicks,W,,96,93,2,0,W 2
2011,BOS,2011-04-22,7:00p,@,New York Knicks,W,,113,96,3,0,W 3
2011,BOS,2011-04-24,3:30p,@,New York Knicks,W,,101,89,4,0,W 4
2011,BOS,2011-05-01,3:30p,@,Miami Heat,L,,90,99,4,1,L 1
2011,BOS,2011-05-03,7:00p,@,Miami Heat,L,,91,102,4,2,L 2
2011,BOS,2011-05-07,8:00p,,Miami Heat,W,,97,81,5,2,W 1
2011,BOS,2011-05-09,7:00p,,Miami Heat,L,OT,90,98,5,3,L 1
2011,BOS,2011-05-11,7:00p,@,Miami Heat,L,,87,97,5,4,L 2
2011,CHA,2010-10-27,8:30p,@,Dallas Mavericks,L,,86,101,0,1,L 1
2011,CHA,2010-10-29,7:00p,,Indiana Pacers,L,,101,104,0,2,L 2
2011,CHA,2010-10-30,8:30p,@,Milwaukee Bucks,L,,88,98,0,3,L 3
2011,CHA,2010-11-03,7:00p,@,New Jersey Nets,W,,85,83,1,3,W 1
2011,CHA,2010-11-05,7:30p,@,Detroit Pistons,L,,90,97,1,4,L 1
2011,CHA,2010-11-06,7:00p,,Orlando Magic,L,,88,91,1,5,L 2
2011,CHA,2010-11-08,7:00p,,San Antonio Spurs,L,,91,95,1,6,L 3
2011,CHA,2010-11-10,7:00p,@,Toronto Raptors,W,,101,96,2,6,W 1
2011,CHA,2010-11-12,7:00p,@,Washington Wizards,W,,93,85,3,6,W 2
2011,CHA,2010-11-13,7:00p,,Utah Jazz,L,,95,96,3,7,L 1
2011,CHA,2010-11-15,7:00p,,Minnesota Timberwolves,W,,113,110,4,7,W 1
2011,CHA,2010-11-19,7:30p,@,Miami Heat,L,,87,95,4,8,L 1
2011,CHA,2010-11-20,7:00p,,Phoenix Suns,W,,123,105,5,8,W 1
2011,CHA,2010-11-23,7:30p,@,New York Knicks,L,,107,110,5,9,L 1
2011,CHA,2010-11-24,7:00p,,New York Knicks,L,,95,99,5,10,L 2
2011,CHA,2010-11-26,7:00p,,Houston Rockets,W,,99,89,6,10,W 1
2011,CHA,2010-11-27,9:00p,@,Milwaukee Bucks,L,,101,104,6,11,L 1
2011,CHA,2010-12-01,8:00p,@,New Orleans Hornets,L,,73,89,6,12,L 2
2011,CHA,2010-12-03,7:00p,,New Jersey Nets,W,OT,91,84,7,12,W 1
2011,CHA,2010-12-04,7:30p,@,Philadelphia 76ers,L,,91,109,7,13,L 1
2011,CHA,2010-12-07,7:00p,,Denver Nuggets,W,,100,98,8,13,W 1
2011,CHA,2010-12-10,7:00p,@,Indiana Pacers,L,,92,100,8,14,L 1
2011,CHA,2010-12-11,7:00p,,Boston Celtics,L,,62,93,8,15,L 2
2011,CHA,2010-12-14,7:00p,,Toronto Raptors,W,,97,91,9,15,W 1
2011,CHA,2010-12-15,8:00p,@,Memphis Grizzlies,L,,80,113,9,16,L 1
2011,CHA,2010-12-17,7:30p,@,Atlanta Hawks,L,,85,90,9,17,L 2
2011,CHA,2010-12-20,7:00p,@,Washington Wizards,L,,75,108,9,18,L 3
2011,CHA,2010-12-21,7:00p,,Oklahoma City Thunder,L,,81,99,9,19,L 4
2011,CHA,2010-12-27,7:00p,,Detroit Pistons,W,,105,100,10,19,W 1
2011,CHA,2010-12-29,7:00p,,Cleveland Cavaliers,W,,101,92,11,19,W 2
2011,CHA,2010-12-31,3:00p,,Golden State Warriors,L,,95,96,11,20,L 1
2011,CHA,2011-01-03,7:00p,,Miami Heat,L,,82,96,11,21,L 2
2011,CHA,2011-01-05,8:00p,@,Minnesota Timberwolves,W,OT,108,105,12,21,W 1
2011,CHA,2011-01-08,7:00p,,Washington Wizards,W,,104,89,13,21,W 2
2011,CHA,2011-01-10,7:00p,,Memphis Grizzlies,W,,96,82,14,21,W 3
2011,CHA,2011-01-12,7:00p,,Chicago Bulls,W,,96,91,15,21,W 4
2011,CHA,2011-01-14,7:30p,@,Boston Celtics,L,,94,99,15,22,L 1
2011,CHA,2011-01-15,7:00p,,New Orleans Hornets,L,,81,88,15,23,L 2
2011,CHA,2011-01-17,2:00p,@,Philadelphia 76ers,L,OT,92,96,15,24,L 3
2011,CHA,2011-01-18,8:00p,@,Chicago Bulls,W,,83,82,16,24,W 1
2011,CHA,2011-01-20,7:00p,,Philadelphia 76ers,W,,100,97,17,24,W 2
2011,CHA,2011-01-22,7:00p,,Atlanta Hawks,L,,87,103,17,25,L 1
2011,CHA,2011-01-25,10:00p,@,Sacramento Kings,W,,94,89,18,25,W 1
2011,CHA,2011-01-26,9:00p,@,Phoenix Suns,W,,114,107,19,25,W 2
2011,CHA,2011-01-28,10:30p,@,Golden State Warriors,W,OT,121,113,20,25,W 3
2011,CHA,2011-01-29,10:30p,@,Los Angeles Clippers,L,,88,103,20,26,L 1
2011,CHA,2011-01-31,9:00p,@,Utah Jazz,L,,78,83,20,27,L 2
2011,CHA,2011-02-02,7:30p,@,Detroit Pistons,W,,97,87,21,27,W 1
2011,CHA,2011-02-04,7:00p,,Miami Heat,L,,97,109,21,28,L 1
2011,CHA,2011-02-05,7:00p,,Dallas Mavericks,L,,92,101,21,29,L 2
2011,CHA,2011-02-07,7:00p,,Boston Celtics,W,,94,89,22,29,W 1
2011,CHA,2011-02-09,7:00p,@,Indiana Pacers,L,,103,104,22,30,L 1
2011,CHA,2011-02-11,7:00p,,New Jersey Nets,L,,89,94,22,31,L 2
2011,CHA,2011-02-12,7:00p,@,Atlanta Hawks,W,,88,86,23,31,W 1
2011,CHA,2011-02-14,7:00p,,Los Angeles Lakers,W,,109,89,24,31,W 2
2011,CHA,2011-02-15,8:00p,@,Chicago Bulls,L,,94,106,24,32,L 1
2011,CHA,2011-02-22,7:00p,,Toronto Raptors,W,,114,101,25,32,W 1
2011,CHA,2011-02-25,7:00p,,Sacramento Kings,W,,110,98,26,32,W 2
2011,CHA,2011-02-27,6:00p,@,Orlando Magic,L,,86,100,26,33,L 1
2011,CHA,2011-03-02,9:00p,@,Denver Nuggets,L,,80,120,26,34,L 2
2011,CHA,2011-03-04,10:30p,@,Los Angeles Lakers,L,,84,92,26,35,L 3
2011,CHA,2011-03-05,10:00p,@,Portland Trail Blazers,L,,69,93,26,36,L 4
2011,CHA,2011-03-07,7:00p,,Los Angeles Clippers,L,,87,92,26,37,L 5
2011,CHA,2011-03-09,7:00p,,Chicago Bulls,L,,84,101,26,38,L 6
2011,CHA,2011-03-11,7:00p,,Portland Trail Blazers,W,,97,92,27,38,W 1
2011,CHA,2011-03-13,1:00p,@,Toronto Raptors,W,,95,90,28,38,W 2
2011,CHA,2011-03-16,8:30p,@,Houston Rockets,L,,78,94,28,39,L 1
2011,CHA,2011-03-18,8:00p,@,Oklahoma City Thunder,L,,82,99,28,40,L 2
2011,CHA,2011-03-19,8:30p,@,San Antonio Spurs,L,,98,109,28,41,L 3
2011,CHA,2011-03-23,7:00p,,Indiana Pacers,L,,88,111,28,42,L 4
2011,CHA,2011-03-25,7:30p,@,Boston Celtics,W,,83,81,29,42,W 1
2011,CHA,2011-03-26,7:00p,,New York Knicks,W,,114,106,30,42,W 2
2011,CHA,2011-03-28,7:00p,,Milwaukee Bucks,W,,87,86,31,42,W 3
2011,CHA,2011-03-30,7:00p,,Cleveland Cavaliers,W,,98,97,32,42,W 4
2011,CHA,2011-04-01,7:00p,@,Orlando Magic,L,,77,89,32,43,L 1
2011,CHA,2011-04-03,6:00p,,Washington Wizards,L,,91,97,32,44,L 2
2011,CHA,2011-04-05,7:00p,@,Cleveland Cavaliers,L,,89,99,32,45,L 3
2011,CHA,2011-04-06,7:00p,,Orlando Magic,L,OT,102,111,32,46,L 4
2011,CHA,2011-04-08,7:30p,@,Miami Heat,L,,103,112,32,47,L 5
2011,CHA,2011-04-10,6:00p,,Detroit Pistons,L,,101,112,32,48,L 6
2011,CHA,2011-04-11,7:00p,@,New Jersey Nets,W,,105,103,33,48,W 1
2011,CHA,2011-04-13,8:00p,,Atlanta Hawks,W,,96,85,34,48,W 2
2011,CHI,2010-10-27,8:00p,@,Oklahoma City Thunder,L,,95,106,0,1,L 1
2011,CHI,2010-10-30,8:00p,,Detroit Pistons,W,,101,91,1,1,W 1
2011,CHI,2010-11-01,8:00p,,Portland Trail Blazers,W,,110,98,2,1,W 2
2011,CHI,2010-11-04,8:00p,,New York Knicks,L,,112,120,2,2,L 1
2011,CHI,2010-11-05,8:00p,@,Boston Celtics,L,OT,105,110,2,3,L 2
2011,CHI,2010-11-08,8:00p,,Denver Nuggets,W,,94,92,3,3,W 1
2011,CHI,2010-11-11,8:00p,,Golden State Warriors,W,,120,90,4,3,W 2
2011,CHI,2010-11-13,8:00p,,Washington Wizards,W,,103,96,5,3,W 3
2011,CHI,2010-11-16,8:30p,@,Houston Rockets,W,,95,92,6,3,W 4
2011,CHI,2010-11-17,9:30p,@,San Antonio Spurs,L,,94,103,6,4,L 1
2011,CHI,2010-11-19,9:30p,@,Dallas Mavericks,W,,88,83,7,4,W 1
2011,CHI,2010-11-23,10:30p,@,Los Angeles Lakers,L,,91,98,7,5,L 1
2011,CHI,2010-11-24,9:00p,@,Phoenix Suns,W,2OT,123,115,8,5,W 1
2011,CHI,2010-11-26,9:00p,@,Denver Nuggets,L,,97,98,8,6,L 1
2011,CHI,2010-11-27,10:00p,@,Sacramento Kings,W,,96,85,9,6,W 1
2011,CHI,2010-12-01,8:00p,,Orlando Magic,L,,78,107,9,7,L 1
2011,CHI,2010-12-03,8:00p,@,Boston Celtics,L,,92,104,9,8,L 2
2011,CHI,2010-12-04,8:00p,,Houston Rockets,W,OT,119,116,10,8,W 1
2011,CHI,2010-12-06,8:00p,,Oklahoma City Thunder,W,,99,90,11,8,W 2
2011,CHI,2010-12-08,7:00p,@,Cleveland Cavaliers,W,,88,83,12,8,W 3
2011,CHI,2010-12-10,8:00p,,Los Angeles Lakers,W,,88,84,13,8,W 4
2011,CHI,2010-12-11,8:00p,,Minnesota Timberwolves,W,,113,82,14,8,W 5
2011,CHI,2010-12-13,8:00p,,Indiana Pacers,W,,92,73,15,8,W 6
2011,CHI,2010-12-15,7:00p,@,Toronto Raptors,W,,110,93,16,8,W 7
2011,CHI,2010-12-18,8:00p,,Los Angeles Clippers,L,,99,100,16,9,L 1
2011,CHI,2010-12-21,8:00p,,Philadelphia 76ers,W,,121,76,17,9,W 1
2011,CHI,2010-12-22,7:00p,@,Washington Wizards,W,,87,80,18,9,W 2
2011,CHI,2010-12-25,12:00p,@,New York Knicks,L,,95,103,18,10,L 1
2011,CHI,2010-12-26,6:00p,@,Detroit Pistons,W,OT,95,92,19,10,W 1
2011,CHI,2010-12-28,8:00p,,Milwaukee Bucks,W,,90,77,20,10,W 2
2011,CHI,2010-12-31,3:00p,,New Jersey Nets,W,,90,81,21,10,W 3
2011,CHI,2011-01-01,7:00p,,Cleveland Cavaliers,W,,100,91,22,10,W 4
2011,CHI,2011-01-04,8:00p,,Toronto Raptors,W,,111,91,23,10,W 5
2011,CHI,2011-01-05,7:00p,@,New Jersey Nets,L,,94,96,23,11,L 1
2011,CHI,2011-01-07,7:00p,@,Philadelphia 76ers,L,,99,105,23,12,L 2
2011,CHI,2011-01-08,8:00p,,Boston Celtics,W,,90,79,24,12,W 1
2011,CHI,2011-01-10,8:00p,,Detroit Pistons,W,,95,82,25,12,W 2
2011,CHI,2011-01-12,7:00p,@,Charlotte Bobcats,L,,91,96,25,13,L 1
2011,CHI,2011-01-14,7:00p,@,Indiana Pacers,W,,99,86,26,13,W 1
2011,CHI,2011-01-15,8:00p,,Miami Heat,W,,99,96,27,13,W 2
2011,CHI,2011-01-17,1:00p,@,Memphis Grizzlies,W,,96,84,28,13,W 3
2011,CHI,2011-01-18,8:00p,,Charlotte Bobcats,L,,82,83,28,14,L 1
2011,CHI,2011-01-20,8:00p,,Dallas Mavericks,W,,82,77,29,14,W 1
2011,CHI,2011-01-22,8:00p,,Cleveland Cavaliers,W,,92,79,30,14,W 2
2011,CHI,2011-01-24,8:00p,,Milwaukee Bucks,W,,92,83,31,14,W 3
2011,CHI,2011-01-28,8:00p,,Orlando Magic,W,,99,90,32,14,W 4
2011,CHI,2011-01-29,8:00p,,Indiana Pacers,W,,110,89,33,14,W 5
2011,CHI,2011-02-02,10:30p,@,Los Angeles Clippers,W,,106,88,34,14,W 6
2011,CHI,2011-02-05,10:30p,@,Golden State Warriors,L,,90,101,34,15,L 1
2011,CHI,2011-02-07,10:00p,@,Portland Trail Blazers,L,,103,109,34,16,L 2
2011,CHI,2011-02-09,9:00p,@,Utah Jazz,W,,91,86,35,16,W 1
2011,CHI,2011-02-12,8:00p,@,New Orleans Hornets,W,,97,88,36,16,W 2
2011,CHI,2011-02-15,8:00p,,Charlotte Bobcats,W,,106,94,37,16,W 3
2011,CHI,2011-02-17,8:00p,,San Antonio Spurs,W,,109,99,38,16,W 4
2011,CHI,2011-02-23,7:00p,@,Toronto Raptors,L,,113,118,38,17,L 1
2011,CHI,2011-02-24,8:00p,,Miami Heat,W,,93,89,39,17,W 1
2011,CHI,2011-02-26,8:30p,@,Milwaukee Bucks,W,,83,75,40,17,W 2
2011,CHI,2011-02-28,7:00p,@,Washington Wizards,W,,105,77,41,17,W 3
2011,CHI,2011-03-02,7:00p,@,Atlanta Hawks,L,,80,83,41,18,L 1
2011,CHI,2011-03-04,7:00p,@,Orlando Magic,W,,89,81,42,18,W 1
2011,CHI,2011-03-06,1:00p,@,Miami Heat,W,,87,86,43,18,W 2
2011,CHI,2011-03-07,8:00p,,New Orleans Hornets,W,,85,77,44,18,W 3
2011,CHI,2011-03-09,7:00p,@,Charlotte Bobcats,W,,101,84,45,18,W 4
2011,CHI,2011-03-11,8:00p,,Atlanta Hawks,W,,94,76,46,18,W 5
2011,CHI,2011-03-12,8:00p,,Utah Jazz,W,,118,100,47,18,W 6
2011,CHI,2011-03-15,8:00p,,Washington Wizards,W,,98,79,48,18,W 7
2011,CHI,2011-03-17,7:00p,@,New Jersey Nets,W,,84,73,49,18,W 8
2011,CHI,2011-03-18,7:00p,@,Indiana Pacers,L,OT,108,115,49,19,L 1
2011,CHI,2011-03-21,8:00p,,Sacramento Kings,W,,132,92,50,19,W 1
2011,CHI,2011-03-22,8:00p,@,Atlanta Hawks,W,,114,81,51,19,W 2
2011,CHI,2011-03-25,8:00p,,Memphis Grizzlies,W,,99,96,52,19,W 3
2011,CHI,2011-03-26,8:30p,@,Milwaukee Bucks,W,,95,87,53,19,W 4
2011,CHI,2011-03-28,8:00p,,Philadelphia 76ers,L,,85,97,53,20,L 1
2011,CHI,2011-03-30,8:00p,@,Minnesota Timberwolves,W,,108,91,54,20,W 1
2011,CHI,2011-04-01,7:30p,@,Detroit Pistons,W,,101,96,55,20,W 2
2011,CHI,2011-04-02,8:00p,,Toronto Raptors,W,,113,106,56,20,W 3
2011,CHI,2011-04-05,8:00p,,Phoenix Suns,W,,97,94,57,20,W 4
2011,CHI,2011-04-07,8:00p,,Boston Celtics,W,,97,81,58,20,W 5
2011,CHI,2011-04-08,7:30p,@,Cleveland Cavaliers,W,,93,82,59,20,W 6
2011,CHI,2011-04-10,1:00p,@,Orlando Magic,W,,102,99,60,20,W 7
2011,CHI,2011-04-12,8:00p,@,New York Knicks,W,,103,90,61,20,W 8
2011,CHI,2011-04-13,8:00p,,New Jersey Nets,W,,97,92,62,20,W 9
2011,CHI,2011-04-16,1:00p,,Indiana Pacers,W,,104,99,1,0,W 1
2011,CHI,2011-04-18,9:30p,,Indiana Pacers,W,,96,90,2,0,W 2
2011,CHI,2011-04-21,7:00p,@,Indiana Pacers,W,,88,84,3,0,W 3
2011,CHI,2011-04-23,2:30p,@,Indiana Pacers,L,,84,89,3,1,L 1
2011,CHI,2011-04-26,8:00p,,Indiana Pacers,W,,116,89,4,1,W 1
2011,CHI,2011-05-02,8:00p,,Atlanta Hawks,L,,95,103,4,2,L 1
2011,CHI,2011-05-04,8:00p,,Atlanta Hawks,W,,86,73,5,2,W 1
2011,CHI,2011-05-06,7:00p,@,Atlanta Hawks,W,,99,82,6,2,W 2
2011,CHI,2011-05-08,8:00p,@,Atlanta Hawks,L,,88,100,6,3,L 1
2011,CHI,2011-05-10,8:00p,,Atlanta Hawks,W,,95,83,7,3,W 1
2011,CHI,2011-05-12,8:00p,@,Atlanta Hawks,W,,93,73,8,3,W 2
2011,CHI,2011-05-15,8:00p,,Miami Heat,W,,103,82,9,3,W 3
2011,CHI,2011-05-18,8:30p,,Miami Heat,L,,75,85,9,4,L 1
2011,CHI,2011-05-22,8:30p,@,Miami Heat,L,,85,96,9,5,L 2
2011,CHI,2011-05-24,8:30p,@,Miami Heat,L,OT,93,101,9,6,L 3
2011,CHI,2011-05-26,8:30p,,Miami Heat,L,,80,83,9,7,L 4
2011,CLE,2010-10-27,7:00p,,Boston Celtics,W,,95,87,1,0,W 1
2011,CLE,2010-10-29,7:00p,@,Toronto Raptors,L,,81,101,1,1,L 1
2011,CLE,2010-10-30,7:30p,,Sacramento Kings,L,,104,107,1,2,L 2
2011,CLE,2010-11-02,7:00p,,Atlanta Hawks,L,,88,100,1,3,L 3
2011,CLE,2010-11-05,7:00p,@,Philadelphia 76ers,W,,123,116,2,3,W 1
2011,CLE,2010-11-06,7:00p,@,Washington Wizards,W,,107,102,3,3,W 2
2011,CLE,2010-11-09,7:00p,@,New Jersey Nets,W,,93,91,4,3,W 3
2011,CLE,2010-11-10,7:30p,,New Jersey Nets,L,,87,95,4,4,L 1
2011,CLE,2010-11-13,7:30p,,Indiana Pacers,L,,85,99,4,5,L 2
2011,CLE,2010-11-16,7:00p,,Philadelphia 76ers,W,,101,93,5,5,W 1
2011,CLE,2010-11-19,8:00p,@,New Orleans Hornets,L,,101,108,5,6,L 1
2011,CLE,2010-11-20,8:30p,@,San Antonio Spurs,L,,92,116,5,7,L 2
2011,CLE,2010-11-23,7:00p,@,Indiana Pacers,L,,89,100,5,8,L 3
2011,CLE,2010-11-24,7:00p,,Milwaukee Bucks,W,,83,81,6,8,W 1
2011,CLE,2010-11-26,7:00p,@,Orlando Magic,L,,100,111,6,9,L 1
2011,CLE,2010-11-27,7:30p,,Memphis Grizzlies,W,,92,86,7,9,W 1
2011,CLE,2010-11-30,7:00p,,Boston Celtics,L,,87,106,7,10,L 1
2011,CLE,2010-12-02,8:00p,,Miami Heat,L,,90,118,7,11,L 2
2011,CLE,2010-12-04,8:00p,@,Minnesota Timberwolves,L,,95,129,7,12,L 3
2011,CLE,2010-12-05,6:00p,@,Detroit Pistons,L,,92,102,7,13,L 4
2011,CLE,2010-12-07,7:00p,@,Philadelphia 76ers,L,,97,117,7,14,L 5
2011,CLE,2010-12-08,7:00p,,Chicago Bulls,L,,83,88,7,15,L 6
2011,CLE,2010-12-11,8:30p,@,Houston Rockets,L,,95,110,7,16,L 7
2011,CLE,2010-12-12,7:00p,@,Oklahoma City Thunder,L,,77,106,7,17,L 8
2011,CLE,2010-12-15,7:30p,@,Miami Heat,L,,95,101,7,18,L 9
2011,CLE,2010-12-17,7:00p,@,Indiana Pacers,L,,99,108,7,19,L 10
2011,CLE,2010-12-18,7:30p,,New York Knicks,W,OT,109,102,8,19,W 1
2011,CLE,2010-12-20,7:00p,,Utah Jazz,L,,90,101,8,20,L 1
2011,CLE,2010-12-22,7:00p,@,Atlanta Hawks,L,,84,98,8,21,L 2
2011,CLE,2010-12-26,6:00p,,Minnesota Timberwolves,L,,97,98,8,22,L 3
2011,CLE,2010-12-28,7:00p,,Orlando Magic,L,,95,110,8,23,L 4
2011,CLE,2010-12-29,7:00p,@,Charlotte Bobcats,L,,92,101,8,24,L 5
2011,CLE,2011-01-01,7:00p,@,Chicago Bulls,L,,91,100,8,25,L 6
2011,CLE,2011-01-02,7:00p,,Dallas Mavericks,L,,95,104,8,26,L 7
2011,CLE,2011-01-05,7:00p,,Toronto Raptors,L,,105,120,8,27,L 8
2011,CLE,2011-01-07,10:30p,@,Golden State Warriors,L,,98,116,8,28,L 9
2011,CLE,2011-01-09,8:00p,@,Phoenix Suns,L,,100,108,8,29,L 10
2011,CLE,2011-01-11,10:30p,@,Los Angeles Lakers,L,,57,112,8,30,L 11
2011,CLE,2011-01-14,9:00p,@,Utah Jazz,L,,99,121,8,31,L 12
2011,CLE,2011-01-15,9:00p,@,Denver Nuggets,L,,99,127,8,32,L 13
2011,CLE,2011-01-19,7:00p,,Phoenix Suns,L,,98,106,8,33,L 14
2011,CLE,2011-01-21,7:30p,,Milwaukee Bucks,L,,88,102,8,34,L 15
2011,CLE,2011-01-22,8:00p,@,Chicago Bulls,L,,79,92,8,35,L 16
2011,CLE,2011-01-24,7:00p,@,New Jersey Nets,L,,101,103,8,36,L 17
2011,CLE,2011-01-25,7:30p,@,Boston Celtics,L,,95,112,8,37,L 18
2011,CLE,2011-01-28,7:30p,,Denver Nuggets,L,,103,117,8,38,L 19
2011,CLE,2011-01-30,6:00p,@,Orlando Magic,L,,87,103,8,39,L 20
2011,CLE,2011-01-31,7:30p,@,Miami Heat,L,,90,117,8,40,L 21
2011,CLE,2011-02-02,7:00p,,Indiana Pacers,L,,112,117,8,41,L 22
2011,CLE,2011-02-04,8:00p,@,Memphis Grizzlies,L,,105,112,8,42,L 23
2011,CLE,2011-02-05,7:30p,,Portland Trail Blazers,L,,105,111,8,43,L 24
2011,CLE,2011-02-07,8:30p,@,Dallas Mavericks,L,,96,99,8,44,L 25
2011,CLE,2011-02-09,7:00p,,Detroit Pistons,L,,94,103,8,45,L 26
2011,CLE,2011-02-11,7:30p,,Los Angeles Clippers,W,OT,126,119,9,45,W 1
2011,CLE,2011-02-13,6:00p,,Washington Wizards,L,,100,115,9,46,L 1
2011,CLE,2011-02-16,7:30p,,Los Angeles Lakers,W,,104,99,10,46,W 1
2011,CLE,2011-02-23,7:00p,,Houston Rockets,L,,119,124,10,47,L 1
2011,CLE,2011-02-25,7:30p,,New York Knicks,W,,115,109,11,47,W 1
2011,CLE,2011-02-27,5:00p,,Philadelphia 76ers,L,,91,95,11,48,L 1
2011,CLE,2011-03-02,7:00p,,San Antonio Spurs,L,,99,109,11,49,L 2
2011,CLE,2011-03-04,7:30p,@,New York Knicks,W,,119,115,12,49,W 1
2011,CLE,2011-03-06,6:30p,,New Orleans Hornets,L,,81,96,12,50,L 1
2011,CLE,2011-03-08,7:00p,,Golden State Warriors,L,,85,95,12,51,L 2
2011,CLE,2011-03-09,8:00p,@,Milwaukee Bucks,L,,90,110,12,52,L 3
2011,CLE,2011-03-13,1:00p,,Oklahoma City Thunder,L,,75,95,12,53,L 4
2011,CLE,2011-03-16,10:00p,@,Sacramento Kings,W,,97,93,13,53,W 1
2011,CLE,2011-03-17,10:00p,@,Portland Trail Blazers,L,,70,111,13,54,L 1
2011,CLE,2011-03-19,3:30p,@,Los Angeles Clippers,L,,92,100,13,55,L 2
2011,CLE,2011-03-21,7:00p,,Orlando Magic,L,,86,97,13,56,L 3
2011,CLE,2011-03-23,7:00p,,New Jersey Nets,L,OT,94,98,13,57,L 4
2011,CLE,2011-03-25,7:30p,,Detroit Pistons,W,,97,91,14,57,W 1
2011,CLE,2011-03-27,6:00p,,Atlanta Hawks,L,,83,99,14,58,L 1
2011,CLE,2011-03-29,7:00p,,Miami Heat,W,,102,90,15,58,W 1
2011,CLE,2011-03-30,7:00p,@,Charlotte Bobcats,L,,97,98,15,59,L 1
2011,CLE,2011-04-01,7:00p,@,Washington Wizards,L,,107,115,15,60,L 2
2011,CLE,2011-04-03,6:00p,@,New York Knicks,L,,107,123,15,61,L 3
2011,CLE,2011-04-05,7:00p,,Charlotte Bobcats,W,,99,89,16,61,W 1
2011,CLE,2011-04-06,7:00p,@,Toronto Raptors,W,,104,96,17,61,W 2
2011,CLE,2011-04-08,7:30p,,Chicago Bulls,L,,82,93,17,62,L 1
2011,CLE,2011-04-09,8:30p,@,Milwaukee Bucks,L,,101,108,17,63,L 2
2011,CLE,2011-04-11,7:30p,@,Detroit Pistons,W,,110,101,18,63,W 1
2011,CLE,2011-04-13,8:00p,,Washington Wizards,W,,100,93,19,63,W 2
2011,DAL,2010-10-27,8:30p,,Charlotte Bobcats,W,,101,86,1,0,W 1
2011,DAL,2010-10-29,8:30p,,Memphis Grizzlies,L,,90,91,1,1,L 1
2011,DAL,2010-10-31,3:30p,@,Los Angeles Clippers,W,,99,83,2,1,W 1
2011,DAL,2010-11-03,9:00p,@,Denver Nuggets,W,,102,101,3,1,W 2
2011,DAL,2010-11-06,9:00p,,Denver Nuggets,L,,92,103,3,2,L 1
2011,DAL,2010-11-08,8:30p,,Boston Celtics,W,,89,87,4,2,W 1
2011,DAL,2010-11-10,8:00p,@,Memphis Grizzlies,W,,106,91,5,2,W 2
2011,DAL,2010-11-12,8:30p,,Philadelphia 76ers,W,,99,90,6,2,W 3
2011,DAL,2010-11-15,8:30p,,New Orleans Hornets,W,,98,95,7,2,W 4
2011,DAL,2010-11-17,8:00p,@,New Orleans Hornets,L,,97,99,7,3,L 1
2011,DAL,2010-11-19,9:30p,,Chicago Bulls,L,,83,88,7,4,L 2
2011,DAL,2010-11-20,8:00p,@,Atlanta Hawks,W,,98,93,8,4,W 1
2011,DAL,2010-11-23,8:30p,,Detroit Pistons,W,,88,84,9,4,W 2
2011,DAL,2010-11-24,8:00p,@,Oklahoma City Thunder,W,,111,103,10,4,W 3
2011,DAL,2010-11-26,8:30p,@,San Antonio Spurs,W,,103,94,11,4,W 4
2011,DAL,2010-11-27,8:30p,,Miami Heat,W,,106,95,12,4,W 5
2011,DAL,2010-11-29,8:30p,,Houston Rockets,W,,101,91,13,4,W 6
2011,DAL,2010-12-01,8:30p,,Minnesota Timberwolves,W,,100,86,14,4,W 7
2011,DAL,2010-12-03,10:30p,@,Utah Jazz,W,,93,81,15,4,W 8
2011,DAL,2010-12-04,10:00p,@,Sacramento Kings,W,,105,103,16,4,W 9
2011,DAL,2010-12-07,8:30p,,Golden State Warriors,W,,105,100,17,4,W 10
2011,DAL,2010-12-09,8:30p,,New Jersey Nets,W,,102,89,18,4,W 11
2011,DAL,2010-12-11,8:30p,,Utah Jazz,W,,103,97,19,4,W 12
2011,DAL,2010-12-13,8:30p,,Milwaukee Bucks,L,,99,103,19,5,L 1
2011,DAL,2010-12-15,9:30p,,Portland Trail Blazers,W,,103,98,20,5,W 1
2011,DAL,2010-12-17,9:30p,,Phoenix Suns,W,,106,91,21,5,W 2
2011,DAL,2010-12-20,7:30p,@,Miami Heat,W,,98,96,22,5,W 3
2011,DAL,2010-12-21,7:00p,@,Orlando Magic,W,,105,99,23,5,W 4
2011,DAL,2010-12-27,8:00p,@,Oklahoma City Thunder,W,,103,93,24,5,W 5
2011,DAL,2010-12-28,8:30p,,Toronto Raptors,L,,76,84,24,6,L 1
2011,DAL,2010-12-30,9:30p,,San Antonio Spurs,L,,93,99,24,7,L 2
2011,DAL,2011-01-01,9:00p,@,Milwaukee Bucks,L,,87,99,24,8,L 3
2011,DAL,2011-01-02,7:00p,@,Cleveland Cavaliers,W,,104,95,25,8,W 1
2011,DAL,2011-01-04,8:30p,,Portland Trail Blazers,W,,84,81,26,8,W 2
2011,DAL,2011-01-06,8:00p,,Oklahoma City Thunder,L,,95,99,26,9,L 1
2011,DAL,2011-01-08,8:30p,,Orlando Magic,L,,107,117,26,10,L 2
2011,DAL,2011-01-12,7:00p,@,Indiana Pacers,L,,89,102,26,11,L 3
2011,DAL,2011-01-14,8:00p,@,San Antonio Spurs,L,,89,101,26,12,L 4
2011,DAL,2011-01-15,8:00p,@,Memphis Grizzlies,L,,70,89,26,13,L 5
2011,DAL,2011-01-17,3:30p,@,Detroit Pistons,L,,89,103,26,14,L 6
2011,DAL,2011-01-19,9:00p,,Los Angeles Lakers,W,,109,100,27,14,W 1
2011,DAL,2011-01-20,8:00p,@,Chicago Bulls,L,,77,82,27,15,L 1
2011,DAL,2011-01-22,7:00p,@,New Jersey Nets,W,,87,86,28,15,W 1
2011,DAL,2011-01-25,8:30p,,Los Angeles Clippers,W,,112,105,29,15,W 2
2011,DAL,2011-01-27,8:30p,,Houston Rockets,W,,111,106,30,15,W 3
2011,DAL,2011-01-29,8:30p,,Atlanta Hawks,W,,102,91,31,15,W 4
2011,DAL,2011-01-31,8:30p,,Washington Wizards,W,,102,92,32,15,W 5
2011,DAL,2011-02-02,7:30p,@,New York Knicks,W,,113,97,33,15,W 6
2011,DAL,2011-02-04,8:00p,@,Boston Celtics,W,,101,97,34,15,W 7
2011,DAL,2011-02-05,7:00p,@,Charlotte Bobcats,W,,101,92,35,15,W 8
2011,DAL,2011-02-07,8:30p,,Cleveland Cavaliers,W,,99,96,36,15,W 9
2011,DAL,2011-02-09,10:00p,@,Sacramento Kings,W,,102,100,37,15,W 10
2011,DAL,2011-02-10,10:30p,@,Denver Nuggets,L,,120,121,37,16,L 1
2011,DAL,2011-02-12,8:30p,@,Houston Rockets,W,,106,102,38,16,W 1
2011,DAL,2011-02-16,8:30p,,Sacramento Kings,W,,116,100,39,16,W 2
2011,DAL,2011-02-17,10:30p,@,Phoenix Suns,W,,112,106,40,16,W 3
2011,DAL,2011-02-23,8:30p,,Utah Jazz,W,,118,99,41,16,W 4
2011,DAL,2011-02-26,8:00p,@,Washington Wizards,W,,105,99,42,16,W 5
2011,DAL,2011-02-27,6:00p,@,Toronto Raptors,W,,114,96,43,16,W 6
2011,DAL,2011-03-01,7:00p,@,Philadelphia 76ers,W,,101,93,44,16,W 7
2011,DAL,2011-03-04,8:30p,,Indiana Pacers,W,,116,108,45,16,W 8
2011,DAL,2011-03-06,7:30p,,Memphis Grizzlies,L,,103,104,45,17,L 1
2011,DAL,2011-03-07,8:00p,@,Minnesota Timberwolves,W,,108,105,46,17,W 1
2011,DAL,2011-03-09,8:00p,@,New Orleans Hornets,L,,92,93,46,18,L 1
2011,DAL,2011-03-10,9:30p,,New York Knicks,W,,127,109,47,18,W 1
2011,DAL,2011-03-12,9:00p,,Los Angeles Lakers,L,,91,96,47,19,L 1
2011,DAL,2011-03-15,10:00p,@,Portland Trail Blazers,L,,101,104,47,20,L 2
2011,DAL,2011-03-16,10:30p,@,Golden State Warriors,W,,112,106,48,20,W 1
2011,DAL,2011-03-18,8:30p,,San Antonio Spurs,L,,91,97,48,21,L 1
2011,DAL,2011-03-20,7:30p,,Golden State Warriors,W,,101,73,49,21,W 1
2011,DAL,2011-03-24,8:30p,,Minnesota Timberwolves,W,,104,96,50,21,W 2
2011,DAL,2011-03-26,9:00p,@,Utah Jazz,W,,94,77,51,21,W 3
2011,DAL,2011-03-27,10:30p,@,Phoenix Suns,W,,91,83,52,21,W 4
2011,DAL,2011-03-30,10:30p,@,Los Angeles Clippers,W,,106,100,53,21,W 5
2011,DAL,2011-03-31,10:30p,@,Los Angeles Lakers,L,,82,110,53,22,L 1
2011,DAL,2011-04-02,10:30p,@,Golden State Warriors,L,,92,99,53,23,L 2
2011,DAL,2011-04-03,9:00p,@,Portland Trail Blazers,L,,96,104,53,24,L 3
2011,DAL,2011-04-06,8:30p,,Denver Nuggets,L,,96,104,53,25,L 4
2011,DAL,2011-04-08,8:30p,,Los Angeles Clippers,W,,107,96,54,25,W 1
2011,DAL,2011-04-10,7:30p,,Phoenix Suns,W,,115,90,55,25,W 2
2011,DAL,2011-04-11,8:30p,@,Houston Rockets,W,OT,98,91,56,25,W 3
2011,DAL,2011-04-13,8:00p,,New Orleans Hornets,W,,121,89,57,25,W 4
2011,DAL,2011-04-16,9:30p,,Portland Trail Blazers,W,,89,81,1,0,W 1
2011,DAL,2011-04-19,9:30p,,Portland Trail Blazers,W,,101,89,2,0,W 2
2011,DAL,2011-04-21,10:30p,@,Portland Trail Blazers,L,,92,97,2,1,L 1
2011,DAL,2011-04-23,5:00p,@,Portland Trail Blazers,L,,82,84,2,2,L 2
2011,DAL,2011-04-25,8:30p,,Portland Trail Blazers,W,,93,82,3,2,W 1
2011,DAL,2011-04-28,10:30p,@,Portland Trail Blazers,W,,103,96,4,2,W 2
2011,DAL,2011-05-02,10:30p,@,Los Angeles Lakers,W,,96,94,5,2,W 3
2011,DAL,2011-05-04,10:30p,@,Los Angeles Lakers,W,,93,81,6,2,W 4
2011,DAL,2011-05-06,9:30p,,Los Angeles Lakers,W,,98,92,7,2,W 5
2011,DAL,2011-05-08,3:30p,,Los Angeles Lakers,W,,122,86,8,2,W 6
2011,DAL,2011-05-17,9:00p,,Oklahoma City Thunder,W,,121,112,9,2,W 7
2011,DAL,2011-05-19,9:00p,,Oklahoma City Thunder,L,,100,106,9,3,L 1
2011,DAL,2011-05-21,9:00p,@,Oklahoma City Thunder,W,,93,87,10,3,W 1
2011,DAL,2011-05-23,9:00p,@,Oklahoma City Thunder,W,OT,112,105,11,3,W 2
2011,DAL,2011-05-25,9:00p,,Oklahoma City Thunder,W,,100,96,12,3,W 3
2011,DAL,2011-05-31,9:00p,@,Miami Heat,L,,84,92,12,4,L 1
2011,DAL,2011-06-02,9:00p,@,Miami Heat,W,,95,93,13,4,W 1
2011,DAL,2011-06-05,8:00p,,Miami Heat,L,,86,88,13,5,L 1
2011,DAL,2011-06-07,9:00p,,Miami Heat,W,,86,83,14,5,W 1
2011,DAL,2011-06-09,9:00p,,Miami Heat,W,,112,103,15,5,W 2
2011,DAL,2011-06-12,8:00p,@,Miami Heat,W,,105,95,16,5,W 3
2011,DEN,2010-10-27,9:00p,,Utah Jazz,W,,110,88,1,0,W 1
2011,DEN,2010-10-29,8:00p,@,New Orleans Hornets,L,,95,101,1,1,L 1
2011,DEN,2010-10-30,8:30p,@,Houston Rockets,W,,107,94,2,1,W 1
2011,DEN,2010-11-03,9:00p,,Dallas Mavericks,L,,101,102,2,2,L 1
2011,DEN,2010-11-05,10:30p,,Los Angeles Clippers,W,,111,104,3,2,W 1
2011,DEN,2010-11-06,9:00p,@,Dallas Mavericks,W,,103,92,4,2,W 2
2011,DEN,2010-11-08,8:00p,@,Chicago Bulls,L,,92,94,4,3,L 1
2011,DEN,2010-11-09,7:00p,@,Indiana Pacers,L,,113,144,4,4,L 2
2011,DEN,2010-11-11,10:30p,,Los Angeles Lakers,W,,118,112,5,4,W 1
2011,DEN,2010-11-15,9:00p,@,Phoenix Suns,L,,94,100,5,5,L 1
2011,DEN,2010-11-16,9:00p,,New York Knicks,W,,120,118,6,5,W 1
2011,DEN,2010-11-18,10:30p,@,Portland Trail Blazers,L,,83,86,6,6,L 1
2011,DEN,2010-11-20,9:00p,,New Jersey Nets,W,,107,103,7,6,W 1
2011,DEN,2010-11-22,10:30p,@,Golden State Warriors,W,,106,89,8,6,W 2
2011,DEN,2010-11-26,9:00p,,Chicago Bulls,W,,98,97,9,6,W 3
2011,DEN,2010-11-28,8:00p,,Phoenix Suns,W,,138,133,10,6,W 4
2011,DEN,2010-12-01,9:00p,,Milwaukee Bucks,W,,105,94,11,6,W 5
2011,DEN,2010-12-03,9:00p,,Los Angeles Clippers,W,,109,104,12,6,W 6
2011,DEN,2010-12-05,8:00p,,Memphis Grizzlies,W,,108,107,13,6,W 7
2011,DEN,2010-12-07,7:00p,@,Charlotte Bobcats,L,,98,100,13,7,L 1
2011,DEN,2010-12-08,7:00p,@,Boston Celtics,L,,89,105,13,8,L 2
2011,DEN,2010-12-10,7:00p,@,Toronto Raptors,W,,123,116,14,8,W 1
2011,DEN,2010-12-12,12:00p,@,New York Knicks,L,,125,129,14,9,L 1
2011,DEN,2010-12-14,9:00p,,Orlando Magic,W,,111,94,15,9,W 1
2011,DEN,2010-12-16,10:30p,,San Antonio Spurs,L,,112,113,15,10,L 1
2011,DEN,2010-12-18,9:00p,,Minnesota Timberwolves,W,,115,113,16,10,W 1
2011,DEN,2010-12-22,8:30p,@,San Antonio Spurs,L,,103,109,16,11,L 1
2011,DEN,2010-12-25,8:00p,@,Oklahoma City Thunder,L,,106,114,16,12,L 2
2011,DEN,2010-12-26,8:00p,,Philadelphia 76ers,L,,89,95,16,13,L 3
2011,DEN,2010-12-28,9:00p,,Portland Trail Blazers,W,,95,77,17,13,W 1
2011,DEN,2010-12-29,8:00p,@,Minnesota Timberwolves,W,,119,113,18,13,W 2
2011,DEN,2011-01-01,9:00p,,Sacramento Kings,W,,104,86,19,13,W 3
2011,DEN,2011-01-03,9:00p,,Houston Rockets,W,,113,106,20,13,W 4
2011,DEN,2011-01-05,10:30p,@,Los Angeles Clippers,L,,93,106,20,14,L 1
2011,DEN,2011-01-06,10:30p,@,Sacramento Kings,L,,102,122,20,15,L 2
2011,DEN,2011-01-09,9:00p,,New Orleans Hornets,L,,87,96,20,16,L 3
2011,DEN,2011-01-11,9:00p,,Phoenix Suns,W,,132,98,21,16,W 1
2011,DEN,2011-01-13,10:30p,,Miami Heat,W,,130,102,22,16,W 2
2011,DEN,2011-01-15,9:00p,,Cleveland Cavaliers,W,,127,99,23,16,W 3
2011,DEN,2011-01-16,9:00p,@,San Antonio Spurs,L,,97,110,23,17,L 1
2011,DEN,2011-01-19,9:00p,,Oklahoma City Thunder,W,,112,107,24,17,W 1
2011,DEN,2011-01-21,10:30p,,Los Angeles Lakers,L,,97,107,24,18,L 1
2011,DEN,2011-01-23,8:00p,,Indiana Pacers,W,,121,107,25,18,W 1
2011,DEN,2011-01-25,7:00p,@,Washington Wizards,W,,120,109,26,18,W 2
2011,DEN,2011-01-26,7:30p,@,Detroit Pistons,W,,109,100,27,18,W 3
2011,DEN,2011-01-28,7:30p,@,Cleveland Cavaliers,W,,117,103,28,18,W 4
2011,DEN,2011-01-30,6:00p,@,Philadelphia 76ers,L,,99,110,28,19,L 1
2011,DEN,2011-01-31,7:00p,@,New Jersey Nets,L,,99,115,28,20,L 2
2011,DEN,2011-02-02,9:00p,,Portland Trail Blazers,W,,109,90,29,20,W 1
2011,DEN,2011-02-04,10:30p,,Utah Jazz,L,,106,113,29,21,L 1
2011,DEN,2011-02-05,8:30p,@,Minnesota Timberwolves,W,,113,100,30,21,W 1
2011,DEN,2011-02-07,9:00p,,Houston Rockets,L,,103,108,30,22,L 1
2011,DEN,2011-02-09,10:30p,@,Golden State Warriors,L,,114,116,30,23,L 2
2011,DEN,2011-02-10,10:30p,,Dallas Mavericks,W,,121,120,31,23,W 1
2011,DEN,2011-02-13,6:00p,@,Memphis Grizzlies,L,,108,116,31,24,L 1
2011,DEN,2011-02-14,8:30p,@,Houston Rockets,L,,102,121,31,25,L 2
2011,DEN,2011-02-16,9:00p,@,Milwaukee Bucks,W,,94,87,32,25,W 1
2011,DEN,2011-02-22,9:00p,,Memphis Grizzlies,W,,120,107,33,25,W 2
2011,DEN,2011-02-24,10:30p,,Boston Celtics,W,,89,75,34,25,W 3
2011,DEN,2011-02-25,10:30p,@,Portland Trail Blazers,L,OT,106,107,34,26,L 1
2011,DEN,2011-02-28,9:00p,,Atlanta Hawks,W,,100,90,35,26,W 1
2011,DEN,2011-03-02,9:00p,,Charlotte Bobcats,W,,120,80,36,26,W 2
2011,DEN,2011-03-03,10:30p,@,Utah Jazz,W,,103,101,37,26,W 3
2011,DEN,2011-03-05,10:30p,@,Los Angeles Clippers,L,,94,100,37,27,L 1
2011,DEN,2011-03-10,10:30p,@,Phoenix Suns,W,,116,97,38,27,W 1
2011,DEN,2011-03-12,9:00p,,Detroit Pistons,W,,131,101,39,27,W 2
2011,DEN,2011-03-14,8:00p,@,New Orleans Hornets,W,,114,103,40,27,W 3
2011,DEN,2011-03-16,7:00p,@,Atlanta Hawks,W,,102,87,41,27,W 4
2011,DEN,2011-03-18,7:00p,@,Orlando Magic,L,,82,85,41,28,L 1
2011,DEN,2011-03-19,7:30p,@,Miami Heat,L,,98,103,41,29,L 2
2011,DEN,2011-03-21,9:00p,,Toronto Raptors,W,,123,90,42,29,W 1
2011,DEN,2011-03-23,10:30p,,San Antonio Spurs,W,,115,112,43,29,W 2
2011,DEN,2011-03-25,9:00p,,Washington Wizards,W,,114,94,44,29,W 3
2011,DEN,2011-03-30,9:00p,,Sacramento Kings,W,,104,90,45,29,W 4
2011,DEN,2011-04-01,10:00p,@,Sacramento Kings,W,,99,90,46,29,W 5
2011,DEN,2011-04-03,3:30p,@,Los Angeles Lakers,W,,95,90,47,29,W 6
2011,DEN,2011-04-05,9:00p,,Oklahoma City Thunder,L,,94,101,47,30,L 1
2011,DEN,2011-04-06,8:30p,@,Dallas Mavericks,W,,104,96,48,30,W 1
2011,DEN,2011-04-08,8:00p,@,Oklahoma City Thunder,L,,89,104,48,31,L 1
2011,DEN,2011-04-09,9:00p,,Minnesota Timberwolves,W,,130,106,49,31,W 1
2011,DEN,2011-04-11,9:00p,,Golden State Warriors,W,,134,111,50,31,W 2
2011,DEN,2011-04-13,8:00p,@,Utah Jazz,L,,103,107,50,32,L 1
2011,DEN,2011-04-17,9:30p,@,Oklahoma City Thunder,L,,103,107,0,1,L 1
2011,DEN,2011-04-20,8:00p,@,Oklahoma City Thunder,L,,89,106,0,2,L 2
2011,DEN,2011-04-23,10:00p,,Oklahoma City Thunder,L,,94,97,0,3,L 3
2011,DEN,2011-04-25,10:30p,,Oklahoma City Thunder,W,,104,101,1,3,W 1
2011,DEN,2011-04-27,9:30p,@,Oklahoma City Thunder,L,,97,100,1,4,L 1
2011,DET,2010-10-27,7:00p,@,New Jersey Nets,L,,98,101,0,1,L 1
2011,DET,2010-10-29,8:00p,,Oklahoma City Thunder,L,,104,105,0,2,L 2
2011,DET,2010-10-30,8:00p,@,Chicago Bulls,L,,91,101,0,3,L 3
2011,DET,2010-11-02,7:30p,,Boston Celtics,L,,86,109,0,4,L 4
2011,DET,2010-11-03,7:00p,@,Atlanta Hawks,L,,85,94,0,5,L 5
2011,DET,2010-11-05,7:30p,,Charlotte Bobcats,W,,97,90,1,5,W 1
2011,DET,2010-11-07,6:00p,,Golden State Warriors,W,,102,97,2,5,W 2
2011,DET,2010-11-09,10:00p,@,Portland Trail Blazers,L,,78,100,2,6,L 1
2011,DET,2010-11-12,10:30p,@,Los Angeles Clippers,W,OT,113,107,3,6,W 1
2011,DET,2010-11-14,6:00p,@,Sacramento Kings,W,,100,94,4,6,W 2
2011,DET,2010-11-15,10:30p,@,Golden State Warriors,L,,97,101,4,7,L 1
2011,DET,2010-11-17,7:30p,,Los Angeles Lakers,L,,90,103,4,8,L 2
2011,DET,2010-11-21,6:00p,,Washington Wizards,W,OT,115,110,5,8,W 1
2011,DET,2010-11-23,8:30p,@,Dallas Mavericks,L,,84,88,5,9,L 1
2011,DET,2010-11-24,8:00p,@,Memphis Grizzlies,L,,84,105,5,10,L 2
2011,DET,2010-11-26,7:30p,,Milwaukee Bucks,W,,103,89,6,10,W 1
2011,DET,2010-11-28,1:30p,,New York Knicks,L,2OT,116,125,6,11,L 1
2011,DET,2010-11-30,7:00p,@,Orlando Magic,L,,79,90,6,12,L 2
2011,DET,2010-12-01,7:30p,@,Miami Heat,L,,72,97,6,13,L 3
2011,DET,2010-12-03,7:30p,,Orlando Magic,L,,91,104,6,14,L 4
2011,DET,2010-12-05,6:00p,,Cleveland Cavaliers,W,,102,92,7,14,W 1
2011,DET,2010-12-07,8:30p,@,Houston Rockets,L,,83,97,7,15,L 1
2011,DET,2010-12-08,8:00p,@,New Orleans Hornets,L,,74,93,7,16,L 2
2011,DET,2010-12-10,8:00p,@,Minnesota Timberwolves,L,,99,109,7,17,L 3
2011,DET,2010-12-11,7:30p,,Toronto Raptors,L,,116,120,7,18,L 4
2011,DET,2010-12-14,7:30p,,Atlanta Hawks,W,,103,80,8,18,W 1
2011,DET,2010-12-17,7:30p,,Los Angeles Clippers,L,,88,109,8,19,L 1
2011,DET,2010-12-19,6:00p,,New Orleans Hornets,W,OT,111,108,9,19,W 1
2011,DET,2010-12-22,7:00p,@,Toronto Raptors,W,,115,93,10,19,W 2
2011,DET,2010-12-26,6:00p,,Chicago Bulls,L,OT,92,95,10,20,L 1
2011,DET,2010-12-27,7:00p,@,Charlotte Bobcats,L,,100,105,10,21,L 2
2011,DET,2010-12-29,7:30p,,Boston Celtics,W,,104,92,11,21,W 1
2011,DET,2010-12-31,9:00p,@,Phoenix Suns,L,,75,92,11,22,L 1
2011,DET,2011-01-03,9:00p,@,Utah Jazz,L,,97,102,11,23,L 2
2011,DET,2011-01-04,10:30p,@,Los Angeles Lakers,L,,83,108,11,24,L 3
2011,DET,2011-01-08,7:30p,,Philadelphia 76ers,W,OT,112,109,12,24,W 1
2011,DET,2011-01-10,8:00p,@,Chicago Bulls,L,,82,95,12,25,L 1
2011,DET,2011-01-12,7:30p,,Memphis Grizzlies,L,,99,107,12,26,L 2
2011,DET,2011-01-14,7:00p,@,Toronto Raptors,W,,101,95,13,26,W 1
2011,DET,2011-01-15,7:30p,,Sacramento Kings,W,,110,106,14,26,W 2
2011,DET,2011-01-17,3:30p,,Dallas Mavericks,W,,103,89,15,26,W 3
2011,DET,2011-01-19,7:30p,@,Boston Celtics,L,,82,86,15,27,L 1
2011,DET,2011-01-21,7:00p,@,New Jersey Nets,L,,74,89,15,28,L 2
2011,DET,2011-01-22,7:30p,,Phoenix Suns,W,,75,74,16,28,W 1
2011,DET,2011-01-24,7:00p,@,Orlando Magic,W,,103,96,17,28,W 2
2011,DET,2011-01-26,7:30p,,Denver Nuggets,L,,100,109,17,29,L 1
2011,DET,2011-01-28,7:30p,@,Miami Heat,L,,87,88,17,30,L 2
2011,DET,2011-01-30,7:30p,@,New York Knicks,L,,106,124,17,31,L 3
2011,DET,2011-02-02,7:30p,,Charlotte Bobcats,L,,87,97,17,32,L 4
2011,DET,2011-02-04,7:30p,,New Jersey Nets,W,,92,82,18,32,W 1
2011,DET,2011-02-05,8:30p,@,Milwaukee Bucks,W,,89,78,19,32,W 2
2011,DET,2011-02-08,7:30p,,San Antonio Spurs,L,,89,100,19,33,L 1
2011,DET,2011-02-09,7:00p,@,Cleveland Cavaliers,W,,103,94,20,33,W 1
2011,DET,2011-02-11,7:30p,,Miami Heat,L,,92,106,20,34,L 1
2011,DET,2011-02-13,6:00p,,Portland Trail Blazers,L,,100,105,20,35,L 2
2011,DET,2011-02-14,7:30p,,Atlanta Hawks,L,,79,94,20,36,L 3
2011,DET,2011-02-16,7:30p,,Indiana Pacers,W,OT,115,109,21,36,W 1
2011,DET,2011-02-22,7:30p,,Houston Rockets,L,,100,108,21,37,L 1
2011,DET,2011-02-23,7:00p,@,Indiana Pacers,L,,101,102,21,38,L 2
2011,DET,2011-02-25,7:00p,@,Philadelphia 76ers,L,,94,110,21,39,L 3
2011,DET,2011-02-26,7:30p,,Utah Jazz,W,,120,116,22,39,W 1
2011,DET,2011-03-01,8:00p,@,Milwaukee Bucks,L,,90,92,22,40,L 1
2011,DET,2011-03-02,7:30p,,Minnesota Timberwolves,L,,105,116,22,41,L 2
2011,DET,2011-03-06,6:00p,,Washington Wizards,W,,113,102,23,41,W 1
2011,DET,2011-03-09,8:30p,@,San Antonio Spurs,L,,104,111,23,42,L 1
2011,DET,2011-03-11,8:00p,@,Oklahoma City Thunder,L,,94,104,23,43,L 2
2011,DET,2011-03-12,9:00p,@,Denver Nuggets,L,,101,131,23,44,L 3
2011,DET,2011-03-16,7:30p,,Toronto Raptors,W,,107,93,24,44,W 1
2011,DET,2011-03-18,7:30p,,New York Knicks,W,,99,95,25,44,W 2
2011,DET,2011-03-20,2:00p,@,Atlanta Hawks,L,,96,104,25,45,L 1
2011,DET,2011-03-23,7:30p,,Miami Heat,L,,94,100,25,46,L 2
2011,DET,2011-03-25,7:30p,@,Cleveland Cavaliers,L,,91,97,25,47,L 3
2011,DET,2011-03-26,7:30p,,Indiana Pacers,W,,100,88,26,47,W 1
2011,DET,2011-03-30,7:00p,@,Indiana Pacers,L,,101,111,26,48,L 1
2011,DET,2011-04-01,7:30p,,Chicago Bulls,L,,96,101,26,49,L 2
2011,DET,2011-04-03,6:00p,@,Boston Celtics,L,,90,101,26,50,L 3
2011,DET,2011-04-05,7:00p,@,Washington Wizards,L,,105,107,26,51,L 4
2011,DET,2011-04-06,7:30p,,New Jersey Nets,W,,116,109,27,51,W 1
2011,DET,2011-04-08,7:30p,,Milwaukee Bucks,W,,110,100,28,51,W 2
2011,DET,2011-04-10,6:00p,@,Charlotte Bobcats,W,,112,101,29,51,W 3
2011,DET,2011-04-11,7:30p,,Cleveland Cavaliers,L,,101,110,29,52,L 1
2011,DET,2011-04-13,8:00p,@,Philadelphia 76ers,W,,104,100,30,52,W 1
2011,GSW,2010-10-27,10:30p,,Houston Rockets,W,,132,128,1,0,W 1
2011,GSW,2010-10-29,10:30p,,Los Angeles Clippers,W,,109,91,2,0,W 2
2011,GSW,2010-10-31,9:30p,@,Los Angeles Lakers,L,,83,107,2,1,L 1
2011,GSW,2010-11-03,10:30p,,Memphis Grizzlies,W,,115,109,3,1,W 1
2011,GSW,2010-11-05,10:30p,,Utah Jazz,W,,85,78,4,1,W 2
2011,GSW,2010-11-07,6:00p,@,Detroit Pistons,L,,97,102,4,2,L 1
2011,GSW,2010-11-08,7:00p,@,Toronto Raptors,W,,109,102,5,2,W 1
2011,GSW,2010-11-10,7:30p,@,New York Knicks,W,,122,117,6,2,W 2
2011,GSW,2010-11-11,8:00p,@,Chicago Bulls,L,,90,120,6,3,L 1
2011,GSW,2010-11-13,8:30p,@,Milwaukee Bucks,L,,72,79,6,4,L 2
2011,GSW,2010-11-15,10:30p,,Detroit Pistons,W,,101,97,7,4,W 1
2011,GSW,2010-11-19,10:30p,,New York Knicks,L,,119,125,7,5,L 1
2011,GSW,2010-11-21,9:30p,@,Los Angeles Lakers,L,,89,117,7,6,L 2
2011,GSW,2010-11-22,10:30p,,Denver Nuggets,L,,89,106,7,7,L 3
2011,GSW,2010-11-24,8:30p,@,Houston Rockets,L,,101,111,7,8,L 4
2011,GSW,2010-11-26,9:30p,@,Memphis Grizzlies,L,,111,116,7,9,L 5
2011,GSW,2010-11-27,8:00p,@,Minnesota Timberwolves,W,,104,94,8,9,W 1
2011,GSW,2010-11-30,10:30p,,San Antonio Spurs,L,,98,118,8,10,L 1
2011,GSW,2010-12-02,10:30p,,Phoenix Suns,L,,101,107,8,11,L 2
2011,GSW,2010-12-05,7:00p,@,Oklahoma City Thunder,L,,109,114,8,12,L 3
2011,GSW,2010-12-07,8:30p,@,Dallas Mavericks,L,,100,105,8,13,L 4
2011,GSW,2010-12-08,8:30p,@,San Antonio Spurs,L,,94,111,8,14,L 5
2011,GSW,2010-12-10,10:30p,,Miami Heat,L,,84,106,8,15,L 6
2011,GSW,2010-12-13,9:00p,@,Utah Jazz,L,,95,108,8,16,L 7
2011,GSW,2010-12-14,10:30p,,Minnesota Timberwolves,W,,108,99,9,16,W 1
2011,GSW,2010-12-18,10:00p,@,Portland Trail Blazers,L,,95,96,9,17,L 1
2011,GSW,2010-12-20,10:30p,,Houston Rockets,L,,112,121,9,18,L 2
2011,GSW,2010-12-21,10:00p,@,Sacramento Kings,W,OT,117,109,10,18,W 1
2011,GSW,2010-12-25,10:30p,,Portland Trail Blazers,W,,109,102,11,18,W 2
2011,GSW,2010-12-27,10:30p,,Philadelphia 76ers,W,,110,95,12,18,W 3
2011,GSW,2010-12-29,7:00p,@,Atlanta Hawks,L,,93,103,12,19,L 1
2011,GSW,2010-12-31,3:00p,@,Charlotte Bobcats,W,,96,95,13,19,W 1
2011,GSW,2011-01-01,7:30p,@,Miami Heat,L,,107,114,13,20,L 1
2011,GSW,2011-01-03,7:00p,@,Orlando Magic,L,,90,110,13,21,L 2
2011,GSW,2011-01-05,8:00p,@,New Orleans Hornets,W,,110,103,14,21,W 1
2011,GSW,2011-01-07,10:30p,,Cleveland Cavaliers,W,,116,98,15,21,W 2
2011,GSW,2011-01-09,3:30p,@,Los Angeles Clippers,L,,91,105,15,22,L 1
2011,GSW,2011-01-12,10:30p,,Los Angeles Lakers,L,,110,115,15,23,L 2
2011,GSW,2011-01-14,10:30p,,Los Angeles Clippers,W,,122,112,16,23,W 1
2011,GSW,2011-01-17,4:00p,,New Jersey Nets,W,,109,100,17,23,W 2
2011,GSW,2011-01-19,10:30p,,Indiana Pacers,W,,110,108,18,23,W 3
2011,GSW,2011-01-21,10:30p,,Sacramento Kings,W,OT,119,112,19,23,W 4
2011,GSW,2011-01-22,10:30p,@,Los Angeles Clippers,L,,109,113,19,24,L 1
2011,GSW,2011-01-24,10:30p,,San Antonio Spurs,L,,102,113,19,25,L 2
2011,GSW,2011-01-26,10:30p,,New Orleans Hornets,L,,103,112,19,26,L 3
2011,GSW,2011-01-28,10:30p,,Charlotte Bobcats,L,OT,113,121,19,27,L 4
2011,GSW,2011-01-30,10:00p,,Utah Jazz,W,,96,81,20,27,W 1
2011,GSW,2011-02-03,10:30p,,Milwaukee Bucks,W,,100,94,21,27,W 2
2011,GSW,2011-02-05,10:30p,,Chicago Bulls,W,,101,90,22,27,W 3
2011,GSW,2011-02-07,10:30p,,Phoenix Suns,L,,92,104,22,28,L 1
2011,GSW,2011-02-09,10:30p,,Denver Nuggets,W,,116,114,23,28,W 1
2011,GSW,2011-02-10,9:00p,@,Phoenix Suns,L,,88,112,23,29,L 1
2011,GSW,2011-02-13,8:00p,,Oklahoma City Thunder,W,,100,94,24,29,W 1
2011,GSW,2011-02-15,10:30p,,New Orleans Hornets,W,,102,89,25,29,W 2
2011,GSW,2011-02-16,9:00p,@,Utah Jazz,W,,107,100,26,29,W 3
2011,GSW,2011-02-22,10:30p,,Boston Celtics,L,,93,115,26,30,L 1
2011,GSW,2011-02-25,10:30p,,Atlanta Hawks,L,,79,95,26,31,L 2
2011,GSW,2011-02-27,5:00p,@,Minnesota Timberwolves,L,,123,126,26,32,L 3
2011,GSW,2011-03-01,7:00p,@,Indiana Pacers,L,,100,109,26,33,L 4
2011,GSW,2011-03-02,7:00p,@,Washington Wizards,W,,106,102,27,33,W 1
2011,GSW,2011-03-04,7:30p,@,Boston Celtics,L,,103,107,27,34,L 1
2011,GSW,2011-03-06,6:00p,@,Philadelphia 76ers,L,OT,117,125,27,35,L 2
2011,GSW,2011-03-08,7:00p,@,Cleveland Cavaliers,W,,95,85,28,35,W 1
2011,GSW,2011-03-09,7:00p,@,New Jersey Nets,L,,90,94,28,36,L 1
2011,GSW,2011-03-11,10:30p,,Orlando Magic,W,OT,123,120,29,36,W 1
2011,GSW,2011-03-13,9:00p,,Minnesota Timberwolves,W,,100,77,30,36,W 2
2011,GSW,2011-03-14,10:00p,@,Sacramento Kings,L,,119,129,30,37,L 1
2011,GSW,2011-03-16,10:30p,,Dallas Mavericks,L,,106,112,30,38,L 2
2011,GSW,2011-03-18,10:00p,@,Phoenix Suns,L,,97,108,30,39,L 3
2011,GSW,2011-03-20,7:30p,@,Dallas Mavericks,L,,73,101,30,40,L 4
2011,GSW,2011-03-21,8:30p,@,San Antonio Spurs,L,,96,111,30,41,L 5
2011,GSW,2011-03-23,8:30p,@,Houston Rockets,L,,112,131,30,42,L 6
2011,GSW,2011-03-25,10:30p,,Toronto Raptors,W,,138,100,31,42,W 1
2011,GSW,2011-03-27,9:00p,,Washington Wizards,W,,114,104,32,42,W 2
2011,GSW,2011-03-29,8:00p,@,Oklahoma City Thunder,L,OT,114,115,32,43,L 1
2011,GSW,2011-03-30,8:00p,@,Memphis Grizzlies,L,,91,110,32,44,L 2
2011,GSW,2011-04-02,10:30p,,Dallas Mavericks,W,,99,92,33,44,W 1
2011,GSW,2011-04-05,10:00p,@,Portland Trail Blazers,W,,108,87,34,44,W 2
2011,GSW,2011-04-06,10:30p,,Los Angeles Lakers,W,,95,87,35,44,W 3
2011,GSW,2011-04-10,9:00p,,Sacramento Kings,L,,103,104,35,45,L 1
2011,GSW,2011-04-11,9:00p,@,Denver Nuggets,L,,111,134,35,46,L 2
2011,GSW,2011-04-13,10:30p,,Portland Trail Blazers,W,,110,86,36,46,W 1
2011,HOU,2010-10-26,10:30p,@,Los Angeles Lakers,L,,110,112,0,1,L 1
2011,HOU,2010-10-27,10:30p,@,Golden State Warriors,L,,128,132,0,2,L 2
2011,HOU,2010-10-30,8:30p,,Denver Nuggets,L,,94,107,0,3,L 3
2011,HOU,2010-11-03,8:30p,,New Orleans Hornets,L,,99,107,0,4,L 4
2011,HOU,2010-11-06,8:30p,@,San Antonio Spurs,L,OT,121,124,0,5,L 5
2011,HOU,2010-11-07,7:00p,,Minnesota Timberwolves,W,,120,94,1,5,W 1
2011,HOU,2010-11-10,7:00p,@,Washington Wizards,L,,91,98,1,6,L 1
2011,HOU,2010-11-12,7:00p,@,Indiana Pacers,W,,102,99,2,6,W 1
2011,HOU,2010-11-14,7:30p,@,New York Knicks,W,,104,96,3,6,W 2
2011,HOU,2010-11-16,8:30p,,Chicago Bulls,L,,92,95,3,7,L 1
2011,HOU,2010-11-17,8:00p,@,Oklahoma City Thunder,L,,99,116,3,8,L 2
2011,HOU,2010-11-19,7:00p,@,Toronto Raptors,L,,96,106,3,9,L 3
2011,HOU,2010-11-22,8:30p,,Phoenix Suns,L,,116,123,3,10,L 4
2011,HOU,2010-11-24,8:30p,,Golden State Warriors,W,,111,101,4,10,W 1
2011,HOU,2010-11-26,7:00p,@,Charlotte Bobcats,L,,89,99,4,11,L 1
2011,HOU,2010-11-28,7:00p,,Oklahoma City Thunder,W,,99,98,5,11,W 1
2011,HOU,2010-11-29,8:30p,@,Dallas Mavericks,L,,91,101,5,12,L 1
2011,HOU,2010-12-01,8:30p,,Los Angeles Lakers,W,,109,99,6,12,W 1
2011,HOU,2010-12-03,8:00p,@,Memphis Grizzlies,W,,127,111,7,12,W 2
2011,HOU,2010-12-04,8:00p,@,Chicago Bulls,L,OT,116,119,7,13,L 1
2011,HOU,2010-12-07,8:30p,,Detroit Pistons,W,,97,83,8,13,W 1
2011,HOU,2010-12-10,8:30p,@,Milwaukee Bucks,L,,91,97,8,14,L 1
2011,HOU,2010-12-11,8:30p,,Cleveland Cavaliers,W,,110,95,9,14,W 1
2011,HOU,2010-12-14,8:30p,,Sacramento Kings,W,,118,105,10,14,W 2
2011,HOU,2010-12-15,8:00p,@,Oklahoma City Thunder,L,,105,117,10,15,L 1
2011,HOU,2010-12-17,8:30p,,Memphis Grizzlies,W,,103,87,11,15,W 1
2011,HOU,2010-12-19,6:00p,@,Sacramento Kings,W,,102,93,12,15,W 2
2011,HOU,2010-12-20,10:30p,@,Golden State Warriors,W,,121,112,13,15,W 3
2011,HOU,2010-12-22,10:30p,@,Los Angeles Clippers,W,,97,92,14,15,W 4
2011,HOU,2010-12-27,8:30p,,Washington Wizards,W,,100,93,15,15,W 5
2011,HOU,2010-12-29,8:30p,,Miami Heat,L,,119,125,15,16,L 1
2011,HOU,2010-12-31,7:00p,,Toronto Raptors,W,,114,105,16,16,W 1
2011,HOU,2011-01-02,9:00p,@,Portland Trail Blazers,L,,85,100,16,17,L 1
2011,HOU,2011-01-03,9:00p,@,Denver Nuggets,L,,106,113,16,18,L 2
2011,HOU,2011-01-05,8:30p,,Portland Trail Blazers,L,,100,103,16,19,L 3
2011,HOU,2011-01-07,8:00p,@,Orlando Magic,L,,95,110,16,20,L 4
2011,HOU,2011-01-08,8:30p,,Utah Jazz,L,OT,99,103,16,21,L 5
2011,HOU,2011-01-10,7:30p,@,Boston Celtics,W,,108,102,17,21,W 1
2011,HOU,2011-01-12,8:30p,,Oklahoma City Thunder,L,,112,118,17,22,L 1
2011,HOU,2011-01-14,8:30p,,New Orleans Hornets,L,OT,105,110,17,23,L 2
2011,HOU,2011-01-15,7:00p,@,Atlanta Hawks,W,,112,106,18,23,W 1
2011,HOU,2011-01-17,3:00p,,Milwaukee Bucks,W,,93,84,19,23,W 2
2011,HOU,2011-01-19,8:30p,,New York Knicks,W,,104,89,20,23,W 3
2011,HOU,2011-01-21,8:00p,@,Memphis Grizzlies,L,,110,115,20,24,L 1
2011,HOU,2011-01-22,8:30p,,Orlando Magic,L,,104,118,20,25,L 2
2011,HOU,2011-01-24,8:00p,@,Minnesota Timberwolves,W,,129,125,21,25,W 1
2011,HOU,2011-01-26,8:30p,,Los Angeles Clippers,W,,96,83,22,25,W 2
2011,HOU,2011-01-27,8:30p,@,Dallas Mavericks,L,,106,111,22,26,L 1
2011,HOU,2011-01-29,8:30p,@,San Antonio Spurs,L,,95,108,22,27,L 2
2011,HOU,2011-02-01,10:30p,@,Los Angeles Lakers,L,OT,106,114,22,28,L 3
2011,HOU,2011-02-02,9:00p,@,Utah Jazz,W,,97,96,23,28,W 1
2011,HOU,2011-02-05,8:30p,,Memphis Grizzlies,W,OT,95,93,24,28,W 2
2011,HOU,2011-02-07,9:00p,@,Denver Nuggets,W,,108,103,25,28,W 3
2011,HOU,2011-02-08,8:30p,,Minnesota Timberwolves,L,,108,112,25,29,L 1
2011,HOU,2011-02-12,8:30p,,Dallas Mavericks,L,,102,106,25,30,L 2
2011,HOU,2011-02-14,8:30p,,Denver Nuggets,W,,121,102,26,30,W 1
2011,HOU,2011-02-16,8:30p,,Philadelphia 76ers,L,,105,114,26,31,L 1
2011,HOU,2011-02-22,7:30p,@,Detroit Pistons,W,,108,100,27,31,W 1
2011,HOU,2011-02-23,7:00p,@,Cleveland Cavaliers,W,,124,119,28,31,W 2
2011,HOU,2011-02-26,8:30p,,New Jersey Nets,W,,123,108,29,31,W 3
2011,HOU,2011-02-27,7:00p,@,New Orleans Hornets,W,,91,89,30,31,W 4
2011,HOU,2011-03-01,10:00p,@,Portland Trail Blazers,W,,103,87,31,31,W 5
2011,HOU,2011-03-02,10:30p,@,Los Angeles Clippers,L,,103,106,31,32,L 1
2011,HOU,2011-03-05,8:30p,,Indiana Pacers,W,,112,95,32,32,W 1
2011,HOU,2011-03-07,10:00p,@,Sacramento Kings,W,,123,101,33,32,W 2
2011,HOU,2011-03-08,9:00p,@,Phoenix Suns,L,,110,113,33,33,L 1
2011,HOU,2011-03-12,8:30p,,San Antonio Spurs,L,,107,115,33,34,L 2
2011,HOU,2011-03-14,8:30p,,Phoenix Suns,W,,95,93,34,34,W 1
2011,HOU,2011-03-16,8:30p,,Charlotte Bobcats,W,,94,78,35,34,W 2
2011,HOU,2011-03-18,8:30p,,Boston Celtics,W,,93,77,36,34,W 3
2011,HOU,2011-03-20,7:00p,,Utah Jazz,W,,110,108,37,34,W 4
2011,HOU,2011-03-23,8:30p,,Golden State Warriors,W,,131,112,38,34,W 5
2011,HOU,2011-03-27,6:00p,@,Miami Heat,L,,119,125,38,35,L 1
2011,HOU,2011-03-29,7:00p,@,New Jersey Nets,W,,112,87,39,35,W 1
2011,HOU,2011-03-30,7:00p,@,Philadelphia 76ers,L,,97,108,39,36,L 1
2011,HOU,2011-04-01,8:30p,,San Antonio Spurs,W,OT,119,114,40,36,W 1
2011,HOU,2011-04-03,7:00p,,Atlanta Hawks,W,,114,109,41,36,W 2
2011,HOU,2011-04-05,8:30p,,Sacramento Kings,L,,101,104,41,37,L 1
2011,HOU,2011-04-06,8:00p,@,New Orleans Hornets,L,,93,101,41,38,L 2
2011,HOU,2011-04-09,8:30p,,Los Angeles Clippers,W,,99,78,42,38,W 1
2011,HOU,2011-04-11,8:30p,,Dallas Mavericks,L,OT,91,98,42,39,L 1
2011,HOU,2011-04-13,8:00p,@,Minnesota Timberwolves,W,,121,102,43,39,W 1
2011,IND,2010-10-27,8:30p,@,San Antonio Spurs,L,,109,122,0,1,L 1
2011,IND,2010-10-29,7:00p,@,Charlotte Bobcats,W,,104,101,1,1,W 1
2011,IND,2010-10-30,8:00p,,Philadelphia 76ers,W,,99,86,2,1,W 2
2011,IND,2010-11-03,7:00p,@,Philadelphia 76ers,L,,75,101,2,2,L 1
2011,IND,2010-11-05,7:00p,,Milwaukee Bucks,L,,90,94,2,3,L 2
2011,IND,2010-11-09,7:00p,,Denver Nuggets,W,,144,113,3,3,W 1
2011,IND,2010-11-12,7:00p,,Houston Rockets,L,,99,102,3,4,L 1
2011,IND,2010-11-13,7:30p,@,Cleveland Cavaliers,W,,99,85,4,4,W 1
2011,IND,2010-11-16,7:00p,,Atlanta Hawks,L,,92,102,4,5,L 1
2011,IND,2010-11-18,7:00p,,Los Angeles Clippers,W,,107,80,5,5,W 1
2011,IND,2010-11-20,7:00p,,Orlando Magic,L,,86,90,5,6,L 1
2011,IND,2010-11-22,7:30p,@,Miami Heat,W,,93,77,6,6,W 1
2011,IND,2010-11-23,7:00p,,Cleveland Cavaliers,W,,100,89,7,6,W 2
2011,IND,2010-11-26,8:00p,,Oklahoma City Thunder,L,OT,106,110,7,7,L 1
2011,IND,2010-11-28,9:30p,@,Los Angeles Lakers,W,,95,92,8,7,W 1
2011,IND,2010-11-30,10:00p,@,Sacramento Kings,W,,107,98,9,7,W 2
2011,IND,2010-12-01,9:00p,@,Utah Jazz,L,,88,110,9,8,L 1
2011,IND,2010-12-03,9:00p,@,Phoenix Suns,L,,97,105,9,9,L 2
2011,IND,2010-12-06,7:00p,,Toronto Raptors,W,,124,100,10,9,W 1
2011,IND,2010-12-08,8:00p,@,Milwaukee Bucks,L,,95,97,10,10,L 1
2011,IND,2010-12-10,7:00p,,Charlotte Bobcats,W,,100,92,11,10,W 1
2011,IND,2010-12-11,7:00p,@,Atlanta Hawks,L,,83,97,11,11,L 1
2011,IND,2010-12-13,8:00p,@,Chicago Bulls,L,,73,92,11,12,L 2
2011,IND,2010-12-15,7:00p,,Los Angeles Lakers,L,,94,109,11,13,L 3
2011,IND,2010-12-17,7:00p,,Cleveland Cavaliers,W,,108,99,12,13,W 1
2011,IND,2010-12-19,1:00p,@,Boston Celtics,L,,88,99,12,14,L 1
2011,IND,2010-12-20,7:00p,,New Orleans Hornets,W,,94,93,13,14,W 1
2011,IND,2010-12-26,7:00p,,Memphis Grizzlies,L,,90,104,13,15,L 1
2011,IND,2010-12-28,7:00p,,Boston Celtics,L,,83,95,13,16,L 2
2011,IND,2010-12-29,7:00p,@,Washington Wizards,L,,90,104,13,17,L 3
2011,IND,2010-12-31,3:00p,,Washington Wizards,W,,95,86,14,17,W 1
2011,IND,2011-01-02,1:00p,@,New York Knicks,L,,92,98,14,18,L 1
2011,IND,2011-01-07,7:00p,,San Antonio Spurs,L,,87,90,14,19,L 2
2011,IND,2011-01-08,7:00p,@,Atlanta Hawks,L,,93,108,14,20,L 3
2011,IND,2011-01-11,7:00p,@,Philadelphia 76ers,W,,111,103,15,20,W 1
2011,IND,2011-01-12,7:00p,,Dallas Mavericks,W,,102,89,16,20,W 2
2011,IND,2011-01-14,7:00p,,Chicago Bulls,L,,86,99,16,21,L 1
2011,IND,2011-01-17,3:30p,@,Los Angeles Clippers,L,,107,114,16,22,L 2
2011,IND,2011-01-19,10:30p,@,Golden State Warriors,L,,108,110,16,23,L 3
2011,IND,2011-01-22,10:00p,@,Portland Trail Blazers,L,,92,97,16,24,L 4
2011,IND,2011-01-23,8:00p,@,Denver Nuggets,L,,107,121,16,25,L 5
2011,IND,2011-01-26,7:00p,,Orlando Magic,L,,96,111,16,26,L 6
2011,IND,2011-01-28,7:00p,,New Jersey Nets,W,,124,92,17,26,W 1
2011,IND,2011-01-29,8:00p,@,Chicago Bulls,L,,89,110,17,27,L 1
2011,IND,2011-01-31,7:00p,,Toronto Raptors,W,,104,93,18,27,W 1
2011,IND,2011-02-02,7:00p,@,Cleveland Cavaliers,W,,117,112,19,27,W 2
2011,IND,2011-02-04,7:00p,,Portland Trail Blazers,W,,100,87,20,27,W 3
2011,IND,2011-02-06,12:00p,@,New Jersey Nets,W,,105,86,21,27,W 4
2011,IND,2011-02-08,7:30p,@,Miami Heat,L,,112,117,21,28,L 1
2011,IND,2011-02-09,7:00p,,Charlotte Bobcats,W,,104,103,22,28,W 1
2011,IND,2011-02-11,7:00p,,Minnesota Timberwolves,W,,116,105,23,28,W 2
2011,IND,2011-02-12,8:30p,@,Milwaukee Bucks,W,,103,97,24,28,W 3
2011,IND,2011-02-15,7:00p,,Miami Heat,L,,103,110,24,29,L 1
2011,IND,2011-02-16,7:30p,@,Detroit Pistons,L,OT,109,115,24,30,L 2
2011,IND,2011-02-22,7:00p,@,Washington Wizards,W,,113,96,25,30,W 1
2011,IND,2011-02-23,7:00p,,Detroit Pistons,W,,102,101,26,30,W 2
2011,IND,2011-02-25,7:00p,,Utah Jazz,L,,84,95,26,31,L 1
2011,IND,2011-02-27,12:00p,,Phoenix Suns,L,OT,108,110,26,32,L 2
2011,IND,2011-03-01,7:00p,,Golden State Warriors,W,,109,100,27,32,W 1
2011,IND,2011-03-02,8:00p,@,Oklahoma City Thunder,L,,89,113,27,33,L 1
2011,IND,2011-03-04,8:30p,@,Dallas Mavericks,L,,108,116,27,34,L 2
2011,IND,2011-03-05,8:30p,@,Houston Rockets,L,,95,112,27,35,L 3
2011,IND,2011-03-08,7:00p,,Philadelphia 76ers,L,,100,110,27,36,L 4
2011,IND,2011-03-09,8:00p,@,Minnesota Timberwolves,L,,75,101,27,37,L 5
2011,IND,2011-03-11,7:00p,@,Toronto Raptors,L,,98,108,27,38,L 6
2011,IND,2011-03-13,6:00p,@,New York Knicks,W,,106,93,28,38,W 1
2011,IND,2011-03-15,7:00p,,New York Knicks,W,,119,117,29,38,W 2
2011,IND,2011-03-16,7:30p,@,Boston Celtics,L,,80,92,29,39,L 1
2011,IND,2011-03-18,7:00p,,Chicago Bulls,W,OT,115,108,30,39,W 1
2011,IND,2011-03-19,8:00p,@,Memphis Grizzlies,L,,78,99,30,40,L 1
2011,IND,2011-03-21,7:00p,@,New Jersey Nets,W,,102,98,31,40,W 1
2011,IND,2011-03-23,7:00p,@,Charlotte Bobcats,W,,111,88,32,40,W 2
2011,IND,2011-03-25,7:00p,,Sacramento Kings,L,,93,110,32,41,L 1
2011,IND,2011-03-26,7:30p,@,Detroit Pistons,L,,88,100,32,42,L 2
2011,IND,2011-03-28,7:00p,,Boston Celtics,W,,107,100,33,42,W 1
2011,IND,2011-03-30,7:00p,,Detroit Pistons,W,,111,101,34,42,W 2
2011,IND,2011-04-01,7:00p,,Milwaukee Bucks,W,,89,88,35,42,W 3
2011,IND,2011-04-03,7:00p,@,New Orleans Hornets,L,,96,108,35,43,L 1
2011,IND,2011-04-06,7:00p,,Washington Wizards,W,,136,112,36,43,W 1
2011,IND,2011-04-08,7:00p,,Atlanta Hawks,W,,114,102,37,43,W 2
2011,IND,2011-04-10,7:00p,,New York Knicks,L,,109,110,37,44,L 1
2011,IND,2011-04-13,8:00p,@,Orlando Magic,L,,74,92,37,45,L 2
2011,IND,2011-04-16,1:00p,@,Chicago Bulls,L,,99,104,0,1,L 1
2011,IND,2011-04-18,9:30p,@,Chicago Bulls,L,,90,96,0,2,L 2
2011,IND,2011-04-21,7:00p,,Chicago Bulls,L,,84,88,0,3,L 3
2011,IND,2011-04-23,2:30p,,Chicago Bulls,W,,89,84,1,3,W 1
2011,IND,2011-04-26,8:00p,@,Chicago Bulls,L,,89,116,1,4,L 1
2011,LAC,2010-10-27,10:30p,,Portland Trail Blazers,L,,88,98,0,1,L 1
2011,LAC,2010-10-29,10:30p,@,Golden State Warriors,L,,91,109,0,2,L 2
2011,LAC,2010-10-31,3:30p,,Dallas Mavericks,L,,83,99,0,3,L 3
2011,LAC,2010-11-01,10:30p,,San Antonio Spurs,L,,88,97,0,4,L 4
2011,LAC,2010-11-03,10:30p,,Oklahoma City Thunder,W,,107,92,1,4,W 1
2011,LAC,2010-11-05,10:30p,@,Denver Nuggets,L,,104,111,1,5,L 1
2011,LAC,2010-11-06,9:00p,@,Utah Jazz,L,2OT,107,109,1,6,L 2
2011,LAC,2010-11-09,8:00p,@,New Orleans Hornets,L,,82,101,1,7,L 3
2011,LAC,2010-11-10,9:30p,@,San Antonio Spurs,L,,95,107,1,8,L 4
2011,LAC,2010-11-12,10:30p,,Detroit Pistons,L,OT,107,113,1,9,L 5
2011,LAC,2010-11-15,10:30p,,New Jersey Nets,L,,96,110,1,10,L 6
2011,LAC,2010-11-17,8:00p,@,Minnesota Timberwolves,L,,111,113,1,11,L 7
2011,LAC,2010-11-18,7:00p,@,Indiana Pacers,L,,80,107,1,12,L 8
2011,LAC,2010-11-20,10:30p,,New York Knicks,L,,115,124,1,13,L 9
2011,LAC,2010-11-22,10:30p,,New Orleans Hornets,W,,99,95,2,13,W 1
2011,LAC,2010-11-25,10:30p,,Sacramento Kings,W,,100,82,3,13,W 2
2011,LAC,2010-11-26,9:00p,@,Phoenix Suns,L,,108,116,3,14,L 1
2011,LAC,2010-11-28,3:30p,,Utah Jazz,L,,97,109,3,15,L 2
2011,LAC,2010-12-01,10:30p,,San Antonio Spurs,W,,90,85,4,15,W 1
2011,LAC,2010-12-03,9:00p,@,Denver Nuggets,L,,104,109,4,16,L 1
2011,LAC,2010-12-05,9:00p,@,Portland Trail Blazers,L,,91,100,4,17,L 2
2011,LAC,2010-12-06,10:30p,,Sacramento Kings,W,,98,91,5,17,W 1
2011,LAC,2010-12-08,10:30p,,Los Angeles Lakers,L,,86,87,5,18,L 1
2011,LAC,2010-12-11,3:30p,,Memphis Grizzlies,L,,83,84,5,19,L 2
2011,LAC,2010-12-12,9:30p,,Orlando Magic,L,,85,94,5,20,L 3
2011,LAC,2010-12-15,7:00p,@,Philadelphia 76ers,L,,91,105,5,21,L 4
2011,LAC,2010-12-17,7:30p,@,Detroit Pistons,W,,109,88,6,21,W 1
2011,LAC,2010-12-18,8:00p,@,Chicago Bulls,W,,100,99,7,21,W 2
2011,LAC,2010-12-20,10:30p,,Minnesota Timberwolves,W,,113,90,8,21,W 3
2011,LAC,2010-12-22,10:30p,,Houston Rockets,L,,92,97,8,22,L 1
2011,LAC,2010-12-26,3:00p,,Phoenix Suns,W,,108,103,9,22,W 1
2011,LAC,2010-12-27,10:00p,@,Sacramento Kings,W,,100,99,10,22,W 2
2011,LAC,2010-12-29,10:30p,,Utah Jazz,L,,95,103,10,23,L 1
2011,LAC,2011-01-02,3:30p,,Atlanta Hawks,L,,98,107,10,24,L 2
2011,LAC,2011-01-05,10:30p,,Denver Nuggets,W,,106,93,11,24,W 1
2011,LAC,2011-01-09,3:30p,,Golden State Warriors,W,,105,91,12,24,W 2
2011,LAC,2011-01-12,10:30p,,Miami Heat,W,,111,105,13,24,W 3
2011,LAC,2011-01-14,10:30p,@,Golden State Warriors,L,,112,122,13,25,L 1
2011,LAC,2011-01-16,3:30p,,Los Angeles Lakers,W,,99,92,14,25,W 1
2011,LAC,2011-01-17,3:30p,,Indiana Pacers,W,,114,107,15,25,W 2
2011,LAC,2011-01-19,10:30p,,Minnesota Timberwolves,W,,126,111,16,25,W 3
2011,LAC,2011-01-20,10:30p,@,Portland Trail Blazers,L,,93,108,16,26,L 1
2011,LAC,2011-01-22,10:30p,,Golden State Warriors,W,,113,109,17,26,W 1
2011,LAC,2011-01-25,8:30p,@,Dallas Mavericks,L,,105,112,17,27,L 1
2011,LAC,2011-01-26,8:30p,@,Houston Rockets,L,,83,96,17,28,L 2
2011,LAC,2011-01-29,10:30p,,Charlotte Bobcats,W,,103,88,18,28,W 1
2011,LAC,2011-01-31,10:30p,,Milwaukee Bucks,W,,105,98,19,28,W 2
2011,LAC,2011-02-02,10:30p,,Chicago Bulls,L,,88,106,19,29,L 1
2011,LAC,2011-02-04,7:30p,@,Atlanta Hawks,L,,100,101,19,30,L 2
2011,LAC,2011-02-06,12:00p,@,Miami Heat,L,,79,97,19,31,L 3
2011,LAC,2011-02-08,7:00p,@,Orlando Magic,L,,85,101,19,32,L 4
2011,LAC,2011-02-09,7:30p,@,New York Knicks,W,,116,108,20,32,W 1
2011,LAC,2011-02-11,7:30p,@,Cleveland Cavaliers,L,OT,119,126,20,33,L 1
2011,LAC,2011-02-13,6:00p,@,Toronto Raptors,L,,93,98,20,34,L 2
2011,LAC,2011-02-14,8:00p,@,Milwaukee Bucks,L,,78,102,20,35,L 3
2011,LAC,2011-02-16,8:00p,@,Minnesota Timberwolves,W,,98,90,21,35,W 1
2011,LAC,2011-02-22,8:00p,@,Oklahoma City Thunder,L,,88,111,21,36,L 1
2011,LAC,2011-02-23,9:30p,@,New Orleans Hornets,L,,87,98,21,37,L 2
2011,LAC,2011-02-25,10:30p,@,Los Angeles Lakers,L,,95,108,21,38,L 3
2011,LAC,2011-02-26,10:30p,,Boston Celtics,L,,92,99,21,39,L 4
2011,LAC,2011-02-28,10:00p,@,Sacramento Kings,L,,99,105,21,40,L 5
2011,LAC,2011-03-02,10:30p,,Houston Rockets,W,,106,103,22,40,W 1
2011,LAC,2011-03-05,10:30p,,Denver Nuggets,W,,100,94,23,40,W 2
2011,LAC,2011-03-07,7:00p,@,Charlotte Bobcats,W,,92,87,24,40,W 3
2011,LAC,2011-03-09,7:30p,@,Boston Celtics,W,,108,103,25,40,W 4
2011,LAC,2011-03-11,7:00p,@,New Jersey Nets,L,OT,98,102,25,41,L 1
2011,LAC,2011-03-12,7:00p,@,Washington Wizards,W,,122,101,26,41,W 1
2011,LAC,2011-03-14,8:00p,@,Memphis Grizzlies,L,,82,105,26,42,L 1
2011,LAC,2011-03-16,10:30p,,Philadelphia 76ers,L,,94,104,26,43,L 2
2011,LAC,2011-03-19,3:30p,,Cleveland Cavaliers,W,,100,92,27,43,W 1
2011,LAC,2011-03-20,3:30p,,Phoenix Suns,L,,99,108,27,44,L 1
2011,LAC,2011-03-23,10:30p,,Washington Wizards,W,2OT,127,119,28,44,W 1
2011,LAC,2011-03-25,10:30p,@,Los Angeles Lakers,L,,104,112,28,45,L 1
2011,LAC,2011-03-26,10:30p,,Toronto Raptors,W,,94,90,29,45,W 1
2011,LAC,2011-03-30,10:30p,,Dallas Mavericks,L,,100,106,29,46,L 1
2011,LAC,2011-04-01,10:00p,@,Phoenix Suns,L,,98,111,29,47,L 2
2011,LAC,2011-04-02,10:30p,,Oklahoma City Thunder,W,,98,92,30,47,W 1
2011,LAC,2011-04-05,8:00p,@,Memphis Grizzlies,W,,82,81,31,47,W 2
2011,LAC,2011-04-06,8:00p,@,Oklahoma City Thunder,L,,108,112,31,48,L 1
2011,LAC,2011-04-08,8:30p,@,Dallas Mavericks,L,,96,107,31,49,L 2
2011,LAC,2011-04-09,8:30p,@,Houston Rockets,L,,78,99,31,50,L 3
2011,LAC,2011-04-13,10:30p,,Memphis Grizzlies,W,,110,103,32,50,W 1
2011,LAL,2010-10-26,10:30p,,Houston Rockets,W,,112,110,1,0,W 1
2011,LAL,2010-10-29,10:30p,@,Phoenix Suns,W,,114,106,2,0,W 2
2011,LAL,2010-10-31,9:30p,,Golden State Warriors,W,,107,83,3,0,W 3
2011,LAL,2010-11-02,10:30p,,Memphis Grizzlies,W,,124,105,4,0,W 4
2011,LAL,2010-11-03,10:30p,@,Sacramento Kings,W,,112,100,5,0,W 5
2011,LAL,2010-11-05,10:30p,,Toronto Raptors,W,,108,103,6,0,W 6
2011,LAL,2010-11-07,9:30p,,Portland Trail Blazers,W,,121,96,7,0,W 7
2011,LAL,2010-11-09,10:30p,,Minnesota Timberwolves,W,,99,94,8,0,W 8
2011,LAL,2010-11-11,10:30p,@,Denver Nuggets,L,,112,118,8,1,L 1
2011,LAL,2010-11-14,9:30p,,Phoenix Suns,L,,116,121,8,2,L 2
2011,LAL,2010-11-16,8:00p,@,Milwaukee Bucks,W,,118,107,9,2,W 1
2011,LAL,2010-11-17,7:30p,@,Detroit Pistons,W,,103,90,10,2,W 2
2011,LAL,2010-11-19,8:00p,@,Minnesota Timberwolves,W,,112,95,11,2,W 3
2011,LAL,2010-11-21,9:30p,,Golden State Warriors,W,,117,89,12,2,W 4
2011,LAL,2010-11-23,10:30p,,Chicago Bulls,W,,98,91,13,2,W 5
2011,LAL,2010-11-26,9:00p,@,Utah Jazz,L,,96,102,13,3,L 1
2011,LAL,2010-11-28,9:30p,,Indiana Pacers,L,,92,95,13,4,L 2
2011,LAL,2010-11-30,8:00p,@,Memphis Grizzlies,L,,96,98,13,5,L 3
2011,LAL,2010-12-01,8:30p,@,Houston Rockets,L,,99,109,13,6,L 4
2011,LAL,2010-12-03,10:30p,,Sacramento Kings,W,,113,80,14,6,W 1
2011,LAL,2010-12-07,10:30p,,Washington Wizards,W,,115,108,15,6,W 2
2011,LAL,2010-12-08,10:30p,@,Los Angeles Clippers,W,,87,86,16,6,W 3
2011,LAL,2010-12-10,8:00p,@,Chicago Bulls,L,,84,88,16,7,L 1
2011,LAL,2010-12-12,1:00p,@,New Jersey Nets,W,,99,92,17,7,W 1
2011,LAL,2010-12-14,7:00p,@,Washington Wizards,W,,103,89,18,7,W 2
2011,LAL,2010-12-15,7:00p,@,Indiana Pacers,W,,109,94,19,7,W 3
2011,LAL,2010-12-17,7:00p,@,Philadelphia 76ers,W,,93,81,20,7,W 4
2011,LAL,2010-12-19,1:00p,@,Toronto Raptors,W,,120,110,21,7,W 5
2011,LAL,2010-12-21,10:30p,,Milwaukee Bucks,L,,79,98,21,8,L 1
2011,LAL,2010-12-25,5:00p,,Miami Heat,L,,80,96,21,9,L 2
2011,LAL,2010-12-28,8:30p,@,San Antonio Spurs,L,,82,97,21,10,L 3
2011,LAL,2010-12-29,8:00p,@,New Orleans Hornets,W,,103,88,22,10,W 1
2011,LAL,2010-12-31,10:30p,,Philadelphia 76ers,W,,102,98,23,10,W 2
2011,LAL,2011-01-02,9:30p,,Memphis Grizzlies,L,,85,104,23,11,L 1
2011,LAL,2011-01-04,10:30p,,Detroit Pistons,W,,108,83,24,11,W 1
2011,LAL,2011-01-05,10:30p,@,Phoenix Suns,W,,99,95,25,11,W 2
2011,LAL,2011-01-07,10:30p,,New Orleans Hornets,W,,101,97,26,11,W 3
2011,LAL,2011-01-09,9:30p,,New York Knicks,W,,109,87,27,11,W 4
2011,LAL,2011-01-11,10:30p,,Cleveland Cavaliers,W,,112,57,28,11,W 5
2011,LAL,2011-01-12,10:30p,@,Golden State Warriors,W,,115,110,29,11,W 6
2011,LAL,2011-01-14,10:30p,,New Jersey Nets,W,,100,88,30,11,W 7
2011,LAL,2011-01-16,3:30p,@,Los Angeles Clippers,L,,92,99,30,12,L 1
2011,LAL,2011-01-17,10:30p,,Oklahoma City Thunder,W,,101,94,31,12,W 1
2011,LAL,2011-01-19,9:00p,@,Dallas Mavericks,L,,100,109,31,13,L 1
2011,LAL,2011-01-21,10:30p,@,Denver Nuggets,W,,107,97,32,13,W 1
2011,LAL,2011-01-25,10:30p,,Utah Jazz,W,,120,91,33,13,W 2
2011,LAL,2011-01-28,10:30p,,Sacramento Kings,L,,95,100,33,14,L 1
2011,LAL,2011-01-30,3:30p,,Boston Celtics,L,,96,109,33,15,L 2
2011,LAL,2011-02-01,10:30p,,Houston Rockets,W,OT,114,106,34,15,W 1
2011,LAL,2011-02-03,10:30p,,San Antonio Spurs,L,,88,89,34,16,L 1
2011,LAL,2011-02-05,8:00p,@,New Orleans Hornets,W,,101,95,35,16,W 1
2011,LAL,2011-02-07,8:00p,@,Memphis Grizzlies,W,,93,84,36,16,W 2
2011,LAL,2011-02-10,8:00p,@,Boston Celtics,W,,92,86,37,16,W 3
2011,LAL,2011-02-11,8:00p,@,New York Knicks,W,,113,96,38,16,W 4
2011,LAL,2011-02-13,3:30p,@,Orlando Magic,L,,75,89,38,17,L 1
2011,LAL,2011-02-14,7:00p,@,Charlotte Bobcats,L,,89,109,38,18,L 2
2011,LAL,2011-02-16,7:30p,@,Cleveland Cavaliers,L,,99,104,38,19,L 3
2011,LAL,2011-02-22,10:30p,,Atlanta Hawks,W,,104,80,39,19,W 1
2011,LAL,2011-02-23,10:30p,@,Portland Trail Blazers,W,OT,106,101,40,19,W 2
2011,LAL,2011-02-25,10:30p,,Los Angeles Clippers,W,,108,95,41,19,W 3
2011,LAL,2011-02-27,2:30p,@,Oklahoma City Thunder,W,,90,87,42,19,W 4
2011,LAL,2011-03-01,8:00p,@,Minnesota Timberwolves,W,,90,79,43,19,W 5
2011,LAL,2011-03-04,10:30p,,Charlotte Bobcats,W,,92,84,44,19,W 6
2011,LAL,2011-03-06,3:30p,@,San Antonio Spurs,W,,99,83,45,19,W 7
2011,LAL,2011-03-08,7:00p,@,Atlanta Hawks,W,,101,87,46,19,W 8
2011,LAL,2011-03-10,7:00p,@,Miami Heat,L,,88,94,46,20,L 1
2011,LAL,2011-03-12,9:00p,@,Dallas Mavericks,W,,96,91,47,20,W 1
2011,LAL,2011-03-14,10:30p,,Orlando Magic,W,,97,84,48,20,W 2
2011,LAL,2011-03-18,10:30p,,Minnesota Timberwolves,W,,106,98,49,20,W 3
2011,LAL,2011-03-20,9:30p,,Portland Trail Blazers,W,,84,80,50,20,W 4
2011,LAL,2011-03-22,10:30p,,Phoenix Suns,W,3OT,139,137,51,20,W 5
2011,LAL,2011-03-25,10:30p,,Los Angeles Clippers,W,,112,104,52,20,W 6
2011,LAL,2011-03-27,9:30p,,New Orleans Hornets,W,,102,84,53,20,W 7
2011,LAL,2011-03-31,10:30p,,Dallas Mavericks,W,,110,82,54,20,W 8
2011,LAL,2011-04-01,10:30p,@,Utah Jazz,W,,96,85,55,20,W 9
2011,LAL,2011-04-03,3:30p,,Denver Nuggets,L,,90,95,55,21,L 1
2011,LAL,2011-04-05,10:30p,,Utah Jazz,L,,85,86,55,22,L 2
2011,LAL,2011-04-06,10:30p,@,Golden State Warriors,L,,87,95,55,23,L 3
2011,LAL,2011-04-08,10:00p,@,Portland Trail Blazers,L,,86,93,55,24,L 4
2011,LAL,2011-04-10,9:30p,,Oklahoma City Thunder,L,,106,120,55,25,L 5
2011,LAL,2011-04-12,10:30p,,San Antonio Spurs,W,,102,93,56,25,W 1
2011,LAL,2011-04-13,10:30p,@,Sacramento Kings,W,OT,116,108,57,25,W 2
2011,LAL,2011-04-17,3:30p,,New Orleans Hornets,L,,100,109,0,1,L 1
2011,LAL,2011-04-20,10:30p,,New Orleans Hornets,W,,87,78,1,1,W 1
2011,LAL,2011-04-22,9:30p,@,New Orleans Hornets,W,,100,86,2,1,W 2
2011,LAL,2011-04-24,9:30p,@,New Orleans Hornets,L,,88,93,2,2,L 1
2011,LAL,2011-04-26,10:30p,,New Orleans Hornets,W,,106,90,3,2,W 1
2011,LAL,2011-04-28,8:00p,@,New Orleans Hornets,W,,98,80,4,2,W 2
2011,LAL,2011-05-02,10:30p,,Dallas Mavericks,L,,94,96,4,3,L 1
2011,LAL,2011-05-04,10:30p,,Dallas Mavericks,L,,81,93,4,4,L 2
2011,LAL,2011-05-06,9:30p,@,Dallas Mavericks,L,,92,98,4,5,L 3
2011,LAL,2011-05-08,3:30p,@,Dallas Mavericks,L,,86,122,4,6,L 4
2011,MEM,2010-10-27,8:00p,,Atlanta Hawks,L,,104,119,0,1,L 1
2011,MEM,2010-10-29,8:30p,@,Dallas Mavericks,W,,91,90,1,1,W 1
2011,MEM,2010-10-30,8:00p,,Minnesota Timberwolves,W,,109,89,2,1,W 2
2011,MEM,2010-11-02,10:30p,@,Los Angeles Lakers,L,,105,124,2,2,L 1
2011,MEM,2010-11-03,10:30p,@,Golden State Warriors,L,,109,115,2,3,L 2
2011,MEM,2010-11-05,10:00p,@,Phoenix Suns,L,2OT,118,123,2,4,L 3
2011,MEM,2010-11-06,10:00p,@,Sacramento Kings,W,,100,91,3,4,W 1
2011,MEM,2010-11-08,8:00p,,Phoenix Suns,W,,109,99,4,4,W 2
2011,MEM,2010-11-10,8:00p,,Dallas Mavericks,L,,91,106,4,5,L 1
2011,MEM,2010-11-13,8:00p,,Boston Celtics,L,OT,110,116,4,6,L 2
2011,MEM,2010-11-15,7:00p,@,Orlando Magic,L,,72,89,4,7,L 3
2011,MEM,2010-11-16,8:00p,,Portland Trail Blazers,L,,99,100,4,8,L 4
2011,MEM,2010-11-19,7:00p,@,Washington Wizards,L,,86,89,4,9,L 5
2011,MEM,2010-11-20,8:00p,,Miami Heat,W,,97,95,5,9,W 1
2011,MEM,2010-11-24,8:00p,,Detroit Pistons,W,,105,84,6,9,W 2
2011,MEM,2010-11-26,9:30p,,Golden State Warriors,W,,116,111,7,9,W 3
2011,MEM,2010-11-27,7:30p,@,Cleveland Cavaliers,L,,86,92,7,10,L 1
2011,MEM,2010-11-30,8:00p,,Los Angeles Lakers,W,,98,96,8,10,W 1
2011,MEM,2010-12-01,7:00p,@,Atlanta Hawks,L,,109,112,8,11,L 1
2011,MEM,2010-12-03,8:00p,,Houston Rockets,L,,111,127,8,12,L 2
2011,MEM,2010-12-05,8:00p,@,Denver Nuggets,L,,107,108,8,13,L 3
2011,MEM,2010-12-06,9:00p,@,Utah Jazz,L,,85,94,8,14,L 4
2011,MEM,2010-12-08,9:00p,@,Phoenix Suns,W,OT,104,98,9,14,W 1
2011,MEM,2010-12-11,3:30p,@,Los Angeles Clippers,W,,84,83,10,14,W 2
2011,MEM,2010-12-13,8:00p,,Portland Trail Blazers,W,,86,73,11,14,W 3
2011,MEM,2010-12-15,8:00p,,Charlotte Bobcats,W,,113,80,12,14,W 4
2011,MEM,2010-12-17,8:30p,@,Houston Rockets,L,,87,103,12,15,L 1
2011,MEM,2010-12-18,8:30p,@,San Antonio Spurs,L,OT,106,112,12,16,L 2
2011,MEM,2010-12-21,8:00p,,New Jersey Nets,L,,94,101,12,17,L 3
2011,MEM,2010-12-26,7:00p,@,Indiana Pacers,W,,104,90,13,17,W 1
2011,MEM,2010-12-27,8:00p,,Toronto Raptors,W,,96,85,14,17,W 2
2011,MEM,2010-12-29,10:00p,@,Sacramento Kings,L,,98,100,14,18,L 1
2011,MEM,2011-01-01,9:00p,@,Utah Jazz,L,,92,98,14,19,L 2
2011,MEM,2011-01-02,9:30p,@,Los Angeles Lakers,W,,104,85,15,19,W 1
2011,MEM,2011-01-04,8:00p,,Oklahoma City Thunder,W,,110,105,16,19,W 2
2011,MEM,2011-01-07,8:00p,,Utah Jazz,W,,110,99,17,19,W 3
2011,MEM,2011-01-08,8:00p,@,Oklahoma City Thunder,L,,100,109,17,20,L 1
2011,MEM,2011-01-10,7:00p,@,Charlotte Bobcats,L,,82,96,17,21,L 2
2011,MEM,2011-01-12,7:30p,@,Detroit Pistons,W,,107,99,18,21,W 1
2011,MEM,2011-01-15,8:00p,,Dallas Mavericks,W,,89,70,19,21,W 2
2011,MEM,2011-01-17,1:00p,,Chicago Bulls,L,,84,96,19,22,L 1
2011,MEM,2011-01-19,8:00p,@,New Orleans Hornets,L,OT,102,103,19,23,L 2
2011,MEM,2011-01-21,8:00p,,Houston Rockets,W,,115,110,20,23,W 1
2011,MEM,2011-01-22,8:30p,@,Milwaukee Bucks,W,,94,81,21,23,W 2
2011,MEM,2011-01-24,7:00p,@,Toronto Raptors,W,,100,98,22,23,W 3
2011,MEM,2011-01-26,7:00p,@,New Jersey Nets,L,,88,93,22,24,L 1
2011,MEM,2011-01-28,7:00p,@,Philadelphia 76ers,W,,99,94,23,24,W 1
2011,MEM,2011-01-29,8:00p,,Washington Wizards,W,,107,93,24,24,W 2
2011,MEM,2011-01-31,8:00p,,Orlando Magic,W,,100,97,25,24,W 3
2011,MEM,2011-02-02,8:00p,@,Minnesota Timberwolves,W,,102,84,26,24,W 4
2011,MEM,2011-02-04,8:00p,,Cleveland Cavaliers,W,,112,105,27,24,W 5
2011,MEM,2011-02-05,8:30p,@,Houston Rockets,L,OT,93,95,27,25,L 1
2011,MEM,2011-02-07,8:00p,,Los Angeles Lakers,L,,84,93,27,26,L 2
2011,MEM,2011-02-08,8:00p,@,Oklahoma City Thunder,W,OT,105,101,28,26,W 1
2011,MEM,2011-02-11,8:00p,,Milwaukee Bucks,W,,89,86,29,26,W 2
2011,MEM,2011-02-13,6:00p,,Denver Nuggets,W,,116,108,30,26,W 3
2011,MEM,2011-02-15,8:00p,,Philadelphia 76ers,W,,102,91,31,26,W 4
2011,MEM,2011-02-22,9:00p,@,Denver Nuggets,L,,107,120,31,27,L 1
2011,MEM,2011-02-23,8:00p,@,Minnesota Timberwolves,W,,104,95,32,27,W 1
2011,MEM,2011-02-26,8:00p,,Sacramento Kings,W,,120,92,33,27,W 2
2011,MEM,2011-02-27,7:00p,@,San Antonio Spurs,L,,88,95,33,28,L 1
2011,MEM,2011-03-01,8:00p,,San Antonio Spurs,W,,109,93,34,28,W 1
2011,MEM,2011-03-04,8:00p,,New Orleans Hornets,L,,91,98,34,29,L 1
2011,MEM,2011-03-06,7:30p,@,Dallas Mavericks,W,,104,103,35,29,W 1
2011,MEM,2011-03-07,8:00p,,Oklahoma City Thunder,W,,107,101,36,29,W 2
2011,MEM,2011-03-09,8:00p,,New York Knicks,L,,108,110,36,30,L 1
2011,MEM,2011-03-12,3:30p,@,Miami Heat,L,,85,118,36,31,L 2
2011,MEM,2011-03-14,8:00p,,Los Angeles Clippers,W,,105,82,37,31,W 1
2011,MEM,2011-03-17,7:30p,@,New York Knicks,L,,99,120,37,32,L 1
2011,MEM,2011-03-19,8:00p,,Indiana Pacers,W,,99,78,38,32,W 1
2011,MEM,2011-03-21,8:00p,,Utah Jazz,W,,103,85,39,32,W 2
2011,MEM,2011-03-23,7:30p,@,Boston Celtics,W,,90,87,40,32,W 3
2011,MEM,2011-03-25,8:00p,@,Chicago Bulls,L,,96,99,40,33,L 1
2011,MEM,2011-03-27,6:00p,,San Antonio Spurs,W,,111,104,41,33,W 1
2011,MEM,2011-03-30,8:00p,,Golden State Warriors,W,,110,91,42,33,W 2
2011,MEM,2011-04-01,8:00p,@,New Orleans Hornets,W,,93,81,43,33,W 3
2011,MEM,2011-04-02,8:00p,,Minnesota Timberwolves,W,,106,89,44,33,W 4
2011,MEM,2011-04-05,8:00p,,Los Angeles Clippers,L,,81,82,44,34,L 1
2011,MEM,2011-04-08,8:00p,,Sacramento Kings,W,,101,96,45,34,W 1
2011,MEM,2011-04-10,6:00p,,New Orleans Hornets,W,,111,89,46,34,W 2
2011,MEM,2011-04-12,10:00p,@,Portland Trail Blazers,L,,89,102,46,35,L 1
2011,MEM,2011-04-13,10:30p,@,Los Angeles Clippers,L,,103,110,46,36,L 2
2011,MEM,2011-04-17,1:00p,@,San Antonio Spurs,W,,101,98,1,0,W 1
2011,MEM,2011-04-20,8:30p,@,San Antonio Spurs,L,,87,93,1,1,L 1
2011,MEM,2011-04-23,7:30p,,San Antonio Spurs,W,,91,88,2,1,W 1
2011,MEM,2011-04-25,8:00p,,San Antonio Spurs,W,,104,86,3,1,W 2
2011,MEM,2011-04-27,8:30p,@,San Antonio Spurs,L,OT,103,110,3,2,L 1
2011,MEM,2011-04-29,9:00p,,San Antonio Spurs,W,,99,91,4,2,W 1
2011,MEM,2011-05-01,1:00p,@,Oklahoma City Thunder,W,,114,101,5,2,W 2
2011,MEM,2011-05-03,9:30p,@,Oklahoma City Thunder,L,,102,111,5,3,L 1
2011,MEM,2011-05-07,5:00p,,Oklahoma City Thunder,W,OT,101,93,6,3,W 1
2011,MEM,2011-05-09,9:30p,,Oklahoma City Thunder,L,3OT,123,133,6,4,L 1
2011,MEM,2011-05-11,9:30p,@,Oklahoma City Thunder,L,,72,99,6,5,L 2
2011,MEM,2011-05-13,9:00p,,Oklahoma City Thunder,W,,95,83,7,5,W 1
2011,MEM,2011-05-15,3:30p,@,Oklahoma City Thunder,L,,90,105,7,6,L 1
2011,MIA,2010-10-26,7:30p,@,Boston Celtics,L,,80,88,0,1,L 1
2011,MIA,2010-10-27,7:00p,@,Philadelphia 76ers,W,,97,87,1,1,W 1
2011,MIA,2010-10-29,8:00p,,Orlando Magic,W,,96,70,2,1,W 2
2011,MIA,2010-10-31,1:00p,@,New Jersey Nets,W,,101,78,3,1,W 3
2011,MIA,2010-11-02,7:30p,,Minnesota Timberwolves,W,,129,97,4,1,W 4
2011,MIA,2010-11-05,8:00p,@,New Orleans Hornets,L,,93,96,4,2,L 1
2011,MIA,2010-11-06,7:30p,,New Jersey Nets,W,,101,89,5,2,W 1
2011,MIA,2010-11-09,7:30p,,Utah Jazz,L,OT,114,116,5,3,L 1
2011,MIA,2010-11-11,8:00p,,Boston Celtics,L,,107,112,5,4,L 2
2011,MIA,2010-11-13,7:30p,,Toronto Raptors,W,,109,100,6,4,W 1
2011,MIA,2010-11-17,7:00p,,Phoenix Suns,W,,123,96,7,4,W 2
2011,MIA,2010-11-19,7:30p,,Charlotte Bobcats,W,,95,87,8,4,W 3
2011,MIA,2010-11-20,8:00p,@,Memphis Grizzlies,L,,95,97,8,5,L 1
2011,MIA,2010-11-22,7:30p,,Indiana Pacers,L,,77,93,8,6,L 2
2011,MIA,2010-11-24,7:30p,@,Orlando Magic,L,,95,104,8,7,L 3
2011,MIA,2010-11-26,7:30p,,Philadelphia 76ers,W,,99,90,9,7,W 1
2011,MIA,2010-11-27,8:30p,@,Dallas Mavericks,L,,95,106,9,8,L 1
2011,MIA,2010-11-29,7:30p,,Washington Wizards,W,,105,94,10,8,W 1
2011,MIA,2010-12-01,7:30p,,Detroit Pistons,W,,97,72,11,8,W 2
2011,MIA,2010-12-02,8:00p,@,Cleveland Cavaliers,W,,118,90,12,8,W 3
2011,MIA,2010-12-04,7:30p,,Atlanta Hawks,W,,89,77,13,8,W 4
2011,MIA,2010-12-06,8:00p,@,Milwaukee Bucks,W,,88,78,14,8,W 5
2011,MIA,2010-12-08,9:00p,@,Utah Jazz,W,,111,98,15,8,W 6
2011,MIA,2010-12-10,10:30p,@,Golden State Warriors,W,,106,84,16,8,W 7
2011,MIA,2010-12-11,10:00p,@,Sacramento Kings,W,,104,83,17,8,W 8
2011,MIA,2010-12-13,7:30p,,New Orleans Hornets,W,,96,84,18,8,W 9
2011,MIA,2010-12-15,7:30p,,Cleveland Cavaliers,W,,101,95,19,8,W 10
2011,MIA,2010-12-17,7:00p,@,New York Knicks,W,,113,91,20,8,W 11
2011,MIA,2010-12-18,7:00p,@,Washington Wizards,W,,95,94,21,8,W 12
2011,MIA,2010-12-20,7:30p,,Dallas Mavericks,L,,96,98,21,9,L 1
2011,MIA,2010-12-23,10:30p,@,Phoenix Suns,W,,95,83,22,9,W 1
2011,MIA,2010-12-25,5:00p,@,Los Angeles Lakers,W,,96,80,23,9,W 2
2011,MIA,2010-12-28,7:30p,,New York Knicks,W,,106,98,24,9,W 3
2011,MIA,2010-12-29,8:30p,@,Houston Rockets,W,,125,119,25,9,W 4
2011,MIA,2011-01-01,7:30p,,Golden State Warriors,W,,114,107,26,9,W 5
2011,MIA,2011-01-03,7:00p,@,Charlotte Bobcats,W,,96,82,27,9,W 6
2011,MIA,2011-01-04,7:30p,,Milwaukee Bucks,W,,101,89,28,9,W 7
2011,MIA,2011-01-07,8:30p,@,Milwaukee Bucks,W,OT,101,95,29,9,W 8
2011,MIA,2011-01-09,9:00p,@,Portland Trail Blazers,W,OT,107,100,30,9,W 9
2011,MIA,2011-01-12,10:30p,@,Los Angeles Clippers,L,,105,111,30,10,L 1
2011,MIA,2011-01-13,10:30p,@,Denver Nuggets,L,,102,130,30,11,L 2
2011,MIA,2011-01-15,8:00p,@,Chicago Bulls,L,,96,99,30,12,L 3
2011,MIA,2011-01-18,7:30p,,Atlanta Hawks,L,OT,89,93,30,13,L 4
2011,MIA,2011-01-22,7:30p,,Toronto Raptors,W,,120,103,31,13,W 1
2011,MIA,2011-01-27,8:00p,@,New York Knicks,L,,88,93,31,14,L 1
2011,MIA,2011-01-28,7:30p,,Detroit Pistons,W,,88,87,32,14,W 1
2011,MIA,2011-01-30,1:00p,@,Oklahoma City Thunder,W,,108,103,33,14,W 2
2011,MIA,2011-01-31,7:30p,,Cleveland Cavaliers,W,,117,90,34,14,W 3
2011,MIA,2011-02-03,8:00p,@,Orlando Magic,W,,104,100,35,14,W 4
2011,MIA,2011-02-04,7:00p,@,Charlotte Bobcats,W,,109,97,36,14,W 5
2011,MIA,2011-02-06,12:00p,,Los Angeles Clippers,W,,97,79,37,14,W 6
2011,MIA,2011-02-08,7:30p,,Indiana Pacers,W,,117,112,38,14,W 7
2011,MIA,2011-02-11,7:30p,@,Detroit Pistons,W,,106,92,39,14,W 8
2011,MIA,2011-02-13,1:00p,@,Boston Celtics,L,,82,85,39,15,L 1
2011,MIA,2011-02-15,7:00p,@,Indiana Pacers,W,,110,103,40,15,W 1
2011,MIA,2011-02-16,7:00p,@,Toronto Raptors,W,,103,95,41,15,W 2
2011,MIA,2011-02-22,7:30p,,Sacramento Kings,W,,117,97,42,15,W 3
2011,MIA,2011-02-24,8:00p,@,Chicago Bulls,L,,89,93,42,16,L 1
2011,MIA,2011-02-25,7:30p,,Washington Wizards,W,,121,113,43,16,W 1
2011,MIA,2011-02-27,8:00p,,New York Knicks,L,,86,91,43,17,L 1
2011,MIA,2011-03-03,8:00p,,Orlando Magic,L,,96,99,43,18,L 2
2011,MIA,2011-03-04,9:30p,@,San Antonio Spurs,L,,95,125,43,19,L 3
2011,MIA,2011-03-06,1:00p,,Chicago Bulls,L,,86,87,43,20,L 4
2011,MIA,2011-03-08,7:30p,,Portland Trail Blazers,L,,96,105,43,21,L 5
2011,MIA,2011-03-10,7:00p,,Los Angeles Lakers,W,,94,88,44,21,W 1
2011,MIA,2011-03-12,3:30p,,Memphis Grizzlies,W,,118,85,45,21,W 2
2011,MIA,2011-03-14,8:00p,,San Antonio Spurs,W,,110,80,46,21,W 3
2011,MIA,2011-03-16,8:00p,,Oklahoma City Thunder,L,,85,96,46,22,L 1
2011,MIA,2011-03-18,7:30p,@,Atlanta Hawks,W,,106,85,47,22,W 1
2011,MIA,2011-03-19,7:30p,,Denver Nuggets,W,,103,98,48,22,W 2
2011,MIA,2011-03-23,7:30p,@,Detroit Pistons,W,,100,94,49,22,W 3
2011,MIA,2011-03-25,7:30p,,Philadelphia 76ers,W,,111,99,50,22,W 4
2011,MIA,2011-03-27,6:00p,,Houston Rockets,W,,125,119,51,22,W 5
2011,MIA,2011-03-29,7:00p,@,Cleveland Cavaliers,L,,90,102,51,23,L 1
2011,MIA,2011-03-30,7:00p,@,Washington Wizards,W,,123,107,52,23,W 1
2011,MIA,2011-04-01,8:00p,@,Minnesota Timberwolves,W,,111,92,53,23,W 2
2011,MIA,2011-04-03,6:00p,@,New Jersey Nets,W,,108,94,54,23,W 3
2011,MIA,2011-04-06,8:00p,,Milwaukee Bucks,L,,85,90,54,24,L 1
2011,MIA,2011-04-08,7:30p,,Charlotte Bobcats,W,,112,103,55,24,W 1
2011,MIA,2011-04-10,3:30p,,Boston Celtics,W,,100,77,56,24,W 2
2011,MIA,2011-04-11,7:00p,@,Atlanta Hawks,W,,98,90,57,24,W 3
2011,MIA,2011-04-13,8:00p,@,Toronto Raptors,W,,97,79,58,24,W 4
2011,MIA,2011-04-16,3:30p,,Philadelphia 76ers,W,,97,89,1,0,W 1
2011,MIA,2011-04-18,7:00p,,Philadelphia 76ers,W,,94,73,2,0,W 2
2011,MIA,2011-04-21,8:00p,@,Philadelphia 76ers,W,,100,94,3,0,W 3
2011,MIA,2011-04-24,1:00p,@,Philadelphia 76ers,L,,82,86,3,1,L 1
2011,MIA,2011-04-27,7:00p,,Philadelphia 76ers,W,,97,91,4,1,W 1
2011,MIA,2011-05-01,3:30p,,Boston Celtics,W,,99,90,5,1,W 2
2011,MIA,2011-05-03,7:00p,,Boston Celtics,W,,102,91,6,1,W 3
2011,MIA,2011-05-07,8:00p,@,Boston Celtics,L,,81,97,6,2,L 1
2011,MIA,2011-05-09,7:00p,@,Boston Celtics,W,OT,98,90,7,2,W 1
2011,MIA,2011-05-11,7:00p,,Boston Celtics,W,,97,87,8,2,W 2
2011,MIA,2011-05-15,8:00p,@,Chicago Bulls,L,,82,103,8,3,L 1
2011,MIA,2011-05-18,8:30p,@,Chicago Bulls,W,,85,75,9,3,W 1
2011,MIA,2011-05-22,8:30p,,Chicago Bulls,W,,96,85,10,3,W 2
2011,MIA,2011-05-24,8:30p,,Chicago Bulls,W,OT,101,93,11,3,W 3
2011,MIA,2011-05-26,8:30p,@,Chicago Bulls,W,,83,80,12,3,W 4
2011,MIA,2011-05-31,9:00p,,Dallas Mavericks,W,,92,84,13,3,W 5
2011,MIA,2011-06-02,9:00p,,Dallas Mavericks,L,,93,95,13,4,L 1
2011,MIA,2011-06-05,8:00p,@,Dallas Mavericks,W,,88,86,14,4,W 1
2011,MIA,2011-06-07,9:00p,@,Dallas Mavericks,L,,83,86,14,5,L 1
2011,MIA,2011-06-09,9:00p,@,Dallas Mavericks,L,,103,112,14,6,L 2
2011,MIA,2011-06-12,8:00p,,Dallas Mavericks,L,,95,105,14,7,L 3
2011,MIL,2010-10-27,8:00p,@,New Orleans Hornets,L,,91,95,0,1,L 1
2011,MIL,2010-10-29,8:00p,@,Minnesota Timberwolves,L,,85,96,0,2,L 2
2011,MIL,2010-10-30,8:30p,,Charlotte Bobcats,W,,98,88,1,2,W 1
2011,MIL,2010-11-02,8:00p,,Portland Trail Blazers,L,,76,90,1,3,L 1
2011,MIL,2010-11-03,8:00p,@,Boston Celtics,L,OT,102,105,1,4,L 2
2011,MIL,2010-11-05,7:00p,@,Indiana Pacers,W,,94,90,2,4,W 1
2011,MIL,2010-11-06,8:30p,,New Orleans Hornets,L,,81,87,2,5,L 1
2011,MIL,2010-11-09,8:00p,,New York Knicks,W,,107,80,3,5,W 1
2011,MIL,2010-11-10,7:00p,@,Atlanta Hawks,W,,108,91,4,5,W 2
2011,MIL,2010-11-13,8:30p,,Golden State Warriors,W,,79,72,5,5,W 3
2011,MIL,2010-11-16,8:00p,,Los Angeles Lakers,L,,107,118,5,6,L 1
2011,MIL,2010-11-19,7:00p,@,Philadelphia 76ers,L,,79,90,5,7,L 2
2011,MIL,2010-11-20,8:30p,,Oklahoma City Thunder,L,,81,82,5,8,L 3
2011,MIL,2010-11-24,7:00p,@,Cleveland Cavaliers,L,,81,83,5,9,L 4
2011,MIL,2010-11-26,7:30p,@,Detroit Pistons,L,,89,103,5,10,L 5
2011,MIL,2010-11-27,9:00p,,Charlotte Bobcats,W,,104,101,6,10,W 1
2011,MIL,2010-11-29,9:00p,@,Utah Jazz,L,,88,109,6,11,L 1
2011,MIL,2010-12-01,9:00p,@,Denver Nuggets,L,,94,105,6,12,L 2
2011,MIL,2010-12-04,8:30p,,Orlando Magic,W,,96,85,7,12,W 1
2011,MIL,2010-12-06,8:00p,,Miami Heat,L,,78,88,7,13,L 1
2011,MIL,2010-12-08,8:00p,,Indiana Pacers,W,,97,95,8,13,W 1
2011,MIL,2010-12-10,8:30p,,Houston Rockets,W,,97,91,9,13,W 2
2011,MIL,2010-12-13,8:30p,@,Dallas Mavericks,W,,103,99,10,13,W 3
2011,MIL,2010-12-15,8:30p,@,San Antonio Spurs,L,,90,92,10,14,L 1
2011,MIL,2010-12-18,8:30p,,Utah Jazz,L,,86,95,10,15,L 2
2011,MIL,2010-12-20,10:00p,@,Portland Trail Blazers,L,,80,106,10,16,L 3
2011,MIL,2010-12-21,10:30p,@,Los Angeles Lakers,W,,98,79,11,16,W 1
2011,MIL,2010-12-23,10:00p,@,Sacramento Kings,W,,84,79,12,16,W 2
2011,MIL,2010-12-27,8:00p,,Atlanta Hawks,L,,80,95,12,17,L 1
2011,MIL,2010-12-28,8:00p,@,Chicago Bulls,L,,77,90,12,18,L 2
2011,MIL,2011-01-01,9:00p,,Dallas Mavericks,W,,99,87,13,18,W 1
2011,MIL,2011-01-04,7:30p,@,Miami Heat,L,,89,101,13,19,L 1
2011,MIL,2011-01-05,7:00p,@,Orlando Magic,L,,87,97,13,20,L 2
2011,MIL,2011-01-07,8:30p,,Miami Heat,L,OT,95,101,13,21,L 3
2011,MIL,2011-01-08,7:00p,@,New Jersey Nets,W,,115,92,14,21,W 1
2011,MIL,2011-01-12,8:00p,,San Antonio Spurs,L,,84,91,14,22,L 1
2011,MIL,2011-01-14,7:00p,@,Philadelphia 76ers,L,,94,95,14,23,L 2
2011,MIL,2011-01-17,3:00p,@,Houston Rockets,L,,84,93,14,24,L 3
2011,MIL,2011-01-19,8:00p,,Washington Wizards,W,,100,87,15,24,W 1
2011,MIL,2011-01-21,7:30p,@,Cleveland Cavaliers,W,,102,88,16,24,W 2
2011,MIL,2011-01-22,8:30p,,Memphis Grizzlies,L,,81,94,16,25,L 1
2011,MIL,2011-01-24,8:00p,@,Chicago Bulls,L,,83,92,16,26,L 2
2011,MIL,2011-01-26,8:00p,,Atlanta Hawks,W,,98,90,17,26,W 1
2011,MIL,2011-01-28,7:00p,@,Toronto Raptors,W,OT,116,110,18,26,W 2
2011,MIL,2011-01-29,8:30p,,New Jersey Nets,W,,91,81,19,26,W 3
2011,MIL,2011-01-31,10:30p,@,Los Angeles Clippers,L,,98,105,19,27,L 1
2011,MIL,2011-02-02,9:00p,@,Phoenix Suns,L,,77,92,19,28,L 2
2011,MIL,2011-02-03,10:30p,@,Golden State Warriors,L,,94,100,19,29,L 3
2011,MIL,2011-02-05,8:30p,,Detroit Pistons,L,,78,89,19,30,L 4
2011,MIL,2011-02-08,8:00p,,Toronto Raptors,W,,92,74,20,30,W 1
2011,MIL,2011-02-09,7:00p,@,Washington Wizards,L,,85,100,20,31,L 1
2011,MIL,2011-02-11,8:00p,@,Memphis Grizzlies,L,,86,89,20,32,L 2
2011,MIL,2011-02-12,8:30p,,Indiana Pacers,L,,97,103,20,33,L 3
2011,MIL,2011-02-14,8:00p,,Los Angeles Clippers,W,,102,78,21,33,W 1
2011,MIL,2011-02-16,9:00p,,Denver Nuggets,L,,87,94,21,34,L 1
2011,MIL,2011-02-22,8:00p,,Minnesota Timberwolves,W,,94,88,22,34,W 1
2011,MIL,2011-02-23,7:30p,@,New York Knicks,L,,108,114,22,35,L 1
2011,MIL,2011-02-26,8:30p,,Chicago Bulls,L,,75,83,22,36,L 2
2011,MIL,2011-03-01,8:00p,,Detroit Pistons,W,,92,90,23,36,W 1
2011,MIL,2011-03-04,8:30p,,Phoenix Suns,L,,88,102,23,37,L 1
2011,MIL,2011-03-06,9:00p,,Boston Celtics,L,,83,89,23,38,L 2
2011,MIL,2011-03-08,7:00p,@,Washington Wizards,W,,95,76,24,38,W 1
2011,MIL,2011-03-09,8:00p,,Cleveland Cavaliers,W,,110,90,25,38,W 2
2011,MIL,2011-03-12,8:00p,,Philadelphia 76ers,W,,102,74,26,38,W 3
2011,MIL,2011-03-13,6:00p,@,Boston Celtics,L,,56,87,26,39,L 1
2011,MIL,2011-03-15,7:00p,@,Atlanta Hawks,L,,85,110,26,40,L 2
2011,MIL,2011-03-16,8:00p,,Orlando Magic,L,OT,89,93,26,41,L 3
2011,MIL,2011-03-18,8:30p,,New Jersey Nets,W,,110,95,27,41,W 1
2011,MIL,2011-03-20,3:00p,,New York Knicks,W,,100,95,28,41,W 2
2011,MIL,2011-03-23,8:00p,,Sacramento Kings,L,,90,97,28,42,L 1
2011,MIL,2011-03-25,7:30p,@,New York Knicks,W,,102,96,29,42,W 1
2011,MIL,2011-03-26,8:30p,,Chicago Bulls,L,,87,95,29,43,L 1
2011,MIL,2011-03-28,7:00p,@,Charlotte Bobcats,L,,86,87,29,44,L 2
2011,MIL,2011-03-30,7:00p,@,Toronto Raptors,W,,104,98,30,44,W 1
2011,MIL,2011-04-01,7:00p,@,Indiana Pacers,L,,88,89,30,45,L 1
2011,MIL,2011-04-02,8:30p,,Philadelphia 76ers,W,OT,93,87,31,45,W 1
2011,MIL,2011-04-05,7:00p,@,Orlando Magic,L,,72,78,31,46,L 1
2011,MIL,2011-04-06,8:00p,@,Miami Heat,W,,90,85,32,46,W 1
2011,MIL,2011-04-08,7:30p,@,Detroit Pistons,L,,100,110,32,47,L 1
2011,MIL,2011-04-09,8:30p,,Cleveland Cavaliers,W,,108,101,33,47,W 1
2011,MIL,2011-04-11,8:00p,,Toronto Raptors,W,,93,86,34,47,W 2
2011,MIL,2011-04-13,8:00p,@,Oklahoma City Thunder,W,OT,110,106,35,47,W 3
2011,MIN,2010-10-27,8:00p,,Sacramento Kings,L,,116,117,0,1,L 1
2011,MIN,2010-10-29,8:00p,,Milwaukee Bucks,W,,96,85,1,1,W 1
2011,MIN,2010-10-30,8:00p,@,Memphis Grizzlies,L,,89,109,1,2,L 1
2011,MIN,2010-11-02,7:30p,@,Miami Heat,L,,97,129,1,3,L 2
2011,MIN,2010-11-03,7:00p,@,Orlando Magic,L,,86,128,1,4,L 3
2011,MIN,2010-11-05,8:00p,,Atlanta Hawks,L,,103,113,1,5,L 4
2011,MIN,2010-11-07,7:00p,@,Houston Rockets,L,,94,120,1,6,L 5
2011,MIN,2010-11-09,10:30p,@,Los Angeles Lakers,L,,94,99,1,7,L 6
2011,MIN,2010-11-10,10:00p,@,Sacramento Kings,W,,98,89,2,7,W 1
2011,MIN,2010-11-12,8:00p,,New York Knicks,W,,112,103,3,7,W 2
2011,MIN,2010-11-14,2:00p,@,Atlanta Hawks,L,,105,111,3,8,L 1
2011,MIN,2010-11-15,7:00p,@,Charlotte Bobcats,L,,110,113,3,9,L 2
2011,MIN,2010-11-17,8:00p,,Los Angeles Clippers,W,,113,111,4,9,W 1
2011,MIN,2010-11-19,8:00p,,Los Angeles Lakers,L,,95,112,4,10,L 1
2011,MIN,2010-11-22,8:00p,@,Oklahoma City Thunder,L,,107,117,4,11,L 2
2011,MIN,2010-11-24,8:00p,,San Antonio Spurs,L,OT,109,113,4,12,L 3
2011,MIN,2010-11-27,8:00p,,Golden State Warriors,L,,94,104,4,13,L 4
2011,MIN,2010-12-01,8:30p,@,Dallas Mavericks,L,,86,100,4,14,L 5
2011,MIN,2010-12-03,8:30p,@,San Antonio Spurs,L,,101,107,4,15,L 6
2011,MIN,2010-12-04,8:00p,,Cleveland Cavaliers,W,,129,95,5,15,W 1
2011,MIN,2010-12-06,7:30p,@,New York Knicks,L,,114,121,5,16,L 1
2011,MIN,2010-12-08,8:00p,,Oklahoma City Thunder,L,,103,111,5,17,L 2
2011,MIN,2010-12-10,8:00p,,Detroit Pistons,W,,109,99,6,17,W 1
2011,MIN,2010-12-11,8:00p,@,Chicago Bulls,L,,82,113,6,18,L 1
2011,MIN,2010-12-14,10:30p,@,Golden State Warriors,L,,99,108,6,19,L 2
2011,MIN,2010-12-15,9:00p,@,Phoenix Suns,L,,122,128,6,20,L 3
2011,MIN,2010-12-17,10:00p,@,Portland Trail Blazers,L,,102,107,6,21,L 4
2011,MIN,2010-12-18,9:00p,@,Denver Nuggets,L,,113,115,6,22,L 5
2011,MIN,2010-12-20,10:30p,@,Los Angeles Clippers,L,,90,113,6,23,L 6
2011,MIN,2010-12-22,8:00p,,Utah Jazz,L,,107,112,6,24,L 7
2011,MIN,2010-12-26,6:00p,@,Cleveland Cavaliers,W,,98,97,7,24,W 1
2011,MIN,2010-12-27,8:00p,,New Orleans Hornets,W,,113,98,8,24,W 2
2011,MIN,2010-12-29,8:00p,,Denver Nuggets,L,,113,119,8,25,L 1
2011,MIN,2011-01-01,8:00p,,New Jersey Nets,W,,103,88,9,25,W 1
2011,MIN,2011-01-03,7:30p,@,Boston Celtics,L,,93,96,9,26,L 1
2011,MIN,2011-01-05,8:00p,,Charlotte Bobcats,L,OT,105,108,9,27,L 2
2011,MIN,2011-01-07,8:00p,,Portland Trail Blazers,L,,98,108,9,28,L 3
2011,MIN,2011-01-09,7:00p,@,San Antonio Spurs,L,,91,94,9,29,L 4
2011,MIN,2011-01-11,8:00p,,San Antonio Spurs,L,,96,107,9,30,L 5
2011,MIN,2011-01-13,8:00p,,Washington Wizards,W,,109,97,10,30,W 1
2011,MIN,2011-01-15,8:00p,,Orlando Magic,L,,99,108,10,31,L 1
2011,MIN,2011-01-17,10:00p,@,Portland Trail Blazers,L,,102,113,10,32,L 2
2011,MIN,2011-01-19,10:30p,@,Los Angeles Clippers,L,,111,126,10,33,L 3
2011,MIN,2011-01-24,8:00p,,Houston Rockets,L,,125,129,10,34,L 4
2011,MIN,2011-01-26,8:00p,,Oklahoma City Thunder,L,OT,117,118,10,35,L 5
2011,MIN,2011-01-28,9:00p,@,Utah Jazz,L,,100,108,10,36,L 6
2011,MIN,2011-01-29,8:00p,,Toronto Raptors,W,,103,87,11,36,W 1
2011,MIN,2011-02-02,8:00p,,Memphis Grizzlies,L,,84,102,11,37,L 1
2011,MIN,2011-02-04,7:00p,@,Toronto Raptors,L,,100,111,11,38,L 2
2011,MIN,2011-02-05,8:30p,,Denver Nuggets,L,,100,113,11,39,L 3
2011,MIN,2011-02-07,8:00p,@,New Orleans Hornets,W,,104,92,12,39,W 1
2011,MIN,2011-02-08,8:30p,@,Houston Rockets,W,,112,108,13,39,W 2
2011,MIN,2011-02-11,7:00p,@,Indiana Pacers,L,,105,116,13,40,L 1
2011,MIN,2011-02-12,8:00p,,Philadelphia 76ers,L,,87,107,13,41,L 2
2011,MIN,2011-02-14,8:00p,,Portland Trail Blazers,L,,81,95,13,42,L 3
2011,MIN,2011-02-16,8:00p,,Los Angeles Clippers,L,,90,98,13,43,L 4
2011,MIN,2011-02-22,8:00p,@,Milwaukee Bucks,L,,88,94,13,44,L 5
2011,MIN,2011-02-23,8:00p,,Memphis Grizzlies,L,,95,104,13,45,L 6
2011,MIN,2011-02-25,8:00p,,New Orleans Hornets,L,,81,95,13,46,L 7
2011,MIN,2011-02-27,5:00p,,Golden State Warriors,W,,126,123,14,46,W 1
2011,MIN,2011-03-01,8:00p,,Los Angeles Lakers,L,,79,90,14,47,L 1
2011,MIN,2011-03-02,7:30p,@,Detroit Pistons,W,,116,105,15,47,W 1
2011,MIN,2011-03-04,7:00p,@,Philadelphia 76ers,L,,100,111,15,48,L 1
2011,MIN,2011-03-05,7:00p,@,Washington Wizards,L,,96,103,15,49,L 2
2011,MIN,2011-03-07,8:00p,,Dallas Mavericks,L,,105,108,15,50,L 3
2011,MIN,2011-03-09,8:00p,,Indiana Pacers,W,,101,75,16,50,W 1
2011,MIN,2011-03-11,8:00p,,Utah Jazz,W,,122,101,17,50,W 2
2011,MIN,2011-03-13,9:00p,@,Golden State Warriors,L,,77,100,17,51,L 1
2011,MIN,2011-03-16,9:00p,@,Utah Jazz,L,,104,119,17,52,L 2
2011,MIN,2011-03-18,10:30p,@,Los Angeles Lakers,L,,98,106,17,53,L 3
2011,MIN,2011-03-20,3:30p,,Sacramento Kings,L,,95,127,17,54,L 4
2011,MIN,2011-03-24,8:30p,@,Dallas Mavericks,L,,96,104,17,55,L 5
2011,MIN,2011-03-25,8:00p,@,Oklahoma City Thunder,L,,103,111,17,56,L 6
2011,MIN,2011-03-27,7:00p,,Boston Celtics,L,,82,85,17,57,L 7
2011,MIN,2011-03-30,8:00p,,Chicago Bulls,L,,91,108,17,58,L 8
2011,MIN,2011-04-01,8:00p,,Miami Heat,L,,92,111,17,59,L 9
2011,MIN,2011-04-02,8:00p,@,Memphis Grizzlies,L,,89,106,17,60,L 10
2011,MIN,2011-04-05,7:00p,@,New Jersey Nets,L,,105,107,17,61,L 11
2011,MIN,2011-04-06,8:00p,,Phoenix Suns,L,,98,108,17,62,L 12
2011,MIN,2011-04-09,9:00p,@,Denver Nuggets,L,,106,130,17,63,L 13
2011,MIN,2011-04-11,10:00p,@,Phoenix Suns,L,OT,127,135,17,64,L 14
2011,MIN,2011-04-13,8:00p,,Houston Rockets,L,,102,121,17,65,L 15
2011,NJN,2010-10-27,7:00p,,Detroit Pistons,W,,101,98,1,0,W 1
2011,NJN,2010-10-29,7:00p,,Sacramento Kings,W,,106,100,2,0,W 2
2011,NJN,2010-10-31,1:00p,,Miami Heat,L,,78,101,2,1,L 1
2011,NJN,2010-11-03,7:00p,,Charlotte Bobcats,L,,83,85,2,2,L 2
2011,NJN,2010-11-05,7:00p,@,Orlando Magic,L,,90,105,2,3,L 3
2011,NJN,2010-11-06,7:30p,@,Miami Heat,L,,89,101,2,4,L 4
2011,NJN,2010-11-09,7:00p,,Cleveland Cavaliers,L,,91,93,2,5,L 5
2011,NJN,2010-11-10,7:30p,@,Cleveland Cavaliers,W,,95,87,3,5,W 1
2011,NJN,2010-11-13,7:00p,,Orlando Magic,L,,90,91,3,6,L 1
2011,NJN,2010-11-15,10:30p,@,Los Angeles Clippers,W,,110,96,4,6,W 1
2011,NJN,2010-11-17,9:00p,@,Utah Jazz,L,,88,98,4,7,L 1
2011,NJN,2010-11-19,10:00p,@,Sacramento Kings,L,,81,86,4,8,L 2
2011,NJN,2010-11-20,9:00p,@,Denver Nuggets,L,,103,107,4,9,L 3
2011,NJN,2010-11-23,7:00p,,Atlanta Hawks,W,OT,107,101,5,9,W 1
2011,NJN,2010-11-24,7:30p,@,Boston Celtics,L,,83,89,5,10,L 1
2011,NJN,2010-11-27,7:30p,@,Philadelphia 76ers,L,,86,102,5,11,L 2
2011,NJN,2010-11-28,7:00p,,Portland Trail Blazers,W,,98,96,6,11,W 1
2011,NJN,2010-11-30,7:30p,@,New York Knicks,L,,100,111,6,12,L 1
2011,NJN,2010-12-01,7:00p,,Oklahoma City Thunder,L,3OT,120,123,6,13,L 2
2011,NJN,2010-12-03,7:00p,@,Charlotte Bobcats,L,OT,84,91,6,14,L 3
2011,NJN,2010-12-05,1:00p,,Boston Celtics,L,,75,100,6,15,L 4
2011,NJN,2010-12-07,7:00p,@,Atlanta Hawks,L,,101,116,6,16,L 5
2011,NJN,2010-12-09,8:30p,@,Dallas Mavericks,L,,89,102,6,17,L 6
2011,NJN,2010-12-12,1:00p,,Los Angeles Lakers,L,,92,99,6,18,L 7
2011,NJN,2010-12-14,7:00p,,Philadelphia 76ers,L,,77,82,6,19,L 8
2011,NJN,2010-12-16,7:00p,,Washington Wizards,W,,97,89,7,19,W 1
2011,NJN,2010-12-17,7:00p,@,Toronto Raptors,L,,92,98,7,20,L 1
2011,NJN,2010-12-19,1:00p,,Atlanta Hawks,W,,89,82,8,20,W 1
2011,NJN,2010-12-21,8:00p,@,Memphis Grizzlies,W,,101,94,9,20,W 2
2011,NJN,2010-12-22,8:00p,@,New Orleans Hornets,L,,91,105,9,21,L 1
2011,NJN,2010-12-27,7:00p,,Orlando Magic,L,,88,104,9,22,L 2
2011,NJN,2010-12-29,8:00p,@,Oklahoma City Thunder,L,,93,114,9,23,L 3
2011,NJN,2010-12-31,3:00p,@,Chicago Bulls,L,,81,90,9,24,L 4
2011,NJN,2011-01-01,8:00p,@,Minnesota Timberwolves,L,,88,103,9,25,L 5
2011,NJN,2011-01-05,7:00p,,Chicago Bulls,W,,96,94,10,25,W 1
2011,NJN,2011-01-07,7:00p,@,Washington Wizards,L,,77,97,10,26,L 1
2011,NJN,2011-01-08,7:00p,,Milwaukee Bucks,L,,92,115,10,27,L 2
2011,NJN,2011-01-12,9:00p,@,Phoenix Suns,L,OT,109,118,10,28,L 3
2011,NJN,2011-01-14,10:30p,@,Los Angeles Lakers,L,,88,100,10,29,L 4
2011,NJN,2011-01-15,10:00p,@,Portland Trail Blazers,L,,89,96,10,30,L 5
2011,NJN,2011-01-17,4:00p,@,Golden State Warriors,L,,100,109,10,31,L 6
2011,NJN,2011-01-19,7:00p,,Utah Jazz,W,,103,95,11,31,W 1
2011,NJN,2011-01-21,7:00p,,Detroit Pistons,W,,89,74,12,31,W 2
2011,NJN,2011-01-22,7:00p,,Dallas Mavericks,L,,86,87,12,32,L 1
2011,NJN,2011-01-24,7:00p,,Cleveland Cavaliers,W,,103,101,13,32,W 1
2011,NJN,2011-01-26,7:00p,,Memphis Grizzlies,W,,93,88,14,32,W 2
2011,NJN,2011-01-28,7:00p,@,Indiana Pacers,L,,92,124,14,33,L 1
2011,NJN,2011-01-29,8:30p,@,Milwaukee Bucks,L,,81,91,14,34,L 2
2011,NJN,2011-01-31,7:00p,,Denver Nuggets,W,,115,99,15,34,W 1
2011,NJN,2011-02-02,7:00p,,Philadelphia 76ers,L,,92,106,15,35,L 1
2011,NJN,2011-02-04,7:30p,@,Detroit Pistons,L,,82,92,15,36,L 2
2011,NJN,2011-02-06,12:00p,,Indiana Pacers,L,,86,105,15,37,L 3
2011,NJN,2011-02-09,7:00p,,New Orleans Hornets,W,OT,103,101,16,37,W 1
2011,NJN,2011-02-11,7:00p,@,Charlotte Bobcats,W,,94,89,17,37,W 2
2011,NJN,2011-02-12,7:00p,,New York Knicks,L,,95,105,17,38,L 1
2011,NJN,2011-02-14,7:00p,,San Antonio Spurs,L,,85,102,17,39,L 2
2011,NJN,2011-02-16,7:30p,@,Boston Celtics,L,,80,94,17,40,L 3
2011,NJN,2011-02-25,8:30p,@,San Antonio Spurs,L,,96,106,17,41,L 4
2011,NJN,2011-02-26,8:30p,@,Houston Rockets,L,,108,123,17,42,L 5
2011,NJN,2011-02-28,7:00p,,Phoenix Suns,L,OT,103,104,17,43,L 6
2011,NJN,2011-03-04,3:00p,,Toronto Raptors,W,,116,103,18,43,W 1
2011,NJN,2011-03-05,3:00p,,Toronto Raptors,W,3OT,137,136,19,43,W 2
2011,NJN,2011-03-09,7:00p,,Golden State Warriors,W,,94,90,20,43,W 3
2011,NJN,2011-03-11,7:00p,,Los Angeles Clippers,W,OT,102,98,21,43,W 4
2011,NJN,2011-03-14,7:00p,,Boston Celtics,W,,88,79,22,43,W 5
2011,NJN,2011-03-17,7:00p,,Chicago Bulls,L,,73,84,22,44,L 1
2011,NJN,2011-03-18,8:30p,@,Milwaukee Bucks,L,,95,110,22,45,L 2
2011,NJN,2011-03-20,1:00p,@,Washington Wizards,L,,92,98,22,46,L 3
2011,NJN,2011-03-21,7:00p,,Indiana Pacers,L,,98,102,22,47,L 4
2011,NJN,2011-03-23,7:00p,@,Cleveland Cavaliers,W,OT,98,94,23,47,W 1
2011,NJN,2011-03-25,7:00p,@,Orlando Magic,L,,85,95,23,48,L 1
2011,NJN,2011-03-26,7:00p,@,Atlanta Hawks,L,,87,98,23,49,L 2
2011,NJN,2011-03-29,7:00p,,Houston Rockets,L,,87,112,23,50,L 3
2011,NJN,2011-03-30,7:30p,@,New York Knicks,L,,116,120,23,51,L 4
2011,NJN,2011-04-01,7:00p,@,Philadelphia 76ers,L,,90,115,23,52,L 5
2011,NJN,2011-04-03,6:00p,,Miami Heat,L,,94,108,23,53,L 6
2011,NJN,2011-04-05,7:00p,,Minnesota Timberwolves,W,,107,105,24,53,W 1
2011,NJN,2011-04-06,7:30p,@,Detroit Pistons,L,,109,116,24,54,L 1
2011,NJN,2011-04-08,7:00p,,New York Knicks,L,,93,116,24,55,L 2
2011,NJN,2011-04-10,6:00p,@,Toronto Raptors,L,,92,99,24,56,L 3
2011,NJN,2011-04-11,7:00p,,Charlotte Bobcats,L,,103,105,24,57,L 4
2011,NJN,2011-04-13,8:00p,@,Chicago Bulls,L,,92,97,24,58,L 5
2011,NOH,2010-10-27,8:00p,,Milwaukee Bucks,W,,95,91,1,0,W 1
2011,NOH,2010-10-29,8:00p,,Denver Nuggets,W,,101,95,2,0,W 2
2011,NOH,2010-10-30,8:30p,@,San Antonio Spurs,W,,99,90,3,0,W 3
2011,NOH,2010-11-03,8:30p,@,Houston Rockets,W,,107,99,4,0,W 4
2011,NOH,2010-11-05,8:00p,,Miami Heat,W,,96,93,5,0,W 5
2011,NOH,2010-11-06,8:30p,@,Milwaukee Bucks,W,,87,81,6,0,W 6
2011,NOH,2010-11-09,8:00p,,Los Angeles Clippers,W,,101,82,7,0,W 7
2011,NOH,2010-11-13,8:00p,,Portland Trail Blazers,W,,107,87,8,0,W 8
2011,NOH,2010-11-15,8:30p,@,Dallas Mavericks,L,,95,98,8,1,L 1
2011,NOH,2010-11-17,8:00p,,Dallas Mavericks,W,,99,97,9,1,W 1
2011,NOH,2010-11-19,8:00p,,Cleveland Cavaliers,W,,108,101,10,1,W 2
2011,NOH,2010-11-21,6:00p,@,Sacramento Kings,W,,75,71,11,1,W 3
2011,NOH,2010-11-22,10:30p,@,Los Angeles Clippers,L,,95,99,11,2,L 1
2011,NOH,2010-11-24,9:00p,@,Utah Jazz,L,,87,105,11,3,L 2
2011,NOH,2010-11-26,10:00p,@,Portland Trail Blazers,W,,97,78,12,3,W 1
2011,NOH,2010-11-28,3:00p,,San Antonio Spurs,L,,95,109,12,4,L 1
2011,NOH,2010-11-29,8:00p,@,Oklahoma City Thunder,L,,89,95,12,5,L 2
2011,NOH,2010-12-01,8:00p,,Charlotte Bobcats,W,,89,73,13,5,W 1
2011,NOH,2010-12-03,8:00p,,New York Knicks,L,,92,100,13,6,L 1
2011,NOH,2010-12-05,7:00p,@,San Antonio Spurs,L,,84,109,13,7,L 2
2011,NOH,2010-12-08,8:00p,,Detroit Pistons,W,,93,74,14,7,W 1
2011,NOH,2010-12-10,8:00p,,Oklahoma City Thunder,L,,92,97,14,8,L 1
2011,NOH,2010-12-12,12:00p,@,Philadelphia 76ers,L,,70,88,14,9,L 2
2011,NOH,2010-12-13,7:30p,@,Miami Heat,L,,84,96,14,10,L 3
2011,NOH,2010-12-15,8:00p,,Sacramento Kings,W,,94,91,15,10,W 1
2011,NOH,2010-12-17,8:00p,,Utah Jazz,W,,100,71,16,10,W 2
2011,NOH,2010-12-19,6:00p,@,Detroit Pistons,L,OT,108,111,16,11,L 1
2011,NOH,2010-12-20,7:00p,@,Indiana Pacers,L,,93,94,16,12,L 2
2011,NOH,2010-12-22,8:00p,,New Jersey Nets,W,,105,91,17,12,W 1
2011,NOH,2010-12-26,7:00p,,Atlanta Hawks,W,,93,86,18,12,W 2
2011,NOH,2010-12-27,8:00p,@,Minnesota Timberwolves,L,,98,113,18,13,L 1
2011,NOH,2010-12-29,8:00p,,Los Angeles Lakers,L,,88,103,18,14,L 2
2011,NOH,2010-12-31,3:00p,@,Boston Celtics,W,,83,81,19,14,W 1
2011,NOH,2011-01-01,7:00p,@,Washington Wizards,W,,92,81,20,14,W 2
2011,NOH,2011-01-03,8:00p,,Philadelphia 76ers,W,,84,77,21,14,W 3
2011,NOH,2011-01-05,8:00p,,Golden State Warriors,L,,103,110,21,15,L 1
2011,NOH,2011-01-07,10:30p,@,Los Angeles Lakers,L,,97,101,21,16,L 2
2011,NOH,2011-01-09,9:00p,@,Denver Nuggets,W,,96,87,22,16,W 1
2011,NOH,2011-01-12,8:00p,,Orlando Magic,W,OT,92,89,23,16,W 2
2011,NOH,2011-01-14,8:30p,@,Houston Rockets,W,OT,110,105,24,16,W 3
2011,NOH,2011-01-15,7:00p,@,Charlotte Bobcats,W,,88,81,25,16,W 4
2011,NOH,2011-01-17,3:00p,,Toronto Raptors,W,,85,81,26,16,W 5
2011,NOH,2011-01-19,8:00p,,Memphis Grizzlies,W,OT,103,102,27,16,W 6
2011,NOH,2011-01-21,7:30p,@,Atlanta Hawks,W,,100,59,28,16,W 7
2011,NOH,2011-01-22,8:00p,,San Antonio Spurs,W,,96,72,29,16,W 8
2011,NOH,2011-01-24,8:00p,,Oklahoma City Thunder,W,,91,89,30,16,W 9
2011,NOH,2011-01-26,10:30p,@,Golden State Warriors,W,,112,103,31,16,W 10
2011,NOH,2011-01-29,10:00p,@,Sacramento Kings,L,,96,102,31,17,L 1
2011,NOH,2011-01-30,8:00p,@,Phoenix Suns,L,,102,104,31,18,L 2
2011,NOH,2011-02-01,8:00p,,Washington Wizards,W,,97,89,32,18,W 1
2011,NOH,2011-02-02,8:00p,@,Oklahoma City Thunder,L,,93,104,32,19,L 1
2011,NOH,2011-02-05,8:00p,,Los Angeles Lakers,L,,95,101,32,20,L 2
2011,NOH,2011-02-07,8:00p,,Minnesota Timberwolves,L,,92,104,32,21,L 3
2011,NOH,2011-02-09,7:00p,@,New Jersey Nets,L,OT,101,103,32,22,L 4
2011,NOH,2011-02-11,7:00p,@,Orlando Magic,W,,99,93,33,22,W 1
2011,NOH,2011-02-12,8:00p,,Chicago Bulls,L,,88,97,33,23,L 1
2011,NOH,2011-02-15,10:30p,@,Golden State Warriors,L,,89,102,33,24,L 2
2011,NOH,2011-02-16,10:00p,@,Portland Trail Blazers,L,,96,103,33,25,L 3
2011,NOH,2011-02-23,9:30p,,Los Angeles Clippers,W,,98,87,34,25,W 1
2011,NOH,2011-02-25,8:00p,@,Minnesota Timberwolves,W,,95,81,35,25,W 2
2011,NOH,2011-02-27,7:00p,,Houston Rockets,L,,89,91,35,26,L 1
2011,NOH,2011-03-01,7:00p,@,Toronto Raptors,L,,90,96,35,27,L 2
2011,NOH,2011-03-02,7:30p,@,New York Knicks,L,,88,107,35,28,L 3
2011,NOH,2011-03-04,8:00p,@,Memphis Grizzlies,W,,98,91,36,28,W 1
2011,NOH,2011-03-06,6:30p,@,Cleveland Cavaliers,W,,96,81,37,28,W 2
2011,NOH,2011-03-07,8:00p,@,Chicago Bulls,L,,77,85,37,29,L 1
2011,NOH,2011-03-09,8:00p,,Dallas Mavericks,W,,93,92,38,29,W 1
2011,NOH,2011-03-12,8:00p,,Sacramento Kings,W,,115,103,39,29,W 2
2011,NOH,2011-03-14,8:00p,,Denver Nuggets,L,,103,114,39,30,L 1
2011,NOH,2011-03-16,8:00p,,Phoenix Suns,W,,100,95,40,30,W 1
2011,NOH,2011-03-19,8:00p,,Boston Celtics,L,,85,89,40,31,L 1
2011,NOH,2011-03-24,9:00p,@,Utah Jazz,W,OT,121,117,41,31,W 1
2011,NOH,2011-03-25,10:00p,@,Phoenix Suns,W,,106,100,42,31,W 2
2011,NOH,2011-03-27,9:30p,@,Los Angeles Lakers,L,,84,102,42,32,L 1
2011,NOH,2011-03-30,8:00p,,Portland Trail Blazers,W,,95,91,43,32,W 1
2011,NOH,2011-04-01,8:00p,,Memphis Grizzlies,L,,81,93,43,33,L 1
2011,NOH,2011-04-03,7:00p,,Indiana Pacers,W,,108,96,44,33,W 1
2011,NOH,2011-04-06,8:00p,,Houston Rockets,W,,101,93,45,33,W 2
2011,NOH,2011-04-08,8:00p,,Phoenix Suns,W,,109,97,46,33,W 3
2011,NOH,2011-04-10,6:00p,@,Memphis Grizzlies,L,,89,111,46,34,L 1
2011,NOH,2011-04-11,8:00p,,Utah Jazz,L,,78,90,46,35,L 2
2011,NOH,2011-04-13,8:00p,@,Dallas Mavericks,L,,89,121,46,36,L 3
2011,NOH,2011-04-17,3:30p,@,Los Angeles Lakers,W,,109,100,1,0,W 1
2011,NOH,2011-04-20,10:30p,@,Los Angeles Lakers,L,,78,87,1,1,L 1
2011,NOH,2011-04-22,9:30p,,Los Angeles Lakers,L,,86,100,1,2,L 2
2011,NOH,2011-04-24,9:30p,,Los Angeles Lakers,W,,93,88,2,2,W 1
2011,NOH,2011-04-26,10:30p,@,Los Angeles Lakers,L,,90,106,2,3,L 1
2011,NOH,2011-04-28,8:00p,,Los Angeles Lakers,L,,80,98,2,4,L 2
2011,NYK,2010-10-27,7:00p,@,Toronto Raptors,W,,98,93,1,0,W 1
2011,NYK,2010-10-29,7:30p,@,Boston Celtics,L,,101,105,1,1,L 1
2011,NYK,2010-10-30,7:30p,,Portland Trail Blazers,L,,95,100,1,2,L 2
2011,NYK,2010-11-04,8:00p,@,Chicago Bulls,W,,120,112,2,2,W 1
2011,NYK,2010-11-05,7:30p,,Washington Wizards,W,,112,91,3,2,W 2
2011,NYK,2010-11-07,12:00p,,Philadelphia 76ers,L,,96,106,3,3,L 1
2011,NYK,2010-11-09,8:00p,@,Milwaukee Bucks,L,,80,107,3,4,L 2
2011,NYK,2010-11-10,7:30p,,Golden State Warriors,L,,117,122,3,5,L 3
2011,NYK,2010-11-12,8:00p,@,Minnesota Timberwolves,L,,103,112,3,6,L 4
2011,NYK,2010-11-14,7:30p,,Houston Rockets,L,,96,104,3,7,L 5
2011,NYK,2010-11-16,9:00p,@,Denver Nuggets,L,,118,120,3,8,L 6
2011,NYK,2010-11-17,10:00p,@,Sacramento Kings,W,,113,106,4,8,W 1
2011,NYK,2010-11-19,10:30p,@,Golden State Warriors,W,,125,119,5,8,W 2
2011,NYK,2010-11-20,10:30p,@,Los Angeles Clippers,W,,124,115,6,8,W 3
2011,NYK,2010-11-23,7:30p,,Charlotte Bobcats,W,,110,107,7,8,W 4
2011,NYK,2010-11-24,7:00p,@,Charlotte Bobcats,W,,99,95,8,8,W 5
2011,NYK,2010-11-27,1:00p,,Atlanta Hawks,L,,90,99,8,9,L 1
2011,NYK,2010-11-28,1:30p,@,Detroit Pistons,W,2OT,125,116,9,9,W 1
2011,NYK,2010-11-30,7:30p,,New Jersey Nets,W,,111,100,10,9,W 2
2011,NYK,2010-12-03,8:00p,@,New Orleans Hornets,W,,100,92,11,9,W 3
2011,NYK,2010-12-05,1:00p,@,Toronto Raptors,W,,116,99,12,9,W 4
2011,NYK,2010-12-06,7:30p,,Minnesota Timberwolves,W,,121,114,13,9,W 5
2011,NYK,2010-12-08,7:30p,,Toronto Raptors,W,,113,110,14,9,W 6
2011,NYK,2010-12-10,7:00p,@,Washington Wizards,W,,101,95,15,9,W 7
2011,NYK,2010-12-12,12:00p,,Denver Nuggets,W,,129,125,16,9,W 8
2011,NYK,2010-12-15,7:00p,,Boston Celtics,L,,116,118,16,10,L 1
2011,NYK,2010-12-17,7:00p,,Miami Heat,L,,91,113,16,11,L 2
2011,NYK,2010-12-18,7:30p,@,Cleveland Cavaliers,L,OT,102,109,16,12,L 3
2011,NYK,2010-12-22,7:30p,,Oklahoma City Thunder,W,,112,98,17,12,W 1
2011,NYK,2010-12-25,12:00p,,Chicago Bulls,W,,103,95,18,12,W 2
2011,NYK,2010-12-28,7:30p,@,Miami Heat,L,,98,106,18,13,L 1
2011,NYK,2010-12-30,7:00p,@,Orlando Magic,L,,103,112,18,14,L 2
2011,NYK,2011-01-02,1:00p,,Indiana Pacers,W,,98,92,19,14,W 1
2011,NYK,2011-01-04,7:30p,,San Antonio Spurs,W,,128,115,20,14,W 2
2011,NYK,2011-01-07,10:30p,@,Phoenix Suns,W,,121,96,21,14,W 3
2011,NYK,2011-01-09,9:30p,@,Los Angeles Lakers,L,,87,109,21,15,L 1
2011,NYK,2011-01-11,10:00p,@,Portland Trail Blazers,W,,100,86,22,15,W 1
2011,NYK,2011-01-12,9:00p,@,Utah Jazz,L,,125,131,22,16,L 1
2011,NYK,2011-01-14,7:30p,,Sacramento Kings,L,,83,93,22,17,L 2
2011,NYK,2011-01-17,1:00p,,Phoenix Suns,L,,121,129,22,18,L 3
2011,NYK,2011-01-19,8:30p,@,Houston Rockets,L,,89,104,22,19,L 4
2011,NYK,2011-01-21,8:00p,@,San Antonio Spurs,L,,92,101,22,20,L 5
2011,NYK,2011-01-22,8:00p,@,Oklahoma City Thunder,L,,98,101,22,21,L 6
2011,NYK,2011-01-24,7:30p,,Washington Wizards,W,,115,106,23,21,W 1
2011,NYK,2011-01-27,8:00p,,Miami Heat,W,,93,88,24,21,W 2
2011,NYK,2011-01-28,7:30p,@,Atlanta Hawks,L,,102,111,24,22,L 1
2011,NYK,2011-01-30,7:30p,,Detroit Pistons,W,,124,106,25,22,W 1
2011,NYK,2011-02-02,7:30p,,Dallas Mavericks,L,,97,113,25,23,L 1
2011,NYK,2011-02-04,7:00p,@,Philadelphia 76ers,L,,98,100,25,24,L 2
2011,NYK,2011-02-06,12:00p,,Philadelphia 76ers,W,,117,103,26,24,W 1
2011,NYK,2011-02-09,7:30p,,Los Angeles Clippers,L,,108,116,26,25,L 1
2011,NYK,2011-02-11,8:00p,,Los Angeles Lakers,L,,96,113,26,26,L 2
2011,NYK,2011-02-12,7:00p,@,New Jersey Nets,W,,105,95,27,26,W 1
2011,NYK,2011-02-16,7:30p,,Atlanta Hawks,W,,102,90,28,26,W 2
2011,NYK,2011-02-23,7:30p,,Milwaukee Bucks,W,,114,108,29,26,W 3
2011,NYK,2011-02-25,7:30p,@,Cleveland Cavaliers,L,,109,115,29,27,L 1
2011,NYK,2011-02-27,8:00p,@,Miami Heat,W,,91,86,30,27,W 1
2011,NYK,2011-03-01,7:00p,@,Orlando Magic,L,,110,116,30,28,L 1
2011,NYK,2011-03-02,7:30p,,New Orleans Hornets,W,,107,88,31,28,W 1
2011,NYK,2011-03-04,7:30p,,Cleveland Cavaliers,L,,115,119,31,29,L 1
2011,NYK,2011-03-06,6:30p,@,Atlanta Hawks,W,,92,79,32,29,W 1
2011,NYK,2011-03-07,7:30p,,Utah Jazz,W,,131,109,33,29,W 2
2011,NYK,2011-03-09,8:00p,@,Memphis Grizzlies,W,,110,108,34,29,W 3
2011,NYK,2011-03-10,9:30p,@,Dallas Mavericks,L,,109,127,34,30,L 1
2011,NYK,2011-03-13,6:00p,,Indiana Pacers,L,,93,106,34,31,L 2
2011,NYK,2011-03-15,7:00p,@,Indiana Pacers,L,,117,119,34,32,L 3
2011,NYK,2011-03-17,7:30p,,Memphis Grizzlies,W,,120,99,35,32,W 1
2011,NYK,2011-03-18,7:30p,@,Detroit Pistons,L,,95,99,35,33,L 1
2011,NYK,2011-03-20,3:00p,@,Milwaukee Bucks,L,,95,100,35,34,L 2
2011,NYK,2011-03-21,7:30p,,Boston Celtics,L,,86,96,35,35,L 3
2011,NYK,2011-03-23,8:00p,,Orlando Magic,L,,99,111,35,36,L 4
2011,NYK,2011-03-25,7:30p,,Milwaukee Bucks,L,,96,102,35,37,L 5
2011,NYK,2011-03-26,7:00p,@,Charlotte Bobcats,L,,106,114,35,38,L 6
2011,NYK,2011-03-28,7:30p,,Orlando Magic,W,OT,113,106,36,38,W 1
2011,NYK,2011-03-30,7:30p,,New Jersey Nets,W,,120,116,37,38,W 2
2011,NYK,2011-04-03,6:00p,,Cleveland Cavaliers,W,,123,107,38,38,W 3
2011,NYK,2011-04-05,7:30p,,Toronto Raptors,W,,131,118,39,38,W 4
2011,NYK,2011-04-06,7:00p,@,Philadelphia 76ers,W,,97,92,40,38,W 5
2011,NYK,2011-04-08,7:00p,@,New Jersey Nets,W,,116,93,41,38,W 6
2011,NYK,2011-04-10,7:00p,@,Indiana Pacers,W,,110,109,42,38,W 7
2011,NYK,2011-04-12,8:00p,,Chicago Bulls,L,,90,103,42,39,L 1
2011,NYK,2011-04-13,8:00p,@,Boston Celtics,L,,102,112,42,40,L 2
2011,NYK,2011-04-17,7:00p,@,Boston Celtics,L,,85,87,0,1,L 1
2011,NYK,2011-04-19,7:00p,@,Boston Celtics,L,,93,96,0,2,L 2
2011,NYK,2011-04-22,7:00p,,Boston Celtics,L,,96,113,0,3,L 3
2011,NYK,2011-04-24,3:30p,,Boston Celtics,L,,89,101,0,4,L 4
2011,OKC,2010-10-27,8:00p,,Chicago Bulls,W,,106,95,1,0,W 1
2011,OKC,2010-10-29,8:00p,@,Detroit Pistons,W,,105,104,2,0,W 2
2011,OKC,2010-10-31,7:00p,,Utah Jazz,L,,99,120,2,1,L 1
2011,OKC,2010-11-03,10:30p,@,Los Angeles Clippers,L,,92,107,2,2,L 2
2011,OKC,2010-11-04,10:30p,@,Portland Trail Blazers,W,OT,107,106,3,2,W 1
2011,OKC,2010-11-07,7:00p,,Boston Celtics,L,,83,92,3,3,L 1
2011,OKC,2010-11-10,8:00p,,Philadelphia 76ers,W,,109,103,4,3,W 1
2011,OKC,2010-11-12,9:30p,,Portland Trail Blazers,W,,110,108,5,3,W 2
2011,OKC,2010-11-14,7:00p,,San Antonio Spurs,L,,104,117,5,4,L 1
2011,OKC,2010-11-15,9:00p,@,Utah Jazz,W,,115,108,6,4,W 1
2011,OKC,2010-11-17,8:00p,,Houston Rockets,W,,116,99,7,4,W 2
2011,OKC,2010-11-19,7:00p,@,Boston Celtics,W,,89,84,8,4,W 3
2011,OKC,2010-11-20,8:30p,@,Milwaukee Bucks,W,,82,81,9,4,W 4
2011,OKC,2010-11-22,8:00p,,Minnesota Timberwolves,W,,117,107,10,4,W 5
2011,OKC,2010-11-24,8:00p,,Dallas Mavericks,L,,103,111,10,5,L 1
2011,OKC,2010-11-26,8:00p,@,Indiana Pacers,W,OT,110,106,11,5,W 1
2011,OKC,2010-11-28,7:00p,@,Houston Rockets,L,,98,99,11,6,L 1
2011,OKC,2010-11-29,8:00p,,New Orleans Hornets,W,,95,89,12,6,W 1
2011,OKC,2010-12-01,7:00p,@,New Jersey Nets,W,3OT,123,120,13,6,W 2
2011,OKC,2010-12-03,7:00p,@,Toronto Raptors,L,,99,111,13,7,L 1
2011,OKC,2010-12-05,7:00p,,Golden State Warriors,W,,114,109,14,7,W 1
2011,OKC,2010-12-06,8:00p,@,Chicago Bulls,L,,90,99,14,8,L 1
2011,OKC,2010-12-08,8:00p,@,Minnesota Timberwolves,W,,111,103,15,8,W 1
2011,OKC,2010-12-10,8:00p,@,New Orleans Hornets,W,,97,92,16,8,W 2
2011,OKC,2010-12-12,7:00p,,Cleveland Cavaliers,W,,106,77,17,8,W 3
2011,OKC,2010-12-15,8:00p,,Houston Rockets,W,,117,105,18,8,W 4
2011,OKC,2010-12-17,8:00p,,Sacramento Kings,W,,102,87,19,8,W 5
2011,OKC,2010-12-19,7:00p,,Phoenix Suns,L,,110,113,19,9,L 1
2011,OKC,2010-12-21,7:00p,@,Charlotte Bobcats,W,,99,81,20,9,W 1
2011,OKC,2010-12-22,7:30p,@,New York Knicks,L,,98,112,20,10,L 1
2011,OKC,2010-12-25,8:00p,,Denver Nuggets,W,,114,106,21,10,W 1
2011,OKC,2010-12-27,8:00p,,Dallas Mavericks,L,,93,103,21,11,L 1
2011,OKC,2010-12-29,8:00p,,New Jersey Nets,W,,114,93,22,11,W 1
2011,OKC,2010-12-31,8:00p,,Atlanta Hawks,W,,103,94,23,11,W 2
2011,OKC,2011-01-01,8:30p,@,San Antonio Spurs,L,,74,101,23,12,L 1
2011,OKC,2011-01-04,8:00p,@,Memphis Grizzlies,L,,105,110,23,13,L 2
2011,OKC,2011-01-06,8:00p,@,Dallas Mavericks,W,,99,95,24,13,W 1
2011,OKC,2011-01-08,8:00p,,Memphis Grizzlies,W,,109,100,25,13,W 2
2011,OKC,2011-01-12,8:30p,@,Houston Rockets,W,,118,112,26,13,W 3
2011,OKC,2011-01-13,8:00p,,Orlando Magic,W,,125,124,27,13,W 4
2011,OKC,2011-01-17,10:30p,@,Los Angeles Lakers,L,,94,101,27,14,L 1
2011,OKC,2011-01-19,9:00p,@,Denver Nuggets,L,,107,112,27,15,L 2
2011,OKC,2011-01-22,8:00p,,New York Knicks,W,,101,98,28,15,W 1
2011,OKC,2011-01-24,8:00p,@,New Orleans Hornets,L,,89,91,28,16,L 1
2011,OKC,2011-01-26,8:00p,@,Minnesota Timberwolves,W,OT,118,117,29,16,W 1
2011,OKC,2011-01-28,8:00p,,Washington Wizards,W,2OT,124,117,30,16,W 2
2011,OKC,2011-01-30,1:00p,,Miami Heat,L,,103,108,30,17,L 1
2011,OKC,2011-02-02,8:00p,,New Orleans Hornets,W,,104,93,31,17,W 1
2011,OKC,2011-02-04,9:00p,@,Phoenix Suns,W,,111,107,32,17,W 2
2011,OKC,2011-02-05,9:00p,@,Utah Jazz,W,,121,105,33,17,W 3
2011,OKC,2011-02-08,8:00p,,Memphis Grizzlies,L,OT,101,105,33,18,L 1
2011,OKC,2011-02-12,10:00p,@,Sacramento Kings,W,,99,97,34,18,W 1
2011,OKC,2011-02-13,8:00p,@,Golden State Warriors,L,,94,100,34,19,L 1
2011,OKC,2011-02-15,8:00p,,Sacramento Kings,W,,126,96,35,19,W 1
2011,OKC,2011-02-22,8:00p,,Los Angeles Clippers,W,,111,88,36,19,W 2
2011,OKC,2011-02-23,7:00p,@,San Antonio Spurs,L,,105,109,36,20,L 1
2011,OKC,2011-02-25,8:00p,@,Orlando Magic,L,,88,111,36,21,L 2
2011,OKC,2011-02-27,2:30p,,Los Angeles Lakers,L,,87,90,36,22,L 3
2011,OKC,2011-03-02,8:00p,,Indiana Pacers,W,,113,89,37,22,W 1
2011,OKC,2011-03-04,7:30p,@,Atlanta Hawks,W,,111,104,38,22,W 2
2011,OKC,2011-03-06,7:00p,,Phoenix Suns,W,OT,122,118,39,22,W 3
2011,OKC,2011-03-07,8:00p,@,Memphis Grizzlies,L,,101,107,39,23,L 1
2011,OKC,2011-03-09,7:00p,@,Philadelphia 76ers,W,OT,110,105,40,23,W 1
2011,OKC,2011-03-11,8:00p,,Detroit Pistons,W,,104,94,41,23,W 2
2011,OKC,2011-03-13,1:00p,@,Cleveland Cavaliers,W,,95,75,42,23,W 3
2011,OKC,2011-03-14,7:00p,@,Washington Wizards,W,,116,89,43,23,W 4
2011,OKC,2011-03-16,8:00p,@,Miami Heat,W,,96,85,44,23,W 5
2011,OKC,2011-03-18,8:00p,,Charlotte Bobcats,W,,99,82,45,23,W 6
2011,OKC,2011-03-20,7:00p,,Toronto Raptors,L,,93,95,45,24,L 1
2011,OKC,2011-03-23,8:00p,,Utah Jazz,W,,106,94,46,24,W 1
2011,OKC,2011-03-25,8:00p,,Minnesota Timberwolves,W,,111,103,47,24,W 2
2011,OKC,2011-03-27,8:00p,,Portland Trail Blazers,W,,99,90,48,24,W 3
2011,OKC,2011-03-29,8:00p,,Golden State Warriors,W,OT,115,114,49,24,W 4
2011,OKC,2011-03-30,10:00p,@,Phoenix Suns,W,,116,98,50,24,W 5
2011,OKC,2011-04-01,10:00p,@,Portland Trail Blazers,L,,91,98,50,25,L 1
2011,OKC,2011-04-02,10:30p,@,Los Angeles Clippers,L,,92,98,50,26,L 2
2011,OKC,2011-04-05,9:00p,@,Denver Nuggets,W,,101,94,51,26,W 1
2011,OKC,2011-04-06,8:00p,,Los Angeles Clippers,W,,112,108,52,26,W 2
2011,OKC,2011-04-08,8:00p,,Denver Nuggets,W,,104,89,53,26,W 3
2011,OKC,2011-04-10,9:30p,@,Los Angeles Lakers,W,,120,106,54,26,W 4
2011,OKC,2011-04-11,10:00p,@,Sacramento Kings,W,,120,112,55,26,W 5
2011,OKC,2011-04-13,8:00p,,Milwaukee Bucks,L,OT,106,110,55,27,L 1
2011,OKC,2011-04-17,9:30p,,Denver Nuggets,W,,107,103,1,0,W 1
2011,OKC,2011-04-20,8:00p,,Denver Nuggets,W,,106,89,2,0,W 2
2011,OKC,2011-04-23,10:00p,@,Denver Nuggets,W,,97,94,3,0,W 3
2011,OKC,2011-04-25,10:30p,@,Denver Nuggets,L,,101,104,3,1,L 1
2011,OKC,2011-04-27,9:30p,,Denver Nuggets,W,,100,97,4,1,W 1
2011,OKC,2011-05-01,1:00p,,Memphis Grizzlies,L,,101,114,4,2,L 1
2011,OKC,2011-05-03,9:30p,,Memphis Grizzlies,W,,111,102,5,2,W 1
2011,OKC,2011-05-07,5:00p,@,Memphis Grizzlies,L,OT,93,101,5,3,L 1
2011,OKC,2011-05-09,9:30p,@,Memphis Grizzlies,W,3OT,133,123,6,3,W 1
2011,OKC,2011-05-11,9:30p,,Memphis Grizzlies,W,,99,72,7,3,W 2
2011,OKC,2011-05-13,9:00p,@,Memphis Grizzlies,L,,83,95,7,4,L 1
2011,OKC,2011-05-15,3:30p,,Memphis Grizzlies,W,,105,90,8,4,W 1
2011,OKC,2011-05-17,9:00p,@,Dallas Mavericks,L,,112,121,8,5,L 1
2011,OKC,2011-05-19,9:00p,@,Dallas Mavericks,W,,106,100,9,5,W 1
2011,OKC,2011-05-21,9:00p,,Dallas Mavericks,L,,87,93,9,6,L 1
2011,OKC,2011-05-23,9:00p,,Dallas Mavericks,L,OT,105,112,9,7,L 2
2011,OKC,2011-05-25,9:00p,@,Dallas Mavericks,L,,96,100,9,8,L 3
2011,ORL,2010-10-28,8:00p,,Washington Wizards,W,,112,83,1,0,W 1
2011,ORL,2010-10-29,8:00p,@,Miami Heat,L,,70,96,1,1,L 1
2011,ORL,2010-11-03,7:00p,,Minnesota Timberwolves,W,,128,86,2,1,W 1
2011,ORL,2010-11-05,7:00p,,New Jersey Nets,W,,105,90,3,1,W 2
2011,ORL,2010-11-06,7:00p,@,Charlotte Bobcats,W,,91,88,4,1,W 3
2011,ORL,2010-11-08,7:00p,,Atlanta Hawks,W,,93,89,5,1,W 4
2011,ORL,2010-11-10,7:00p,,Utah Jazz,L,,94,104,5,2,L 1
2011,ORL,2010-11-12,7:00p,,Toronto Raptors,L,,106,110,5,3,L 2
2011,ORL,2010-11-13,7:00p,@,New Jersey Nets,W,,91,90,6,3,W 1
2011,ORL,2010-11-15,7:00p,,Memphis Grizzlies,W,,89,72,7,3,W 2
2011,ORL,2010-11-18,8:00p,,Phoenix Suns,W,,105,89,8,3,W 3
2011,ORL,2010-11-20,7:00p,@,Indiana Pacers,W,,90,86,9,3,W 4
2011,ORL,2010-11-22,8:30p,@,San Antonio Spurs,L,,97,106,9,4,L 1
2011,ORL,2010-11-24,7:30p,,Miami Heat,W,,104,95,10,4,W 1
2011,ORL,2010-11-26,7:00p,,Cleveland Cavaliers,W,,111,100,11,4,W 2
2011,ORL,2010-11-27,7:00p,@,Washington Wizards,W,,100,99,12,4,W 3
2011,ORL,2010-11-30,7:00p,,Detroit Pistons,W,,90,79,13,4,W 4
2011,ORL,2010-12-01,8:00p,@,Chicago Bulls,W,,107,78,14,4,W 5
2011,ORL,2010-12-03,7:30p,@,Detroit Pistons,W,,104,91,15,4,W 6
2011,ORL,2010-12-04,8:30p,@,Milwaukee Bucks,L,,85,96,15,5,L 1
2011,ORL,2010-12-06,7:00p,,Atlanta Hawks,L,,74,80,15,6,L 2
2011,ORL,2010-12-09,10:30p,@,Portland Trail Blazers,L,,83,97,15,7,L 3
2011,ORL,2010-12-10,9:00p,@,Utah Jazz,L,,105,117,15,8,L 4
2011,ORL,2010-12-12,9:30p,@,Los Angeles Clippers,W,,94,85,16,8,W 1
2011,ORL,2010-12-14,9:00p,@,Denver Nuggets,L,,94,111,16,9,L 1
2011,ORL,2010-12-18,7:00p,,Philadelphia 76ers,L,,89,97,16,10,L 2
2011,ORL,2010-12-20,7:00p,@,Atlanta Hawks,L,,81,91,16,11,L 3
2011,ORL,2010-12-21,7:00p,,Dallas Mavericks,L,,99,105,16,12,L 4
2011,ORL,2010-12-23,8:00p,,San Antonio Spurs,W,,123,101,17,12,W 1
2011,ORL,2010-12-25,2:30p,,Boston Celtics,W,,86,78,18,12,W 2
2011,ORL,2010-12-27,7:00p,@,New Jersey Nets,W,,104,88,19,12,W 3
2011,ORL,2010-12-28,7:00p,@,Cleveland Cavaliers,W,,110,95,20,12,W 4
2011,ORL,2010-12-30,7:00p,,New York Knicks,W,,112,103,21,12,W 5
2011,ORL,2011-01-03,7:00p,,Golden State Warriors,W,,110,90,22,12,W 6
2011,ORL,2011-01-05,7:00p,,Milwaukee Bucks,W,,97,87,23,12,W 7
2011,ORL,2011-01-07,8:00p,,Houston Rockets,W,,110,95,24,12,W 8
2011,ORL,2011-01-08,8:30p,@,Dallas Mavericks,W,,117,107,25,12,W 9
2011,ORL,2011-01-12,8:00p,@,New Orleans Hornets,L,OT,89,92,25,13,L 1
2011,ORL,2011-01-13,8:00p,@,Oklahoma City Thunder,L,,124,125,25,14,L 2
2011,ORL,2011-01-15,8:00p,@,Minnesota Timberwolves,W,,108,99,26,14,W 1
2011,ORL,2011-01-17,8:00p,@,Boston Celtics,L,,106,109,26,15,L 1
2011,ORL,2011-01-19,7:00p,,Philadelphia 76ers,W,OT,99,98,27,15,W 1
2011,ORL,2011-01-21,7:00p,,Toronto Raptors,W,,112,72,28,15,W 2
2011,ORL,2011-01-22,8:30p,@,Houston Rockets,W,,118,104,29,15,W 3
2011,ORL,2011-01-24,7:00p,,Detroit Pistons,L,,96,103,29,16,L 1
2011,ORL,2011-01-26,7:00p,@,Indiana Pacers,W,,111,96,30,16,W 1
2011,ORL,2011-01-28,8:00p,@,Chicago Bulls,L,,90,99,30,17,L 1
2011,ORL,2011-01-30,6:00p,,Cleveland Cavaliers,W,,103,87,31,17,W 1
2011,ORL,2011-01-31,8:00p,@,Memphis Grizzlies,L,,97,100,31,18,L 1
2011,ORL,2011-02-03,8:00p,,Miami Heat,L,,100,104,31,19,L 2
2011,ORL,2011-02-04,7:00p,@,Washington Wizards,W,,110,92,32,19,W 1
2011,ORL,2011-02-06,2:30p,@,Boston Celtics,L,,80,91,32,20,L 1
2011,ORL,2011-02-08,7:00p,,Los Angeles Clippers,W,,101,85,33,20,W 1
2011,ORL,2011-02-09,7:00p,@,Philadelphia 76ers,W,,99,95,34,20,W 2
2011,ORL,2011-02-11,7:00p,,New Orleans Hornets,L,,93,99,34,21,L 1
2011,ORL,2011-02-13,3:30p,,Los Angeles Lakers,W,,89,75,35,21,W 1
2011,ORL,2011-02-16,7:00p,,Washington Wizards,W,,101,76,36,21,W 2
2011,ORL,2011-02-23,7:00p,,Sacramento Kings,L,,105,111,36,22,L 1
2011,ORL,2011-02-25,8:00p,,Oklahoma City Thunder,W,,111,88,37,22,W 1
2011,ORL,2011-02-27,6:00p,,Charlotte Bobcats,W,,100,86,38,22,W 2
2011,ORL,2011-03-01,7:00p,,New York Knicks,W,,116,110,39,22,W 3
2011,ORL,2011-03-03,8:00p,@,Miami Heat,W,,99,96,40,22,W 4
2011,ORL,2011-03-04,7:00p,,Chicago Bulls,L,,81,89,40,23,L 1
2011,ORL,2011-03-07,7:00p,,Portland Trail Blazers,L,,85,89,40,24,L 2
2011,ORL,2011-03-09,10:00p,@,Sacramento Kings,W,,106,102,41,24,W 1
2011,ORL,2011-03-11,10:30p,@,Golden State Warriors,L,OT,120,123,41,25,L 1
2011,ORL,2011-03-13,3:30p,@,Phoenix Suns,W,,111,88,42,25,W 1
2011,ORL,2011-03-14,10:30p,@,Los Angeles Lakers,L,,84,97,42,26,L 1
2011,ORL,2011-03-16,8:00p,@,Milwaukee Bucks,W,OT,93,89,43,26,W 1
2011,ORL,2011-03-18,7:00p,,Denver Nuggets,W,,85,82,44,26,W 2
2011,ORL,2011-03-21,7:00p,@,Cleveland Cavaliers,W,,97,86,45,26,W 3
2011,ORL,2011-03-23,8:00p,@,New York Knicks,W,,111,99,46,26,W 4
2011,ORL,2011-03-25,7:00p,,New Jersey Nets,W,,95,85,47,26,W 5
2011,ORL,2011-03-28,7:30p,@,New York Knicks,L,OT,106,113,47,27,L 1
2011,ORL,2011-03-30,7:00p,@,Atlanta Hawks,L,,82,85,47,28,L 2
2011,ORL,2011-04-01,7:00p,,Charlotte Bobcats,W,,89,77,48,28,W 1
2011,ORL,2011-04-03,6:00p,@,Toronto Raptors,L,,98,102,48,29,L 1
2011,ORL,2011-04-05,7:00p,,Milwaukee Bucks,W,,78,72,49,29,W 1
2011,ORL,2011-04-06,7:00p,@,Charlotte Bobcats,W,OT,111,102,50,29,W 2
2011,ORL,2011-04-10,1:00p,,Chicago Bulls,L,,99,102,50,30,L 1
2011,ORL,2011-04-11,7:00p,@,Philadelphia 76ers,W,,95,85,51,30,W 1
2011,ORL,2011-04-13,8:00p,,Indiana Pacers,W,,92,74,52,30,W 2
2011,ORL,2011-04-16,7:00p,,Atlanta Hawks,L,,93,103,0,1,L 1
2011,ORL,2011-04-19,7:30p,,Atlanta Hawks,W,,88,82,1,1,W 1
2011,ORL,2011-04-22,8:00p,@,Atlanta Hawks,L,,84,88,1,2,L 1
2011,ORL,2011-04-24,7:00p,@,Atlanta Hawks,L,,85,88,1,3,L 2
2011,ORL,2011-04-26,7:30p,,Atlanta Hawks,W,,101,76,2,3,W 1
2011,ORL,2011-04-28,7:30p,@,Atlanta Hawks,L,,81,84,2,4,L 1
2011,PHI,2010-10-27,7:00p,,Miami Heat,L,,87,97,0,1,L 1
2011,PHI,2010-10-29,7:00p,,Atlanta Hawks,L,,101,104,0,2,L 2
2011,PHI,2010-10-30,8:00p,@,Indiana Pacers,L,,86,99,0,3,L 3
2011,PHI,2010-11-02,7:00p,@,Washington Wizards,L,OT,115,116,0,4,L 4
2011,PHI,2010-11-03,7:00p,,Indiana Pacers,W,,101,75,1,4,W 1
2011,PHI,2010-11-05,7:00p,,Cleveland Cavaliers,L,,116,123,1,5,L 1
2011,PHI,2010-11-07,12:00p,@,New York Knicks,W,,106,96,2,5,W 1
2011,PHI,2010-11-10,8:00p,@,Oklahoma City Thunder,L,,103,109,2,6,L 1
2011,PHI,2010-11-12,8:30p,@,Dallas Mavericks,L,,90,99,2,7,L 2
2011,PHI,2010-11-13,8:30p,@,San Antonio Spurs,L,,93,116,2,8,L 3
2011,PHI,2010-11-16,7:00p,@,Cleveland Cavaliers,L,,93,101,2,9,L 4
2011,PHI,2010-11-17,7:00p,,Toronto Raptors,L,,86,94,2,10,L 5
2011,PHI,2010-11-19,7:00p,,Milwaukee Bucks,W,,90,79,3,10,W 1
2011,PHI,2010-11-23,7:00p,@,Washington Wizards,L,OT,114,116,3,11,L 1
2011,PHI,2010-11-24,7:00p,@,Toronto Raptors,L,,90,106,3,12,L 2
2011,PHI,2010-11-26,7:30p,@,Miami Heat,L,,90,99,3,13,L 3
2011,PHI,2010-11-27,7:30p,,New Jersey Nets,W,,102,86,4,13,W 1
2011,PHI,2010-11-30,7:00p,,Portland Trail Blazers,W,,88,79,5,13,W 2
2011,PHI,2010-12-03,7:30p,@,Atlanta Hawks,L,,88,93,5,14,L 1
2011,PHI,2010-12-04,7:30p,,Charlotte Bobcats,W,,109,91,6,14,W 1
2011,PHI,2010-12-07,7:00p,,Cleveland Cavaliers,W,,117,97,7,14,W 2
2011,PHI,2010-12-09,8:00p,,Boston Celtics,L,,101,102,7,15,L 1
2011,PHI,2010-12-12,12:00p,,New Orleans Hornets,W,,88,70,8,15,W 1
2011,PHI,2010-12-14,7:00p,@,New Jersey Nets,W,,82,77,9,15,W 2
2011,PHI,2010-12-15,7:00p,,Los Angeles Clippers,W,,105,91,10,15,W 3
2011,PHI,2010-12-17,7:00p,,Los Angeles Lakers,L,,81,93,10,16,L 1
2011,PHI,2010-12-18,7:00p,@,Orlando Magic,W,,97,89,11,16,W 1
2011,PHI,2010-12-21,8:00p,@,Chicago Bulls,L,,76,121,11,17,L 1
2011,PHI,2010-12-22,7:30p,@,Boston Celtics,L,,80,84,11,18,L 2
2011,PHI,2010-12-26,8:00p,@,Denver Nuggets,W,,95,89,12,18,W 1
2011,PHI,2010-12-27,10:30p,@,Golden State Warriors,L,,95,110,12,19,L 1
2011,PHI,2010-12-29,9:00p,@,Phoenix Suns,W,,123,110,13,19,W 1
2011,PHI,2010-12-31,10:30p,@,Los Angeles Lakers,L,,98,102,13,20,L 1
2011,PHI,2011-01-03,8:00p,@,New Orleans Hornets,L,,77,84,13,21,L 2
2011,PHI,2011-01-05,7:00p,,Washington Wizards,W,,109,97,14,21,W 1
2011,PHI,2011-01-07,7:00p,,Chicago Bulls,W,,105,99,15,21,W 2
2011,PHI,2011-01-08,7:30p,@,Detroit Pistons,L,OT,109,112,15,22,L 1
2011,PHI,2011-01-11,7:00p,,Indiana Pacers,L,,103,111,15,23,L 2
2011,PHI,2011-01-14,7:00p,,Milwaukee Bucks,W,,95,94,16,23,W 1
2011,PHI,2011-01-17,2:00p,,Charlotte Bobcats,W,OT,96,92,17,23,W 2
2011,PHI,2011-01-19,7:00p,@,Orlando Magic,L,OT,98,99,17,24,L 1
2011,PHI,2011-01-20,7:00p,@,Charlotte Bobcats,L,,97,100,17,25,L 2
2011,PHI,2011-01-22,7:30p,,Utah Jazz,W,,96,85,18,25,W 1
2011,PHI,2011-01-24,7:00p,,Phoenix Suns,W,,105,95,19,25,W 2
2011,PHI,2011-01-26,7:00p,@,Toronto Raptors,W,,107,94,20,25,W 3
2011,PHI,2011-01-28,7:00p,,Memphis Grizzlies,L,,94,99,20,26,L 1
2011,PHI,2011-01-30,6:00p,,Denver Nuggets,W,,110,99,21,26,W 1
2011,PHI,2011-02-02,7:00p,@,New Jersey Nets,W,,106,92,22,26,W 2
2011,PHI,2011-02-04,7:00p,,New York Knicks,W,,100,98,23,26,W 3
2011,PHI,2011-02-06,12:00p,@,New York Knicks,L,,103,117,23,27,L 1
2011,PHI,2011-02-08,7:00p,@,Atlanta Hawks,W,,117,83,24,27,W 1
2011,PHI,2011-02-09,7:00p,,Orlando Magic,L,,95,99,24,28,L 1
2011,PHI,2011-02-11,7:00p,,San Antonio Spurs,W,,77,71,25,28,W 1
2011,PHI,2011-02-12,8:00p,@,Minnesota Timberwolves,W,,107,87,26,28,W 2
2011,PHI,2011-02-15,8:00p,@,Memphis Grizzlies,L,,91,102,26,29,L 1
2011,PHI,2011-02-16,8:30p,@,Houston Rockets,W,,114,105,27,29,W 1
2011,PHI,2011-02-23,7:00p,,Washington Wizards,W,,117,94,28,29,W 2
2011,PHI,2011-02-25,7:00p,,Detroit Pistons,W,,110,94,29,29,W 3
2011,PHI,2011-02-27,5:00p,@,Cleveland Cavaliers,W,,95,91,30,29,W 4
2011,PHI,2011-03-01,7:00p,,Dallas Mavericks,L,,93,101,30,30,L 1
2011,PHI,2011-03-04,7:00p,,Minnesota Timberwolves,W,,111,100,31,30,W 1
2011,PHI,2011-03-06,6:00p,,Golden State Warriors,W,OT,125,117,32,30,W 2
2011,PHI,2011-03-08,7:00p,@,Indiana Pacers,W,,110,100,33,30,W 3
2011,PHI,2011-03-09,7:00p,,Oklahoma City Thunder,L,OT,105,110,33,31,L 1
2011,PHI,2011-03-11,7:00p,,Boston Celtics,W,,89,86,34,31,W 1
2011,PHI,2011-03-12,8:00p,@,Milwaukee Bucks,L,,74,102,34,32,L 1
2011,PHI,2011-03-14,9:00p,@,Utah Jazz,L,OT,107,112,34,33,L 2
2011,PHI,2011-03-16,10:30p,@,Los Angeles Clippers,W,,104,94,35,33,W 1
2011,PHI,2011-03-18,10:00p,@,Sacramento Kings,W,,102,80,36,33,W 2
2011,PHI,2011-03-19,10:00p,@,Portland Trail Blazers,L,,101,110,36,34,L 1
2011,PHI,2011-03-23,7:00p,,Atlanta Hawks,W,,105,100,37,34,W 1
2011,PHI,2011-03-25,7:30p,@,Miami Heat,L,,99,111,37,35,L 1
2011,PHI,2011-03-27,12:00p,,Sacramento Kings,L,OT,111,114,37,36,L 2
2011,PHI,2011-03-28,8:00p,@,Chicago Bulls,W,,97,85,38,36,W 1
2011,PHI,2011-03-30,7:00p,,Houston Rockets,W,,108,97,39,36,W 2
2011,PHI,2011-04-01,7:00p,,New Jersey Nets,W,,115,90,40,36,W 3
2011,PHI,2011-04-02,8:30p,@,Milwaukee Bucks,L,OT,87,93,40,37,L 1
2011,PHI,2011-04-05,7:30p,@,Boston Celtics,L,,82,99,40,38,L 2
2011,PHI,2011-04-06,7:00p,,New York Knicks,L,,92,97,40,39,L 3
2011,PHI,2011-04-08,7:00p,,Toronto Raptors,W,,98,93,41,39,W 1
2011,PHI,2011-04-11,7:00p,,Orlando Magic,L,,85,95,41,40,L 1
2011,PHI,2011-04-13,8:00p,,Detroit Pistons,L,,100,104,41,41,L 2
2011,PHI,2011-04-16,3:30p,@,Miami Heat,L,,89,97,0,1,L 1
2011,PHI,2011-04-18,7:00p,@,Miami Heat,L,,73,94,0,2,L 2
2011,PHI,2011-04-21,8:00p,,Miami Heat,L,,94,100,0,3,L 3
2011,PHI,2011-04-24,1:00p,,Miami Heat,W,,86,82,1,3,W 1
2011,PHI,2011-04-27,7:00p,@,Miami Heat,L,,91,97,1,4,L 1
2011,PHO,2010-10-26,10:00p,@,Portland Trail Blazers,L,,92,106,0,1,L 1
2011,PHO,2010-10-28,10:30p,@,Utah Jazz,W,,110,94,1,1,W 1
2011,PHO,2010-10-29,10:30p,,Los Angeles Lakers,L,,106,114,1,2,L 1
2011,PHO,2010-11-03,10:00p,,San Antonio Spurs,L,,110,112,1,3,L 2
2011,PHO,2010-11-05,10:00p,,Memphis Grizzlies,W,2OT,123,118,2,3,W 1
2011,PHO,2010-11-07,5:00p,@,Atlanta Hawks,W,,118,114,3,3,W 2
2011,PHO,2010-11-08,8:00p,@,Memphis Grizzlies,L,,99,109,3,4,L 1
2011,PHO,2010-11-12,9:00p,,Sacramento Kings,W,,103,89,4,4,W 1
2011,PHO,2010-11-14,9:30p,@,Los Angeles Lakers,W,,121,116,5,4,W 2
2011,PHO,2010-11-15,9:00p,,Denver Nuggets,W,,100,94,6,4,W 3
2011,PHO,2010-11-17,7:00p,@,Miami Heat,L,,96,123,6,5,L 1
2011,PHO,2010-11-18,8:00p,@,Orlando Magic,L,,89,105,6,6,L 2
2011,PHO,2010-11-20,7:00p,@,Charlotte Bobcats,L,,105,123,6,7,L 3
2011,PHO,2010-11-22,8:30p,@,Houston Rockets,W,,123,116,7,7,W 1
2011,PHO,2010-11-24,9:00p,,Chicago Bulls,L,2OT,115,123,7,8,L 1
2011,PHO,2010-11-26,9:00p,,Los Angeles Clippers,W,,116,108,8,8,W 1
2011,PHO,2010-11-28,8:00p,@,Denver Nuggets,L,,133,138,8,9,L 1
2011,PHO,2010-12-02,10:30p,@,Golden State Warriors,W,,107,101,9,9,W 1
2011,PHO,2010-12-03,9:00p,,Indiana Pacers,W,,105,97,10,9,W 2
2011,PHO,2010-12-05,8:00p,,Washington Wizards,W,,125,108,11,9,W 3
2011,PHO,2010-12-07,10:00p,@,Portland Trail Blazers,L,,99,106,11,10,L 1
2011,PHO,2010-12-08,9:00p,,Memphis Grizzlies,L,OT,98,104,11,11,L 2
2011,PHO,2010-12-10,9:00p,,Portland Trail Blazers,L,,94,101,11,12,L 3
2011,PHO,2010-12-15,9:00p,,Minnesota Timberwolves,W,,128,122,12,12,W 1
2011,PHO,2010-12-17,9:30p,@,Dallas Mavericks,L,,91,106,12,13,L 1
2011,PHO,2010-12-19,7:00p,@,Oklahoma City Thunder,W,,113,110,13,13,W 1
2011,PHO,2010-12-20,8:30p,@,San Antonio Spurs,L,,110,118,13,14,L 1
2011,PHO,2010-12-23,10:30p,,Miami Heat,L,,83,95,13,15,L 2
2011,PHO,2010-12-26,3:00p,@,Los Angeles Clippers,L,,103,108,13,16,L 3
2011,PHO,2010-12-29,9:00p,,Philadelphia 76ers,L,,110,123,13,17,L 4
2011,PHO,2010-12-31,9:00p,,Detroit Pistons,W,,92,75,14,17,W 1
2011,PHO,2011-01-02,9:00p,@,Sacramento Kings,L,,89,94,14,18,L 1
2011,PHO,2011-01-05,10:30p,,Los Angeles Lakers,L,,95,99,14,19,L 2
2011,PHO,2011-01-07,10:30p,,New York Knicks,L,,96,121,14,20,L 3
2011,PHO,2011-01-09,8:00p,,Cleveland Cavaliers,W,,108,100,15,20,W 1
2011,PHO,2011-01-11,9:00p,@,Denver Nuggets,L,,98,132,15,21,L 1
2011,PHO,2011-01-12,9:00p,,New Jersey Nets,W,OT,118,109,16,21,W 1
2011,PHO,2011-01-14,10:30p,,Portland Trail Blazers,W,,115,111,17,21,W 2
2011,PHO,2011-01-17,1:00p,@,New York Knicks,W,,129,121,18,21,W 3
2011,PHO,2011-01-19,7:00p,@,Cleveland Cavaliers,W,,106,98,19,21,W 4
2011,PHO,2011-01-21,7:00p,@,Washington Wizards,W,,109,91,20,21,W 5
2011,PHO,2011-01-22,7:30p,@,Detroit Pistons,L,,74,75,20,22,L 1
2011,PHO,2011-01-24,7:00p,@,Philadelphia 76ers,L,,95,105,20,23,L 2
2011,PHO,2011-01-26,9:00p,,Charlotte Bobcats,L,,107,114,20,24,L 3
2011,PHO,2011-01-28,10:30p,,Boston Celtics,W,,88,71,21,24,W 1
2011,PHO,2011-01-30,8:00p,,New Orleans Hornets,W,,104,102,22,24,W 2
2011,PHO,2011-02-02,9:00p,,Milwaukee Bucks,W,,92,77,23,24,W 3
2011,PHO,2011-02-04,9:00p,,Oklahoma City Thunder,L,,107,111,23,25,L 1
2011,PHO,2011-02-07,10:30p,@,Golden State Warriors,W,,104,92,24,25,W 1
2011,PHO,2011-02-10,9:00p,,Golden State Warriors,W,,112,88,25,25,W 2
2011,PHO,2011-02-11,10:30p,@,Utah Jazz,W,,95,83,26,25,W 3
2011,PHO,2011-02-13,8:00p,,Sacramento Kings,L,,108,113,26,26,L 1
2011,PHO,2011-02-15,9:00p,,Utah Jazz,W,,102,101,27,26,W 1
2011,PHO,2011-02-17,10:30p,,Dallas Mavericks,L,,106,112,27,27,L 1
2011,PHO,2011-02-23,9:00p,,Atlanta Hawks,W,,105,97,28,27,W 1
2011,PHO,2011-02-25,7:00p,@,Toronto Raptors,W,,110,92,29,27,W 2
2011,PHO,2011-02-27,12:00p,@,Indiana Pacers,W,OT,110,108,30,27,W 3
2011,PHO,2011-02-28,7:00p,@,New Jersey Nets,W,OT,104,103,31,27,W 4
2011,PHO,2011-03-02,7:30p,@,Boston Celtics,L,,103,115,31,28,L 1
2011,PHO,2011-03-04,8:30p,@,Milwaukee Bucks,W,,102,88,32,28,W 1
2011,PHO,2011-03-06,7:00p,@,Oklahoma City Thunder,L,OT,118,122,32,29,L 1
2011,PHO,2011-03-08,9:00p,,Houston Rockets,W,,113,110,33,29,W 1
2011,PHO,2011-03-10,10:30p,,Denver Nuggets,L,,97,116,33,30,L 1
2011,PHO,2011-03-13,3:30p,,Orlando Magic,L,,88,111,33,31,L 2
2011,PHO,2011-03-14,8:30p,@,Houston Rockets,L,,93,95,33,32,L 3
2011,PHO,2011-03-16,8:00p,@,New Orleans Hornets,L,,95,100,33,33,L 4
2011,PHO,2011-03-18,10:00p,,Golden State Warriors,W,,108,97,34,33,W 1
2011,PHO,2011-03-20,3:30p,@,Los Angeles Clippers,W,,108,99,35,33,W 2
2011,PHO,2011-03-22,10:30p,@,Los Angeles Lakers,L,3OT,137,139,35,34,L 1
2011,PHO,2011-03-23,10:00p,,Toronto Raptors,W,,114,106,36,34,W 1
2011,PHO,2011-03-25,10:00p,,New Orleans Hornets,L,,100,106,36,35,L 1
2011,PHO,2011-03-27,10:30p,,Dallas Mavericks,L,,83,91,36,36,L 2
2011,PHO,2011-03-29,10:00p,@,Sacramento Kings,L,,113,116,36,37,L 3
2011,PHO,2011-03-30,10:00p,,Oklahoma City Thunder,L,,98,116,36,38,L 4
2011,PHO,2011-04-01,10:00p,,Los Angeles Clippers,W,,111,98,37,38,W 1
2011,PHO,2011-04-03,1:00p,@,San Antonio Spurs,L,,97,114,37,39,L 1
2011,PHO,2011-04-05,8:00p,@,Chicago Bulls,L,,94,97,37,40,L 2
2011,PHO,2011-04-06,8:00p,@,Minnesota Timberwolves,W,,108,98,38,40,W 1
2011,PHO,2011-04-08,8:00p,@,New Orleans Hornets,L,,97,109,38,41,L 1
2011,PHO,2011-04-10,7:30p,@,Dallas Mavericks,L,,90,115,38,42,L 2
2011,PHO,2011-04-11,10:00p,,Minnesota Timberwolves,W,OT,135,127,39,42,W 1
2011,PHO,2011-04-13,10:30p,,San Antonio Spurs,W,,106,103,40,42,W 2
2011,POR,2010-10-26,10:00p,,Phoenix Suns,W,,106,92,1,0,W 1
2011,POR,2010-10-27,10:30p,@,Los Angeles Clippers,W,,98,88,2,0,W 2
2011,POR,2010-10-30,7:30p,@,New York Knicks,W,,100,95,3,0,W 3
2011,POR,2010-11-01,8:00p,@,Chicago Bulls,L,,98,110,3,1,L 1
2011,POR,2010-11-02,8:00p,@,Milwaukee Bucks,W,,90,76,4,1,W 1
2011,POR,2010-11-04,10:30p,,Oklahoma City Thunder,L,OT,106,107,4,2,L 1
2011,POR,2010-11-06,10:00p,,Toronto Raptors,W,,97,84,5,2,W 1
2011,POR,2010-11-07,9:30p,@,Los Angeles Lakers,L,,96,121,5,3,L 1
2011,POR,2010-11-09,10:00p,,Detroit Pistons,W,,100,78,6,3,W 1
2011,POR,2010-11-12,9:30p,@,Oklahoma City Thunder,L,,108,110,6,4,L 1
2011,POR,2010-11-13,8:00p,@,New Orleans Hornets,L,,87,107,6,5,L 2
2011,POR,2010-11-16,8:00p,@,Memphis Grizzlies,W,,100,99,7,5,W 1
2011,POR,2010-11-18,10:30p,,Denver Nuggets,W,,86,83,8,5,W 2
2011,POR,2010-11-20,10:00p,,Utah Jazz,L,,94,103,8,6,L 1
2011,POR,2010-11-26,10:00p,,New Orleans Hornets,L,,78,97,8,7,L 2
2011,POR,2010-11-28,7:00p,@,New Jersey Nets,L,,96,98,8,8,L 3
2011,POR,2010-11-30,7:00p,@,Philadelphia 76ers,L,,79,88,8,9,L 4
2011,POR,2010-12-01,7:30p,@,Boston Celtics,L,,95,99,8,10,L 5
2011,POR,2010-12-03,7:00p,@,Washington Wizards,L,,79,83,8,11,L 6
2011,POR,2010-12-05,9:00p,,Los Angeles Clippers,W,,100,91,9,11,W 1
2011,POR,2010-12-07,10:00p,,Phoenix Suns,W,,106,99,10,11,W 2
2011,POR,2010-12-09,10:30p,,Orlando Magic,W,,97,83,11,11,W 3
2011,POR,2010-12-10,9:00p,@,Phoenix Suns,W,,101,94,12,11,W 4
2011,POR,2010-12-12,3:30p,@,San Antonio Spurs,L,,78,95,12,12,L 1
2011,POR,2010-12-13,8:00p,@,Memphis Grizzlies,L,,73,86,12,13,L 2
2011,POR,2010-12-15,9:30p,@,Dallas Mavericks,L,,98,103,12,14,L 3
2011,POR,2010-12-17,10:00p,,Minnesota Timberwolves,W,,107,102,13,14,W 1
2011,POR,2010-12-18,10:00p,,Golden State Warriors,W,,96,95,14,14,W 2
2011,POR,2010-12-20,10:00p,,Milwaukee Bucks,W,,106,80,15,14,W 3
2011,POR,2010-12-25,10:30p,@,Golden State Warriors,L,,102,109,15,15,L 1
2011,POR,2010-12-27,9:00p,@,Utah Jazz,W,,96,91,16,15,W 1
2011,POR,2010-12-28,9:00p,@,Denver Nuggets,L,,77,95,16,16,L 1
2011,POR,2010-12-30,10:00p,,Utah Jazz,W,,100,89,17,16,W 1
2011,POR,2011-01-02,9:00p,,Houston Rockets,W,,100,85,18,16,W 2
2011,POR,2011-01-04,8:30p,@,Dallas Mavericks,L,,81,84,18,17,L 1
2011,POR,2011-01-05,8:30p,@,Houston Rockets,W,,103,100,19,17,W 1
2011,POR,2011-01-07,8:00p,@,Minnesota Timberwolves,W,,108,98,20,17,W 2
2011,POR,2011-01-09,9:00p,,Miami Heat,L,OT,100,107,20,18,L 1
2011,POR,2011-01-11,10:00p,,New York Knicks,L,,86,100,20,19,L 2
2011,POR,2011-01-14,10:30p,@,Phoenix Suns,L,,111,115,20,20,L 3
2011,POR,2011-01-15,10:00p,,New Jersey Nets,W,,96,89,21,20,W 1
2011,POR,2011-01-17,10:00p,,Minnesota Timberwolves,W,,113,102,22,20,W 2
2011,POR,2011-01-19,10:00p,@,Sacramento Kings,W,OT,94,90,23,20,W 3
2011,POR,2011-01-20,10:30p,,Los Angeles Clippers,W,,108,93,24,20,W 4
2011,POR,2011-01-22,10:00p,,Indiana Pacers,W,,97,92,25,20,W 5
2011,POR,2011-01-24,10:00p,,Sacramento Kings,L,,81,96,25,21,L 1
2011,POR,2011-01-27,10:30p,,Boston Celtics,L,,78,88,25,22,L 2
2011,POR,2011-02-01,10:00p,,San Antonio Spurs,W,,99,86,26,22,W 1
2011,POR,2011-02-02,9:00p,@,Denver Nuggets,L,,90,109,26,23,L 1
2011,POR,2011-02-04,7:00p,@,Indiana Pacers,L,,87,100,26,24,L 2
2011,POR,2011-02-05,7:30p,@,Cleveland Cavaliers,W,,111,105,27,24,W 1
2011,POR,2011-02-07,10:00p,,Chicago Bulls,W,,109,103,28,24,W 2
2011,POR,2011-02-11,7:00p,@,Toronto Raptors,W,,102,96,29,24,W 3
2011,POR,2011-02-13,6:00p,@,Detroit Pistons,W,,105,100,30,24,W 4
2011,POR,2011-02-14,8:00p,@,Minnesota Timberwolves,W,,95,81,31,24,W 5
2011,POR,2011-02-16,10:00p,,New Orleans Hornets,W,,103,96,32,24,W 6
2011,POR,2011-02-23,10:30p,,Los Angeles Lakers,L,OT,101,106,32,25,L 1
2011,POR,2011-02-25,10:30p,,Denver Nuggets,W,OT,107,106,33,25,W 1
2011,POR,2011-02-27,10:30p,,Atlanta Hawks,L,,83,90,33,26,L 1
2011,POR,2011-03-01,10:00p,,Houston Rockets,L,,87,103,33,27,L 2
2011,POR,2011-03-02,10:00p,@,Sacramento Kings,W,,107,102,34,27,W 1
2011,POR,2011-03-05,10:00p,,Charlotte Bobcats,W,,93,69,35,27,W 2
2011,POR,2011-03-07,7:00p,@,Orlando Magic,W,,89,85,36,27,W 3
2011,POR,2011-03-08,7:30p,@,Miami Heat,W,,105,96,37,27,W 4
2011,POR,2011-03-11,7:00p,@,Charlotte Bobcats,L,,92,97,37,28,L 1
2011,POR,2011-03-12,7:00p,@,Atlanta Hawks,L,,82,91,37,29,L 2
2011,POR,2011-03-15,10:00p,,Dallas Mavericks,W,,104,101,38,29,W 1
2011,POR,2011-03-17,10:00p,,Cleveland Cavaliers,W,,111,70,39,29,W 2
2011,POR,2011-03-19,10:00p,,Philadelphia 76ers,W,,110,101,40,29,W 3
2011,POR,2011-03-20,9:30p,@,Los Angeles Lakers,L,,80,84,40,30,L 1
2011,POR,2011-03-22,10:00p,,Washington Wizards,W,,111,76,41,30,W 1
2011,POR,2011-03-25,10:00p,,San Antonio Spurs,W,,98,96,42,30,W 2
2011,POR,2011-03-27,8:00p,@,Oklahoma City Thunder,L,,90,99,42,31,L 1
2011,POR,2011-03-28,8:30p,@,San Antonio Spurs,W,,100,92,43,31,W 1
2011,POR,2011-03-30,8:00p,@,New Orleans Hornets,L,,91,95,43,32,L 1
2011,POR,2011-04-01,10:00p,,Oklahoma City Thunder,W,,98,91,44,32,W 1
2011,POR,2011-04-03,9:00p,,Dallas Mavericks,W,,104,96,45,32,W 2
2011,POR,2011-04-05,10:00p,,Golden State Warriors,L,,87,108,45,33,L 1
2011,POR,2011-04-07,10:30p,@,Utah Jazz,W,,98,87,46,33,W 1
2011,POR,2011-04-08,10:00p,,Los Angeles Lakers,W,,93,86,47,33,W 2
2011,POR,2011-04-12,10:00p,,Memphis Grizzlies,W,,102,89,48,33,W 3
2011,POR,2011-04-13,10:30p,@,Golden State Warriors,L,,86,110,48,34,L 1
2011,POR,2011-04-16,9:30p,@,Dallas Mavericks,L,,81,89,0,1,L 1
2011,POR,2011-04-19,9:30p,@,Dallas Mavericks,L,,89,101,0,2,L 2
2011,POR,2011-04-21,10:30p,,Dallas Mavericks,W,,97,92,1,2,W 1
2011,POR,2011-04-23,5:00p,,Dallas Mavericks,W,,84,82,2,2,W 2
2011,POR,2011-04-25,8:30p,@,Dallas Mavericks,L,,82,93,2,3,L 1
2011,POR,2011-04-28,10:30p,,Dallas Mavericks,L,,96,103,2,4,L 2
2011,SAC,2010-10-27,8:00p,@,Minnesota Timberwolves,W,,117,116,1,0,W 1
2011,SAC,2010-10-29,7:00p,@,New Jersey Nets,L,,100,106,1,1,L 1
2011,SAC,2010-10-30,7:30p,@,Cleveland Cavaliers,W,,107,104,2,1,W 1
2011,SAC,2010-11-01,10:00p,,Toronto Raptors,W,,111,108,3,1,W 2
2011,SAC,2010-11-03,10:30p,,Los Angeles Lakers,L,,100,112,3,2,L 1
2011,SAC,2010-11-06,10:00p,,Memphis Grizzlies,L,,91,100,3,3,L 2
2011,SAC,2010-11-10,10:00p,,Minnesota Timberwolves,L,,89,98,3,4,L 3
2011,SAC,2010-11-12,9:00p,@,Phoenix Suns,L,,89,103,3,5,L 4
2011,SAC,2010-11-14,6:00p,,Detroit Pistons,L,,94,100,3,6,L 5
2011,SAC,2010-11-17,10:00p,,New York Knicks,L,,106,113,3,7,L 6
2011,SAC,2010-11-19,10:00p,,New Jersey Nets,W,,86,81,4,7,W 1
2011,SAC,2010-11-21,6:00p,,New Orleans Hornets,L,,71,75,4,8,L 1
2011,SAC,2010-11-22,9:00p,@,Utah Jazz,L,,83,94,4,9,L 2
2011,SAC,2010-11-25,10:30p,@,Los Angeles Clippers,L,,82,100,4,10,L 3
2011,SAC,2010-11-27,10:00p,,Chicago Bulls,L,,85,96,4,11,L 4
2011,SAC,2010-11-30,10:00p,,Indiana Pacers,L,,98,107,4,12,L 5
2011,SAC,2010-12-03,10:30p,@,Los Angeles Lakers,L,,80,113,4,13,L 6
2011,SAC,2010-12-04,10:00p,,Dallas Mavericks,L,,103,105,4,14,L 7
2011,SAC,2010-12-06,10:30p,@,Los Angeles Clippers,L,,91,98,4,15,L 8
2011,SAC,2010-12-08,10:00p,,Washington Wizards,W,,116,91,5,15,W 1
2011,SAC,2010-12-11,10:00p,,Miami Heat,L,,83,104,5,16,L 1
2011,SAC,2010-12-14,8:30p,@,Houston Rockets,L,,105,118,5,17,L 2
2011,SAC,2010-12-15,8:00p,@,New Orleans Hornets,L,,91,94,5,18,L 3
2011,SAC,2010-12-17,8:00p,@,Oklahoma City Thunder,L,,87,102,5,19,L 4
2011,SAC,2010-12-19,6:00p,,Houston Rockets,L,,93,102,5,20,L 5
2011,SAC,2010-12-21,10:00p,,Golden State Warriors,L,OT,109,117,5,21,L 6
2011,SAC,2010-12-23,10:00p,,Milwaukee Bucks,L,,79,84,5,22,L 7
2011,SAC,2010-12-27,10:00p,,Los Angeles Clippers,L,,99,100,5,23,L 8
2011,SAC,2010-12-29,10:00p,,Memphis Grizzlies,W,,100,98,6,23,W 1
2011,SAC,2011-01-01,9:00p,@,Denver Nuggets,L,,86,104,6,24,L 1
2011,SAC,2011-01-02,9:00p,,Phoenix Suns,W,,94,89,7,24,W 1
2011,SAC,2011-01-04,10:00p,,Atlanta Hawks,L,,102,108,7,25,L 1
2011,SAC,2011-01-06,10:30p,,Denver Nuggets,W,,122,102,8,25,W 1
2011,SAC,2011-01-09,1:00p,@,Toronto Raptors,L,,112,118,8,26,L 1
2011,SAC,2011-01-11,7:00p,@,Washington Wizards,L,OT,133,136,8,27,L 2
2011,SAC,2011-01-12,7:30p,@,Boston Celtics,L,,95,119,8,28,L 3
2011,SAC,2011-01-14,7:30p,@,New York Knicks,W,,93,83,9,28,W 1
2011,SAC,2011-01-15,7:30p,@,Detroit Pistons,L,,106,110,9,29,L 1
2011,SAC,2011-01-17,4:00p,@,Atlanta Hawks,L,,98,100,9,30,L 2
2011,SAC,2011-01-19,10:00p,,Portland Trail Blazers,L,OT,90,94,9,31,L 3
2011,SAC,2011-01-21,10:30p,@,Golden State Warriors,L,OT,112,119,9,32,L 4
2011,SAC,2011-01-24,10:00p,@,Portland Trail Blazers,W,,96,81,10,32,W 1
2011,SAC,2011-01-25,10:00p,,Charlotte Bobcats,L,,89,94,10,33,L 1
2011,SAC,2011-01-28,10:30p,@,Los Angeles Lakers,W,,100,95,11,33,W 1
2011,SAC,2011-01-29,10:00p,,New Orleans Hornets,W,,102,96,12,33,W 2
2011,SAC,2011-02-01,10:00p,,Boston Celtics,L,,90,95,12,34,L 1
2011,SAC,2011-02-04,10:00p,,San Antonio Spurs,L,,100,113,12,35,L 2
2011,SAC,2011-02-07,10:00p,,Utah Jazz,L,,104,107,12,36,L 3
2011,SAC,2011-02-09,10:00p,,Dallas Mavericks,L,,100,102,12,37,L 4
2011,SAC,2011-02-12,10:00p,,Oklahoma City Thunder,L,,97,99,12,38,L 5
2011,SAC,2011-02-13,8:00p,@,Phoenix Suns,W,,113,108,13,38,W 1
2011,SAC,2011-02-15,8:00p,@,Oklahoma City Thunder,L,,96,126,13,39,L 1
2011,SAC,2011-02-16,8:30p,@,Dallas Mavericks,L,,100,116,13,40,L 2
2011,SAC,2011-02-22,7:30p,@,Miami Heat,L,,97,117,13,41,L 3
2011,SAC,2011-02-23,7:00p,@,Orlando Magic,W,,111,105,14,41,W 1
2011,SAC,2011-02-25,7:00p,@,Charlotte Bobcats,L,,98,110,14,42,L 1
2011,SAC,2011-02-26,8:00p,@,Memphis Grizzlies,L,,92,120,14,43,L 2
2011,SAC,2011-02-28,10:00p,,Los Angeles Clippers,W,,105,99,15,43,W 1
2011,SAC,2011-03-02,10:00p,,Portland Trail Blazers,L,,102,107,15,44,L 1
2011,SAC,2011-03-05,9:00p,@,Utah Jazz,L,OT,102,109,15,45,L 2
2011,SAC,2011-03-07,10:00p,,Houston Rockets,L,,101,123,15,46,L 3
2011,SAC,2011-03-09,10:00p,,Orlando Magic,L,,102,106,15,47,L 4
2011,SAC,2011-03-11,8:30p,@,San Antonio Spurs,L,,103,108,15,48,L 5
2011,SAC,2011-03-12,8:00p,@,New Orleans Hornets,L,,103,115,15,49,L 6
2011,SAC,2011-03-14,10:00p,,Golden State Warriors,W,,129,119,16,49,W 1
2011,SAC,2011-03-16,10:00p,,Cleveland Cavaliers,L,,93,97,16,50,L 1
2011,SAC,2011-03-18,10:00p,,Philadelphia 76ers,L,,80,102,16,51,L 2
2011,SAC,2011-03-20,3:30p,@,Minnesota Timberwolves,W,,127,95,17,51,W 1
2011,SAC,2011-03-21,8:00p,@,Chicago Bulls,L,,92,132,17,52,L 1
2011,SAC,2011-03-23,8:00p,@,Milwaukee Bucks,W,,97,90,18,52,W 1
2011,SAC,2011-03-25,7:00p,@,Indiana Pacers,W,,110,93,19,52,W 2
2011,SAC,2011-03-27,12:00p,@,Philadelphia 76ers,W,OT,114,111,20,52,W 3
2011,SAC,2011-03-29,10:00p,,Phoenix Suns,W,,116,113,21,52,W 4
2011,SAC,2011-03-30,9:00p,@,Denver Nuggets,L,,90,104,21,53,L 1
2011,SAC,2011-04-01,10:00p,,Denver Nuggets,L,,90,99,21,54,L 2
2011,SAC,2011-04-03,6:00p,,Utah Jazz,W,,106,97,22,54,W 1
2011,SAC,2011-04-05,8:30p,@,Houston Rockets,W,,104,101,23,54,W 2
2011,SAC,2011-04-06,8:30p,@,San Antonio Spurs,L,,92,124,23,55,L 1
2011,SAC,2011-04-08,8:00p,@,Memphis Grizzlies,L,,96,101,23,56,L 2
2011,SAC,2011-04-10,9:00p,@,Golden State Warriors,W,,104,103,24,56,W 1
2011,SAC,2011-04-11,10:00p,,Oklahoma City Thunder,L,,112,120,24,57,L 1
2011,SAC,2011-04-13,10:30p,,Los Angeles Lakers,L,OT,108,116,24,58,L 2
2011,SAS,2010-10-27,8:30p,,Indiana Pacers,W,,122,109,1,0,W 1
2011,SAS,2010-10-30,8:30p,,New Orleans Hornets,L,,90,99,1,1,L 1
2011,SAS,2010-11-01,10:30p,@,Los Angeles Clippers,W,,97,88,2,1,W 1
2011,SAS,2010-11-03,10:00p,@,Phoenix Suns,W,,112,110,3,1,W 2
2011,SAS,2010-11-06,8:30p,,Houston Rockets,W,OT,124,121,4,1,W 3
2011,SAS,2010-11-08,7:00p,@,Charlotte Bobcats,W,,95,91,5,1,W 4
2011,SAS,2010-11-10,9:30p,,Los Angeles Clippers,W,,107,95,6,1,W 5
2011,SAS,2010-11-13,8:30p,,Philadelphia 76ers,W,,116,93,7,1,W 6
2011,SAS,2010-11-14,7:00p,@,Oklahoma City Thunder,W,,117,104,8,1,W 7
2011,SAS,2010-11-17,9:30p,,Chicago Bulls,W,,103,94,9,1,W 8
2011,SAS,2010-11-19,9:00p,@,Utah Jazz,W,,94,82,10,1,W 9
2011,SAS,2010-11-20,8:30p,,Cleveland Cavaliers,W,,116,92,11,1,W 10
2011,SAS,2010-11-22,8:30p,,Orlando Magic,W,,106,97,12,1,W 11
2011,SAS,2010-11-24,8:00p,@,Minnesota Timberwolves,W,OT,113,109,13,1,W 12
2011,SAS,2010-11-26,8:30p,,Dallas Mavericks,L,,94,103,13,2,L 1
2011,SAS,2010-11-28,3:00p,@,New Orleans Hornets,W,,109,95,14,2,W 1
2011,SAS,2010-11-30,10:30p,@,Golden State Warriors,W,,118,98,15,2,W 2
2011,SAS,2010-12-01,10:30p,@,Los Angeles Clippers,L,,85,90,15,3,L 1
2011,SAS,2010-12-03,8:30p,,Minnesota Timberwolves,W,,107,101,16,3,W 1
2011,SAS,2010-12-05,7:00p,,New Orleans Hornets,W,,109,84,17,3,W 2
2011,SAS,2010-12-08,8:30p,,Golden State Warriors,W,,111,94,18,3,W 3
2011,SAS,2010-12-10,8:30p,,Atlanta Hawks,W,,108,92,19,3,W 4
2011,SAS,2010-12-12,3:30p,,Portland Trail Blazers,W,,95,78,20,3,W 5
2011,SAS,2010-12-15,8:30p,,Milwaukee Bucks,W,,92,90,21,3,W 6
2011,SAS,2010-12-16,10:30p,@,Denver Nuggets,W,,113,112,22,3,W 7
2011,SAS,2010-12-18,8:30p,,Memphis Grizzlies,W,OT,112,106,23,3,W 8
2011,SAS,2010-12-20,8:30p,,Phoenix Suns,W,,118,110,24,3,W 9
2011,SAS,2010-12-22,8:30p,,Denver Nuggets,W,,109,103,25,3,W 10
2011,SAS,2010-12-23,8:00p,@,Orlando Magic,L,,101,123,25,4,L 1
2011,SAS,2010-12-26,7:00p,,Washington Wizards,W,,94,80,26,4,W 1
2011,SAS,2010-12-28,8:30p,,Los Angeles Lakers,W,,97,82,27,4,W 2
2011,SAS,2010-12-30,9:30p,@,Dallas Mavericks,W,,99,93,28,4,W 3
2011,SAS,2011-01-01,8:30p,,Oklahoma City Thunder,W,,101,74,29,4,W 4
2011,SAS,2011-01-04,7:30p,@,New York Knicks,L,,115,128,29,5,L 1
2011,SAS,2011-01-05,7:30p,@,Boston Celtics,L,,103,105,29,6,L 2
2011,SAS,2011-01-07,7:00p,@,Indiana Pacers,W,,90,87,30,6,W 1
2011,SAS,2011-01-09,7:00p,,Minnesota Timberwolves,W,,94,91,31,6,W 2
2011,SAS,2011-01-11,8:00p,@,Minnesota Timberwolves,W,,107,96,32,6,W 3
2011,SAS,2011-01-12,8:00p,@,Milwaukee Bucks,W,,91,84,33,6,W 4
2011,SAS,2011-01-14,8:00p,,Dallas Mavericks,W,,101,89,34,6,W 5
2011,SAS,2011-01-16,9:00p,,Denver Nuggets,W,,110,97,35,6,W 6
2011,SAS,2011-01-19,8:30p,,Toronto Raptors,W,,104,95,36,6,W 7
2011,SAS,2011-01-21,8:00p,,New York Knicks,W,,101,92,37,6,W 8
2011,SAS,2011-01-22,8:00p,@,New Orleans Hornets,L,,72,96,37,7,L 1
2011,SAS,2011-01-24,10:30p,@,Golden State Warriors,W,,113,102,38,7,W 1
2011,SAS,2011-01-26,9:30p,@,Utah Jazz,W,,112,105,39,7,W 2
2011,SAS,2011-01-29,8:30p,,Houston Rockets,W,,108,95,40,7,W 3
2011,SAS,2011-02-01,10:00p,@,Portland Trail Blazers,L,,86,99,40,8,L 1
2011,SAS,2011-02-03,10:30p,@,Los Angeles Lakers,W,,89,88,41,8,W 1
2011,SAS,2011-02-04,10:00p,@,Sacramento Kings,W,,113,100,42,8,W 2
2011,SAS,2011-02-08,7:30p,@,Detroit Pistons,W,,100,89,43,8,W 3
2011,SAS,2011-02-09,7:00p,@,Toronto Raptors,W,,111,100,44,8,W 4
2011,SAS,2011-02-11,7:00p,@,Philadelphia 76ers,L,,71,77,44,9,L 1
2011,SAS,2011-02-12,8:00p,@,Washington Wizards,W,,118,94,45,9,W 1
2011,SAS,2011-02-14,7:00p,@,New Jersey Nets,W,,102,85,46,9,W 2
2011,SAS,2011-02-17,8:00p,@,Chicago Bulls,L,,99,109,46,10,L 1
2011,SAS,2011-02-23,7:00p,,Oklahoma City Thunder,W,,109,105,47,10,W 1
2011,SAS,2011-02-25,8:30p,,New Jersey Nets,W,,106,96,48,10,W 2
2011,SAS,2011-02-27,7:00p,,Memphis Grizzlies,W,,95,88,49,10,W 3
2011,SAS,2011-03-01,8:00p,@,Memphis Grizzlies,L,,93,109,49,11,L 1
2011,SAS,2011-03-02,7:00p,@,Cleveland Cavaliers,W,,109,99,50,11,W 1
2011,SAS,2011-03-04,9:30p,,Miami Heat,W,,125,95,51,11,W 2
2011,SAS,2011-03-06,3:30p,,Los Angeles Lakers,L,,83,99,51,12,L 1
2011,SAS,2011-03-09,8:30p,,Detroit Pistons,W,,111,104,52,12,W 1
2011,SAS,2011-03-11,8:30p,,Sacramento Kings,W,,108,103,53,12,W 2
2011,SAS,2011-03-12,8:30p,@,Houston Rockets,W,,115,107,54,12,W 3
2011,SAS,2011-03-14,8:00p,@,Miami Heat,L,,80,110,54,13,L 1
2011,SAS,2011-03-18,8:30p,@,Dallas Mavericks,W,,97,91,55,13,W 1
2011,SAS,2011-03-19,8:30p,,Charlotte Bobcats,W,,109,98,56,13,W 2
2011,SAS,2011-03-21,8:30p,,Golden State Warriors,W,,111,96,57,13,W 3
2011,SAS,2011-03-23,10:30p,@,Denver Nuggets,L,,112,115,57,14,L 1
2011,SAS,2011-03-25,10:00p,@,Portland Trail Blazers,L,,96,98,57,15,L 2
2011,SAS,2011-03-27,6:00p,@,Memphis Grizzlies,L,,104,111,57,16,L 3
2011,SAS,2011-03-28,8:30p,,Portland Trail Blazers,L,,92,100,57,17,L 4
2011,SAS,2011-03-31,8:00p,,Boston Celtics,L,,97,107,57,18,L 5
2011,SAS,2011-04-01,8:30p,@,Houston Rockets,L,OT,114,119,57,19,L 6
2011,SAS,2011-04-03,1:00p,,Phoenix Suns,W,,114,97,58,19,W 1
2011,SAS,2011-04-05,7:00p,@,Atlanta Hawks,W,,97,90,59,19,W 2
2011,SAS,2011-04-06,8:30p,,Sacramento Kings,W,,124,92,60,19,W 3
2011,SAS,2011-04-09,8:30p,,Utah Jazz,W,,111,102,61,19,W 4
2011,SAS,2011-04-12,10:30p,@,Los Angeles Lakers,L,,93,102,61,20,L 1
2011,SAS,2011-04-13,10:30p,@,Phoenix Suns,L,,103,106,61,21,L 2
2011,SAS,2011-04-17,1:00p,,Memphis Grizzlies,L,,98,101,0,1,L 1
2011,SAS,2011-04-20,8:30p,,Memphis Grizzlies,W,,93,87,1,1,W 1
2011,SAS,2011-04-23,7:30p,@,Memphis Grizzlies,L,,88,91,1,2,L 1
2011,SAS,2011-04-25,8:00p,@,Memphis Grizzlies,L,,86,104,1,3,L 2
2011,SAS,2011-04-27,8:30p,,Memphis Grizzlies,W,OT,110,103,2,3,W 1
2011,SAS,2011-04-29,9:00p,@,Memphis Grizzlies,L,,91,99,2,4,L 1
2011,TOR,2010-10-27,7:00p,,New York Knicks,L,,93,98,0,1,L 1
2011,TOR,2010-10-29,7:00p,,Cleveland Cavaliers,W,,101,81,1,1,W 1
2011,TOR,2010-11-01,10:00p,@,Sacramento Kings,L,,108,111,1,2,L 1
2011,TOR,2010-11-03,9:00p,@,Utah Jazz,L,,108,125,1,3,L 2
2011,TOR,2010-11-05,10:30p,@,Los Angeles Lakers,L,,103,108,1,4,L 3
2011,TOR,2010-11-06,10:00p,@,Portland Trail Blazers,L,,84,97,1,5,L 4
2011,TOR,2010-11-08,7:00p,,Golden State Warriors,L,,102,109,1,6,L 5
2011,TOR,2010-11-10,7:00p,,Charlotte Bobcats,L,,96,101,1,7,L 6
2011,TOR,2010-11-12,7:00p,@,Orlando Magic,W,,110,106,2,7,W 1
2011,TOR,2010-11-13,7:30p,@,Miami Heat,L,,100,109,2,8,L 1
2011,TOR,2010-11-16,7:00p,@,Washington Wizards,L,,94,109,2,9,L 2
2011,TOR,2010-11-17,7:00p,@,Philadelphia 76ers,W,,94,86,3,9,W 1
2011,TOR,2010-11-19,7:00p,,Houston Rockets,W,,106,96,4,9,W 2
2011,TOR,2010-11-21,1:00p,,Boston Celtics,W,,102,101,5,9,W 3
2011,TOR,2010-11-24,7:00p,,Philadelphia 76ers,W,,106,90,6,9,W 4
2011,TOR,2010-11-26,7:30p,@,Boston Celtics,L,,101,110,6,10,L 1
2011,TOR,2010-11-28,1:00p,,Atlanta Hawks,L,,78,96,6,11,L 2
2011,TOR,2010-12-01,7:00p,,Washington Wizards,W,,127,108,7,11,W 1
2011,TOR,2010-12-03,7:00p,,Oklahoma City Thunder,W,,111,99,8,11,W 2
2011,TOR,2010-12-05,1:00p,,New York Knicks,L,,99,116,8,12,L 1
2011,TOR,2010-12-06,7:00p,@,Indiana Pacers,L,,100,124,8,13,L 2
2011,TOR,2010-12-08,7:30p,@,New York Knicks,L,,110,113,8,14,L 3
2011,TOR,2010-12-10,7:00p,,Denver Nuggets,L,,116,123,8,15,L 4
2011,TOR,2010-12-11,7:30p,@,Detroit Pistons,W,,120,116,9,15,W 1
2011,TOR,2010-12-14,7:00p,@,Charlotte Bobcats,L,,91,97,9,16,L 1
2011,TOR,2010-12-15,7:00p,,Chicago Bulls,L,,93,110,9,17,L 2
2011,TOR,2010-12-17,7:00p,,New Jersey Nets,W,,98,92,10,17,W 1
2011,TOR,2010-12-19,1:00p,,Los Angeles Lakers,L,,110,120,10,18,L 1
2011,TOR,2010-12-22,7:00p,,Detroit Pistons,L,,93,115,10,19,L 2
2011,TOR,2010-12-27,8:00p,@,Memphis Grizzlies,L,,85,96,10,20,L 3
2011,TOR,2010-12-28,8:30p,@,Dallas Mavericks,W,,84,76,11,20,W 1
2011,TOR,2010-12-31,7:00p,@,Houston Rockets,L,,105,114,11,21,L 1
2011,TOR,2011-01-02,6:00p,,Boston Celtics,L,,79,93,11,22,L 2
2011,TOR,2011-01-04,8:00p,@,Chicago Bulls,L,,91,111,11,23,L 3
2011,TOR,2011-01-05,7:00p,@,Cleveland Cavaliers,W,,120,105,12,23,W 1
2011,TOR,2011-01-07,7:30p,@,Boston Celtics,L,,102,122,12,24,L 1
2011,TOR,2011-01-09,1:00p,,Sacramento Kings,W,,118,112,13,24,W 1
2011,TOR,2011-01-12,7:00p,,Atlanta Hawks,L,,101,104,13,25,L 1
2011,TOR,2011-01-14,7:00p,,Detroit Pistons,L,,95,101,13,26,L 2
2011,TOR,2011-01-15,7:00p,@,Washington Wizards,L,,95,98,13,27,L 3
2011,TOR,2011-01-17,3:00p,@,New Orleans Hornets,L,,81,85,13,28,L 4
2011,TOR,2011-01-19,8:30p,@,San Antonio Spurs,L,,95,104,13,29,L 5
2011,TOR,2011-01-21,7:00p,@,Orlando Magic,L,,72,112,13,30,L 6
2011,TOR,2011-01-22,7:30p,@,Miami Heat,L,,103,120,13,31,L 7
2011,TOR,2011-01-24,7:00p,,Memphis Grizzlies,L,,98,100,13,32,L 8
2011,TOR,2011-01-26,7:00p,,Philadelphia 76ers,L,,94,107,13,33,L 9
2011,TOR,2011-01-28,7:00p,,Milwaukee Bucks,L,OT,110,116,13,34,L 10
2011,TOR,2011-01-29,8:00p,@,Minnesota Timberwolves,L,,87,103,13,35,L 11
2011,TOR,2011-01-31,7:00p,@,Indiana Pacers,L,,93,104,13,36,L 12
2011,TOR,2011-02-02,7:00p,@,Atlanta Hawks,L,,87,100,13,37,L 13
2011,TOR,2011-02-04,7:00p,,Minnesota Timberwolves,W,,111,100,14,37,W 1
2011,TOR,2011-02-08,8:00p,@,Milwaukee Bucks,L,,74,92,14,38,L 1
2011,TOR,2011-02-09,7:00p,,San Antonio Spurs,L,,100,111,14,39,L 2
2011,TOR,2011-02-11,7:00p,,Portland Trail Blazers,L,,96,102,14,40,L 3
2011,TOR,2011-02-13,6:00p,,Los Angeles Clippers,W,,98,93,15,40,W 1
2011,TOR,2011-02-16,7:00p,,Miami Heat,L,,95,103,15,41,L 1
2011,TOR,2011-02-22,7:00p,@,Charlotte Bobcats,L,,101,114,15,42,L 2
2011,TOR,2011-02-23,7:00p,,Chicago Bulls,W,,118,113,16,42,W 1
2011,TOR,2011-02-25,7:00p,,Phoenix Suns,L,,92,110,16,43,L 1
2011,TOR,2011-02-27,6:00p,,Dallas Mavericks,L,,96,114,16,44,L 2
2011,TOR,2011-03-01,7:00p,,New Orleans Hornets,W,,96,90,17,44,W 1
2011,TOR,2011-03-04,3:00p,@,New Jersey Nets,L,,103,116,17,45,L 1
2011,TOR,2011-03-05,3:00p,@,New Jersey Nets,L,3OT,136,137,17,46,L 2
2011,TOR,2011-03-09,7:00p,,Utah Jazz,L,,94,96,17,47,L 3
2011,TOR,2011-03-11,7:00p,,Indiana Pacers,W,,108,98,18,47,W 1
2011,TOR,2011-03-13,1:00p,,Charlotte Bobcats,L,,90,95,18,48,L 1
2011,TOR,2011-03-16,7:30p,@,Detroit Pistons,L,,93,107,18,49,L 2
2011,TOR,2011-03-18,7:00p,,Washington Wizards,W,,116,107,19,49,W 1
2011,TOR,2011-03-20,7:00p,@,Oklahoma City Thunder,W,,95,93,20,49,W 2
2011,TOR,2011-03-21,9:00p,@,Denver Nuggets,L,,90,123,20,50,L 1
2011,TOR,2011-03-23,10:00p,@,Phoenix Suns,L,,106,114,20,51,L 2
2011,TOR,2011-03-25,10:30p,@,Golden State Warriors,L,,100,138,20,52,L 3
2011,TOR,2011-03-26,10:30p,@,Los Angeles Clippers,L,,90,94,20,53,L 4
2011,TOR,2011-03-30,7:00p,,Milwaukee Bucks,L,,98,104,20,54,L 5
2011,TOR,2011-04-02,8:00p,@,Chicago Bulls,L,,106,113,20,55,L 6
2011,TOR,2011-04-03,6:00p,,Orlando Magic,W,,102,98,21,55,W 1
2011,TOR,2011-04-05,7:30p,@,New York Knicks,L,,118,131,21,56,L 1
2011,TOR,2011-04-06,7:00p,,Cleveland Cavaliers,L,,96,104,21,57,L 2
2011,TOR,2011-04-08,7:00p,@,Philadelphia 76ers,L,,93,98,21,58,L 3
2011,TOR,2011-04-10,6:00p,,New Jersey Nets,W,,99,92,22,58,W 1
2011,TOR,2011-04-11,8:00p,@,Milwaukee Bucks,L,,86,93,22,59,L 1
2011,TOR,2011-04-13,8:00p,,Miami Heat,L,,79,97,22,60,L 2
2011,UTA,2010-10-27,9:00p,@,Denver Nuggets,L,,88,110,0,1,L 1
2011,UTA,2010-10-28,10:30p,,Phoenix Suns,L,,94,110,0,2,L 2
2011,UTA,2010-10-31,7:00p,@,Oklahoma City Thunder,W,,120,99,1,2,W 1
2011,UTA,2010-11-03,9:00p,,Toronto Raptors,W,,125,108,2,2,W 2
2011,UTA,2010-11-05,10:30p,@,Golden State Warriors,L,,78,85,2,3,L 1
2011,UTA,2010-11-06,9:00p,,Los Angeles Clippers,W,2OT,109,107,3,3,W 1
2011,UTA,2010-11-09,7:30p,@,Miami Heat,W,OT,116,114,4,3,W 2
2011,UTA,2010-11-10,7:00p,@,Orlando Magic,W,,104,94,5,3,W 3
2011,UTA,2010-11-12,7:00p,@,Atlanta Hawks,W,,90,86,6,3,W 4
2011,UTA,2010-11-13,7:00p,@,Charlotte Bobcats,W,,96,95,7,3,W 5
2011,UTA,2010-11-15,9:00p,,Oklahoma City Thunder,L,,108,115,7,4,L 1
2011,UTA,2010-11-17,9:00p,,New Jersey Nets,W,,98,88,8,4,W 1
2011,UTA,2010-11-19,9:00p,,San Antonio Spurs,L,,82,94,8,5,L 1
2011,UTA,2010-11-20,10:00p,@,Portland Trail Blazers,W,,103,94,9,5,W 1
2011,UTA,2010-11-22,9:00p,,Sacramento Kings,W,,94,83,10,5,W 2
2011,UTA,2010-11-24,9:00p,,New Orleans Hornets,W,,105,87,11,5,W 3
2011,UTA,2010-11-26,9:00p,,Los Angeles Lakers,W,,102,96,12,5,W 4
2011,UTA,2010-11-28,3:30p,@,Los Angeles Clippers,W,,109,97,13,5,W 5
2011,UTA,2010-11-29,9:00p,,Milwaukee Bucks,W,,109,88,14,5,W 6
2011,UTA,2010-12-01,9:00p,,Indiana Pacers,W,,110,88,15,5,W 7
2011,UTA,2010-12-03,10:30p,,Dallas Mavericks,L,,81,93,15,6,L 1
2011,UTA,2010-12-06,9:00p,,Memphis Grizzlies,W,,94,85,16,6,W 1
2011,UTA,2010-12-08,9:00p,,Miami Heat,L,,98,111,16,7,L 1
2011,UTA,2010-12-10,9:00p,,Orlando Magic,W,,117,105,17,7,W 1
2011,UTA,2010-12-11,8:30p,@,Dallas Mavericks,L,,97,103,17,8,L 1
2011,UTA,2010-12-13,9:00p,,Golden State Warriors,W,,108,95,18,8,W 1
2011,UTA,2010-12-17,8:00p,@,New Orleans Hornets,L,,71,100,18,9,L 1
2011,UTA,2010-12-18,8:30p,@,Milwaukee Bucks,W,,95,86,19,9,W 1
2011,UTA,2010-12-20,7:00p,@,Cleveland Cavaliers,W,,101,90,20,9,W 2
2011,UTA,2010-12-22,8:00p,@,Minnesota Timberwolves,W,,112,107,21,9,W 3
2011,UTA,2010-12-27,9:00p,,Portland Trail Blazers,L,,91,96,21,10,L 1
2011,UTA,2010-12-29,10:30p,@,Los Angeles Clippers,W,,103,95,22,10,W 1
2011,UTA,2010-12-30,10:00p,@,Portland Trail Blazers,L,,89,100,22,11,L 1
2011,UTA,2011-01-01,9:00p,,Memphis Grizzlies,W,,98,92,23,11,W 1
2011,UTA,2011-01-03,9:00p,,Detroit Pistons,W,,102,97,24,11,W 2
2011,UTA,2011-01-05,9:00p,,Atlanta Hawks,L,,87,110,24,12,L 1
2011,UTA,2011-01-07,8:00p,@,Memphis Grizzlies,L,,99,110,24,13,L 2
2011,UTA,2011-01-08,8:30p,@,Houston Rockets,W,OT,103,99,25,13,W 1
2011,UTA,2011-01-12,9:00p,,New York Knicks,W,,131,125,26,13,W 2
2011,UTA,2011-01-14,9:00p,,Cleveland Cavaliers,W,,121,99,27,13,W 3
2011,UTA,2011-01-17,1:00p,@,Washington Wizards,L,,101,108,27,14,L 1
2011,UTA,2011-01-19,7:00p,@,New Jersey Nets,L,,95,103,27,15,L 2
2011,UTA,2011-01-21,7:30p,@,Boston Celtics,L,,86,110,27,16,L 3
2011,UTA,2011-01-22,7:30p,@,Philadelphia 76ers,L,,85,96,27,17,L 4
2011,UTA,2011-01-25,10:30p,@,Los Angeles Lakers,L,,91,120,27,18,L 5
2011,UTA,2011-01-26,9:30p,,San Antonio Spurs,L,,105,112,27,19,L 6
2011,UTA,2011-01-28,9:00p,,Minnesota Timberwolves,W,,108,100,28,19,W 1
2011,UTA,2011-01-30,10:00p,@,Golden State Warriors,L,,81,96,28,20,L 1
2011,UTA,2011-01-31,9:00p,,Charlotte Bobcats,W,,83,78,29,20,W 1
2011,UTA,2011-02-02,9:00p,,Houston Rockets,L,,96,97,29,21,L 1
2011,UTA,2011-02-04,10:30p,@,Denver Nuggets,W,,113,106,30,21,W 1
2011,UTA,2011-02-05,9:00p,,Oklahoma City Thunder,L,,105,121,30,22,L 1
2011,UTA,2011-02-07,10:00p,@,Sacramento Kings,W,,107,104,31,22,W 1
2011,UTA,2011-02-09,9:00p,,Chicago Bulls,L,,86,91,31,23,L 1
2011,UTA,2011-02-11,10:30p,,Phoenix Suns,L,,83,95,31,24,L 2
2011,UTA,2011-02-15,9:00p,@,Phoenix Suns,L,,101,102,31,25,L 3
2011,UTA,2011-02-16,9:00p,,Golden State Warriors,L,,100,107,31,26,L 4
2011,UTA,2011-02-23,8:30p,@,Dallas Mavericks,L,,99,118,31,27,L 5
2011,UTA,2011-02-25,7:00p,@,Indiana Pacers,W,,95,84,32,27,W 1
2011,UTA,2011-02-26,7:30p,@,Detroit Pistons,L,,116,120,32,28,L 1
2011,UTA,2011-02-28,9:00p,,Boston Celtics,L,,102,107,32,29,L 2
2011,UTA,2011-03-03,10:30p,,Denver Nuggets,L,,101,103,32,30,L 3
2011,UTA,2011-03-05,9:00p,,Sacramento Kings,W,OT,109,102,33,30,W 1
2011,UTA,2011-03-07,7:30p,@,New York Knicks,L,,109,131,33,31,L 1
2011,UTA,2011-03-09,7:00p,@,Toronto Raptors,W,,96,94,34,31,W 1
2011,UTA,2011-03-11,8:00p,@,Minnesota Timberwolves,L,,101,122,34,32,L 1
2011,UTA,2011-03-12,8:00p,@,Chicago Bulls,L,,100,118,34,33,L 2
2011,UTA,2011-03-14,9:00p,,Philadelphia 76ers,W,OT,112,107,35,33,W 1
2011,UTA,2011-03-16,9:00p,,Minnesota Timberwolves,W,,119,104,36,33,W 2
2011,UTA,2011-03-20,7:00p,@,Houston Rockets,L,,108,110,36,34,L 1
2011,UTA,2011-03-21,8:00p,@,Memphis Grizzlies,L,,85,103,36,35,L 2
2011,UTA,2011-03-23,8:00p,@,Oklahoma City Thunder,L,,94,106,36,36,L 3
2011,UTA,2011-03-24,9:00p,,New Orleans Hornets,L,OT,117,121,36,37,L 4
2011,UTA,2011-03-26,9:00p,,Dallas Mavericks,L,,77,94,36,38,L 5
2011,UTA,2011-03-28,9:00p,,Washington Wizards,L,OT,95,100,36,39,L 6
2011,UTA,2011-04-01,10:30p,,Los Angeles Lakers,L,,85,96,36,40,L 7
2011,UTA,2011-04-03,6:00p,@,Sacramento Kings,L,,97,106,36,41,L 8
2011,UTA,2011-04-05,10:30p,@,Los Angeles Lakers,W,,86,85,37,41,W 1
2011,UTA,2011-04-07,10:30p,,Portland Trail Blazers,L,,87,98,37,42,L 1
2011,UTA,2011-04-09,8:30p,@,San Antonio Spurs,L,,102,111,37,43,L 2
2011,UTA,2011-04-11,8:00p,@,New Orleans Hornets,W,,90,78,38,43,W 1
2011,UTA,2011-04-13,8:00p,,Denver Nuggets,W,,107,103,39,43,W 2
2011,WAS,2010-10-28,8:00p,@,Orlando Magic,L,,83,112,0,1,L 1
2011,WAS,2010-10-30,7:00p,@,Atlanta Hawks,L,,95,99,0,2,L 2
2011,WAS,2010-11-02,7:00p,,Philadelphia 76ers,W,OT,116,115,1,2,W 1
2011,WAS,2010-11-05,7:30p,@,New York Knicks,L,,91,112,1,3,L 1
2011,WAS,2010-11-06,7:00p,,Cleveland Cavaliers,L,,102,107,1,4,L 2
2011,WAS,2010-11-10,7:00p,,Houston Rockets,W,,98,91,2,4,W 1
2011,WAS,2010-11-12,7:00p,,Charlotte Bobcats,L,,85,93,2,5,L 1
2011,WAS,2010-11-13,8:00p,@,Chicago Bulls,L,,96,103,2,6,L 2
2011,WAS,2010-11-16,7:00p,,Toronto Raptors,W,,109,94,3,6,W 1
2011,WAS,2010-11-17,7:30p,@,Boston Celtics,L,,83,114,3,7,L 1
2011,WAS,2010-11-19,7:00p,,Memphis Grizzlies,W,,89,86,4,7,W 1
2011,WAS,2010-11-21,6:00p,@,Detroit Pistons,L,OT,110,115,4,8,L 1
2011,WAS,2010-11-23,7:00p,,Philadelphia 76ers,W,OT,116,114,5,8,W 1
2011,WAS,2010-11-25,8:00p,@,Atlanta Hawks,L,,96,116,5,9,L 1
2011,WAS,2010-11-27,7:00p,,Orlando Magic,L,,99,100,5,10,L 2
2011,WAS,2010-11-29,7:30p,@,Miami Heat,L,,94,105,5,11,L 3
2011,WAS,2010-12-01,7:00p,@,Toronto Raptors,L,,108,127,5,12,L 4
2011,WAS,2010-12-03,7:00p,,Portland Trail Blazers,W,,83,79,6,12,W 1
2011,WAS,2010-12-05,8:00p,@,Phoenix Suns,L,,108,125,6,13,L 1
2011,WAS,2010-12-07,10:30p,@,Los Angeles Lakers,L,,108,115,6,14,L 2
2011,WAS,2010-12-08,10:00p,@,Sacramento Kings,L,,91,116,6,15,L 3
2011,WAS,2010-12-10,7:00p,,New York Knicks,L,,95,101,6,16,L 4
2011,WAS,2010-12-14,7:00p,,Los Angeles Lakers,L,,89,103,6,17,L 5
2011,WAS,2010-12-16,7:00p,@,New Jersey Nets,L,,89,97,6,18,L 6
2011,WAS,2010-12-18,7:00p,,Miami Heat,L,,94,95,6,19,L 7
2011,WAS,2010-12-20,7:00p,,Charlotte Bobcats,W,,108,75,7,19,W 1
2011,WAS,2010-12-22,7:00p,,Chicago Bulls,L,,80,87,7,20,L 1
2011,WAS,2010-12-26,7:00p,@,San Antonio Spurs,L,,80,94,7,21,L 2
2011,WAS,2010-12-27,8:30p,@,Houston Rockets,L,,93,100,7,22,L 3
2011,WAS,2010-12-29,7:00p,,Indiana Pacers,W,,104,90,8,22,W 1
2011,WAS,2010-12-31,3:00p,@,Indiana Pacers,L,,86,95,8,23,L 1
2011,WAS,2011-01-01,7:00p,,New Orleans Hornets,L,,81,92,8,24,L 2
2011,WAS,2011-01-05,7:00p,@,Philadelphia 76ers,L,,97,109,8,25,L 3
2011,WAS,2011-01-07,7:00p,,New Jersey Nets,W,,97,77,9,25,W 1
2011,WAS,2011-01-08,7:00p,@,Charlotte Bobcats,L,,89,104,9,26,L 1
2011,WAS,2011-01-11,7:00p,,Sacramento Kings,W,OT,136,133,10,26,W 1
2011,WAS,2011-01-13,8:00p,@,Minnesota Timberwolves,L,,97,109,10,27,L 1
2011,WAS,2011-01-15,7:00p,,Toronto Raptors,W,,98,95,11,27,W 1
2011,WAS,2011-01-17,1:00p,,Utah Jazz,W,,108,101,12,27,W 2
2011,WAS,2011-01-19,8:00p,@,Milwaukee Bucks,L,,87,100,12,28,L 1
2011,WAS,2011-01-21,7:00p,,Phoenix Suns,L,,91,109,12,29,L 2
2011,WAS,2011-01-22,7:00p,,Boston Celtics,W,,85,83,13,29,W 1
2011,WAS,2011-01-24,7:30p,@,New York Knicks,L,,106,115,13,30,L 1
2011,WAS,2011-01-25,7:00p,,Denver Nuggets,L,,109,120,13,31,L 2
2011,WAS,2011-01-28,8:00p,@,Oklahoma City Thunder,L,2OT,117,124,13,32,L 3
2011,WAS,2011-01-29,8:00p,@,Memphis Grizzlies,L,,93,107,13,33,L 4
2011,WAS,2011-01-31,8:30p,@,Dallas Mavericks,L,,92,102,13,34,L 5
2011,WAS,2011-02-01,8:00p,@,New Orleans Hornets,L,,89,97,13,35,L 6
2011,WAS,2011-02-04,7:00p,,Orlando Magic,L,,92,110,13,36,L 7
2011,WAS,2011-02-05,7:00p,,Atlanta Hawks,L,,92,99,13,37,L 8
2011,WAS,2011-02-09,7:00p,,Milwaukee Bucks,W,,100,85,14,37,W 1
2011,WAS,2011-02-12,8:00p,,San Antonio Spurs,L,,94,118,14,38,L 1
2011,WAS,2011-02-13,6:00p,@,Cleveland Cavaliers,W,,115,100,15,38,W 1
2011,WAS,2011-02-16,7:00p,@,Orlando Magic,L,,76,101,15,39,L 1
2011,WAS,2011-02-22,7:00p,,Indiana Pacers,L,,96,113,15,40,L 2
2011,WAS,2011-02-23,7:00p,@,Philadelphia 76ers,L,,94,117,15,41,L 3
2011,WAS,2011-02-25,7:30p,@,Miami Heat,L,,113,121,15,42,L 4
2011,WAS,2011-02-26,8:00p,,Dallas Mavericks,L,,99,105,15,43,L 5
2011,WAS,2011-02-28,7:00p,,Chicago Bulls,L,,77,105,15,44,L 6
2011,WAS,2011-03-02,7:00p,,Golden State Warriors,L,,102,106,15,45,L 7
2011,WAS,2011-03-05,7:00p,,Minnesota Timberwolves,W,,103,96,16,45,W 1
2011,WAS,2011-03-06,6:00p,@,Detroit Pistons,L,,102,113,16,46,L 1
2011,WAS,2011-03-08,7:00p,,Milwaukee Bucks,L,,76,95,16,47,L 2
2011,WAS,2011-03-12,7:00p,,Los Angeles Clippers,L,,101,122,16,48,L 3
2011,WAS,2011-03-14,7:00p,,Oklahoma City Thunder,L,,89,116,16,49,L 4
2011,WAS,2011-03-15,8:00p,@,Chicago Bulls,L,,79,98,16,50,L 5
2011,WAS,2011-03-18,7:00p,@,Toronto Raptors,L,,107,116,16,51,L 6
2011,WAS,2011-03-20,1:00p,,New Jersey Nets,W,,98,92,17,51,W 1
2011,WAS,2011-03-22,10:00p,@,Portland Trail Blazers,L,,76,111,17,52,L 1
2011,WAS,2011-03-23,10:30p,@,Los Angeles Clippers,L,2OT,119,127,17,53,L 2
2011,WAS,2011-03-25,9:00p,@,Denver Nuggets,L,,94,114,17,54,L 3
2011,WAS,2011-03-27,9:00p,@,Golden State Warriors,L,,104,114,17,55,L 4
2011,WAS,2011-03-28,9:00p,@,Utah Jazz,W,OT,100,95,18,55,W 1
2011,WAS,2011-03-30,7:00p,,Miami Heat,L,,107,123,18,56,L 1
2011,WAS,2011-04-01,7:00p,,Cleveland Cavaliers,W,,115,107,19,56,W 1
2011,WAS,2011-04-03,6:00p,@,Charlotte Bobcats,W,,97,91,20,56,W 2
2011,WAS,2011-04-05,7:00p,,Detroit Pistons,W,,107,105,21,56,W 3
2011,WAS,2011-04-06,7:00p,@,Indiana Pacers,L,,112,136,21,57,L 1
2011,WAS,2011-04-08,7:30p,@,Boston Celtics,L,,88,104,21,58,L 2
2011,WAS,2011-04-09,7:00p,,Atlanta Hawks,W,,115,83,22,58,W 1
2011,WAS,2011-04-11,7:00p,,Boston Celtics,W,OT,95,94,23,58,W 2
2011,WAS,2011-04-13,8:00p,@,Cleveland Cavaliers,L,,93,100,23,59,L 1
2012,ATL,2011-12-27,7:30p,@,New Jersey Nets,W,,106,70,1,0,W 1
2012,ATL,2011-12-28,7:30p,,Washington Wizards,W,,101,83,2,0,W 2
2012,ATL,2011-12-30,7:30p,,New Jersey Nets,W,,105,98,3,0,W 3
2012,ATL,2011-12-31,7:00p,@,Houston Rockets,L,,84,95,3,1,L 1
2012,ATL,2012-01-02,7:30p,@,Miami Heat,W,,100,92,4,1,W 1
2012,ATL,2012-01-03,8:00p,@,Chicago Bulls,L,,74,76,4,2,L 1
2012,ATL,2012-01-05,8:00p,,Miami Heat,L,3OT,109,116,4,3,L 2
2012,ATL,2012-01-06,7:00p,@,Charlotte Bobcats,W,OT,102,96,5,3,W 1
2012,ATL,2012-01-07,7:00p,,Chicago Bulls,W,,109,94,6,3,W 2
2012,ATL,2012-01-09,7:30p,@,New Jersey Nets,W,,106,101,7,3,W 3
2012,ATL,2012-01-11,7:00p,@,Indiana Pacers,L,,84,96,7,4,L 1
2012,ATL,2012-01-12,7:30p,,Charlotte Bobcats,W,,111,81,8,4,W 1
2012,ATL,2012-01-14,7:00p,,Minnesota Timberwolves,W,,93,91,9,4,W 2
2012,ATL,2012-01-16,4:00p,,Toronto Raptors,W,,93,84,10,4,W 3
2012,ATL,2012-01-18,8:00p,,Portland Trail Blazers,W,,92,89,11,4,W 4
2012,ATL,2012-01-20,7:00p,@,Philadelphia 76ers,L,,76,90,11,5,L 1
2012,ATL,2012-01-21,7:00p,,Cleveland Cavaliers,W,,121,94,12,5,W 1
2012,ATL,2012-01-23,8:00p,@,Milwaukee Bucks,W,,97,92,13,5,W 2
2012,ATL,2012-01-25,8:30p,@,San Antonio Spurs,L,,83,105,13,6,L 1
2012,ATL,2012-01-27,7:30p,@,Detroit Pistons,W,OT,107,101,14,6,W 1
2012,ATL,2012-01-29,7:00p,@,New Orleans Hornets,W,,94,72,15,6,W 2
2012,ATL,2012-01-31,7:00p,@,Toronto Raptors,W,,100,77,16,6,W 3
2012,ATL,2012-02-02,7:30p,,Memphis Grizzlies,L,,77,96,16,7,L 1
2012,ATL,2012-02-04,7:00p,,Philadelphia 76ers,L,,87,98,16,8,L 2
2012,ATL,2012-02-06,7:30p,,Phoenix Suns,L,,90,99,16,9,L 3
2012,ATL,2012-02-08,7:30p,,Indiana Pacers,W,,97,87,17,9,W 1
2012,ATL,2012-02-10,7:00p,@,Orlando Magic,W,OT,89,87,18,9,W 2
2012,ATL,2012-02-12,7:00p,,Miami Heat,L,,87,107,18,10,L 1
2012,ATL,2012-02-14,10:30p,@,Los Angeles Lakers,L,,78,86,18,11,L 2
2012,ATL,2012-02-15,9:00p,@,Phoenix Suns,W,,101,99,19,11,W 1
2012,ATL,2012-02-18,10:00p,@,Portland Trail Blazers,L,,77,97,19,12,L 1
2012,ATL,2012-02-20,4:00p,@,Chicago Bulls,L,,79,90,19,13,L 2
2012,ATL,2012-02-22,7:30p,@,New York Knicks,L,,82,99,19,14,L 3
2012,ATL,2012-02-23,7:30p,,Orlando Magic,W,,83,78,20,14,W 1
2012,ATL,2012-02-29,7:30p,,Golden State Warriors,L,,82,85,20,15,L 1
2012,ATL,2012-03-02,7:30p,,Milwaukee Bucks,W,,99,94,21,15,W 1
2012,ATL,2012-03-03,7:00p,,Oklahoma City Thunder,W,,97,90,22,15,W 2
2012,ATL,2012-03-06,7:00p,@,Indiana Pacers,W,,101,96,23,15,W 3
2012,ATL,2012-03-07,7:30p,@,Miami Heat,L,,86,89,23,16,L 1
2012,ATL,2012-03-09,7:30p,@,Detroit Pistons,L,,85,86,23,17,L 2
2012,ATL,2012-03-11,9:00p,@,Sacramento Kings,W,,106,99,24,17,W 1
2012,ATL,2012-03-13,9:00p,@,Denver Nuggets,L,OT,117,118,24,18,L 1
2012,ATL,2012-03-14,10:30p,@,Los Angeles Clippers,L,,82,96,24,19,L 2
2012,ATL,2012-03-16,7:30p,,Washington Wizards,W,,102,88,25,19,W 1
2012,ATL,2012-03-18,3:00p,@,Cleveland Cavaliers,W,,103,87,26,19,W 2
2012,ATL,2012-03-19,7:30p,,Boston Celtics,L,,76,79,26,20,L 1
2012,ATL,2012-03-21,7:30p,,Cleveland Cavaliers,W,OT,103,102,27,20,W 1
2012,ATL,2012-03-23,7:30p,,New Jersey Nets,W,,93,84,28,20,W 2
2012,ATL,2012-03-24,7:00p,@,Washington Wizards,W,,95,92,29,20,W 3
2012,ATL,2012-03-25,6:00p,,Utah Jazz,W,4OT,139,133,30,20,W 4
2012,ATL,2012-03-27,8:00p,@,Milwaukee Bucks,L,,101,108,30,21,L 1
2012,ATL,2012-03-28,7:30p,,Chicago Bulls,L,,77,98,30,22,L 2
2012,ATL,2012-03-30,7:30p,,New York Knicks,W,,100,90,31,22,W 1
2012,ATL,2012-03-31,7:30p,@,Philadelphia 76ers,L,,90,95,31,23,L 1
2012,ATL,2012-04-04,7:30p,,Charlotte Bobcats,W,,120,93,32,23,W 1
2012,ATL,2012-04-06,7:30p,,Detroit Pistons,W,,101,96,33,23,W 2
2012,ATL,2012-04-07,8:00p,@,Charlotte Bobcats,W,,116,96,34,23,W 3
2012,ATL,2012-04-11,8:00p,@,Boston Celtics,L,OT,86,88,34,24,L 1
2012,ATL,2012-04-13,7:00p,@,Orlando Magic,W,,109,81,35,24,W 1
2012,ATL,2012-04-15,6:00p,,Toronto Raptors,L,,86,102,35,25,L 1
2012,ATL,2012-04-16,7:00p,@,Toronto Raptors,W,,109,87,36,25,W 1
2012,ATL,2012-04-18,7:30p,,Detroit Pistons,W,,116,84,37,25,W 2
2012,ATL,2012-04-20,7:00p,,Boston Celtics,W,,97,92,38,25,W 3
2012,ATL,2012-04-22,1:00p,,New York Knicks,L,,112,113,38,26,L 1
2012,ATL,2012-04-24,7:30p,,Los Angeles Clippers,W,,109,102,39,26,W 1
2012,ATL,2012-04-26,8:00p,,Dallas Mavericks,W,,106,89,40,26,W 2
2012,ATL,2012-04-29,7:00p,,Boston Celtics,W,,83,74,1,0,W 1
2012,ATL,2012-05-01,7:30p,,Boston Celtics,L,,80,87,1,1,L 1
2012,ATL,2012-05-04,7:30p,@,Boston Celtics,L,OT,84,90,1,2,L 2
2012,ATL,2012-05-06,7:00p,@,Boston Celtics,L,,79,101,1,3,L 3
2012,ATL,2012-05-08,8:00p,,Boston Celtics,W,,87,86,2,3,W 1
2012,ATL,2012-05-10,8:00p,@,Boston Celtics,L,,80,83,2,4,L 1
2012,BOS,2011-12-25,12:00p,@,New York Knicks,L,,104,106,0,1,L 1
2012,BOS,2011-12-27,8:00p,@,Miami Heat,L,,107,115,0,2,L 2
2012,BOS,2011-12-28,8:00p,@,New Orleans Hornets,L,,78,97,0,3,L 3
2012,BOS,2011-12-30,7:30p,,Detroit Pistons,W,,96,85,1,3,W 1
2012,BOS,2012-01-01,6:00p,@,Washington Wizards,W,,94,86,2,3,W 2
2012,BOS,2012-01-02,7:30p,,Washington Wizards,W,,100,92,3,3,W 3
2012,BOS,2012-01-04,7:30p,,New Jersey Nets,W,,89,70,4,3,W 4
2012,BOS,2012-01-06,7:30p,,Indiana Pacers,L,,74,87,4,4,L 1
2012,BOS,2012-01-11,8:00p,,Dallas Mavericks,L,,85,90,4,5,L 2
2012,BOS,2012-01-13,8:00p,,Chicago Bulls,L,,79,88,4,6,L 3
2012,BOS,2012-01-14,7:00p,@,Indiana Pacers,L,,83,97,4,7,L 4
2012,BOS,2012-01-16,8:00p,,Oklahoma City Thunder,L,,88,97,4,8,L 5
2012,BOS,2012-01-18,7:30p,,Toronto Raptors,W,,96,73,5,8,W 1
2012,BOS,2012-01-20,7:30p,,Phoenix Suns,L,,71,79,5,9,L 1
2012,BOS,2012-01-22,1:00p,@,Washington Wizards,W,,100,94,6,9,W 1
2012,BOS,2012-01-23,7:30p,,Orlando Magic,W,,87,56,7,9,W 2
2012,BOS,2012-01-26,8:00p,@,Orlando Magic,W,,91,83,8,9,W 3
2012,BOS,2012-01-27,7:30p,,Indiana Pacers,W,,94,87,9,9,W 4
2012,BOS,2012-01-29,6:00p,,Cleveland Cavaliers,L,,87,88,9,10,L 1
2012,BOS,2012-01-31,7:00p,@,Cleveland Cavaliers,W,,93,90,10,10,W 1
2012,BOS,2012-02-01,7:30p,,Toronto Raptors,W,,100,64,11,10,W 2
2012,BOS,2012-02-03,8:00p,,New York Knicks,W,,91,89,12,10,W 3
2012,BOS,2012-02-05,12:00p,,Memphis Grizzlies,W,,98,80,13,10,W 4
2012,BOS,2012-02-07,7:30p,,Charlotte Bobcats,W,,94,84,14,10,W 5
2012,BOS,2012-02-09,8:00p,,Los Angeles Lakers,L,OT,87,88,14,11,L 1
2012,BOS,2012-02-10,7:00p,@,Toronto Raptors,L,,74,86,14,12,L 2
2012,BOS,2012-02-12,3:30p,,Chicago Bulls,W,,95,91,15,12,W 1
2012,BOS,2012-02-15,7:30p,,Detroit Pistons,L,,88,98,15,13,L 1
2012,BOS,2012-02-16,8:00p,@,Chicago Bulls,L,,80,89,15,14,L 2
2012,BOS,2012-02-19,6:00p,@,Detroit Pistons,L,,81,96,15,15,L 3
2012,BOS,2012-02-20,8:00p,@,Dallas Mavericks,L,,73,89,15,16,L 4
2012,BOS,2012-02-22,7:00p,@,Oklahoma City Thunder,L,,104,119,15,17,L 5
2012,BOS,2012-02-28,7:00p,@,Cleveland Cavaliers,W,,86,83,16,17,W 1
2012,BOS,2012-02-29,7:30p,,Milwaukee Bucks,W,,102,96,17,17,W 2
2012,BOS,2012-03-02,7:30p,,New Jersey Nets,W,,107,94,18,17,W 3
2012,BOS,2012-03-04,1:00p,,New York Knicks,W,OT,115,111,19,17,W 4
2012,BOS,2012-03-06,7:30p,,Houston Rockets,W,OT,97,92,20,17,W 5
2012,BOS,2012-03-07,7:00p,@,Philadelphia 76ers,L,,71,103,20,18,L 1
2012,BOS,2012-03-09,7:30p,,Portland Trail Blazers,W,,104,86,21,18,W 1
2012,BOS,2012-03-11,3:30p,@,Los Angeles Lakers,L,,94,97,21,19,L 1
2012,BOS,2012-03-12,10:30p,@,Los Angeles Clippers,W,,94,85,22,19,W 1
2012,BOS,2012-03-14,10:30p,@,Golden State Warriors,W,,105,103,23,19,W 2
2012,BOS,2012-03-16,10:00p,@,Sacramento Kings,L,,95,120,23,20,L 1
2012,BOS,2012-03-17,9:00p,@,Denver Nuggets,L,,91,98,23,21,L 2
2012,BOS,2012-03-19,7:30p,@,Atlanta Hawks,W,,79,76,24,21,W 1
2012,BOS,2012-03-22,8:00p,@,Milwaukee Bucks,W,,100,91,25,21,W 2
2012,BOS,2012-03-23,8:00p,@,Philadelphia 76ers,L,,86,99,25,22,L 1
2012,BOS,2012-03-25,6:00p,,Washington Wizards,W,,88,76,26,22,W 1
2012,BOS,2012-03-26,7:00p,@,Charlotte Bobcats,W,,102,95,27,22,W 2
2012,BOS,2012-03-28,7:30p,,Utah Jazz,W,,94,82,28,22,W 3
2012,BOS,2012-03-30,8:00p,@,Minnesota Timberwolves,W,,100,79,29,22,W 4
2012,BOS,2012-04-01,3:30p,,Miami Heat,W,,91,72,30,22,W 5
2012,BOS,2012-04-04,7:30p,,San Antonio Spurs,L,,86,87,30,23,L 1
2012,BOS,2012-04-05,9:30p,@,Chicago Bulls,L,,86,93,30,24,L 2
2012,BOS,2012-04-07,7:00p,@,Indiana Pacers,W,,86,72,31,24,W 1
2012,BOS,2012-04-08,6:00p,,Philadelphia 76ers,W,,103,79,32,24,W 2
2012,BOS,2012-04-10,7:00p,@,Miami Heat,W,,115,107,33,24,W 3
2012,BOS,2012-04-11,8:00p,,Atlanta Hawks,W,OT,88,86,34,24,W 4
2012,BOS,2012-04-13,7:00p,@,Toronto Raptors,L,,79,84,34,25,L 1
2012,BOS,2012-04-14,7:30p,@,New Jersey Nets,W,,94,82,35,25,W 1
2012,BOS,2012-04-15,6:00p,@,Charlotte Bobcats,W,,94,82,36,25,W 2
2012,BOS,2012-04-17,8:00p,@,New York Knicks,L,,110,118,36,26,L 1
2012,BOS,2012-04-18,8:00p,,Orlando Magic,W,,102,98,37,26,W 1
2012,BOS,2012-04-20,7:00p,@,Atlanta Hawks,L,,92,97,37,27,L 1
2012,BOS,2012-04-24,8:00p,,Miami Heat,W,,78,66,38,27,W 1
2012,BOS,2012-04-26,8:00p,,Milwaukee Bucks,W,,87,74,39,27,W 2
2012,BOS,2012-04-29,7:00p,@,Atlanta Hawks,L,,74,83,0,1,L 1
2012,BOS,2012-05-01,7:30p,@,Atlanta Hawks,W,,87,80,1,1,W 1
2012,BOS,2012-05-04,7:30p,,Atlanta Hawks,W,OT,90,84,2,1,W 2
2012,BOS,2012-05-06,7:00p,,Atlanta Hawks,W,,101,79,3,1,W 3
2012,BOS,2012-05-08,8:00p,@,Atlanta Hawks,L,,86,87,3,2,L 1
2012,BOS,2012-05-10,8:00p,,Atlanta Hawks,W,,83,80,4,2,W 1
2012,BOS,2012-05-12,8:00p,,Philadelphia 76ers,W,,92,91,5,2,W 2
2012,BOS,2012-05-14,7:00p,,Philadelphia 76ers,L,,81,82,5,3,L 1
2012,BOS,2012-05-16,7:00p,@,Philadelphia 76ers,W,,107,91,6,3,W 1
2012,BOS,2012-05-18,8:00p,@,Philadelphia 76ers,L,,83,92,6,4,L 1
2012,BOS,2012-05-21,7:00p,,Philadelphia 76ers,W,,101,85,7,4,W 1
2012,BOS,2012-05-23,8:00p,@,Philadelphia 76ers,L,,75,82,7,5,L 1
2012,BOS,2012-05-26,8:00p,,Philadelphia 76ers,W,,85,75,8,5,W 1
2012,BOS,2012-05-28,8:30p,@,Miami Heat,L,,79,93,8,6,L 1
2012,BOS,2012-05-30,8:30p,@,Miami Heat,L,OT,111,115,8,7,L 2
2012,BOS,2012-06-01,8:30p,,Miami Heat,W,,101,91,9,7,W 1
2012,BOS,2012-06-03,8:30p,,Miami Heat,W,OT,93,91,10,7,W 2
2012,BOS,2012-06-05,8:30p,@,Miami Heat,W,,94,90,11,7,W 3
2012,BOS,2012-06-07,8:30p,,Miami Heat,L,,79,98,11,8,L 1
2012,BOS,2012-06-09,8:30p,@,Miami Heat,L,,88,101,11,9,L 2
2012,CHA,2011-12-26,7:00p,,Milwaukee Bucks,W,,96,95,1,0,W 1
2012,CHA,2011-12-28,7:00p,,Miami Heat,L,,95,96,1,1,L 1
2012,CHA,2011-12-30,7:00p,,Orlando Magic,L,,79,100,1,2,L 2
2012,CHA,2012-01-01,6:00p,@,Miami Heat,L,,90,129,1,3,L 3
2012,CHA,2012-01-03,7:00p,@,Cleveland Cavaliers,L,,101,115,1,4,L 4
2012,CHA,2012-01-04,7:30p,@,New York Knicks,W,,118,110,2,4,W 1
2012,CHA,2012-01-06,7:00p,,Atlanta Hawks,L,OT,96,102,2,5,L 1
2012,CHA,2012-01-07,7:00p,@,Indiana Pacers,L,,77,99,2,6,L 2
2012,CHA,2012-01-09,7:30p,@,New York Knicks,L,,87,91,2,7,L 3
2012,CHA,2012-01-10,7:00p,,Houston Rockets,L,,70,82,2,8,L 4
2012,CHA,2012-01-12,7:30p,@,Atlanta Hawks,L,,81,111,2,9,L 5
2012,CHA,2012-01-13,7:00p,,Detroit Pistons,L,,81,98,2,10,L 6
2012,CHA,2012-01-14,7:00p,,Golden State Warriors,W,,112,100,3,10,W 1
2012,CHA,2012-01-16,2:00p,,Cleveland Cavaliers,L,,94,102,3,11,L 1
2012,CHA,2012-01-17,7:00p,@,Orlando Magic,L,,89,96,3,12,L 2
2012,CHA,2012-01-21,8:00p,@,Chicago Bulls,L,,89,95,3,13,L 3
2012,CHA,2012-01-22,6:00p,@,New Jersey Nets,L,,87,97,3,14,L 4
2012,CHA,2012-01-24,7:00p,,New York Knicks,L,,78,111,3,15,L 5
2012,CHA,2012-01-25,7:00p,@,Washington Wizards,L,,75,92,3,16,L 6
2012,CHA,2012-01-27,7:00p,@,Philadelphia 76ers,L,,72,89,3,17,L 7
2012,CHA,2012-01-28,7:00p,,Washington Wizards,L,,99,102,3,18,L 8
2012,CHA,2012-01-31,10:30p,@,Los Angeles Lakers,L,,73,106,3,19,L 9
2012,CHA,2012-02-01,10:00p,@,Portland Trail Blazers,L,,68,112,3,20,L 10
2012,CHA,2012-02-04,9:00p,@,Phoenix Suns,L,,89,95,3,21,L 11
2012,CHA,2012-02-07,7:30p,@,Boston Celtics,L,,84,94,3,22,L 12
2012,CHA,2012-02-10,7:00p,,Chicago Bulls,L,,64,95,3,23,L 13
2012,CHA,2012-02-11,7:00p,,Los Angeles Clippers,L,,86,111,3,24,L 14
2012,CHA,2012-02-13,7:00p,,Philadelphia 76ers,L,,89,98,3,25,L 15
2012,CHA,2012-02-15,8:00p,@,Minnesota Timberwolves,L,,90,102,3,26,L 16
2012,CHA,2012-02-17,7:00p,@,Toronto Raptors,W,,98,91,4,26,W 1
2012,CHA,2012-02-19,6:00p,@,Indiana Pacers,L,,73,108,4,27,L 1
2012,CHA,2012-02-22,7:00p,,Indiana Pacers,L,,88,102,4,28,L 2
2012,CHA,2012-02-29,7:30p,@,Detroit Pistons,L,,94,109,4,29,L 3
2012,CHA,2012-03-02,8:30p,@,San Antonio Spurs,L,,72,102,4,30,L 4
2012,CHA,2012-03-04,6:00p,,New Jersey Nets,L,,101,104,4,31,L 5
2012,CHA,2012-03-06,7:00p,,Orlando Magic,W,,100,84,5,31,W 1
2012,CHA,2012-03-07,7:00p,,Utah Jazz,L,,93,99,5,32,L 1
2012,CHA,2012-03-09,7:00p,,New Jersey Nets,L,,74,83,5,33,L 2
2012,CHA,2012-03-10,8:00p,@,Oklahoma City Thunder,L,,95,122,5,34,L 3
2012,CHA,2012-03-12,8:00p,@,New Orleans Hornets,W,,73,71,6,34,W 1
2012,CHA,2012-03-14,8:00p,@,Houston Rockets,L,,87,107,6,35,L 1
2012,CHA,2012-03-15,8:30p,@,Dallas Mavericks,L,,96,101,6,36,L 2
2012,CHA,2012-03-17,7:00p,,Toronto Raptors,W,,107,103,7,36,W 1
2012,CHA,2012-03-19,7:00p,,Philadelphia 76ers,L,,80,105,7,37,L 1
2012,CHA,2012-03-23,7:00p,,Milwaukee Bucks,L,,92,112,7,38,L 2
2012,CHA,2012-03-24,7:30p,@,New Jersey Nets,L,,89,102,7,39,L 3
2012,CHA,2012-03-26,7:00p,,Boston Celtics,L,,95,102,7,40,L 4
2012,CHA,2012-03-28,7:00p,,Minnesota Timberwolves,L,,83,88,7,41,L 5
2012,CHA,2012-03-30,7:00p,,Denver Nuggets,L,,88,99,7,42,L 6
2012,CHA,2012-03-31,7:30p,@,Detroit Pistons,L,OT,107,110,7,43,L 7
2012,CHA,2012-04-03,7:00p,@,Toronto Raptors,L,,87,92,7,44,L 8
2012,CHA,2012-04-04,7:30p,@,Atlanta Hawks,L,,93,120,7,45,L 9
2012,CHA,2012-04-06,8:30p,@,Milwaukee Bucks,L,,90,95,7,46,L 10
2012,CHA,2012-04-07,8:00p,,Atlanta Hawks,L,,96,116,7,47,L 11
2012,CHA,2012-04-09,7:00p,,Washington Wizards,L,,85,113,7,48,L 12
2012,CHA,2012-04-10,7:00p,@,Cleveland Cavaliers,L,,90,103,7,49,L 13
2012,CHA,2012-04-12,7:00p,,Detroit Pistons,L,,85,109,7,50,L 14
2012,CHA,2012-04-13,7:30p,@,Miami Heat,L,,82,105,7,51,L 15
2012,CHA,2012-04-15,6:00p,,Boston Celtics,L,,82,94,7,52,L 16
2012,CHA,2012-04-16,7:00p,,New Orleans Hornets,L,,67,75,7,53,L 17
2012,CHA,2012-04-18,7:00p,,Chicago Bulls,L,,68,100,7,54,L 18
2012,CHA,2012-04-20,7:00p,,Memphis Grizzlies,L,,80,85,7,55,L 19
2012,CHA,2012-04-22,6:00p,,Sacramento Kings,L,,88,114,7,56,L 20
2012,CHA,2012-04-23,7:00p,@,Washington Wizards,L,,73,101,7,57,L 21
2012,CHA,2012-04-25,7:00p,@,Orlando Magic,L,,95,102,7,58,L 22
2012,CHA,2012-04-26,8:00p,,New York Knicks,L,,84,104,7,59,L 23
2012,CHI,2011-12-25,5:00p,@,Los Angeles Lakers,W,,88,87,1,0,W 1
2012,CHI,2011-12-26,10:30p,@,Golden State Warriors,L,,91,99,1,1,L 1
2012,CHI,2011-12-29,10:00p,@,Sacramento Kings,W,,108,98,2,1,W 1
2012,CHI,2011-12-30,10:30p,@,Los Angeles Clippers,W,,114,101,3,1,W 2
2012,CHI,2012-01-01,8:00p,,Memphis Grizzlies,W,,104,64,4,1,W 3
2012,CHI,2012-01-03,8:00p,,Atlanta Hawks,W,,76,74,5,1,W 4
2012,CHI,2012-01-04,7:30p,@,Detroit Pistons,W,,99,83,6,1,W 5
2012,CHI,2012-01-06,8:00p,@,Orlando Magic,W,,97,83,7,1,W 6
2012,CHI,2012-01-07,7:00p,@,Atlanta Hawks,L,,94,109,7,2,L 1
2012,CHI,2012-01-09,8:00p,,Detroit Pistons,W,,92,68,8,2,W 1
2012,CHI,2012-01-10,8:00p,@,Minnesota Timberwolves,W,,111,100,9,2,W 2
2012,CHI,2012-01-11,8:00p,,Washington Wizards,W,,78,64,10,2,W 3
2012,CHI,2012-01-13,8:00p,@,Boston Celtics,W,,88,79,11,2,W 4
2012,CHI,2012-01-14,8:00p,,Toronto Raptors,W,,77,64,12,2,W 5
2012,CHI,2012-01-16,1:00p,@,Memphis Grizzlies,L,,86,102,12,3,L 1
2012,CHI,2012-01-17,8:00p,,Phoenix Suns,W,,118,97,13,3,W 1
2012,CHI,2012-01-20,7:30p,@,Cleveland Cavaliers,W,,114,75,14,3,W 2
2012,CHI,2012-01-21,8:00p,,Charlotte Bobcats,W,,95,89,15,3,W 3
2012,CHI,2012-01-23,8:00p,,New Jersey Nets,W,,110,95,16,3,W 4
2012,CHI,2012-01-25,8:00p,,Indiana Pacers,L,,90,95,16,4,L 1
2012,CHI,2012-01-27,8:00p,,Milwaukee Bucks,W,,107,100,17,4,W 1
2012,CHI,2012-01-29,3:30p,@,Miami Heat,L,,93,97,17,5,L 1
2012,CHI,2012-01-30,7:00p,@,Washington Wizards,W,,98,88,18,5,W 1
2012,CHI,2012-02-01,7:00p,@,Philadelphia 76ers,L,,82,98,18,6,L 1
2012,CHI,2012-02-02,8:00p,@,New York Knicks,W,,105,102,19,6,W 1
2012,CHI,2012-02-04,8:30p,@,Milwaukee Bucks,W,,113,90,20,6,W 2
2012,CHI,2012-02-06,7:30p,@,New Jersey Nets,W,,108,87,21,6,W 3
2012,CHI,2012-02-08,8:00p,@,New Orleans Hornets,W,,90,67,22,6,W 4
2012,CHI,2012-02-10,7:00p,@,Charlotte Bobcats,W,,95,64,23,6,W 5
2012,CHI,2012-02-12,3:30p,@,Boston Celtics,L,,91,95,23,7,L 1
2012,CHI,2012-02-14,8:00p,,Sacramento Kings,W,,121,115,24,7,W 1
2012,CHI,2012-02-16,8:00p,,Boston Celtics,W,,89,80,25,7,W 2
2012,CHI,2012-02-18,4:00p,,New Jersey Nets,L,,85,97,25,8,L 1
2012,CHI,2012-02-20,4:00p,,Atlanta Hawks,W,,90,79,26,8,W 1
2012,CHI,2012-02-22,8:00p,,Milwaukee Bucks,W,,110,91,27,8,W 2
2012,CHI,2012-02-28,8:00p,,New Orleans Hornets,W,,99,95,28,8,W 3
2012,CHI,2012-02-29,9:00p,@,San Antonio Spurs,W,,96,89,29,8,W 4
2012,CHI,2012-03-02,7:30p,@,Cleveland Cavaliers,W,,112,91,30,8,W 5
2012,CHI,2012-03-04,7:00p,@,Philadelphia 76ers,W,,96,91,31,8,W 6
2012,CHI,2012-03-05,8:00p,,Indiana Pacers,W,,92,72,32,8,W 7
2012,CHI,2012-03-07,8:00p,@,Milwaukee Bucks,W,,106,104,33,8,W 8
2012,CHI,2012-03-08,8:00p,,Orlando Magic,L,,94,99,33,9,L 1
2012,CHI,2012-03-10,8:00p,,Utah Jazz,W,,111,97,34,9,W 1
2012,CHI,2012-03-12,8:00p,,New York Knicks,W,,104,99,35,9,W 2
2012,CHI,2012-03-14,9:30p,,Miami Heat,W,,106,102,36,9,W 3
2012,CHI,2012-03-16,8:00p,,Portland Trail Blazers,L,,89,100,36,10,L 1
2012,CHI,2012-03-17,8:00p,,Philadelphia 76ers,W,,89,80,37,10,W 1
2012,CHI,2012-03-19,8:00p,@,Orlando Magic,W,,85,59,38,10,W 2
2012,CHI,2012-03-21,7:00p,@,Toronto Raptors,W,,94,82,39,10,W 3
2012,CHI,2012-03-24,8:00p,,Toronto Raptors,W,OT,102,101,40,10,W 4
2012,CHI,2012-03-26,8:00p,,Denver Nuggets,L,,91,108,40,11,L 1
2012,CHI,2012-03-28,7:30p,@,Atlanta Hawks,W,,98,77,41,11,W 1
2012,CHI,2012-03-30,8:00p,,Detroit Pistons,W,,83,71,42,11,W 2
2012,CHI,2012-04-01,1:00p,@,Oklahoma City Thunder,L,,78,92,42,12,L 1
2012,CHI,2012-04-02,8:00p,,Houston Rockets,L,,93,99,42,13,L 2
2012,CHI,2012-04-05,9:30p,,Boston Celtics,W,,93,86,43,13,W 1
2012,CHI,2012-04-08,1:00p,@,New York Knicks,L,OT,99,100,43,14,L 1
2012,CHI,2012-04-10,9:30p,,New York Knicks,W,,98,86,44,14,W 1
2012,CHI,2012-04-12,8:00p,,Miami Heat,W,OT,96,86,45,14,W 2
2012,CHI,2012-04-15,6:00p,@,Detroit Pistons,W,OT,100,94,46,14,W 3
2012,CHI,2012-04-16,8:00p,,Washington Wizards,L,,84,87,46,15,L 1
2012,CHI,2012-04-18,7:00p,@,Charlotte Bobcats,W,,100,68,47,15,W 1
2012,CHI,2012-04-19,8:00p,@,Miami Heat,L,,72,83,47,16,L 1
2012,CHI,2012-04-21,8:00p,,Dallas Mavericks,W,,93,83,48,16,W 1
2012,CHI,2012-04-25,7:00p,@,Indiana Pacers,W,,92,87,49,16,W 2
2012,CHI,2012-04-26,8:00p,,Cleveland Cavaliers,W,,107,75,50,16,W 3
2012,CHI,2012-04-28,1:00p,,Philadelphia 76ers,W,,103,91,1,0,W 1
2012,CHI,2012-05-01,8:00p,,Philadelphia 76ers,L,,92,109,1,1,L 1
2012,CHI,2012-05-04,8:00p,@,Philadelphia 76ers,L,,74,79,1,2,L 2
2012,CHI,2012-05-06,1:00p,@,Philadelphia 76ers,L,,82,89,1,3,L 3
2012,CHI,2012-05-08,9:30p,,Philadelphia 76ers,W,,77,69,2,3,W 1
2012,CHI,2012-05-10,7:00p,@,Philadelphia 76ers,L,,78,79,2,4,L 1
2012,CLE,2011-12-26,7:00p,,Toronto Raptors,L,,96,104,0,1,L 1
2012,CLE,2011-12-28,7:30p,@,Detroit Pistons,W,,105,89,1,1,W 1
2012,CLE,2011-12-30,7:00p,@,Indiana Pacers,L,OT,91,98,1,2,L 1
2012,CLE,2012-01-01,6:00p,,New Jersey Nets,W,,98,82,2,2,W 1
2012,CLE,2012-01-03,7:00p,,Charlotte Bobcats,W,,115,101,3,2,W 2
2012,CLE,2012-01-04,7:00p,@,Toronto Raptors,L,,77,92,3,3,L 1
2012,CLE,2012-01-06,8:00p,@,Minnesota Timberwolves,W,,98,87,4,3,W 1
2012,CLE,2012-01-08,9:00p,@,Portland Trail Blazers,L,,78,98,4,4,L 1
2012,CLE,2012-01-10,9:00p,@,Utah Jazz,L,,105,113,4,5,L 2
2012,CLE,2012-01-12,9:00p,@,Phoenix Suns,W,,101,90,5,5,W 1
2012,CLE,2012-01-13,10:30p,@,Los Angeles Lakers,L,,92,97,5,6,L 1
2012,CLE,2012-01-16,2:00p,@,Charlotte Bobcats,W,,102,94,6,6,W 1
2012,CLE,2012-01-17,7:00p,,Golden State Warriors,L,,95,105,6,7,L 1
2012,CLE,2012-01-20,7:30p,,Chicago Bulls,L,,75,114,6,8,L 2
2012,CLE,2012-01-21,7:00p,@,Atlanta Hawks,L,,94,121,6,9,L 3
2012,CLE,2012-01-24,7:30p,@,Miami Heat,L,,85,92,6,10,L 4
2012,CLE,2012-01-25,7:00p,,New York Knicks,W,,91,81,7,10,W 1
2012,CLE,2012-01-27,7:30p,,New Jersey Nets,L,,96,99,7,11,L 1
2012,CLE,2012-01-29,6:00p,@,Boston Celtics,W,,88,87,8,11,W 1
2012,CLE,2012-01-31,7:00p,,Boston Celtics,L,,90,93,8,12,L 1
2012,CLE,2012-02-03,7:00p,@,Orlando Magic,L,,94,102,8,13,L 2
2012,CLE,2012-02-04,7:30p,,Dallas Mavericks,W,,91,88,9,13,W 1
2012,CLE,2012-02-07,7:30p,@,Miami Heat,L,,91,107,9,14,L 1
2012,CLE,2012-02-08,7:00p,,Los Angeles Clippers,W,,99,92,10,14,W 1
2012,CLE,2012-02-10,7:30p,,Milwaukee Bucks,L,OT,112,113,10,15,L 1
2012,CLE,2012-02-11,7:30p,,Philadelphia 76ers,L,,84,99,10,16,L 2
2012,CLE,2012-02-15,7:30p,,Indiana Pacers,W,,98,87,11,16,W 1
2012,CLE,2012-02-17,7:30p,,Miami Heat,L,,87,111,11,17,L 1
2012,CLE,2012-02-19,6:00p,,Sacramento Kings,W,,93,92,12,17,W 1
2012,CLE,2012-02-21,7:00p,,Detroit Pistons,W,,101,100,13,17,W 2
2012,CLE,2012-02-22,7:00p,,New Orleans Hornets,L,,84,89,13,18,L 1
2012,CLE,2012-02-28,7:00p,,Boston Celtics,L,,83,86,13,19,L 2
2012,CLE,2012-02-29,7:30p,@,New York Knicks,L,,103,120,13,20,L 3
2012,CLE,2012-03-02,7:30p,,Chicago Bulls,L,,91,112,13,21,L 4
2012,CLE,2012-03-03,7:00p,@,Washington Wizards,L,,98,101,13,22,L 5
2012,CLE,2012-03-05,7:00p,,Utah Jazz,L,,100,109,13,23,L 6
2012,CLE,2012-03-07,9:00p,@,Denver Nuggets,W,,100,99,14,23,W 1
2012,CLE,2012-03-09,8:00p,@,Oklahoma City Thunder,W,,96,90,15,23,W 2
2012,CLE,2012-03-11,6:00p,,Houston Rockets,W,,118,107,16,23,W 3
2012,CLE,2012-03-13,7:00p,,Toronto Raptors,L,,88,96,16,24,L 1
2012,CLE,2012-03-14,8:00p,@,Milwaukee Bucks,L,,105,115,16,25,L 2
2012,CLE,2012-03-18,3:00p,,Atlanta Hawks,L,,87,103,16,26,L 3
2012,CLE,2012-03-19,7:30p,@,New Jersey Nets,W,,105,100,17,26,W 1
2012,CLE,2012-03-21,7:30p,@,Atlanta Hawks,L,OT,102,103,17,27,L 1
2012,CLE,2012-03-23,7:00p,@,Orlando Magic,L,,80,93,17,28,L 2
2012,CLE,2012-03-25,3:00p,,Phoenix Suns,L,,83,108,17,29,L 3
2012,CLE,2012-03-27,7:00p,@,Philadelphia 76ers,L,,85,103,17,30,L 4
2012,CLE,2012-03-28,7:00p,,Detroit Pistons,L,,75,87,17,31,L 5
2012,CLE,2012-03-30,7:30p,,Milwaukee Bucks,L,,84,121,17,32,L 6
2012,CLE,2012-03-31,7:30p,@,New York Knicks,L,,75,91,17,33,L 7
2012,CLE,2012-04-03,7:00p,,San Antonio Spurs,L,,90,125,17,34,L 8
2012,CLE,2012-04-04,8:00p,@,Milwaukee Bucks,L,,98,107,17,35,L 9
2012,CLE,2012-04-06,7:30p,@,Toronto Raptors,W,,84,80,18,35,W 1
2012,CLE,2012-04-08,6:00p,@,New Jersey Nets,L,OT,117,122,18,36,L 1
2012,CLE,2012-04-10,7:00p,,Charlotte Bobcats,W,,103,90,19,36,W 1
2012,CLE,2012-04-11,7:00p,,Indiana Pacers,L,OT,98,104,19,37,L 1
2012,CLE,2012-04-13,7:00p,@,Indiana Pacers,L,,83,102,19,38,L 2
2012,CLE,2012-04-14,7:00p,@,Washington Wizards,W,,98,89,20,38,W 1
2012,CLE,2012-04-15,6:00p,,Orlando Magic,L,,84,100,20,39,L 1
2012,CLE,2012-04-17,7:30p,@,Detroit Pistons,L,,77,116,20,40,L 2
2012,CLE,2012-04-18,7:00p,,Philadelphia 76ers,L,,87,103,20,41,L 3
2012,CLE,2012-04-20,7:30p,,New York Knicks,W,,98,90,21,41,W 1
2012,CLE,2012-04-22,7:00p,@,San Antonio Spurs,L,,98,114,21,42,L 1
2012,CLE,2012-04-23,8:00p,@,Memphis Grizzlies,L,,101,109,21,43,L 2
2012,CLE,2012-04-25,7:00p,,Washington Wizards,L,,85,96,21,44,L 3
2012,CLE,2012-04-26,8:00p,@,Chicago Bulls,L,,75,107,21,45,L 4
2012,DAL,2011-12-25,2:30p,,Miami Heat,L,,94,105,0,1,L 1
2012,DAL,2011-12-26,8:30p,,Denver Nuggets,L,,93,115,0,2,L 2
2012,DAL,2011-12-29,8:00p,@,Oklahoma City Thunder,L,,102,104,0,3,L 3
2012,DAL,2011-12-30,8:30p,,Toronto Raptors,W,,99,86,1,3,W 1
2012,DAL,2012-01-01,7:00p,@,Minnesota Timberwolves,L,,82,99,1,4,L 1
2012,DAL,2012-01-02,8:30p,,Oklahoma City Thunder,W,,100,87,2,4,W 1
2012,DAL,2012-01-04,8:30p,,Phoenix Suns,W,,98,89,3,4,W 2
2012,DAL,2012-01-05,8:30p,@,San Antonio Spurs,L,,71,93,3,5,L 1
2012,DAL,2012-01-07,9:00p,,New Orleans Hornets,W,,96,81,4,5,W 1
2012,DAL,2012-01-10,7:30p,@,Detroit Pistons,W,,100,86,5,5,W 2
2012,DAL,2012-01-11,8:00p,@,Boston Celtics,W,,90,85,6,5,W 3
2012,DAL,2012-01-13,8:30p,,Milwaukee Bucks,W,,102,76,7,5,W 4
2012,DAL,2012-01-14,9:00p,,Sacramento Kings,W,,99,60,8,5,W 5
2012,DAL,2012-01-16,10:30p,@,Los Angeles Lakers,L,,70,73,8,6,L 1
2012,DAL,2012-01-18,10:30p,@,Los Angeles Clippers,L,,89,91,8,7,L 2
2012,DAL,2012-01-19,10:30p,@,Utah Jazz,W,,94,91,9,7,W 1
2012,DAL,2012-01-21,8:00p,@,New Orleans Hornets,W,,83,81,10,7,W 2
2012,DAL,2012-01-23,8:30p,,Phoenix Suns,W,,93,87,11,7,W 3
2012,DAL,2012-01-25,8:30p,,Minnesota Timberwolves,L,,90,105,11,8,L 1
2012,DAL,2012-01-27,8:30p,,Utah Jazz,W,,116,101,12,8,W 1
2012,DAL,2012-01-29,6:30p,,San Antonio Spurs,W,OT,101,100,13,8,W 2
2012,DAL,2012-01-30,9:00p,@,Phoenix Suns,W,,122,99,14,8,W 3
2012,DAL,2012-02-01,8:00p,,Oklahoma City Thunder,L,,86,95,14,9,L 1
2012,DAL,2012-02-03,8:30p,,Indiana Pacers,L,,87,98,14,10,L 2
2012,DAL,2012-02-04,7:30p,@,Cleveland Cavaliers,L,,88,91,14,11,L 3
2012,DAL,2012-02-08,9:00p,@,Denver Nuggets,W,,105,95,15,11,W 1
2012,DAL,2012-02-10,8:00p,@,Minnesota Timberwolves,W,,104,97,16,11,W 2
2012,DAL,2012-02-11,8:30p,,Portland Trail Blazers,W,2OT,97,94,17,11,W 3
2012,DAL,2012-02-13,8:30p,,Los Angeles Clippers,W,,96,92,18,11,W 4
2012,DAL,2012-02-15,8:30p,,Denver Nuggets,W,,102,84,19,11,W 5
2012,DAL,2012-02-17,8:00p,@,Philadelphia 76ers,W,,82,75,20,11,W 6
2012,DAL,2012-02-19,1:00p,@,New York Knicks,L,,97,104,20,12,L 1
2012,DAL,2012-02-20,8:00p,,Boston Celtics,W,,89,73,21,12,W 1
2012,DAL,2012-02-22,9:30p,,Los Angeles Lakers,L,,91,96,21,13,L 1
2012,DAL,2012-02-28,8:30p,,New Jersey Nets,L,,92,93,21,14,L 2
2012,DAL,2012-02-29,8:00p,@,Memphis Grizzlies,L,,85,96,21,15,L 3
2012,DAL,2012-03-02,8:00p,@,New Orleans Hornets,L,,92,97,21,16,L 4
2012,DAL,2012-03-03,8:30p,,Utah Jazz,W,,102,96,22,16,W 1
2012,DAL,2012-03-05,8:00p,@,Oklahoma City Thunder,L,,91,95,22,17,L 1
2012,DAL,2012-03-06,8:30p,,New York Knicks,W,,95,85,23,17,W 1
2012,DAL,2012-03-08,10:30p,@,Phoenix Suns,L,,94,96,23,18,L 1
2012,DAL,2012-03-09,10:00p,@,Sacramento Kings,L,,97,110,23,19,L 2
2012,DAL,2012-03-10,10:30p,@,Golden State Warriors,L,,87,111,23,20,L 3
2012,DAL,2012-03-13,8:30p,,Washington Wizards,W,,107,98,24,20,W 1
2012,DAL,2012-03-15,8:30p,,Charlotte Bobcats,W,,101,96,25,20,W 2
2012,DAL,2012-03-17,9:00p,,San Antonio Spurs,W,,106,99,26,20,W 3
2012,DAL,2012-03-19,10:30p,@,Denver Nuggets,W,,112,95,27,20,W 4
2012,DAL,2012-03-21,9:30p,,Los Angeles Lakers,L,,93,109,27,21,L 1
2012,DAL,2012-03-23,8:30p,@,San Antonio Spurs,L,,87,104,27,22,L 2
2012,DAL,2012-03-24,8:00p,@,Houston Rockets,W,OT,101,99,28,22,W 1
2012,DAL,2012-03-27,8:30p,,Houston Rockets,W,,90,81,29,22,W 2
2012,DAL,2012-03-29,8:00p,@,Miami Heat,L,,85,106,29,23,L 1
2012,DAL,2012-03-30,8:00p,@,Orlando Magic,W,,100,98,30,23,W 1
2012,DAL,2012-04-02,8:30p,,Los Angeles Clippers,L,,75,94,30,24,L 1
2012,DAL,2012-04-04,8:30p,,Memphis Grizzlies,W,,95,85,31,24,W 1
2012,DAL,2012-04-06,8:30p,,Portland Trail Blazers,L,OT,97,99,31,25,L 1
2012,DAL,2012-04-07,8:00p,@,Memphis Grizzlies,L,,89,94,31,26,L 2
2012,DAL,2012-04-10,8:30p,,Sacramento Kings,W,,110,100,32,26,W 1
2012,DAL,2012-04-12,10:30p,@,Golden State Warriors,W,,112,103,33,26,W 2
2012,DAL,2012-04-13,10:30p,@,Portland Trail Blazers,W,,97,94,34,26,W 3
2012,DAL,2012-04-15,3:30p,@,Los Angeles Lakers,L,OT,108,112,34,27,L 1
2012,DAL,2012-04-16,9:00p,@,Utah Jazz,L,3OT,121,123,34,28,L 2
2012,DAL,2012-04-18,8:30p,,Houston Rockets,W,,117,110,35,28,W 1
2012,DAL,2012-04-20,8:30p,,Golden State Warriors,W,,104,94,36,28,W 2
2012,DAL,2012-04-21,8:00p,@,Chicago Bulls,L,,83,93,36,29,L 1
2012,DAL,2012-04-26,8:00p,@,Atlanta Hawks,L,,89,106,36,30,L 2
2012,DAL,2012-04-28,9:30p,@,Oklahoma City Thunder,L,,98,99,0,1,L 1
2012,DAL,2012-04-30,9:30p,@,Oklahoma City Thunder,L,,99,102,0,2,L 2
2012,DAL,2012-05-03,9:30p,,Oklahoma City Thunder,L,,79,95,0,3,L 3
2012,DAL,2012-05-05,7:30p,,Oklahoma City Thunder,L,,97,103,0,4,L 4
2012,DEN,2011-12-26,8:30p,@,Dallas Mavericks,W,,115,93,1,0,W 1
2012,DEN,2011-12-28,9:00p,,Utah Jazz,W,,117,100,2,0,W 2
2012,DEN,2011-12-29,10:00p,@,Portland Trail Blazers,L,,102,111,2,1,L 1
2012,DEN,2011-12-31,3:30p,@,Los Angeles Lakers,L,,89,92,2,2,L 2
2012,DEN,2012-01-01,8:00p,,Los Angeles Lakers,W,,99,90,3,2,W 1
2012,DEN,2012-01-02,9:00p,,Milwaukee Bucks,W,,91,86,4,2,W 2
2012,DEN,2012-01-04,9:00p,,Sacramento Kings,W,,110,83,5,2,W 3
2012,DEN,2012-01-06,8:00p,@,New Orleans Hornets,W,,96,88,6,2,W 4
2012,DEN,2012-01-07,8:30p,@,San Antonio Spurs,L,,117,121,6,3,L 1
2012,DEN,2012-01-09,9:00p,,New Orleans Hornets,L,,81,94,6,4,L 2
2012,DEN,2012-01-11,9:00p,,New Jersey Nets,W,,123,115,7,4,W 1
2012,DEN,2012-01-13,10:30p,,Miami Heat,W,,117,104,8,4,W 2
2012,DEN,2012-01-15,8:00p,,Utah Jazz,L,,96,106,8,5,L 1
2012,DEN,2012-01-17,8:00p,@,Milwaukee Bucks,W,,105,95,9,5,W 1
2012,DEN,2012-01-18,7:00p,@,Philadelphia 76ers,W,OT,108,104,10,5,W 2
2012,DEN,2012-01-20,7:00p,@,Washington Wizards,W,,108,104,11,5,W 3
2012,DEN,2012-01-21,7:30p,@,New York Knicks,W,2OT,119,114,12,5,W 4
2012,DEN,2012-01-25,10:00p,@,Sacramento Kings,W,,122,93,13,5,W 5
2012,DEN,2012-01-27,9:00p,,Toronto Raptors,W,,96,81,14,5,W 6
2012,DEN,2012-01-29,8:00p,,Los Angeles Clippers,L,,105,109,14,6,L 1
2012,DEN,2012-01-31,8:00p,@,Memphis Grizzlies,L,OT,97,100,14,7,L 2
2012,DEN,2012-02-02,10:30p,@,Los Angeles Clippers,W,,112,91,15,7,W 1
2012,DEN,2012-02-03,10:30p,,Los Angeles Lakers,L,,89,93,15,8,L 1
2012,DEN,2012-02-04,10:00p,@,Portland Trail Blazers,L,,97,117,15,9,L 2
2012,DEN,2012-02-06,9:00p,,Houston Rockets,L,,90,99,15,10,L 3
2012,DEN,2012-02-08,9:00p,,Dallas Mavericks,L,,95,105,15,11,L 4
2012,DEN,2012-02-09,9:00p,,Golden State Warriors,L,,101,109,15,12,L 5
2012,DEN,2012-02-11,7:00p,@,Indiana Pacers,W,,113,109,16,12,W 1
2012,DEN,2012-02-14,9:00p,,Phoenix Suns,W,,109,92,17,12,W 2
2012,DEN,2012-02-15,8:30p,@,Dallas Mavericks,L,,84,102,17,13,L 1
2012,DEN,2012-02-17,8:00p,@,Memphis Grizzlies,L,,102,103,17,14,L 2
2012,DEN,2012-02-19,8:00p,@,Oklahoma City Thunder,L,OT,118,124,17,15,L 3
2012,DEN,2012-02-20,9:00p,,Minnesota Timberwolves,W,OT,103,101,18,15,W 1
2012,DEN,2012-02-22,10:30p,@,Los Angeles Clippers,L,,95,103,18,16,L 1
2012,DEN,2012-02-23,9:00p,,San Antonio Spurs,L,,99,114,18,17,L 2
2012,DEN,2012-02-29,9:00p,,Portland Trail Blazers,W,,104,95,19,17,W 1
2012,DEN,2012-03-02,8:00p,@,Houston Rockets,W,,117,105,20,17,W 2
2012,DEN,2012-03-04,9:30p,@,San Antonio Spurs,W,,99,94,21,17,W 3
2012,DEN,2012-03-05,9:00p,,Sacramento Kings,W,OT,119,116,22,17,W 4
2012,DEN,2012-03-07,9:00p,,Cleveland Cavaliers,L,,99,100,22,18,L 1
2012,DEN,2012-03-09,9:00p,,New Orleans Hornets,W,,110,97,23,18,W 1
2012,DEN,2012-03-11,8:00p,,Memphis Grizzlies,L,,91,94,23,19,L 1
2012,DEN,2012-03-13,9:00p,,Atlanta Hawks,W,OT,118,117,24,19,W 1
2012,DEN,2012-03-15,9:00p,,Oklahoma City Thunder,L,,90,103,24,20,L 1
2012,DEN,2012-03-17,9:00p,,Boston Celtics,W,,98,91,25,20,W 1
2012,DEN,2012-03-19,10:30p,,Dallas Mavericks,L,,95,112,25,21,L 1
2012,DEN,2012-03-21,9:00p,,Detroit Pistons,W,,116,115,26,21,W 1
2012,DEN,2012-03-23,10:30p,@,Utah Jazz,L,,102,121,26,22,L 1
2012,DEN,2012-03-25,3:30p,@,Minnesota Timberwolves,L,,100,117,26,23,L 2
2012,DEN,2012-03-26,8:00p,@,Chicago Bulls,W,,108,91,27,23,W 1
2012,DEN,2012-03-28,7:00p,@,Toronto Raptors,L,,96,105,27,24,L 1
2012,DEN,2012-03-30,7:00p,@,Charlotte Bobcats,W,,99,88,28,24,W 1
2012,DEN,2012-04-01,6:00p,@,Orlando Magic,W,,104,101,29,24,W 2
2012,DEN,2012-04-04,8:00p,@,New Orleans Hornets,L,,92,94,29,25,L 1
2012,DEN,2012-04-06,9:00p,,Phoenix Suns,W,,105,99,30,25,W 1
2012,DEN,2012-04-07,10:30p,@,Golden State Warriors,L,,97,112,30,26,L 1
2012,DEN,2012-04-09,9:00p,,Golden State Warriors,W,,123,84,31,26,W 1
2012,DEN,2012-04-11,9:00p,,Minnesota Timberwolves,W,,113,107,32,26,W 2
2012,DEN,2012-04-13,10:30p,@,Los Angeles Lakers,L,,97,103,32,27,L 1
2012,DEN,2012-04-15,8:00p,,Houston Rockets,W,,101,86,33,27,W 1
2012,DEN,2012-04-16,8:00p,@,Houston Rockets,W,,105,102,34,27,W 2
2012,DEN,2012-04-18,9:00p,,Los Angeles Clippers,L,,98,104,34,28,L 1
2012,DEN,2012-04-21,5:30p,@,Phoenix Suns,W,,118,107,35,28,W 1
2012,DEN,2012-04-22,8:00p,,Orlando Magic,W,,101,74,36,28,W 2
2012,DEN,2012-04-25,8:00p,@,Oklahoma City Thunder,W,,106,101,37,28,W 3
2012,DEN,2012-04-26,8:00p,@,Minnesota Timberwolves,W,,131,102,38,28,W 4
2012,DEN,2012-04-29,3:30p,@,Los Angeles Lakers,L,,88,103,0,1,L 1
2012,DEN,2012-05-01,10:30p,@,Los Angeles Lakers,L,,100,104,0,2,L 2
2012,DEN,2012-05-04,10:30p,,Los Angeles Lakers,W,,99,84,1,2,W 1
2012,DEN,2012-05-06,9:30p,,Los Angeles Lakers,L,,88,92,1,3,L 1
2012,DEN,2012-05-08,10:30p,@,Los Angeles Lakers,W,,102,99,2,3,W 1
2012,DEN,2012-05-10,10:30p,,Los Angeles Lakers,W,,113,96,3,3,W 2
2012,DEN,2012-05-12,10:30p,@,Los Angeles Lakers,L,,87,96,3,4,L 1
2012,DET,2011-12-26,7:00p,@,Indiana Pacers,L,,79,91,0,1,L 1
2012,DET,2011-12-28,7:30p,,Cleveland Cavaliers,L,,89,105,0,2,L 2
2012,DET,2011-12-30,7:30p,@,Boston Celtics,L,,85,96,0,3,L 3
2012,DET,2011-12-31,6:00p,,Indiana Pacers,W,,96,88,1,3,W 1
2012,DET,2012-01-02,7:30p,,Orlando Magic,W,,89,78,2,3,W 2
2012,DET,2012-01-04,7:30p,,Chicago Bulls,L,,83,99,2,4,L 1
2012,DET,2012-01-06,7:00p,@,Philadelphia 76ers,L,,73,96,2,5,L 2
2012,DET,2012-01-07,7:30p,,New York Knicks,L,,80,103,2,6,L 3
2012,DET,2012-01-09,8:00p,@,Chicago Bulls,L,,68,92,2,7,L 4
2012,DET,2012-01-10,7:30p,,Dallas Mavericks,L,,86,100,2,8,L 5
2012,DET,2012-01-12,8:00p,@,Milwaukee Bucks,L,,93,102,2,9,L 6
2012,DET,2012-01-13,7:00p,@,Charlotte Bobcats,W,,98,81,3,9,W 1
2012,DET,2012-01-15,6:00p,,Golden State Warriors,L,,91,99,3,10,L 1
2012,DET,2012-01-17,8:00p,@,Houston Rockets,L,,80,97,3,11,L 2
2012,DET,2012-01-18,8:00p,@,Minnesota Timberwolves,L,,85,93,3,12,L 3
2012,DET,2012-01-20,7:30p,,Memphis Grizzlies,L,,81,98,3,13,L 4
2012,DET,2012-01-21,7:30p,,Portland Trail Blazers,W,,94,91,4,13,W 1
2012,DET,2012-01-23,8:00p,@,Oklahoma City Thunder,L,,79,99,4,14,L 1
2012,DET,2012-01-25,7:30p,,Miami Heat,L,,98,101,4,15,L 2
2012,DET,2012-01-27,7:30p,,Atlanta Hawks,L,OT,101,107,4,16,L 3
2012,DET,2012-01-28,7:00p,@,Philadelphia 76ers,L,,74,95,4,17,L 4
2012,DET,2012-01-30,8:00p,@,Milwaukee Bucks,L,,82,103,4,18,L 5
2012,DET,2012-01-31,7:30p,@,New York Knicks,L,,86,113,4,19,L 6
2012,DET,2012-02-01,7:30p,@,New Jersey Nets,L,,96,99,4,20,L 7
2012,DET,2012-02-03,7:30p,,Milwaukee Bucks,W,,88,80,5,20,W 1
2012,DET,2012-02-04,7:30p,,New Orleans Hornets,W,,89,87,6,20,W 2
2012,DET,2012-02-08,7:30p,@,New Jersey Nets,W,,99,92,7,20,W 3
2012,DET,2012-02-10,7:30p,,New Jersey Nets,W,,109,92,8,20,W 4
2012,DET,2012-02-12,6:00p,,Washington Wizards,L,,77,98,8,21,L 1
2012,DET,2012-02-14,7:30p,,San Antonio Spurs,L,,95,99,8,22,L 2
2012,DET,2012-02-15,7:30p,@,Boston Celtics,W,,98,88,9,22,W 1
2012,DET,2012-02-17,7:30p,,Sacramento Kings,W,,114,108,10,22,W 2
2012,DET,2012-02-19,6:00p,,Boston Celtics,W,,96,81,11,22,W 3
2012,DET,2012-02-21,7:00p,@,Cleveland Cavaliers,L,,100,101,11,23,L 1
2012,DET,2012-02-22,7:00p,@,Toronto Raptors,L,,93,103,11,24,L 2
2012,DET,2012-02-28,7:30p,,Philadelphia 76ers,L,,68,97,11,25,L 3
2012,DET,2012-02-29,7:30p,,Charlotte Bobcats,W,,109,94,12,25,W 1
2012,DET,2012-03-03,8:00p,@,Memphis Grizzlies,L,,83,100,12,26,L 1
2012,DET,2012-03-06,7:30p,,Los Angeles Lakers,W,OT,88,85,13,26,W 1
2012,DET,2012-03-09,7:30p,,Atlanta Hawks,W,,86,85,14,26,W 2
2012,DET,2012-03-10,7:30p,,Toronto Raptors,W,,105,86,15,26,W 3
2012,DET,2012-03-12,9:00p,@,Utah Jazz,L,,90,105,15,27,L 1
2012,DET,2012-03-14,10:00p,@,Sacramento Kings,W,,124,112,16,27,W 1
2012,DET,2012-03-16,10:00p,@,Phoenix Suns,L,,101,109,16,28,L 1
2012,DET,2012-03-18,3:30p,@,Los Angeles Clippers,L,OT,83,87,16,29,L 2
2012,DET,2012-03-21,9:00p,@,Denver Nuggets,L,,115,116,16,30,L 3
2012,DET,2012-03-23,7:30p,,Miami Heat,L,,73,88,16,31,L 4
2012,DET,2012-03-24,7:30p,@,New York Knicks,L,,79,101,16,32,L 5
2012,DET,2012-03-26,7:00p,@,Washington Wizards,W,,79,77,17,32,W 1
2012,DET,2012-03-28,7:00p,@,Cleveland Cavaliers,W,,87,75,18,32,W 2
2012,DET,2012-03-30,8:00p,@,Chicago Bulls,L,,71,83,18,33,L 1
2012,DET,2012-03-31,7:30p,,Charlotte Bobcats,W,OT,110,107,19,33,W 1
2012,DET,2012-04-03,7:30p,,Orlando Magic,W,,102,95,20,33,W 2
2012,DET,2012-04-05,7:30p,,Washington Wizards,W,,99,94,21,33,W 3
2012,DET,2012-04-06,7:30p,@,Atlanta Hawks,L,,96,101,21,34,L 1
2012,DET,2012-04-08,6:00p,@,Miami Heat,L,,75,98,21,35,L 2
2012,DET,2012-04-09,7:00p,@,Orlando Magic,L,,89,119,21,36,L 3
2012,DET,2012-04-12,7:00p,@,Charlotte Bobcats,W,,109,85,22,36,W 1
2012,DET,2012-04-13,8:00p,,Milwaukee Bucks,L,,97,113,22,37,L 1
2012,DET,2012-04-15,6:00p,,Chicago Bulls,L,OT,94,100,22,38,L 2
2012,DET,2012-04-17,7:30p,,Cleveland Cavaliers,W,,116,77,23,38,W 1
2012,DET,2012-04-18,7:30p,@,Atlanta Hawks,L,,84,116,23,39,L 1
2012,DET,2012-04-19,7:30p,,Minnesota Timberwolves,L,,80,91,23,40,L 2
2012,DET,2012-04-22,6:00p,,Toronto Raptors,W,,76,73,24,40,W 1
2012,DET,2012-04-23,7:00p,@,Indiana Pacers,L,,97,103,24,41,L 1
2012,DET,2012-04-26,8:00p,,Philadelphia 76ers,W,,108,86,25,41,W 1
2012,GSW,2011-12-25,10:30p,,Los Angeles Clippers,L,,86,105,0,1,L 1
2012,GSW,2011-12-26,10:30p,,Chicago Bulls,W,,99,91,1,1,W 1
2012,GSW,2011-12-28,10:30p,,New York Knicks,W,,92,78,2,1,W 2
2012,GSW,2011-12-31,9:00p,,Philadelphia 76ers,L,,79,107,2,2,L 1
2012,GSW,2012-01-02,3:30p,@,Phoenix Suns,L,,91,102,2,3,L 2
2012,GSW,2012-01-04,8:30p,@,San Antonio Spurs,L,,95,101,2,4,L 3
2012,GSW,2012-01-06,10:30p,@,Los Angeles Lakers,L,,90,97,2,5,L 4
2012,GSW,2012-01-07,10:30p,,Utah Jazz,L,,87,88,2,6,L 5
2012,GSW,2012-01-10,10:30p,,Miami Heat,W,OT,111,106,3,6,W 1
2012,GSW,2012-01-12,10:30p,,Orlando Magic,L,,109,117,3,7,L 1
2012,GSW,2012-01-14,7:00p,@,Charlotte Bobcats,L,,100,112,3,8,L 2
2012,GSW,2012-01-15,6:00p,@,Detroit Pistons,W,,99,91,4,8,W 1
2012,GSW,2012-01-17,7:00p,@,Cleveland Cavaliers,W,,105,95,5,8,W 2
2012,GSW,2012-01-18,7:30p,@,New Jersey Nets,L,,100,107,5,9,L 1
2012,GSW,2012-01-20,10:30p,,Indiana Pacers,L,,91,94,5,10,L 2
2012,GSW,2012-01-23,10:30p,,Memphis Grizzlies,L,,90,91,5,11,L 3
2012,GSW,2012-01-25,10:30p,,Portland Trail Blazers,W,,101,93,6,11,W 1
2012,GSW,2012-01-27,10:30p,,Oklahoma City Thunder,L,,109,120,6,12,L 1
2012,GSW,2012-01-31,10:30p,,Sacramento Kings,W,,93,90,7,12,W 1
2012,GSW,2012-02-02,10:30p,,Utah Jazz,W,,119,101,8,12,W 2
2012,GSW,2012-02-04,10:00p,@,Sacramento Kings,L,OT,106,114,8,13,L 1
2012,GSW,2012-02-07,10:30p,,Oklahoma City Thunder,L,,116,119,8,14,L 2
2012,GSW,2012-02-09,9:00p,@,Denver Nuggets,W,,109,101,9,14,W 1
2012,GSW,2012-02-12,9:00p,,Houston Rockets,W,,106,97,10,14,W 2
2012,GSW,2012-02-13,10:30p,,Phoenix Suns,W,,102,96,11,14,W 3
2012,GSW,2012-02-15,10:00p,,Portland Trail Blazers,L,,91,93,11,15,L 1
2012,GSW,2012-02-17,8:00p,@,Oklahoma City Thunder,L,,87,110,11,16,L 2
2012,GSW,2012-02-18,8:00p,@,Memphis Grizzlies,L,,103,104,11,17,L 3
2012,GSW,2012-02-20,10:30p,,Los Angeles Clippers,W,,104,97,12,17,W 1
2012,GSW,2012-02-22,9:00p,@,Phoenix Suns,W,,106,104,13,17,W 2
2012,GSW,2012-02-28,7:00p,@,Indiana Pacers,L,,78,102,13,18,L 1
2012,GSW,2012-02-29,7:30p,@,Atlanta Hawks,W,,85,82,14,18,W 1
2012,GSW,2012-03-02,8:00p,@,Philadelphia 76ers,L,,83,105,14,19,L 1
2012,GSW,2012-03-04,6:00p,@,Toronto Raptors,L,,75,83,14,20,L 2
2012,GSW,2012-03-05,7:00p,@,Washington Wizards,W,,120,100,15,20,W 1
2012,GSW,2012-03-07,10:30p,,Memphis Grizzlies,L,,92,110,15,21,L 1
2012,GSW,2012-03-10,10:30p,,Dallas Mavericks,W,,111,87,16,21,W 1
2012,GSW,2012-03-11,9:30p,@,Los Angeles Clippers,W,,97,93,17,21,W 2
2012,GSW,2012-03-13,10:00p,@,Sacramento Kings,W,,115,89,18,21,W 3
2012,GSW,2012-03-14,10:30p,,Boston Celtics,L,,103,105,18,22,L 1
2012,GSW,2012-03-16,10:30p,,Milwaukee Bucks,L,,98,120,18,23,L 2
2012,GSW,2012-03-17,9:00p,@,Utah Jazz,L,OT,92,99,18,24,L 3
2012,GSW,2012-03-19,10:30p,,Minnesota Timberwolves,L,,93,97,18,25,L 4
2012,GSW,2012-03-21,8:00p,@,New Orleans Hornets,W,,101,92,19,25,W 1
2012,GSW,2012-03-22,8:00p,@,Houston Rockets,L,,83,109,19,26,L 1
2012,GSW,2012-03-24,10:30p,,Sacramento Kings,W,,111,108,20,26,W 1
2012,GSW,2012-03-25,9:00p,@,Portland Trail Blazers,L,,87,90,20,27,L 1
2012,GSW,2012-03-27,10:30p,,Los Angeles Lakers,L,,101,104,20,28,L 2
2012,GSW,2012-03-28,10:30p,,New Orleans Hornets,L,,87,102,20,29,L 3
2012,GSW,2012-03-30,10:30p,,New Jersey Nets,L,,100,102,20,30,L 4
2012,GSW,2012-04-01,9:30p,@,Los Angeles Lakers,L,,112,120,20,31,L 5
2012,GSW,2012-04-03,8:00p,@,Memphis Grizzlies,L,,94,98,20,32,L 6
2012,GSW,2012-04-04,8:00p,@,Minnesota Timberwolves,W,,97,94,21,32,W 1
2012,GSW,2012-04-06,9:00p,@,Utah Jazz,L,,98,104,21,33,L 1
2012,GSW,2012-04-07,10:30p,,Denver Nuggets,W,,112,97,22,33,W 1
2012,GSW,2012-04-09,9:00p,@,Denver Nuggets,L,,84,123,22,34,L 1
2012,GSW,2012-04-11,10:30p,@,Portland Trail Blazers,L,,110,118,22,35,L 2
2012,GSW,2012-04-12,10:30p,,Dallas Mavericks,L,,103,112,22,36,L 3
2012,GSW,2012-04-14,3:30p,@,Los Angeles Clippers,L,,104,112,22,37,L 4
2012,GSW,2012-04-16,10:30p,,San Antonio Spurs,L,,99,120,22,38,L 5
2012,GSW,2012-04-18,10:30p,,Los Angeles Lakers,L,,87,99,22,39,L 6
2012,GSW,2012-04-20,8:30p,@,Dallas Mavericks,L,,94,104,22,40,L 7
2012,GSW,2012-04-21,8:00p,@,Houston Rockets,L,,96,99,22,41,L 8
2012,GSW,2012-04-22,7:00p,@,Minnesota Timberwolves,W,,93,88,23,41,W 1
2012,GSW,2012-04-24,10:30p,,New Orleans Hornets,L,,81,83,23,42,L 1
2012,GSW,2012-04-26,10:30p,,San Antonio Spurs,L,,101,107,23,43,L 2
2012,HOU,2011-12-26,7:00p,@,Orlando Magic,L,,95,104,0,1,L 1
2012,HOU,2011-12-29,8:00p,,San Antonio Spurs,W,,105,85,1,1,W 1
2012,HOU,2011-12-30,8:00p,@,Memphis Grizzlies,L,,93,113,1,2,L 1
2012,HOU,2011-12-31,7:00p,,Atlanta Hawks,W,,95,84,2,2,W 1
2012,HOU,2012-01-03,10:30p,@,Los Angeles Lakers,L,,99,108,2,3,L 1
2012,HOU,2012-01-04,10:30p,@,Los Angeles Clippers,L,,89,117,2,4,L 2
2012,HOU,2012-01-06,8:00p,@,Oklahoma City Thunder,L,,94,109,2,5,L 3
2012,HOU,2012-01-07,8:00p,,Oklahoma City Thunder,L,,95,98,2,6,L 4
2012,HOU,2012-01-10,7:00p,@,Charlotte Bobcats,W,,82,70,3,6,W 1
2012,HOU,2012-01-11,8:30p,@,San Antonio Spurs,L,OT,95,101,3,7,L 1
2012,HOU,2012-01-13,8:00p,,Sacramento Kings,W,,103,89,4,7,W 1
2012,HOU,2012-01-14,8:00p,,Portland Trail Blazers,W,OT,107,105,5,7,W 2
2012,HOU,2012-01-16,2:00p,@,Washington Wizards,W,,114,106,6,7,W 3
2012,HOU,2012-01-17,8:00p,,Detroit Pistons,W,,97,80,7,7,W 4
2012,HOU,2012-01-19,8:00p,,New Orleans Hornets,W,OT,90,88,8,7,W 5
2012,HOU,2012-01-21,8:00p,,San Antonio Spurs,W,,105,102,9,7,W 6
2012,HOU,2012-01-23,8:00p,@,Minnesota Timberwolves,W,,107,92,10,7,W 7
2012,HOU,2012-01-25,8:00p,,Milwaukee Bucks,L,,99,105,10,8,L 1
2012,HOU,2012-01-27,8:00p,,Washington Wizards,W,,103,76,11,8,W 1
2012,HOU,2012-01-28,8:00p,,New York Knicks,W,,97,84,12,8,W 2
2012,HOU,2012-01-30,8:00p,,Minnesota Timberwolves,L,,108,120,12,9,L 1
2012,HOU,2012-02-01,8:30p,@,San Antonio Spurs,L,,91,99,12,10,L 2
2012,HOU,2012-02-03,8:00p,,Phoenix Suns,W,,99,81,13,10,W 1
2012,HOU,2012-02-04,8:00p,@,Minnesota Timberwolves,L,,91,100,13,11,L 1
2012,HOU,2012-02-06,9:00p,@,Denver Nuggets,W,,99,90,14,11,W 1
2012,HOU,2012-02-08,10:00p,@,Portland Trail Blazers,W,,103,96,15,11,W 2
2012,HOU,2012-02-09,9:00p,@,Phoenix Suns,W,,96,89,16,11,W 3
2012,HOU,2012-02-12,9:00p,@,Golden State Warriors,L,,97,106,16,12,L 1
2012,HOU,2012-02-14,8:00p,@,Memphis Grizzlies,L,,83,93,16,13,L 2
2012,HOU,2012-02-15,8:00p,,Oklahoma City Thunder,W,,96,95,17,13,W 1
2012,HOU,2012-02-17,8:00p,,Minnesota Timberwolves,L,,98,111,17,14,L 1
2012,HOU,2012-02-19,7:00p,,Utah Jazz,W,,101,85,18,14,W 1
2012,HOU,2012-02-20,8:00p,,Memphis Grizzlies,W,,97,93,19,14,W 2
2012,HOU,2012-02-22,8:00p,,Philadelphia 76ers,W,,93,87,20,14,W 3
2012,HOU,2012-02-28,8:00p,,Toronto Raptors,W,,88,85,21,14,W 4
2012,HOU,2012-02-29,9:00p,@,Utah Jazz,L,,83,104,21,15,L 1
2012,HOU,2012-03-02,8:00p,,Denver Nuggets,L,,105,117,21,16,L 2
2012,HOU,2012-03-04,7:00p,,Los Angeles Clippers,L,OT,103,105,21,17,L 3
2012,HOU,2012-03-06,7:30p,@,Boston Celtics,L,OT,92,97,21,18,L 4
2012,HOU,2012-03-07,7:00p,@,Toronto Raptors,L,,98,116,21,19,L 5
2012,HOU,2012-03-10,8:00p,@,New Jersey Nets,W,,112,106,22,19,W 1
2012,HOU,2012-03-11,6:00p,@,Cleveland Cavaliers,L,,107,118,22,20,L 1
2012,HOU,2012-03-13,8:00p,@,Oklahoma City Thunder,W,,104,103,23,20,W 1
2012,HOU,2012-03-14,8:00p,,Charlotte Bobcats,W,,107,87,24,20,W 2
2012,HOU,2012-03-17,3:30p,@,Los Angeles Clippers,L,,91,95,24,21,L 1
2012,HOU,2012-03-18,9:00p,@,Phoenix Suns,L,,86,99,24,22,L 2
2012,HOU,2012-03-20,8:00p,,Los Angeles Lakers,W,,107,104,25,22,W 1
2012,HOU,2012-03-22,8:00p,,Golden State Warriors,W,,109,83,26,22,W 2
2012,HOU,2012-03-24,8:00p,,Dallas Mavericks,L,OT,99,101,26,23,L 1
2012,HOU,2012-03-26,8:00p,,Sacramento Kings,W,OT,113,106,27,23,W 1
2012,HOU,2012-03-27,8:30p,@,Dallas Mavericks,L,,81,90,27,24,L 1
2012,HOU,2012-03-30,8:00p,,Memphis Grizzlies,W,,98,89,28,24,W 1
2012,HOU,2012-04-01,7:00p,,Indiana Pacers,L,OT,102,104,28,25,L 1
2012,HOU,2012-04-02,8:00p,@,Chicago Bulls,W,,99,93,29,25,W 1
2012,HOU,2012-04-06,10:30p,@,Los Angeles Lakers,W,,112,107,30,25,W 2
2012,HOU,2012-04-08,9:00p,@,Sacramento Kings,W,,104,87,31,25,W 3
2012,HOU,2012-04-09,10:00p,@,Portland Trail Blazers,W,,94,89,32,25,W 4
2012,HOU,2012-04-11,8:00p,,Utah Jazz,L,,91,103,32,26,L 1
2012,HOU,2012-04-13,8:00p,,Phoenix Suns,L,,105,112,32,27,L 2
2012,HOU,2012-04-15,8:00p,@,Denver Nuggets,L,,86,101,32,28,L 3
2012,HOU,2012-04-16,8:00p,,Denver Nuggets,L,,102,105,32,29,L 4
2012,HOU,2012-04-18,8:30p,@,Dallas Mavericks,L,,110,117,32,30,L 5
2012,HOU,2012-04-19,8:00p,@,New Orleans Hornets,L,OT,99,105,32,31,L 6
2012,HOU,2012-04-21,8:00p,,Golden State Warriors,W,,99,96,33,31,W 1
2012,HOU,2012-04-22,6:00p,@,Miami Heat,L,,88,97,33,32,L 1
2012,HOU,2012-04-26,8:00p,,New Orleans Hornets,W,,84,77,34,32,W 1
2012,IND,2011-12-26,7:00p,,Detroit Pistons,W,,91,79,1,0,W 1
2012,IND,2011-12-28,6:00p,@,Toronto Raptors,W,,90,85,2,0,W 2
2012,IND,2011-12-30,7:00p,,Cleveland Cavaliers,W,OT,98,91,3,0,W 3
2012,IND,2011-12-31,6:00p,@,Detroit Pistons,L,,88,96,3,1,L 1
2012,IND,2012-01-02,7:30p,@,New Jersey Nets,W,,108,94,4,1,W 1
2012,IND,2012-01-04,7:30p,@,Miami Heat,L,,83,118,4,2,L 1
2012,IND,2012-01-06,7:30p,@,Boston Celtics,W,,87,74,5,2,W 1
2012,IND,2012-01-07,7:00p,,Charlotte Bobcats,W,,99,77,6,2,W 2
2012,IND,2012-01-09,7:00p,@,Philadelphia 76ers,L,,86,96,6,3,L 1
2012,IND,2012-01-11,7:00p,,Atlanta Hawks,W,,96,84,7,3,W 1
2012,IND,2012-01-13,7:00p,@,Toronto Raptors,W,,95,90,8,3,W 2
2012,IND,2012-01-14,7:00p,,Boston Celtics,W,,97,83,9,3,W 3
2012,IND,2012-01-18,10:00p,@,Sacramento Kings,L,,88,92,9,4,L 1
2012,IND,2012-01-20,10:30p,@,Golden State Warriors,W,,94,91,10,4,W 1
2012,IND,2012-01-22,9:30p,@,Los Angeles Lakers,W,,98,96,11,4,W 2
2012,IND,2012-01-24,7:00p,,Orlando Magic,L,,83,102,11,5,L 1
2012,IND,2012-01-25,8:00p,@,Chicago Bulls,W,,95,90,12,5,W 1
2012,IND,2012-01-27,7:30p,@,Boston Celtics,L,,87,94,12,6,L 1
2012,IND,2012-01-29,6:00p,@,Orlando Magic,W,,106,85,13,6,W 1
2012,IND,2012-01-31,7:00p,,New Jersey Nets,W,,106,99,14,6,W 2
2012,IND,2012-02-01,8:00p,@,Minnesota Timberwolves,W,,109,99,15,6,W 3
2012,IND,2012-02-03,8:30p,@,Dallas Mavericks,W,,98,87,16,6,W 4
2012,IND,2012-02-04,7:00p,,Orlando Magic,L,,81,85,16,7,L 1
2012,IND,2012-02-07,7:00p,,Utah Jazz,W,,104,99,17,7,W 1
2012,IND,2012-02-08,7:30p,@,Atlanta Hawks,L,,87,97,17,8,L 1
2012,IND,2012-02-10,8:00p,@,Memphis Grizzlies,L,,92,98,17,9,L 2
2012,IND,2012-02-11,7:00p,,Denver Nuggets,L,,109,113,17,10,L 3
2012,IND,2012-02-14,7:00p,,Miami Heat,L,,90,105,17,11,L 4
2012,IND,2012-02-15,7:30p,@,Cleveland Cavaliers,L,,87,98,17,12,L 5
2012,IND,2012-02-16,7:00p,,New Jersey Nets,W,,93,88,18,12,W 1
2012,IND,2012-02-19,6:00p,,Charlotte Bobcats,W,,108,73,19,12,W 2
2012,IND,2012-02-21,7:00p,,New Orleans Hornets,W,OT,117,108,20,12,W 3
2012,IND,2012-02-22,7:00p,@,Charlotte Bobcats,W,,102,88,21,12,W 4
2012,IND,2012-02-28,7:00p,,Golden State Warriors,W,,102,78,22,12,W 5
2012,IND,2012-03-03,8:00p,@,New Orleans Hornets,W,,102,84,23,12,W 6
2012,IND,2012-03-05,8:00p,@,Chicago Bulls,L,,72,92,23,13,L 1
2012,IND,2012-03-06,7:00p,,Atlanta Hawks,L,,96,101,23,14,L 2
2012,IND,2012-03-10,7:30p,@,Miami Heat,L,OT,91,93,23,15,L 3
2012,IND,2012-03-11,6:00p,@,Orlando Magic,L,,94,107,23,16,L 4
2012,IND,2012-03-13,7:00p,,Portland Trail Blazers,W,,92,75,24,16,W 1
2012,IND,2012-03-14,7:00p,,Philadelphia 76ers,W,,111,94,25,16,W 2
2012,IND,2012-03-16,7:30p,@,New York Knicks,L,,100,115,25,17,L 1
2012,IND,2012-03-17,7:00p,,New York Knicks,L,,88,102,25,18,L 2
2012,IND,2012-03-20,7:00p,,Los Angeles Clippers,W,,102,89,26,18,W 1
2012,IND,2012-03-22,7:00p,@,Washington Wizards,W,,85,83,27,18,W 2
2012,IND,2012-03-23,7:00p,,Phoenix Suns,L,,111,113,27,19,L 1
2012,IND,2012-03-24,8:30p,@,Milwaukee Bucks,W,,125,104,28,19,W 1
2012,IND,2012-03-26,7:00p,,Miami Heat,W,,105,90,29,19,W 2
2012,IND,2012-03-28,7:30p,@,New Jersey Nets,L,,84,100,29,20,L 1
2012,IND,2012-03-29,7:00p,,Washington Wizards,W,,93,89,30,20,W 1
2012,IND,2012-03-31,8:30p,@,San Antonio Spurs,L,,103,112,30,21,L 1
2012,IND,2012-04-01,7:00p,@,Houston Rockets,W,OT,104,102,31,21,W 1
2012,IND,2012-04-03,7:00p,,New York Knicks,W,,112,104,32,21,W 2
2012,IND,2012-04-04,7:00p,@,Washington Wizards,W,,109,96,33,21,W 3
2012,IND,2012-04-06,7:00p,,Oklahoma City Thunder,W,,103,98,34,21,W 4
2012,IND,2012-04-07,7:00p,,Boston Celtics,L,,72,86,34,22,L 1
2012,IND,2012-04-09,7:00p,,Toronto Raptors,W,,103,98,35,22,W 1
2012,IND,2012-04-11,7:00p,@,Cleveland Cavaliers,W,OT,104,98,36,22,W 2
2012,IND,2012-04-13,7:00p,,Cleveland Cavaliers,W,,102,83,37,22,W 3
2012,IND,2012-04-14,8:30p,@,Milwaukee Bucks,W,,105,99,38,22,W 4
2012,IND,2012-04-16,7:00p,,Minnesota Timberwolves,W,,111,88,39,22,W 5
2012,IND,2012-04-17,7:00p,@,Philadelphia 76ers,W,,102,97,40,22,W 6
2012,IND,2012-04-19,7:00p,,Milwaukee Bucks,W,,118,109,41,22,W 7
2012,IND,2012-04-21,7:00p,,Philadelphia 76ers,L,OT,106,109,41,23,L 1
2012,IND,2012-04-23,7:00p,,Detroit Pistons,W,,103,97,42,23,W 1
2012,IND,2012-04-25,7:00p,,Chicago Bulls,L,,87,92,42,24,L 1
2012,IND,2012-04-28,7:00p,,Orlando Magic,L,,77,81,0,1,L 1
2012,IND,2012-04-30,7:30p,,Orlando Magic,W,,93,78,1,1,W 1
2012,IND,2012-05-02,7:30p,@,Orlando Magic,W,,97,74,2,1,W 2
2012,IND,2012-05-05,2:00p,@,Orlando Magic,W,OT,101,99,3,1,W 3
2012,IND,2012-05-08,7:00p,,Orlando Magic,W,,105,87,4,1,W 4
2012,IND,2012-05-13,3:30p,@,Miami Heat,L,,86,95,4,2,L 1
2012,IND,2012-05-15,7:00p,@,Miami Heat,W,,78,75,5,2,W 1
2012,IND,2012-05-17,7:00p,,Miami Heat,W,,94,75,6,2,W 2
2012,IND,2012-05-20,3:30p,,Miami Heat,L,,93,101,6,3,L 1
2012,IND,2012-05-22,8:00p,@,Miami Heat,L,,83,115,6,4,L 2
2012,IND,2012-05-24,8:00p,,Miami Heat,L,,93,105,6,5,L 3
2012,LAC,2011-12-25,10:30p,@,Golden State Warriors,W,,105,86,1,0,W 1
2012,LAC,2011-12-28,8:30p,@,San Antonio Spurs,L,,90,115,1,1,L 1
2012,LAC,2011-12-30,10:30p,,Chicago Bulls,L,,101,114,1,2,L 2
2012,LAC,2012-01-01,9:30p,,Portland Trail Blazers,W,,93,88,2,2,W 1
2012,LAC,2012-01-04,10:30p,,Houston Rockets,W,,117,89,3,2,W 2
2012,LAC,2012-01-07,10:30p,,Milwaukee Bucks,W,,92,86,4,2,W 3
2012,LAC,2012-01-10,10:00p,@,Portland Trail Blazers,L,,97,105,4,3,L 1
2012,LAC,2012-01-11,10:30p,,Miami Heat,W,OT,95,89,5,3,W 1
2012,LAC,2012-01-14,10:30p,,Los Angeles Lakers,W,,102,94,6,3,W 2
2012,LAC,2012-01-16,3:30p,,New Jersey Nets,W,,101,91,7,3,W 3
2012,LAC,2012-01-17,9:00p,@,Utah Jazz,L,,79,108,7,4,L 1
2012,LAC,2012-01-18,10:30p,,Dallas Mavericks,W,,91,89,8,4,W 1
2012,LAC,2012-01-20,10:30p,,Minnesota Timberwolves,L,,98,101,8,5,L 1
2012,LAC,2012-01-22,3:30p,,Toronto Raptors,W,,103,91,9,5,W 1
2012,LAC,2012-01-25,10:30p,@,Los Angeles Lakers,L,,91,96,9,6,L 1
2012,LAC,2012-01-26,10:30p,,Memphis Grizzlies,W,,98,91,10,6,W 1
2012,LAC,2012-01-29,8:00p,@,Denver Nuggets,W,,109,105,11,6,W 2
2012,LAC,2012-01-30,10:30p,,Oklahoma City Thunder,W,,112,100,12,6,W 3
2012,LAC,2012-02-01,10:30p,@,Utah Jazz,W,,107,105,13,6,W 4
2012,LAC,2012-02-02,10:30p,,Denver Nuggets,L,,91,112,13,7,L 1
2012,LAC,2012-02-04,7:00p,@,Washington Wizards,W,,107,81,14,7,W 1
2012,LAC,2012-02-06,7:00p,@,Orlando Magic,W,OT,107,102,15,7,W 2
2012,LAC,2012-02-08,7:00p,@,Cleveland Cavaliers,L,,92,99,15,8,L 1
2012,LAC,2012-02-10,7:00p,@,Philadelphia 76ers,W,,78,77,16,8,W 1
2012,LAC,2012-02-11,7:00p,@,Charlotte Bobcats,W,,111,86,17,8,W 2
2012,LAC,2012-02-13,8:30p,@,Dallas Mavericks,L,,92,96,17,9,L 1
2012,LAC,2012-02-15,10:30p,,Washington Wizards,W,,102,84,18,9,W 1
2012,LAC,2012-02-16,10:30p,@,Portland Trail Blazers,W,,74,71,19,9,W 2
2012,LAC,2012-02-18,3:30p,,San Antonio Spurs,L,OT,100,103,19,10,L 1
2012,LAC,2012-02-20,10:30p,@,Golden State Warriors,L,,97,104,19,11,L 2
2012,LAC,2012-02-22,10:30p,,Denver Nuggets,W,,103,95,20,11,W 1
2012,LAC,2012-02-28,10:30p,,Minnesota Timberwolves,L,,97,109,20,12,L 1
2012,LAC,2012-03-01,10:00p,@,Sacramento Kings,W,,108,100,21,12,W 1
2012,LAC,2012-03-02,10:30p,@,Phoenix Suns,L,,78,81,21,13,L 1
2012,LAC,2012-03-04,7:00p,@,Houston Rockets,W,OT,105,103,22,13,W 1
2012,LAC,2012-03-05,8:00p,@,Minnesota Timberwolves,L,,94,95,22,14,L 1
2012,LAC,2012-03-07,8:00p,@,New Jersey Nets,L,,100,101,22,15,L 2
2012,LAC,2012-03-09,8:30p,@,San Antonio Spurs,W,,120,108,23,15,W 1
2012,LAC,2012-03-11,9:30p,,Golden State Warriors,L,,93,97,23,16,L 1
2012,LAC,2012-03-12,10:30p,,Boston Celtics,L,,85,94,23,17,L 2
2012,LAC,2012-03-14,10:30p,,Atlanta Hawks,W,,96,82,24,17,W 1
2012,LAC,2012-03-15,10:30p,,Phoenix Suns,L,,87,91,24,18,L 1
2012,LAC,2012-03-17,3:30p,,Houston Rockets,W,,95,91,25,18,W 1
2012,LAC,2012-03-18,3:30p,,Detroit Pistons,W,OT,87,83,26,18,W 2
2012,LAC,2012-03-20,7:00p,@,Indiana Pacers,L,,89,102,26,19,L 1
2012,LAC,2012-03-21,8:00p,@,Oklahoma City Thunder,L,,91,114,26,20,L 2
2012,LAC,2012-03-22,8:00p,@,New Orleans Hornets,L,,90,97,26,21,L 3
2012,LAC,2012-03-24,3:00p,,Memphis Grizzlies,W,,101,85,27,21,W 1
2012,LAC,2012-03-26,10:30p,,New Orleans Hornets,W,,97,85,28,21,W 2
2012,LAC,2012-03-28,10:30p,,Phoenix Suns,W,,103,86,29,21,W 3
2012,LAC,2012-03-30,10:30p,,Portland Trail Blazers,W,,98,97,30,21,W 4
2012,LAC,2012-03-31,10:30p,,Utah Jazz,W,,105,96,31,21,W 5
2012,LAC,2012-04-02,8:30p,@,Dallas Mavericks,W,,94,75,32,21,W 6
2012,LAC,2012-04-04,10:30p,,Los Angeles Lakers,L,,108,113,32,22,L 1
2012,LAC,2012-04-05,10:00p,@,Sacramento Kings,W,,93,85,33,22,W 1
2012,LAC,2012-04-07,10:30p,,Sacramento Kings,W,,109,94,34,22,W 2
2012,LAC,2012-04-09,8:00p,@,Memphis Grizzlies,L,,85,94,34,23,L 1
2012,LAC,2012-04-11,8:00p,@,Oklahoma City Thunder,W,,100,98,35,23,W 1
2012,LAC,2012-04-12,8:00p,@,Minnesota Timberwolves,W,,95,82,36,23,W 2
2012,LAC,2012-04-14,3:30p,,Golden State Warriors,W,,112,104,37,23,W 3
2012,LAC,2012-04-16,10:30p,,Oklahoma City Thunder,W,,92,77,38,23,W 4
2012,LAC,2012-04-18,9:00p,@,Denver Nuggets,W,,104,98,39,23,W 5
2012,LAC,2012-04-19,10:30p,@,Phoenix Suns,L,,90,93,39,24,L 1
2012,LAC,2012-04-22,9:30p,,New Orleans Hornets,W,,107,98,40,24,W 1
2012,LAC,2012-04-24,7:30p,@,Atlanta Hawks,L,,102,109,40,25,L 1
2012,LAC,2012-04-25,8:00p,@,New York Knicks,L,,93,99,40,26,L 2
2012,LAC,2012-04-29,9:30p,@,Memphis Grizzlies,W,,99,98,1,0,W 1
2012,LAC,2012-05-02,9:30p,@,Memphis Grizzlies,L,,98,105,1,1,L 1
2012,LAC,2012-05-05,4:30p,,Memphis Grizzlies,W,,87,86,2,1,W 1
2012,LAC,2012-05-07,10:30p,,Memphis Grizzlies,W,OT,101,97,3,1,W 2
2012,LAC,2012-05-09,9:30p,@,Memphis Grizzlies,L,,80,92,3,2,L 1
2012,LAC,2012-05-11,9:00p,,Memphis Grizzlies,L,,88,90,3,3,L 2
2012,LAC,2012-05-13,1:00p,@,Memphis Grizzlies,W,,82,72,4,3,W 1
2012,LAC,2012-05-15,9:30p,@,San Antonio Spurs,L,,92,108,4,4,L 1
2012,LAC,2012-05-17,9:30p,@,San Antonio Spurs,L,,88,105,4,5,L 2
2012,LAC,2012-05-19,3:30p,,San Antonio Spurs,L,,86,96,4,6,L 3
2012,LAC,2012-05-20,10:30p,,San Antonio Spurs,L,,99,102,4,7,L 4
2012,LAL,2011-12-25,5:00p,,Chicago Bulls,L,,87,88,0,1,L 1
2012,LAL,2011-12-26,10:00p,@,Sacramento Kings,L,,91,100,0,2,L 2
2012,LAL,2011-12-27,10:30p,,Utah Jazz,W,,96,71,1,2,W 1
2012,LAL,2011-12-29,10:30p,,New York Knicks,W,,99,82,2,2,W 2
2012,LAL,2011-12-31,3:30p,,Denver Nuggets,W,,92,89,3,2,W 3
2012,LAL,2012-01-01,8:00p,@,Denver Nuggets,L,,90,99,3,3,L 1
2012,LAL,2012-01-03,10:30p,,Houston Rockets,W,,108,99,4,3,W 1
2012,LAL,2012-01-05,10:30p,@,Portland Trail Blazers,L,,96,107,4,4,L 1
2012,LAL,2012-01-06,10:30p,,Golden State Warriors,W,,97,90,5,4,W 1
2012,LAL,2012-01-08,9:30p,,Memphis Grizzlies,W,,90,82,6,4,W 2
2012,LAL,2012-01-10,10:30p,,Phoenix Suns,W,,99,83,7,4,W 3
2012,LAL,2012-01-11,9:00p,@,Utah Jazz,W,OT,90,87,8,4,W 4
2012,LAL,2012-01-13,10:30p,,Cleveland Cavaliers,W,,97,92,9,4,W 5
2012,LAL,2012-01-14,10:30p,@,Los Angeles Clippers,L,,94,102,9,5,L 1
2012,LAL,2012-01-16,10:30p,,Dallas Mavericks,W,,73,70,10,5,W 1
2012,LAL,2012-01-19,8:00p,@,Miami Heat,L,,87,98,10,6,L 1
2012,LAL,2012-01-20,8:00p,@,Orlando Magic,L,,80,92,10,7,L 2
2012,LAL,2012-01-22,9:30p,,Indiana Pacers,L,,96,98,10,8,L 3
2012,LAL,2012-01-25,10:30p,,Los Angeles Clippers,W,,96,91,11,8,W 1
2012,LAL,2012-01-28,8:30p,@,Milwaukee Bucks,L,,89,100,11,9,L 1
2012,LAL,2012-01-29,7:00p,@,Minnesota Timberwolves,W,,106,101,12,9,W 1
2012,LAL,2012-01-31,10:30p,,Charlotte Bobcats,W,,106,73,13,9,W 2
2012,LAL,2012-02-03,10:30p,@,Denver Nuggets,W,,93,89,14,9,W 3
2012,LAL,2012-02-04,9:00p,@,Utah Jazz,L,,87,96,14,10,L 1
2012,LAL,2012-02-06,7:00p,@,Philadelphia 76ers,L,,90,95,14,11,L 2
2012,LAL,2012-02-09,8:00p,@,Boston Celtics,W,OT,88,87,15,11,W 1
2012,LAL,2012-02-10,8:00p,@,New York Knicks,L,,85,92,15,12,L 1
2012,LAL,2012-02-12,1:00p,@,Toronto Raptors,W,,94,92,16,12,W 1
2012,LAL,2012-02-14,10:30p,,Atlanta Hawks,W,,86,78,17,12,W 2
2012,LAL,2012-02-17,10:30p,,Phoenix Suns,W,,111,99,18,12,W 3
2012,LAL,2012-02-19,8:00p,@,Phoenix Suns,L,,90,102,18,13,L 1
2012,LAL,2012-02-20,10:30p,,Portland Trail Blazers,W,,103,92,19,13,W 1
2012,LAL,2012-02-22,9:30p,@,Dallas Mavericks,W,,96,91,20,13,W 2
2012,LAL,2012-02-23,9:30p,@,Oklahoma City Thunder,L,,85,100,20,14,L 1
2012,LAL,2012-02-29,10:30p,,Minnesota Timberwolves,W,,104,85,21,14,W 1
2012,LAL,2012-03-02,10:30p,,Sacramento Kings,W,,115,107,22,14,W 2
2012,LAL,2012-03-04,3:30p,,Miami Heat,W,,93,83,23,14,W 3
2012,LAL,2012-03-06,7:30p,@,Detroit Pistons,L,OT,85,88,23,15,L 1
2012,LAL,2012-03-07,7:00p,@,Washington Wizards,L,,101,106,23,16,L 2
2012,LAL,2012-03-09,8:00p,@,Minnesota Timberwolves,W,,105,102,24,16,W 1
2012,LAL,2012-03-11,3:30p,,Boston Celtics,W,,97,94,25,16,W 2
2012,LAL,2012-03-13,8:00p,@,Memphis Grizzlies,W,2OT,116,111,26,16,W 3
2012,LAL,2012-03-14,8:00p,@,New Orleans Hornets,W,OT,107,101,27,16,W 4
2012,LAL,2012-03-16,10:30p,,Minnesota Timberwolves,W,,97,92,28,16,W 5
2012,LAL,2012-03-18,9:30p,,Utah Jazz,L,,99,103,28,17,L 1
2012,LAL,2012-03-20,8:00p,@,Houston Rockets,L,,104,107,28,18,L 2
2012,LAL,2012-03-21,9:30p,@,Dallas Mavericks,W,,109,93,29,18,W 1
2012,LAL,2012-03-23,10:30p,,Portland Trail Blazers,W,,103,96,30,18,W 2
2012,LAL,2012-03-25,10:30p,,Memphis Grizzlies,L,,96,102,30,19,L 1
2012,LAL,2012-03-27,10:30p,@,Golden State Warriors,W,,104,101,31,19,W 1
2012,LAL,2012-03-29,10:30p,,Oklahoma City Thunder,L,,93,102,31,20,L 1
2012,LAL,2012-03-31,3:30p,,New Orleans Hornets,W,,88,85,32,20,W 1
2012,LAL,2012-04-01,9:30p,,Golden State Warriors,W,,120,112,33,20,W 2
2012,LAL,2012-04-03,10:30p,,New Jersey Nets,W,,91,87,34,20,W 3
2012,LAL,2012-04-04,10:30p,@,Los Angeles Clippers,W,,113,108,35,20,W 4
2012,LAL,2012-04-06,10:30p,,Houston Rockets,L,,107,112,35,21,L 1
2012,LAL,2012-04-07,10:00p,@,Phoenix Suns,L,,105,125,35,22,L 2
2012,LAL,2012-04-09,8:00p,@,New Orleans Hornets,W,,93,91,36,22,W 1
2012,LAL,2012-04-11,8:30p,@,San Antonio Spurs,W,,98,84,37,22,W 2
2012,LAL,2012-04-13,10:30p,,Denver Nuggets,W,,103,97,38,22,W 3
2012,LAL,2012-04-15,3:30p,,Dallas Mavericks,W,OT,112,108,39,22,W 4
2012,LAL,2012-04-17,10:30p,,San Antonio Spurs,L,,91,112,39,23,L 1
2012,LAL,2012-04-18,10:30p,@,Golden State Warriors,W,,99,87,40,23,W 1
2012,LAL,2012-04-20,9:30p,@,San Antonio Spurs,L,,97,121,40,24,L 1
2012,LAL,2012-04-22,3:30p,,Oklahoma City Thunder,W,2OT,114,106,41,24,W 1
2012,LAL,2012-04-26,10:30p,@,Sacramento Kings,L,,96,113,41,25,L 1
2012,LAL,2012-04-29,3:30p,,Denver Nuggets,W,,103,88,1,0,W 1
2012,LAL,2012-05-01,10:30p,,Denver Nuggets,W,,104,100,2,0,W 2
2012,LAL,2012-05-04,10:30p,@,Denver Nuggets,L,,84,99,2,1,L 1
2012,LAL,2012-05-06,9:30p,@,Denver Nuggets,W,,92,88,3,1,W 1
2012,LAL,2012-05-08,10:30p,,Denver Nuggets,L,,99,102,3,2,L 1
2012,LAL,2012-05-10,10:30p,@,Denver Nuggets,L,,96,113,3,3,L 2
2012,LAL,2012-05-12,10:30p,,Denver Nuggets,W,,96,87,4,3,W 1
2012,LAL,2012-05-14,9:30p,@,Oklahoma City Thunder,L,,90,119,4,4,L 1
2012,LAL,2012-05-16,9:30p,@,Oklahoma City Thunder,L,,75,77,4,5,L 2
2012,LAL,2012-05-18,10:30p,,Oklahoma City Thunder,W,,99,96,5,5,W 1
2012,LAL,2012-05-19,10:30p,,Oklahoma City Thunder,L,,100,103,5,6,L 1
2012,LAL,2012-05-21,9:30p,@,Oklahoma City Thunder,L,,90,106,5,7,L 2
2012,MEM,2011-12-26,8:30p,@,San Antonio Spurs,L,,82,95,0,1,L 1
2012,MEM,2011-12-28,8:00p,,Oklahoma City Thunder,L,,95,98,0,2,L 2
2012,MEM,2011-12-30,8:00p,,Houston Rockets,W,,113,93,1,2,W 1
2012,MEM,2012-01-01,8:00p,@,Chicago Bulls,L,,64,104,1,3,L 1
2012,MEM,2012-01-03,8:00p,,Sacramento Kings,W,,113,96,2,3,W 1
2012,MEM,2012-01-04,8:00p,@,Minnesota Timberwolves,W,,90,86,3,3,W 2
2012,MEM,2012-01-06,9:00p,@,Utah Jazz,L,,85,94,3,4,L 1
2012,MEM,2012-01-08,9:30p,@,Los Angeles Lakers,L,,82,90,3,5,L 2
2012,MEM,2012-01-10,8:00p,,Oklahoma City Thunder,L,,95,100,3,6,L 3
2012,MEM,2012-01-12,8:00p,,New York Knicks,W,,94,83,4,6,W 1
2012,MEM,2012-01-14,8:00p,,New Orleans Hornets,W,,108,99,5,6,W 2
2012,MEM,2012-01-16,1:00p,,Chicago Bulls,W,,102,86,6,6,W 3
2012,MEM,2012-01-18,8:00p,@,New Orleans Hornets,W,,93,87,7,6,W 4
2012,MEM,2012-01-20,7:30p,@,Detroit Pistons,W,,98,81,8,6,W 5
2012,MEM,2012-01-21,8:00p,,Sacramento Kings,W,,128,95,9,6,W 6
2012,MEM,2012-01-23,10:30p,@,Golden State Warriors,W,,91,90,10,6,W 7
2012,MEM,2012-01-24,10:00p,@,Portland Trail Blazers,L,,84,97,10,7,L 1
2012,MEM,2012-01-26,10:30p,@,Los Angeles Clippers,L,,91,98,10,8,L 2
2012,MEM,2012-01-28,9:00p,@,Phoenix Suns,L,,84,86,10,9,L 3
2012,MEM,2012-01-30,8:00p,,San Antonio Spurs,L,,73,83,10,10,L 4
2012,MEM,2012-01-31,8:00p,,Denver Nuggets,W,OT,100,97,11,10,W 1
2012,MEM,2012-02-02,7:30p,@,Atlanta Hawks,W,,96,77,12,10,W 2
2012,MEM,2012-02-03,8:00p,@,Oklahoma City Thunder,L,,94,101,12,11,L 1
2012,MEM,2012-02-05,12:00p,@,Boston Celtics,L,,80,98,12,12,L 2
2012,MEM,2012-02-06,8:00p,,San Antonio Spurs,L,,84,89,12,13,L 3
2012,MEM,2012-02-08,8:00p,,Minnesota Timberwolves,W,,85,80,13,13,W 1
2012,MEM,2012-02-10,8:00p,,Indiana Pacers,W,,98,92,14,13,W 2
2012,MEM,2012-02-12,9:30p,,Utah Jazz,L,,88,98,14,14,L 1
2012,MEM,2012-02-14,8:00p,,Houston Rockets,W,,93,83,15,14,W 1
2012,MEM,2012-02-15,7:30p,@,New Jersey Nets,W,,105,100,16,14,W 2
2012,MEM,2012-02-17,8:00p,,Denver Nuggets,W,,103,102,17,14,W 3
2012,MEM,2012-02-18,8:00p,,Golden State Warriors,W,,104,103,18,14,W 4
2012,MEM,2012-02-20,8:00p,@,Houston Rockets,L,,93,97,18,15,L 1
2012,MEM,2012-02-21,8:00p,,Philadelphia 76ers,W,,89,76,19,15,W 1
2012,MEM,2012-02-29,8:00p,,Dallas Mavericks,W,,96,85,20,15,W 2
2012,MEM,2012-03-02,7:00p,@,Toronto Raptors,W,,102,99,21,15,W 3
2012,MEM,2012-03-03,8:00p,,Detroit Pistons,W,,100,83,22,15,W 4
2012,MEM,2012-03-07,10:30p,@,Golden State Warriors,W,,110,92,23,15,W 5
2012,MEM,2012-03-10,9:00p,@,Phoenix Suns,L,,91,98,23,16,L 1
2012,MEM,2012-03-11,8:00p,@,Denver Nuggets,W,,94,91,24,16,W 1
2012,MEM,2012-03-13,8:00p,,Los Angeles Lakers,L,2OT,111,116,24,17,L 1
2012,MEM,2012-03-16,8:00p,,Toronto Raptors,L,OT,110,114,24,18,L 2
2012,MEM,2012-03-18,6:00p,,Washington Wizards,W,,97,92,25,18,W 1
2012,MEM,2012-03-20,10:00p,@,Sacramento Kings,L,,110,119,25,19,L 1
2012,MEM,2012-03-22,10:00p,@,Portland Trail Blazers,L,,93,97,25,20,L 2
2012,MEM,2012-03-24,3:00p,@,Los Angeles Clippers,L,,85,101,25,21,L 3
2012,MEM,2012-03-25,10:30p,@,Los Angeles Lakers,W,,102,96,26,21,W 1
2012,MEM,2012-03-27,8:00p,,Minnesota Timberwolves,W,,93,86,27,21,W 2
2012,MEM,2012-03-30,8:00p,@,Houston Rockets,L,,89,98,27,22,L 1
2012,MEM,2012-03-31,8:30p,@,Milwaukee Bucks,W,,99,95,28,22,W 1
2012,MEM,2012-04-02,8:00p,@,Oklahoma City Thunder,W,,94,88,29,22,W 2
2012,MEM,2012-04-03,8:00p,,Golden State Warriors,W,,98,94,30,22,W 3
2012,MEM,2012-04-04,8:30p,@,Dallas Mavericks,L,,85,95,30,23,L 1
2012,MEM,2012-04-06,7:30p,@,Miami Heat,W,,97,82,31,23,W 1
2012,MEM,2012-04-07,8:00p,,Dallas Mavericks,W,,94,89,32,23,W 2
2012,MEM,2012-04-09,8:00p,,Los Angeles Clippers,W,,94,85,33,23,W 3
2012,MEM,2012-04-11,8:00p,,Phoenix Suns,W,,104,93,34,23,W 4
2012,MEM,2012-04-12,8:30p,@,San Antonio Spurs,L,,97,107,34,24,L 1
2012,MEM,2012-04-14,8:00p,,Utah Jazz,W,,103,98,35,24,W 1
2012,MEM,2012-04-15,7:00p,@,New Orleans Hornets,L,,75,88,35,25,L 1
2012,MEM,2012-04-17,8:00p,@,Minnesota Timberwolves,W,,91,84,36,25,W 1
2012,MEM,2012-04-18,8:00p,,New Orleans Hornets,W,,103,91,37,25,W 2
2012,MEM,2012-04-20,7:00p,@,Charlotte Bobcats,W,,85,80,38,25,W 3
2012,MEM,2012-04-21,8:00p,,Portland Trail Blazers,W,,93,89,39,25,W 4
2012,MEM,2012-04-23,8:00p,,Cleveland Cavaliers,W,,109,101,40,25,W 5
2012,MEM,2012-04-26,8:00p,,Orlando Magic,W,,88,76,41,25,W 6
2012,MEM,2012-04-29,9:30p,,Los Angeles Clippers,L,,98,99,0,1,L 1
2012,MEM,2012-05-02,9:30p,,Los Angeles Clippers,W,,105,98,1,1,W 1
2012,MEM,2012-05-05,4:30p,@,Los Angeles Clippers,L,,86,87,1,2,L 1
2012,MEM,2012-05-07,10:30p,@,Los Angeles Clippers,L,OT,97,101,1,3,L 2
2012,MEM,2012-05-09,9:30p,,Los Angeles Clippers,W,,92,80,2,3,W 1
2012,MEM,2012-05-11,9:00p,@,Los Angeles Clippers,W,,90,88,3,3,W 2
2012,MEM,2012-05-13,1:00p,,Los Angeles Clippers,L,,72,82,3,4,L 1
2012,MIA,2011-12-25,2:30p,@,Dallas Mavericks,W,,105,94,1,0,W 1
2012,MIA,2011-12-27,8:00p,,Boston Celtics,W,,115,107,2,0,W 2
2012,MIA,2011-12-28,7:00p,@,Charlotte Bobcats,W,,96,95,3,0,W 3
2012,MIA,2011-12-30,8:00p,@,Minnesota Timberwolves,W,,103,101,4,0,W 4
2012,MIA,2012-01-01,6:00p,,Charlotte Bobcats,W,,129,90,5,0,W 5
2012,MIA,2012-01-02,7:30p,,Atlanta Hawks,L,,92,100,5,1,L 1
2012,MIA,2012-01-04,7:30p,,Indiana Pacers,W,,118,83,6,1,W 1
2012,MIA,2012-01-05,8:00p,@,Atlanta Hawks,W,3OT,116,109,7,1,W 2
2012,MIA,2012-01-07,7:30p,@,New Jersey Nets,W,,101,90,8,1,W 3
2012,MIA,2012-01-10,10:30p,@,Golden State Warriors,L,OT,106,111,8,2,L 1
2012,MIA,2012-01-11,10:30p,@,Los Angeles Clippers,L,OT,89,95,8,3,L 2
2012,MIA,2012-01-13,10:30p,@,Denver Nuggets,L,,104,117,8,4,L 3
2012,MIA,2012-01-17,7:30p,,San Antonio Spurs,W,,120,98,9,4,W 1
2012,MIA,2012-01-19,8:00p,,Los Angeles Lakers,W,,98,87,10,4,W 2
2012,MIA,2012-01-21,7:30p,,Philadelphia 76ers,W,,113,92,11,4,W 3
2012,MIA,2012-01-22,6:00p,,Milwaukee Bucks,L,,82,91,11,5,L 1
2012,MIA,2012-01-24,7:30p,,Cleveland Cavaliers,W,,92,85,12,5,W 1
2012,MIA,2012-01-25,7:30p,@,Detroit Pistons,W,,101,98,13,5,W 2
2012,MIA,2012-01-27,8:00p,,New York Knicks,W,,99,89,14,5,W 3
2012,MIA,2012-01-29,3:30p,,Chicago Bulls,W,,97,93,15,5,W 4
2012,MIA,2012-01-30,7:30p,,New Orleans Hornets,W,,109,95,16,5,W 5
2012,MIA,2012-02-01,8:00p,@,Milwaukee Bucks,L,,97,105,16,6,L 1
2012,MIA,2012-02-03,7:00p,@,Philadelphia 76ers,W,,99,79,17,6,W 1
2012,MIA,2012-02-05,1:00p,,Toronto Raptors,W,,95,89,18,6,W 2
2012,MIA,2012-02-07,7:30p,,Cleveland Cavaliers,W,,107,91,19,6,W 3
2012,MIA,2012-02-08,7:00p,@,Orlando Magic,L,,89,102,19,7,L 1
2012,MIA,2012-02-10,7:00p,@,Washington Wizards,W,,106,89,20,7,W 1
2012,MIA,2012-02-12,7:00p,@,Atlanta Hawks,W,,107,87,21,7,W 2
2012,MIA,2012-02-13,8:00p,@,Milwaukee Bucks,W,,114,96,22,7,W 3
2012,MIA,2012-02-14,7:00p,@,Indiana Pacers,W,,105,90,23,7,W 4
2012,MIA,2012-02-17,7:30p,@,Cleveland Cavaliers,W,,111,87,24,7,W 5
2012,MIA,2012-02-19,3:30p,,Orlando Magic,W,,90,78,25,7,W 6
2012,MIA,2012-02-21,7:30p,,Sacramento Kings,W,,120,108,26,7,W 7
2012,MIA,2012-02-23,7:00p,,New York Knicks,W,,102,88,27,7,W 8
2012,MIA,2012-03-01,10:30p,@,Portland Trail Blazers,W,,107,93,28,7,W 9
2012,MIA,2012-03-02,9:00p,@,Utah Jazz,L,,98,99,28,8,L 1
2012,MIA,2012-03-04,3:30p,@,Los Angeles Lakers,L,,83,93,28,9,L 2
2012,MIA,2012-03-06,7:30p,,New Jersey Nets,W,,108,78,29,9,W 1
2012,MIA,2012-03-07,7:30p,,Atlanta Hawks,W,,89,86,30,9,W 2
2012,MIA,2012-03-10,7:30p,,Indiana Pacers,W,OT,93,91,31,9,W 3
2012,MIA,2012-03-13,7:00p,@,Orlando Magic,L,OT,98,104,31,10,L 1
2012,MIA,2012-03-14,9:30p,@,Chicago Bulls,L,,102,106,31,11,L 2
2012,MIA,2012-03-16,7:00p,@,Philadelphia 76ers,W,,84,78,32,11,W 1
2012,MIA,2012-03-18,7:00p,,Orlando Magic,W,,91,81,33,11,W 2
2012,MIA,2012-03-20,7:30p,,Phoenix Suns,W,,99,95,34,11,W 3
2012,MIA,2012-03-23,7:30p,@,Detroit Pistons,W,,88,73,35,11,W 4
2012,MIA,2012-03-25,8:00p,@,Oklahoma City Thunder,L,,87,103,35,12,L 1
2012,MIA,2012-03-26,7:00p,@,Indiana Pacers,L,,90,105,35,13,L 2
2012,MIA,2012-03-29,8:00p,,Dallas Mavericks,W,,106,85,36,13,W 1
2012,MIA,2012-03-30,7:00p,@,Toronto Raptors,W,,113,101,37,13,W 2
2012,MIA,2012-04-01,3:30p,@,Boston Celtics,L,,72,91,37,14,L 1
2012,MIA,2012-04-03,7:30p,,Philadelphia 76ers,W,,99,93,38,14,W 1
2012,MIA,2012-04-04,8:00p,,Oklahoma City Thunder,W,,98,93,39,14,W 2
2012,MIA,2012-04-06,7:30p,,Memphis Grizzlies,L,,82,97,39,15,L 1
2012,MIA,2012-04-08,6:00p,,Detroit Pistons,W,,98,75,40,15,W 1
2012,MIA,2012-04-10,7:00p,,Boston Celtics,L,,107,115,40,16,L 1
2012,MIA,2012-04-12,8:00p,@,Chicago Bulls,L,OT,86,96,40,17,L 2
2012,MIA,2012-04-13,7:30p,,Charlotte Bobcats,W,,105,82,41,17,W 1
2012,MIA,2012-04-15,1:00p,@,New York Knicks,W,,93,85,42,17,W 2
2012,MIA,2012-04-16,7:30p,@,New Jersey Nets,W,,101,98,43,17,W 3
2012,MIA,2012-04-18,7:30p,,Toronto Raptors,W,,96,72,44,17,W 4
2012,MIA,2012-04-19,8:00p,,Chicago Bulls,W,,83,72,45,17,W 5
2012,MIA,2012-04-21,7:30p,,Washington Wizards,L,,84,86,45,18,L 1
2012,MIA,2012-04-22,6:00p,,Houston Rockets,W,,97,88,46,18,W 1
2012,MIA,2012-04-24,8:00p,@,Boston Celtics,L,,66,78,46,19,L 1
2012,MIA,2012-04-26,8:00p,@,Washington Wizards,L,,70,104,46,20,L 2
2012,MIA,2012-04-28,3:30p,,New York Knicks,W,,100,67,1,0,W 1
2012,MIA,2012-04-30,7:00p,,New York Knicks,W,,104,94,2,0,W 2
2012,MIA,2012-05-03,7:00p,@,New York Knicks,W,,87,70,3,0,W 3
2012,MIA,2012-05-06,3:30p,@,New York Knicks,L,,87,89,3,1,L 1
2012,MIA,2012-05-09,7:00p,,New York Knicks,W,,106,94,4,1,W 1
2012,MIA,2012-05-13,3:30p,,Indiana Pacers,W,,95,86,5,1,W 2
2012,MIA,2012-05-15,7:00p,,Indiana Pacers,L,,75,78,5,2,L 1
2012,MIA,2012-05-17,7:00p,@,Indiana Pacers,L,,75,94,5,3,L 2
2012,MIA,2012-05-20,3:30p,@,Indiana Pacers,W,,101,93,6,3,W 1
2012,MIA,2012-05-22,8:00p,,Indiana Pacers,W,,115,83,7,3,W 2
2012,MIA,2012-05-24,8:00p,@,Indiana Pacers,W,,105,93,8,3,W 3
2012,MIA,2012-05-28,8:30p,,Boston Celtics,W,,93,79,9,3,W 4
2012,MIA,2012-05-30,8:30p,,Boston Celtics,W,OT,115,111,10,3,W 5
2012,MIA,2012-06-01,8:30p,@,Boston Celtics,L,,91,101,10,4,L 1
2012,MIA,2012-06-03,8:30p,@,Boston Celtics,L,OT,91,93,10,5,L 2
2012,MIA,2012-06-05,8:30p,,Boston Celtics,L,,90,94,10,6,L 3
2012,MIA,2012-06-07,8:30p,@,Boston Celtics,W,,98,79,11,6,W 1
2012,MIA,2012-06-09,8:30p,,Boston Celtics,W,,101,88,12,6,W 2
2012,MIA,2012-06-12,9:00p,@,Oklahoma City Thunder,L,,94,105,12,7,L 1
2012,MIA,2012-06-14,9:00p,@,Oklahoma City Thunder,W,,100,96,13,7,W 1
2012,MIA,2012-06-17,8:00p,,Oklahoma City Thunder,W,,91,85,14,7,W 2
2012,MIA,2012-06-19,9:00p,,Oklahoma City Thunder,W,,104,98,15,7,W 3
2012,MIA,2012-06-21,9:00p,,Oklahoma City Thunder,W,,121,106,16,7,W 4
2012,MIL,2011-12-26,7:00p,@,Charlotte Bobcats,L,,95,96,0,1,L 1
2012,MIL,2011-12-27,8:30p,,Minnesota Timberwolves,W,,98,95,1,1,W 1
2012,MIL,2011-12-30,8:30p,,Washington Wizards,W,,102,81,2,1,W 2
2012,MIL,2012-01-02,9:00p,@,Denver Nuggets,L,,86,91,2,2,L 1
2012,MIL,2012-01-03,9:00p,@,Utah Jazz,L,,73,85,2,3,L 2
2012,MIL,2012-01-05,10:00p,@,Sacramento Kings,L,,100,103,2,4,L 3
2012,MIL,2012-01-07,10:30p,@,Los Angeles Clippers,L,,86,92,2,5,L 4
2012,MIL,2012-01-08,8:00p,@,Phoenix Suns,L,,93,109,2,6,L 5
2012,MIL,2012-01-10,8:00p,,San Antonio Spurs,W,,106,103,3,6,W 1
2012,MIL,2012-01-12,8:00p,,Detroit Pistons,W,,102,93,4,6,W 2
2012,MIL,2012-01-13,8:30p,@,Dallas Mavericks,L,,76,102,4,7,L 1
2012,MIL,2012-01-16,2:00p,@,Philadelphia 76ers,L,,82,94,4,8,L 2
2012,MIL,2012-01-17,8:00p,,Denver Nuggets,L,,95,105,4,9,L 3
2012,MIL,2012-01-20,7:30p,@,New York Knicks,W,,100,86,5,9,W 1
2012,MIL,2012-01-22,6:00p,@,Miami Heat,W,,91,82,6,9,W 2
2012,MIL,2012-01-23,8:00p,,Atlanta Hawks,L,,92,97,6,10,L 1
2012,MIL,2012-01-25,8:00p,@,Houston Rockets,W,,105,99,7,10,W 1
2012,MIL,2012-01-27,8:00p,@,Chicago Bulls,L,,100,107,7,11,L 1
2012,MIL,2012-01-28,8:30p,,Los Angeles Lakers,W,,100,89,8,11,W 1
2012,MIL,2012-01-30,8:00p,,Detroit Pistons,W,,103,82,9,11,W 2
2012,MIL,2012-02-01,8:00p,,Miami Heat,W,,105,97,10,11,W 3
2012,MIL,2012-02-03,7:30p,@,Detroit Pistons,L,,80,88,10,12,L 1
2012,MIL,2012-02-04,8:30p,,Chicago Bulls,L,,90,113,10,13,L 2
2012,MIL,2012-02-07,8:00p,,Phoenix Suns,L,,105,107,10,14,L 3
2012,MIL,2012-02-08,7:00p,@,Toronto Raptors,W,,105,99,11,14,W 1
2012,MIL,2012-02-10,7:30p,@,Cleveland Cavaliers,W,OT,113,112,12,14,W 2
2012,MIL,2012-02-11,9:00p,,Orlando Magic,L,,94,99,12,15,L 1
2012,MIL,2012-02-13,8:00p,,Miami Heat,L,,96,114,12,16,L 2
2012,MIL,2012-02-15,8:00p,,New Orleans Hornets,L,,89,92,12,17,L 3
2012,MIL,2012-02-17,7:00p,@,Orlando Magic,L,,85,94,12,18,L 4
2012,MIL,2012-02-19,7:00p,@,New Jersey Nets,W,,92,85,13,18,W 1
2012,MIL,2012-02-20,8:00p,,Orlando Magic,L,,90,93,13,19,L 1
2012,MIL,2012-02-22,8:00p,@,Chicago Bulls,L,,91,110,13,20,L 2
2012,MIL,2012-02-28,8:00p,,Washington Wizards,W,,119,118,14,20,W 1
2012,MIL,2012-02-29,7:30p,@,Boston Celtics,L,,96,102,14,21,L 1
2012,MIL,2012-03-02,7:30p,@,Atlanta Hawks,L,,94,99,14,22,L 2
2012,MIL,2012-03-03,7:00p,@,Orlando Magic,L,,98,114,14,23,L 3
2012,MIL,2012-03-05,8:00p,,Philadelphia 76ers,W,,97,93,15,23,W 1
2012,MIL,2012-03-07,8:00p,,Chicago Bulls,L,,104,106,15,24,L 1
2012,MIL,2012-03-09,8:30p,,New York Knicks,W,,119,114,16,24,W 1
2012,MIL,2012-03-11,6:00p,@,Toronto Raptors,W,,105,99,17,24,W 2
2012,MIL,2012-03-12,7:30p,@,New Jersey Nets,W,,105,99,18,24,W 3
2012,MIL,2012-03-14,8:00p,,Cleveland Cavaliers,W,,115,105,19,24,W 4
2012,MIL,2012-03-16,10:30p,@,Golden State Warriors,W,,120,98,20,24,W 5
2012,MIL,2012-03-20,10:00p,@,Portland Trail Blazers,W,,116,87,21,24,W 6
2012,MIL,2012-03-22,8:00p,,Boston Celtics,L,,91,100,21,25,L 1
2012,MIL,2012-03-23,7:00p,@,Charlotte Bobcats,W,,112,92,22,25,W 1
2012,MIL,2012-03-24,8:30p,,Indiana Pacers,L,,104,125,22,26,L 1
2012,MIL,2012-03-26,7:30p,@,New York Knicks,L,,80,89,22,27,L 2
2012,MIL,2012-03-27,8:00p,,Atlanta Hawks,W,,108,101,23,27,W 1
2012,MIL,2012-03-30,7:30p,@,Cleveland Cavaliers,W,,121,84,24,27,W 2
2012,MIL,2012-03-31,8:30p,,Memphis Grizzlies,L,,95,99,24,28,L 1
2012,MIL,2012-04-02,7:00p,@,Washington Wizards,W,,112,98,25,28,W 1
2012,MIL,2012-04-04,8:00p,,Cleveland Cavaliers,W,,107,98,26,28,W 2
2012,MIL,2012-04-06,8:30p,,Charlotte Bobcats,W,,95,90,27,28,W 3
2012,MIL,2012-04-07,8:30p,,Portland Trail Blazers,W,,116,94,28,28,W 4
2012,MIL,2012-04-09,8:00p,,Oklahoma City Thunder,L,,89,109,28,29,L 1
2012,MIL,2012-04-11,8:00p,,New York Knicks,L,,107,111,28,30,L 2
2012,MIL,2012-04-13,8:00p,@,Detroit Pistons,W,,113,97,29,30,W 1
2012,MIL,2012-04-14,8:30p,,Indiana Pacers,L,,99,105,29,31,L 1
2012,MIL,2012-04-18,7:00p,@,Washington Wizards,L,,112,121,29,32,L 2
2012,MIL,2012-04-19,7:00p,@,Indiana Pacers,L,,109,118,29,33,L 3
2012,MIL,2012-04-21,8:30p,,New Jersey Nets,W,,106,95,30,33,W 1
2012,MIL,2012-04-23,8:00p,,Toronto Raptors,W,,92,86,31,33,W 2
2012,MIL,2012-04-25,8:00p,,Philadelphia 76ers,L,,85,90,31,34,L 1
2012,MIL,2012-04-26,8:00p,@,Boston Celtics,L,,74,87,31,35,L 2
2012,MIN,2011-12-26,8:00p,,Oklahoma City Thunder,L,,100,104,0,1,L 1
2012,MIN,2011-12-27,8:30p,@,Milwaukee Bucks,L,,95,98,0,2,L 2
2012,MIN,2011-12-30,8:00p,,Miami Heat,L,,101,103,0,3,L 3
2012,MIN,2012-01-01,7:00p,,Dallas Mavericks,W,,99,82,1,3,W 1
2012,MIN,2012-01-02,8:00p,,San Antonio Spurs,W,,106,96,2,3,W 2
2012,MIN,2012-01-04,8:00p,,Memphis Grizzlies,L,,86,90,2,4,L 1
2012,MIN,2012-01-06,8:00p,,Cleveland Cavaliers,L,,87,98,2,5,L 2
2012,MIN,2012-01-08,1:00p,@,Washington Wizards,W,,93,72,3,5,W 1
2012,MIN,2012-01-09,7:00p,@,Toronto Raptors,L,,87,97,3,6,L 1
2012,MIN,2012-01-10,8:00p,,Chicago Bulls,L,,100,111,3,7,L 2
2012,MIN,2012-01-13,8:00p,@,New Orleans Hornets,W,,87,80,4,7,W 1
2012,MIN,2012-01-14,7:00p,@,Atlanta Hawks,L,,91,93,4,8,L 1
2012,MIN,2012-01-16,8:00p,,Sacramento Kings,W,,99,86,5,8,W 1
2012,MIN,2012-01-18,8:00p,,Detroit Pistons,W,,93,85,6,8,W 2
2012,MIN,2012-01-20,10:30p,@,Los Angeles Clippers,W,,101,98,7,8,W 3
2012,MIN,2012-01-21,9:00p,@,Utah Jazz,L,,98,108,7,9,L 1
2012,MIN,2012-01-23,8:00p,,Houston Rockets,L,,92,107,7,10,L 2
2012,MIN,2012-01-25,8:30p,@,Dallas Mavericks,W,,105,90,8,10,W 1
2012,MIN,2012-01-27,8:00p,,San Antonio Spurs,W,,87,79,9,10,W 2
2012,MIN,2012-01-29,7:00p,,Los Angeles Lakers,L,,101,106,9,11,L 1
2012,MIN,2012-01-30,8:00p,@,Houston Rockets,W,,120,108,10,11,W 1
2012,MIN,2012-02-01,8:00p,,Indiana Pacers,L,,99,109,10,12,L 1
2012,MIN,2012-02-03,7:30p,@,New Jersey Nets,W,,108,105,11,12,W 1
2012,MIN,2012-02-04,8:00p,,Houston Rockets,W,,100,91,12,12,W 2
2012,MIN,2012-02-07,8:00p,,Sacramento Kings,W,,86,84,13,12,W 3
2012,MIN,2012-02-08,8:00p,@,Memphis Grizzlies,L,,80,85,13,13,L 1
2012,MIN,2012-02-10,8:00p,,Dallas Mavericks,L,,97,104,13,14,L 2
2012,MIN,2012-02-11,8:00p,,New York Knicks,L,,98,100,13,15,L 3
2012,MIN,2012-02-13,7:00p,@,Orlando Magic,L,,89,102,13,16,L 4
2012,MIN,2012-02-15,8:00p,,Charlotte Bobcats,W,,102,90,14,16,W 1
2012,MIN,2012-02-17,8:00p,@,Houston Rockets,W,,111,98,15,16,W 2
2012,MIN,2012-02-19,7:00p,,Philadelphia 76ers,W,,92,91,16,16,W 3
2012,MIN,2012-02-20,9:00p,@,Denver Nuggets,L,OT,101,103,16,17,L 1
2012,MIN,2012-02-22,8:00p,,Utah Jazz,W,,100,98,17,17,W 1
2012,MIN,2012-02-28,10:30p,@,Los Angeles Clippers,W,,109,97,18,17,W 2
2012,MIN,2012-02-29,10:30p,@,Los Angeles Lakers,L,,85,104,18,18,L 1
2012,MIN,2012-03-01,9:00p,@,Phoenix Suns,L,,95,104,18,19,L 2
2012,MIN,2012-03-03,10:00p,@,Portland Trail Blazers,W,,122,110,19,19,W 1
2012,MIN,2012-03-05,8:00p,,Los Angeles Clippers,W,,95,94,20,19,W 2
2012,MIN,2012-03-07,8:00p,,Portland Trail Blazers,W,,106,94,21,19,W 3
2012,MIN,2012-03-09,8:00p,,Los Angeles Lakers,L,,102,105,21,20,L 1
2012,MIN,2012-03-10,8:00p,,New Orleans Hornets,L,,89,95,21,21,L 2
2012,MIN,2012-03-12,10:00p,@,Phoenix Suns,W,,127,124,22,21,W 1
2012,MIN,2012-03-15,9:00p,@,Utah Jazz,L,OT,105,111,22,22,L 1
2012,MIN,2012-03-16,10:30p,@,Los Angeles Lakers,L,,92,97,22,23,L 2
2012,MIN,2012-03-18,6:00p,@,Sacramento Kings,L,,99,115,22,24,L 3
2012,MIN,2012-03-19,10:30p,@,Golden State Warriors,W,,97,93,23,24,W 1
2012,MIN,2012-03-21,8:30p,@,San Antonio Spurs,L,,100,116,23,25,L 1
2012,MIN,2012-03-23,8:00p,@,Oklahoma City Thunder,L,2OT,140,149,23,26,L 2
2012,MIN,2012-03-25,3:30p,,Denver Nuggets,W,,117,100,24,26,W 1
2012,MIN,2012-03-27,8:00p,@,Memphis Grizzlies,L,,86,93,24,27,L 1
2012,MIN,2012-03-28,7:00p,@,Charlotte Bobcats,W,,88,83,25,27,W 1
2012,MIN,2012-03-30,8:00p,,Boston Celtics,L,,79,100,25,28,L 1
2012,MIN,2012-04-01,9:00p,@,Portland Trail Blazers,L,,106,119,25,29,L 2
2012,MIN,2012-04-02,10:00p,@,Sacramento Kings,L,,108,116,25,30,L 3
2012,MIN,2012-04-04,8:00p,,Golden State Warriors,L,,94,97,25,31,L 4
2012,MIN,2012-04-07,8:00p,@,New Orleans Hornets,L,,90,99,25,32,L 5
2012,MIN,2012-04-09,9:00p,,Phoenix Suns,L,,90,114,25,33,L 6
2012,MIN,2012-04-11,9:00p,@,Denver Nuggets,L,,107,113,25,34,L 7
2012,MIN,2012-04-12,8:00p,,Los Angeles Clippers,L,,82,95,25,35,L 8
2012,MIN,2012-04-14,8:00p,,Oklahoma City Thunder,L,,110,115,25,36,L 9
2012,MIN,2012-04-16,7:00p,@,Indiana Pacers,L,,88,111,25,37,L 10
2012,MIN,2012-04-17,8:00p,,Memphis Grizzlies,L,,84,91,25,38,L 11
2012,MIN,2012-04-19,7:30p,@,Detroit Pistons,W,,91,80,26,38,W 1
2012,MIN,2012-04-22,7:00p,,Golden State Warriors,L,,88,93,26,39,L 1
2012,MIN,2012-04-26,8:00p,,Denver Nuggets,L,,102,131,26,40,L 2
2012,NJN,2011-12-26,7:00p,@,Washington Wizards,W,,90,84,1,0,W 1
2012,NJN,2011-12-27,7:30p,,Atlanta Hawks,L,,70,106,1,1,L 1
2012,NJN,2011-12-29,7:00p,@,Orlando Magic,L,,78,94,1,2,L 2
2012,NJN,2011-12-30,7:30p,@,Atlanta Hawks,L,,98,105,1,3,L 3
2012,NJN,2012-01-01,6:00p,@,Cleveland Cavaliers,L,,82,98,1,4,L 4
2012,NJN,2012-01-02,7:30p,,Indiana Pacers,L,,94,108,1,5,L 5
2012,NJN,2012-01-04,7:30p,@,Boston Celtics,L,,70,89,1,6,L 6
2012,NJN,2012-01-06,7:00p,@,Toronto Raptors,W,,97,85,2,6,W 1
2012,NJN,2012-01-07,7:30p,,Miami Heat,L,,90,101,2,7,L 1
2012,NJN,2012-01-09,7:30p,,Atlanta Hawks,L,,101,106,2,8,L 2
2012,NJN,2012-01-11,9:00p,@,Denver Nuggets,L,,115,123,2,9,L 3
2012,NJN,2012-01-13,9:00p,@,Phoenix Suns,W,,110,103,3,9,W 1
2012,NJN,2012-01-14,9:00p,@,Utah Jazz,L,,94,107,3,10,L 1
2012,NJN,2012-01-16,3:30p,@,Los Angeles Clippers,L,,91,101,3,11,L 2
2012,NJN,2012-01-18,7:30p,,Golden State Warriors,W,,107,100,4,11,W 1
2012,NJN,2012-01-21,8:00p,,Oklahoma City Thunder,L,,74,84,4,12,L 1
2012,NJN,2012-01-22,6:00p,,Charlotte Bobcats,W,,97,87,5,12,W 1
2012,NJN,2012-01-23,8:00p,@,Chicago Bulls,L,,95,110,5,13,L 1
2012,NJN,2012-01-25,7:00p,@,Philadelphia 76ers,W,OT,97,90,6,13,W 1
2012,NJN,2012-01-27,7:30p,@,Cleveland Cavaliers,W,,99,96,7,13,W 2
2012,NJN,2012-01-29,6:00p,,Toronto Raptors,L,,73,94,7,14,L 1
2012,NJN,2012-01-31,7:00p,@,Indiana Pacers,L,,99,106,7,15,L 2
2012,NJN,2012-02-01,7:30p,,Detroit Pistons,W,,99,96,8,15,W 1
2012,NJN,2012-02-03,7:30p,,Minnesota Timberwolves,L,,105,108,8,16,L 1
2012,NJN,2012-02-04,7:30p,@,New York Knicks,L,,92,99,8,17,L 2
2012,NJN,2012-02-06,7:30p,,Chicago Bulls,L,,87,108,8,18,L 3
2012,NJN,2012-02-08,7:30p,,Detroit Pistons,L,,92,99,8,19,L 4
2012,NJN,2012-02-10,7:30p,@,Detroit Pistons,L,,92,109,8,20,L 5
2012,NJN,2012-02-11,8:00p,,San Antonio Spurs,L,,89,103,8,21,L 6
2012,NJN,2012-02-15,7:30p,,Memphis Grizzlies,L,,100,105,8,22,L 7
2012,NJN,2012-02-16,7:00p,@,Indiana Pacers,L,,88,93,8,23,L 8
2012,NJN,2012-02-18,4:00p,@,Chicago Bulls,W,,97,85,9,23,W 1
2012,NJN,2012-02-19,7:00p,,Milwaukee Bucks,L,,85,92,9,24,L 1
2012,NJN,2012-02-20,7:30p,@,New York Knicks,W,,100,92,10,24,W 1
2012,NJN,2012-02-22,7:30p,,Orlando Magic,L,,91,108,10,25,L 1
2012,NJN,2012-02-28,8:30p,@,Dallas Mavericks,W,,93,92,11,25,W 1
2012,NJN,2012-03-02,7:30p,@,Boston Celtics,L,,94,107,11,26,L 1
2012,NJN,2012-03-04,6:00p,@,Charlotte Bobcats,W,,104,101,12,26,W 1
2012,NJN,2012-03-06,7:30p,@,Miami Heat,L,,78,108,12,27,L 1
2012,NJN,2012-03-07,8:00p,,Los Angeles Clippers,W,,101,100,13,27,W 1
2012,NJN,2012-03-09,7:00p,@,Charlotte Bobcats,W,,83,74,14,27,W 2
2012,NJN,2012-03-10,8:00p,,Houston Rockets,L,,106,112,14,28,L 1
2012,NJN,2012-03-12,7:30p,,Milwaukee Bucks,L,,99,105,14,29,L 2
2012,NJN,2012-03-14,7:30p,,Toronto Raptors,W,,98,84,15,29,W 1
2012,NJN,2012-03-16,7:00p,@,Orlando Magic,L,,70,86,15,30,L 1
2012,NJN,2012-03-17,8:00p,,New Orleans Hornets,L,,94,102,15,31,L 2
2012,NJN,2012-03-19,7:30p,,Cleveland Cavaliers,L,,100,105,15,32,L 3
2012,NJN,2012-03-21,7:30p,,Washington Wizards,L,,89,108,15,33,L 4
2012,NJN,2012-03-23,7:30p,@,Atlanta Hawks,L,,84,93,15,34,L 5
2012,NJN,2012-03-24,7:30p,,Charlotte Bobcats,W,,102,89,16,34,W 1
2012,NJN,2012-03-26,7:30p,,Utah Jazz,L,,84,105,16,35,L 1
2012,NJN,2012-03-28,7:30p,,Indiana Pacers,W,,100,84,17,35,W 1
2012,NJN,2012-03-30,10:30p,@,Golden State Warriors,W,,102,100,18,35,W 2
2012,NJN,2012-03-31,10:00p,@,Sacramento Kings,W,,111,99,19,35,W 3
2012,NJN,2012-04-03,10:30p,@,Los Angeles Lakers,L,,87,91,19,36,L 1
2012,NJN,2012-04-04,10:00p,@,Portland Trail Blazers,L,,88,101,19,37,L 2
2012,NJN,2012-04-06,7:30p,,Washington Wizards,W,,110,98,20,37,W 1
2012,NJN,2012-04-08,6:00p,,Cleveland Cavaliers,W,OT,122,117,21,37,W 2
2012,NJN,2012-04-10,7:30p,,Philadelphia 76ers,L,,88,107,21,38,L 1
2012,NJN,2012-04-13,7:00p,@,Philadelphia 76ers,W,,95,89,22,38,W 1
2012,NJN,2012-04-14,7:30p,,Boston Celtics,L,,82,94,22,39,L 1
2012,NJN,2012-04-16,7:30p,,Miami Heat,L,,98,101,22,40,L 2
2012,NJN,2012-04-18,7:30p,,New York Knicks,L,,95,104,22,41,L 3
2012,NJN,2012-04-21,8:30p,@,Milwaukee Bucks,L,,95,106,22,42,L 4
2012,NJN,2012-04-23,7:30p,,Philadelphia 76ers,L,,87,105,22,43,L 5
2012,NJN,2012-04-26,7:00p,@,Toronto Raptors,L,,67,98,22,44,L 6
2012,NOH,2011-12-26,9:00p,@,Phoenix Suns,W,,85,84,1,0,W 1
2012,NOH,2011-12-28,8:00p,,Boston Celtics,W,,97,78,2,0,W 2
2012,NOH,2011-12-30,8:00p,,Phoenix Suns,L,,78,93,2,1,L 1
2012,NOH,2012-01-01,9:00p,@,Sacramento Kings,L,,80,96,2,2,L 2
2012,NOH,2012-01-02,9:00p,@,Utah Jazz,L,,90,94,2,3,L 3
2012,NOH,2012-01-04,8:00p,,Philadelphia 76ers,L,,93,101,2,4,L 4
2012,NOH,2012-01-06,8:00p,,Denver Nuggets,L,,88,96,2,5,L 5
2012,NOH,2012-01-07,9:00p,@,Dallas Mavericks,L,,81,96,2,6,L 6
2012,NOH,2012-01-09,9:00p,@,Denver Nuggets,W,,94,81,3,6,W 1
2012,NOH,2012-01-11,8:00p,,Oklahoma City Thunder,L,,85,95,3,7,L 1
2012,NOH,2012-01-13,8:00p,,Minnesota Timberwolves,L,,80,87,3,8,L 2
2012,NOH,2012-01-14,8:00p,@,Memphis Grizzlies,L,,99,108,3,9,L 3
2012,NOH,2012-01-16,3:00p,,Portland Trail Blazers,L,,77,84,3,10,L 4
2012,NOH,2012-01-18,8:00p,,Memphis Grizzlies,L,,87,93,3,11,L 5
2012,NOH,2012-01-19,8:00p,@,Houston Rockets,L,OT,88,90,3,12,L 6
2012,NOH,2012-01-21,8:00p,,Dallas Mavericks,L,,81,83,3,13,L 7
2012,NOH,2012-01-23,8:00p,,San Antonio Spurs,L,,102,104,3,14,L 8
2012,NOH,2012-01-25,8:00p,@,Oklahoma City Thunder,L,,91,101,3,15,L 9
2012,NOH,2012-01-27,8:00p,,Orlando Magic,W,,93,67,4,15,W 1
2012,NOH,2012-01-29,7:00p,,Atlanta Hawks,L,,72,94,4,16,L 1
2012,NOH,2012-01-30,7:30p,@,Miami Heat,L,,95,109,4,17,L 2
2012,NOH,2012-02-01,8:00p,,Phoenix Suns,L,,103,120,4,18,L 3
2012,NOH,2012-02-02,8:30p,@,San Antonio Spurs,L,,81,93,4,19,L 4
2012,NOH,2012-02-04,7:30p,@,Detroit Pistons,L,,87,89,4,20,L 5
2012,NOH,2012-02-06,8:00p,,Sacramento Kings,L,,92,100,4,21,L 6
2012,NOH,2012-02-08,8:00p,,Chicago Bulls,L,,67,90,4,22,L 7
2012,NOH,2012-02-10,8:00p,,Portland Trail Blazers,L,,86,94,4,23,L 8
2012,NOH,2012-02-13,8:00p,,Utah Jazz,W,,86,80,5,23,W 1
2012,NOH,2012-02-15,8:00p,@,Milwaukee Bucks,W,,92,89,6,23,W 2
2012,NOH,2012-02-17,8:00p,@,New York Knicks,W,,89,85,7,23,W 3
2012,NOH,2012-02-20,8:00p,@,Oklahoma City Thunder,L,,93,101,7,24,L 1
2012,NOH,2012-02-21,7:00p,@,Indiana Pacers,L,OT,108,117,7,25,L 2
2012,NOH,2012-02-22,7:00p,@,Cleveland Cavaliers,W,,89,84,8,25,W 1
2012,NOH,2012-02-28,8:00p,@,Chicago Bulls,L,,95,99,8,26,L 1
2012,NOH,2012-02-29,8:00p,,Toronto Raptors,L,,84,95,8,27,L 2
2012,NOH,2012-03-02,8:00p,,Dallas Mavericks,W,,97,92,9,27,W 1
2012,NOH,2012-03-03,8:00p,,Indiana Pacers,L,,84,102,9,28,L 1
2012,NOH,2012-03-05,10:00p,@,Portland Trail Blazers,L,,74,86,9,29,L 2
2012,NOH,2012-03-07,10:00p,@,Sacramento Kings,L,,98,99,9,30,L 3
2012,NOH,2012-03-09,9:00p,@,Denver Nuggets,L,,97,110,9,31,L 4
2012,NOH,2012-03-10,8:00p,@,Minnesota Timberwolves,W,,95,89,10,31,W 1
2012,NOH,2012-03-12,8:00p,,Charlotte Bobcats,L,,71,73,10,32,L 1
2012,NOH,2012-03-14,8:00p,,Los Angeles Lakers,L,OT,101,107,10,33,L 2
2012,NOH,2012-03-15,8:00p,,Washington Wizards,L,,89,99,10,34,L 3
2012,NOH,2012-03-17,8:00p,@,New Jersey Nets,W,,102,94,11,34,W 1
2012,NOH,2012-03-21,8:00p,,Golden State Warriors,L,,92,101,11,35,L 1
2012,NOH,2012-03-22,8:00p,,Los Angeles Clippers,W,,97,90,12,35,W 1
2012,NOH,2012-03-24,8:00p,,San Antonio Spurs,L,,86,89,12,36,L 1
2012,NOH,2012-03-26,10:30p,@,Los Angeles Clippers,L,,85,97,12,37,L 2
2012,NOH,2012-03-28,10:30p,@,Golden State Warriors,W,,102,87,13,37,W 1
2012,NOH,2012-03-29,10:00p,@,Portland Trail Blazers,L,,93,99,13,38,L 1
2012,NOH,2012-03-31,3:30p,@,Los Angeles Lakers,L,,85,88,13,39,L 2
2012,NOH,2012-04-01,9:00p,@,Phoenix Suns,L,,75,92,13,40,L 3
2012,NOH,2012-04-04,8:00p,,Denver Nuggets,W,,94,92,14,40,W 1
2012,NOH,2012-04-06,8:30p,@,San Antonio Spurs,L,,103,128,14,41,L 1
2012,NOH,2012-04-07,8:00p,,Minnesota Timberwolves,W,,99,90,15,41,W 1
2012,NOH,2012-04-09,8:00p,,Los Angeles Lakers,L,,91,93,15,42,L 1
2012,NOH,2012-04-11,8:00p,,Sacramento Kings,W,,105,96,16,42,W 1
2012,NOH,2012-04-13,8:00p,,Utah Jazz,W,,96,85,17,42,W 2
2012,NOH,2012-04-15,7:00p,,Memphis Grizzlies,W,,88,75,18,42,W 3
2012,NOH,2012-04-16,7:00p,@,Charlotte Bobcats,W,,75,67,19,42,W 4
2012,NOH,2012-04-18,8:00p,@,Memphis Grizzlies,L,,91,103,19,43,L 1
2012,NOH,2012-04-19,8:00p,,Houston Rockets,W,OT,105,99,20,43,W 1
2012,NOH,2012-04-22,9:30p,@,Los Angeles Clippers,L,,98,107,20,44,L 1
2012,NOH,2012-04-24,10:30p,@,Golden State Warriors,W,,83,81,21,44,W 1
2012,NOH,2012-04-26,8:00p,@,Houston Rockets,L,,77,84,21,45,L 1
2012,NYK,2011-12-25,12:00p,,Boston Celtics,W,,106,104,1,0,W 1
2012,NYK,2011-12-28,10:30p,@,Golden State Warriors,L,,78,92,1,1,L 1
2012,NYK,2011-12-29,10:30p,@,Los Angeles Lakers,L,,82,99,1,2,L 2
2012,NYK,2011-12-31,8:00p,@,Sacramento Kings,W,,114,92,2,2,W 1
2012,NYK,2012-01-02,7:30p,,Toronto Raptors,L,,85,90,2,3,L 1
2012,NYK,2012-01-04,7:30p,,Charlotte Bobcats,L,,110,118,2,4,L 2
2012,NYK,2012-01-06,7:00p,@,Washington Wizards,W,,99,96,3,4,W 1
2012,NYK,2012-01-07,7:30p,@,Detroit Pistons,W,,103,80,4,4,W 2
2012,NYK,2012-01-09,7:30p,,Charlotte Bobcats,W,,91,87,5,4,W 3
2012,NYK,2012-01-11,7:30p,,Philadelphia 76ers,W,,85,79,6,4,W 4
2012,NYK,2012-01-12,8:00p,@,Memphis Grizzlies,L,,83,94,6,5,L 1
2012,NYK,2012-01-14,8:00p,@,Oklahoma City Thunder,L,,92,104,6,6,L 2
2012,NYK,2012-01-16,1:00p,,Orlando Magic,L,,93,102,6,7,L 3
2012,NYK,2012-01-18,7:30p,,Phoenix Suns,L,,88,91,6,8,L 4
2012,NYK,2012-01-20,7:30p,,Milwaukee Bucks,L,,86,100,6,9,L 5
2012,NYK,2012-01-21,7:30p,,Denver Nuggets,L,2OT,114,119,6,10,L 6
2012,NYK,2012-01-24,7:00p,@,Charlotte Bobcats,W,,111,78,7,10,W 1
2012,NYK,2012-01-25,7:00p,@,Cleveland Cavaliers,L,,81,91,7,11,L 1
2012,NYK,2012-01-27,8:00p,@,Miami Heat,L,,89,99,7,12,L 2
2012,NYK,2012-01-28,8:00p,@,Houston Rockets,L,,84,97,7,13,L 3
2012,NYK,2012-01-31,7:30p,,Detroit Pistons,W,,113,86,8,13,W 1
2012,NYK,2012-02-02,8:00p,,Chicago Bulls,L,,102,105,8,14,L 1
2012,NYK,2012-02-03,8:00p,@,Boston Celtics,L,,89,91,8,15,L 2
2012,NYK,2012-02-04,7:30p,,New Jersey Nets,W,,99,92,9,15,W 1
2012,NYK,2012-02-06,7:30p,,Utah Jazz,W,,99,88,10,15,W 2
2012,NYK,2012-02-08,7:00p,@,Washington Wizards,W,,107,93,11,15,W 3
2012,NYK,2012-02-10,8:00p,,Los Angeles Lakers,W,,92,85,12,15,W 4
2012,NYK,2012-02-11,8:00p,@,Minnesota Timberwolves,W,,100,98,13,15,W 5
2012,NYK,2012-02-14,7:00p,@,Toronto Raptors,W,,90,87,14,15,W 6
2012,NYK,2012-02-15,7:30p,,Sacramento Kings,W,,100,85,15,15,W 7
2012,NYK,2012-02-17,8:00p,,New Orleans Hornets,L,,85,89,15,16,L 1
2012,NYK,2012-02-19,1:00p,,Dallas Mavericks,W,,104,97,16,16,W 1
2012,NYK,2012-02-20,7:30p,,New Jersey Nets,L,,92,100,16,17,L 1
2012,NYK,2012-02-22,7:30p,,Atlanta Hawks,W,,99,82,17,17,W 1
2012,NYK,2012-02-23,7:00p,@,Miami Heat,L,,88,102,17,18,L 1
2012,NYK,2012-02-29,7:30p,,Cleveland Cavaliers,W,,120,103,18,18,W 1
2012,NYK,2012-03-04,1:00p,@,Boston Celtics,L,OT,111,115,18,19,L 1
2012,NYK,2012-03-06,8:30p,@,Dallas Mavericks,L,,85,95,18,20,L 2
2012,NYK,2012-03-07,8:30p,@,San Antonio Spurs,L,,105,118,18,21,L 3
2012,NYK,2012-03-09,8:30p,@,Milwaukee Bucks,L,,114,119,18,22,L 4
2012,NYK,2012-03-11,12:00p,,Philadelphia 76ers,L,,94,106,18,23,L 5
2012,NYK,2012-03-12,8:00p,@,Chicago Bulls,L,,99,104,18,24,L 6
2012,NYK,2012-03-14,7:30p,,Portland Trail Blazers,W,,121,79,19,24,W 1
2012,NYK,2012-03-16,7:30p,,Indiana Pacers,W,,115,100,20,24,W 2
2012,NYK,2012-03-17,7:00p,@,Indiana Pacers,W,,102,88,21,24,W 3
2012,NYK,2012-03-20,7:30p,,Toronto Raptors,W,,106,87,22,24,W 4
2012,NYK,2012-03-21,7:00p,@,Philadelphia 76ers,W,,82,79,23,24,W 5
2012,NYK,2012-03-23,7:00p,@,Toronto Raptors,L,,79,96,23,25,L 1
2012,NYK,2012-03-24,7:30p,,Detroit Pistons,W,,101,79,24,25,W 1
2012,NYK,2012-03-26,7:30p,,Milwaukee Bucks,W,,89,80,25,25,W 2
2012,NYK,2012-03-28,7:00p,,Orlando Magic,W,,108,86,26,25,W 3
2012,NYK,2012-03-30,7:30p,@,Atlanta Hawks,L,,90,100,26,26,L 1
2012,NYK,2012-03-31,7:30p,,Cleveland Cavaliers,W,,91,75,27,26,W 1
2012,NYK,2012-04-03,7:00p,@,Indiana Pacers,L,,104,112,27,27,L 1
2012,NYK,2012-04-05,7:00p,@,Orlando Magic,W,,96,80,28,27,W 1
2012,NYK,2012-04-08,1:00p,,Chicago Bulls,W,OT,100,99,29,27,W 2
2012,NYK,2012-04-10,9:30p,@,Chicago Bulls,L,,86,98,29,28,L 1
2012,NYK,2012-04-11,8:00p,@,Milwaukee Bucks,W,,111,107,30,28,W 1
2012,NYK,2012-04-13,7:30p,,Washington Wizards,W,,103,65,31,28,W 2
2012,NYK,2012-04-15,1:00p,,Miami Heat,L,,85,93,31,29,L 1
2012,NYK,2012-04-17,8:00p,,Boston Celtics,W,,118,110,32,29,W 1
2012,NYK,2012-04-18,7:30p,@,New Jersey Nets,W,,104,95,33,29,W 2
2012,NYK,2012-04-20,7:30p,@,Cleveland Cavaliers,L,,90,98,33,30,L 1
2012,NYK,2012-04-22,1:00p,@,Atlanta Hawks,W,,113,112,34,30,W 1
2012,NYK,2012-04-25,8:00p,,Los Angeles Clippers,W,,99,93,35,30,W 2
2012,NYK,2012-04-26,8:00p,@,Charlotte Bobcats,W,,104,84,36,30,W 3
2012,NYK,2012-04-28,3:30p,@,Miami Heat,L,,67,100,0,1,L 1
2012,NYK,2012-04-30,7:00p,@,Miami Heat,L,,94,104,0,2,L 2
2012,NYK,2012-05-03,7:00p,,Miami Heat,L,,70,87,0,3,L 3
2012,NYK,2012-05-06,3:30p,,Miami Heat,W,,89,87,1,3,W 1
2012,NYK,2012-05-09,7:00p,@,Miami Heat,L,,94,106,1,4,L 1
2012,OKC,2011-12-25,8:00p,,Orlando Magic,W,,97,89,1,0,W 1
2012,OKC,2011-12-26,8:00p,@,Minnesota Timberwolves,W,,104,100,2,0,W 2
2012,OKC,2011-12-28,8:00p,@,Memphis Grizzlies,W,,98,95,3,0,W 3
2012,OKC,2011-12-29,8:00p,,Dallas Mavericks,W,,104,102,4,0,W 4
2012,OKC,2011-12-31,8:00p,,Phoenix Suns,W,,107,97,5,0,W 5
2012,OKC,2012-01-02,8:30p,@,Dallas Mavericks,L,,87,100,5,1,L 1
2012,OKC,2012-01-03,8:00p,,Portland Trail Blazers,L,,93,103,5,2,L 2
2012,OKC,2012-01-06,8:00p,,Houston Rockets,W,,109,94,6,2,W 1
2012,OKC,2012-01-07,8:00p,@,Houston Rockets,W,,98,95,7,2,W 2
2012,OKC,2012-01-08,7:00p,,San Antonio Spurs,W,,108,96,8,2,W 3
2012,OKC,2012-01-10,8:00p,@,Memphis Grizzlies,W,,100,95,9,2,W 4
2012,OKC,2012-01-11,8:00p,@,New Orleans Hornets,W,,95,85,10,2,W 5
2012,OKC,2012-01-14,8:00p,,New York Knicks,W,,104,92,11,2,W 6
2012,OKC,2012-01-16,8:00p,@,Boston Celtics,W,,97,88,12,2,W 7
2012,OKC,2012-01-18,7:00p,@,Washington Wizards,L,,102,105,12,3,L 1
2012,OKC,2012-01-21,8:00p,@,New Jersey Nets,W,,84,74,13,3,W 1
2012,OKC,2012-01-23,8:00p,,Detroit Pistons,W,,99,79,14,3,W 2
2012,OKC,2012-01-25,8:00p,,New Orleans Hornets,W,,101,91,15,3,W 3
2012,OKC,2012-01-27,10:30p,@,Golden State Warriors,W,,120,109,16,3,W 4
2012,OKC,2012-01-30,10:30p,@,Los Angeles Clippers,L,,100,112,16,4,L 1
2012,OKC,2012-02-01,8:00p,@,Dallas Mavericks,W,,95,86,17,4,W 1
2012,OKC,2012-02-03,8:00p,,Memphis Grizzlies,W,,101,94,18,4,W 2
2012,OKC,2012-02-04,8:30p,@,San Antonio Spurs,L,,96,107,18,5,L 1
2012,OKC,2012-02-06,10:00p,@,Portland Trail Blazers,W,OT,111,107,19,5,W 1
2012,OKC,2012-02-07,10:30p,@,Golden State Warriors,W,,119,116,20,5,W 2
2012,OKC,2012-02-09,10:30p,@,Sacramento Kings,L,,101,106,20,6,L 1
2012,OKC,2012-02-10,10:30p,@,Utah Jazz,W,,101,87,21,6,W 1
2012,OKC,2012-02-14,8:00p,,Utah Jazz,W,,111,85,22,6,W 2
2012,OKC,2012-02-15,8:00p,@,Houston Rockets,L,,95,96,22,7,L 1
2012,OKC,2012-02-17,8:00p,,Golden State Warriors,W,,110,87,23,7,W 1
2012,OKC,2012-02-19,8:00p,,Denver Nuggets,W,OT,124,118,24,7,W 2
2012,OKC,2012-02-20,8:00p,,New Orleans Hornets,W,,101,93,25,7,W 3
2012,OKC,2012-02-22,7:00p,,Boston Celtics,W,,119,104,26,7,W 4
2012,OKC,2012-02-23,9:30p,,Los Angeles Lakers,W,,100,85,27,7,W 5
2012,OKC,2012-02-29,7:00p,@,Philadelphia 76ers,W,,92,88,28,7,W 6
2012,OKC,2012-03-01,8:00p,@,Orlando Magic,W,,105,102,29,7,W 7
2012,OKC,2012-03-03,7:00p,@,Atlanta Hawks,L,,90,97,29,8,L 1
2012,OKC,2012-03-05,8:00p,,Dallas Mavericks,W,,95,91,30,8,W 1
2012,OKC,2012-03-07,8:00p,,Phoenix Suns,W,,115,104,31,8,W 2
2012,OKC,2012-03-09,8:00p,,Cleveland Cavaliers,L,,90,96,31,9,L 1
2012,OKC,2012-03-10,8:00p,,Charlotte Bobcats,W,,122,95,32,9,W 1
2012,OKC,2012-03-13,8:00p,,Houston Rockets,L,,103,104,32,10,L 1
2012,OKC,2012-03-15,9:00p,@,Denver Nuggets,W,,103,90,33,10,W 1
2012,OKC,2012-03-16,9:30p,,San Antonio Spurs,L,,105,114,33,11,L 1
2012,OKC,2012-03-18,9:30p,,Portland Trail Blazers,W,,111,95,34,11,W 1
2012,OKC,2012-03-20,9:00p,@,Utah Jazz,L,,90,97,34,12,L 1
2012,OKC,2012-03-21,8:00p,,Los Angeles Clippers,W,,114,91,35,12,W 1
2012,OKC,2012-03-23,8:00p,,Minnesota Timberwolves,W,2OT,149,140,36,12,W 2
2012,OKC,2012-03-25,8:00p,,Miami Heat,W,,103,87,37,12,W 3
2012,OKC,2012-03-27,10:00p,@,Portland Trail Blazers,W,,109,95,38,12,W 4
2012,OKC,2012-03-29,10:30p,@,Los Angeles Lakers,W,,102,93,39,12,W 5
2012,OKC,2012-04-01,1:00p,,Chicago Bulls,W,,92,78,40,12,W 6
2012,OKC,2012-04-02,8:00p,,Memphis Grizzlies,L,,88,94,40,13,L 1
2012,OKC,2012-04-04,8:00p,@,Miami Heat,L,,93,98,40,14,L 2
2012,OKC,2012-04-06,7:00p,@,Indiana Pacers,L,,98,103,40,15,L 3
2012,OKC,2012-04-08,7:00p,,Toronto Raptors,W,,91,75,41,15,W 1
2012,OKC,2012-04-09,8:00p,@,Milwaukee Bucks,W,,109,89,42,15,W 2
2012,OKC,2012-04-11,8:00p,,Los Angeles Clippers,L,,98,100,42,16,L 1
2012,OKC,2012-04-13,8:00p,,Sacramento Kings,W,,115,89,43,16,W 1
2012,OKC,2012-04-14,8:00p,@,Minnesota Timberwolves,W,,115,110,44,16,W 2
2012,OKC,2012-04-16,10:30p,@,Los Angeles Clippers,L,,77,92,44,17,L 1
2012,OKC,2012-04-18,10:00p,@,Phoenix Suns,W,,109,97,45,17,W 1
2012,OKC,2012-04-20,10:00p,@,Sacramento Kings,W,,103,92,46,17,W 2
2012,OKC,2012-04-22,3:30p,@,Los Angeles Lakers,L,2OT,106,114,46,18,L 1
2012,OKC,2012-04-24,8:00p,,Sacramento Kings,W,,118,110,47,18,W 1
2012,OKC,2012-04-25,8:00p,,Denver Nuggets,L,,101,106,47,19,L 1
2012,OKC,2012-04-28,9:30p,,Dallas Mavericks,W,,99,98,1,0,W 1
2012,OKC,2012-04-30,9:30p,,Dallas Mavericks,W,,102,99,2,0,W 2
2012,OKC,2012-05-03,9:30p,@,Dallas Mavericks,W,,95,79,3,0,W 3
2012,OKC,2012-05-05,7:30p,@,Dallas Mavericks,W,,103,97,4,0,W 4
2012,OKC,2012-05-14,9:30p,,Los Angeles Lakers,W,,119,90,5,0,W 5
2012,OKC,2012-05-16,9:30p,,Los Angeles Lakers,W,,77,75,6,0,W 6
2012,OKC,2012-05-18,10:30p,@,Los Angeles Lakers,L,,96,99,6,1,L 1
2012,OKC,2012-05-19,10:30p,@,Los Angeles Lakers,W,,103,100,7,1,W 1
2012,OKC,2012-05-21,9:30p,,Los Angeles Lakers,W,,106,90,8,1,W 2
2012,OKC,2012-05-27,8:30p,@,San Antonio Spurs,L,,98,101,8,2,L 1
2012,OKC,2012-05-29,9:00p,@,San Antonio Spurs,L,,111,120,8,3,L 2
2012,OKC,2012-05-31,9:00p,,San Antonio Spurs,W,,102,82,9,3,W 1
2012,OKC,2012-06-02,8:30p,,San Antonio Spurs,W,,109,103,10,3,W 2
2012,OKC,2012-06-04,9:00p,@,San Antonio Spurs,W,,108,103,11,3,W 3
2012,OKC,2012-06-06,9:00p,,San Antonio Spurs,W,,107,99,12,3,W 4
2012,OKC,2012-06-12,9:00p,,Miami Heat,W,,105,94,13,3,W 5
2012,OKC,2012-06-14,9:00p,,Miami Heat,L,,96,100,13,4,L 1
2012,OKC,2012-06-17,8:00p,@,Miami Heat,L,,85,91,13,5,L 2
2012,OKC,2012-06-19,9:00p,@,Miami Heat,L,,98,104,13,6,L 3
2012,OKC,2012-06-21,9:00p,@,Miami Heat,L,,106,121,13,7,L 4
2012,ORL,2011-12-25,8:00p,@,Oklahoma City Thunder,L,,89,97,0,1,L 1
2012,ORL,2011-12-26,7:00p,,Houston Rockets,W,,104,95,1,1,W 1
2012,ORL,2011-12-29,7:00p,,New Jersey Nets,W,,94,78,2,1,W 2
2012,ORL,2011-12-30,7:00p,@,Charlotte Bobcats,W,,100,79,3,1,W 3
2012,ORL,2012-01-01,6:00p,,Toronto Raptors,W,,102,96,4,1,W 4
2012,ORL,2012-01-02,7:30p,@,Detroit Pistons,L,,78,89,4,2,L 1
2012,ORL,2012-01-04,7:00p,,Washington Wizards,W,,103,85,5,2,W 1
2012,ORL,2012-01-06,8:00p,,Chicago Bulls,L,,83,97,5,3,L 1
2012,ORL,2012-01-08,6:00p,@,Sacramento Kings,W,,104,97,6,3,W 1
2012,ORL,2012-01-11,10:00p,@,Portland Trail Blazers,W,,107,104,7,3,W 2
2012,ORL,2012-01-12,10:30p,@,Golden State Warriors,W,,117,109,8,3,W 3
2012,ORL,2012-01-16,1:00p,@,New York Knicks,W,,102,93,9,3,W 4
2012,ORL,2012-01-17,7:00p,,Charlotte Bobcats,W,,96,89,10,3,W 5
2012,ORL,2012-01-18,7:00p,,San Antonio Spurs,L,OT,83,85,10,4,L 1
2012,ORL,2012-01-20,8:00p,,Los Angeles Lakers,W,,92,80,11,4,W 1
2012,ORL,2012-01-23,7:30p,@,Boston Celtics,L,,56,87,11,5,L 1
2012,ORL,2012-01-24,7:00p,@,Indiana Pacers,W,,102,83,12,5,W 1
2012,ORL,2012-01-26,8:00p,,Boston Celtics,L,,83,91,12,6,L 1
2012,ORL,2012-01-27,8:00p,@,New Orleans Hornets,L,,67,93,12,7,L 2
2012,ORL,2012-01-29,6:00p,,Indiana Pacers,L,,85,106,12,8,L 3
2012,ORL,2012-01-30,7:00p,@,Philadelphia 76ers,L,,69,74,12,9,L 4
2012,ORL,2012-02-01,7:00p,,Washington Wizards,W,,109,103,13,9,W 1
2012,ORL,2012-02-03,7:00p,,Cleveland Cavaliers,W,,102,94,14,9,W 2
2012,ORL,2012-02-04,7:00p,@,Indiana Pacers,W,,85,81,15,9,W 3
2012,ORL,2012-02-06,7:00p,,Los Angeles Clippers,L,OT,102,107,15,10,L 1
2012,ORL,2012-02-08,7:00p,,Miami Heat,W,,102,89,16,10,W 1
2012,ORL,2012-02-10,7:00p,,Atlanta Hawks,L,OT,87,89,16,11,L 1
2012,ORL,2012-02-11,9:00p,@,Milwaukee Bucks,W,,99,94,17,11,W 1
2012,ORL,2012-02-13,7:00p,,Minnesota Timberwolves,W,,102,89,18,11,W 2
2012,ORL,2012-02-15,7:00p,,Philadelphia 76ers,W,,103,87,19,11,W 3
2012,ORL,2012-02-17,7:00p,,Milwaukee Bucks,W,,94,85,20,11,W 4
2012,ORL,2012-02-19,3:30p,@,Miami Heat,L,,78,90,20,12,L 1
2012,ORL,2012-02-20,8:00p,@,Milwaukee Bucks,W,,93,90,21,12,W 1
2012,ORL,2012-02-22,7:30p,@,New Jersey Nets,W,,108,91,22,12,W 2
2012,ORL,2012-02-23,7:30p,@,Atlanta Hawks,L,,78,83,22,13,L 1
2012,ORL,2012-02-29,7:00p,@,Washington Wizards,W,,102,95,23,13,W 1
2012,ORL,2012-03-01,8:00p,,Oklahoma City Thunder,L,,102,105,23,14,L 1
2012,ORL,2012-03-03,7:00p,,Milwaukee Bucks,W,,114,98,24,14,W 1
2012,ORL,2012-03-05,7:00p,@,Toronto Raptors,W,,92,88,25,14,W 2
2012,ORL,2012-03-06,7:00p,@,Charlotte Bobcats,L,,84,100,25,15,L 1
2012,ORL,2012-03-08,8:00p,@,Chicago Bulls,W,,99,94,26,15,W 1
2012,ORL,2012-03-11,6:00p,,Indiana Pacers,W,,107,94,27,15,W 2
2012,ORL,2012-03-13,7:00p,,Miami Heat,W,OT,104,98,28,15,W 3
2012,ORL,2012-03-14,8:30p,@,San Antonio Spurs,L,,111,122,28,16,L 1
2012,ORL,2012-03-16,7:00p,,New Jersey Nets,W,,86,70,29,16,W 1
2012,ORL,2012-03-18,7:00p,@,Miami Heat,L,,81,91,29,17,L 1
2012,ORL,2012-03-19,8:00p,,Chicago Bulls,L,,59,85,29,18,L 2
2012,ORL,2012-03-21,7:00p,,Phoenix Suns,W,,103,93,30,18,W 1
2012,ORL,2012-03-23,7:00p,,Cleveland Cavaliers,W,,93,80,31,18,W 2
2012,ORL,2012-03-26,7:00p,@,Toronto Raptors,W,,117,101,32,18,W 3
2012,ORL,2012-03-28,7:00p,@,New York Knicks,L,,86,108,32,19,L 1
2012,ORL,2012-03-30,8:00p,,Dallas Mavericks,L,,98,100,32,20,L 2
2012,ORL,2012-04-01,6:00p,,Denver Nuggets,L,,101,104,32,21,L 3
2012,ORL,2012-04-03,7:30p,@,Detroit Pistons,L,,95,102,32,22,L 4
2012,ORL,2012-04-05,7:00p,,New York Knicks,L,,80,96,32,23,L 5
2012,ORL,2012-04-07,8:00p,@,Philadelphia 76ers,W,,88,82,33,23,W 1
2012,ORL,2012-04-09,7:00p,,Detroit Pistons,W,,119,89,34,23,W 2
2012,ORL,2012-04-10,7:00p,@,Washington Wizards,L,,85,93,34,24,L 1
2012,ORL,2012-04-13,7:00p,,Atlanta Hawks,L,,81,109,34,25,L 2
2012,ORL,2012-04-15,6:00p,@,Cleveland Cavaliers,W,,100,84,35,25,W 1
2012,ORL,2012-04-16,7:00p,,Philadelphia 76ers,W,,113,100,36,25,W 2
2012,ORL,2012-04-18,8:00p,@,Boston Celtics,L,,98,102,36,26,L 1
2012,ORL,2012-04-21,10:30p,@,Utah Jazz,L,OT,107,117,36,27,L 2
2012,ORL,2012-04-22,8:00p,@,Denver Nuggets,L,,74,101,36,28,L 3
2012,ORL,2012-04-25,7:00p,,Charlotte Bobcats,W,,102,95,37,28,W 1
2012,ORL,2012-04-26,8:00p,@,Memphis Grizzlies,L,,76,88,37,29,L 1
2012,ORL,2012-04-28,7:00p,@,Indiana Pacers,W,,81,77,1,0,W 1
2012,ORL,2012-04-30,7:30p,@,Indiana Pacers,L,,78,93,1,1,L 1
2012,ORL,2012-05-02,7:30p,,Indiana Pacers,L,,74,97,1,2,L 2
2012,ORL,2012-05-05,2:00p,,Indiana Pacers,L,OT,99,101,1,3,L 3
2012,ORL,2012-05-08,7:00p,@,Indiana Pacers,L,,87,105,1,4,L 4
2012,PHI,2011-12-26,10:00p,@,Portland Trail Blazers,L,,103,107,0,1,L 1
2012,PHI,2011-12-28,9:00p,@,Phoenix Suns,W,,103,83,1,1,W 1
2012,PHI,2011-12-30,9:00p,@,Utah Jazz,L,,99,102,1,2,L 1
2012,PHI,2011-12-31,9:00p,@,Golden State Warriors,W,,107,79,2,2,W 1
2012,PHI,2012-01-04,8:00p,@,New Orleans Hornets,W,,101,93,3,2,W 2
2012,PHI,2012-01-06,7:00p,,Detroit Pistons,W,,96,73,4,2,W 3
2012,PHI,2012-01-07,8:00p,,Toronto Raptors,W,,97,62,5,2,W 4
2012,PHI,2012-01-09,7:00p,,Indiana Pacers,W,,96,86,6,2,W 5
2012,PHI,2012-01-10,7:00p,,Sacramento Kings,W,,112,85,7,2,W 6
2012,PHI,2012-01-11,7:30p,@,New York Knicks,L,,79,85,7,3,L 1
2012,PHI,2012-01-13,7:00p,,Washington Wizards,W,,120,89,8,3,W 1
2012,PHI,2012-01-14,7:00p,@,Washington Wizards,W,,103,90,9,3,W 2
2012,PHI,2012-01-16,2:00p,,Milwaukee Bucks,W,,94,82,10,3,W 3
2012,PHI,2012-01-18,7:00p,,Denver Nuggets,L,OT,104,108,10,4,L 1
2012,PHI,2012-01-20,7:00p,,Atlanta Hawks,W,,90,76,11,4,W 1
2012,PHI,2012-01-21,7:30p,@,Miami Heat,L,,92,113,11,5,L 1
2012,PHI,2012-01-23,7:00p,,Washington Wizards,W,,103,83,12,5,W 1
2012,PHI,2012-01-25,7:00p,,New Jersey Nets,L,OT,90,97,12,6,L 1
2012,PHI,2012-01-27,7:00p,,Charlotte Bobcats,W,,89,72,13,6,W 1
2012,PHI,2012-01-28,7:00p,,Detroit Pistons,W,,95,74,14,6,W 2
2012,PHI,2012-01-30,7:00p,,Orlando Magic,W,,74,69,15,6,W 3
2012,PHI,2012-02-01,7:00p,,Chicago Bulls,W,,98,82,16,6,W 4
2012,PHI,2012-02-03,7:00p,,Miami Heat,L,,79,99,16,7,L 1
2012,PHI,2012-02-04,7:00p,@,Atlanta Hawks,W,,98,87,17,7,W 1
2012,PHI,2012-02-06,7:00p,,Los Angeles Lakers,W,,95,90,18,7,W 2
2012,PHI,2012-02-08,7:00p,,San Antonio Spurs,L,,90,100,18,8,L 1
2012,PHI,2012-02-10,7:00p,,Los Angeles Clippers,L,,77,78,18,9,L 2
2012,PHI,2012-02-11,7:30p,@,Cleveland Cavaliers,W,,99,84,19,9,W 1
2012,PHI,2012-02-13,7:00p,@,Charlotte Bobcats,W,,98,89,20,9,W 2
2012,PHI,2012-02-15,7:00p,@,Orlando Magic,L,,87,103,20,10,L 1
2012,PHI,2012-02-17,8:00p,,Dallas Mavericks,L,,75,82,20,11,L 2
2012,PHI,2012-02-19,7:00p,@,Minnesota Timberwolves,L,,91,92,20,12,L 3
2012,PHI,2012-02-21,8:00p,@,Memphis Grizzlies,L,,76,89,20,13,L 4
2012,PHI,2012-02-22,8:00p,@,Houston Rockets,L,,87,93,20,14,L 5
2012,PHI,2012-02-28,7:30p,@,Detroit Pistons,W,,97,68,21,14,W 1
2012,PHI,2012-02-29,7:00p,,Oklahoma City Thunder,L,,88,92,21,15,L 1
2012,PHI,2012-03-02,8:00p,,Golden State Warriors,W,,105,83,22,15,W 1
2012,PHI,2012-03-04,7:00p,,Chicago Bulls,L,,91,96,22,16,L 1
2012,PHI,2012-03-05,8:00p,@,Milwaukee Bucks,L,,93,97,22,17,L 2
2012,PHI,2012-03-07,7:00p,,Boston Celtics,W,,103,71,23,17,W 1
2012,PHI,2012-03-09,7:00p,,Utah Jazz,W,,104,91,24,17,W 2
2012,PHI,2012-03-11,12:00p,@,New York Knicks,W,,106,94,25,17,W 3
2012,PHI,2012-03-14,7:00p,@,Indiana Pacers,L,,94,111,25,18,L 1
2012,PHI,2012-03-16,7:00p,,Miami Heat,L,,78,84,25,19,L 2
2012,PHI,2012-03-17,8:00p,@,Chicago Bulls,L,,80,89,25,20,L 3
2012,PHI,2012-03-19,7:00p,@,Charlotte Bobcats,W,,105,80,26,20,W 1
2012,PHI,2012-03-21,7:00p,,New York Knicks,L,,79,82,26,21,L 1
2012,PHI,2012-03-23,8:00p,,Boston Celtics,W,,99,86,27,21,W 1
2012,PHI,2012-03-25,7:00p,@,San Antonio Spurs,L,,76,93,27,22,L 1
2012,PHI,2012-03-27,7:00p,,Cleveland Cavaliers,W,,103,85,28,22,W 1
2012,PHI,2012-03-30,7:00p,@,Washington Wizards,L,,76,97,28,23,L 1
2012,PHI,2012-03-31,7:30p,,Atlanta Hawks,W,,95,90,29,23,W 1
2012,PHI,2012-04-03,7:30p,@,Miami Heat,L,,93,99,29,24,L 1
2012,PHI,2012-04-04,7:00p,,Toronto Raptors,L,,78,99,29,25,L 2
2012,PHI,2012-04-07,8:00p,,Orlando Magic,L,,82,88,29,26,L 3
2012,PHI,2012-04-08,6:00p,@,Boston Celtics,L,,79,103,29,27,L 4
2012,PHI,2012-04-10,7:30p,@,New Jersey Nets,W,,107,88,30,27,W 1
2012,PHI,2012-04-11,7:00p,@,Toronto Raptors,W,,93,75,31,27,W 2
2012,PHI,2012-04-13,7:00p,,New Jersey Nets,L,,89,95,31,28,L 1
2012,PHI,2012-04-16,7:00p,@,Orlando Magic,L,,100,113,31,29,L 2
2012,PHI,2012-04-17,7:00p,,Indiana Pacers,L,,97,102,31,30,L 3
2012,PHI,2012-04-18,7:00p,@,Cleveland Cavaliers,W,,103,87,32,30,W 1
2012,PHI,2012-04-21,7:00p,@,Indiana Pacers,W,OT,109,106,33,30,W 2
2012,PHI,2012-04-23,7:30p,@,New Jersey Nets,W,,105,87,34,30,W 3
2012,PHI,2012-04-25,8:00p,@,Milwaukee Bucks,W,,90,85,35,30,W 4
2012,PHI,2012-04-26,8:00p,@,Detroit Pistons,L,,86,108,35,31,L 1
2012,PHI,2012-04-28,1:00p,@,Chicago Bulls,L,,91,103,0,1,L 1
2012,PHI,2012-05-01,8:00p,@,Chicago Bulls,W,,109,92,1,1,W 1
2012,PHI,2012-05-04,8:00p,,Chicago Bulls,W,,79,74,2,1,W 2
2012,PHI,2012-05-06,1:00p,,Chicago Bulls,W,,89,82,3,1,W 3
2012,PHI,2012-05-08,9:30p,@,Chicago Bulls,L,,69,77,3,2,L 1
2012,PHI,2012-05-10,7:00p,,Chicago Bulls,W,,79,78,4,2,W 1
2012,PHI,2012-05-12,8:00p,@,Boston Celtics,L,,91,92,4,3,L 1
2012,PHI,2012-05-14,7:00p,@,Boston Celtics,W,,82,81,5,3,W 1
2012,PHI,2012-05-16,7:00p,,Boston Celtics,L,,91,107,5,4,L 1
2012,PHI,2012-05-18,8:00p,,Boston Celtics,W,,92,83,6,4,W 1
2012,PHI,2012-05-21,7:00p,@,Boston Celtics,L,,85,101,6,5,L 1
2012,PHI,2012-05-23,8:00p,,Boston Celtics,W,,82,75,7,5,W 1
2012,PHI,2012-05-26,8:00p,@,Boston Celtics,L,,75,85,7,6,L 1
2012,PHO,2011-12-26,9:00p,,New Orleans Hornets,L,,84,85,0,1,L 1
2012,PHO,2011-12-28,9:00p,,Philadelphia 76ers,L,,83,103,0,2,L 2
2012,PHO,2011-12-30,8:00p,@,New Orleans Hornets,W,,93,78,1,2,W 1
2012,PHO,2011-12-31,8:00p,@,Oklahoma City Thunder,L,,97,107,1,3,L 1
2012,PHO,2012-01-02,3:30p,,Golden State Warriors,W,,102,91,2,3,W 1
2012,PHO,2012-01-04,8:30p,@,Dallas Mavericks,L,,89,98,2,4,L 1
2012,PHO,2012-01-06,10:30p,,Portland Trail Blazers,W,,102,77,3,4,W 1
2012,PHO,2012-01-08,8:00p,,Milwaukee Bucks,W,,109,93,4,4,W 2
2012,PHO,2012-01-10,10:30p,@,Los Angeles Lakers,L,,83,99,4,5,L 1
2012,PHO,2012-01-12,9:00p,,Cleveland Cavaliers,L,,90,101,4,6,L 2
2012,PHO,2012-01-13,9:00p,,New Jersey Nets,L,,103,110,4,7,L 3
2012,PHO,2012-01-15,9:00p,@,San Antonio Spurs,L,,91,102,4,8,L 4
2012,PHO,2012-01-17,8:00p,@,Chicago Bulls,L,,97,118,4,9,L 5
2012,PHO,2012-01-18,7:30p,@,New York Knicks,W,,91,88,5,9,W 1
2012,PHO,2012-01-20,7:30p,@,Boston Celtics,W,,79,71,6,9,W 2
2012,PHO,2012-01-23,8:30p,@,Dallas Mavericks,L,,87,93,6,10,L 1
2012,PHO,2012-01-24,9:00p,,Toronto Raptors,L,,96,99,6,11,L 2
2012,PHO,2012-01-27,10:00p,@,Portland Trail Blazers,L,,71,109,6,12,L 3
2012,PHO,2012-01-28,9:00p,,Memphis Grizzlies,W,,86,84,7,12,W 1
2012,PHO,2012-01-30,9:00p,,Dallas Mavericks,L,,99,122,7,13,L 1
2012,PHO,2012-02-01,8:00p,@,New Orleans Hornets,W,,120,103,8,13,W 1
2012,PHO,2012-02-03,8:00p,@,Houston Rockets,L,,81,99,8,14,L 1
2012,PHO,2012-02-04,9:00p,,Charlotte Bobcats,W,,95,89,9,14,W 1
2012,PHO,2012-02-06,7:30p,@,Atlanta Hawks,W,,99,90,10,14,W 2
2012,PHO,2012-02-07,8:00p,@,Milwaukee Bucks,W,,107,105,11,14,W 3
2012,PHO,2012-02-09,9:00p,,Houston Rockets,L,,89,96,11,15,L 1
2012,PHO,2012-02-11,10:00p,@,Sacramento Kings,W,,98,84,12,15,W 1
2012,PHO,2012-02-13,10:30p,@,Golden State Warriors,L,,96,102,12,16,L 1
2012,PHO,2012-02-14,9:00p,@,Denver Nuggets,L,,92,109,12,17,L 2
2012,PHO,2012-02-15,9:00p,,Atlanta Hawks,L,,99,101,12,18,L 3
2012,PHO,2012-02-17,10:30p,@,Los Angeles Lakers,L,,99,111,12,19,L 4
2012,PHO,2012-02-19,8:00p,,Los Angeles Lakers,W,,102,90,13,19,W 1
2012,PHO,2012-02-20,9:00p,,Washington Wizards,W,,104,88,14,19,W 2
2012,PHO,2012-02-22,9:00p,,Golden State Warriors,L,,104,106,14,20,L 1
2012,PHO,2012-03-01,9:00p,,Minnesota Timberwolves,W,,104,95,15,20,W 1
2012,PHO,2012-03-02,10:30p,,Los Angeles Clippers,W,,81,78,16,20,W 2
2012,PHO,2012-03-04,8:00p,,Sacramento Kings,W,,96,88,17,20,W 3
2012,PHO,2012-03-07,8:00p,@,Oklahoma City Thunder,L,,104,115,17,21,L 1
2012,PHO,2012-03-08,10:30p,,Dallas Mavericks,W,,96,94,18,21,W 1
2012,PHO,2012-03-10,9:00p,,Memphis Grizzlies,W,,98,91,19,21,W 2
2012,PHO,2012-03-12,10:00p,,Minnesota Timberwolves,L,,124,127,19,22,L 1
2012,PHO,2012-03-14,10:30p,,Utah Jazz,W,,120,111,20,22,W 1
2012,PHO,2012-03-15,10:30p,@,Los Angeles Clippers,W,,91,87,21,22,W 2
2012,PHO,2012-03-16,10:00p,,Detroit Pistons,W,,109,101,22,22,W 3
2012,PHO,2012-03-18,9:00p,,Houston Rockets,W,,99,86,23,22,W 4
2012,PHO,2012-03-20,7:30p,@,Miami Heat,L,,95,99,23,23,L 1
2012,PHO,2012-03-21,7:00p,@,Orlando Magic,L,,93,103,23,24,L 2
2012,PHO,2012-03-23,7:00p,@,Indiana Pacers,W,,113,111,24,24,W 1
2012,PHO,2012-03-25,3:00p,@,Cleveland Cavaliers,W,,108,83,25,24,W 2
2012,PHO,2012-03-27,10:00p,,San Antonio Spurs,L,,100,107,25,25,L 1
2012,PHO,2012-03-28,10:30p,@,Los Angeles Clippers,L,,86,103,25,26,L 2
2012,PHO,2012-04-01,9:00p,,New Orleans Hornets,W,,92,75,26,26,W 1
2012,PHO,2012-04-03,10:00p,@,Sacramento Kings,W,,109,100,27,26,W 2
2012,PHO,2012-04-04,9:00p,@,Utah Jazz,W,,107,105,28,26,W 3
2012,PHO,2012-04-06,9:00p,@,Denver Nuggets,L,,99,105,28,27,L 1
2012,PHO,2012-04-07,10:00p,,Los Angeles Lakers,W,,125,105,29,27,W 1
2012,PHO,2012-04-09,9:00p,@,Minnesota Timberwolves,W,,114,90,30,27,W 2
2012,PHO,2012-04-11,8:00p,@,Memphis Grizzlies,L,,93,104,30,28,L 1
2012,PHO,2012-04-13,8:00p,@,Houston Rockets,W,,112,105,31,28,W 1
2012,PHO,2012-04-14,9:00p,@,San Antonio Spurs,L,,91,105,31,29,L 1
2012,PHO,2012-04-16,10:00p,,Portland Trail Blazers,W,,125,107,32,29,W 1
2012,PHO,2012-04-18,10:00p,,Oklahoma City Thunder,L,,97,109,32,30,L 1
2012,PHO,2012-04-19,10:30p,,Los Angeles Clippers,W,,93,90,33,30,W 1
2012,PHO,2012-04-21,5:30p,,Denver Nuggets,L,,107,118,33,31,L 1
2012,PHO,2012-04-24,10:30p,@,Utah Jazz,L,,88,100,33,32,L 2
2012,PHO,2012-04-25,10:30p,,San Antonio Spurs,L,,106,110,33,33,L 3
2012,POR,2011-12-26,10:00p,,Philadelphia 76ers,W,,107,103,1,0,W 1
2012,POR,2011-12-27,10:00p,,Sacramento Kings,W,,101,79,2,0,W 2
2012,POR,2011-12-29,10:00p,,Denver Nuggets,W,,111,102,3,0,W 3
2012,POR,2012-01-01,9:30p,@,Los Angeles Clippers,L,,88,93,3,1,L 1
2012,POR,2012-01-03,8:00p,@,Oklahoma City Thunder,W,,103,93,4,1,W 1
2012,POR,2012-01-05,10:30p,,Los Angeles Lakers,W,,107,96,5,1,W 2
2012,POR,2012-01-06,10:30p,@,Phoenix Suns,L,,77,102,5,2,L 1
2012,POR,2012-01-08,9:00p,,Cleveland Cavaliers,W,,98,78,6,2,W 1
2012,POR,2012-01-10,10:00p,,Los Angeles Clippers,W,,105,97,7,2,W 2
2012,POR,2012-01-11,10:00p,,Orlando Magic,L,,104,107,7,3,L 1
2012,POR,2012-01-13,8:30p,@,San Antonio Spurs,L,,83,99,7,4,L 2
2012,POR,2012-01-14,8:00p,@,Houston Rockets,L,OT,105,107,7,5,L 3
2012,POR,2012-01-16,3:00p,@,New Orleans Hornets,W,,84,77,8,5,W 1
2012,POR,2012-01-18,8:00p,@,Atlanta Hawks,L,,89,92,8,6,L 1
2012,POR,2012-01-20,7:00p,@,Toronto Raptors,W,,94,84,9,6,W 1
2012,POR,2012-01-21,7:30p,@,Detroit Pistons,L,,91,94,9,7,L 1
2012,POR,2012-01-23,10:00p,,Sacramento Kings,W,,101,89,10,7,W 1
2012,POR,2012-01-24,10:00p,,Memphis Grizzlies,W,,97,84,11,7,W 2
2012,POR,2012-01-25,10:30p,@,Golden State Warriors,L,,93,101,11,8,L 1
2012,POR,2012-01-27,10:00p,,Phoenix Suns,W,,109,71,12,8,W 1
2012,POR,2012-01-30,9:00p,@,Utah Jazz,L,,89,93,12,9,L 1
2012,POR,2012-02-01,10:00p,,Charlotte Bobcats,W,,112,68,13,9,W 1
2012,POR,2012-02-02,10:00p,@,Sacramento Kings,L,,92,95,13,10,L 1
2012,POR,2012-02-04,10:00p,,Denver Nuggets,W,,117,97,14,10,W 1
2012,POR,2012-02-06,10:00p,,Oklahoma City Thunder,L,OT,107,111,14,11,L 1
2012,POR,2012-02-08,10:00p,,Houston Rockets,L,,96,103,14,12,L 2
2012,POR,2012-02-10,8:00p,@,New Orleans Hornets,W,,94,86,15,12,W 1
2012,POR,2012-02-11,8:30p,@,Dallas Mavericks,L,2OT,94,97,15,13,L 1
2012,POR,2012-02-14,10:00p,,Washington Wizards,L,,109,124,15,14,L 2
2012,POR,2012-02-15,10:00p,@,Golden State Warriors,W,,93,91,16,14,W 1
2012,POR,2012-02-16,10:30p,,Los Angeles Clippers,L,,71,74,16,15,L 1
2012,POR,2012-02-18,10:00p,,Atlanta Hawks,W,,97,77,17,15,W 1
2012,POR,2012-02-20,10:30p,@,Los Angeles Lakers,L,,92,103,17,16,L 1
2012,POR,2012-02-21,10:00p,,San Antonio Spurs,W,,137,97,18,16,W 1
2012,POR,2012-02-29,9:00p,@,Denver Nuggets,L,,95,104,18,17,L 1
2012,POR,2012-03-01,10:30p,,Miami Heat,L,,93,107,18,18,L 2
2012,POR,2012-03-03,10:00p,,Minnesota Timberwolves,L,,110,122,18,19,L 3
2012,POR,2012-03-05,10:00p,,New Orleans Hornets,W,,86,74,19,19,W 1
2012,POR,2012-03-07,8:00p,@,Minnesota Timberwolves,L,,94,106,19,20,L 1
2012,POR,2012-03-09,7:30p,@,Boston Celtics,L,,86,104,19,21,L 2
2012,POR,2012-03-10,7:00p,@,Washington Wizards,W,,110,99,20,21,W 1
2012,POR,2012-03-13,7:00p,@,Indiana Pacers,L,,75,92,20,22,L 1
2012,POR,2012-03-14,7:30p,@,New York Knicks,L,,79,121,20,23,L 2
2012,POR,2012-03-16,8:00p,@,Chicago Bulls,W,,100,89,21,23,W 1
2012,POR,2012-03-18,9:30p,@,Oklahoma City Thunder,L,,95,111,21,24,L 1
2012,POR,2012-03-20,10:00p,,Milwaukee Bucks,L,,87,116,21,25,L 2
2012,POR,2012-03-22,10:00p,,Memphis Grizzlies,W,,97,93,22,25,W 1
2012,POR,2012-03-23,10:30p,@,Los Angeles Lakers,L,,96,103,22,26,L 1
2012,POR,2012-03-25,9:00p,,Golden State Warriors,W,,90,87,23,26,W 1
2012,POR,2012-03-27,10:00p,,Oklahoma City Thunder,L,,95,109,23,27,L 1
2012,POR,2012-03-29,10:00p,,New Orleans Hornets,W,,99,93,24,27,W 1
2012,POR,2012-03-30,10:30p,@,Los Angeles Clippers,L,,97,98,24,28,L 1
2012,POR,2012-04-01,9:00p,,Minnesota Timberwolves,W,,119,106,25,28,W 1
2012,POR,2012-04-02,10:00p,,Utah Jazz,L,,97,102,25,29,L 1
2012,POR,2012-04-04,10:00p,,New Jersey Nets,W,,101,88,26,29,W 1
2012,POR,2012-04-06,8:30p,@,Dallas Mavericks,W,OT,99,97,27,29,W 2
2012,POR,2012-04-07,8:30p,@,Milwaukee Bucks,L,,94,116,27,30,L 1
2012,POR,2012-04-09,10:00p,,Houston Rockets,L,,89,94,27,31,L 2
2012,POR,2012-04-11,10:30p,,Golden State Warriors,W,,118,110,28,31,W 1
2012,POR,2012-04-13,10:30p,,Dallas Mavericks,L,,94,97,28,32,L 1
2012,POR,2012-04-15,6:00p,@,Sacramento Kings,L,,103,104,28,33,L 2
2012,POR,2012-04-16,10:00p,@,Phoenix Suns,L,,107,125,28,34,L 3
2012,POR,2012-04-18,10:00p,,Utah Jazz,L,,91,112,28,35,L 4
2012,POR,2012-04-21,8:00p,@,Memphis Grizzlies,L,,89,93,28,36,L 5
2012,POR,2012-04-23,8:30p,@,San Antonio Spurs,L,,89,124,28,37,L 6
2012,POR,2012-04-26,8:00p,@,Utah Jazz,L,,94,96,28,38,L 7
2012,SAC,2011-12-26,10:00p,,Los Angeles Lakers,W,,100,91,1,0,W 1
2012,SAC,2011-12-27,10:00p,@,Portland Trail Blazers,L,,79,101,1,1,L 1
2012,SAC,2011-12-29,10:00p,,Chicago Bulls,L,,98,108,1,2,L 2
2012,SAC,2011-12-31,8:00p,,New York Knicks,L,,92,114,1,3,L 3
2012,SAC,2012-01-01,9:00p,,New Orleans Hornets,W,,96,80,2,3,W 1
2012,SAC,2012-01-03,8:00p,@,Memphis Grizzlies,L,,96,113,2,4,L 1
2012,SAC,2012-01-04,9:00p,@,Denver Nuggets,L,,83,110,2,5,L 2
2012,SAC,2012-01-05,10:00p,,Milwaukee Bucks,W,,103,100,3,5,W 1
2012,SAC,2012-01-08,6:00p,,Orlando Magic,L,,97,104,3,6,L 1
2012,SAC,2012-01-10,7:00p,@,Philadelphia 76ers,L,,85,112,3,7,L 2
2012,SAC,2012-01-11,7:00p,@,Toronto Raptors,W,,98,91,4,7,W 1
2012,SAC,2012-01-13,8:00p,@,Houston Rockets,L,,89,103,4,8,L 1
2012,SAC,2012-01-14,9:00p,@,Dallas Mavericks,L,,60,99,4,9,L 2
2012,SAC,2012-01-16,8:00p,@,Minnesota Timberwolves,L,,86,99,4,10,L 3
2012,SAC,2012-01-18,10:00p,,Indiana Pacers,W,,92,88,5,10,W 1
2012,SAC,2012-01-20,8:30p,@,San Antonio Spurs,W,,88,86,6,10,W 2
2012,SAC,2012-01-21,8:00p,@,Memphis Grizzlies,L,,95,128,6,11,L 1
2012,SAC,2012-01-23,10:00p,@,Portland Trail Blazers,L,,89,101,6,12,L 2
2012,SAC,2012-01-25,10:00p,,Denver Nuggets,L,,93,122,6,13,L 3
2012,SAC,2012-01-28,9:00p,@,Utah Jazz,L,,93,96,6,14,L 4
2012,SAC,2012-01-31,10:30p,@,Golden State Warriors,L,,90,93,6,15,L 5
2012,SAC,2012-02-02,10:00p,,Portland Trail Blazers,W,,95,92,7,15,W 1
2012,SAC,2012-02-04,10:00p,,Golden State Warriors,W,OT,114,106,8,15,W 2
2012,SAC,2012-02-06,8:00p,@,New Orleans Hornets,W,,100,92,9,15,W 3
2012,SAC,2012-02-07,8:00p,@,Minnesota Timberwolves,L,,84,86,9,16,L 1
2012,SAC,2012-02-09,10:30p,,Oklahoma City Thunder,W,,106,101,10,16,W 1
2012,SAC,2012-02-11,10:00p,,Phoenix Suns,L,,84,98,10,17,L 1
2012,SAC,2012-02-14,8:00p,@,Chicago Bulls,L,,115,121,10,18,L 2
2012,SAC,2012-02-15,7:30p,@,New York Knicks,L,,85,100,10,19,L 3
2012,SAC,2012-02-17,7:30p,@,Detroit Pistons,L,,108,114,10,20,L 4
2012,SAC,2012-02-19,6:00p,@,Cleveland Cavaliers,L,,92,93,10,21,L 5
2012,SAC,2012-02-21,7:30p,@,Miami Heat,L,,108,120,10,22,L 6
2012,SAC,2012-02-22,7:00p,@,Washington Wizards,W,,115,107,11,22,W 1
2012,SAC,2012-02-28,10:00p,,Utah Jazz,W,,103,96,12,22,W 2
2012,SAC,2012-03-01,10:00p,,Los Angeles Clippers,L,,100,108,12,23,L 1
2012,SAC,2012-03-02,10:30p,@,Los Angeles Lakers,L,,107,115,12,24,L 2
2012,SAC,2012-03-04,8:00p,@,Phoenix Suns,L,,88,96,12,25,L 3
2012,SAC,2012-03-05,9:00p,@,Denver Nuggets,L,OT,116,119,12,26,L 4
2012,SAC,2012-03-07,10:00p,,New Orleans Hornets,W,,99,98,13,26,W 1
2012,SAC,2012-03-09,10:00p,,Dallas Mavericks,W,,110,97,14,26,W 2
2012,SAC,2012-03-11,9:00p,,Atlanta Hawks,L,,99,106,14,27,L 1
2012,SAC,2012-03-13,10:00p,,Golden State Warriors,L,,89,115,14,28,L 2
2012,SAC,2012-03-14,10:00p,,Detroit Pistons,L,,112,124,14,29,L 3
2012,SAC,2012-03-16,10:00p,,Boston Celtics,W,,120,95,15,29,W 1
2012,SAC,2012-03-18,6:00p,,Minnesota Timberwolves,W,,115,99,16,29,W 2
2012,SAC,2012-03-20,10:00p,,Memphis Grizzlies,W,,119,110,17,29,W 3
2012,SAC,2012-03-22,10:00p,,Utah Jazz,L,,102,103,17,30,L 1
2012,SAC,2012-03-24,10:30p,@,Golden State Warriors,L,,108,111,17,31,L 2
2012,SAC,2012-03-26,8:00p,@,Houston Rockets,L,OT,106,113,17,32,L 3
2012,SAC,2012-03-28,10:00p,,San Antonio Spurs,L,,112,117,17,33,L 4
2012,SAC,2012-03-30,9:00p,@,Utah Jazz,W,,104,103,18,33,W 1
2012,SAC,2012-03-31,10:00p,,New Jersey Nets,L,,99,111,18,34,L 1
2012,SAC,2012-04-02,10:00p,,Minnesota Timberwolves,W,,116,108,19,34,W 1
2012,SAC,2012-04-03,10:00p,,Phoenix Suns,L,,100,109,19,35,L 1
2012,SAC,2012-04-05,10:00p,,Los Angeles Clippers,L,,85,93,19,36,L 2
2012,SAC,2012-04-07,10:30p,@,Los Angeles Clippers,L,,94,109,19,37,L 3
2012,SAC,2012-04-08,9:00p,,Houston Rockets,L,,87,104,19,38,L 4
2012,SAC,2012-04-10,8:30p,@,Dallas Mavericks,L,,100,110,19,39,L 5
2012,SAC,2012-04-11,8:00p,@,New Orleans Hornets,L,,96,105,19,40,L 6
2012,SAC,2012-04-13,8:00p,@,Oklahoma City Thunder,L,,89,115,19,41,L 7
2012,SAC,2012-04-15,6:00p,,Portland Trail Blazers,W,,104,103,20,41,W 1
2012,SAC,2012-04-18,10:00p,,San Antonio Spurs,L,,102,127,20,42,L 1
2012,SAC,2012-04-20,10:00p,,Oklahoma City Thunder,L,,92,103,20,43,L 2
2012,SAC,2012-04-22,6:00p,@,Charlotte Bobcats,W,,114,88,21,43,W 1
2012,SAC,2012-04-24,8:00p,@,Oklahoma City Thunder,L,,110,118,21,44,L 1
2012,SAC,2012-04-26,10:30p,,Los Angeles Lakers,W,,113,96,22,44,W 1
2012,SAS,2011-12-26,8:30p,,Memphis Grizzlies,W,,95,82,1,0,W 1
2012,SAS,2011-12-28,8:30p,,Los Angeles Clippers,W,,115,90,2,0,W 2
2012,SAS,2011-12-29,8:00p,@,Houston Rockets,L,,85,105,2,1,L 1
2012,SAS,2011-12-31,8:30p,,Utah Jazz,W,,104,89,3,1,W 1
2012,SAS,2012-01-02,8:00p,@,Minnesota Timberwolves,L,,96,106,3,2,L 1
2012,SAS,2012-01-04,8:30p,,Golden State Warriors,W,,101,95,4,2,W 1
2012,SAS,2012-01-05,8:30p,,Dallas Mavericks,W,,93,71,5,2,W 2
2012,SAS,2012-01-07,8:30p,,Denver Nuggets,W,,121,117,6,2,W 3
2012,SAS,2012-01-08,7:00p,@,Oklahoma City Thunder,L,,96,108,6,3,L 1
2012,SAS,2012-01-10,8:00p,@,Milwaukee Bucks,L,,103,106,6,4,L 2
2012,SAS,2012-01-11,8:30p,,Houston Rockets,W,OT,101,95,7,4,W 1
2012,SAS,2012-01-13,8:30p,,Portland Trail Blazers,W,,99,83,8,4,W 2
2012,SAS,2012-01-15,9:00p,,Phoenix Suns,W,,102,91,9,4,W 3
2012,SAS,2012-01-17,7:30p,@,Miami Heat,L,,98,120,9,5,L 1
2012,SAS,2012-01-18,7:00p,@,Orlando Magic,W,OT,85,83,10,5,W 1
2012,SAS,2012-01-20,8:30p,,Sacramento Kings,L,,86,88,10,6,L 1
2012,SAS,2012-01-21,8:00p,@,Houston Rockets,L,,102,105,10,7,L 2
2012,SAS,2012-01-23,8:00p,@,New Orleans Hornets,W,,104,102,11,7,W 1
2012,SAS,2012-01-25,8:30p,,Atlanta Hawks,W,,105,83,12,7,W 2
2012,SAS,2012-01-27,8:00p,@,Minnesota Timberwolves,L,,79,87,12,8,L 1
2012,SAS,2012-01-29,6:30p,@,Dallas Mavericks,L,OT,100,101,12,9,L 2
2012,SAS,2012-01-30,8:00p,@,Memphis Grizzlies,W,,83,73,13,9,W 1
2012,SAS,2012-02-01,8:30p,,Houston Rockets,W,,99,91,14,9,W 2
2012,SAS,2012-02-02,8:30p,,New Orleans Hornets,W,,93,81,15,9,W 3
2012,SAS,2012-02-04,8:30p,,Oklahoma City Thunder,W,,107,96,16,9,W 4
2012,SAS,2012-02-06,8:00p,@,Memphis Grizzlies,W,,89,84,17,9,W 5
2012,SAS,2012-02-08,7:00p,@,Philadelphia 76ers,W,,100,90,18,9,W 6
2012,SAS,2012-02-11,8:00p,@,New Jersey Nets,W,,103,89,19,9,W 7
2012,SAS,2012-02-14,7:30p,@,Detroit Pistons,W,,99,95,20,9,W 8
2012,SAS,2012-02-15,7:00p,@,Toronto Raptors,W,,113,106,21,9,W 9
2012,SAS,2012-02-18,3:30p,@,Los Angeles Clippers,W,OT,103,100,22,9,W 10
2012,SAS,2012-02-20,9:00p,@,Utah Jazz,W,,106,102,23,9,W 11
2012,SAS,2012-02-21,10:00p,@,Portland Trail Blazers,L,,97,137,23,10,L 1
2012,SAS,2012-02-23,9:00p,@,Denver Nuggets,W,,114,99,24,10,W 1
2012,SAS,2012-02-29,9:00p,,Chicago Bulls,L,,89,96,24,11,L 1
2012,SAS,2012-03-02,8:30p,,Charlotte Bobcats,W,,102,72,25,11,W 1
2012,SAS,2012-03-04,9:30p,,Denver Nuggets,L,,94,99,25,12,L 1
2012,SAS,2012-03-07,8:30p,,New York Knicks,W,,118,105,26,12,W 1
2012,SAS,2012-03-09,8:30p,,Los Angeles Clippers,L,,108,120,26,13,L 1
2012,SAS,2012-03-12,8:30p,,Washington Wizards,W,,112,97,27,13,W 1
2012,SAS,2012-03-14,8:30p,,Orlando Magic,W,,122,111,28,13,W 2
2012,SAS,2012-03-16,9:30p,@,Oklahoma City Thunder,W,,114,105,29,13,W 3
2012,SAS,2012-03-17,9:00p,@,Dallas Mavericks,L,,99,106,29,14,L 1
2012,SAS,2012-03-21,8:30p,,Minnesota Timberwolves,W,,116,100,30,14,W 1
2012,SAS,2012-03-23,8:30p,,Dallas Mavericks,W,,104,87,31,14,W 2
2012,SAS,2012-03-24,8:00p,@,New Orleans Hornets,W,,89,86,32,14,W 3
2012,SAS,2012-03-25,7:00p,,Philadelphia 76ers,W,,93,76,33,14,W 4
2012,SAS,2012-03-27,10:00p,@,Phoenix Suns,W,,107,100,34,14,W 5
2012,SAS,2012-03-28,10:00p,@,Sacramento Kings,W,,117,112,35,14,W 6
2012,SAS,2012-03-31,8:30p,,Indiana Pacers,W,,112,103,36,14,W 7
2012,SAS,2012-04-03,7:00p,@,Cleveland Cavaliers,W,,125,90,37,14,W 8
2012,SAS,2012-04-04,7:30p,@,Boston Celtics,W,,87,86,38,14,W 9
2012,SAS,2012-04-06,8:30p,,New Orleans Hornets,W,,128,103,39,14,W 10
2012,SAS,2012-04-08,7:00p,,Utah Jazz,W,,114,104,40,14,W 11
2012,SAS,2012-04-09,9:00p,@,Utah Jazz,L,,84,91,40,15,L 1
2012,SAS,2012-04-11,8:30p,,Los Angeles Lakers,L,,84,98,40,16,L 2
2012,SAS,2012-04-12,8:30p,,Memphis Grizzlies,W,,107,97,41,16,W 1
2012,SAS,2012-04-14,9:00p,,Phoenix Suns,W,,105,91,42,16,W 2
2012,SAS,2012-04-16,10:30p,@,Golden State Warriors,W,,120,99,43,16,W 3
2012,SAS,2012-04-17,10:30p,@,Los Angeles Lakers,W,,112,91,44,16,W 4
2012,SAS,2012-04-18,10:00p,@,Sacramento Kings,W,,127,102,45,16,W 5
2012,SAS,2012-04-20,9:30p,,Los Angeles Lakers,W,,121,97,46,16,W 6
2012,SAS,2012-04-22,7:00p,,Cleveland Cavaliers,W,,114,98,47,16,W 7
2012,SAS,2012-04-23,8:30p,,Portland Trail Blazers,W,,124,89,48,16,W 8
2012,SAS,2012-04-25,10:30p,@,Phoenix Suns,W,,110,106,49,16,W 9
2012,SAS,2012-04-26,10:30p,@,Golden State Warriors,W,,107,101,50,16,W 10
2012,SAS,2012-04-29,1:00p,,Utah Jazz,W,,106,91,1,0,W 1
2012,SAS,2012-05-02,7:00p,,Utah Jazz,W,,114,83,2,0,W 2
2012,SAS,2012-05-05,10:00p,@,Utah Jazz,W,,102,90,3,0,W 3
2012,SAS,2012-05-07,8:00p,@,Utah Jazz,W,,87,81,4,0,W 4
2012,SAS,2012-05-15,9:30p,,Los Angeles Clippers,W,,108,92,5,0,W 5
2012,SAS,2012-05-17,9:30p,,Los Angeles Clippers,W,,105,88,6,0,W 6
2012,SAS,2012-05-19,3:30p,@,Los Angeles Clippers,W,,96,86,7,0,W 7
2012,SAS,2012-05-20,10:30p,@,Los Angeles Clippers,W,,102,99,8,0,W 8
2012,SAS,2012-05-27,8:30p,,Oklahoma City Thunder,W,,101,98,9,0,W 9
2012,SAS,2012-05-29,9:00p,,Oklahoma City Thunder,W,,120,111,10,0,W 10
2012,SAS,2012-05-31,9:00p,@,Oklahoma City Thunder,L,,82,102,10,1,L 1
2012,SAS,2012-06-02,8:30p,@,Oklahoma City Thunder,L,,103,109,10,2,L 2
2012,SAS,2012-06-04,9:00p,,Oklahoma City Thunder,L,,103,108,10,3,L 3
2012,SAS,2012-06-06,9:00p,@,Oklahoma City Thunder,L,,99,107,10,4,L 4
2012,TOR,2011-12-26,7:00p,@,Cleveland Cavaliers,W,,104,96,1,0,W 1
2012,TOR,2011-12-28,6:00p,,Indiana Pacers,L,,85,90,1,1,L 1
2012,TOR,2011-12-30,8:30p,@,Dallas Mavericks,L,,86,99,1,2,L 2
2012,TOR,2012-01-01,6:00p,@,Orlando Magic,L,,96,102,1,3,L 3
2012,TOR,2012-01-02,7:30p,@,New York Knicks,W,,90,85,2,3,W 1
2012,TOR,2012-01-04,7:00p,,Cleveland Cavaliers,W,,92,77,3,3,W 2
2012,TOR,2012-01-06,7:00p,,New Jersey Nets,L,,85,97,3,4,L 1
2012,TOR,2012-01-07,8:00p,@,Philadelphia 76ers,L,,62,97,3,5,L 2
2012,TOR,2012-01-09,7:00p,,Minnesota Timberwolves,W,,97,87,4,5,W 1
2012,TOR,2012-01-10,7:00p,@,Washington Wizards,L,,78,93,4,6,L 1
2012,TOR,2012-01-11,7:00p,,Sacramento Kings,L,,91,98,4,7,L 2
2012,TOR,2012-01-13,7:00p,,Indiana Pacers,L,,90,95,4,8,L 3
2012,TOR,2012-01-14,8:00p,@,Chicago Bulls,L,,64,77,4,9,L 4
2012,TOR,2012-01-16,4:00p,@,Atlanta Hawks,L,,84,93,4,10,L 5
2012,TOR,2012-01-18,7:30p,@,Boston Celtics,L,,73,96,4,11,L 6
2012,TOR,2012-01-20,7:00p,,Portland Trail Blazers,L,,84,94,4,12,L 7
2012,TOR,2012-01-22,3:30p,@,Los Angeles Clippers,L,,91,103,4,13,L 8
2012,TOR,2012-01-24,9:00p,@,Phoenix Suns,W,,99,96,5,13,W 1
2012,TOR,2012-01-25,9:00p,@,Utah Jazz,W,2OT,111,106,6,13,W 2
2012,TOR,2012-01-27,9:00p,@,Denver Nuggets,L,,81,96,6,14,L 1
2012,TOR,2012-01-29,6:00p,@,New Jersey Nets,W,,94,73,7,14,W 1
2012,TOR,2012-01-31,7:00p,,Atlanta Hawks,L,,77,100,7,15,L 1
2012,TOR,2012-02-01,7:30p,@,Boston Celtics,L,,64,100,7,16,L 2
2012,TOR,2012-02-03,7:00p,,Washington Wizards,W,,106,89,8,16,W 1
2012,TOR,2012-02-05,1:00p,@,Miami Heat,L,,89,95,8,17,L 1
2012,TOR,2012-02-06,7:00p,@,Washington Wizards,L,OT,108,111,8,18,L 2
2012,TOR,2012-02-08,7:00p,,Milwaukee Bucks,L,,99,105,8,19,L 3
2012,TOR,2012-02-10,7:00p,,Boston Celtics,W,,86,74,9,19,W 1
2012,TOR,2012-02-12,1:00p,,Los Angeles Lakers,L,,92,94,9,20,L 1
2012,TOR,2012-02-14,7:00p,,New York Knicks,L,,87,90,9,21,L 2
2012,TOR,2012-02-15,7:00p,,San Antonio Spurs,L,,106,113,9,22,L 3
2012,TOR,2012-02-17,7:00p,,Charlotte Bobcats,L,,91,98,9,23,L 4
2012,TOR,2012-02-22,7:00p,,Detroit Pistons,W,,103,93,10,23,W 1
2012,TOR,2012-02-28,8:00p,@,Houston Rockets,L,,85,88,10,24,L 1
2012,TOR,2012-02-29,8:00p,@,New Orleans Hornets,W,,95,84,11,24,W 1
2012,TOR,2012-03-02,7:00p,,Memphis Grizzlies,L,,99,102,11,25,L 1
2012,TOR,2012-03-04,6:00p,,Golden State Warriors,W,,83,75,12,25,W 1
2012,TOR,2012-03-05,7:00p,,Orlando Magic,L,,88,92,12,26,L 1
2012,TOR,2012-03-07,7:00p,,Houston Rockets,W,,116,98,13,26,W 1
2012,TOR,2012-03-10,7:30p,@,Detroit Pistons,L,,86,105,13,27,L 1
2012,TOR,2012-03-11,6:00p,,Milwaukee Bucks,L,,99,105,13,28,L 2
2012,TOR,2012-03-13,7:00p,@,Cleveland Cavaliers,W,,96,88,14,28,W 1
2012,TOR,2012-03-14,7:30p,@,New Jersey Nets,L,,84,98,14,29,L 1
2012,TOR,2012-03-16,8:00p,@,Memphis Grizzlies,W,OT,114,110,15,29,W 1
2012,TOR,2012-03-17,7:00p,@,Charlotte Bobcats,L,,103,107,15,30,L 1
2012,TOR,2012-03-20,7:30p,@,New York Knicks,L,,87,106,15,31,L 2
2012,TOR,2012-03-21,7:00p,,Chicago Bulls,L,,82,94,15,32,L 3
2012,TOR,2012-03-23,7:00p,,New York Knicks,W,,96,79,16,32,W 1
2012,TOR,2012-03-24,8:00p,@,Chicago Bulls,L,OT,101,102,16,33,L 1
2012,TOR,2012-03-26,7:00p,,Orlando Magic,L,,101,117,16,34,L 2
2012,TOR,2012-03-28,7:00p,,Denver Nuggets,W,,105,96,17,34,W 1
2012,TOR,2012-03-30,7:00p,,Miami Heat,L,,101,113,17,35,L 1
2012,TOR,2012-04-01,6:00p,,Washington Wizards,W,,99,92,18,35,W 1
2012,TOR,2012-04-03,7:00p,,Charlotte Bobcats,W,,92,87,19,35,W 2
2012,TOR,2012-04-04,7:00p,@,Philadelphia 76ers,W,,99,78,20,35,W 3
2012,TOR,2012-04-06,7:30p,,Cleveland Cavaliers,L,,80,84,20,36,L 1
2012,TOR,2012-04-08,7:00p,@,Oklahoma City Thunder,L,,75,91,20,37,L 2
2012,TOR,2012-04-09,7:00p,@,Indiana Pacers,L,,98,103,20,38,L 3
2012,TOR,2012-04-11,7:00p,,Philadelphia 76ers,L,,75,93,20,39,L 4
2012,TOR,2012-04-13,7:00p,,Boston Celtics,W,,84,79,21,39,W 1
2012,TOR,2012-04-15,6:00p,@,Atlanta Hawks,W,,102,86,22,39,W 2
2012,TOR,2012-04-16,7:00p,,Atlanta Hawks,L,,87,109,22,40,L 1
2012,TOR,2012-04-18,7:30p,@,Miami Heat,L,,72,96,22,41,L 2
2012,TOR,2012-04-22,6:00p,@,Detroit Pistons,L,,73,76,22,42,L 3
2012,TOR,2012-04-23,8:00p,@,Milwaukee Bucks,L,,86,92,22,43,L 4
2012,TOR,2012-04-26,7:00p,,New Jersey Nets,W,,98,67,23,43,W 1
2012,UTA,2011-12-27,10:30p,@,Los Angeles Lakers,L,,71,96,0,1,L 1
2012,UTA,2011-12-28,9:00p,@,Denver Nuggets,L,,100,117,0,2,L 2
2012,UTA,2011-12-30,9:00p,,Philadelphia 76ers,W,,102,99,1,2,W 1
2012,UTA,2011-12-31,8:30p,@,San Antonio Spurs,L,,89,104,1,3,L 1
2012,UTA,2012-01-02,9:00p,,New Orleans Hornets,W,,94,90,2,3,W 1
2012,UTA,2012-01-03,9:00p,,Milwaukee Bucks,W,,85,73,3,3,W 2
2012,UTA,2012-01-06,9:00p,,Memphis Grizzlies,W,,94,85,4,3,W 3
2012,UTA,2012-01-07,10:30p,@,Golden State Warriors,W,,88,87,5,3,W 4
2012,UTA,2012-01-10,9:00p,,Cleveland Cavaliers,W,,113,105,6,3,W 5
2012,UTA,2012-01-11,9:00p,,Los Angeles Lakers,L,OT,87,90,6,4,L 1
2012,UTA,2012-01-14,9:00p,,New Jersey Nets,W,,107,94,7,4,W 1
2012,UTA,2012-01-15,8:00p,@,Denver Nuggets,W,,106,96,8,4,W 2
2012,UTA,2012-01-17,9:00p,,Los Angeles Clippers,W,,108,79,9,4,W 3
2012,UTA,2012-01-19,10:30p,,Dallas Mavericks,L,,91,94,9,5,L 1
2012,UTA,2012-01-21,9:00p,,Minnesota Timberwolves,W,,108,98,10,5,W 1
2012,UTA,2012-01-25,9:00p,,Toronto Raptors,L,2OT,106,111,10,6,L 1
2012,UTA,2012-01-27,8:30p,@,Dallas Mavericks,L,,101,116,10,7,L 2
2012,UTA,2012-01-28,9:00p,,Sacramento Kings,W,,96,93,11,7,W 1
2012,UTA,2012-01-30,9:00p,,Portland Trail Blazers,W,,93,89,12,7,W 2
2012,UTA,2012-02-01,10:30p,,Los Angeles Clippers,L,,105,107,12,8,L 1
2012,UTA,2012-02-02,10:30p,@,Golden State Warriors,L,,101,119,12,9,L 2
2012,UTA,2012-02-04,9:00p,,Los Angeles Lakers,W,,96,87,13,9,W 1
2012,UTA,2012-02-06,7:30p,@,New York Knicks,L,,88,99,13,10,L 1
2012,UTA,2012-02-07,7:00p,@,Indiana Pacers,L,,99,104,13,11,L 2
2012,UTA,2012-02-10,10:30p,,Oklahoma City Thunder,L,,87,101,13,12,L 3
2012,UTA,2012-02-12,9:30p,@,Memphis Grizzlies,W,,98,88,14,12,W 1
2012,UTA,2012-02-13,8:00p,@,New Orleans Hornets,L,,80,86,14,13,L 1
2012,UTA,2012-02-14,8:00p,@,Oklahoma City Thunder,L,,85,111,14,14,L 2
2012,UTA,2012-02-17,9:00p,,Washington Wizards,W,,114,100,15,14,W 1
2012,UTA,2012-02-19,7:00p,@,Houston Rockets,L,,85,101,15,15,L 1
2012,UTA,2012-02-20,9:00p,,San Antonio Spurs,L,,102,106,15,16,L 2
2012,UTA,2012-02-22,8:00p,@,Minnesota Timberwolves,L,,98,100,15,17,L 3
2012,UTA,2012-02-28,10:00p,@,Sacramento Kings,L,,96,103,15,18,L 4
2012,UTA,2012-02-29,9:00p,,Houston Rockets,W,,104,83,16,18,W 1
2012,UTA,2012-03-02,9:00p,,Miami Heat,W,,99,98,17,18,W 2
2012,UTA,2012-03-03,8:30p,@,Dallas Mavericks,L,,96,102,17,19,L 1
2012,UTA,2012-03-05,7:00p,@,Cleveland Cavaliers,W,,109,100,18,19,W 1
2012,UTA,2012-03-07,7:00p,@,Charlotte Bobcats,W,,99,93,19,19,W 2
2012,UTA,2012-03-09,7:00p,@,Philadelphia 76ers,L,,91,104,19,20,L 1
2012,UTA,2012-03-10,8:00p,@,Chicago Bulls,L,,97,111,19,21,L 2
2012,UTA,2012-03-12,9:00p,,Detroit Pistons,W,,105,90,20,21,W 1
2012,UTA,2012-03-14,10:30p,@,Phoenix Suns,L,,111,120,20,22,L 1
2012,UTA,2012-03-15,9:00p,,Minnesota Timberwolves,W,OT,111,105,21,22,W 1
2012,UTA,2012-03-17,9:00p,,Golden State Warriors,W,OT,99,92,22,22,W 2
2012,UTA,2012-03-18,9:30p,@,Los Angeles Lakers,W,,103,99,23,22,W 3
2012,UTA,2012-03-20,9:00p,,Oklahoma City Thunder,W,,97,90,24,22,W 4
2012,UTA,2012-03-22,10:00p,@,Sacramento Kings,W,,103,102,25,22,W 5
2012,UTA,2012-03-23,10:30p,,Denver Nuggets,W,,121,102,26,22,W 6
2012,UTA,2012-03-25,6:00p,@,Atlanta Hawks,L,4OT,133,139,26,23,L 1
2012,UTA,2012-03-26,7:30p,@,New Jersey Nets,W,,105,84,27,23,W 1
2012,UTA,2012-03-28,7:30p,@,Boston Celtics,L,,82,94,27,24,L 1
2012,UTA,2012-03-30,9:00p,,Sacramento Kings,L,,103,104,27,25,L 2
2012,UTA,2012-03-31,10:30p,@,Los Angeles Clippers,L,,96,105,27,26,L 3
2012,UTA,2012-04-02,10:00p,@,Portland Trail Blazers,W,,102,97,28,26,W 1
2012,UTA,2012-04-04,9:00p,,Phoenix Suns,L,,105,107,28,27,L 1
2012,UTA,2012-04-06,9:00p,,Golden State Warriors,W,,104,98,29,27,W 1
2012,UTA,2012-04-08,7:00p,@,San Antonio Spurs,L,,104,114,29,28,L 1
2012,UTA,2012-04-09,9:00p,,San Antonio Spurs,W,,91,84,30,28,W 1
2012,UTA,2012-04-11,8:00p,@,Houston Rockets,W,,103,91,31,28,W 2
2012,UTA,2012-04-13,8:00p,@,New Orleans Hornets,L,,85,96,31,29,L 1
2012,UTA,2012-04-14,8:00p,@,Memphis Grizzlies,L,,98,103,31,30,L 2
2012,UTA,2012-04-16,9:00p,,Dallas Mavericks,W,3OT,123,121,32,30,W 1
2012,UTA,2012-04-18,10:00p,@,Portland Trail Blazers,W,,112,91,33,30,W 2
2012,UTA,2012-04-21,10:30p,,Orlando Magic,W,OT,117,107,34,30,W 3
2012,UTA,2012-04-24,10:30p,,Phoenix Suns,W,,100,88,35,30,W 4
2012,UTA,2012-04-26,8:00p,,Portland Trail Blazers,W,,96,94,36,30,W 5
2012,UTA,2012-04-29,1:00p,@,San Antonio Spurs,L,,91,106,0,1,L 1
2012,UTA,2012-05-02,7:00p,@,San Antonio Spurs,L,,83,114,0,2,L 2
2012,UTA,2012-05-05,10:00p,,San Antonio Spurs,L,,90,102,0,3,L 3
2012,UTA,2012-05-07,8:00p,,San Antonio Spurs,L,,81,87,0,4,L 4
2012,WAS,2011-12-26,7:00p,,New Jersey Nets,L,,84,90,0,1,L 1
2012,WAS,2011-12-28,7:30p,@,Atlanta Hawks,L,,83,101,0,2,L 2
2012,WAS,2011-12-30,8:30p,@,Milwaukee Bucks,L,,81,102,0,3,L 3
2012,WAS,2012-01-01,6:00p,,Boston Celtics,L,,86,94,0,4,L 4
2012,WAS,2012-01-02,7:30p,@,Boston Celtics,L,,92,100,0,5,L 5
2012,WAS,2012-01-04,7:00p,@,Orlando Magic,L,,85,103,0,6,L 6
2012,WAS,2012-01-06,7:00p,,New York Knicks,L,,96,99,0,7,L 7
2012,WAS,2012-01-08,1:00p,,Minnesota Timberwolves,L,,72,93,0,8,L 8
2012,WAS,2012-01-10,7:00p,,Toronto Raptors,W,,93,78,1,8,W 1
2012,WAS,2012-01-11,8:00p,@,Chicago Bulls,L,,64,78,1,9,L 1
2012,WAS,2012-01-13,7:00p,@,Philadelphia 76ers,L,,89,120,1,10,L 2
2012,WAS,2012-01-14,7:00p,,Philadelphia 76ers,L,,90,103,1,11,L 3
2012,WAS,2012-01-16,2:00p,,Houston Rockets,L,,106,114,1,12,L 4
2012,WAS,2012-01-18,7:00p,,Oklahoma City Thunder,W,,105,102,2,12,W 1
2012,WAS,2012-01-20,7:00p,,Denver Nuggets,L,,104,108,2,13,L 1
2012,WAS,2012-01-22,1:00p,,Boston Celtics,L,,94,100,2,14,L 2
2012,WAS,2012-01-23,7:00p,@,Philadelphia 76ers,L,,83,103,2,15,L 3
2012,WAS,2012-01-25,7:00p,,Charlotte Bobcats,W,,92,75,3,15,W 1
2012,WAS,2012-01-27,8:00p,@,Houston Rockets,L,,76,103,3,16,L 1
2012,WAS,2012-01-28,7:00p,@,Charlotte Bobcats,W,,102,99,4,16,W 1
2012,WAS,2012-01-30,7:00p,,Chicago Bulls,L,,88,98,4,17,L 1
2012,WAS,2012-02-01,7:00p,@,Orlando Magic,L,,103,109,4,18,L 2
2012,WAS,2012-02-03,7:00p,@,Toronto Raptors,L,,89,106,4,19,L 3
2012,WAS,2012-02-04,7:00p,,Los Angeles Clippers,L,,81,107,4,20,L 4
2012,WAS,2012-02-06,7:00p,,Toronto Raptors,W,OT,111,108,5,20,W 1
2012,WAS,2012-02-08,7:00p,,New York Knicks,L,,93,107,5,21,L 1
2012,WAS,2012-02-10,7:00p,,Miami Heat,L,,89,106,5,22,L 2
2012,WAS,2012-02-12,6:00p,@,Detroit Pistons,W,,98,77,6,22,W 1
2012,WAS,2012-02-14,10:00p,@,Portland Trail Blazers,W,,124,109,7,22,W 2
2012,WAS,2012-02-15,10:30p,@,Los Angeles Clippers,L,,84,102,7,23,L 1
2012,WAS,2012-02-17,9:00p,@,Utah Jazz,L,,100,114,7,24,L 2
2012,WAS,2012-02-20,9:00p,@,Phoenix Suns,L,,88,104,7,25,L 3
2012,WAS,2012-02-22,7:00p,,Sacramento Kings,L,,107,115,7,26,L 4
2012,WAS,2012-02-28,8:00p,@,Milwaukee Bucks,L,,118,119,7,27,L 5
2012,WAS,2012-02-29,7:00p,,Orlando Magic,L,,95,102,7,28,L 6
2012,WAS,2012-03-03,7:00p,,Cleveland Cavaliers,W,,101,98,8,28,W 1
2012,WAS,2012-03-05,7:00p,,Golden State Warriors,L,,100,120,8,29,L 1
2012,WAS,2012-03-07,7:00p,,Los Angeles Lakers,W,,106,101,9,29,W 1
2012,WAS,2012-03-10,7:00p,,Portland Trail Blazers,L,,99,110,9,30,L 1
2012,WAS,2012-03-12,8:30p,@,San Antonio Spurs,L,,97,112,9,31,L 2
2012,WAS,2012-03-13,8:30p,@,Dallas Mavericks,L,,98,107,9,32,L 3
2012,WAS,2012-03-15,8:00p,@,New Orleans Hornets,W,,99,89,10,32,W 1
2012,WAS,2012-03-16,7:30p,@,Atlanta Hawks,L,,88,102,10,33,L 1
2012,WAS,2012-03-18,6:00p,@,Memphis Grizzlies,L,,92,97,10,34,L 2
2012,WAS,2012-03-21,7:30p,@,New Jersey Nets,W,,108,89,11,34,W 1
2012,WAS,2012-03-22,7:00p,,Indiana Pacers,L,,83,85,11,35,L 1
2012,WAS,2012-03-24,7:00p,,Atlanta Hawks,L,,92,95,11,36,L 2
2012,WAS,2012-03-25,6:00p,@,Boston Celtics,L,,76,88,11,37,L 3
2012,WAS,2012-03-26,7:00p,,Detroit Pistons,L,,77,79,11,38,L 4
2012,WAS,2012-03-29,7:00p,@,Indiana Pacers,L,,89,93,11,39,L 5
2012,WAS,2012-03-30,7:00p,,Philadelphia 76ers,W,,97,76,12,39,W 1
2012,WAS,2012-04-01,6:00p,@,Toronto Raptors,L,,92,99,12,40,L 1
2012,WAS,2012-04-02,7:00p,,Milwaukee Bucks,L,,98,112,12,41,L 2
2012,WAS,2012-04-04,7:00p,,Indiana Pacers,L,,96,109,12,42,L 3
2012,WAS,2012-04-05,7:30p,@,Detroit Pistons,L,,94,99,12,43,L 4
2012,WAS,2012-04-06,7:30p,@,New Jersey Nets,L,,98,110,12,44,L 5
2012,WAS,2012-04-09,7:00p,@,Charlotte Bobcats,W,,113,85,13,44,W 1
2012,WAS,2012-04-10,7:00p,,Orlando Magic,W,,93,85,14,44,W 2
2012,WAS,2012-04-13,7:30p,@,New York Knicks,L,,65,103,14,45,L 1
2012,WAS,2012-04-14,7:00p,,Cleveland Cavaliers,L,,89,98,14,46,L 2
2012,WAS,2012-04-16,8:00p,@,Chicago Bulls,W,,87,84,15,46,W 1
2012,WAS,2012-04-18,7:00p,,Milwaukee Bucks,W,,121,112,16,46,W 2
2012,WAS,2012-04-21,7:30p,@,Miami Heat,W,,86,84,17,46,W 3
2012,WAS,2012-04-23,7:00p,,Charlotte Bobcats,W,,101,73,18,46,W 4
2012,WAS,2012-04-25,7:00p,@,Cleveland Cavaliers,W,,96,85,19,46,W 5
2012,WAS,2012-04-26,8:00p,,Miami Heat,W,,104,70,20,46,W 6
2013,ATL,2012-11-02,7:30p,,Houston Rockets,L,,102,109,0,1,L 1
2013,ATL,2012-11-04,7:00p,@,Oklahoma City Thunder,W,,104,95,1,1,W 1
2013,ATL,2012-11-07,7:30p,,Indiana Pacers,W,,89,86,2,1,W 2
2013,ATL,2012-11-09,7:30p,,Miami Heat,L,,89,95,2,2,L 1
2013,ATL,2012-11-11,3:30p,@,Los Angeles Clippers,L,,76,89,2,3,L 2
2013,ATL,2012-11-12,10:00p,@,Portland Trail Blazers,W,,95,87,3,3,W 1
2013,ATL,2012-11-14,10:30p,@,Golden State Warriors,L,,88,92,3,4,L 1
2013,ATL,2012-11-16,10:00p,@,Sacramento Kings,W,,112,96,4,4,W 1
2013,ATL,2012-11-19,7:30p,,Orlando Magic,W,,81,72,5,4,W 2
2013,ATL,2012-11-21,7:30p,,Washington Wizards,W,OT,101,100,6,4,W 3
2013,ATL,2012-11-23,7:00p,@,Charlotte Bobcats,W,,101,91,7,4,W 4
2013,ATL,2012-11-24,7:00p,,Los Angeles Clippers,W,,104,93,8,4,W 5
2013,ATL,2012-11-28,7:30p,,Charlotte Bobcats,W,,94,91,9,4,W 6
2013,ATL,2012-11-30,7:30p,,Cleveland Cavaliers,L,,111,113,9,5,L 1
2013,ATL,2012-12-05,8:00p,,Denver Nuggets,W,,108,104,10,5,W 1
2013,ATL,2012-12-07,7:30p,,Washington Wizards,W,,104,95,11,5,W 2
2013,ATL,2012-12-08,8:00p,@,Memphis Grizzlies,W,,93,83,12,5,W 3
2013,ATL,2012-12-10,7:30p,@,Miami Heat,L,,92,101,12,6,L 1
2013,ATL,2012-12-12,7:00p,@,Orlando Magic,W,,86,80,13,6,W 1
2013,ATL,2012-12-13,7:30p,,Charlotte Bobcats,W,,113,90,14,6,W 2
2013,ATL,2012-12-15,7:00p,,Golden State Warriors,L,,93,115,14,7,L 1
2013,ATL,2012-12-18,7:00p,@,Washington Wizards,W,OT,100,95,15,7,W 1
2013,ATL,2012-12-19,7:30p,,Oklahoma City Thunder,L,,92,100,15,8,L 1
2013,ATL,2012-12-21,7:00p,@,Philadelphia 76ers,L,,80,99,15,9,L 2
2013,ATL,2012-12-22,7:00p,,Chicago Bulls,W,,92,75,16,9,W 1
2013,ATL,2012-12-26,7:30p,,Detroit Pistons,W,2OT,126,119,17,9,W 2
2013,ATL,2012-12-28,7:30p,@,Cleveland Cavaliers,W,,102,94,18,9,W 3
2013,ATL,2012-12-29,7:00p,,Indiana Pacers,W,,109,100,19,9,W 4
2013,ATL,2012-12-31,7:00p,@,Houston Rockets,L,,104,123,19,10,L 1
2013,ATL,2013-01-01,8:00p,@,New Orleans Hornets,W,,95,86,20,10,W 1
2013,ATL,2013-01-04,7:30p,@,Detroit Pistons,L,,84,85,20,11,L 1
2013,ATL,2013-01-05,7:00p,,Boston Celtics,L,,81,89,20,12,L 2
2013,ATL,2013-01-08,8:00p,@,Minnesota Timberwolves,L,,103,108,20,13,L 3
2013,ATL,2013-01-09,7:00p,@,Cleveland Cavaliers,L,,83,99,20,14,L 4
2013,ATL,2013-01-11,7:30p,,Utah Jazz,W,,103,95,21,14,W 1
2013,ATL,2013-01-12,7:00p,@,Washington Wizards,L,,83,93,21,15,L 1
2013,ATL,2013-01-14,8:00p,@,Chicago Bulls,L,,58,97,21,16,L 2
2013,ATL,2013-01-16,7:30p,,Brooklyn Nets,W,,109,95,22,16,W 1
2013,ATL,2013-01-18,7:30p,@,Brooklyn Nets,L,,89,94,22,17,L 1
2013,ATL,2013-01-19,7:00p,,San Antonio Spurs,L,,93,98,22,18,L 2
2013,ATL,2013-01-21,2:00p,,Minnesota Timberwolves,W,,104,96,23,18,W 1
2013,ATL,2013-01-23,7:00p,@,Charlotte Bobcats,W,,104,92,24,18,W 2
2013,ATL,2013-01-25,7:30p,,Boston Celtics,W,2OT,123,111,25,18,W 3
2013,ATL,2013-01-27,6:30p,@,New York Knicks,L,,104,106,25,19,L 1
2013,ATL,2013-01-30,7:30p,,Toronto Raptors,W,,93,92,26,19,W 1
2013,ATL,2013-02-02,7:00p,,Chicago Bulls,L,,76,93,26,20,L 1
2013,ATL,2013-02-05,7:00p,@,Indiana Pacers,L,,103,114,26,21,L 2
2013,ATL,2013-02-06,7:30p,,Memphis Grizzlies,W,,103,92,27,21,W 1
2013,ATL,2013-02-08,7:30p,,New Orleans Hornets,L,,100,111,27,22,L 1
2013,ATL,2013-02-11,8:30p,@,Dallas Mavericks,W,,105,101,28,22,W 1
2013,ATL,2013-02-13,7:00p,@,Orlando Magic,W,,108,76,29,22,W 2
2013,ATL,2013-02-20,8:00p,,Miami Heat,L,,90,103,29,23,L 1
2013,ATL,2013-02-22,7:30p,,Sacramento Kings,W,,122,108,30,23,W 1
2013,ATL,2013-02-23,8:30p,@,Milwaukee Bucks,W,,103,102,31,23,W 2
2013,ATL,2013-02-25,7:30p,@,Detroit Pistons,W,,114,103,32,23,W 3
2013,ATL,2013-02-27,9:00p,@,Utah Jazz,W,,102,91,33,23,W 4
2013,ATL,2013-03-01,9:00p,@,Phoenix Suns,L,,87,92,33,24,L 1
2013,ATL,2013-03-03,9:30p,@,Los Angeles Lakers,L,,98,99,33,25,L 2
2013,ATL,2013-03-04,9:00p,@,Denver Nuggets,L,,88,104,33,26,L 3
2013,ATL,2013-03-06,7:30p,,Philadelphia 76ers,W,,107,96,34,26,W 1
2013,ATL,2013-03-08,8:00p,@,Boston Celtics,L,OT,102,107,34,27,L 1
2013,ATL,2013-03-09,7:00p,,Brooklyn Nets,L,,80,93,34,28,L 2
2013,ATL,2013-03-12,7:30p,@,Miami Heat,L,,81,98,34,29,L 3
2013,ATL,2013-03-13,7:30p,,Los Angeles Lakers,W,,96,92,35,29,W 1
2013,ATL,2013-03-15,7:30p,,Phoenix Suns,W,,107,94,36,29,W 2
2013,ATL,2013-03-17,8:00p,@,Brooklyn Nets,W,,105,93,37,29,W 3
2013,ATL,2013-03-18,7:30p,,Dallas Mavericks,L,,113,127,37,30,L 1
2013,ATL,2013-03-20,7:30p,,Milwaukee Bucks,W,,98,90,38,30,W 1
2013,ATL,2013-03-22,7:30p,,Portland Trail Blazers,L,,93,104,38,31,L 1
2013,ATL,2013-03-24,3:00p,@,Milwaukee Bucks,W,,104,99,39,31,W 1
2013,ATL,2013-03-25,7:00p,@,Indiana Pacers,L,,94,100,39,32,L 1
2013,ATL,2013-03-27,7:00p,@,Toronto Raptors,W,,107,88,40,32,W 1
2013,ATL,2013-03-29,7:30p,@,Boston Celtics,L,,107,118,40,33,L 1
2013,ATL,2013-03-30,7:00p,,Orlando Magic,W,,97,88,41,33,W 1
2013,ATL,2013-04-01,7:30p,,Cleveland Cavaliers,W,,102,94,42,33,W 2
2013,ATL,2013-04-03,7:00p,,New York Knicks,L,,82,95,42,34,L 1
2013,ATL,2013-04-05,7:30p,,Philadelphia 76ers,L,,90,101,42,35,L 2
2013,ATL,2013-04-06,8:30p,@,San Antonio Spurs,L,,97,99,42,36,L 3
2013,ATL,2013-04-10,7:00p,@,Philadelphia 76ers,W,,124,101,43,36,W 1
2013,ATL,2013-04-12,7:30p,,Milwaukee Bucks,W,,109,104,44,36,W 2
2013,ATL,2013-04-16,8:00p,,Toronto Raptors,L,,96,113,44,37,L 1
2013,ATL,2013-04-17,8:00p,@,New York Knicks,L,,92,98,44,38,L 2
2013,ATL,2013-04-21,1:00p,@,Indiana Pacers,L,,90,107,0,1,L 1
2013,ATL,2013-04-24,7:30p,@,Indiana Pacers,L,,98,113,0,2,L 2
2013,ATL,2013-04-27,7:00p,,Indiana Pacers,W,,90,69,1,2,W 1
2013,ATL,2013-04-29,7:30p,,Indiana Pacers,W,,102,91,2,2,W 2
2013,ATL,2013-05-01,8:00p,@,Indiana Pacers,L,,83,106,2,3,L 1
2013,ATL,2013-05-03,7:00p,,Indiana Pacers,L,,73,81,2,4,L 2
2013,BOS,2012-10-30,8:00p,@,Miami Heat,L,,107,120,0,1,L 1
2013,BOS,2012-11-02,7:30p,,Milwaukee Bucks,L,,88,99,0,2,L 2
2013,BOS,2012-11-03,7:00p,@,Washington Wizards,W,,89,86,1,2,W 1
2013,BOS,2012-11-07,7:30p,,Washington Wizards,W,OT,100,94,2,2,W 2
2013,BOS,2012-11-09,7:30p,,Philadelphia 76ers,L,,100,106,2,3,L 1
2013,BOS,2012-11-10,8:30p,@,Milwaukee Bucks,W,,96,92,3,3,W 1
2013,BOS,2012-11-12,8:00p,@,Chicago Bulls,W,,101,95,4,3,W 2
2013,BOS,2012-11-14,7:30p,,Utah Jazz,W,,98,93,5,3,W 3
2013,BOS,2012-11-15,8:00p,@,Brooklyn Nets,L,,97,102,5,4,L 1
2013,BOS,2012-11-17,12:30p,,Toronto Raptors,W,,107,89,6,4,W 1
2013,BOS,2012-11-18,7:30p,@,Detroit Pistons,L,,83,103,6,5,L 1
2013,BOS,2012-11-21,7:30p,,San Antonio Spurs,L,,100,112,6,6,L 2
2013,BOS,2012-11-23,7:30p,,Oklahoma City Thunder,W,,108,100,7,6,W 1
2013,BOS,2012-11-25,6:00p,@,Orlando Magic,W,OT,116,110,8,6,W 2
2013,BOS,2012-11-28,7:30p,,Brooklyn Nets,L,,83,95,8,7,L 1
2013,BOS,2012-11-30,7:30p,,Portland Trail Blazers,W,,96,78,9,7,W 1
2013,BOS,2012-12-01,8:30p,@,Milwaukee Bucks,L,,88,91,9,8,L 1
2013,BOS,2012-12-05,7:30p,,Minnesota Timberwolves,W,,104,94,10,8,W 1
2013,BOS,2012-12-07,7:00p,@,Philadelphia 76ers,L,OT,94,95,10,9,L 1
2013,BOS,2012-12-08,7:30p,,Philadelphia 76ers,W,,92,79,11,9,W 1
2013,BOS,2012-12-12,8:00p,,Dallas Mavericks,W,2OT,117,115,12,9,W 2
2013,BOS,2012-12-14,8:00p,@,Houston Rockets,L,,89,101,12,10,L 1
2013,BOS,2012-12-15,8:30p,@,San Antonio Spurs,L,,88,103,12,11,L 2
2013,BOS,2012-12-18,8:00p,@,Chicago Bulls,L,,89,100,12,12,L 3
2013,BOS,2012-12-19,7:30p,,Cleveland Cavaliers,W,,103,91,13,12,W 1
2013,BOS,2012-12-21,7:30p,,Milwaukee Bucks,L,OT,94,99,13,13,L 1
2013,BOS,2012-12-25,12:00p,@,Brooklyn Nets,W,,93,76,14,13,W 1
2013,BOS,2012-12-27,10:30p,@,Los Angeles Clippers,L,,77,106,14,14,L 1
2013,BOS,2012-12-29,10:30p,@,Golden State Warriors,L,,83,101,14,15,L 2
2013,BOS,2012-12-30,9:00p,@,Sacramento Kings,L,,96,118,14,16,L 3
2013,BOS,2013-01-02,7:30p,,Memphis Grizzlies,L,,83,93,14,17,L 4
2013,BOS,2013-01-04,8:00p,,Indiana Pacers,W,,94,75,15,17,W 1
2013,BOS,2013-01-05,7:00p,@,Atlanta Hawks,W,,89,81,16,17,W 2
2013,BOS,2013-01-07,7:30p,@,New York Knicks,W,,102,96,17,17,W 3
2013,BOS,2013-01-09,7:30p,,Phoenix Suns,W,,87,79,18,17,W 4
2013,BOS,2013-01-11,7:30p,,Houston Rockets,W,,103,91,19,17,W 5
2013,BOS,2013-01-14,7:30p,,Charlotte Bobcats,W,,100,89,20,17,W 6
2013,BOS,2013-01-16,8:00p,,New Orleans Hornets,L,,78,90,20,18,L 1
2013,BOS,2013-01-18,7:00p,,Chicago Bulls,L,OT,99,100,20,19,L 2
2013,BOS,2013-01-20,7:30p,@,Detroit Pistons,L,,88,103,20,20,L 3
2013,BOS,2013-01-22,7:00p,@,Cleveland Cavaliers,L,,90,95,20,21,L 4
2013,BOS,2013-01-24,8:00p,,New York Knicks,L,,86,89,20,22,L 5
2013,BOS,2013-01-25,7:30p,@,Atlanta Hawks,L,2OT,111,123,20,23,L 6
2013,BOS,2013-01-27,1:00p,,Miami Heat,W,2OT,100,98,21,23,W 1
2013,BOS,2013-01-30,7:30p,,Sacramento Kings,W,,99,81,22,23,W 2
2013,BOS,2013-02-01,7:30p,,Orlando Magic,W,,97,84,23,23,W 3
2013,BOS,2013-02-03,1:00p,,Los Angeles Clippers,W,,106,104,24,23,W 4
2013,BOS,2013-02-06,7:00p,@,Toronto Raptors,W,,99,95,25,23,W 5
2013,BOS,2013-02-07,8:00p,,Los Angeles Lakers,W,,116,95,26,23,W 6
2013,BOS,2013-02-10,6:00p,,Denver Nuggets,W,3OT,118,114,27,23,W 7
2013,BOS,2013-02-11,7:00p,@,Charlotte Bobcats,L,,91,94,27,24,L 1
2013,BOS,2013-02-13,7:30p,,Chicago Bulls,W,,71,69,28,24,W 1
2013,BOS,2013-02-19,9:00p,@,Denver Nuggets,L,,90,97,28,25,L 1
2013,BOS,2013-02-20,10:30p,@,Los Angeles Lakers,L,,99,113,28,26,L 2
2013,BOS,2013-02-22,9:00p,@,Phoenix Suns,W,,113,88,29,26,W 1
2013,BOS,2013-02-24,9:00p,@,Portland Trail Blazers,L,,86,92,29,27,L 1
2013,BOS,2013-02-25,9:00p,@,Utah Jazz,W,OT,110,107,30,27,W 1
2013,BOS,2013-03-01,7:30p,,Golden State Warriors,W,,94,86,31,27,W 2
2013,BOS,2013-03-05,7:00p,@,Philadelphia 76ers,W,,109,101,32,27,W 3
2013,BOS,2013-03-06,7:00p,@,Indiana Pacers,W,,83,81,33,27,W 4
2013,BOS,2013-03-08,8:00p,,Atlanta Hawks,W,OT,107,102,34,27,W 5
2013,BOS,2013-03-10,1:00p,@,Oklahoma City Thunder,L,,79,91,34,28,L 1
2013,BOS,2013-03-12,7:00p,@,Charlotte Bobcats,L,,74,100,34,29,L 2
2013,BOS,2013-03-13,7:30p,,Toronto Raptors,W,,112,88,35,29,W 1
2013,BOS,2013-03-16,7:30p,,Charlotte Bobcats,W,,105,88,36,29,W 2
2013,BOS,2013-03-18,8:00p,,Miami Heat,L,,103,105,36,30,L 1
2013,BOS,2013-03-20,8:00p,@,New Orleans Hornets,L,,86,87,36,31,L 2
2013,BOS,2013-03-22,8:30p,@,Dallas Mavericks,L,,94,104,36,32,L 3
2013,BOS,2013-03-23,8:00p,@,Memphis Grizzlies,L,,106,110,36,33,L 4
2013,BOS,2013-03-26,7:00p,,New York Knicks,L,,85,100,36,34,L 5
2013,BOS,2013-03-27,7:00p,@,Cleveland Cavaliers,W,,93,92,37,34,W 1
2013,BOS,2013-03-29,7:30p,,Atlanta Hawks,W,,118,107,38,34,W 2
2013,BOS,2013-03-31,7:30p,@,New York Knicks,L,,89,108,38,35,L 1
2013,BOS,2013-04-01,8:00p,@,Minnesota Timberwolves,L,,100,110,38,36,L 2
2013,BOS,2013-04-03,7:30p,,Detroit Pistons,W,,98,93,39,36,W 1
2013,BOS,2013-04-05,7:30p,,Cleveland Cavaliers,L,,91,97,39,37,L 1
2013,BOS,2013-04-07,6:00p,,Washington Wizards,W,,107,96,40,37,W 1
2013,BOS,2013-04-10,8:00p,,Brooklyn Nets,L,,93,101,40,38,L 1
2013,BOS,2013-04-12,7:30p,@,Miami Heat,L,,101,109,40,39,L 2
2013,BOS,2013-04-13,7:00p,@,Orlando Magic,W,,120,88,41,39,W 1
2013,BOS,2013-04-17,8:00p,@,Toronto Raptors,L,,90,114,41,40,L 1
2013,BOS,2013-04-20,3:00p,@,New York Knicks,L,,78,85,0,1,L 1
2013,BOS,2013-04-23,8:00p,@,New York Knicks,L,,71,87,0,2,L 2
2013,BOS,2013-04-26,8:00p,,New York Knicks,L,,76,90,0,3,L 3
2013,BOS,2013-04-28,1:00p,,New York Knicks,W,OT,97,90,1,3,W 1
2013,BOS,2013-05-01,7:00p,@,New York Knicks,W,,92,86,2,3,W 2
2013,BOS,2013-05-03,7:00p,,New York Knicks,L,,80,88,2,4,L 1
2013,BRK,2012-11-03,7:30p,,Toronto Raptors,W,,107,100,1,0,W 1
2013,BRK,2012-11-05,7:30p,,Minnesota Timberwolves,L,,96,107,1,1,L 1
2013,BRK,2012-11-07,7:30p,@,Miami Heat,L,,73,103,1,2,L 2
2013,BRK,2012-11-09,7:00p,@,Orlando Magic,W,,107,68,2,2,W 1
2013,BRK,2012-11-11,3:00p,,Orlando Magic,W,,82,74,3,2,W 2
2013,BRK,2012-11-13,7:30p,,Cleveland Cavaliers,W,,114,101,4,2,W 3
2013,BRK,2012-11-15,8:00p,,Boston Celtics,W,,102,97,5,2,W 4
2013,BRK,2012-11-18,6:00p,@,Sacramento Kings,W,,99,90,6,2,W 5
2013,BRK,2012-11-20,10:30p,@,Los Angeles Lakers,L,,90,95,6,3,L 1
2013,BRK,2012-11-21,10:30p,@,Golden State Warriors,L,,93,102,6,4,L 2
2013,BRK,2012-11-23,7:30p,,Los Angeles Clippers,W,,86,76,7,4,W 1
2013,BRK,2012-11-25,3:00p,,Portland Trail Blazers,W,,98,85,8,4,W 2
2013,BRK,2012-11-26,7:00p,,New York Knicks,W,OT,96,89,9,4,W 3
2013,BRK,2012-11-28,7:30p,@,Boston Celtics,W,,95,83,10,4,W 4
2013,BRK,2012-11-30,7:00p,@,Orlando Magic,W,,98,86,11,4,W 5
2013,BRK,2012-12-01,7:30p,@,Miami Heat,L,,89,102,11,5,L 1
2013,BRK,2012-12-04,7:30p,,Oklahoma City Thunder,L,,111,117,11,6,L 2
2013,BRK,2012-12-07,7:30p,,Golden State Warriors,L,,102,109,11,7,L 3
2013,BRK,2012-12-09,6:00p,,Milwaukee Bucks,L,,88,97,11,8,L 4
2013,BRK,2012-12-11,7:00p,,New York Knicks,L,,97,100,11,9,L 5
2013,BRK,2012-12-12,7:00p,@,Toronto Raptors,W,,94,88,12,9,W 1
2013,BRK,2012-12-14,7:30p,,Detroit Pistons,W,2OT,107,105,13,9,W 2
2013,BRK,2012-12-15,8:00p,@,Chicago Bulls,L,,82,83,13,10,L 1
2013,BRK,2012-12-18,7:30p,,Utah Jazz,L,,90,92,13,11,L 2
2013,BRK,2012-12-19,7:00p,@,New York Knicks,L,,86,100,13,12,L 3
2013,BRK,2012-12-23,3:00p,,Philadelphia 76ers,W,,95,92,14,12,W 1
2013,BRK,2012-12-25,12:00p,,Boston Celtics,L,,76,93,14,13,L 1
2013,BRK,2012-12-26,8:00p,@,Milwaukee Bucks,L,,93,108,14,14,L 2
2013,BRK,2012-12-28,7:30p,,Charlotte Bobcats,W,,97,81,15,14,W 1
2013,BRK,2012-12-29,7:30p,,Cleveland Cavaliers,W,,103,100,16,14,W 2
2013,BRK,2012-12-31,7:00p,@,San Antonio Spurs,L,,73,104,16,15,L 1
2013,BRK,2013-01-02,8:00p,@,Oklahoma City Thunder,W,,110,93,17,15,W 1
2013,BRK,2013-01-04,7:00p,@,Washington Wizards,W,2OT,115,113,18,15,W 2
2013,BRK,2013-01-05,7:30p,,Sacramento Kings,W,,113,93,19,15,W 3
2013,BRK,2013-01-08,7:00p,@,Philadelphia 76ers,W,,109,89,20,15,W 4
2013,BRK,2013-01-11,7:30p,,Phoenix Suns,W,,99,79,21,15,W 5
2013,BRK,2013-01-13,6:00p,,Indiana Pacers,W,,97,86,22,15,W 6
2013,BRK,2013-01-15,7:30p,,Toronto Raptors,W,,113,106,23,15,W 7
2013,BRK,2013-01-16,7:30p,@,Atlanta Hawks,L,,95,109,23,16,L 1
2013,BRK,2013-01-18,7:30p,,Atlanta Hawks,W,,94,89,24,16,W 1
2013,BRK,2013-01-21,3:30p,@,New York Knicks,W,,88,85,25,16,W 2
2013,BRK,2013-01-23,8:00p,@,Minnesota Timberwolves,W,,91,83,26,16,W 3
2013,BRK,2013-01-25,8:00p,@,Memphis Grizzlies,L,,77,101,26,17,L 1
2013,BRK,2013-01-26,8:00p,@,Houston Rockets,L,,106,119,26,18,L 2
2013,BRK,2013-01-28,7:30p,,Orlando Magic,W,,97,77,27,18,W 1
2013,BRK,2013-01-30,8:00p,,Miami Heat,L,,85,105,27,19,L 1
2013,BRK,2013-02-01,7:30p,,Chicago Bulls,W,,93,89,28,19,W 1
2013,BRK,2013-02-05,7:30p,,Los Angeles Lakers,L,,83,92,28,20,L 1
2013,BRK,2013-02-06,7:30p,@,Detroit Pistons,W,,93,90,29,20,W 1
2013,BRK,2013-02-08,7:00p,@,Washington Wizards,L,,74,89,29,21,L 1
2013,BRK,2013-02-10,8:00p,,San Antonio Spurs,L,,86,111,29,22,L 2
2013,BRK,2013-02-11,7:00p,@,Indiana Pacers,W,OT,89,84,30,22,W 1
2013,BRK,2013-02-13,7:30p,,Denver Nuggets,W,,119,108,31,22,W 2
2013,BRK,2013-02-19,7:30p,,Milwaukee Bucks,W,OT,113,111,32,22,W 3
2013,BRK,2013-02-20,8:00p,@,Milwaukee Bucks,W,,97,94,33,22,W 4
2013,BRK,2013-02-22,7:30p,,Houston Rockets,L,,96,106,33,23,L 1
2013,BRK,2013-02-24,7:00p,,Memphis Grizzlies,L,,72,76,33,24,L 2
2013,BRK,2013-02-26,8:00p,@,New Orleans Hornets,W,,101,97,34,24,W 1
2013,BRK,2013-03-01,8:00p,,Dallas Mavericks,L,,90,98,34,25,L 1
2013,BRK,2013-03-02,8:00p,@,Chicago Bulls,L,,85,96,34,26,L 2
2013,BRK,2013-03-06,7:00p,@,Charlotte Bobcats,W,,99,78,35,26,W 1
2013,BRK,2013-03-08,7:30p,,Washington Wizards,W,,95,78,36,26,W 2
2013,BRK,2013-03-09,7:00p,@,Atlanta Hawks,W,,93,80,37,26,W 3
2013,BRK,2013-03-11,7:00p,@,Philadelphia 76ers,L,,97,106,37,27,L 1
2013,BRK,2013-03-12,7:30p,,New Orleans Hornets,W,,108,98,38,27,W 1
2013,BRK,2013-03-17,8:00p,,Atlanta Hawks,L,,93,105,38,28,L 1
2013,BRK,2013-03-18,7:30p,@,Detroit Pistons,W,,119,82,39,28,W 1
2013,BRK,2013-03-20,8:00p,@,Dallas Mavericks,W,,113,96,40,28,W 2
2013,BRK,2013-03-23,10:30p,@,Los Angeles Clippers,L,,95,101,40,29,L 1
2013,BRK,2013-03-24,9:00p,@,Phoenix Suns,W,,102,100,41,29,W 1
2013,BRK,2013-03-27,10:30p,@,Portland Trail Blazers,W,,111,93,42,29,W 2
2013,BRK,2013-03-29,9:00p,@,Denver Nuggets,L,,87,109,42,30,L 1
2013,BRK,2013-03-30,9:00p,@,Utah Jazz,L,,107,116,42,31,L 2
2013,BRK,2013-04-03,7:00p,@,Cleveland Cavaliers,W,,113,95,43,31,W 1
2013,BRK,2013-04-04,7:00p,,Chicago Bulls,L,,90,92,43,32,L 1
2013,BRK,2013-04-06,7:30p,,Charlotte Bobcats,W,,105,96,44,32,W 1
2013,BRK,2013-04-09,7:30p,,Philadelphia 76ers,W,,104,83,45,32,W 2
2013,BRK,2013-04-10,8:00p,@,Boston Celtics,W,,101,93,46,32,W 3
2013,BRK,2013-04-12,7:00p,@,Indiana Pacers,W,,117,109,47,32,W 4
2013,BRK,2013-04-14,3:30p,@,Toronto Raptors,L,,87,93,47,33,L 1
2013,BRK,2013-04-15,7:30p,,Washington Wizards,W,,106,101,48,33,W 1
2013,BRK,2013-04-17,8:00p,,Detroit Pistons,W,,103,99,49,33,W 2
2013,BRK,2013-04-20,8:00p,,Chicago Bulls,W,,106,89,1,0,W 1
2013,BRK,2013-04-22,8:00p,,Chicago Bulls,L,,82,90,1,1,L 1
2013,BRK,2013-04-25,8:30p,@,Chicago Bulls,L,,76,79,1,2,L 2
2013,BRK,2013-04-27,2:00p,@,Chicago Bulls,L,3OT,134,142,1,3,L 3
2013,BRK,2013-04-29,7:00p,,Chicago Bulls,W,,110,91,2,3,W 1
2013,BRK,2013-05-02,8:00p,@,Chicago Bulls,W,,95,92,3,3,W 2
2013,BRK,2013-05-04,8:00p,,Chicago Bulls,L,,93,99,3,4,L 1
2013,CHA,2012-11-02,7:00p,,Indiana Pacers,W,,90,89,1,0,W 1
2013,CHA,2012-11-03,8:30p,@,Dallas Mavericks,L,,99,126,1,1,L 1
2013,CHA,2012-11-07,7:00p,,Phoenix Suns,L,,110,117,1,2,L 2
2013,CHA,2012-11-09,8:00p,@,New Orleans Hornets,L,,99,107,1,3,L 3
2013,CHA,2012-11-10,7:30p,,Dallas Mavericks,W,OT,101,97,2,3,W 1
2013,CHA,2012-11-13,7:00p,,Washington Wizards,W,,92,76,3,3,W 2
2013,CHA,2012-11-14,8:00p,@,Minnesota Timberwolves,W,,89,87,4,3,W 3
2013,CHA,2012-11-17,7:30p,,Memphis Grizzlies,L,,87,94,4,4,L 1
2013,CHA,2012-11-19,7:00p,,Milwaukee Bucks,W,,102,98,5,4,W 1
2013,CHA,2012-11-21,7:00p,,Toronto Raptors,W,,98,97,6,4,W 2
2013,CHA,2012-11-23,7:00p,,Atlanta Hawks,L,,91,101,6,5,L 1
2013,CHA,2012-11-24,7:00p,@,Washington Wizards,W,2OT,108,106,7,5,W 1
2013,CHA,2012-11-26,8:00p,@,Oklahoma City Thunder,L,,69,114,7,6,L 1
2013,CHA,2012-11-28,7:30p,@,Atlanta Hawks,L,,91,94,7,7,L 2
2013,CHA,2012-11-30,7:00p,,Philadelphia 76ers,L,,98,104,7,8,L 3
2013,CHA,2012-12-03,7:00p,,Portland Trail Blazers,L,OT,112,118,7,9,L 4
2013,CHA,2012-12-05,7:00p,,New York Knicks,L,,98,100,7,10,L 5
2013,CHA,2012-12-07,8:30p,@,Milwaukee Bucks,L,,93,108,7,11,L 6
2013,CHA,2012-12-08,7:00p,,San Antonio Spurs,L,,102,132,7,12,L 7
2013,CHA,2012-12-10,7:00p,,Golden State Warriors,L,,96,104,7,13,L 8
2013,CHA,2012-12-12,7:30p,,Los Angeles Clippers,L,,94,100,7,14,L 9
2013,CHA,2012-12-13,7:30p,@,Atlanta Hawks,L,,90,113,7,15,L 10
2013,CHA,2012-12-15,7:30p,,Orlando Magic,L,,98,107,7,16,L 11
2013,CHA,2012-12-18,10:30p,@,Los Angeles Lakers,L,,100,101,7,17,L 12
2013,CHA,2012-12-19,9:00p,@,Phoenix Suns,L,,104,121,7,18,L 13
2013,CHA,2012-12-21,10:30p,@,Golden State Warriors,L,,100,115,7,19,L 14
2013,CHA,2012-12-22,9:00p,@,Denver Nuggets,L,,88,110,7,20,L 15
2013,CHA,2012-12-26,7:00p,,Miami Heat,L,,92,105,7,21,L 16
2013,CHA,2012-12-28,7:30p,@,Brooklyn Nets,L,,81,97,7,22,L 17
2013,CHA,2012-12-29,7:00p,,New Orleans Hornets,L,,95,98,7,23,L 18
2013,CHA,2012-12-31,3:00p,@,Chicago Bulls,W,,91,81,8,23,W 1
2013,CHA,2013-01-04,7:00p,,Cleveland Cavaliers,L,,104,106,8,24,L 1
2013,CHA,2013-01-06,7:30p,@,Detroit Pistons,W,OT,108,101,9,24,W 1
2013,CHA,2013-01-09,7:00p,,Utah Jazz,L,,102,112,9,25,L 1
2013,CHA,2013-01-11,7:00p,@,Toronto Raptors,L,,78,99,9,26,L 2
2013,CHA,2013-01-12,7:00p,@,Indiana Pacers,L,,88,96,9,27,L 3
2013,CHA,2013-01-14,7:30p,@,Boston Celtics,L,,89,100,9,28,L 4
2013,CHA,2013-01-15,7:00p,,Indiana Pacers,L,,76,103,9,29,L 5
2013,CHA,2013-01-18,7:00p,@,Orlando Magic,W,,106,100,10,29,W 1
2013,CHA,2013-01-19,7:00p,,Sacramento Kings,L,,93,97,10,30,L 1
2013,CHA,2013-01-21,2:00p,,Houston Rockets,L,,94,100,10,31,L 2
2013,CHA,2013-01-23,7:00p,,Atlanta Hawks,L,,92,104,10,32,L 3
2013,CHA,2013-01-26,7:30p,,Minnesota Timberwolves,W,,102,101,11,32,W 1
2013,CHA,2013-01-28,8:00p,@,Chicago Bulls,L,,85,93,11,33,L 1
2013,CHA,2013-01-30,8:30p,@,San Antonio Spurs,L,,78,102,11,34,L 2
2013,CHA,2013-02-02,8:00p,@,Houston Rockets,L,,95,109,11,35,L 3
2013,CHA,2013-02-04,7:30p,@,Miami Heat,L,,94,99,11,36,L 4
2013,CHA,2013-02-06,7:00p,@,Cleveland Cavaliers,L,,95,122,11,37,L 5
2013,CHA,2013-02-08,7:00p,,Los Angeles Lakers,L,,93,100,11,38,L 6
2013,CHA,2013-02-09,8:00p,@,Philadelphia 76ers,L,,76,87,11,39,L 7
2013,CHA,2013-02-11,7:00p,,Boston Celtics,W,,94,91,12,39,W 1
2013,CHA,2013-02-13,7:00p,@,Indiana Pacers,L,,77,101,12,40,L 1
2013,CHA,2013-02-19,7:00p,@,Orlando Magic,W,,105,92,13,40,W 1
2013,CHA,2013-02-20,7:00p,,Detroit Pistons,L,,99,105,13,41,L 1
2013,CHA,2013-02-22,7:00p,,Chicago Bulls,L,,75,105,13,42,L 2
2013,CHA,2013-02-23,7:00p,,Denver Nuggets,L,,99,113,13,43,L 3
2013,CHA,2013-02-26,10:30p,@,Los Angeles Clippers,L,,84,106,13,44,L 4
2013,CHA,2013-03-01,9:00p,@,Utah Jazz,L,,68,98,13,45,L 5
2013,CHA,2013-03-03,6:00p,@,Sacramento Kings,L,,83,119,13,46,L 6
2013,CHA,2013-03-04,10:00p,@,Portland Trail Blazers,L,,105,122,13,47,L 7
2013,CHA,2013-03-06,7:00p,,Brooklyn Nets,L,,78,99,13,48,L 8
2013,CHA,2013-03-08,7:00p,,Oklahoma City Thunder,L,,94,116,13,49,L 9
2013,CHA,2013-03-09,8:00p,@,Washington Wizards,L,,87,104,13,50,L 10
2013,CHA,2013-03-12,7:00p,,Boston Celtics,W,,100,74,14,50,W 1
2013,CHA,2013-03-15,7:00p,@,Toronto Raptors,L,,78,92,14,51,L 1
2013,CHA,2013-03-16,7:30p,@,Boston Celtics,L,,88,105,14,52,L 2
2013,CHA,2013-03-18,7:00p,,Washington Wizards,W,,119,114,15,52,W 1
2013,CHA,2013-03-20,7:00p,,Toronto Raptors,W,,107,101,16,52,W 2
2013,CHA,2013-03-23,7:00p,,Detroit Pistons,L,,91,92,16,53,L 1
2013,CHA,2013-03-24,6:00p,@,Miami Heat,L,,77,109,16,54,L 2
2013,CHA,2013-03-27,7:00p,,Orlando Magic,W,,114,108,17,54,W 1
2013,CHA,2013-03-29,7:30p,@,New York Knicks,L,,102,111,17,55,L 1
2013,CHA,2013-03-30,8:00p,@,Philadelphia 76ers,L,,92,100,17,56,L 2
2013,CHA,2013-04-01,8:00p,@,Milwaukee Bucks,L,,102,131,17,57,L 3
2013,CHA,2013-04-03,7:00p,,Philadelphia 76ers,W,,88,83,18,57,W 1
2013,CHA,2013-04-05,8:00p,,Miami Heat,L,,79,89,18,58,L 1
2013,CHA,2013-04-06,7:30p,@,Brooklyn Nets,L,,96,105,18,59,L 2
2013,CHA,2013-04-09,8:00p,@,Memphis Grizzlies,L,,75,94,18,60,L 3
2013,CHA,2013-04-12,7:30p,@,Detroit Pistons,L,,93,113,18,61,L 4
2013,CHA,2013-04-13,7:00p,,Milwaukee Bucks,W,,95,85,19,61,W 1
2013,CHA,2013-04-15,7:00p,,New York Knicks,W,,106,95,20,61,W 2
2013,CHA,2013-04-17,8:00p,,Cleveland Cavaliers,W,,105,98,21,61,W 3
2013,CHI,2012-10-31,8:00p,,Sacramento Kings,W,,93,87,1,0,W 1
2013,CHI,2012-11-02,7:30p,@,Cleveland Cavaliers,W,,115,86,2,0,W 2
2013,CHI,2012-11-03,8:00p,,New Orleans Hornets,L,,82,89,2,1,L 1
2013,CHI,2012-11-06,8:00p,,Orlando Magic,W,,99,93,3,1,W 1
2013,CHI,2012-11-08,8:00p,,Oklahoma City Thunder,L,,91,97,3,2,L 1
2013,CHI,2012-11-10,8:00p,,Minnesota Timberwolves,W,,87,80,4,2,W 1
2013,CHI,2012-11-12,8:00p,,Boston Celtics,L,,95,101,4,3,L 1
2013,CHI,2012-11-14,9:00p,@,Phoenix Suns,W,OT,112,106,5,3,W 1
2013,CHI,2012-11-17,9:00p,@,Los Angeles Clippers,L,,80,101,5,4,L 1
2013,CHI,2012-11-18,9:00p,@,Portland Trail Blazers,L,,94,102,5,5,L 2
2013,CHI,2012-11-21,8:00p,@,Houston Rockets,L,,89,93,5,6,L 3
2013,CHI,2012-11-24,9:00p,@,Milwaukee Bucks,W,,93,86,6,6,W 1
2013,CHI,2012-11-26,8:00p,,Milwaukee Bucks,L,,92,93,6,7,L 1
2013,CHI,2012-11-28,8:00p,,Dallas Mavericks,W,,101,78,7,7,W 1
2013,CHI,2012-12-01,8:00p,,Philadelphia 76ers,W,,93,88,8,7,W 2
2013,CHI,2012-12-04,8:00p,,Indiana Pacers,L,,76,80,8,8,L 1
2013,CHI,2012-12-05,8:00p,@,Cleveland Cavaliers,W,,95,85,9,8,W 1
2013,CHI,2012-12-07,7:30p,@,Detroit Pistons,W,,108,104,10,8,W 2
2013,CHI,2012-12-08,8:00p,,New York Knicks,W,,93,85,11,8,W 3
2013,CHI,2012-12-11,9:30p,,Los Angeles Clippers,L,,89,94,11,9,L 1
2013,CHI,2012-12-12,7:30p,@,Philadelphia 76ers,W,,96,89,12,9,W 1
2013,CHI,2012-12-15,8:00p,,Brooklyn Nets,W,,83,82,13,9,W 2
2013,CHI,2012-12-17,8:00p,@,Memphis Grizzlies,L,,71,80,13,10,L 1
2013,CHI,2012-12-18,8:00p,,Boston Celtics,W,,100,89,14,10,W 1
2013,CHI,2012-12-21,7:30p,@,New York Knicks,W,,110,106,15,10,W 2
2013,CHI,2012-12-22,7:00p,@,Atlanta Hawks,L,,75,92,15,11,L 1
2013,CHI,2012-12-25,8:00p,,Houston Rockets,L,,97,120,15,12,L 2
2013,CHI,2012-12-29,8:00p,,Washington Wizards,W,,87,77,16,12,W 1
2013,CHI,2012-12-31,3:00p,,Charlotte Bobcats,L,,81,91,16,13,L 1
2013,CHI,2013-01-02,7:00p,@,Orlando Magic,W,,96,94,17,13,W 1
2013,CHI,2013-01-04,8:00p,@,Miami Heat,W,,96,89,18,13,W 2
2013,CHI,2013-01-07,8:00p,,Cleveland Cavaliers,W,,118,92,19,13,W 3
2013,CHI,2013-01-09,8:00p,,Milwaukee Bucks,L,,96,104,19,14,L 1
2013,CHI,2013-01-11,8:00p,@,New York Knicks,W,,108,101,20,14,W 1
2013,CHI,2013-01-12,8:00p,,Phoenix Suns,L,,81,97,20,15,L 1
2013,CHI,2013-01-14,8:00p,,Atlanta Hawks,W,,97,58,21,15,W 1
2013,CHI,2013-01-16,7:00p,@,Toronto Raptors,W,OT,107,105,22,15,W 2
2013,CHI,2013-01-18,7:00p,@,Boston Celtics,W,OT,100,99,23,15,W 3
2013,CHI,2013-01-19,8:00p,,Memphis Grizzlies,L,OT,82,85,23,16,L 1
2013,CHI,2013-01-21,9:30p,,Los Angeles Lakers,W,,95,83,24,16,W 1
2013,CHI,2013-01-23,8:00p,,Detroit Pistons,W,,85,82,25,16,W 2
2013,CHI,2013-01-25,8:00p,,Golden State Warriors,W,,103,87,26,16,W 3
2013,CHI,2013-01-26,7:00p,@,Washington Wizards,L,,73,86,26,17,L 1
2013,CHI,2013-01-28,8:00p,,Charlotte Bobcats,W,,93,85,27,17,W 1
2013,CHI,2013-01-30,8:00p,@,Milwaukee Bucks,W,,104,88,28,17,W 2
2013,CHI,2013-02-01,7:30p,@,Brooklyn Nets,L,,89,93,28,18,L 1
2013,CHI,2013-02-02,7:00p,@,Atlanta Hawks,W,,93,76,29,18,W 1
2013,CHI,2013-02-04,7:00p,@,Indiana Pacers,L,,101,111,29,19,L 1
2013,CHI,2013-02-07,10:30p,@,Denver Nuggets,L,,96,128,29,20,L 2
2013,CHI,2013-02-08,10:30p,@,Utah Jazz,W,,93,89,30,20,W 1
2013,CHI,2013-02-11,8:00p,,San Antonio Spurs,L,,89,103,30,21,L 1
2013,CHI,2013-02-13,7:30p,@,Boston Celtics,L,,69,71,30,22,L 2
2013,CHI,2013-02-19,8:00p,@,New Orleans Hornets,W,,96,87,31,22,W 1
2013,CHI,2013-02-21,8:00p,,Miami Heat,L,,67,86,31,23,L 1
2013,CHI,2013-02-22,7:00p,@,Charlotte Bobcats,W,,105,75,32,23,W 1
2013,CHI,2013-02-24,9:30p,@,Oklahoma City Thunder,L,,72,102,32,24,L 1
2013,CHI,2013-02-26,8:00p,,Cleveland Cavaliers,L,,98,101,32,25,L 2
2013,CHI,2013-02-28,8:00p,,Philadelphia 76ers,W,,93,82,33,25,W 1
2013,CHI,2013-03-02,8:00p,,Brooklyn Nets,W,,96,85,34,25,W 2
2013,CHI,2013-03-03,8:00p,@,Indiana Pacers,L,,92,97,34,26,L 1
2013,CHI,2013-03-06,9:00p,@,San Antonio Spurs,L,,83,101,34,27,L 2
2013,CHI,2013-03-08,8:00p,,Utah Jazz,W,,89,88,35,27,W 1
2013,CHI,2013-03-10,3:30p,@,Los Angeles Lakers,L,,81,90,35,28,L 1
2013,CHI,2013-03-13,10:00p,@,Sacramento Kings,L,,79,121,35,29,L 2
2013,CHI,2013-03-15,10:30p,@,Golden State Warriors,W,,113,95,36,29,W 1
2013,CHI,2013-03-18,8:00p,,Denver Nuggets,L,OT,118,119,36,30,L 1
2013,CHI,2013-03-21,8:00p,,Portland Trail Blazers,L,,89,99,36,31,L 2
2013,CHI,2013-03-23,8:00p,,Indiana Pacers,W,,87,84,37,31,W 1
2013,CHI,2013-03-24,7:00p,@,Minnesota Timberwolves,W,,104,97,38,31,W 2
2013,CHI,2013-03-27,8:00p,,Miami Heat,W,,101,97,39,31,W 3
2013,CHI,2013-03-30,2:00p,@,Dallas Mavericks,L,,98,100,39,32,L 1
2013,CHI,2013-03-31,7:00p,,Detroit Pistons,W,,95,94,40,32,W 1
2013,CHI,2013-04-02,7:00p,@,Washington Wizards,L,,86,90,40,33,L 1
2013,CHI,2013-04-04,7:00p,@,Brooklyn Nets,W,,92,90,41,33,W 1
2013,CHI,2013-04-05,8:00p,,Orlando Magic,W,,87,86,42,33,W 2
2013,CHI,2013-04-07,7:30p,@,Detroit Pistons,L,,85,99,42,34,L 1
2013,CHI,2013-04-09,8:00p,,Toronto Raptors,L,,98,101,42,35,L 2
2013,CHI,2013-04-11,8:00p,,New York Knicks,W,OT,118,111,43,35,W 1
2013,CHI,2013-04-12,7:00p,@,Toronto Raptors,L,,88,97,43,36,L 1
2013,CHI,2013-04-14,1:00p,@,Miami Heat,L,,93,105,43,37,L 2
2013,CHI,2013-04-15,7:00p,@,Orlando Magic,W,,102,84,44,37,W 1
2013,CHI,2013-04-17,8:00p,,Washington Wizards,W,,95,92,45,37,W 2
2013,CHI,2013-04-20,8:00p,@,Brooklyn Nets,L,,89,106,0,1,L 1
2013,CHI,2013-04-22,8:00p,@,Brooklyn Nets,W,,90,82,1,1,W 1
2013,CHI,2013-04-25,8:30p,,Brooklyn Nets,W,,79,76,2,1,W 2
2013,CHI,2013-04-27,2:00p,,Brooklyn Nets,W,3OT,142,134,3,1,W 3
2013,CHI,2013-04-29,7:00p,@,Brooklyn Nets,L,,91,110,3,2,L 1
2013,CHI,2013-05-02,8:00p,,Brooklyn Nets,L,,92,95,3,3,L 2
2013,CHI,2013-05-04,8:00p,@,Brooklyn Nets,W,,99,93,4,3,W 1
2013,CHI,2013-05-06,7:00p,@,Miami Heat,W,,93,86,5,3,W 2
2013,CHI,2013-05-08,7:00p,@,Miami Heat,L,,78,115,5,4,L 1
2013,CHI,2013-05-10,8:00p,,Miami Heat,L,,94,104,5,5,L 2
2013,CHI,2013-05-13,7:00p,,Miami Heat,L,,65,88,5,6,L 3
2013,CHI,2013-05-15,7:00p,@,Miami Heat,L,,91,94,5,7,L 4
2013,CLE,2012-10-30,7:00p,,Washington Wizards,W,,94,84,1,0,W 1
2013,CLE,2012-11-02,7:30p,,Chicago Bulls,L,,86,115,1,1,L 1
2013,CLE,2012-11-03,8:30p,@,Milwaukee Bucks,L,,102,105,1,2,L 2
2013,CLE,2012-11-05,10:30p,@,Los Angeles Clippers,W,,108,101,2,2,W 1
2013,CLE,2012-11-07,10:30p,@,Golden State Warriors,L,,96,106,2,3,L 1
2013,CLE,2012-11-09,9:00p,@,Phoenix Suns,L,,105,107,2,4,L 2
2013,CLE,2012-11-11,7:00p,@,Oklahoma City Thunder,L,,91,106,2,5,L 3
2013,CLE,2012-11-13,7:30p,@,Brooklyn Nets,L,,101,114,2,6,L 4
2013,CLE,2012-11-17,7:30p,,Dallas Mavericks,L,,95,103,2,7,L 5
2013,CLE,2012-11-18,6:00p,@,Philadelphia 76ers,L,,79,86,2,8,L 6
2013,CLE,2012-11-21,7:00p,,Philadelphia 76ers,W,,92,83,3,8,W 1
2013,CLE,2012-11-23,7:00p,@,Orlando Magic,L,,104,108,3,9,L 1
2013,CLE,2012-11-24,7:30p,@,Miami Heat,L,,108,110,3,10,L 2
2013,CLE,2012-11-26,8:00p,@,Memphis Grizzlies,L,,78,84,3,11,L 3
2013,CLE,2012-11-27,7:00p,,Phoenix Suns,L,,78,91,3,12,L 4
2013,CLE,2012-11-30,7:30p,@,Atlanta Hawks,W,,113,111,4,12,W 1
2013,CLE,2012-12-01,7:30p,,Portland Trail Blazers,L,2OT,117,118,4,13,L 1
2013,CLE,2012-12-03,7:30p,@,Detroit Pistons,L,,79,89,4,14,L 2
2013,CLE,2012-12-05,8:00p,,Chicago Bulls,L,,85,95,4,15,L 3
2013,CLE,2012-12-07,8:00p,@,Minnesota Timberwolves,L,,73,91,4,16,L 4
2013,CLE,2012-12-08,7:30p,,Detroit Pistons,L,,97,104,4,17,L 5
2013,CLE,2012-12-11,7:00p,,Los Angeles Lakers,W,,100,94,5,17,W 1
2013,CLE,2012-12-12,7:00p,@,Indiana Pacers,L,,81,96,5,18,L 1
2013,CLE,2012-12-14,7:30p,,Milwaukee Bucks,L,,86,90,5,19,L 2
2013,CLE,2012-12-15,7:30p,@,New York Knicks,L,,102,103,5,20,L 3
2013,CLE,2012-12-18,7:00p,,Toronto Raptors,L,,99,113,5,21,L 4
2013,CLE,2012-12-19,7:30p,@,Boston Celtics,L,,91,103,5,22,L 5
2013,CLE,2012-12-21,7:30p,,Indiana Pacers,L,,89,99,5,23,L 6
2013,CLE,2012-12-22,8:30p,@,Milwaukee Bucks,W,,94,82,6,23,W 1
2013,CLE,2012-12-26,7:00p,@,Washington Wizards,W,,87,84,7,23,W 2
2013,CLE,2012-12-28,7:30p,,Atlanta Hawks,L,,94,102,7,24,L 1
2013,CLE,2012-12-29,7:30p,@,Brooklyn Nets,L,,100,103,7,25,L 2
2013,CLE,2013-01-02,7:00p,,Sacramento Kings,L,,94,97,7,26,L 3
2013,CLE,2013-01-04,7:00p,@,Charlotte Bobcats,W,,106,104,8,26,W 1
2013,CLE,2013-01-05,7:30p,,Houston Rockets,L,,104,112,8,27,L 1
2013,CLE,2013-01-07,8:00p,@,Chicago Bulls,L,,92,118,8,28,L 2
2013,CLE,2013-01-09,7:00p,,Atlanta Hawks,W,,99,83,9,28,W 1
2013,CLE,2013-01-11,9:00p,@,Denver Nuggets,L,,91,98,9,29,L 1
2013,CLE,2013-01-13,9:30p,@,Los Angeles Lakers,L,,93,113,9,30,L 2
2013,CLE,2013-01-14,10:00p,@,Sacramento Kings,L,,118,124,9,31,L 3
2013,CLE,2013-01-16,10:00p,@,Portland Trail Blazers,W,,93,88,10,31,W 1
2013,CLE,2013-01-19,9:00p,@,Utah Jazz,L,,98,109,10,32,L 1
2013,CLE,2013-01-22,7:00p,,Boston Celtics,W,,95,90,11,32,W 1
2013,CLE,2013-01-25,7:30p,,Milwaukee Bucks,W,,113,108,12,32,W 2
2013,CLE,2013-01-26,7:00p,@,Toronto Raptors,W,,99,98,13,32,W 3
2013,CLE,2013-01-29,7:00p,,Golden State Warriors,L,,95,108,13,33,L 1
2013,CLE,2013-02-01,7:30p,@,Detroit Pistons,L,,99,117,13,34,L 2
2013,CLE,2013-02-02,7:30p,,Oklahoma City Thunder,W,,115,110,14,34,W 1
2013,CLE,2013-02-06,7:00p,,Charlotte Bobcats,W,,122,95,15,34,W 2
2013,CLE,2013-02-08,7:30p,,Orlando Magic,W,,119,108,16,34,W 3
2013,CLE,2013-02-09,7:30p,,Denver Nuggets,L,,103,111,16,35,L 1
2013,CLE,2013-02-11,7:00p,,Minnesota Timberwolves,L,,92,100,16,36,L 2
2013,CLE,2013-02-13,7:00p,,San Antonio Spurs,L,,95,96,16,37,L 3
2013,CLE,2013-02-20,8:00p,,New Orleans Hornets,W,,105,100,17,37,W 1
2013,CLE,2013-02-23,7:00p,@,Orlando Magic,W,,118,94,18,37,W 2
2013,CLE,2013-02-24,6:00p,@,Miami Heat,L,,105,109,18,38,L 1
2013,CLE,2013-02-26,8:00p,@,Chicago Bulls,W,,101,98,19,38,W 1
2013,CLE,2013-02-27,7:00p,,Toronto Raptors,W,,103,92,20,38,W 2
2013,CLE,2013-03-01,7:30p,,Los Angeles Clippers,L,,89,105,20,39,L 1
2013,CLE,2013-03-04,7:00p,,New York Knicks,L,,97,102,20,40,L 2
2013,CLE,2013-03-06,7:00p,,Utah Jazz,W,,104,101,21,40,W 1
2013,CLE,2013-03-08,7:30p,,Memphis Grizzlies,L,,92,103,21,41,L 1
2013,CLE,2013-03-10,6:00p,@,Toronto Raptors,L,,96,100,21,42,L 2
2013,CLE,2013-03-12,7:00p,,Washington Wizards,W,,95,90,22,42,W 1
2013,CLE,2013-03-15,8:30p,@,Dallas Mavericks,L,,86,96,22,43,L 1
2013,CLE,2013-03-16,8:30p,@,San Antonio Spurs,L,,113,119,22,44,L 2
2013,CLE,2013-03-18,7:00p,,Indiana Pacers,L,,90,111,22,45,L 3
2013,CLE,2013-03-20,7:00p,,Miami Heat,L,,95,98,22,46,L 4
2013,CLE,2013-03-22,8:00p,@,Houston Rockets,L,,78,116,22,47,L 5
2013,CLE,2013-03-27,7:00p,,Boston Celtics,L,,92,93,22,48,L 6
2013,CLE,2013-03-29,7:30p,,Philadelphia 76ers,L,,87,97,22,49,L 7
2013,CLE,2013-03-31,6:00p,@,New Orleans Hornets,L,,92,112,22,50,L 8
2013,CLE,2013-04-01,7:30p,@,Atlanta Hawks,L,,94,102,22,51,L 9
2013,CLE,2013-04-03,7:00p,,Brooklyn Nets,L,,95,113,22,52,L 10
2013,CLE,2013-04-05,7:30p,@,Boston Celtics,W,,97,91,23,52,W 1
2013,CLE,2013-04-07,6:00p,,Orlando Magic,W,,91,85,24,52,W 2
2013,CLE,2013-04-09,7:00p,@,Indiana Pacers,L,,94,99,24,53,L 1
2013,CLE,2013-04-10,7:00p,,Detroit Pistons,L,,104,111,24,54,L 2
2013,CLE,2013-04-12,7:30p,,New York Knicks,L,,91,101,24,55,L 3
2013,CLE,2013-04-14,3:30p,@,Philadelphia 76ers,L,,77,91,24,56,L 4
2013,CLE,2013-04-15,7:00p,,Miami Heat,L,,95,96,24,57,L 5
2013,CLE,2013-04-17,8:00p,@,Charlotte Bobcats,L,,98,105,24,58,L 6
2013,DAL,2012-10-30,10:30p,@,Los Angeles Lakers,W,,99,91,1,0,W 1
2013,DAL,2012-10-31,9:00p,@,Utah Jazz,L,,94,113,1,1,L 1
2013,DAL,2012-11-03,8:30p,,Charlotte Bobcats,W,,126,99,2,1,W 1
2013,DAL,2012-11-05,8:30p,,Portland Trail Blazers,W,,114,91,3,1,W 2
2013,DAL,2012-11-07,8:30p,,Toronto Raptors,W,,109,104,4,1,W 3
2013,DAL,2012-11-09,7:30p,@,New York Knicks,L,,94,104,4,2,L 1
2013,DAL,2012-11-10,7:30p,@,Charlotte Bobcats,L,OT,97,101,4,3,L 2
2013,DAL,2012-11-12,8:30p,,Minnesota Timberwolves,L,,82,90,4,4,L 3
2013,DAL,2012-11-14,8:30p,,Washington Wizards,W,,107,101,5,4,W 1
2013,DAL,2012-11-16,7:00p,@,Indiana Pacers,L,,83,103,5,5,L 1
2013,DAL,2012-11-17,7:30p,@,Cleveland Cavaliers,W,,103,95,6,5,W 1
2013,DAL,2012-11-19,8:30p,,Golden State Warriors,L,OT,101,105,6,6,L 1
2013,DAL,2012-11-21,8:30p,,New York Knicks,W,,114,111,7,6,W 1
2013,DAL,2012-11-24,8:30p,,Los Angeles Lakers,L,,89,115,7,7,L 1
2013,DAL,2012-11-27,7:00p,@,Philadelphia 76ers,L,,98,100,7,8,L 2
2013,DAL,2012-11-28,8:00p,@,Chicago Bulls,L,,78,101,7,9,L 3
2013,DAL,2012-12-01,9:00p,,Detroit Pistons,W,,92,77,8,9,W 1
2013,DAL,2012-12-05,10:30p,@,Los Angeles Clippers,L,,90,112,8,10,L 1
2013,DAL,2012-12-06,10:30p,@,Phoenix Suns,W,,97,94,9,10,W 1
2013,DAL,2012-12-08,8:00p,@,Houston Rockets,W,,116,109,10,10,W 2
2013,DAL,2012-12-10,8:30p,,Sacramento Kings,W,,119,96,11,10,W 3
2013,DAL,2012-12-12,8:00p,@,Boston Celtics,L,2OT,115,117,11,11,L 1
2013,DAL,2012-12-14,7:00p,@,Toronto Raptors,L,,74,95,11,12,L 2
2013,DAL,2012-12-15,8:00p,@,Minnesota Timberwolves,L,OT,106,114,11,13,L 3
2013,DAL,2012-12-18,8:30p,,Philadelphia 76ers,W,,107,100,12,13,W 1
2013,DAL,2012-12-20,9:30p,,Miami Heat,L,,95,110,12,14,L 1
2013,DAL,2012-12-21,8:00p,@,Memphis Grizzlies,L,,82,92,12,15,L 2
2013,DAL,2012-12-23,7:00p,@,San Antonio Spurs,L,,91,129,12,16,L 3
2013,DAL,2012-12-27,8:00p,@,Oklahoma City Thunder,L,OT,105,111,12,17,L 4
2013,DAL,2012-12-28,8:30p,,Denver Nuggets,L,,85,106,12,18,L 5
2013,DAL,2012-12-30,7:30p,,San Antonio Spurs,L,,86,111,12,19,L 6
2013,DAL,2013-01-01,6:00p,@,Washington Wizards,W,,103,94,13,19,W 1
2013,DAL,2013-01-02,7:30p,@,Miami Heat,L,OT,109,119,13,20,L 1
2013,DAL,2013-01-05,8:30p,,New Orleans Hornets,L,OT,96,99,13,21,L 2
2013,DAL,2013-01-07,9:00p,@,Utah Jazz,L,,94,100,13,22,L 3
2013,DAL,2013-01-09,10:30p,@,Los Angeles Clippers,L,,93,99,13,23,L 4
2013,DAL,2013-01-10,10:00p,@,Sacramento Kings,W,OT,117,112,14,23,W 1
2013,DAL,2013-01-12,9:00p,,Memphis Grizzlies,W,,104,83,15,23,W 2
2013,DAL,2013-01-14,8:30p,,Minnesota Timberwolves,W,,113,98,16,23,W 3
2013,DAL,2013-01-16,8:00p,,Houston Rockets,W,,105,100,17,23,W 4
2013,DAL,2013-01-18,9:30p,,Oklahoma City Thunder,L,OT,114,117,17,24,L 1
2013,DAL,2013-01-20,6:00p,@,Orlando Magic,W,,111,105,18,24,W 1
2013,DAL,2013-01-25,8:00p,,San Antonio Spurs,L,,107,113,18,25,L 1
2013,DAL,2013-01-27,7:30p,,Phoenix Suns,W,,110,95,19,25,W 1
2013,DAL,2013-01-29,10:00p,@,Portland Trail Blazers,L,,104,106,19,26,L 1
2013,DAL,2013-01-31,10:30p,@,Golden State Warriors,L,,97,100,19,27,L 2
2013,DAL,2013-02-01,9:00p,@,Phoenix Suns,W,,109,99,20,27,W 1
2013,DAL,2013-02-04,8:00p,@,Oklahoma City Thunder,L,,91,112,20,28,L 1
2013,DAL,2013-02-06,8:30p,,Portland Trail Blazers,W,,105,99,21,28,W 1
2013,DAL,2013-02-09,8:30p,,Golden State Warriors,W,,116,91,22,28,W 2
2013,DAL,2013-02-11,8:30p,,Atlanta Hawks,L,,101,105,22,29,L 1
2013,DAL,2013-02-13,8:30p,,Sacramento Kings,W,,123,100,23,29,W 1
2013,DAL,2013-02-20,8:30p,,Orlando Magic,W,,111,96,24,29,W 2
2013,DAL,2013-02-22,8:00p,@,New Orleans Hornets,W,,104,100,25,29,W 3
2013,DAL,2013-02-24,1:00p,,Los Angeles Lakers,L,,99,103,25,30,L 1
2013,DAL,2013-02-26,8:30p,,Milwaukee Bucks,L,,90,95,25,31,L 2
2013,DAL,2013-02-27,8:00p,@,Memphis Grizzlies,L,,84,90,25,32,L 3
2013,DAL,2013-03-01,8:00p,@,Brooklyn Nets,W,,98,90,26,32,W 1
2013,DAL,2013-03-03,7:00p,@,Houston Rockets,L,,103,136,26,33,L 1
2013,DAL,2013-03-06,8:30p,,Houston Rockets,W,,112,108,27,33,W 1
2013,DAL,2013-03-08,7:30p,@,Detroit Pistons,W,,102,99,28,33,W 2
2013,DAL,2013-03-10,7:00p,@,Minnesota Timberwolves,W,,100,77,29,33,W 3
2013,DAL,2013-03-12,8:00p,@,Milwaukee Bucks,W,,115,108,30,33,W 4
2013,DAL,2013-03-14,8:00p,@,San Antonio Spurs,L,,91,92,30,34,L 1
2013,DAL,2013-03-15,8:30p,,Cleveland Cavaliers,W,,96,86,31,34,W 1
2013,DAL,2013-03-17,7:30p,,Oklahoma City Thunder,L,,101,107,31,35,L 1
2013,DAL,2013-03-18,7:30p,@,Atlanta Hawks,W,,127,113,32,35,W 1
2013,DAL,2013-03-20,8:00p,,Brooklyn Nets,L,,96,113,32,36,L 1
2013,DAL,2013-03-22,8:30p,,Boston Celtics,W,,104,94,33,36,W 1
2013,DAL,2013-03-24,7:30p,,Utah Jazz,W,,113,108,34,36,W 2
2013,DAL,2013-03-26,9:30p,,Los Angeles Clippers,W,OT,109,102,35,36,W 3
2013,DAL,2013-03-28,8:30p,,Indiana Pacers,L,,78,103,35,37,L 1
2013,DAL,2013-03-30,2:00p,,Chicago Bulls,W,,100,98,36,37,W 1
2013,DAL,2013-04-02,10:30p,@,Los Angeles Lakers,L,,81,101,36,38,L 1
2013,DAL,2013-04-04,9:00p,@,Denver Nuggets,L,,94,95,36,39,L 2
2013,DAL,2013-04-05,10:00p,@,Sacramento Kings,W,,117,108,37,39,W 1
2013,DAL,2013-04-07,9:00p,@,Portland Trail Blazers,W,,96,91,38,39,W 2
2013,DAL,2013-04-10,8:30p,,Phoenix Suns,L,,91,102,38,40,L 1
2013,DAL,2013-04-12,8:30p,,Denver Nuggets,W,OT,108,105,39,40,W 1
2013,DAL,2013-04-14,6:00p,@,New Orleans Hornets,W,,107,89,40,40,W 2
2013,DAL,2013-04-15,8:00p,,Memphis Grizzlies,L,,97,103,40,41,L 1
2013,DAL,2013-04-17,8:00p,,New Orleans Hornets,W,,99,87,41,41,W 1
2013,DEN,2012-10-31,7:00p,@,Philadelphia 76ers,L,,75,84,0,1,L 1
2013,DEN,2012-11-02,7:00p,@,Orlando Magic,L,,89,102,0,2,L 2
2013,DEN,2012-11-03,7:30p,@,Miami Heat,L,,116,119,0,3,L 3
2013,DEN,2012-11-06,9:00p,,Detroit Pistons,W,,109,97,1,3,W 1
2013,DEN,2012-11-07,8:00p,@,Houston Rockets,W,,93,87,2,3,W 2
2013,DEN,2012-11-09,10:30p,,Utah Jazz,W,,104,84,3,3,W 3
2013,DEN,2012-11-10,10:30p,@,Golden State Warriors,W,2OT,107,101,4,3,W 4
2013,DEN,2012-11-12,9:00p,@,Phoenix Suns,L,,100,110,4,4,L 1
2013,DEN,2012-11-15,10:30p,,Miami Heat,L,,93,98,4,5,L 2
2013,DEN,2012-11-17,8:30p,@,San Antonio Spurs,L,,100,126,4,6,L 3
2013,DEN,2012-11-19,8:00p,@,Memphis Grizzlies,W,,97,92,5,6,W 1
2013,DEN,2012-11-21,8:00p,@,Minnesota Timberwolves,W,,101,94,6,6,W 2
2013,DEN,2012-11-23,9:00p,,Golden State Warriors,W,,102,91,7,6,W 3
2013,DEN,2012-11-25,8:00p,,New Orleans Hornets,W,,102,84,8,6,W 4
2013,DEN,2012-11-26,9:00p,@,Utah Jazz,L,,103,105,8,7,L 1
2013,DEN,2012-11-29,10:30p,@,Golden State Warriors,L,,105,106,8,8,L 2
2013,DEN,2012-11-30,10:30p,@,Los Angeles Lakers,L,,103,122,8,9,L 3
2013,DEN,2012-12-03,9:00p,,Toronto Raptors,W,,113,110,9,9,W 1
2013,DEN,2012-12-05,8:00p,@,Atlanta Hawks,L,,104,108,9,10,L 1
2013,DEN,2012-12-07,7:00p,@,Indiana Pacers,W,,92,89,10,10,W 1
2013,DEN,2012-12-09,7:30p,@,New York Knicks,L,,106,112,10,11,L 1
2013,DEN,2012-12-11,7:30p,@,Detroit Pistons,W,,101,94,11,11,W 1
2013,DEN,2012-12-12,8:00p,@,Minnesota Timberwolves,L,,105,108,11,12,L 1
2013,DEN,2012-12-14,10:30p,,Memphis Grizzlies,W,,99,94,12,12,W 1
2013,DEN,2012-12-16,6:00p,@,Sacramento Kings,W,,122,97,13,12,W 2
2013,DEN,2012-12-18,9:00p,,San Antonio Spurs,W,,112,106,14,12,W 3
2013,DEN,2012-12-20,10:00p,@,Portland Trail Blazers,L,,93,101,14,13,L 1
2013,DEN,2012-12-22,9:00p,,Charlotte Bobcats,W,,110,88,15,13,W 1
2013,DEN,2012-12-25,10:30p,@,Los Angeles Clippers,L,,100,112,15,14,L 1
2013,DEN,2012-12-26,9:00p,,Los Angeles Lakers,W,,126,114,16,14,W 1
2013,DEN,2012-12-28,8:30p,@,Dallas Mavericks,W,,106,85,17,14,W 2
2013,DEN,2012-12-29,8:00p,@,Memphis Grizzlies,L,,72,81,17,15,L 1
2013,DEN,2013-01-01,9:00p,,Los Angeles Clippers,W,,92,78,18,15,W 1
2013,DEN,2013-01-03,9:00p,,Minnesota Timberwolves,L,,97,101,18,16,L 1
2013,DEN,2013-01-05,9:00p,,Utah Jazz,W,,110,91,19,16,W 1
2013,DEN,2013-01-06,9:30p,@,Los Angeles Lakers,W,,112,105,20,16,W 2
2013,DEN,2013-01-09,9:00p,,Orlando Magic,W,,108,105,21,16,W 3
2013,DEN,2013-01-11,9:00p,,Cleveland Cavaliers,W,,98,91,22,16,W 4
2013,DEN,2013-01-13,8:00p,,Golden State Warriors,W,,116,105,23,16,W 5
2013,DEN,2013-01-15,9:00p,,Portland Trail Blazers,W,OT,115,111,24,16,W 6
2013,DEN,2013-01-16,8:00p,@,Oklahoma City Thunder,L,,97,117,24,17,L 1
2013,DEN,2013-01-18,9:00p,,Washington Wizards,L,,108,112,24,18,L 2
2013,DEN,2013-01-20,8:00p,,Oklahoma City Thunder,W,OT,121,118,25,18,W 1
2013,DEN,2013-01-23,8:00p,@,Houston Rockets,W,,105,95,26,18,W 2
2013,DEN,2013-01-26,9:00p,,Sacramento Kings,W,,121,93,27,18,W 3
2013,DEN,2013-01-28,9:00p,,Indiana Pacers,W,,102,101,28,18,W 4
2013,DEN,2013-01-30,9:00p,,Houston Rockets,W,,118,110,29,18,W 5
2013,DEN,2013-02-01,9:00p,,New Orleans Hornets,W,,113,98,30,18,W 6
2013,DEN,2013-02-05,9:00p,,Milwaukee Bucks,W,,112,104,31,18,W 7
2013,DEN,2013-02-07,10:30p,,Chicago Bulls,W,,128,96,32,18,W 8
2013,DEN,2013-02-09,7:30p,@,Cleveland Cavaliers,W,,111,103,33,18,W 9
2013,DEN,2013-02-10,6:00p,@,Boston Celtics,L,3OT,114,118,33,19,L 1
2013,DEN,2013-02-12,7:00p,@,Toronto Raptors,L,,108,109,33,20,L 2
2013,DEN,2013-02-13,7:30p,@,Brooklyn Nets,L,,108,119,33,21,L 3
2013,DEN,2013-02-19,9:00p,,Boston Celtics,W,,97,90,34,21,W 1
2013,DEN,2013-02-22,7:00p,@,Washington Wizards,L,,113,119,34,22,L 1
2013,DEN,2013-02-23,7:00p,@,Charlotte Bobcats,W,,113,99,35,22,W 1
2013,DEN,2013-02-25,9:00p,,Los Angeles Lakers,W,,119,108,36,22,W 2
2013,DEN,2013-02-27,10:30p,@,Portland Trail Blazers,W,,111,109,37,22,W 3
2013,DEN,2013-03-01,10:30p,,Oklahoma City Thunder,W,,105,103,38,22,W 4
2013,DEN,2013-03-04,9:00p,,Atlanta Hawks,W,,104,88,39,22,W 5
2013,DEN,2013-03-05,10:00p,@,Sacramento Kings,W,,120,113,40,22,W 6
2013,DEN,2013-03-07,10:30p,,Los Angeles Clippers,W,,107,92,41,22,W 7
2013,DEN,2013-03-09,9:00p,,Minnesota Timberwolves,W,,111,88,42,22,W 8
2013,DEN,2013-03-11,10:00p,@,Phoenix Suns,W,,108,93,43,22,W 9
2013,DEN,2013-03-13,10:30p,,New York Knicks,W,,117,94,44,22,W 10
2013,DEN,2013-03-15,9:00p,,Memphis Grizzlies,W,,87,80,45,22,W 11
2013,DEN,2013-03-18,8:00p,@,Chicago Bulls,W,OT,119,118,46,22,W 12
2013,DEN,2013-03-19,8:00p,@,Oklahoma City Thunder,W,,114,104,47,22,W 13
2013,DEN,2013-03-21,9:00p,,Philadelphia 76ers,W,,101,100,48,22,W 14
2013,DEN,2013-03-23,9:00p,,Sacramento Kings,W,,101,95,49,22,W 15
2013,DEN,2013-03-25,8:00p,@,New Orleans Hornets,L,,86,110,49,23,L 1
2013,DEN,2013-03-27,8:30p,@,San Antonio Spurs,L,,99,100,49,24,L 2
2013,DEN,2013-03-29,9:00p,,Brooklyn Nets,W,,109,87,50,24,W 1
2013,DEN,2013-04-03,9:00p,@,Utah Jazz,W,,113,96,51,24,W 2
2013,DEN,2013-04-04,9:00p,,Dallas Mavericks,W,,95,94,52,24,W 3
2013,DEN,2013-04-06,9:00p,,Houston Rockets,W,,132,114,53,24,W 4
2013,DEN,2013-04-10,10:30p,,San Antonio Spurs,W,,96,86,54,24,W 5
2013,DEN,2013-04-12,8:30p,@,Dallas Mavericks,L,OT,105,108,54,25,L 1
2013,DEN,2013-04-14,5:00p,,Portland Trail Blazers,W,,118,109,55,25,W 1
2013,DEN,2013-04-15,8:00p,@,Milwaukee Bucks,W,,112,111,56,25,W 2
2013,DEN,2013-04-17,8:00p,,Phoenix Suns,W,,118,98,57,25,W 3
2013,DEN,2013-04-20,5:30p,,Golden State Warriors,W,,97,95,1,0,W 1
2013,DEN,2013-04-23,10:30p,,Golden State Warriors,L,,117,131,1,1,L 1
2013,DEN,2013-04-26,10:30p,@,Golden State Warriors,L,,108,110,1,2,L 2
2013,DEN,2013-04-28,9:30p,@,Golden State Warriors,L,,101,115,1,3,L 3
2013,DEN,2013-04-30,8:00p,,Golden State Warriors,W,,107,100,2,3,W 1
2013,DEN,2013-05-02,10:30p,@,Golden State Warriors,L,,88,92,2,4,L 1
2013,DET,2012-10-31,7:30p,,Houston Rockets,L,,96,105,0,1,L 1
2013,DET,2012-11-02,10:00p,@,Phoenix Suns,L,,89,92,0,2,L 2
2013,DET,2012-11-04,9:30p,@,Los Angeles Lakers,L,,79,108,0,3,L 3
2013,DET,2012-11-06,9:00p,@,Denver Nuggets,L,,97,109,0,4,L 4
2013,DET,2012-11-07,10:00p,@,Sacramento Kings,L,,103,105,0,5,L 5
2013,DET,2012-11-09,8:00p,@,Oklahoma City Thunder,L,,94,105,0,6,L 6
2013,DET,2012-11-10,8:00p,@,Houston Rockets,L,,82,96,0,7,L 7
2013,DET,2012-11-12,7:30p,,Oklahoma City Thunder,L,,90,92,0,8,L 8
2013,DET,2012-11-14,7:00p,@,Philadelphia 76ers,W,,94,76,1,8,W 1
2013,DET,2012-11-16,7:30p,,Orlando Magic,L,,106,110,1,9,L 1
2013,DET,2012-11-18,7:30p,,Boston Celtics,W,,103,83,2,9,W 1
2013,DET,2012-11-21,7:00p,@,Orlando Magic,L,,74,90,2,10,L 1
2013,DET,2012-11-23,7:30p,,Toronto Raptors,W,,91,90,3,10,W 1
2013,DET,2012-11-25,1:00p,@,New York Knicks,L,,100,121,3,11,L 1
2013,DET,2012-11-26,7:30p,,Portland Trail Blazers,W,,108,101,4,11,W 1
2013,DET,2012-11-28,7:30p,,Phoenix Suns,W,,117,77,5,11,W 2
2013,DET,2012-11-30,8:00p,@,Memphis Grizzlies,L,,78,90,5,12,L 1
2013,DET,2012-12-01,9:00p,@,Dallas Mavericks,L,,77,92,5,13,L 2
2013,DET,2012-12-03,7:30p,,Cleveland Cavaliers,W,,89,79,6,13,W 1
2013,DET,2012-12-05,7:30p,,Golden State Warriors,L,,97,104,6,14,L 1
2013,DET,2012-12-07,7:30p,,Chicago Bulls,L,,104,108,6,15,L 2
2013,DET,2012-12-08,7:30p,@,Cleveland Cavaliers,W,,104,97,7,15,W 1
2013,DET,2012-12-10,7:00p,@,Philadelphia 76ers,L,,97,104,7,16,L 1
2013,DET,2012-12-11,7:30p,,Denver Nuggets,L,,94,101,7,17,L 2
2013,DET,2012-12-14,7:30p,@,Brooklyn Nets,L,2OT,105,107,7,18,L 3
2013,DET,2012-12-15,7:30p,,Indiana Pacers,L,,77,88,7,19,L 4
2013,DET,2012-12-17,7:30p,,Los Angeles Clippers,L,,76,88,7,20,L 5
2013,DET,2012-12-19,7:00p,@,Toronto Raptors,L,,91,97,7,21,L 6
2013,DET,2012-12-21,7:30p,,Washington Wizards,W,,100,68,8,21,W 1
2013,DET,2012-12-22,7:00p,@,Washington Wizards,W,,96,87,9,21,W 2
2013,DET,2012-12-26,7:30p,@,Atlanta Hawks,L,2OT,119,126,9,22,L 1
2013,DET,2012-12-28,7:30p,,Miami Heat,W,,109,99,10,22,W 1
2013,DET,2012-12-30,7:30p,,Milwaukee Bucks,W,,96,94,11,22,W 2
2013,DET,2013-01-01,7:30p,,Sacramento Kings,W,,103,97,12,22,W 3
2013,DET,2013-01-04,7:30p,,Atlanta Hawks,W,,85,84,13,22,W 4
2013,DET,2013-01-06,7:30p,,Charlotte Bobcats,L,OT,101,108,13,23,L 1
2013,DET,2013-01-11,8:30p,@,Milwaukee Bucks,W,,103,87,14,23,W 1
2013,DET,2013-01-12,7:30p,,Utah Jazz,L,,87,90,14,24,L 1
2013,DET,2013-01-17,3:00p,,New York Knicks,L,,87,102,14,25,L 2
2013,DET,2013-01-20,7:30p,,Boston Celtics,W,,103,88,15,25,W 1
2013,DET,2013-01-22,7:30p,,Orlando Magic,W,,105,90,16,25,W 2
2013,DET,2013-01-23,8:00p,@,Chicago Bulls,L,,82,85,16,26,L 1
2013,DET,2013-01-25,7:30p,@,Miami Heat,L,,88,110,16,27,L 2
2013,DET,2013-01-27,6:00p,@,Orlando Magic,W,,104,102,17,27,W 1
2013,DET,2013-01-29,7:30p,,Milwaukee Bucks,L,,90,117,17,28,L 1
2013,DET,2013-01-30,7:00p,@,Indiana Pacers,L,,79,98,17,29,L 2
2013,DET,2013-02-01,7:30p,,Cleveland Cavaliers,W,,117,99,18,29,W 1
2013,DET,2013-02-03,1:00p,,Los Angeles Lakers,L,,97,98,18,30,L 1
2013,DET,2013-02-04,7:30p,@,New York Knicks,L,,85,99,18,31,L 2
2013,DET,2013-02-06,7:30p,,Brooklyn Nets,L,,90,93,18,32,L 3
2013,DET,2013-02-08,7:30p,,San Antonio Spurs,W,,119,109,19,32,W 1
2013,DET,2013-02-09,8:30p,@,Milwaukee Bucks,W,,105,100,20,32,W 2
2013,DET,2013-02-11,7:30p,,New Orleans Hornets,L,,86,105,20,33,L 1
2013,DET,2013-02-13,7:30p,,Washington Wizards,W,,96,85,21,33,W 1
2013,DET,2013-02-19,7:30p,,Memphis Grizzlies,L,,91,105,21,34,L 1
2013,DET,2013-02-20,7:00p,@,Charlotte Bobcats,W,,105,99,22,34,W 1
2013,DET,2013-02-22,7:00p,@,Indiana Pacers,L,,82,114,22,35,L 1
2013,DET,2013-02-23,7:30p,,Indiana Pacers,L,,72,90,22,36,L 2
2013,DET,2013-02-25,7:30p,,Atlanta Hawks,L,,103,114,22,37,L 3
2013,DET,2013-02-27,7:00p,@,Washington Wizards,W,,96,95,23,37,W 1
2013,DET,2013-03-01,8:00p,@,New Orleans Hornets,L,,95,100,23,38,L 1
2013,DET,2013-03-03,7:00p,@,San Antonio Spurs,L,,75,114,23,39,L 2
2013,DET,2013-03-06,7:30p,,New York Knicks,L,,77,87,23,40,L 3
2013,DET,2013-03-08,7:30p,,Dallas Mavericks,L,,99,102,23,41,L 4
2013,DET,2013-03-10,9:30p,@,Los Angeles Clippers,L,,97,129,23,42,L 5
2013,DET,2013-03-11,9:00p,@,Utah Jazz,L,,90,103,23,43,L 6
2013,DET,2013-03-13,10:30p,@,Golden State Warriors,L,,97,105,23,44,L 7
2013,DET,2013-03-16,10:00p,@,Portland Trail Blazers,L,,101,112,23,45,L 8
2013,DET,2013-03-18,7:30p,,Brooklyn Nets,L,,82,119,23,46,L 9
2013,DET,2013-03-22,7:30p,@,Miami Heat,L,,89,103,23,47,L 10
2013,DET,2013-03-23,7:00p,@,Charlotte Bobcats,W,,92,91,24,47,W 1
2013,DET,2013-03-26,7:30p,,Minnesota Timberwolves,L,,82,105,24,48,L 1
2013,DET,2013-03-29,7:30p,,Toronto Raptors,L,,82,99,24,49,L 2
2013,DET,2013-03-31,7:00p,@,Chicago Bulls,L,,94,95,24,50,L 3
2013,DET,2013-04-01,7:00p,@,Toronto Raptors,W,,108,98,25,50,W 1
2013,DET,2013-04-03,7:30p,@,Boston Celtics,L,,93,98,25,51,L 1
2013,DET,2013-04-06,8:00p,@,Minnesota Timberwolves,L,,101,107,25,52,L 2
2013,DET,2013-04-07,7:30p,,Chicago Bulls,W,,99,85,26,52,W 1
2013,DET,2013-04-10,7:00p,@,Cleveland Cavaliers,W,,111,104,27,52,W 2
2013,DET,2013-04-12,7:30p,,Charlotte Bobcats,W,,113,93,28,52,W 3
2013,DET,2013-04-15,7:30p,,Philadelphia 76ers,W,,109,101,29,52,W 4
2013,DET,2013-04-17,8:00p,@,Brooklyn Nets,L,,99,103,29,53,L 1
2013,GSW,2012-10-31,10:00p,@,Phoenix Suns,W,,87,85,1,0,W 1
2013,GSW,2012-11-02,10:30p,,Memphis Grizzlies,L,,94,104,1,1,L 1
2013,GSW,2012-11-03,10:30p,@,Los Angeles Clippers,W,,114,110,2,1,W 1
2013,GSW,2012-11-05,10:00p,@,Sacramento Kings,L,,92,94,2,2,L 1
2013,GSW,2012-11-07,10:30p,,Cleveland Cavaliers,W,,106,96,3,2,W 1
2013,GSW,2012-11-09,10:30p,@,Los Angeles Lakers,L,,77,101,3,3,L 1
2013,GSW,2012-11-10,10:30p,,Denver Nuggets,L,2OT,101,107,3,4,L 2
2013,GSW,2012-11-14,10:30p,,Atlanta Hawks,W,,92,88,4,4,W 1
2013,GSW,2012-11-16,8:00p,@,Minnesota Timberwolves,W,,106,98,5,4,W 2
2013,GSW,2012-11-18,7:00p,@,Oklahoma City Thunder,L,,109,119,5,5,L 1
2013,GSW,2012-11-19,8:30p,@,Dallas Mavericks,W,OT,105,101,6,5,W 1
2013,GSW,2012-11-21,10:30p,,Brooklyn Nets,W,,102,93,7,5,W 2
2013,GSW,2012-11-23,9:00p,@,Denver Nuggets,L,,91,102,7,6,L 1
2013,GSW,2012-11-24,10:30p,,Minnesota Timberwolves,W,,96,85,8,6,W 1
2013,GSW,2012-11-29,10:30p,,Denver Nuggets,W,,106,105,9,6,W 2
2013,GSW,2012-12-01,10:30p,,Indiana Pacers,W,,103,92,10,6,W 3
2013,GSW,2012-12-03,10:30p,,Orlando Magic,L,,94,102,10,7,L 1
2013,GSW,2012-12-05,7:30p,@,Detroit Pistons,W,,104,97,11,7,W 1
2013,GSW,2012-12-07,7:30p,@,Brooklyn Nets,W,,109,102,12,7,W 2
2013,GSW,2012-12-08,7:00p,@,Washington Wizards,W,,101,97,13,7,W 3
2013,GSW,2012-12-10,7:00p,@,Charlotte Bobcats,W,,104,96,14,7,W 4
2013,GSW,2012-12-12,7:30p,@,Miami Heat,W,,97,95,15,7,W 5
2013,GSW,2012-12-14,7:00p,@,Orlando Magic,L,,85,99,15,8,L 1
2013,GSW,2012-12-15,7:00p,@,Atlanta Hawks,W,,115,93,16,8,W 1
2013,GSW,2012-12-18,10:30p,,New Orleans Hornets,W,,103,96,17,8,W 2
2013,GSW,2012-12-19,10:00p,@,Sacramento Kings,L,,127,131,17,9,L 1
2013,GSW,2012-12-21,10:30p,,Charlotte Bobcats,W,,115,100,18,9,W 1
2013,GSW,2012-12-22,10:30p,,Los Angeles Lakers,L,OT,115,118,18,10,L 1
2013,GSW,2012-12-26,9:00p,@,Utah Jazz,W,,94,83,19,10,W 1
2013,GSW,2012-12-28,10:30p,,Philadelphia 76ers,W,,96,89,20,10,W 2
2013,GSW,2012-12-29,10:30p,,Boston Celtics,W,,101,83,21,10,W 3
2013,GSW,2013-01-02,10:30p,,Los Angeles Clippers,W,,115,94,22,10,W 4
2013,GSW,2013-01-05,10:30p,@,Los Angeles Clippers,L,,89,115,22,11,L 1
2013,GSW,2013-01-09,10:30p,,Memphis Grizzlies,L,,87,94,22,12,L 2
2013,GSW,2013-01-11,10:30p,,Portland Trail Blazers,W,,103,97,23,12,W 1
2013,GSW,2013-01-13,8:00p,@,Denver Nuggets,L,,105,116,23,13,L 1
2013,GSW,2013-01-16,10:30p,,Miami Heat,L,,75,92,23,14,L 2
2013,GSW,2013-01-18,8:30p,@,San Antonio Spurs,L,,88,95,23,15,L 3
2013,GSW,2013-01-19,8:00p,@,New Orleans Hornets,W,,116,112,24,15,W 1
2013,GSW,2013-01-21,4:00p,,Los Angeles Clippers,W,,106,99,25,15,W 2
2013,GSW,2013-01-23,10:30p,,Oklahoma City Thunder,W,,104,99,26,15,W 3
2013,GSW,2013-01-25,8:00p,@,Chicago Bulls,L,,87,103,26,16,L 1
2013,GSW,2013-01-26,8:30p,@,Milwaukee Bucks,L,,102,109,26,17,L 2
2013,GSW,2013-01-28,7:00p,@,Toronto Raptors,W,,114,102,27,17,W 1
2013,GSW,2013-01-29,7:00p,@,Cleveland Cavaliers,W,,108,95,28,17,W 2
2013,GSW,2013-01-31,10:30p,,Dallas Mavericks,W,,100,97,29,17,W 3
2013,GSW,2013-02-02,10:30p,,Phoenix Suns,W,,113,93,30,17,W 4
2013,GSW,2013-02-05,8:00p,@,Houston Rockets,L,,109,140,30,18,L 1
2013,GSW,2013-02-06,8:00p,@,Oklahoma City Thunder,L,,98,119,30,19,L 2
2013,GSW,2013-02-08,8:00p,@,Memphis Grizzlies,L,,93,99,30,20,L 3
2013,GSW,2013-02-09,8:30p,@,Dallas Mavericks,L,,91,116,30,21,L 4
2013,GSW,2013-02-12,10:30p,,Houston Rockets,L,,107,116,30,22,L 5
2013,GSW,2013-02-19,9:00p,@,Utah Jazz,L,,101,115,30,23,L 6
2013,GSW,2013-02-20,10:30p,,Phoenix Suns,W,,108,98,31,23,W 1
2013,GSW,2013-02-22,10:30p,,San Antonio Spurs,W,OT,107,101,32,23,W 2
2013,GSW,2013-02-24,3:30p,@,Minnesota Timberwolves,W,,100,99,33,23,W 3
2013,GSW,2013-02-26,7:00p,@,Indiana Pacers,L,,97,108,33,24,L 1
2013,GSW,2013-02-27,8:00p,@,New York Knicks,L,,105,109,33,25,L 2
2013,GSW,2013-03-01,7:30p,@,Boston Celtics,L,,86,94,33,26,L 3
2013,GSW,2013-03-02,7:00p,@,Philadelphia 76ers,L,,97,104,33,27,L 4
2013,GSW,2013-03-04,10:30p,,Toronto Raptors,W,,125,118,34,27,W 1
2013,GSW,2013-03-06,10:30p,,Sacramento Kings,W,,87,83,35,27,W 2
2013,GSW,2013-03-08,10:30p,,Houston Rockets,L,,88,94,35,28,L 1
2013,GSW,2013-03-09,10:30p,,Milwaukee Bucks,L,,93,103,35,29,L 2
2013,GSW,2013-03-11,10:30p,,New York Knicks,W,,92,63,36,29,W 1
2013,GSW,2013-03-13,10:30p,,Detroit Pistons,W,,105,97,37,29,W 2
2013,GSW,2013-03-15,10:30p,,Chicago Bulls,L,,95,113,37,30,L 1
2013,GSW,2013-03-17,7:00p,@,Houston Rockets,W,,108,78,38,30,W 1
2013,GSW,2013-03-18,8:00p,@,New Orleans Hornets,W,,93,72,39,30,W 2
2013,GSW,2013-03-20,8:30p,@,San Antonio Spurs,L,,93,104,39,31,L 1
2013,GSW,2013-03-23,10:30p,,Washington Wizards,W,,101,92,40,31,W 1
2013,GSW,2013-03-25,10:30p,,Los Angeles Lakers,W,,109,103,41,31,W 2
2013,GSW,2013-03-27,10:30p,,Sacramento Kings,L,,98,105,41,32,L 1
2013,GSW,2013-03-30,10:30p,,Portland Trail Blazers,W,,125,98,42,32,W 1
2013,GSW,2013-04-03,10:30p,,New Orleans Hornets,W,,98,88,43,32,W 2
2013,GSW,2013-04-05,10:00p,@,Phoenix Suns,W,,111,107,44,32,W 3
2013,GSW,2013-04-07,8:00p,,Utah Jazz,L,,90,97,44,33,L 1
2013,GSW,2013-04-09,10:30p,,Minnesota Timberwolves,W,,105,89,45,33,W 1
2013,GSW,2013-04-11,10:30p,,Oklahoma City Thunder,L,,97,116,45,34,L 1
2013,GSW,2013-04-12,10:30p,@,Los Angeles Lakers,L,,116,118,45,35,L 2
2013,GSW,2013-04-15,10:30p,,San Antonio Spurs,W,,116,106,46,35,W 1
2013,GSW,2013-04-17,10:30p,@,Portland Trail Blazers,W,,99,88,47,35,W 2
2013,GSW,2013-04-20,5:30p,@,Denver Nuggets,L,,95,97,0,1,L 1
2013,GSW,2013-04-23,10:30p,@,Denver Nuggets,W,,131,117,1,1,W 1
2013,GSW,2013-04-26,10:30p,,Denver Nuggets,W,,110,108,2,1,W 2
2013,GSW,2013-04-28,9:30p,,Denver Nuggets,W,,115,101,3,1,W 3
2013,GSW,2013-04-30,8:00p,@,Denver Nuggets,L,,100,107,3,2,L 1
2013,GSW,2013-05-02,10:30p,,Denver Nuggets,W,,92,88,4,2,W 1
2013,GSW,2013-05-06,9:30p,@,San Antonio Spurs,L,2OT,127,129,4,3,L 1
2013,GSW,2013-05-08,9:30p,@,San Antonio Spurs,W,,100,91,5,3,W 1
2013,GSW,2013-05-10,10:30p,,San Antonio Spurs,L,,92,102,5,4,L 1
2013,GSW,2013-05-12,3:30p,,San Antonio Spurs,W,OT,97,87,6,4,W 1
2013,GSW,2013-05-14,9:30p,@,San Antonio Spurs,L,,91,109,6,5,L 1
2013,GSW,2013-05-16,10:30p,,San Antonio Spurs,L,,82,94,6,6,L 2
2013,HOU,2012-10-31,7:30p,@,Detroit Pistons,W,,105,96,1,0,W 1
2013,HOU,2012-11-02,7:30p,@,Atlanta Hawks,W,,109,102,2,0,W 2
2013,HOU,2012-11-03,8:00p,,Portland Trail Blazers,L,OT,85,95,2,1,L 1
2013,HOU,2012-11-07,8:00p,,Denver Nuggets,L,,87,93,2,2,L 2
2013,HOU,2012-11-09,8:00p,@,Memphis Grizzlies,L,,85,93,2,3,L 3
2013,HOU,2012-11-10,8:00p,,Detroit Pistons,W,,96,82,3,3,W 1
2013,HOU,2012-11-12,8:00p,,Miami Heat,L,,110,113,3,4,L 1
2013,HOU,2012-11-14,8:00p,,New Orleans Hornets,W,,100,96,4,4,W 1
2013,HOU,2012-11-16,10:00p,@,Portland Trail Blazers,L,OT,117,119,4,5,L 1
2013,HOU,2012-11-18,9:30p,@,Los Angeles Lakers,L,,108,119,4,6,L 2
2013,HOU,2012-11-19,9:00p,@,Utah Jazz,L,,91,102,4,7,L 3
2013,HOU,2012-11-21,8:00p,,Chicago Bulls,W,,93,89,5,7,W 1
2013,HOU,2012-11-23,8:00p,,New York Knicks,W,,131,103,6,7,W 2
2013,HOU,2012-11-27,8:00p,,Toronto Raptors,W,,117,101,7,7,W 3
2013,HOU,2012-11-28,8:00p,@,Oklahoma City Thunder,L,,98,120,7,8,L 1
2013,HOU,2012-12-01,8:00p,,Utah Jazz,W,,124,116,8,8,W 1
2013,HOU,2012-12-04,8:00p,,Los Angeles Lakers,W,,107,105,9,8,W 2
2013,HOU,2012-12-07,8:30p,@,San Antonio Spurs,L,,92,114,9,9,L 1
2013,HOU,2012-12-08,8:00p,,Dallas Mavericks,L,,109,116,9,10,L 2
2013,HOU,2012-12-10,8:00p,,San Antonio Spurs,L,OT,126,134,9,11,L 3
2013,HOU,2012-12-12,8:00p,,Washington Wizards,W,,99,93,10,11,W 1
2013,HOU,2012-12-14,8:00p,,Boston Celtics,W,,101,89,11,11,W 2
2013,HOU,2012-12-16,1:00p,@,Toronto Raptors,L,,96,103,11,12,L 1
2013,HOU,2012-12-17,7:30p,@,New York Knicks,W,,109,96,12,12,W 1
2013,HOU,2012-12-19,8:00p,,Philadelphia 76ers,W,,125,103,13,12,W 2
2013,HOU,2012-12-22,8:00p,,Memphis Grizzlies,W,,121,96,14,12,W 3
2013,HOU,2012-12-25,8:00p,@,Chicago Bulls,W,,120,97,15,12,W 4
2013,HOU,2012-12-26,8:00p,@,Minnesota Timberwolves,W,,87,84,16,12,W 5
2013,HOU,2012-12-28,8:30p,@,San Antonio Spurs,L,,116,122,16,13,L 1
2013,HOU,2012-12-29,8:00p,,Oklahoma City Thunder,L,,94,124,16,14,L 2
2013,HOU,2012-12-31,7:00p,,Atlanta Hawks,W,,123,104,17,14,W 1
2013,HOU,2013-01-02,8:00p,,New Orleans Hornets,W,,104,92,18,14,W 2
2013,HOU,2013-01-04,8:30p,@,Milwaukee Bucks,W,,115,101,19,14,W 3
2013,HOU,2013-01-05,7:30p,@,Cleveland Cavaliers,W,,112,104,20,14,W 4
2013,HOU,2013-01-08,8:00p,,Los Angeles Lakers,W,,125,112,21,14,W 5
2013,HOU,2013-01-09,8:00p,@,New Orleans Hornets,L,,79,88,21,15,L 1
2013,HOU,2013-01-11,7:30p,@,Boston Celtics,L,,91,103,21,16,L 2
2013,HOU,2013-01-12,7:30p,@,Philadelphia 76ers,L,,100,107,21,17,L 3
2013,HOU,2013-01-15,8:00p,,Los Angeles Clippers,L,,109,117,21,18,L 4
2013,HOU,2013-01-16,8:00p,@,Dallas Mavericks,L,,100,105,21,19,L 5
2013,HOU,2013-01-18,7:00p,@,Indiana Pacers,L,,95,105,21,20,L 6
2013,HOU,2013-01-19,8:00p,@,Minnesota Timberwolves,L,,79,92,21,21,L 7
2013,HOU,2013-01-21,2:00p,@,Charlotte Bobcats,W,,100,94,22,21,W 1
2013,HOU,2013-01-23,8:00p,,Denver Nuggets,L,,95,105,22,22,L 1
2013,HOU,2013-01-25,8:00p,@,New Orleans Hornets,W,,100,82,23,22,W 1
2013,HOU,2013-01-26,8:00p,,Brooklyn Nets,W,,119,106,24,22,W 2
2013,HOU,2013-01-28,9:00p,@,Utah Jazz,W,,125,80,25,22,W 3
2013,HOU,2013-01-30,9:00p,@,Denver Nuggets,L,,110,118,25,23,L 1
2013,HOU,2013-02-02,8:00p,,Charlotte Bobcats,W,,109,95,26,23,W 1
2013,HOU,2013-02-05,8:00p,,Golden State Warriors,W,,140,109,27,23,W 2
2013,HOU,2013-02-06,7:30p,@,Miami Heat,L,,108,114,27,24,L 1
2013,HOU,2013-02-08,8:00p,,Portland Trail Blazers,W,,118,103,28,24,W 1
2013,HOU,2013-02-10,9:00p,@,Sacramento Kings,L,,111,117,28,25,L 1
2013,HOU,2013-02-12,10:30p,@,Golden State Warriors,W,,116,107,29,25,W 1
2013,HOU,2013-02-13,10:30p,@,Los Angeles Clippers,L,,96,106,29,26,L 1
2013,HOU,2013-02-20,8:00p,,Oklahoma City Thunder,W,,122,119,30,26,W 1
2013,HOU,2013-02-22,7:30p,@,Brooklyn Nets,W,,106,96,31,26,W 2
2013,HOU,2013-02-23,7:00p,@,Washington Wizards,L,,103,105,31,27,L 1
2013,HOU,2013-02-27,8:00p,,Milwaukee Bucks,L,,107,110,31,28,L 2
2013,HOU,2013-03-01,7:00p,@,Orlando Magic,W,,118,110,32,28,W 1
2013,HOU,2013-03-03,7:00p,,Dallas Mavericks,W,,136,103,33,28,W 2
2013,HOU,2013-03-06,8:30p,@,Dallas Mavericks,L,,108,112,33,29,L 1
2013,HOU,2013-03-08,10:30p,@,Golden State Warriors,W,,94,88,34,29,W 1
2013,HOU,2013-03-09,9:00p,@,Phoenix Suns,L,,105,107,34,30,L 1
2013,HOU,2013-03-13,8:00p,,Phoenix Suns,W,,111,81,35,30,W 1
2013,HOU,2013-03-15,8:00p,,Minnesota Timberwolves,W,,108,100,36,30,W 2
2013,HOU,2013-03-17,7:00p,,Golden State Warriors,L,,78,108,36,31,L 1
2013,HOU,2013-03-20,8:00p,,Utah Jazz,W,,100,93,37,31,W 1
2013,HOU,2013-03-22,8:00p,,Cleveland Cavaliers,W,,116,78,38,31,W 2
2013,HOU,2013-03-24,7:00p,,San Antonio Spurs,W,,96,95,39,31,W 3
2013,HOU,2013-03-27,8:00p,,Indiana Pacers,L,,91,100,39,32,L 1
2013,HOU,2013-03-29,8:00p,@,Memphis Grizzlies,L,,94,103,39,33,L 2
2013,HOU,2013-03-30,8:00p,,Los Angeles Clippers,W,,98,81,40,33,W 1
2013,HOU,2013-04-01,8:00p,,Orlando Magic,W,,111,103,41,33,W 2
2013,HOU,2013-04-03,10:00p,@,Sacramento Kings,W,,112,102,42,33,W 3
2013,HOU,2013-04-05,10:30p,@,Portland Trail Blazers,W,,116,98,43,33,W 4
2013,HOU,2013-04-06,9:00p,@,Denver Nuggets,L,,114,132,43,34,L 1
2013,HOU,2013-04-09,8:00p,,Phoenix Suns,W,,101,98,44,34,W 1
2013,HOU,2013-04-12,8:00p,,Memphis Grizzlies,L,,78,82,44,35,L 1
2013,HOU,2013-04-14,7:00p,,Sacramento Kings,W,,121,100,45,35,W 1
2013,HOU,2013-04-15,10:00p,@,Phoenix Suns,L,,112,119,45,36,L 1
2013,HOU,2013-04-17,10:30p,@,Los Angeles Lakers,L,OT,95,99,45,37,L 2
2013,HOU,2013-04-21,9:30p,@,Oklahoma City Thunder,L,,91,120,0,1,L 1
2013,HOU,2013-04-24,7:00p,@,Oklahoma City Thunder,L,,102,105,0,2,L 2
2013,HOU,2013-04-27,9:30p,,Oklahoma City Thunder,L,,101,104,0,3,L 3
2013,HOU,2013-04-29,9:30p,,Oklahoma City Thunder,W,,105,103,1,3,W 1
2013,HOU,2013-05-01,9:30p,@,Oklahoma City Thunder,W,,107,100,2,3,W 2
2013,HOU,2013-05-03,9:30p,,Oklahoma City Thunder,L,,94,103,2,4,L 1
2013,IND,2012-10-31,7:00p,@,Toronto Raptors,W,,90,88,1,0,W 1
2013,IND,2012-11-02,7:00p,@,Charlotte Bobcats,L,,89,90,1,1,L 1
2013,IND,2012-11-03,7:00p,,Sacramento Kings,W,2OT,106,98,2,1,W 1
2013,IND,2012-11-05,8:30p,@,San Antonio Spurs,L,,79,101,2,2,L 1
2013,IND,2012-11-07,7:30p,@,Atlanta Hawks,L,,86,89,2,3,L 2
2013,IND,2012-11-09,8:00p,@,Minnesota Timberwolves,L,,94,96,2,4,L 3
2013,IND,2012-11-10,7:00p,,Washington Wizards,W,,89,85,3,4,W 1
2013,IND,2012-11-13,7:00p,,Toronto Raptors,L,,72,74,3,5,L 1
2013,IND,2012-11-14,8:00p,@,Milwaukee Bucks,L,,85,99,3,6,L 2
2013,IND,2012-11-16,7:00p,,Dallas Mavericks,W,,103,83,4,6,W 1
2013,IND,2012-11-18,12:00p,@,New York Knicks,L,,76,88,4,7,L 1
2013,IND,2012-11-19,7:00p,@,Washington Wizards,W,,96,89,5,7,W 1
2013,IND,2012-11-21,7:00p,,New Orleans Hornets,W,OT,115,107,6,7,W 2
2013,IND,2012-11-23,8:00p,,San Antonio Spurs,L,,97,104,6,8,L 1
2013,IND,2012-11-27,10:30p,@,Los Angeles Lakers,W,,79,77,7,8,W 1
2013,IND,2012-11-30,10:00p,@,Sacramento Kings,W,,97,92,8,8,W 2
2013,IND,2012-12-01,10:30p,@,Golden State Warriors,L,,92,103,8,9,L 1
2013,IND,2012-12-04,8:00p,@,Chicago Bulls,W,,80,76,9,9,W 1
2013,IND,2012-12-05,7:00p,,Portland Trail Blazers,W,,99,92,10,9,W 2
2013,IND,2012-12-07,7:00p,,Denver Nuggets,L,,89,92,10,10,L 1
2013,IND,2012-12-09,7:00p,@,Oklahoma City Thunder,L,,93,104,10,11,L 2
2013,IND,2012-12-12,7:00p,,Cleveland Cavaliers,W,,96,81,11,11,W 1
2013,IND,2012-12-14,7:00p,,Philadelphia 76ers,W,,95,85,12,11,W 2
2013,IND,2012-12-15,7:30p,@,Detroit Pistons,W,,88,77,13,11,W 3
2013,IND,2012-12-18,8:00p,@,Milwaukee Bucks,L,,93,98,13,12,L 1
2013,IND,2012-12-19,7:00p,,Utah Jazz,W,,104,84,14,12,W 1
2013,IND,2012-12-21,7:30p,@,Cleveland Cavaliers,W,,99,89,15,12,W 2
2013,IND,2012-12-22,8:00p,@,New Orleans Hornets,W,,81,75,16,12,W 3
2013,IND,2012-12-28,7:00p,,Phoenix Suns,W,,97,91,17,12,W 4
2013,IND,2012-12-29,7:00p,@,Atlanta Hawks,L,,100,109,17,13,L 1
2013,IND,2012-12-31,3:00p,,Memphis Grizzlies,W,,88,83,18,13,W 1
2013,IND,2013-01-02,7:00p,,Washington Wizards,W,,89,81,19,13,W 2
2013,IND,2013-01-04,8:00p,@,Boston Celtics,L,,75,94,19,14,L 1
2013,IND,2013-01-05,7:00p,,Milwaukee Bucks,W,,95,80,20,14,W 1
2013,IND,2013-01-08,7:00p,,Miami Heat,W,,87,77,21,14,W 2
2013,IND,2013-01-10,8:00p,,New York Knicks,W,,81,76,22,14,W 3
2013,IND,2013-01-12,7:00p,,Charlotte Bobcats,W,,96,88,23,14,W 4
2013,IND,2013-01-13,6:00p,@,Brooklyn Nets,L,,86,97,23,15,L 1
2013,IND,2013-01-15,7:00p,@,Charlotte Bobcats,W,,103,76,24,15,W 1
2013,IND,2013-01-16,7:00p,@,Orlando Magic,L,,86,97,24,16,L 1
2013,IND,2013-01-18,7:00p,,Houston Rockets,W,,105,95,25,16,W 1
2013,IND,2013-01-21,1:00p,@,Memphis Grizzlies,W,,82,81,26,16,W 2
2013,IND,2013-01-23,10:00p,@,Portland Trail Blazers,L,,80,100,26,17,L 1
2013,IND,2013-01-26,9:30p,@,Utah Jazz,L,OT,110,114,26,18,L 2
2013,IND,2013-01-28,9:00p,@,Denver Nuggets,L,,101,102,26,19,L 3
2013,IND,2013-01-30,7:00p,,Detroit Pistons,W,,98,79,27,19,W 1
2013,IND,2013-02-01,7:00p,,Miami Heat,W,,102,89,28,19,W 2
2013,IND,2013-02-04,7:00p,,Chicago Bulls,W,,111,101,29,19,W 3
2013,IND,2013-02-05,7:00p,,Atlanta Hawks,W,,114,103,30,19,W 4
2013,IND,2013-02-06,7:00p,@,Philadelphia 76ers,W,,88,69,31,19,W 5
2013,IND,2013-02-08,7:00p,,Toronto Raptors,L,OT,98,100,31,20,L 1
2013,IND,2013-02-11,7:00p,,Brooklyn Nets,L,OT,84,89,31,21,L 2
2013,IND,2013-02-13,7:00p,,Charlotte Bobcats,W,,101,77,32,21,W 1
2013,IND,2013-02-20,7:00p,,New York Knicks,W,,125,91,33,21,W 2
2013,IND,2013-02-22,7:00p,,Detroit Pistons,W,,114,82,34,21,W 3
2013,IND,2013-02-23,7:30p,@,Detroit Pistons,W,,90,72,35,21,W 4
2013,IND,2013-02-26,7:00p,,Golden State Warriors,W,,108,97,36,21,W 5
2013,IND,2013-02-28,7:00p,,Los Angeles Clippers,L,,91,99,36,22,L 1
2013,IND,2013-03-01,7:00p,@,Toronto Raptors,W,,93,81,37,22,W 1
2013,IND,2013-03-03,8:00p,,Chicago Bulls,W,,97,92,38,22,W 2
2013,IND,2013-03-06,7:00p,,Boston Celtics,L,,81,83,38,23,L 1
2013,IND,2013-03-08,7:00p,@,Orlando Magic,W,,115,86,39,23,W 1
2013,IND,2013-03-10,6:00p,@,Miami Heat,L,,91,105,39,24,L 1
2013,IND,2013-03-13,7:00p,,Minnesota Timberwolves,W,,107,91,40,24,W 1
2013,IND,2013-03-15,7:00p,,Los Angeles Lakers,L,,93,99,40,25,L 1
2013,IND,2013-03-16,7:30p,@,Philadelphia 76ers,L,,91,98,40,26,L 2
2013,IND,2013-03-18,7:00p,@,Cleveland Cavaliers,W,,111,90,41,26,W 1
2013,IND,2013-03-19,7:00p,,Orlando Magic,W,,95,73,42,26,W 2
2013,IND,2013-03-22,7:00p,,Milwaukee Bucks,W,,102,78,43,26,W 3
2013,IND,2013-03-23,8:00p,@,Chicago Bulls,L,,84,87,43,27,L 1
2013,IND,2013-03-25,7:00p,,Atlanta Hawks,W,,100,94,44,27,W 1
2013,IND,2013-03-27,8:00p,@,Houston Rockets,W,,100,91,45,27,W 2
2013,IND,2013-03-28,8:30p,@,Dallas Mavericks,W,,103,78,46,27,W 3
2013,IND,2013-03-30,10:00p,@,Phoenix Suns,W,,112,104,47,27,W 4
2013,IND,2013-04-01,10:30p,@,Los Angeles Clippers,W,,109,106,48,27,W 5
2013,IND,2013-04-05,8:00p,,Oklahoma City Thunder,L,,75,97,48,28,L 1
2013,IND,2013-04-06,7:00p,@,Washington Wizards,L,,85,104,48,29,L 2
2013,IND,2013-04-09,7:00p,,Cleveland Cavaliers,W,,99,94,49,29,W 1
2013,IND,2013-04-12,7:00p,,Brooklyn Nets,L,,109,117,49,30,L 1
2013,IND,2013-04-14,3:30p,@,New York Knicks,L,,80,90,49,31,L 2
2013,IND,2013-04-17,8:00p,,Philadelphia 76ers,L,,95,105,49,32,L 3
2013,IND,2013-04-21,1:00p,,Atlanta Hawks,W,,107,90,1,0,W 1
2013,IND,2013-04-24,7:30p,,Atlanta Hawks,W,,113,98,2,0,W 2
2013,IND,2013-04-27,7:00p,@,Atlanta Hawks,L,,69,90,2,1,L 1
2013,IND,2013-04-29,7:30p,@,Atlanta Hawks,L,,91,102,2,2,L 2
2013,IND,2013-05-01,8:00p,,Atlanta Hawks,W,,106,83,3,2,W 1
2013,IND,2013-05-03,7:00p,@,Atlanta Hawks,W,,81,73,4,2,W 2
2013,IND,2013-05-05,3:30p,@,New York Knicks,W,,102,95,5,2,W 3
2013,IND,2013-05-07,7:00p,@,New York Knicks,L,,79,105,5,3,L 1
2013,IND,2013-05-11,8:00p,,New York Knicks,W,,82,71,6,3,W 1
2013,IND,2013-05-14,7:00p,,New York Knicks,W,,93,82,7,3,W 2
2013,IND,2013-05-16,8:00p,@,New York Knicks,L,,75,85,7,4,L 1
2013,IND,2013-05-18,8:00p,,New York Knicks,W,,106,99,8,4,W 1
2013,IND,2013-05-22,8:30p,@,Miami Heat,L,OT,102,103,8,5,L 1
2013,IND,2013-05-24,8:30p,@,Miami Heat,W,,97,93,9,5,W 1
2013,IND,2013-05-26,8:30p,,Miami Heat,L,,96,114,9,6,L 1
2013,IND,2013-05-28,8:30p,,Miami Heat,W,,99,92,10,6,W 1
2013,IND,2013-05-30,8:30p,@,Miami Heat,L,,79,90,10,7,L 1
2013,IND,2013-06-01,8:30p,,Miami Heat,W,,91,77,11,7,W 1
2013,IND,2013-06-03,8:30p,@,Miami Heat,L,,76,99,11,8,L 1
2013,LAC,2012-10-31,10:30p,,Memphis Grizzlies,W,,101,92,1,0,W 1
2013,LAC,2012-11-02,10:30p,@,Los Angeles Lakers,W,,105,95,2,0,W 2
2013,LAC,2012-11-03,10:30p,,Golden State Warriors,L,,110,114,2,1,L 1
2013,LAC,2012-11-05,10:30p,,Cleveland Cavaliers,L,,101,108,2,2,L 2
2013,LAC,2012-11-07,10:30p,,San Antonio Spurs,W,,106,84,3,2,W 1
2013,LAC,2012-11-08,10:30p,@,Portland Trail Blazers,W,,103,90,4,2,W 2
2013,LAC,2012-11-11,3:30p,,Atlanta Hawks,W,,89,76,5,2,W 3
2013,LAC,2012-11-14,10:30p,,Miami Heat,W,,107,100,6,2,W 4
2013,LAC,2012-11-17,9:00p,,Chicago Bulls,W,,101,80,7,2,W 5
2013,LAC,2012-11-19,8:30p,@,San Antonio Spurs,W,,92,87,8,2,W 6
2013,LAC,2012-11-21,7:30p,@,Oklahoma City Thunder,L,OT,111,117,8,3,L 1
2013,LAC,2012-11-23,7:30p,@,Brooklyn Nets,L,,76,86,8,4,L 2
2013,LAC,2012-11-24,7:00p,@,Atlanta Hawks,L,,93,104,8,5,L 3
2013,LAC,2012-11-26,10:30p,,New Orleans Hornets,L,,98,105,8,6,L 4
2013,LAC,2012-11-28,10:30p,,Minnesota Timberwolves,W,,101,95,9,6,W 1
2013,LAC,2012-12-01,10:30p,,Sacramento Kings,W,,116,81,10,6,W 2
2013,LAC,2012-12-03,9:00p,@,Utah Jazz,W,,105,104,11,6,W 3
2013,LAC,2012-12-05,10:30p,,Dallas Mavericks,W,,112,90,12,6,W 4
2013,LAC,2012-12-08,3:30p,,Phoenix Suns,W,,117,99,13,6,W 5
2013,LAC,2012-12-09,3:30p,,Toronto Raptors,W,,102,83,14,6,W 6
2013,LAC,2012-12-11,9:30p,@,Chicago Bulls,W,,94,89,15,6,W 7
2013,LAC,2012-12-12,7:30p,@,Charlotte Bobcats,W,,100,94,16,6,W 8
2013,LAC,2012-12-15,8:30p,@,Milwaukee Bucks,W,,111,85,17,6,W 9
2013,LAC,2012-12-17,7:30p,@,Detroit Pistons,W,,88,76,18,6,W 10
2013,LAC,2012-12-19,10:30p,,New Orleans Hornets,W,,93,77,19,6,W 11
2013,LAC,2012-12-21,10:30p,,Sacramento Kings,W,,97,85,20,6,W 12
2013,LAC,2012-12-23,8:00p,@,Phoenix Suns,W,,103,77,21,6,W 13
2013,LAC,2012-12-25,10:30p,,Denver Nuggets,W,,112,100,22,6,W 14
2013,LAC,2012-12-27,10:30p,,Boston Celtics,W,,106,77,23,6,W 15
2013,LAC,2012-12-28,9:00p,@,Utah Jazz,W,,116,114,24,6,W 16
2013,LAC,2012-12-30,9:30p,,Utah Jazz,W,,107,96,25,6,W 17
2013,LAC,2013-01-01,9:00p,@,Denver Nuggets,L,,78,92,25,7,L 1
2013,LAC,2013-01-02,10:30p,@,Golden State Warriors,L,,94,115,25,8,L 2
2013,LAC,2013-01-04,10:30p,,Los Angeles Lakers,W,,107,102,26,8,W 1
2013,LAC,2013-01-05,10:30p,,Golden State Warriors,W,,115,89,27,8,W 2
2013,LAC,2013-01-09,10:30p,,Dallas Mavericks,W,,99,93,28,8,W 3
2013,LAC,2013-01-12,3:30p,,Orlando Magic,L,,101,104,28,9,L 1
2013,LAC,2013-01-14,8:00p,@,Memphis Grizzlies,W,,99,73,29,9,W 1
2013,LAC,2013-01-15,8:00p,@,Houston Rockets,W,,117,109,30,9,W 2
2013,LAC,2013-01-17,8:00p,@,Minnesota Timberwolves,W,,90,77,31,9,W 3
2013,LAC,2013-01-19,10:30p,,Washington Wizards,W,,94,87,32,9,W 4
2013,LAC,2013-01-21,4:00p,@,Golden State Warriors,L,,99,106,32,10,L 1
2013,LAC,2013-01-22,10:30p,,Oklahoma City Thunder,L,,97,109,32,11,L 2
2013,LAC,2013-01-24,10:30p,@,Phoenix Suns,L,,88,93,32,12,L 3
2013,LAC,2013-01-26,10:00p,@,Portland Trail Blazers,L,,100,101,32,13,L 4
2013,LAC,2013-01-27,9:30p,,Portland Trail Blazers,W,,96,83,33,13,W 1
2013,LAC,2013-01-30,8:00p,@,Minnesota Timberwolves,W,,96,90,34,13,W 2
2013,LAC,2013-02-01,7:00p,@,Toronto Raptors,L,,73,98,34,14,L 1
2013,LAC,2013-02-03,1:00p,@,Boston Celtics,L,,104,106,34,15,L 2
2013,LAC,2013-02-04,7:00p,@,Washington Wizards,L,,90,98,34,16,L 3
2013,LAC,2013-02-06,7:00p,@,Orlando Magic,W,,86,76,35,16,W 1
2013,LAC,2013-02-08,8:00p,@,Miami Heat,L,,89,111,35,17,L 1
2013,LAC,2013-02-10,1:00p,@,New York Knicks,W,,102,88,36,17,W 1
2013,LAC,2013-02-11,7:00p,@,Philadelphia 76ers,W,,107,90,37,17,W 2
2013,LAC,2013-02-13,10:30p,,Houston Rockets,W,,106,96,38,17,W 3
2013,LAC,2013-02-14,10:30p,@,Los Angeles Lakers,W,,125,101,39,17,W 4
2013,LAC,2013-02-21,10:30p,,San Antonio Spurs,L,,90,116,39,18,L 1
2013,LAC,2013-02-23,10:30p,,Utah Jazz,W,,107,94,40,18,W 1
2013,LAC,2013-02-26,10:30p,,Charlotte Bobcats,W,,106,84,41,18,W 2
2013,LAC,2013-02-28,7:00p,@,Indiana Pacers,W,,99,91,42,18,W 3
2013,LAC,2013-03-01,7:30p,@,Cleveland Cavaliers,W,,105,89,43,18,W 4
2013,LAC,2013-03-03,3:30p,,Oklahoma City Thunder,L,,104,108,43,19,L 1
2013,LAC,2013-03-06,10:30p,,Milwaukee Bucks,W,,117,101,44,19,W 1
2013,LAC,2013-03-07,10:30p,@,Denver Nuggets,L,,92,107,44,20,L 1
2013,LAC,2013-03-10,9:30p,,Detroit Pistons,W,,129,97,45,20,W 1
2013,LAC,2013-03-13,10:30p,,Memphis Grizzlies,L,,85,96,45,21,L 1
2013,LAC,2013-03-17,3:30p,,New York Knicks,W,,93,80,46,21,W 1
2013,LAC,2013-03-19,10:00p,@,Sacramento Kings,L,,101,116,46,22,L 1
2013,LAC,2013-03-20,10:30p,,Philadelphia 76ers,W,,101,72,47,22,W 1
2013,LAC,2013-03-23,10:30p,,Brooklyn Nets,W,,101,95,48,22,W 2
2013,LAC,2013-03-26,9:30p,@,Dallas Mavericks,L,OT,102,109,48,23,L 1
2013,LAC,2013-03-27,8:00p,@,New Orleans Hornets,W,,105,91,49,23,W 1
2013,LAC,2013-03-29,8:30p,@,San Antonio Spurs,L,,102,104,49,24,L 1
2013,LAC,2013-03-30,8:00p,@,Houston Rockets,L,,81,98,49,25,L 2
2013,LAC,2013-04-01,10:30p,,Indiana Pacers,L,,106,109,49,26,L 3
2013,LAC,2013-04-03,10:30p,,Phoenix Suns,W,,126,101,50,26,W 1
2013,LAC,2013-04-07,3:30p,,Los Angeles Lakers,W,,109,95,51,26,W 2
2013,LAC,2013-04-10,10:30p,,Minnesota Timberwolves,W,,111,95,52,26,W 3
2013,LAC,2013-04-12,8:00p,@,New Orleans Hornets,W,,96,93,53,26,W 4
2013,LAC,2013-04-13,8:00p,@,Memphis Grizzlies,W,,91,87,54,26,W 5
2013,LAC,2013-04-16,10:30p,,Portland Trail Blazers,W,,93,77,55,26,W 6
2013,LAC,2013-04-17,10:30p,@,Sacramento Kings,W,,112,108,56,26,W 7
2013,LAC,2013-04-20,10:30p,,Memphis Grizzlies,W,,112,91,1,0,W 1
2013,LAC,2013-04-22,10:30p,,Memphis Grizzlies,W,,93,91,2,0,W 2
2013,LAC,2013-04-25,9:30p,@,Memphis Grizzlies,L,,82,94,2,1,L 1
2013,LAC,2013-04-27,4:30p,@,Memphis Grizzlies,L,,83,104,2,2,L 2
2013,LAC,2013-04-30,10:30p,,Memphis Grizzlies,L,,93,103,2,3,L 3
2013,LAC,2013-05-03,9:30p,@,Memphis Grizzlies,L,,105,118,2,4,L 4
2013,LAL,2012-10-30,10:30p,,Dallas Mavericks,L,,91,99,0,1,L 1
2013,LAL,2012-10-31,10:30p,@,Portland Trail Blazers,L,,106,116,0,2,L 2
2013,LAL,2012-11-02,10:30p,,Los Angeles Clippers,L,,95,105,0,3,L 3
2013,LAL,2012-11-04,9:30p,,Detroit Pistons,W,,108,79,1,3,W 1
2013,LAL,2012-11-07,9:00p,@,Utah Jazz,L,,86,95,1,4,L 1
2013,LAL,2012-11-09,10:30p,,Golden State Warriors,W,,101,77,2,4,W 1
2013,LAL,2012-11-11,9:30p,,Sacramento Kings,W,,103,90,3,4,W 2
2013,LAL,2012-11-13,10:30p,,San Antonio Spurs,L,,82,84,3,5,L 1
2013,LAL,2012-11-16,10:30p,,Phoenix Suns,W,,114,102,4,5,W 1
2013,LAL,2012-11-18,9:30p,,Houston Rockets,W,,119,108,5,5,W 2
2013,LAL,2012-11-20,10:30p,,Brooklyn Nets,W,,95,90,6,5,W 3
2013,LAL,2012-11-21,10:00p,@,Sacramento Kings,L,,97,113,6,6,L 1
2013,LAL,2012-11-23,8:00p,@,Memphis Grizzlies,L,,98,106,6,7,L 2
2013,LAL,2012-11-24,8:30p,@,Dallas Mavericks,W,,115,89,7,7,W 1
2013,LAL,2012-11-27,10:30p,,Indiana Pacers,L,,77,79,7,8,L 1
2013,LAL,2012-11-30,10:30p,,Denver Nuggets,W,,122,103,8,8,W 1
2013,LAL,2012-12-02,9:30p,,Orlando Magic,L,,103,113,8,9,L 1
2013,LAL,2012-12-04,8:00p,@,Houston Rockets,L,,105,107,8,10,L 2
2013,LAL,2012-12-05,8:00p,@,New Orleans Hornets,W,,103,87,9,10,W 1
2013,LAL,2012-12-07,9:30p,@,Oklahoma City Thunder,L,,108,114,9,11,L 1
2013,LAL,2012-12-09,9:30p,,Utah Jazz,L,,110,117,9,12,L 2
2013,LAL,2012-12-11,7:00p,@,Cleveland Cavaliers,L,,94,100,9,13,L 3
2013,LAL,2012-12-13,8:00p,@,New York Knicks,L,,107,116,9,14,L 4
2013,LAL,2012-12-14,7:00p,@,Washington Wizards,W,,102,96,10,14,W 1
2013,LAL,2012-12-16,6:00p,@,Philadelphia 76ers,W,,111,98,11,14,W 2
2013,LAL,2012-12-18,10:30p,,Charlotte Bobcats,W,,101,100,12,14,W 3
2013,LAL,2012-12-22,10:30p,@,Golden State Warriors,W,OT,118,115,13,14,W 4
2013,LAL,2012-12-25,3:00p,,New York Knicks,W,,100,94,14,14,W 5
2013,LAL,2012-12-26,9:00p,@,Denver Nuggets,L,,114,126,14,15,L 1
2013,LAL,2012-12-28,10:30p,,Portland Trail Blazers,W,,104,87,15,15,W 1
2013,LAL,2013-01-01,10:30p,,Philadelphia 76ers,L,,99,103,15,16,L 1
2013,LAL,2013-01-04,10:30p,@,Los Angeles Clippers,L,,102,107,15,17,L 2
2013,LAL,2013-01-06,9:30p,,Denver Nuggets,L,,105,112,15,18,L 3
2013,LAL,2013-01-08,8:00p,@,Houston Rockets,L,,112,125,15,19,L 4
2013,LAL,2013-01-09,8:00p,@,San Antonio Spurs,L,,105,108,15,20,L 5
2013,LAL,2013-01-11,10:30p,,Oklahoma City Thunder,L,,101,116,15,21,L 6
2013,LAL,2013-01-13,9:30p,,Cleveland Cavaliers,W,,113,93,16,21,W 1
2013,LAL,2013-01-15,10:30p,,Milwaukee Bucks,W,,104,88,17,21,W 2
2013,LAL,2013-01-17,10:30p,,Miami Heat,L,,90,99,17,22,L 1
2013,LAL,2013-01-20,1:00p,@,Toronto Raptors,L,,103,108,17,23,L 2
2013,LAL,2013-01-21,9:30p,@,Chicago Bulls,L,,83,95,17,24,L 3
2013,LAL,2013-01-23,8:00p,@,Memphis Grizzlies,L,,93,106,17,25,L 4
2013,LAL,2013-01-25,10:30p,,Utah Jazz,W,,102,84,18,25,W 1
2013,LAL,2013-01-27,3:30p,,Oklahoma City Thunder,W,,105,96,19,25,W 2
2013,LAL,2013-01-29,10:30p,,New Orleans Hornets,W,,111,106,20,25,W 3
2013,LAL,2013-01-30,10:30p,@,Phoenix Suns,L,,86,92,20,26,L 1
2013,LAL,2013-02-01,9:30p,@,Minnesota Timberwolves,W,,111,100,21,26,W 1
2013,LAL,2013-02-03,1:00p,@,Detroit Pistons,W,,98,97,22,26,W 2
2013,LAL,2013-02-05,7:30p,@,Brooklyn Nets,W,,92,83,23,26,W 3
2013,LAL,2013-02-07,8:00p,@,Boston Celtics,L,,95,116,23,27,L 1
2013,LAL,2013-02-08,7:00p,@,Charlotte Bobcats,W,,100,93,24,27,W 1
2013,LAL,2013-02-10,3:30p,@,Miami Heat,L,,97,107,24,28,L 1
2013,LAL,2013-02-12,10:30p,,Phoenix Suns,W,,91,85,25,28,W 1
2013,LAL,2013-02-14,10:30p,,Los Angeles Clippers,L,,101,125,25,29,L 1
2013,LAL,2013-02-20,10:30p,,Boston Celtics,W,,113,99,26,29,W 1
2013,LAL,2013-02-22,10:30p,,Portland Trail Blazers,W,,111,107,27,29,W 2
2013,LAL,2013-02-24,1:00p,@,Dallas Mavericks,W,,103,99,28,29,W 3
2013,LAL,2013-02-25,9:00p,@,Denver Nuggets,L,,108,119,28,30,L 1
2013,LAL,2013-02-28,10:30p,,Minnesota Timberwolves,W,,116,94,29,30,W 1
2013,LAL,2013-03-03,9:30p,,Atlanta Hawks,W,,99,98,30,30,W 2
2013,LAL,2013-03-05,9:30p,@,Oklahoma City Thunder,L,,105,122,30,31,L 1
2013,LAL,2013-03-06,8:00p,@,New Orleans Hornets,W,,108,102,31,31,W 1
2013,LAL,2013-03-08,10:30p,,Toronto Raptors,W,OT,118,116,32,31,W 2
2013,LAL,2013-03-10,3:30p,,Chicago Bulls,W,,90,81,33,31,W 3
2013,LAL,2013-03-12,7:00p,@,Orlando Magic,W,,106,97,34,31,W 4
2013,LAL,2013-03-13,7:30p,@,Atlanta Hawks,L,,92,96,34,32,L 1
2013,LAL,2013-03-15,7:00p,@,Indiana Pacers,W,,99,93,35,32,W 1
2013,LAL,2013-03-17,9:30p,,Sacramento Kings,W,,113,102,36,32,W 2
2013,LAL,2013-03-18,10:00p,@,Phoenix Suns,L,,76,99,36,33,L 1
2013,LAL,2013-03-22,10:30p,,Washington Wizards,L,,100,103,36,34,L 2
2013,LAL,2013-03-25,10:30p,@,Golden State Warriors,L,,103,109,36,35,L 3
2013,LAL,2013-03-27,8:00p,@,Minnesota Timberwolves,W,,120,117,37,35,W 1
2013,LAL,2013-03-28,8:00p,@,Milwaukee Bucks,L,,103,113,37,36,L 1
2013,LAL,2013-03-30,10:00p,@,Sacramento Kings,W,,103,98,38,36,W 1
2013,LAL,2013-04-02,10:30p,,Dallas Mavericks,W,,101,81,39,36,W 2
2013,LAL,2013-04-05,10:30p,,Memphis Grizzlies,W,,86,84,40,36,W 3
2013,LAL,2013-04-07,3:30p,@,Los Angeles Clippers,L,,95,109,40,37,L 1
2013,LAL,2013-04-09,10:30p,,New Orleans Hornets,W,,104,96,41,37,W 1
2013,LAL,2013-04-10,10:00p,@,Portland Trail Blazers,W,,113,106,42,37,W 2
2013,LAL,2013-04-12,10:30p,,Golden State Warriors,W,,118,116,43,37,W 3
2013,LAL,2013-04-14,9:30p,,San Antonio Spurs,W,,91,86,44,37,W 4
2013,LAL,2013-04-17,10:30p,,Houston Rockets,W,OT,99,95,45,37,W 5
2013,LAL,2013-04-21,3:30p,@,San Antonio Spurs,L,,79,91,0,1,L 1
2013,LAL,2013-04-24,9:30p,@,San Antonio Spurs,L,,91,102,0,2,L 2
2013,LAL,2013-04-26,10:30p,,San Antonio Spurs,L,,89,120,0,3,L 3
2013,LAL,2013-04-28,7:00p,,San Antonio Spurs,L,,82,103,0,4,L 4
2013,MEM,2012-10-31,10:30p,@,Los Angeles Clippers,L,,92,101,0,1,L 1
2013,MEM,2012-11-02,10:30p,@,Golden State Warriors,W,,104,94,1,1,W 1
2013,MEM,2012-11-05,8:00p,,Utah Jazz,W,,103,94,2,1,W 2
2013,MEM,2012-11-07,8:00p,@,Milwaukee Bucks,W,,108,90,3,1,W 3
2013,MEM,2012-11-09,8:00p,,Houston Rockets,W,,93,85,4,1,W 4
2013,MEM,2012-11-11,6:00p,,Miami Heat,W,,104,86,5,1,W 5
2013,MEM,2012-11-14,8:00p,@,Oklahoma City Thunder,W,,107,97,6,1,W 6
2013,MEM,2012-11-16,9:30p,,New York Knicks,W,,105,95,7,1,W 7
2013,MEM,2012-11-17,7:30p,@,Charlotte Bobcats,W,,94,87,8,1,W 8
2013,MEM,2012-11-19,8:00p,,Denver Nuggets,L,,92,97,8,2,L 1
2013,MEM,2012-11-23,8:00p,,Los Angeles Lakers,W,,106,98,9,2,W 1
2013,MEM,2012-11-26,8:00p,,Cleveland Cavaliers,W,,84,78,10,2,W 2
2013,MEM,2012-11-28,8:00p,,Toronto Raptors,W,,103,82,11,2,W 3
2013,MEM,2012-11-30,8:00p,,Detroit Pistons,W,,90,78,12,2,W 4
2013,MEM,2012-12-01,8:30p,@,San Antonio Spurs,L,OT,95,99,12,3,L 1
2013,MEM,2012-12-04,8:00p,,Phoenix Suns,W,OT,108,98,13,3,W 1
2013,MEM,2012-12-07,8:00p,@,New Orleans Hornets,W,,96,89,14,3,W 2
2013,MEM,2012-12-08,8:00p,,Atlanta Hawks,L,,83,93,14,4,L 1
2013,MEM,2012-12-12,9:00p,@,Phoenix Suns,L,,80,82,14,5,L 2
2013,MEM,2012-12-14,10:30p,@,Denver Nuggets,L,,94,99,14,6,L 3
2013,MEM,2012-12-15,9:00p,@,Utah Jazz,W,,99,86,15,6,W 1
2013,MEM,2012-12-17,8:00p,,Chicago Bulls,W,,80,71,16,6,W 2
2013,MEM,2012-12-19,9:30p,,Milwaukee Bucks,W,,90,80,17,6,W 3
2013,MEM,2012-12-21,8:00p,,Dallas Mavericks,W,,92,82,18,6,W 4
2013,MEM,2012-12-22,8:00p,@,Houston Rockets,L,,96,121,18,7,L 1
2013,MEM,2012-12-26,8:00p,,Philadelphia 76ers,L,,89,99,18,8,L 2
2013,MEM,2012-12-29,8:00p,,Denver Nuggets,W,,81,72,19,8,W 1
2013,MEM,2012-12-31,3:00p,@,Indiana Pacers,L,,83,88,19,9,L 1
2013,MEM,2013-01-02,7:30p,@,Boston Celtics,W,,93,83,20,9,W 1
2013,MEM,2013-01-04,8:00p,,Portland Trail Blazers,L,,84,86,20,10,L 1
2013,MEM,2013-01-06,8:00p,@,Phoenix Suns,W,,92,81,21,10,W 1
2013,MEM,2013-01-07,10:00p,@,Sacramento Kings,W,,113,81,22,10,W 2
2013,MEM,2013-01-09,10:30p,@,Golden State Warriors,W,,94,87,23,10,W 3
2013,MEM,2013-01-11,8:00p,,San Antonio Spurs,W,OT,101,98,24,10,W 4
2013,MEM,2013-01-12,9:00p,@,Dallas Mavericks,L,,83,104,24,11,L 1
2013,MEM,2013-01-14,8:00p,,Los Angeles Clippers,L,,73,99,24,12,L 2
2013,MEM,2013-01-16,8:30p,@,San Antonio Spurs,L,,82,103,24,13,L 3
2013,MEM,2013-01-18,8:00p,,Sacramento Kings,W,,85,69,25,13,W 1
2013,MEM,2013-01-19,8:00p,@,Chicago Bulls,W,OT,85,82,26,13,W 2
2013,MEM,2013-01-21,1:00p,,Indiana Pacers,L,,81,82,26,14,L 1
2013,MEM,2013-01-23,8:00p,,Los Angeles Lakers,W,,106,93,27,14,W 1
2013,MEM,2013-01-25,8:00p,,Brooklyn Nets,W,,101,77,28,14,W 2
2013,MEM,2013-01-27,6:00p,,New Orleans Hornets,L,,83,91,28,15,L 1
2013,MEM,2013-01-28,7:00p,@,Philadelphia 76ers,W,,103,100,29,15,W 1
2013,MEM,2013-01-31,8:00p,@,Oklahoma City Thunder,L,,89,106,29,16,L 1
2013,MEM,2013-02-01,8:00p,,Washington Wizards,W,,85,76,30,16,W 1
2013,MEM,2013-02-05,8:00p,,Phoenix Suns,L,,90,96,30,17,L 1
2013,MEM,2013-02-06,7:30p,@,Atlanta Hawks,L,,92,103,30,18,L 2
2013,MEM,2013-02-08,8:00p,,Golden State Warriors,W,,99,93,31,18,W 1
2013,MEM,2013-02-10,6:00p,,Minnesota Timberwolves,W,,105,88,32,18,W 2
2013,MEM,2013-02-12,8:00p,,Sacramento Kings,W,,108,101,33,18,W 3
2013,MEM,2013-02-19,7:30p,@,Detroit Pistons,W,,105,91,34,18,W 4
2013,MEM,2013-02-20,7:00p,@,Toronto Raptors,W,,88,82,35,18,W 5
2013,MEM,2013-02-22,8:00p,,Orlando Magic,W,,88,82,36,18,W 6
2013,MEM,2013-02-24,7:00p,@,Brooklyn Nets,W,,76,72,37,18,W 7
2013,MEM,2013-02-27,8:00p,,Dallas Mavericks,W,,90,84,38,18,W 8
2013,MEM,2013-03-01,8:00p,@,Miami Heat,L,,91,98,38,19,L 1
2013,MEM,2013-03-03,6:00p,@,Orlando Magic,W,,108,82,39,19,W 1
2013,MEM,2013-03-06,8:00p,,Portland Trail Blazers,W,,91,85,40,19,W 2
2013,MEM,2013-03-08,7:30p,@,Cleveland Cavaliers,W,,103,92,41,19,W 3
2013,MEM,2013-03-09,8:00p,,New Orleans Hornets,W,,96,85,42,19,W 4
2013,MEM,2013-03-12,10:00p,@,Portland Trail Blazers,W,,102,97,43,19,W 5
2013,MEM,2013-03-13,10:30p,@,Los Angeles Clippers,W,,96,85,44,19,W 6
2013,MEM,2013-03-15,9:00p,@,Denver Nuggets,L,,80,87,44,20,L 1
2013,MEM,2013-03-16,10:00p,@,Utah Jazz,L,,84,90,44,21,L 2
2013,MEM,2013-03-18,8:00p,,Minnesota Timberwolves,W,,92,77,45,21,W 1
2013,MEM,2013-03-20,8:00p,,Oklahoma City Thunder,W,OT,90,89,46,21,W 2
2013,MEM,2013-03-22,8:00p,@,New Orleans Hornets,L,,83,90,46,22,L 1
2013,MEM,2013-03-23,8:00p,,Boston Celtics,W,,110,106,47,22,W 1
2013,MEM,2013-03-25,7:00p,@,Washington Wizards,L,,94,107,47,23,L 1
2013,MEM,2013-03-27,7:30p,@,New York Knicks,L,,101,108,47,24,L 2
2013,MEM,2013-03-29,8:00p,,Houston Rockets,W,,103,94,48,24,W 1
2013,MEM,2013-03-30,8:00p,@,Minnesota Timberwolves,W,,99,86,49,24,W 2
2013,MEM,2013-04-01,8:00p,,San Antonio Spurs,W,,92,90,50,24,W 3
2013,MEM,2013-04-03,10:00p,@,Portland Trail Blazers,W,,94,76,51,24,W 4
2013,MEM,2013-04-05,10:30p,@,Los Angeles Lakers,L,,84,86,51,25,L 1
2013,MEM,2013-04-07,6:00p,@,Sacramento Kings,W,,89,87,52,25,W 1
2013,MEM,2013-04-09,8:00p,,Charlotte Bobcats,W,,94,75,53,25,W 2
2013,MEM,2013-04-12,8:00p,@,Houston Rockets,W,,82,78,54,25,W 3
2013,MEM,2013-04-13,8:00p,,Los Angeles Clippers,L,,87,91,54,26,L 1
2013,MEM,2013-04-15,8:00p,@,Dallas Mavericks,W,,103,97,55,26,W 1
2013,MEM,2013-04-17,8:00p,,Utah Jazz,W,,86,70,56,26,W 2
2013,MEM,2013-04-20,10:30p,@,Los Angeles Clippers,L,,91,112,0,1,L 1
2013,MEM,2013-04-22,10:30p,@,Los Angeles Clippers,L,,91,93,0,2,L 2
2013,MEM,2013-04-25,9:30p,,Los Angeles Clippers,W,,94,82,1,2,W 1
2013,MEM,2013-04-27,4:30p,,Los Angeles Clippers,W,,104,83,2,2,W 2
2013,MEM,2013-04-30,10:30p,@,Los Angeles Clippers,W,,103,93,3,2,W 3
2013,MEM,2013-05-03,9:30p,,Los Angeles Clippers,W,,118,105,4,2,W 4
2013,MEM,2013-05-05,1:00p,@,Oklahoma City Thunder,L,,91,93,4,3,L 1
2013,MEM,2013-05-07,9:30p,@,Oklahoma City Thunder,W,,99,93,5,3,W 1
2013,MEM,2013-05-11,5:00p,,Oklahoma City Thunder,W,,87,81,6,3,W 2
2013,MEM,2013-05-13,9:30p,,Oklahoma City Thunder,W,OT,103,97,7,3,W 3
2013,MEM,2013-05-15,9:30p,@,Oklahoma City Thunder,W,,88,84,8,3,W 4
2013,MEM,2013-05-19,3:30p,@,San Antonio Spurs,L,,83,105,8,4,L 1
2013,MEM,2013-05-21,9:00p,@,San Antonio Spurs,L,OT,89,93,8,5,L 2
2013,MEM,2013-05-25,9:00p,,San Antonio Spurs,L,OT,93,104,8,6,L 3
2013,MEM,2013-05-27,9:00p,,San Antonio Spurs,L,,86,93,8,7,L 4
2013,MIA,2012-10-30,8:00p,,Boston Celtics,W,,120,107,1,0,W 1
2013,MIA,2012-11-02,8:00p,@,New York Knicks,L,,84,104,1,1,L 1
2013,MIA,2012-11-03,7:30p,,Denver Nuggets,W,,119,116,2,1,W 1
2013,MIA,2012-11-05,7:30p,,Phoenix Suns,W,,124,99,3,1,W 2
2013,MIA,2012-11-07,7:30p,,Brooklyn Nets,W,,103,73,4,1,W 3
2013,MIA,2012-11-09,7:30p,@,Atlanta Hawks,W,,95,89,5,1,W 4
2013,MIA,2012-11-11,6:00p,@,Memphis Grizzlies,L,,86,104,5,2,L 1
2013,MIA,2012-11-12,8:00p,@,Houston Rockets,W,,113,110,6,2,W 1
2013,MIA,2012-11-14,10:30p,@,Los Angeles Clippers,L,,100,107,6,3,L 1
2013,MIA,2012-11-15,10:30p,@,Denver Nuggets,W,,98,93,7,3,W 1
2013,MIA,2012-11-17,9:00p,@,Phoenix Suns,W,,97,88,8,3,W 2
2013,MIA,2012-11-21,7:30p,,Milwaukee Bucks,W,OT,113,106,9,3,W 3
2013,MIA,2012-11-24,7:30p,,Cleveland Cavaliers,W,,110,108,10,3,W 4
2013,MIA,2012-11-29,8:00p,,San Antonio Spurs,W,,105,100,11,3,W 5
2013,MIA,2012-12-01,7:30p,,Brooklyn Nets,W,,102,89,12,3,W 6
2013,MIA,2012-12-04,7:00p,@,Washington Wizards,L,,101,105,12,4,L 1
2013,MIA,2012-12-06,8:00p,,New York Knicks,L,,92,112,12,5,L 2
2013,MIA,2012-12-08,7:30p,,New Orleans Hornets,W,,106,90,13,5,W 1
2013,MIA,2012-12-10,7:30p,,Atlanta Hawks,W,,101,92,14,5,W 2
2013,MIA,2012-12-12,7:30p,,Golden State Warriors,L,,95,97,14,6,L 1
2013,MIA,2012-12-15,7:30p,,Washington Wizards,W,,102,72,15,6,W 1
2013,MIA,2012-12-18,7:30p,,Minnesota Timberwolves,W,,103,92,16,6,W 2
2013,MIA,2012-12-20,9:30p,@,Dallas Mavericks,W,,110,95,17,6,W 3
2013,MIA,2012-12-22,7:30p,,Utah Jazz,W,,105,89,18,6,W 4
2013,MIA,2012-12-25,5:30p,,Oklahoma City Thunder,W,,103,97,19,6,W 5
2013,MIA,2012-12-26,7:00p,@,Charlotte Bobcats,W,,105,92,20,6,W 6
2013,MIA,2012-12-28,7:30p,@,Detroit Pistons,L,,99,109,20,7,L 1
2013,MIA,2012-12-29,8:30p,@,Milwaukee Bucks,L,,85,104,20,8,L 2
2013,MIA,2012-12-31,5:00p,@,Orlando Magic,W,OT,112,110,21,8,W 1
2013,MIA,2013-01-02,7:30p,,Dallas Mavericks,W,OT,119,109,22,8,W 2
2013,MIA,2013-01-04,8:00p,,Chicago Bulls,L,,89,96,22,9,L 1
2013,MIA,2013-01-06,6:00p,,Washington Wizards,W,,99,71,23,9,W 1
2013,MIA,2013-01-08,7:00p,@,Indiana Pacers,L,,77,87,23,10,L 1
2013,MIA,2013-01-10,10:30p,@,Portland Trail Blazers,L,,90,92,23,11,L 2
2013,MIA,2013-01-12,10:00p,@,Sacramento Kings,W,,128,99,24,11,W 1
2013,MIA,2013-01-14,9:00p,@,Utah Jazz,L,,97,104,24,12,L 1
2013,MIA,2013-01-16,10:30p,@,Golden State Warriors,W,,92,75,25,12,W 1
2013,MIA,2013-01-17,10:30p,@,Los Angeles Lakers,W,,99,90,26,12,W 2
2013,MIA,2013-01-23,7:30p,,Toronto Raptors,W,OT,123,116,27,12,W 3
2013,MIA,2013-01-25,7:30p,,Detroit Pistons,W,,110,88,28,12,W 4
2013,MIA,2013-01-27,1:00p,@,Boston Celtics,L,2OT,98,100,28,13,L 1
2013,MIA,2013-01-30,8:00p,@,Brooklyn Nets,W,,105,85,29,13,W 1
2013,MIA,2013-02-01,7:00p,@,Indiana Pacers,L,,89,102,29,14,L 1
2013,MIA,2013-02-03,2:00p,@,Toronto Raptors,W,,100,85,30,14,W 1
2013,MIA,2013-02-04,7:30p,,Charlotte Bobcats,W,,99,94,31,14,W 2
2013,MIA,2013-02-06,7:30p,,Houston Rockets,W,,114,108,32,14,W 3
2013,MIA,2013-02-08,8:00p,,Los Angeles Clippers,W,,111,89,33,14,W 4
2013,MIA,2013-02-10,3:30p,,Los Angeles Lakers,W,,107,97,34,14,W 5
2013,MIA,2013-02-12,7:30p,,Portland Trail Blazers,W,,117,104,35,14,W 6
2013,MIA,2013-02-14,8:00p,@,Oklahoma City Thunder,W,,110,100,36,14,W 7
2013,MIA,2013-02-20,8:00p,@,Atlanta Hawks,W,,103,90,37,14,W 8
2013,MIA,2013-02-21,8:00p,@,Chicago Bulls,W,,86,67,38,14,W 9
2013,MIA,2013-02-23,7:30p,@,Philadelphia 76ers,W,,114,90,39,14,W 10
2013,MIA,2013-02-24,6:00p,,Cleveland Cavaliers,W,,109,105,40,14,W 11
2013,MIA,2013-02-26,7:30p,,Sacramento Kings,W,2OT,141,129,41,14,W 12
2013,MIA,2013-03-01,8:00p,,Memphis Grizzlies,W,,98,91,42,14,W 13
2013,MIA,2013-03-03,1:00p,@,New York Knicks,W,,99,93,43,14,W 14
2013,MIA,2013-03-04,8:00p,@,Minnesota Timberwolves,W,,97,81,44,14,W 15
2013,MIA,2013-03-06,7:30p,,Orlando Magic,W,,97,96,45,14,W 16
2013,MIA,2013-03-08,8:00p,,Philadelphia 76ers,W,,102,93,46,14,W 17
2013,MIA,2013-03-10,6:00p,,Indiana Pacers,W,,105,91,47,14,W 18
2013,MIA,2013-03-12,7:30p,,Atlanta Hawks,W,,98,81,48,14,W 19
2013,MIA,2013-03-13,7:00p,@,Philadelphia 76ers,W,,98,94,49,14,W 20
2013,MIA,2013-03-15,8:30p,@,Milwaukee Bucks,W,,107,94,50,14,W 21
2013,MIA,2013-03-17,1:00p,@,Toronto Raptors,W,,108,91,51,14,W 22
2013,MIA,2013-03-18,8:00p,@,Boston Celtics,W,,105,103,52,14,W 23
2013,MIA,2013-03-20,7:00p,@,Cleveland Cavaliers,W,,98,95,53,14,W 24
2013,MIA,2013-03-22,7:30p,,Detroit Pistons,W,,103,89,54,14,W 25
2013,MIA,2013-03-24,6:00p,,Charlotte Bobcats,W,,109,77,55,14,W 26
2013,MIA,2013-03-25,7:00p,@,Orlando Magic,W,,108,94,56,14,W 27
2013,MIA,2013-03-27,8:00p,@,Chicago Bulls,L,,97,101,56,15,L 1
2013,MIA,2013-03-29,8:00p,@,New Orleans Hornets,W,,108,89,57,15,W 1
2013,MIA,2013-03-31,7:00p,@,San Antonio Spurs,W,,88,86,58,15,W 2
2013,MIA,2013-04-02,8:00p,,New York Knicks,L,,90,102,58,16,L 1
2013,MIA,2013-04-05,8:00p,@,Charlotte Bobcats,W,,89,79,59,16,W 1
2013,MIA,2013-04-06,7:30p,,Philadelphia 76ers,W,,106,87,60,16,W 2
2013,MIA,2013-04-09,7:30p,,Milwaukee Bucks,W,,94,83,61,16,W 3
2013,MIA,2013-04-10,7:00p,@,Washington Wizards,W,,103,98,62,16,W 4
2013,MIA,2013-04-12,7:30p,,Boston Celtics,W,,109,101,63,16,W 5
2013,MIA,2013-04-14,1:00p,,Chicago Bulls,W,,105,93,64,16,W 6
2013,MIA,2013-04-15,7:00p,@,Cleveland Cavaliers,W,,96,95,65,16,W 7
2013,MIA,2013-04-17,8:00p,,Orlando Magic,W,,105,93,66,16,W 8
2013,MIA,2013-04-21,7:00p,,Milwaukee Bucks,W,,110,87,1,0,W 1
2013,MIA,2013-04-23,7:30p,,Milwaukee Bucks,W,,98,86,2,0,W 2
2013,MIA,2013-04-25,7:00p,@,Milwaukee Bucks,W,,104,91,3,0,W 3
2013,MIA,2013-04-28,3:30p,@,Milwaukee Bucks,W,,88,77,4,0,W 4
2013,MIA,2013-05-06,7:00p,,Chicago Bulls,L,,86,93,4,1,L 1
2013,MIA,2013-05-08,7:00p,,Chicago Bulls,W,,115,78,5,1,W 1
2013,MIA,2013-05-10,8:00p,@,Chicago Bulls,W,,104,94,6,1,W 2
2013,MIA,2013-05-13,7:00p,@,Chicago Bulls,W,,88,65,7,1,W 3
2013,MIA,2013-05-15,7:00p,,Chicago Bulls,W,,94,91,8,1,W 4
2013,MIA,2013-05-22,8:30p,,Indiana Pacers,W,OT,103,102,9,1,W 5
2013,MIA,2013-05-24,8:30p,,Indiana Pacers,L,,93,97,9,2,L 1
2013,MIA,2013-05-26,8:30p,@,Indiana Pacers,W,,114,96,10,2,W 1
2013,MIA,2013-05-28,8:30p,@,Indiana Pacers,L,,92,99,10,3,L 1
2013,MIA,2013-05-30,8:30p,,Indiana Pacers,W,,90,79,11,3,W 1
2013,MIA,2013-06-01,8:30p,@,Indiana Pacers,L,,77,91,11,4,L 1
2013,MIA,2013-06-03,8:30p,,Indiana Pacers,W,,99,76,12,4,W 1
2013,MIA,2013-06-06,9:00p,,San Antonio Spurs,L,,88,92,12,5,L 1
2013,MIA,2013-06-09,8:00p,,San Antonio Spurs,W,,103,84,13,5,W 1
2013,MIA,2013-06-11,9:00p,@,San Antonio Spurs,L,,77,113,13,6,L 1
2013,MIA,2013-06-13,9:00p,@,San Antonio Spurs,W,,109,93,14,6,W 1
2013,MIA,2013-06-16,8:00p,@,San Antonio Spurs,L,,104,114,14,7,L 1
2013,MIA,2013-06-18,9:00p,,San Antonio Spurs,W,OT,103,100,15,7,W 1
2013,MIA,2013-06-20,9:00p,,San Antonio Spurs,W,,95,88,16,7,W 2
2013,MIL,2012-11-02,7:30p,@,Boston Celtics,W,,99,88,1,0,W 1
2013,MIL,2012-11-03,8:30p,,Cleveland Cavaliers,W,,105,102,2,0,W 2
2013,MIL,2012-11-07,8:00p,,Memphis Grizzlies,L,,90,108,2,1,L 1
2013,MIL,2012-11-09,7:00p,@,Washington Wizards,W,,101,91,3,1,W 1
2013,MIL,2012-11-10,8:30p,,Boston Celtics,L,,92,96,3,2,L 1
2013,MIL,2012-11-12,7:00p,@,Philadelphia 76ers,W,,105,96,4,2,W 1
2013,MIL,2012-11-14,8:00p,,Indiana Pacers,W,,99,85,5,2,W 2
2013,MIL,2012-11-17,8:30p,,New Orleans Hornets,W,,117,113,6,2,W 3
2013,MIL,2012-11-19,7:00p,@,Charlotte Bobcats,L,,98,102,6,3,L 1
2013,MIL,2012-11-21,7:30p,@,Miami Heat,L,OT,106,113,6,4,L 2
2013,MIL,2012-11-24,9:00p,,Chicago Bulls,L,,86,93,6,5,L 3
2013,MIL,2012-11-26,8:00p,@,Chicago Bulls,W,,93,92,7,5,W 1
2013,MIL,2012-11-28,8:00p,,New York Knicks,L,,88,102,7,6,L 1
2013,MIL,2012-11-30,8:00p,@,Minnesota Timberwolves,L,,85,95,7,7,L 2
2013,MIL,2012-12-01,8:30p,,Boston Celtics,W,,91,88,8,7,W 1
2013,MIL,2012-12-03,8:00p,@,New Orleans Hornets,L,,81,102,8,8,L 1
2013,MIL,2012-12-05,8:30p,@,San Antonio Spurs,L,,99,110,8,9,L 2
2013,MIL,2012-12-07,8:30p,,Charlotte Bobcats,W,,108,93,9,9,W 1
2013,MIL,2012-12-09,6:00p,@,Brooklyn Nets,W,,97,88,10,9,W 2
2013,MIL,2012-12-12,8:00p,,Sacramento Kings,W,,98,85,11,9,W 3
2013,MIL,2012-12-14,7:30p,@,Cleveland Cavaliers,W,,90,86,12,9,W 4
2013,MIL,2012-12-15,8:30p,,Los Angeles Clippers,L,,85,111,12,10,L 1
2013,MIL,2012-12-18,8:00p,,Indiana Pacers,W,,98,93,13,10,W 1
2013,MIL,2012-12-19,9:30p,@,Memphis Grizzlies,L,,80,90,13,11,L 1
2013,MIL,2012-12-21,7:30p,@,Boston Celtics,W,OT,99,94,14,11,W 1
2013,MIL,2012-12-22,8:30p,,Cleveland Cavaliers,L,,82,94,14,12,L 1
2013,MIL,2012-12-26,8:00p,,Brooklyn Nets,W,,108,93,15,12,W 1
2013,MIL,2012-12-29,8:30p,,Miami Heat,W,,104,85,16,12,W 2
2013,MIL,2012-12-30,7:30p,@,Detroit Pistons,L,,94,96,16,13,L 1
2013,MIL,2013-01-02,8:00p,,San Antonio Spurs,L,,110,117,16,14,L 2
2013,MIL,2013-01-04,8:30p,,Houston Rockets,L,,101,115,16,15,L 3
2013,MIL,2013-01-05,7:00p,@,Indiana Pacers,L,,80,95,16,16,L 4
2013,MIL,2013-01-08,8:00p,,Phoenix Suns,W,,108,99,17,16,W 1
2013,MIL,2013-01-09,8:00p,@,Chicago Bulls,W,,104,96,18,16,W 2
2013,MIL,2013-01-11,8:30p,,Detroit Pistons,L,,87,103,18,17,L 1
2013,MIL,2013-01-13,1:00p,@,Toronto Raptors,W,,107,96,19,17,W 1
2013,MIL,2013-01-15,10:30p,@,Los Angeles Lakers,L,,88,104,19,18,L 1
2013,MIL,2013-01-17,9:00p,@,Phoenix Suns,W,,98,94,20,18,W 1
2013,MIL,2013-01-19,10:00p,@,Portland Trail Blazers,W,,110,104,21,18,W 2
2013,MIL,2013-01-22,8:00p,,Philadelphia 76ers,W,,110,102,22,18,W 3
2013,MIL,2013-01-25,7:30p,@,Cleveland Cavaliers,L,,108,113,22,19,L 1
2013,MIL,2013-01-26,8:30p,,Golden State Warriors,W,,109,102,23,19,W 1
2013,MIL,2013-01-29,7:30p,@,Detroit Pistons,W,,117,90,24,19,W 2
2013,MIL,2013-01-30,8:00p,,Chicago Bulls,L,,88,104,24,20,L 1
2013,MIL,2013-02-01,7:30p,@,New York Knicks,L,,86,96,24,21,L 2
2013,MIL,2013-02-02,8:30p,,Orlando Magic,W,,107,98,25,21,W 1
2013,MIL,2013-02-05,9:00p,@,Denver Nuggets,L,,104,112,25,22,L 1
2013,MIL,2013-02-06,9:00p,@,Utah Jazz,L,,86,100,25,23,L 2
2013,MIL,2013-02-09,8:30p,,Detroit Pistons,L,,100,105,25,24,L 3
2013,MIL,2013-02-11,8:00p,,Washington Wizards,L,,90,102,25,25,L 4
2013,MIL,2013-02-13,8:00p,,Philadelphia 76ers,W,,94,92,26,25,W 1
2013,MIL,2013-02-19,7:30p,@,Brooklyn Nets,L,OT,111,113,26,26,L 1
2013,MIL,2013-02-20,8:00p,,Brooklyn Nets,L,,94,97,26,27,L 2
2013,MIL,2013-02-23,8:30p,,Atlanta Hawks,L,,102,103,26,28,L 3
2013,MIL,2013-02-26,8:30p,@,Dallas Mavericks,W,,95,90,27,28,W 1
2013,MIL,2013-02-27,8:00p,@,Houston Rockets,W,,110,107,28,28,W 2
2013,MIL,2013-03-02,8:30p,,Toronto Raptors,W,OT,122,114,29,28,W 3
2013,MIL,2013-03-04,8:00p,,Utah Jazz,W,OT,109,108,30,28,W 4
2013,MIL,2013-03-06,10:30p,@,Los Angeles Clippers,L,,101,117,30,29,L 1
2013,MIL,2013-03-09,10:30p,@,Golden State Warriors,W,,103,93,31,29,W 1
2013,MIL,2013-03-10,9:00p,@,Sacramento Kings,W,,115,113,32,29,W 2
2013,MIL,2013-03-12,8:00p,,Dallas Mavericks,L,,108,115,32,30,L 1
2013,MIL,2013-03-13,7:00p,@,Washington Wizards,L,,93,106,32,31,L 2
2013,MIL,2013-03-15,8:30p,,Miami Heat,L,,94,107,32,32,L 3
2013,MIL,2013-03-17,1:00p,,Orlando Magic,W,,115,109,33,32,W 1
2013,MIL,2013-03-19,8:00p,,Portland Trail Blazers,W,,102,95,34,32,W 2
2013,MIL,2013-03-20,7:30p,@,Atlanta Hawks,L,,90,98,34,33,L 1
2013,MIL,2013-03-22,7:00p,@,Indiana Pacers,L,,78,102,34,34,L 2
2013,MIL,2013-03-24,3:00p,,Atlanta Hawks,L,,99,104,34,35,L 3
2013,MIL,2013-03-27,7:00p,@,Philadelphia 76ers,L,,92,100,34,36,L 4
2013,MIL,2013-03-28,8:00p,,Los Angeles Lakers,W,,113,103,35,36,W 1
2013,MIL,2013-03-30,8:30p,,Oklahoma City Thunder,L,,99,109,35,37,L 1
2013,MIL,2013-04-01,8:00p,,Charlotte Bobcats,W,,131,102,36,37,W 1
2013,MIL,2013-04-03,8:00p,,Minnesota Timberwolves,L,,98,107,36,38,L 1
2013,MIL,2013-04-05,7:30p,@,New York Knicks,L,,83,101,36,39,L 2
2013,MIL,2013-04-06,8:30p,,Toronto Raptors,W,,100,83,37,39,W 1
2013,MIL,2013-04-09,7:30p,@,Miami Heat,L,,83,94,37,40,L 1
2013,MIL,2013-04-10,7:00p,@,Orlando Magic,L,OT,103,113,37,41,L 2
2013,MIL,2013-04-12,7:30p,@,Atlanta Hawks,L,,104,109,37,42,L 3
2013,MIL,2013-04-13,7:00p,@,Charlotte Bobcats,L,,85,95,37,43,L 4
2013,MIL,2013-04-15,8:00p,,Denver Nuggets,L,,111,112,37,44,L 5
2013,MIL,2013-04-17,8:00p,@,Oklahoma City Thunder,W,,95,89,38,44,W 1
2013,MIL,2013-04-21,7:00p,@,Miami Heat,L,,87,110,0,1,L 1
2013,MIL,2013-04-23,7:30p,@,Miami Heat,L,,86,98,0,2,L 2
2013,MIL,2013-04-25,7:00p,,Miami Heat,L,,91,104,0,3,L 3
2013,MIL,2013-04-28,3:30p,,Miami Heat,L,,77,88,0,4,L 4
2013,MIN,2012-11-02,8:00p,,Sacramento Kings,W,,92,80,1,0,W 1
2013,MIN,2012-11-04,6:00p,@,Toronto Raptors,L,,86,105,1,1,L 1
2013,MIN,2012-11-05,7:30p,@,Brooklyn Nets,W,,107,96,2,1,W 1
2013,MIN,2012-11-07,8:00p,,Orlando Magic,W,,90,75,3,1,W 2
2013,MIN,2012-11-09,8:00p,,Indiana Pacers,W,,96,94,4,1,W 3
2013,MIN,2012-11-10,8:00p,@,Chicago Bulls,L,,80,87,4,2,L 1
2013,MIN,2012-11-12,8:30p,@,Dallas Mavericks,W,,90,82,5,2,W 1
2013,MIN,2012-11-14,8:00p,,Charlotte Bobcats,L,,87,89,5,3,L 1
2013,MIN,2012-11-16,8:00p,,Golden State Warriors,L,,98,106,5,4,L 2
2013,MIN,2012-11-21,8:00p,,Denver Nuggets,L,,94,101,5,5,L 3
2013,MIN,2012-11-23,10:00p,@,Portland Trail Blazers,L,,95,103,5,6,L 4
2013,MIN,2012-11-24,10:30p,@,Golden State Warriors,L,,85,96,5,7,L 5
2013,MIN,2012-11-27,10:00p,@,Sacramento Kings,W,,97,89,6,7,W 1
2013,MIN,2012-11-28,10:30p,@,Los Angeles Clippers,L,,95,101,6,8,L 1
2013,MIN,2012-11-30,8:00p,,Milwaukee Bucks,W,,95,85,7,8,W 1
2013,MIN,2012-12-04,7:00p,@,Philadelphia 76ers,W,,105,88,8,8,W 2
2013,MIN,2012-12-05,7:30p,@,Boston Celtics,L,,94,104,8,9,L 1
2013,MIN,2012-12-07,8:00p,,Cleveland Cavaliers,W,,91,73,9,9,W 1
2013,MIN,2012-12-12,8:00p,,Denver Nuggets,W,,108,105,10,9,W 2
2013,MIN,2012-12-14,8:00p,@,New Orleans Hornets,W,,113,102,11,9,W 3
2013,MIN,2012-12-15,8:00p,,Dallas Mavericks,W,OT,114,106,12,9,W 4
2013,MIN,2012-12-17,7:00p,@,Orlando Magic,L,,93,102,12,10,L 1
2013,MIN,2012-12-18,7:30p,@,Miami Heat,L,,92,103,12,11,L 2
2013,MIN,2012-12-20,7:00p,,Oklahoma City Thunder,W,,99,93,13,11,W 1
2013,MIN,2012-12-23,5:00p,@,New York Knicks,L,,91,94,13,12,L 1
2013,MIN,2012-12-26,8:00p,,Houston Rockets,L,,84,87,13,13,L 2
2013,MIN,2012-12-29,8:00p,,Phoenix Suns,W,,111,107,14,13,W 1
2013,MIN,2013-01-02,9:00p,@,Utah Jazz,L,,84,106,14,14,L 1
2013,MIN,2013-01-03,9:00p,@,Denver Nuggets,W,,101,97,15,14,W 1
2013,MIN,2013-01-05,8:00p,,Portland Trail Blazers,L,,97,102,15,15,L 1
2013,MIN,2013-01-08,8:00p,,Atlanta Hawks,W,,108,103,16,15,W 1
2013,MIN,2013-01-09,8:00p,@,Oklahoma City Thunder,L,,84,106,16,16,L 1
2013,MIN,2013-01-11,8:00p,@,New Orleans Hornets,L,,92,104,16,17,L 2
2013,MIN,2013-01-13,7:00p,@,San Antonio Spurs,L,,88,106,16,18,L 3
2013,MIN,2013-01-14,8:30p,@,Dallas Mavericks,L,,98,113,16,19,L 4
2013,MIN,2013-01-17,8:00p,,Los Angeles Clippers,L,,77,90,16,20,L 5
2013,MIN,2013-01-19,8:00p,,Houston Rockets,W,,92,79,17,20,W 1
2013,MIN,2013-01-21,2:00p,@,Atlanta Hawks,L,,96,104,17,21,L 1
2013,MIN,2013-01-23,8:00p,,Brooklyn Nets,L,,83,91,17,22,L 2
2013,MIN,2013-01-25,7:00p,@,Washington Wizards,L,,101,114,17,23,L 3
2013,MIN,2013-01-26,7:30p,@,Charlotte Bobcats,L,,101,102,17,24,L 4
2013,MIN,2013-01-30,8:00p,,Los Angeles Clippers,L,,90,96,17,25,L 5
2013,MIN,2013-02-01,9:30p,,Los Angeles Lakers,L,,100,111,17,26,L 6
2013,MIN,2013-02-02,8:00p,,New Orleans Hornets,W,,115,86,18,26,W 1
2013,MIN,2013-02-04,8:00p,,Portland Trail Blazers,L,,98,100,18,27,L 1
2013,MIN,2013-02-06,9:00p,,San Antonio Spurs,L,,94,104,18,28,L 2
2013,MIN,2013-02-08,8:00p,,New York Knicks,L,,94,100,18,29,L 3
2013,MIN,2013-02-10,6:00p,@,Memphis Grizzlies,L,,88,105,18,30,L 4
2013,MIN,2013-02-11,7:00p,@,Cleveland Cavaliers,W,,100,92,19,30,W 1
2013,MIN,2013-02-13,8:00p,,Utah Jazz,L,,93,97,19,31,L 1
2013,MIN,2013-02-20,8:00p,,Philadelphia 76ers,W,,94,87,20,31,W 1
2013,MIN,2013-02-22,8:00p,@,Oklahoma City Thunder,L,,111,127,20,32,L 1
2013,MIN,2013-02-24,3:30p,,Golden State Warriors,L,,99,100,20,33,L 2
2013,MIN,2013-02-26,9:00p,@,Phoenix Suns,L,OT,83,84,20,34,L 3
2013,MIN,2013-02-28,10:30p,@,Los Angeles Lakers,L,,94,116,20,35,L 4
2013,MIN,2013-03-02,10:00p,@,Portland Trail Blazers,L,,94,109,20,36,L 5
2013,MIN,2013-03-04,8:00p,,Miami Heat,L,,81,97,20,37,L 6
2013,MIN,2013-03-06,8:00p,,Washington Wizards,W,,87,82,21,37,W 1
2013,MIN,2013-03-09,9:00p,@,Denver Nuggets,L,,88,111,21,38,L 1
2013,MIN,2013-03-10,7:00p,,Dallas Mavericks,L,,77,100,21,39,L 2
2013,MIN,2013-03-12,8:00p,,San Antonio Spurs,W,,107,83,22,39,W 1
2013,MIN,2013-03-13,7:00p,@,Indiana Pacers,L,,91,107,22,40,L 1
2013,MIN,2013-03-15,8:00p,@,Houston Rockets,L,,100,108,22,41,L 2
2013,MIN,2013-03-17,7:00p,,New Orleans Hornets,W,,97,95,23,41,W 1
2013,MIN,2013-03-18,8:00p,@,Memphis Grizzlies,L,,77,92,23,42,L 1
2013,MIN,2013-03-21,10:00p,@,Sacramento Kings,L,,98,101,23,43,L 2
2013,MIN,2013-03-22,10:00p,@,Phoenix Suns,W,,117,86,24,43,W 1
2013,MIN,2013-03-24,7:00p,,Chicago Bulls,L,,97,104,24,44,L 1
2013,MIN,2013-03-26,7:30p,@,Detroit Pistons,W,,105,82,25,44,W 1
2013,MIN,2013-03-27,8:00p,,Los Angeles Lakers,L,,117,120,25,45,L 1
2013,MIN,2013-03-29,8:00p,,Oklahoma City Thunder,W,,101,93,26,45,W 1
2013,MIN,2013-03-30,8:00p,,Memphis Grizzlies,L,,86,99,26,46,L 1
2013,MIN,2013-04-01,8:00p,,Boston Celtics,W,,110,100,27,46,W 1
2013,MIN,2013-04-03,8:00p,@,Milwaukee Bucks,W,,107,98,28,46,W 2
2013,MIN,2013-04-05,8:00p,,Toronto Raptors,L,,93,95,28,47,L 1
2013,MIN,2013-04-06,8:00p,,Detroit Pistons,W,,107,101,29,47,W 1
2013,MIN,2013-04-09,10:30p,@,Golden State Warriors,L,,89,105,29,48,L 1
2013,MIN,2013-04-10,10:30p,@,Los Angeles Clippers,L,,95,111,29,49,L 2
2013,MIN,2013-04-12,9:00p,@,Utah Jazz,L,,100,107,29,50,L 3
2013,MIN,2013-04-13,8:00p,,Phoenix Suns,W,,105,93,30,50,W 1
2013,MIN,2013-04-15,8:00p,,Utah Jazz,L,,80,96,30,51,L 1
2013,MIN,2013-04-17,8:00p,@,San Antonio Spurs,W,,108,95,31,51,W 1
2013,NOH,2012-10-31,8:00p,,San Antonio Spurs,L,,95,99,0,1,L 1
2013,NOH,2012-11-02,8:00p,,Utah Jazz,W,,88,86,1,1,W 1
2013,NOH,2012-11-03,8:00p,@,Chicago Bulls,W,,89,82,2,1,W 2
2013,NOH,2012-11-07,8:00p,,Philadelphia 76ers,L,,62,77,2,2,L 1
2013,NOH,2012-11-09,8:00p,,Charlotte Bobcats,W,,107,99,3,2,W 1
2013,NOH,2012-11-14,8:00p,@,Houston Rockets,L,,96,100,3,3,L 1
2013,NOH,2012-11-16,8:00p,,Oklahoma City Thunder,L,,95,110,3,4,L 2
2013,NOH,2012-11-17,8:30p,@,Milwaukee Bucks,L,,113,117,3,5,L 3
2013,NOH,2012-11-20,8:00p,,New York Knicks,L,,80,102,3,6,L 4
2013,NOH,2012-11-21,7:00p,@,Indiana Pacers,L,OT,107,115,3,7,L 5
2013,NOH,2012-11-23,9:00p,@,Phoenix Suns,L,OT,108,111,3,8,L 6
2013,NOH,2012-11-25,8:00p,@,Denver Nuggets,L,,84,102,3,9,L 7
2013,NOH,2012-11-26,10:30p,@,Los Angeles Clippers,W,,105,98,4,9,W 1
2013,NOH,2012-11-28,8:00p,,Utah Jazz,L,,84,96,4,10,L 1
2013,NOH,2012-12-01,8:00p,,Oklahoma City Thunder,L,,79,100,4,11,L 2
2013,NOH,2012-12-03,8:00p,,Milwaukee Bucks,W,,102,81,5,11,W 1
2013,NOH,2012-12-05,8:00p,,Los Angeles Lakers,L,,87,103,5,12,L 1
2013,NOH,2012-12-07,8:00p,,Memphis Grizzlies,L,,89,96,5,13,L 2
2013,NOH,2012-12-08,7:30p,@,Miami Heat,L,,90,106,5,14,L 3
2013,NOH,2012-12-11,8:00p,,Washington Wizards,L,,70,77,5,15,L 4
2013,NOH,2012-12-12,8:00p,@,Oklahoma City Thunder,L,,88,92,5,16,L 5
2013,NOH,2012-12-14,8:00p,,Minnesota Timberwolves,L,,102,113,5,17,L 6
2013,NOH,2012-12-16,9:00p,@,Portland Trail Blazers,L,,94,95,5,18,L 7
2013,NOH,2012-12-18,10:30p,@,Golden State Warriors,L,,96,103,5,19,L 8
2013,NOH,2012-12-19,10:30p,@,Los Angeles Clippers,L,,77,93,5,20,L 9
2013,NOH,2012-12-21,8:30p,@,San Antonio Spurs,L,,94,99,5,21,L 10
2013,NOH,2012-12-22,8:00p,,Indiana Pacers,L,,75,81,5,22,L 11
2013,NOH,2012-12-26,7:00p,@,Orlando Magic,W,,97,94,6,22,W 1
2013,NOH,2012-12-28,8:00p,,Toronto Raptors,L,OT,97,104,6,23,L 1
2013,NOH,2012-12-29,7:00p,@,Charlotte Bobcats,W,,98,95,7,23,W 1
2013,NOH,2013-01-01,8:00p,,Atlanta Hawks,L,,86,95,7,24,L 1
2013,NOH,2013-01-02,8:00p,@,Houston Rockets,L,,92,104,7,25,L 2
2013,NOH,2013-01-05,8:30p,@,Dallas Mavericks,W,OT,99,96,8,25,W 1
2013,NOH,2013-01-07,8:00p,,San Antonio Spurs,W,,95,88,9,25,W 2
2013,NOH,2013-01-09,8:00p,,Houston Rockets,W,,88,79,10,25,W 3
2013,NOH,2013-01-11,8:00p,,Minnesota Timberwolves,W,,104,92,11,25,W 4
2013,NOH,2013-01-13,12:00p,@,New York Knicks,L,,87,100,11,26,L 1
2013,NOH,2013-01-15,7:00p,@,Philadelphia 76ers,W,,111,99,12,26,W 1
2013,NOH,2013-01-16,8:00p,@,Boston Celtics,W,,90,78,13,26,W 2
2013,NOH,2013-01-19,8:00p,,Golden State Warriors,L,,112,116,13,27,L 1
2013,NOH,2013-01-21,1:00p,,Sacramento Kings,W,,114,105,14,27,W 1
2013,NOH,2013-01-23,8:30p,@,San Antonio Spurs,L,,102,106,14,28,L 1
2013,NOH,2013-01-25,8:00p,,Houston Rockets,L,,82,100,14,29,L 2
2013,NOH,2013-01-27,6:00p,@,Memphis Grizzlies,W,,91,83,15,29,W 1
2013,NOH,2013-01-29,10:30p,@,Los Angeles Lakers,L,,106,111,15,30,L 1
2013,NOH,2013-01-30,9:00p,@,Utah Jazz,L,,99,104,15,31,L 2
2013,NOH,2013-02-01,9:00p,@,Denver Nuggets,L,,98,113,15,32,L 3
2013,NOH,2013-02-02,8:00p,@,Minnesota Timberwolves,L,,86,115,15,33,L 4
2013,NOH,2013-02-06,8:00p,,Phoenix Suns,W,,93,84,16,33,W 1
2013,NOH,2013-02-08,7:30p,@,Atlanta Hawks,W,,111,100,17,33,W 2
2013,NOH,2013-02-10,6:00p,@,Toronto Raptors,L,,89,102,17,34,L 1
2013,NOH,2013-02-11,7:30p,@,Detroit Pistons,W,,105,86,18,34,W 1
2013,NOH,2013-02-13,8:00p,,Portland Trail Blazers,W,,99,63,19,34,W 2
2013,NOH,2013-02-19,8:00p,,Chicago Bulls,L,,87,96,19,35,L 1
2013,NOH,2013-02-20,8:00p,@,Cleveland Cavaliers,L,,100,105,19,36,L 2
2013,NOH,2013-02-22,8:00p,,Dallas Mavericks,L,,100,104,19,37,L 3
2013,NOH,2013-02-24,6:00p,,Sacramento Kings,W,,110,95,20,37,W 1
2013,NOH,2013-02-26,8:00p,,Brooklyn Nets,L,,97,101,20,38,L 1
2013,NOH,2013-02-27,8:00p,@,Oklahoma City Thunder,L,,74,119,20,39,L 2
2013,NOH,2013-03-01,8:00p,,Detroit Pistons,W,,100,95,21,39,W 1
2013,NOH,2013-03-04,8:00p,,Orlando Magic,L,,102,105,21,40,L 1
2013,NOH,2013-03-06,8:00p,,Los Angeles Lakers,L,,102,108,21,41,L 2
2013,NOH,2013-03-09,8:00p,@,Memphis Grizzlies,L,,85,96,21,42,L 3
2013,NOH,2013-03-10,7:00p,,Portland Trail Blazers,W,,98,96,22,42,W 1
2013,NOH,2013-03-12,7:30p,@,Brooklyn Nets,L,,98,108,22,43,L 1
2013,NOH,2013-03-15,7:00p,@,Washington Wizards,L,,87,96,22,44,L 2
2013,NOH,2013-03-17,7:00p,@,Minnesota Timberwolves,L,,95,97,22,45,L 3
2013,NOH,2013-03-18,8:00p,,Golden State Warriors,L,,72,93,22,46,L 4
2013,NOH,2013-03-20,8:00p,,Boston Celtics,W,,87,86,23,46,W 1
2013,NOH,2013-03-22,8:00p,,Memphis Grizzlies,W,,90,83,24,46,W 2
2013,NOH,2013-03-25,8:00p,,Denver Nuggets,W,,110,86,25,46,W 3
2013,NOH,2013-03-27,8:00p,,Los Angeles Clippers,L,,91,105,25,47,L 1
2013,NOH,2013-03-29,8:00p,,Miami Heat,L,,89,108,25,48,L 2
2013,NOH,2013-03-31,6:00p,,Cleveland Cavaliers,W,,112,92,26,48,W 1
2013,NOH,2013-04-03,10:30p,@,Golden State Warriors,L,,88,98,26,49,L 1
2013,NOH,2013-04-05,9:00p,@,Utah Jazz,L,,83,95,26,50,L 2
2013,NOH,2013-04-07,9:00p,@,Phoenix Suns,W,,95,92,27,50,W 1
2013,NOH,2013-04-09,10:30p,@,Los Angeles Lakers,L,,96,104,27,51,L 1
2013,NOH,2013-04-10,10:00p,@,Sacramento Kings,L,,110,121,27,52,L 2
2013,NOH,2013-04-12,8:00p,,Los Angeles Clippers,L,,93,96,27,53,L 3
2013,NOH,2013-04-14,6:00p,,Dallas Mavericks,L,,89,107,27,54,L 4
2013,NOH,2013-04-17,8:00p,@,Dallas Mavericks,L,,87,99,27,55,L 5
2013,NYK,2012-11-02,8:00p,,Miami Heat,W,,104,84,1,0,W 1
2013,NYK,2012-11-04,12:00p,,Philadelphia 76ers,W,,100,84,2,0,W 2
2013,NYK,2012-11-05,7:00p,@,Philadelphia 76ers,W,,110,88,3,0,W 3
2013,NYK,2012-11-09,7:30p,,Dallas Mavericks,W,,104,94,4,0,W 4
2013,NYK,2012-11-13,7:00p,@,Orlando Magic,W,,99,89,5,0,W 5
2013,NYK,2012-11-15,8:30p,@,San Antonio Spurs,W,,104,100,6,0,W 6
2013,NYK,2012-11-16,9:30p,@,Memphis Grizzlies,L,,95,105,6,1,L 1
2013,NYK,2012-11-18,12:00p,,Indiana Pacers,W,,88,76,7,1,W 1
2013,NYK,2012-11-20,8:00p,@,New Orleans Hornets,W,,102,80,8,1,W 2
2013,NYK,2012-11-21,8:30p,@,Dallas Mavericks,L,,111,114,8,2,L 1
2013,NYK,2012-11-23,8:00p,@,Houston Rockets,L,,103,131,8,3,L 2
2013,NYK,2012-11-25,1:00p,,Detroit Pistons,W,,121,100,9,3,W 1
2013,NYK,2012-11-26,7:00p,@,Brooklyn Nets,L,OT,89,96,9,4,L 1
2013,NYK,2012-11-28,8:00p,@,Milwaukee Bucks,W,,102,88,10,4,W 1
2013,NYK,2012-11-30,7:30p,,Washington Wizards,W,,108,87,11,4,W 2
2013,NYK,2012-12-02,12:00p,,Phoenix Suns,W,,106,99,12,4,W 3
2013,NYK,2012-12-05,7:00p,@,Charlotte Bobcats,W,,100,98,13,4,W 4
2013,NYK,2012-12-06,8:00p,@,Miami Heat,W,,112,92,14,4,W 5
2013,NYK,2012-12-08,8:00p,@,Chicago Bulls,L,,85,93,14,5,L 1
2013,NYK,2012-12-09,7:30p,,Denver Nuggets,W,,112,106,15,5,W 1
2013,NYK,2012-12-11,7:00p,@,Brooklyn Nets,W,,100,97,16,5,W 2
2013,NYK,2012-12-13,8:00p,,Los Angeles Lakers,W,,116,107,17,5,W 3
2013,NYK,2012-12-15,7:30p,,Cleveland Cavaliers,W,,103,102,18,5,W 4
2013,NYK,2012-12-17,7:30p,,Houston Rockets,L,,96,109,18,6,L 1
2013,NYK,2012-12-19,7:00p,,Brooklyn Nets,W,,100,86,19,6,W 1
2013,NYK,2012-12-21,7:30p,,Chicago Bulls,L,,106,110,19,7,L 1
2013,NYK,2012-12-23,5:00p,,Minnesota Timberwolves,W,,94,91,20,7,W 1
2013,NYK,2012-12-25,3:00p,@,Los Angeles Lakers,L,,94,100,20,8,L 1
2013,NYK,2012-12-26,9:00p,@,Phoenix Suns,W,,99,97,21,8,W 1
2013,NYK,2012-12-28,10:00p,@,Sacramento Kings,L,,105,106,21,9,L 1
2013,NYK,2013-01-01,7:30p,,Portland Trail Blazers,L,,100,105,21,10,L 2
2013,NYK,2013-01-03,7:30p,,San Antonio Spurs,W,,100,83,22,10,W 1
2013,NYK,2013-01-05,7:00p,@,Orlando Magic,W,,114,106,23,10,W 2
2013,NYK,2013-01-07,7:30p,,Boston Celtics,L,,96,102,23,11,L 1
2013,NYK,2013-01-10,8:00p,@,Indiana Pacers,L,,76,81,23,12,L 2
2013,NYK,2013-01-11,8:00p,,Chicago Bulls,L,,101,108,23,13,L 3
2013,NYK,2013-01-13,12:00p,,New Orleans Hornets,W,,100,87,24,13,W 1
2013,NYK,2013-01-17,3:00p,@,Detroit Pistons,W,,102,87,25,13,W 2
2013,NYK,2013-01-21,3:30p,,Brooklyn Nets,L,,85,88,25,14,L 1
2013,NYK,2013-01-24,8:00p,@,Boston Celtics,W,,89,86,26,14,W 1
2013,NYK,2013-01-26,7:00p,@,Philadelphia 76ers,L,,80,97,26,15,L 1
2013,NYK,2013-01-27,6:30p,,Atlanta Hawks,W,,106,104,27,15,W 1
2013,NYK,2013-01-30,7:30p,,Orlando Magic,W,,113,97,28,15,W 2
2013,NYK,2013-02-01,7:30p,,Milwaukee Bucks,W,,96,86,29,15,W 3
2013,NYK,2013-02-02,7:30p,,Sacramento Kings,W,,120,81,30,15,W 4
2013,NYK,2013-02-04,7:30p,,Detroit Pistons,W,,99,85,31,15,W 5
2013,NYK,2013-02-06,7:00p,@,Washington Wizards,L,,96,106,31,16,L 1
2013,NYK,2013-02-08,8:00p,@,Minnesota Timberwolves,W,,100,94,32,16,W 1
2013,NYK,2013-02-10,1:00p,,Los Angeles Clippers,L,,88,102,32,17,L 1
2013,NYK,2013-02-13,7:30p,,Toronto Raptors,L,,88,92,32,18,L 2
2013,NYK,2013-02-20,7:00p,@,Indiana Pacers,L,,91,125,32,19,L 3
2013,NYK,2013-02-22,7:00p,@,Toronto Raptors,L,,98,100,32,20,L 4
2013,NYK,2013-02-24,7:00p,,Philadelphia 76ers,W,,99,93,33,20,W 1
2013,NYK,2013-02-27,8:00p,,Golden State Warriors,W,,109,105,34,20,W 2
2013,NYK,2013-03-01,7:00p,@,Washington Wizards,W,,96,88,35,20,W 3
2013,NYK,2013-03-03,1:00p,,Miami Heat,L,,93,99,35,21,L 1
2013,NYK,2013-03-04,7:00p,@,Cleveland Cavaliers,W,,102,97,36,21,W 1
2013,NYK,2013-03-06,7:30p,@,Detroit Pistons,W,,87,77,37,21,W 2
2013,NYK,2013-03-07,8:00p,,Oklahoma City Thunder,L,,94,95,37,22,L 1
2013,NYK,2013-03-09,7:30p,,Utah Jazz,W,,113,84,38,22,W 1
2013,NYK,2013-03-11,10:30p,@,Golden State Warriors,L,,63,92,38,23,L 1
2013,NYK,2013-03-13,10:30p,@,Denver Nuggets,L,,94,117,38,24,L 2
2013,NYK,2013-03-14,10:30p,@,Portland Trail Blazers,L,,90,105,38,25,L 3
2013,NYK,2013-03-17,3:30p,@,Los Angeles Clippers,L,,80,93,38,26,L 4
2013,NYK,2013-03-18,10:30p,@,Utah Jazz,W,,90,83,39,26,W 1
2013,NYK,2013-03-20,7:30p,,Orlando Magic,W,,106,94,40,26,W 2
2013,NYK,2013-03-22,7:00p,@,Toronto Raptors,W,,99,94,41,26,W 3
2013,NYK,2013-03-23,7:30p,,Toronto Raptors,W,,110,84,42,26,W 4
2013,NYK,2013-03-26,7:00p,@,Boston Celtics,W,,100,85,43,26,W 5
2013,NYK,2013-03-27,7:30p,,Memphis Grizzlies,W,,108,101,44,26,W 6
2013,NYK,2013-03-29,7:30p,,Charlotte Bobcats,W,,111,102,45,26,W 7
2013,NYK,2013-03-31,7:30p,,Boston Celtics,W,,108,89,46,26,W 8
2013,NYK,2013-04-02,8:00p,@,Miami Heat,W,,102,90,47,26,W 9
2013,NYK,2013-04-03,7:00p,@,Atlanta Hawks,W,,95,82,48,26,W 10
2013,NYK,2013-04-05,7:30p,,Milwaukee Bucks,W,,101,83,49,26,W 11
2013,NYK,2013-04-07,1:00p,@,Oklahoma City Thunder,W,,125,120,50,26,W 12
2013,NYK,2013-04-09,7:30p,,Washington Wizards,W,,120,99,51,26,W 13
2013,NYK,2013-04-11,8:00p,@,Chicago Bulls,L,OT,111,118,51,27,L 1
2013,NYK,2013-04-12,7:30p,@,Cleveland Cavaliers,W,,101,91,52,27,W 1
2013,NYK,2013-04-14,3:30p,,Indiana Pacers,W,,90,80,53,27,W 2
2013,NYK,2013-04-15,7:00p,@,Charlotte Bobcats,L,,95,106,53,28,L 1
2013,NYK,2013-04-17,8:00p,,Atlanta Hawks,W,,98,92,54,28,W 1
2013,NYK,2013-04-20,3:00p,,Boston Celtics,W,,85,78,1,0,W 1
2013,NYK,2013-04-23,8:00p,,Boston Celtics,W,,87,71,2,0,W 2
2013,NYK,2013-04-26,8:00p,@,Boston Celtics,W,,90,76,3,0,W 3
2013,NYK,2013-04-28,1:00p,@,Boston Celtics,L,OT,90,97,3,1,L 1
2013,NYK,2013-05-01,7:00p,,Boston Celtics,L,,86,92,3,2,L 2
2013,NYK,2013-05-03,7:00p,@,Boston Celtics,W,,88,80,4,2,W 1
2013,NYK,2013-05-05,3:30p,,Indiana Pacers,L,,95,102,4,3,L 1
2013,NYK,2013-05-07,7:00p,,Indiana Pacers,W,,105,79,5,3,W 1
2013,NYK,2013-05-11,8:00p,@,Indiana Pacers,L,,71,82,5,4,L 1
2013,NYK,2013-05-14,7:00p,@,Indiana Pacers,L,,82,93,5,5,L 2
2013,NYK,2013-05-16,8:00p,,Indiana Pacers,W,,85,75,6,5,W 1
2013,NYK,2013-05-18,8:00p,@,Indiana Pacers,L,,99,106,6,6,L 1
2013,OKC,2012-11-01,9:30p,@,San Antonio Spurs,L,,84,86,0,1,L 1
2013,OKC,2012-11-02,8:00p,,Portland Trail Blazers,W,,106,92,1,1,W 1
2013,OKC,2012-11-04,7:00p,,Atlanta Hawks,L,,95,104,1,2,L 1
2013,OKC,2012-11-06,8:00p,,Toronto Raptors,W,,108,88,2,2,W 1
2013,OKC,2012-11-08,8:00p,@,Chicago Bulls,W,,97,91,3,2,W 2
2013,OKC,2012-11-09,8:00p,,Detroit Pistons,W,,105,94,4,2,W 3
2013,OKC,2012-11-11,7:00p,,Cleveland Cavaliers,W,,106,91,5,2,W 4
2013,OKC,2012-11-12,7:30p,@,Detroit Pistons,W,,92,90,6,2,W 5
2013,OKC,2012-11-14,8:00p,,Memphis Grizzlies,L,,97,107,6,3,L 1
2013,OKC,2012-11-16,8:00p,@,New Orleans Hornets,W,,110,95,7,3,W 1
2013,OKC,2012-11-18,7:00p,,Golden State Warriors,W,,119,109,8,3,W 2
2013,OKC,2012-11-21,7:30p,,Los Angeles Clippers,W,OT,117,111,9,3,W 3
2013,OKC,2012-11-23,7:30p,@,Boston Celtics,L,,100,108,9,4,L 1
2013,OKC,2012-11-24,7:00p,@,Philadelphia 76ers,W,OT,116,109,10,4,W 1
2013,OKC,2012-11-26,8:00p,,Charlotte Bobcats,W,,114,69,11,4,W 2
2013,OKC,2012-11-28,8:00p,,Houston Rockets,W,,120,98,12,4,W 3
2013,OKC,2012-11-30,8:00p,,Utah Jazz,W,,106,94,13,4,W 4
2013,OKC,2012-12-01,8:00p,@,New Orleans Hornets,W,,100,79,14,4,W 5
2013,OKC,2012-12-04,7:30p,@,Brooklyn Nets,W,,117,111,15,4,W 6
2013,OKC,2012-12-07,9:30p,,Los Angeles Lakers,W,,114,108,16,4,W 7
2013,OKC,2012-12-09,7:00p,,Indiana Pacers,W,,104,93,17,4,W 8
2013,OKC,2012-12-12,8:00p,,New Orleans Hornets,W,,92,88,18,4,W 9
2013,OKC,2012-12-14,8:00p,,Sacramento Kings,W,,113,103,19,4,W 10
2013,OKC,2012-12-17,8:00p,,San Antonio Spurs,W,,107,93,20,4,W 11
2013,OKC,2012-12-19,7:30p,@,Atlanta Hawks,W,,100,92,21,4,W 12
2013,OKC,2012-12-20,7:00p,@,Minnesota Timberwolves,L,,93,99,21,5,L 1
2013,OKC,2012-12-25,5:30p,@,Miami Heat,L,,97,103,21,6,L 2
2013,OKC,2012-12-27,8:00p,,Dallas Mavericks,W,OT,111,105,22,6,W 1
2013,OKC,2012-12-29,8:00p,@,Houston Rockets,W,,124,94,23,6,W 2
2013,OKC,2012-12-31,8:00p,,Phoenix Suns,W,,114,96,24,6,W 3
2013,OKC,2013-01-02,8:00p,,Brooklyn Nets,L,,93,110,24,7,L 1
2013,OKC,2013-01-04,8:00p,,Philadelphia 76ers,W,,109,85,25,7,W 1
2013,OKC,2013-01-06,1:00p,@,Toronto Raptors,W,,104,92,26,7,W 2
2013,OKC,2013-01-07,7:00p,@,Washington Wizards,L,,99,101,26,8,L 1
2013,OKC,2013-01-09,8:00p,,Minnesota Timberwolves,W,,106,84,27,8,W 1
2013,OKC,2013-01-11,10:30p,@,Los Angeles Lakers,W,,116,101,28,8,W 2
2013,OKC,2013-01-13,9:00p,@,Portland Trail Blazers,W,,87,83,29,8,W 3
2013,OKC,2013-01-14,9:00p,@,Phoenix Suns,W,,102,90,30,8,W 4
2013,OKC,2013-01-16,8:00p,,Denver Nuggets,W,,117,97,31,8,W 5
2013,OKC,2013-01-18,9:30p,@,Dallas Mavericks,W,OT,117,114,32,8,W 6
2013,OKC,2013-01-20,8:00p,@,Denver Nuggets,L,OT,118,121,32,9,L 1
2013,OKC,2013-01-22,10:30p,@,Los Angeles Clippers,W,,109,97,33,9,W 1
2013,OKC,2013-01-23,10:30p,@,Golden State Warriors,L,,99,104,33,10,L 1
2013,OKC,2013-01-25,10:00p,@,Sacramento Kings,W,,105,95,34,10,W 1
2013,OKC,2013-01-27,3:30p,@,Los Angeles Lakers,L,,96,105,34,11,L 1
2013,OKC,2013-01-31,8:00p,,Memphis Grizzlies,W,,106,89,35,11,W 1
2013,OKC,2013-02-02,7:30p,@,Cleveland Cavaliers,L,,110,115,35,12,L 1
2013,OKC,2013-02-04,8:00p,,Dallas Mavericks,W,,112,91,36,12,W 1
2013,OKC,2013-02-06,8:00p,,Golden State Warriors,W,,119,98,37,12,W 2
2013,OKC,2013-02-08,8:00p,,Phoenix Suns,W,,127,96,38,12,W 3
2013,OKC,2013-02-10,8:00p,@,Phoenix Suns,W,,97,69,39,12,W 4
2013,OKC,2013-02-12,9:00p,@,Utah Jazz,L,,94,109,39,13,L 1
2013,OKC,2013-02-14,8:00p,,Miami Heat,L,,100,110,39,14,L 2
2013,OKC,2013-02-20,8:00p,@,Houston Rockets,L,,119,122,39,15,L 3
2013,OKC,2013-02-22,8:00p,,Minnesota Timberwolves,W,,127,111,40,15,W 1
2013,OKC,2013-02-24,9:30p,,Chicago Bulls,W,,102,72,41,15,W 2
2013,OKC,2013-02-27,8:00p,,New Orleans Hornets,W,,119,74,42,15,W 3
2013,OKC,2013-03-01,10:30p,@,Denver Nuggets,L,,103,105,42,16,L 1
2013,OKC,2013-03-03,3:30p,@,Los Angeles Clippers,W,,108,104,43,16,W 1
2013,OKC,2013-03-05,9:30p,,Los Angeles Lakers,W,,122,105,44,16,W 2
2013,OKC,2013-03-07,8:00p,@,New York Knicks,W,,95,94,45,16,W 3
2013,OKC,2013-03-08,7:00p,@,Charlotte Bobcats,W,,116,94,46,16,W 4
2013,OKC,2013-03-10,1:00p,,Boston Celtics,W,,91,79,47,16,W 5
2013,OKC,2013-03-11,8:30p,@,San Antonio Spurs,L,,93,105,47,17,L 1
2013,OKC,2013-03-13,8:00p,,Utah Jazz,W,,110,87,48,17,W 1
2013,OKC,2013-03-15,8:00p,,Orlando Magic,W,,117,104,49,17,W 2
2013,OKC,2013-03-17,7:30p,@,Dallas Mavericks,W,,107,101,50,17,W 3
2013,OKC,2013-03-19,8:00p,,Denver Nuggets,L,,104,114,50,18,L 1
2013,OKC,2013-03-20,8:00p,@,Memphis Grizzlies,L,OT,89,90,50,19,L 2
2013,OKC,2013-03-22,7:00p,@,Orlando Magic,W,,97,89,51,19,W 1
2013,OKC,2013-03-24,7:00p,,Portland Trail Blazers,W,,103,83,52,19,W 2
2013,OKC,2013-03-27,8:00p,,Washington Wizards,W,,103,80,53,19,W 3
2013,OKC,2013-03-29,8:00p,@,Minnesota Timberwolves,L,,93,101,53,20,L 1
2013,OKC,2013-03-30,8:30p,@,Milwaukee Bucks,W,,109,99,54,20,W 1
2013,OKC,2013-04-04,9:30p,,San Antonio Spurs,W,,100,88,55,20,W 2
2013,OKC,2013-04-05,8:00p,@,Indiana Pacers,W,,97,75,56,20,W 3
2013,OKC,2013-04-07,1:00p,,New York Knicks,L,,120,125,56,21,L 1
2013,OKC,2013-04-09,9:00p,@,Utah Jazz,W,,90,80,57,21,W 1
2013,OKC,2013-04-11,10:30p,@,Golden State Warriors,W,,116,97,58,21,W 2
2013,OKC,2013-04-12,10:00p,@,Portland Trail Blazers,W,,106,90,59,21,W 3
2013,OKC,2013-04-15,8:00p,,Sacramento Kings,W,,104,95,60,21,W 4
2013,OKC,2013-04-17,8:00p,,Milwaukee Bucks,L,,89,95,60,22,L 1
2013,OKC,2013-04-21,9:30p,,Houston Rockets,W,,120,91,1,0,W 1
2013,OKC,2013-04-24,7:00p,,Houston Rockets,W,,105,102,2,0,W 2
2013,OKC,2013-04-27,9:30p,@,Houston Rockets,W,,104,101,3,0,W 3
2013,OKC,2013-04-29,9:30p,@,Houston Rockets,L,,103,105,3,1,L 1
2013,OKC,2013-05-01,9:30p,,Houston Rockets,L,,100,107,3,2,L 2
2013,OKC,2013-05-03,9:30p,@,Houston Rockets,W,,103,94,4,2,W 1
2013,OKC,2013-05-05,1:00p,,Memphis Grizzlies,W,,93,91,5,2,W 2
2013,OKC,2013-05-07,9:30p,,Memphis Grizzlies,L,,93,99,5,3,L 1
2013,OKC,2013-05-11,5:00p,@,Memphis Grizzlies,L,,81,87,5,4,L 2
2013,OKC,2013-05-13,9:30p,@,Memphis Grizzlies,L,OT,97,103,5,5,L 3
2013,OKC,2013-05-15,9:30p,,Memphis Grizzlies,L,,84,88,5,6,L 4
2013,ORL,2012-11-02,7:00p,,Denver Nuggets,W,,102,89,1,0,W 1
2013,ORL,2012-11-04,6:00p,,Phoenix Suns,W,,115,94,2,0,W 2
2013,ORL,2012-11-06,8:00p,@,Chicago Bulls,L,,93,99,2,1,L 1
2013,ORL,2012-11-07,8:00p,@,Minnesota Timberwolves,L,,75,90,2,2,L 2
2013,ORL,2012-11-09,7:00p,,Brooklyn Nets,L,,68,107,2,3,L 3
2013,ORL,2012-11-11,3:00p,@,Brooklyn Nets,L,,74,82,2,4,L 4
2013,ORL,2012-11-13,7:00p,,New York Knicks,L,,89,99,2,5,L 5
2013,ORL,2012-11-16,7:30p,@,Detroit Pistons,W,,110,106,3,5,W 1
2013,ORL,2012-11-18,1:00p,@,Toronto Raptors,L,,86,97,3,6,L 1
2013,ORL,2012-11-19,7:30p,@,Atlanta Hawks,L,,72,81,3,7,L 2
2013,ORL,2012-11-21,7:00p,,Detroit Pistons,W,,90,74,4,7,W 1
2013,ORL,2012-11-23,7:00p,,Cleveland Cavaliers,W,,108,104,5,7,W 2
2013,ORL,2012-11-25,6:00p,,Boston Celtics,L,OT,110,116,5,8,L 1
2013,ORL,2012-11-28,7:00p,,San Antonio Spurs,L,,89,110,5,9,L 2
2013,ORL,2012-11-30,7:00p,,Brooklyn Nets,L,,86,98,5,10,L 3
2013,ORL,2012-12-02,9:30p,@,Los Angeles Lakers,W,,113,103,6,10,W 1
2013,ORL,2012-12-03,10:30p,@,Golden State Warriors,W,,102,94,7,10,W 2
2013,ORL,2012-12-05,9:00p,@,Utah Jazz,L,,81,87,7,11,L 1
2013,ORL,2012-12-07,10:00p,@,Sacramento Kings,L,,82,91,7,12,L 2
2013,ORL,2012-12-09,8:00p,@,Phoenix Suns,W,,98,90,8,12,W 1
2013,ORL,2012-12-12,7:00p,,Atlanta Hawks,L,,80,86,8,13,L 1
2013,ORL,2012-12-14,7:00p,,Golden State Warriors,W,,99,85,9,13,W 1
2013,ORL,2012-12-15,7:30p,@,Charlotte Bobcats,W,,107,98,10,13,W 2
2013,ORL,2012-12-17,7:00p,,Minnesota Timberwolves,W,,102,93,11,13,W 3
2013,ORL,2012-12-19,7:00p,,Washington Wizards,W,,90,83,12,13,W 4
2013,ORL,2012-12-21,7:00p,@,Toronto Raptors,L,,90,93,12,14,L 1
2013,ORL,2012-12-23,6:00p,,Utah Jazz,L,,93,97,12,15,L 2
2013,ORL,2012-12-26,7:00p,,New Orleans Hornets,L,,94,97,12,16,L 3
2013,ORL,2012-12-28,7:00p,@,Washington Wizards,L,,97,105,12,17,L 4
2013,ORL,2012-12-29,7:00p,,Toronto Raptors,L,,88,123,12,18,L 5
2013,ORL,2012-12-31,5:00p,,Miami Heat,L,OT,110,112,12,19,L 6
2013,ORL,2013-01-02,7:00p,,Chicago Bulls,L,,94,96,12,20,L 7
2013,ORL,2013-01-05,7:00p,,New York Knicks,L,,106,114,12,21,L 8
2013,ORL,2013-01-07,10:00p,@,Portland Trail Blazers,L,OT,119,125,12,22,L 9
2013,ORL,2013-01-09,9:00p,@,Denver Nuggets,L,,105,108,12,23,L 10
2013,ORL,2013-01-12,3:30p,@,Los Angeles Clippers,W,,104,101,13,23,W 1
2013,ORL,2013-01-14,7:00p,@,Washington Wizards,L,,91,120,13,24,L 1
2013,ORL,2013-01-16,7:00p,,Indiana Pacers,W,,97,86,14,24,W 1
2013,ORL,2013-01-18,7:00p,,Charlotte Bobcats,L,,100,106,14,25,L 1
2013,ORL,2013-01-20,6:00p,,Dallas Mavericks,L,,105,111,14,26,L 2
2013,ORL,2013-01-22,7:30p,@,Detroit Pistons,L,,90,105,14,27,L 3
2013,ORL,2013-01-24,7:00p,,Toronto Raptors,L,,95,97,14,28,L 4
2013,ORL,2013-01-27,6:00p,,Detroit Pistons,L,,102,104,14,29,L 5
2013,ORL,2013-01-28,7:30p,@,Brooklyn Nets,L,,77,97,14,30,L 6
2013,ORL,2013-01-30,7:30p,@,New York Knicks,L,,97,113,14,31,L 7
2013,ORL,2013-02-01,7:30p,@,Boston Celtics,L,,84,97,14,32,L 8
2013,ORL,2013-02-02,8:30p,@,Milwaukee Bucks,L,,98,107,14,33,L 9
2013,ORL,2013-02-04,7:00p,@,Philadelphia 76ers,L,,61,78,14,34,L 10
2013,ORL,2013-02-06,7:00p,,Los Angeles Clippers,L,,76,86,14,35,L 11
2013,ORL,2013-02-08,7:30p,@,Cleveland Cavaliers,L,,108,119,14,36,L 12
2013,ORL,2013-02-10,6:00p,,Portland Trail Blazers,W,,110,104,15,36,W 1
2013,ORL,2013-02-13,7:00p,,Atlanta Hawks,L,,76,108,15,37,L 1
2013,ORL,2013-02-19,7:00p,,Charlotte Bobcats,L,,92,105,15,38,L 2
2013,ORL,2013-02-20,8:30p,@,Dallas Mavericks,L,,96,111,15,39,L 3
2013,ORL,2013-02-22,8:00p,@,Memphis Grizzlies,L,,82,88,15,40,L 4
2013,ORL,2013-02-23,7:00p,,Cleveland Cavaliers,L,,94,118,15,41,L 5
2013,ORL,2013-02-26,7:00p,@,Philadelphia 76ers,W,,98,84,16,41,W 1
2013,ORL,2013-02-27,7:00p,,Sacramento Kings,L,,101,125,16,42,L 1
2013,ORL,2013-03-01,7:00p,,Houston Rockets,L,,110,118,16,43,L 2
2013,ORL,2013-03-03,6:00p,,Memphis Grizzlies,L,,82,108,16,44,L 3
2013,ORL,2013-03-04,8:00p,@,New Orleans Hornets,W,,105,102,17,44,W 1
2013,ORL,2013-03-06,7:30p,@,Miami Heat,L,,96,97,17,45,L 1
2013,ORL,2013-03-08,7:00p,,Indiana Pacers,L,,86,115,17,46,L 2
2013,ORL,2013-03-10,6:00p,,Philadelphia 76ers,W,,99,91,18,46,W 1
2013,ORL,2013-03-12,7:00p,,Los Angeles Lakers,L,,97,106,18,47,L 1
2013,ORL,2013-03-15,8:00p,@,Oklahoma City Thunder,L,,104,117,18,48,L 2
2013,ORL,2013-03-17,1:00p,@,Milwaukee Bucks,L,,109,115,18,49,L 3
2013,ORL,2013-03-19,7:00p,@,Indiana Pacers,L,,73,95,18,50,L 4
2013,ORL,2013-03-20,7:30p,@,New York Knicks,L,,94,106,18,51,L 5
2013,ORL,2013-03-22,7:00p,,Oklahoma City Thunder,L,,89,97,18,52,L 6
2013,ORL,2013-03-25,7:00p,,Miami Heat,L,,94,108,18,53,L 7
2013,ORL,2013-03-27,7:00p,@,Charlotte Bobcats,L,,108,114,18,54,L 8
2013,ORL,2013-03-29,7:00p,,Washington Wizards,W,,97,92,19,54,W 1
2013,ORL,2013-03-30,7:00p,@,Atlanta Hawks,L,,88,97,19,55,L 1
2013,ORL,2013-04-01,8:00p,@,Houston Rockets,L,,103,111,19,56,L 2
2013,ORL,2013-04-03,8:30p,@,San Antonio Spurs,L,,84,98,19,57,L 3
2013,ORL,2013-04-05,8:00p,@,Chicago Bulls,L,,86,87,19,58,L 4
2013,ORL,2013-04-07,6:00p,@,Cleveland Cavaliers,L,,85,91,19,59,L 5
2013,ORL,2013-04-10,7:00p,,Milwaukee Bucks,W,OT,113,103,20,59,W 1
2013,ORL,2013-04-13,7:00p,,Boston Celtics,L,,88,120,20,60,L 1
2013,ORL,2013-04-15,7:00p,,Chicago Bulls,L,,84,102,20,61,L 2
2013,ORL,2013-04-17,8:00p,@,Miami Heat,L,,93,105,20,62,L 3
2013,PHI,2012-10-31,7:00p,,Denver Nuggets,W,,84,75,1,0,W 1
2013,PHI,2012-11-04,12:00p,@,New York Knicks,L,,84,100,1,1,L 1
2013,PHI,2012-11-05,7:00p,,New York Knicks,L,,88,110,1,2,L 2
2013,PHI,2012-11-07,8:00p,@,New Orleans Hornets,W,,77,62,2,2,W 1
2013,PHI,2012-11-09,7:30p,@,Boston Celtics,W,,106,100,3,2,W 2
2013,PHI,2012-11-10,7:00p,@,Toronto Raptors,W,,93,83,4,2,W 3
2013,PHI,2012-11-12,7:00p,,Milwaukee Bucks,L,,96,105,4,3,L 1
2013,PHI,2012-11-14,7:00p,,Detroit Pistons,L,,76,94,4,4,L 2
2013,PHI,2012-11-16,7:00p,,Utah Jazz,W,,99,93,5,4,W 1
2013,PHI,2012-11-18,6:00p,,Cleveland Cavaliers,W,,86,79,6,4,W 2
2013,PHI,2012-11-20,7:00p,,Toronto Raptors,W,,106,98,7,4,W 3
2013,PHI,2012-11-21,7:00p,@,Cleveland Cavaliers,L,,83,92,7,5,L 1
2013,PHI,2012-11-24,7:00p,,Oklahoma City Thunder,L,OT,109,116,7,6,L 2
2013,PHI,2012-11-25,6:00p,,Phoenix Suns,W,,104,101,8,6,W 1
2013,PHI,2012-11-27,7:00p,,Dallas Mavericks,W,,100,98,9,6,W 2
2013,PHI,2012-11-30,7:00p,@,Charlotte Bobcats,W,,104,98,10,6,W 3
2013,PHI,2012-12-01,8:00p,@,Chicago Bulls,L,,88,93,10,7,L 1
2013,PHI,2012-12-04,7:00p,,Minnesota Timberwolves,L,,88,105,10,8,L 2
2013,PHI,2012-12-07,7:00p,,Boston Celtics,W,OT,95,94,11,8,W 1
2013,PHI,2012-12-08,7:30p,@,Boston Celtics,L,,79,92,11,9,L 1
2013,PHI,2012-12-10,7:00p,,Detroit Pistons,W,,104,97,12,9,W 1
2013,PHI,2012-12-12,7:30p,,Chicago Bulls,L,,89,96,12,10,L 1
2013,PHI,2012-12-14,7:00p,@,Indiana Pacers,L,,85,95,12,11,L 2
2013,PHI,2012-12-16,6:00p,,Los Angeles Lakers,L,,98,111,12,12,L 3
2013,PHI,2012-12-18,8:30p,@,Dallas Mavericks,L,,100,107,12,13,L 4
2013,PHI,2012-12-19,8:00p,@,Houston Rockets,L,,103,125,12,14,L 5
2013,PHI,2012-12-21,7:00p,,Atlanta Hawks,W,,99,80,13,14,W 1
2013,PHI,2012-12-23,3:00p,@,Brooklyn Nets,L,,92,95,13,15,L 1
2013,PHI,2012-12-26,8:00p,@,Memphis Grizzlies,W,,99,89,14,15,W 1
2013,PHI,2012-12-28,10:30p,@,Golden State Warriors,L,,89,96,14,16,L 1
2013,PHI,2012-12-29,10:00p,@,Portland Trail Blazers,L,,85,89,14,17,L 2
2013,PHI,2013-01-01,10:30p,@,Los Angeles Lakers,W,,103,99,15,17,W 1
2013,PHI,2013-01-02,9:00p,@,Phoenix Suns,L,,89,95,15,18,L 1
2013,PHI,2013-01-04,8:00p,@,Oklahoma City Thunder,L,,85,109,15,19,L 2
2013,PHI,2013-01-05,8:30p,@,San Antonio Spurs,L,,86,109,15,20,L 3
2013,PHI,2013-01-08,7:00p,,Brooklyn Nets,L,,89,109,15,21,L 4
2013,PHI,2013-01-09,7:00p,@,Toronto Raptors,L,,72,90,15,22,L 5
2013,PHI,2013-01-12,7:30p,,Houston Rockets,W,,107,100,16,22,W 1
2013,PHI,2013-01-15,7:00p,,New Orleans Hornets,L,,99,111,16,23,L 1
2013,PHI,2013-01-18,7:00p,,Toronto Raptors,W,OT,108,101,17,23,W 1
2013,PHI,2013-01-21,7:00p,,San Antonio Spurs,L,,85,90,17,24,L 1
2013,PHI,2013-01-22,8:00p,@,Milwaukee Bucks,L,,102,110,17,25,L 2
2013,PHI,2013-01-26,7:00p,,New York Knicks,W,,97,80,18,25,W 1
2013,PHI,2013-01-28,7:00p,,Memphis Grizzlies,L,,100,103,18,26,L 1
2013,PHI,2013-01-30,7:00p,,Washington Wizards,W,,92,84,19,26,W 1
2013,PHI,2013-02-01,7:30p,,Sacramento Kings,W,,89,80,20,26,W 2
2013,PHI,2013-02-04,7:00p,,Orlando Magic,W,,78,61,21,26,W 3
2013,PHI,2013-02-06,7:00p,,Indiana Pacers,L,,69,88,21,27,L 1
2013,PHI,2013-02-09,8:00p,,Charlotte Bobcats,W,,87,76,22,27,W 1
2013,PHI,2013-02-11,7:00p,,Los Angeles Clippers,L,,90,107,22,28,L 1
2013,PHI,2013-02-13,8:00p,@,Milwaukee Bucks,L,,92,94,22,29,L 2
2013,PHI,2013-02-20,8:00p,@,Minnesota Timberwolves,L,,87,94,22,30,L 3
2013,PHI,2013-02-23,7:30p,,Miami Heat,L,,90,114,22,31,L 4
2013,PHI,2013-02-24,7:00p,@,New York Knicks,L,,93,99,22,32,L 5
2013,PHI,2013-02-26,7:00p,,Orlando Magic,L,,84,98,22,33,L 6
2013,PHI,2013-02-28,8:00p,@,Chicago Bulls,L,,82,93,22,34,L 7
2013,PHI,2013-03-02,7:00p,,Golden State Warriors,W,,104,97,23,34,W 1
2013,PHI,2013-03-03,6:00p,@,Washington Wizards,L,,87,90,23,35,L 1
2013,PHI,2013-03-05,7:00p,,Boston Celtics,L,,101,109,23,36,L 2
2013,PHI,2013-03-06,7:30p,@,Atlanta Hawks,L,,96,107,23,37,L 3
2013,PHI,2013-03-08,8:00p,@,Miami Heat,L,,93,102,23,38,L 4
2013,PHI,2013-03-10,6:00p,@,Orlando Magic,L,,91,99,23,39,L 5
2013,PHI,2013-03-11,7:00p,,Brooklyn Nets,W,,106,97,24,39,W 1
2013,PHI,2013-03-13,7:00p,,Miami Heat,L,,94,98,24,40,L 1
2013,PHI,2013-03-16,7:30p,,Indiana Pacers,W,,98,91,25,40,W 1
2013,PHI,2013-03-18,7:00p,,Portland Trail Blazers,W,,101,100,26,40,W 2
2013,PHI,2013-03-20,10:30p,@,Los Angeles Clippers,L,,72,101,26,41,L 1
2013,PHI,2013-03-21,9:00p,@,Denver Nuggets,L,,100,101,26,42,L 2
2013,PHI,2013-03-24,9:00p,@,Sacramento Kings,W,,117,103,27,42,W 1
2013,PHI,2013-03-25,9:00p,@,Utah Jazz,L,,91,107,27,43,L 1
2013,PHI,2013-03-27,7:00p,,Milwaukee Bucks,W,,100,92,28,43,W 1
2013,PHI,2013-03-29,7:30p,@,Cleveland Cavaliers,W,,97,87,29,43,W 2
2013,PHI,2013-03-30,8:00p,,Charlotte Bobcats,W,,100,92,30,43,W 3
2013,PHI,2013-04-03,7:00p,@,Charlotte Bobcats,L,,83,88,30,44,L 1
2013,PHI,2013-04-05,7:30p,@,Atlanta Hawks,W,,101,90,31,44,W 1
2013,PHI,2013-04-06,7:30p,@,Miami Heat,L,,87,106,31,45,L 1
2013,PHI,2013-04-09,7:30p,@,Brooklyn Nets,L,,83,104,31,46,L 2
2013,PHI,2013-04-10,7:00p,,Atlanta Hawks,L,,101,124,31,47,L 3
2013,PHI,2013-04-12,7:00p,@,Washington Wizards,W,,97,86,32,47,W 1
2013,PHI,2013-04-14,3:30p,,Cleveland Cavaliers,W,,91,77,33,47,W 2
2013,PHI,2013-04-15,7:30p,@,Detroit Pistons,L,,101,109,33,48,L 1
2013,PHI,2013-04-17,8:00p,@,Indiana Pacers,W,,105,95,34,48,W 1
2013,PHO,2012-10-31,10:00p,,Golden State Warriors,L,,85,87,0,1,L 1
2013,PHO,2012-11-02,10:00p,,Detroit Pistons,W,,92,89,1,1,W 1
2013,PHO,2012-11-04,6:00p,@,Orlando Magic,L,,94,115,1,2,L 1
2013,PHO,2012-11-05,7:30p,@,Miami Heat,L,,99,124,1,3,L 2
2013,PHO,2012-11-07,7:00p,@,Charlotte Bobcats,W,,117,110,2,3,W 1
2013,PHO,2012-11-09,9:00p,,Cleveland Cavaliers,W,,107,105,3,3,W 2
2013,PHO,2012-11-10,9:00p,@,Utah Jazz,L,,81,94,3,4,L 1
2013,PHO,2012-11-12,9:00p,,Denver Nuggets,W,,110,100,4,4,W 1
2013,PHO,2012-11-14,9:00p,,Chicago Bulls,L,OT,106,112,4,5,L 1
2013,PHO,2012-11-16,10:30p,@,Los Angeles Lakers,L,,102,114,4,6,L 2
2013,PHO,2012-11-17,9:00p,,Miami Heat,L,,88,97,4,7,L 3
2013,PHO,2012-11-21,9:00p,,Portland Trail Blazers,W,,114,87,5,7,W 1
2013,PHO,2012-11-23,9:00p,,New Orleans Hornets,W,OT,111,108,6,7,W 2
2013,PHO,2012-11-25,6:00p,@,Philadelphia 76ers,L,,101,104,6,8,L 1
2013,PHO,2012-11-27,7:00p,@,Cleveland Cavaliers,W,,91,78,7,8,W 1
2013,PHO,2012-11-28,7:30p,@,Detroit Pistons,L,,77,117,7,9,L 1
2013,PHO,2012-11-30,7:00p,@,Toronto Raptors,L,,97,101,7,10,L 2
2013,PHO,2012-12-02,12:00p,@,New York Knicks,L,,99,106,7,11,L 3
2013,PHO,2012-12-04,8:00p,@,Memphis Grizzlies,L,OT,98,108,7,12,L 4
2013,PHO,2012-12-06,10:30p,,Dallas Mavericks,L,,94,97,7,13,L 5
2013,PHO,2012-12-08,3:30p,@,Los Angeles Clippers,L,,99,117,7,14,L 6
2013,PHO,2012-12-09,8:00p,,Orlando Magic,L,,90,98,7,15,L 7
2013,PHO,2012-12-12,9:00p,,Memphis Grizzlies,W,,82,80,8,15,W 1
2013,PHO,2012-12-14,9:00p,,Utah Jazz,W,,99,84,9,15,W 2
2013,PHO,2012-12-17,9:00p,,Sacramento Kings,W,,101,90,10,15,W 3
2013,PHO,2012-12-19,9:00p,,Charlotte Bobcats,W,,121,104,11,15,W 4
2013,PHO,2012-12-22,10:00p,@,Portland Trail Blazers,L,,93,96,11,16,L 1
2013,PHO,2012-12-23,8:00p,,Los Angeles Clippers,L,,77,103,11,17,L 2
2013,PHO,2012-12-26,9:00p,,New York Knicks,L,,97,99,11,18,L 3
2013,PHO,2012-12-28,7:00p,@,Indiana Pacers,L,,91,97,11,19,L 4
2013,PHO,2012-12-29,8:00p,@,Minnesota Timberwolves,L,,107,111,11,20,L 5
2013,PHO,2012-12-31,8:00p,@,Oklahoma City Thunder,L,,96,114,11,21,L 6
2013,PHO,2013-01-02,9:00p,,Philadelphia 76ers,W,,95,89,12,21,W 1
2013,PHO,2013-01-04,9:00p,,Utah Jazz,L,,80,87,12,22,L 1
2013,PHO,2013-01-06,8:00p,,Memphis Grizzlies,L,,81,92,12,23,L 2
2013,PHO,2013-01-08,8:00p,@,Milwaukee Bucks,L,,99,108,12,24,L 3
2013,PHO,2013-01-09,7:30p,@,Boston Celtics,L,,79,87,12,25,L 4
2013,PHO,2013-01-11,7:30p,@,Brooklyn Nets,L,,79,99,12,26,L 5
2013,PHO,2013-01-12,8:00p,@,Chicago Bulls,W,,97,81,13,26,W 1
2013,PHO,2013-01-14,9:00p,,Oklahoma City Thunder,L,,90,102,13,27,L 1
2013,PHO,2013-01-17,9:00p,,Milwaukee Bucks,L,,94,98,13,28,L 2
2013,PHO,2013-01-23,10:00p,@,Sacramento Kings,W,,106,96,14,28,W 1
2013,PHO,2013-01-24,10:30p,,Los Angeles Clippers,W,,93,88,15,28,W 2
2013,PHO,2013-01-26,8:30p,@,San Antonio Spurs,L,,99,108,15,29,L 1
2013,PHO,2013-01-27,7:30p,@,Dallas Mavericks,L,,95,110,15,30,L 2
2013,PHO,2013-01-30,10:30p,,Los Angeles Lakers,W,,92,86,16,30,W 1
2013,PHO,2013-02-01,9:00p,,Dallas Mavericks,L,,99,109,16,31,L 1
2013,PHO,2013-02-02,10:30p,@,Golden State Warriors,L,,93,113,16,32,L 2
2013,PHO,2013-02-05,8:00p,@,Memphis Grizzlies,W,,96,90,17,32,W 1
2013,PHO,2013-02-06,8:00p,@,New Orleans Hornets,L,,84,93,17,33,L 1
2013,PHO,2013-02-08,8:00p,@,Oklahoma City Thunder,L,,96,127,17,34,L 2
2013,PHO,2013-02-10,8:00p,,Oklahoma City Thunder,L,,69,97,17,35,L 3
2013,PHO,2013-02-12,10:30p,@,Los Angeles Lakers,L,,85,91,17,36,L 4
2013,PHO,2013-02-19,10:00p,@,Portland Trail Blazers,W,,102,98,18,36,W 1
2013,PHO,2013-02-20,10:30p,@,Golden State Warriors,L,,98,108,18,37,L 1
2013,PHO,2013-02-22,9:00p,,Boston Celtics,L,,88,113,18,38,L 2
2013,PHO,2013-02-24,8:00p,,San Antonio Spurs,L,,87,97,18,39,L 3
2013,PHO,2013-02-26,9:00p,,Minnesota Timberwolves,W,OT,84,83,19,39,W 1
2013,PHO,2013-02-27,8:30p,@,San Antonio Spurs,W,OT,105,101,20,39,W 2
2013,PHO,2013-03-01,9:00p,,Atlanta Hawks,W,,92,87,21,39,W 3
2013,PHO,2013-03-06,9:00p,,Toronto Raptors,L,,71,98,21,40,L 1
2013,PHO,2013-03-08,10:00p,@,Sacramento Kings,L,,112,121,21,41,L 2
2013,PHO,2013-03-09,9:00p,,Houston Rockets,W,,107,105,22,41,W 1
2013,PHO,2013-03-11,10:00p,,Denver Nuggets,L,,93,108,22,42,L 1
2013,PHO,2013-03-13,8:00p,@,Houston Rockets,L,,81,111,22,43,L 2
2013,PHO,2013-03-15,7:30p,@,Atlanta Hawks,L,,94,107,22,44,L 3
2013,PHO,2013-03-16,7:00p,@,Washington Wizards,L,,105,127,22,45,L 4
2013,PHO,2013-03-18,10:00p,,Los Angeles Lakers,W,,99,76,23,45,W 1
2013,PHO,2013-03-20,10:00p,,Washington Wizards,L,,79,88,23,46,L 1
2013,PHO,2013-03-22,10:00p,,Minnesota Timberwolves,L,,86,117,23,47,L 2
2013,PHO,2013-03-24,9:00p,,Brooklyn Nets,L,,100,102,23,48,L 3
2013,PHO,2013-03-27,9:00p,@,Utah Jazz,L,,88,103,23,49,L 4
2013,PHO,2013-03-28,10:00p,,Sacramento Kings,L,,103,117,23,50,L 5
2013,PHO,2013-03-30,10:00p,,Indiana Pacers,L,,104,112,23,51,L 6
2013,PHO,2013-04-03,10:30p,@,Los Angeles Clippers,L,,101,126,23,52,L 7
2013,PHO,2013-04-05,10:00p,,Golden State Warriors,L,,107,111,23,53,L 8
2013,PHO,2013-04-07,9:00p,,New Orleans Hornets,L,,92,95,23,54,L 9
2013,PHO,2013-04-09,8:00p,@,Houston Rockets,L,,98,101,23,55,L 10
2013,PHO,2013-04-10,8:30p,@,Dallas Mavericks,W,,102,91,24,55,W 1
2013,PHO,2013-04-13,8:00p,@,Minnesota Timberwolves,L,,93,105,24,56,L 1
2013,PHO,2013-04-15,10:00p,,Houston Rockets,W,,119,112,25,56,W 1
2013,PHO,2013-04-17,8:00p,@,Denver Nuggets,L,,98,118,25,57,L 1
2013,POR,2012-10-31,10:30p,,Los Angeles Lakers,W,,116,106,1,0,W 1
2013,POR,2012-11-02,8:00p,@,Oklahoma City Thunder,L,,92,106,1,1,L 1
2013,POR,2012-11-03,8:00p,@,Houston Rockets,W,OT,95,85,2,1,W 1
2013,POR,2012-11-05,8:30p,@,Dallas Mavericks,L,,91,114,2,2,L 1
2013,POR,2012-11-08,10:30p,,Los Angeles Clippers,L,,90,103,2,3,L 2
2013,POR,2012-11-10,10:00p,,San Antonio Spurs,L,,109,112,2,4,L 3
2013,POR,2012-11-12,10:00p,,Atlanta Hawks,L,,87,95,2,5,L 4
2013,POR,2012-11-13,10:00p,@,Sacramento Kings,W,,103,86,3,5,W 1
2013,POR,2012-11-16,10:00p,,Houston Rockets,W,OT,119,117,4,5,W 2
2013,POR,2012-11-18,9:00p,,Chicago Bulls,W,,102,94,5,5,W 3
2013,POR,2012-11-21,9:00p,@,Phoenix Suns,L,,87,114,5,6,L 1
2013,POR,2012-11-23,10:00p,,Minnesota Timberwolves,W,,103,95,6,6,W 1
2013,POR,2012-11-25,3:00p,@,Brooklyn Nets,L,,85,98,6,7,L 1
2013,POR,2012-11-26,7:30p,@,Detroit Pistons,L,,101,108,6,8,L 2
2013,POR,2012-11-28,7:00p,@,Washington Wizards,L,,82,84,6,9,L 3
2013,POR,2012-11-30,7:30p,@,Boston Celtics,L,,78,96,6,10,L 4
2013,POR,2012-12-01,7:30p,@,Cleveland Cavaliers,W,2OT,118,117,7,10,W 1
2013,POR,2012-12-03,7:00p,@,Charlotte Bobcats,W,OT,118,112,8,10,W 2
2013,POR,2012-12-05,7:00p,@,Indiana Pacers,L,,92,99,8,11,L 1
2013,POR,2012-12-08,10:00p,,Sacramento Kings,L,,80,99,8,12,L 2
2013,POR,2012-12-10,10:00p,,Toronto Raptors,W,,92,74,9,12,W 1
2013,POR,2012-12-13,10:30p,,San Antonio Spurs,W,,98,90,10,12,W 2
2013,POR,2012-12-16,9:00p,,New Orleans Hornets,W,,95,94,11,12,W 3
2013,POR,2012-12-20,10:00p,,Denver Nuggets,W,,101,93,12,12,W 4
2013,POR,2012-12-22,10:00p,,Phoenix Suns,W,,96,93,13,12,W 5
2013,POR,2012-12-23,9:00p,@,Sacramento Kings,L,,96,108,13,13,L 1
2013,POR,2012-12-26,10:00p,,Sacramento Kings,W,,109,91,14,13,W 1
2013,POR,2012-12-28,10:30p,@,Los Angeles Lakers,L,,87,104,14,14,L 1
2013,POR,2012-12-29,10:00p,,Philadelphia 76ers,W,,89,85,15,14,W 1
2013,POR,2013-01-01,7:30p,@,New York Knicks,W,,105,100,16,14,W 2
2013,POR,2013-01-02,7:00p,@,Toronto Raptors,L,,79,102,16,15,L 1
2013,POR,2013-01-04,8:00p,@,Memphis Grizzlies,W,,86,84,17,15,W 1
2013,POR,2013-01-05,8:00p,@,Minnesota Timberwolves,W,,102,97,18,15,W 2
2013,POR,2013-01-07,10:00p,,Orlando Magic,W,OT,125,119,19,15,W 3
2013,POR,2013-01-10,10:30p,,Miami Heat,W,,92,90,20,15,W 4
2013,POR,2013-01-11,10:30p,@,Golden State Warriors,L,,97,103,20,16,L 1
2013,POR,2013-01-13,9:00p,,Oklahoma City Thunder,L,,83,87,20,17,L 2
2013,POR,2013-01-15,9:00p,@,Denver Nuggets,L,OT,111,115,20,18,L 3
2013,POR,2013-01-16,10:00p,,Cleveland Cavaliers,L,,88,93,20,19,L 4
2013,POR,2013-01-19,10:00p,,Milwaukee Bucks,L,,104,110,20,20,L 5
2013,POR,2013-01-21,10:00p,,Washington Wizards,L,,95,98,20,21,L 6
2013,POR,2013-01-23,10:00p,,Indiana Pacers,W,,100,80,21,21,W 1
2013,POR,2013-01-26,10:00p,,Los Angeles Clippers,W,,101,100,22,21,W 2
2013,POR,2013-01-27,9:30p,@,Los Angeles Clippers,L,,83,96,22,22,L 1
2013,POR,2013-01-29,10:00p,,Dallas Mavericks,W,,106,104,23,22,W 1
2013,POR,2013-02-01,9:00p,@,Utah Jazz,L,,77,86,23,23,L 1
2013,POR,2013-02-02,10:00p,,Utah Jazz,W,,105,99,24,23,W 1
2013,POR,2013-02-04,8:00p,@,Minnesota Timberwolves,W,,100,98,25,23,W 2
2013,POR,2013-02-06,8:30p,@,Dallas Mavericks,L,,99,105,25,24,L 1
2013,POR,2013-02-08,8:00p,@,Houston Rockets,L,,103,118,25,25,L 2
2013,POR,2013-02-10,6:00p,@,Orlando Magic,L,,104,110,25,26,L 3
2013,POR,2013-02-12,7:30p,@,Miami Heat,L,,104,117,25,27,L 4
2013,POR,2013-02-13,8:00p,@,New Orleans Hornets,L,,63,99,25,28,L 5
2013,POR,2013-02-19,10:00p,,Phoenix Suns,L,,98,102,25,29,L 6
2013,POR,2013-02-22,10:30p,@,Los Angeles Lakers,L,,107,111,25,30,L 7
2013,POR,2013-02-24,9:00p,,Boston Celtics,W,,92,86,26,30,W 1
2013,POR,2013-02-27,10:30p,,Denver Nuggets,L,,109,111,26,31,L 1
2013,POR,2013-03-02,10:00p,,Minnesota Timberwolves,W,,109,94,27,31,W 1
2013,POR,2013-03-04,10:00p,,Charlotte Bobcats,W,,122,105,28,31,W 2
2013,POR,2013-03-06,8:00p,@,Memphis Grizzlies,L,,85,91,28,32,L 1
2013,POR,2013-03-08,8:30p,@,San Antonio Spurs,W,,136,106,29,32,W 1
2013,POR,2013-03-10,7:00p,@,New Orleans Hornets,L,,96,98,29,33,L 1
2013,POR,2013-03-12,10:00p,,Memphis Grizzlies,L,,97,102,29,34,L 2
2013,POR,2013-03-14,10:30p,,New York Knicks,W,,105,90,30,34,W 1
2013,POR,2013-03-16,10:00p,,Detroit Pistons,W,,112,101,31,34,W 2
2013,POR,2013-03-18,7:00p,@,Philadelphia 76ers,L,,100,101,31,35,L 1
2013,POR,2013-03-19,8:00p,@,Milwaukee Bucks,L,,95,102,31,36,L 2
2013,POR,2013-03-21,8:00p,@,Chicago Bulls,W,,99,89,32,36,W 1
2013,POR,2013-03-22,7:30p,@,Atlanta Hawks,W,,104,93,33,36,W 2
2013,POR,2013-03-24,7:00p,@,Oklahoma City Thunder,L,,83,103,33,37,L 1
2013,POR,2013-03-27,10:30p,,Brooklyn Nets,L,,93,111,33,38,L 2
2013,POR,2013-03-29,10:00p,,Utah Jazz,L,,95,105,33,39,L 3
2013,POR,2013-03-30,10:30p,@,Golden State Warriors,L,,98,125,33,40,L 4
2013,POR,2013-04-01,9:00p,@,Utah Jazz,L,,102,112,33,41,L 5
2013,POR,2013-04-03,10:00p,,Memphis Grizzlies,L,,76,94,33,42,L 6
2013,POR,2013-04-05,10:30p,,Houston Rockets,L,,98,116,33,43,L 7
2013,POR,2013-04-07,9:00p,,Dallas Mavericks,L,,91,96,33,44,L 8
2013,POR,2013-04-10,10:00p,,Los Angeles Lakers,L,,106,113,33,45,L 9
2013,POR,2013-04-12,10:00p,,Oklahoma City Thunder,L,,90,106,33,46,L 10
2013,POR,2013-04-14,5:00p,@,Denver Nuggets,L,,109,118,33,47,L 11
2013,POR,2013-04-16,10:30p,@,Los Angeles Clippers,L,,77,93,33,48,L 12
2013,POR,2013-04-17,10:30p,,Golden State Warriors,L,,88,99,33,49,L 13
2013,SAC,2012-10-31,8:00p,@,Chicago Bulls,L,,87,93,0,1,L 1
2013,SAC,2012-11-02,8:00p,@,Minnesota Timberwolves,L,,80,92,0,2,L 2
2013,SAC,2012-11-03,7:00p,@,Indiana Pacers,L,2OT,98,106,0,3,L 3
2013,SAC,2012-11-05,10:00p,,Golden State Warriors,W,,94,92,1,3,W 1
2013,SAC,2012-11-07,10:00p,,Detroit Pistons,W,,105,103,2,3,W 2
2013,SAC,2012-11-09,10:00p,,San Antonio Spurs,L,,86,97,2,4,L 1
2013,SAC,2012-11-11,9:30p,@,Los Angeles Lakers,L,,90,103,2,5,L 2
2013,SAC,2012-11-13,10:00p,,Portland Trail Blazers,L,,86,103,2,6,L 3
2013,SAC,2012-11-16,10:00p,,Atlanta Hawks,L,,96,112,2,7,L 4
2013,SAC,2012-11-18,6:00p,,Brooklyn Nets,L,,90,99,2,8,L 5
2013,SAC,2012-11-21,10:00p,,Los Angeles Lakers,W,,113,97,3,8,W 1
2013,SAC,2012-11-23,9:00p,@,Utah Jazz,L,,102,104,3,9,L 1
2013,SAC,2012-11-24,10:00p,,Utah Jazz,W,,108,97,4,9,W 1
2013,SAC,2012-11-27,10:00p,,Minnesota Timberwolves,L,,89,97,4,10,L 1
2013,SAC,2012-11-30,10:00p,,Indiana Pacers,L,,92,97,4,11,L 2
2013,SAC,2012-12-01,10:30p,@,Los Angeles Clippers,L,,81,116,4,12,L 3
2013,SAC,2012-12-05,10:00p,,Toronto Raptors,W,,107,100,5,12,W 1
2013,SAC,2012-12-07,10:00p,,Orlando Magic,W,,91,82,6,12,W 2
2013,SAC,2012-12-08,10:00p,@,Portland Trail Blazers,W,,99,80,7,12,W 3
2013,SAC,2012-12-10,8:30p,@,Dallas Mavericks,L,,96,119,7,13,L 1
2013,SAC,2012-12-12,8:00p,@,Milwaukee Bucks,L,,85,98,7,14,L 2
2013,SAC,2012-12-14,8:00p,@,Oklahoma City Thunder,L,,103,113,7,15,L 3
2013,SAC,2012-12-16,6:00p,,Denver Nuggets,L,,97,122,7,16,L 4
2013,SAC,2012-12-17,9:00p,@,Phoenix Suns,L,,90,101,7,17,L 5
2013,SAC,2012-12-19,10:00p,,Golden State Warriors,W,,131,127,8,17,W 1
2013,SAC,2012-12-21,10:30p,@,Los Angeles Clippers,L,,85,97,8,18,L 1
2013,SAC,2012-12-23,9:00p,,Portland Trail Blazers,W,,108,96,9,18,W 1
2013,SAC,2012-12-26,10:00p,@,Portland Trail Blazers,L,,91,109,9,19,L 1
2013,SAC,2012-12-28,10:00p,,New York Knicks,W,,106,105,10,19,W 1
2013,SAC,2012-12-30,9:00p,,Boston Celtics,W,,118,96,11,19,W 2
2013,SAC,2013-01-01,7:30p,@,Detroit Pistons,L,,97,103,11,20,L 1
2013,SAC,2013-01-02,7:00p,@,Cleveland Cavaliers,W,,97,94,12,20,W 1
2013,SAC,2013-01-04,7:00p,@,Toronto Raptors,W,,105,96,13,20,W 2
2013,SAC,2013-01-05,7:30p,@,Brooklyn Nets,L,,93,113,13,21,L 1
2013,SAC,2013-01-07,10:00p,,Memphis Grizzlies,L,,81,113,13,22,L 2
2013,SAC,2013-01-10,10:00p,,Dallas Mavericks,L,OT,112,117,13,23,L 3
2013,SAC,2013-01-12,10:00p,,Miami Heat,L,,99,128,13,24,L 4
2013,SAC,2013-01-14,10:00p,,Cleveland Cavaliers,W,,124,118,14,24,W 1
2013,SAC,2013-01-16,10:00p,,Washington Wizards,W,,95,94,15,24,W 2
2013,SAC,2013-01-18,8:00p,@,Memphis Grizzlies,L,,69,85,15,25,L 1
2013,SAC,2013-01-19,7:00p,@,Charlotte Bobcats,W,,97,93,16,25,W 1
2013,SAC,2013-01-21,1:00p,@,New Orleans Hornets,L,,105,114,16,26,L 1
2013,SAC,2013-01-23,10:00p,,Phoenix Suns,L,,96,106,16,27,L 2
2013,SAC,2013-01-25,10:00p,,Oklahoma City Thunder,L,,95,105,16,28,L 3
2013,SAC,2013-01-26,9:00p,@,Denver Nuggets,L,,93,121,16,29,L 4
2013,SAC,2013-01-28,7:00p,@,Washington Wizards,W,,96,94,17,29,W 1
2013,SAC,2013-01-30,7:30p,@,Boston Celtics,L,,81,99,17,30,L 1
2013,SAC,2013-02-01,7:30p,@,Philadelphia 76ers,L,,80,89,17,31,L 2
2013,SAC,2013-02-02,7:30p,@,New York Knicks,L,,81,120,17,32,L 3
2013,SAC,2013-02-04,9:00p,@,Utah Jazz,L,OT,91,98,17,33,L 4
2013,SAC,2013-02-09,10:00p,,Utah Jazz,W,,120,109,18,33,W 1
2013,SAC,2013-02-10,9:00p,,Houston Rockets,W,,117,111,19,33,W 2
2013,SAC,2013-02-12,8:00p,@,Memphis Grizzlies,L,,101,108,19,34,L 1
2013,SAC,2013-02-13,8:30p,@,Dallas Mavericks,L,,100,123,19,35,L 2
2013,SAC,2013-02-19,10:00p,,San Antonio Spurs,L,,102,108,19,36,L 3
2013,SAC,2013-02-22,7:30p,@,Atlanta Hawks,L,,108,122,19,37,L 4
2013,SAC,2013-02-24,6:00p,@,New Orleans Hornets,L,,95,110,19,38,L 5
2013,SAC,2013-02-26,7:30p,@,Miami Heat,L,2OT,129,141,19,39,L 6
2013,SAC,2013-02-27,7:00p,@,Orlando Magic,W,,125,101,20,39,W 1
2013,SAC,2013-03-01,8:30p,@,San Antonio Spurs,L,,102,130,20,40,L 1
2013,SAC,2013-03-03,6:00p,,Charlotte Bobcats,W,,119,83,21,40,W 1
2013,SAC,2013-03-05,10:00p,,Denver Nuggets,L,,113,120,21,41,L 1
2013,SAC,2013-03-06,10:30p,@,Golden State Warriors,L,,83,87,21,42,L 2
2013,SAC,2013-03-08,10:00p,,Phoenix Suns,W,,121,112,22,42,W 1
2013,SAC,2013-03-10,9:00p,,Milwaukee Bucks,L,,113,115,22,43,L 1
2013,SAC,2013-03-13,10:00p,,Chicago Bulls,W,,121,79,23,43,W 1
2013,SAC,2013-03-17,9:30p,@,Los Angeles Lakers,L,,102,113,23,44,L 1
2013,SAC,2013-03-19,10:00p,,Los Angeles Clippers,W,,116,101,24,44,W 1
2013,SAC,2013-03-21,10:00p,,Minnesota Timberwolves,W,,101,98,25,44,W 2
2013,SAC,2013-03-23,9:00p,@,Denver Nuggets,L,,95,101,25,45,L 1
2013,SAC,2013-03-24,9:00p,,Philadelphia 76ers,L,,103,117,25,46,L 2
2013,SAC,2013-03-27,10:30p,@,Golden State Warriors,W,,105,98,26,46,W 1
2013,SAC,2013-03-28,10:00p,@,Phoenix Suns,W,,117,103,27,46,W 2
2013,SAC,2013-03-30,10:00p,,Los Angeles Lakers,L,,98,103,27,47,L 1
2013,SAC,2013-04-03,10:00p,,Houston Rockets,L,,102,112,27,48,L 2
2013,SAC,2013-04-05,10:00p,,Dallas Mavericks,L,,108,117,27,49,L 3
2013,SAC,2013-04-07,6:00p,,Memphis Grizzlies,L,,87,89,27,50,L 4
2013,SAC,2013-04-10,10:00p,,New Orleans Hornets,W,,121,110,28,50,W 1
2013,SAC,2013-04-12,8:30p,@,San Antonio Spurs,L,,101,108,28,51,L 1
2013,SAC,2013-04-14,7:00p,@,Houston Rockets,L,,100,121,28,52,L 2
2013,SAC,2013-04-15,8:00p,@,Oklahoma City Thunder,L,,95,104,28,53,L 3
2013,SAC,2013-04-17,10:30p,,Los Angeles Clippers,L,,108,112,28,54,L 4
2013,SAS,2012-10-31,8:00p,@,New Orleans Hornets,W,,99,95,1,0,W 1
2013,SAS,2012-11-01,9:30p,,Oklahoma City Thunder,W,,86,84,2,0,W 2
2013,SAS,2012-11-03,8:30p,,Utah Jazz,W,,110,100,3,0,W 3
2013,SAS,2012-11-05,8:30p,,Indiana Pacers,W,,101,79,4,0,W 4
2013,SAS,2012-11-07,10:30p,@,Los Angeles Clippers,L,,84,106,4,1,L 1
2013,SAS,2012-11-09,10:00p,@,Sacramento Kings,W,,97,86,5,1,W 1
2013,SAS,2012-11-10,10:00p,@,Portland Trail Blazers,W,,112,109,6,1,W 2
2013,SAS,2012-11-13,10:30p,@,Los Angeles Lakers,W,,84,82,7,1,W 3
2013,SAS,2012-11-15,8:30p,,New York Knicks,L,,100,104,7,2,L 1
2013,SAS,2012-11-17,8:30p,,Denver Nuggets,W,,126,100,8,2,W 1
2013,SAS,2012-11-19,8:30p,,Los Angeles Clippers,L,,87,92,8,3,L 1
2013,SAS,2012-11-21,7:30p,@,Boston Celtics,W,,112,100,9,3,W 1
2013,SAS,2012-11-23,8:00p,@,Indiana Pacers,W,,104,97,10,3,W 2
2013,SAS,2012-11-25,1:00p,@,Toronto Raptors,W,2OT,111,106,11,3,W 3
2013,SAS,2012-11-26,7:00p,@,Washington Wizards,W,,118,92,12,3,W 4
2013,SAS,2012-11-28,7:00p,@,Orlando Magic,W,,110,89,13,3,W 5
2013,SAS,2012-11-29,8:00p,@,Miami Heat,L,,100,105,13,4,L 1
2013,SAS,2012-12-01,8:30p,,Memphis Grizzlies,W,OT,99,95,14,4,W 1
2013,SAS,2012-12-05,8:30p,,Milwaukee Bucks,W,,110,99,15,4,W 2
2013,SAS,2012-12-07,8:30p,,Houston Rockets,W,,114,92,16,4,W 3
2013,SAS,2012-12-08,7:00p,@,Charlotte Bobcats,W,,132,102,17,4,W 4
2013,SAS,2012-12-10,8:00p,@,Houston Rockets,W,OT,134,126,18,4,W 5
2013,SAS,2012-12-12,10:30p,@,Utah Jazz,L,,96,99,18,5,L 1
2013,SAS,2012-12-13,10:30p,@,Portland Trail Blazers,L,,90,98,18,6,L 2
2013,SAS,2012-12-15,8:30p,,Boston Celtics,W,,103,88,19,6,W 1
2013,SAS,2012-12-17,8:00p,@,Oklahoma City Thunder,L,,93,107,19,7,L 1
2013,SAS,2012-12-18,9:00p,@,Denver Nuggets,L,,106,112,19,8,L 2
2013,SAS,2012-12-21,8:30p,,New Orleans Hornets,W,,99,94,20,8,W 1
2013,SAS,2012-12-23,7:00p,,Dallas Mavericks,W,,129,91,21,8,W 2
2013,SAS,2012-12-26,8:30p,,Toronto Raptors,W,,100,80,22,8,W 3
2013,SAS,2012-12-28,8:30p,,Houston Rockets,W,,122,116,23,8,W 4
2013,SAS,2012-12-30,7:30p,@,Dallas Mavericks,W,,111,86,24,8,W 5
2013,SAS,2012-12-31,7:00p,,Brooklyn Nets,W,,104,73,25,8,W 6
2013,SAS,2013-01-02,8:00p,@,Milwaukee Bucks,W,,117,110,26,8,W 7
2013,SAS,2013-01-03,7:30p,@,New York Knicks,L,,83,100,26,9,L 1
2013,SAS,2013-01-05,8:30p,,Philadelphia 76ers,W,,109,86,27,9,W 1
2013,SAS,2013-01-07,8:00p,@,New Orleans Hornets,L,,88,95,27,10,L 1
2013,SAS,2013-01-09,8:00p,,Los Angeles Lakers,W,,108,105,28,10,W 1
2013,SAS,2013-01-11,8:00p,@,Memphis Grizzlies,L,OT,98,101,28,11,L 1
2013,SAS,2013-01-13,7:00p,,Minnesota Timberwolves,W,,106,88,29,11,W 1
2013,SAS,2013-01-16,8:30p,,Memphis Grizzlies,W,,103,82,30,11,W 2
2013,SAS,2013-01-18,8:30p,,Golden State Warriors,W,,95,88,31,11,W 3
2013,SAS,2013-01-19,7:00p,@,Atlanta Hawks,W,,98,93,32,11,W 4
2013,SAS,2013-01-21,7:00p,@,Philadelphia 76ers,W,,90,85,33,11,W 5
2013,SAS,2013-01-23,8:30p,,New Orleans Hornets,W,,106,102,34,11,W 6
2013,SAS,2013-01-25,8:00p,@,Dallas Mavericks,W,,113,107,35,11,W 7
2013,SAS,2013-01-26,8:30p,,Phoenix Suns,W,,108,99,36,11,W 8
2013,SAS,2013-01-30,8:30p,,Charlotte Bobcats,W,,102,78,37,11,W 9
2013,SAS,2013-02-02,8:30p,,Washington Wizards,W,,96,86,38,11,W 10
2013,SAS,2013-02-06,9:00p,@,Minnesota Timberwolves,W,,104,94,39,11,W 11
2013,SAS,2013-02-08,7:30p,@,Detroit Pistons,L,,109,119,39,12,L 1
2013,SAS,2013-02-10,8:00p,@,Brooklyn Nets,W,,111,86,40,12,W 1
2013,SAS,2013-02-11,8:00p,@,Chicago Bulls,W,,103,89,41,12,W 2
2013,SAS,2013-02-13,7:00p,@,Cleveland Cavaliers,W,,96,95,42,12,W 3
2013,SAS,2013-02-19,10:00p,@,Sacramento Kings,W,,108,102,43,12,W 4
2013,SAS,2013-02-21,10:30p,@,Los Angeles Clippers,W,,116,90,44,12,W 5
2013,SAS,2013-02-22,10:30p,@,Golden State Warriors,L,OT,101,107,44,13,L 1
2013,SAS,2013-02-24,8:00p,@,Phoenix Suns,W,,97,87,45,13,W 1
2013,SAS,2013-02-27,8:30p,,Phoenix Suns,L,OT,101,105,45,14,L 1
2013,SAS,2013-03-01,8:30p,,Sacramento Kings,W,,130,102,46,14,W 1
2013,SAS,2013-03-03,7:00p,,Detroit Pistons,W,,114,75,47,14,W 2
2013,SAS,2013-03-06,9:00p,,Chicago Bulls,W,,101,83,48,14,W 3
2013,SAS,2013-03-08,8:30p,,Portland Trail Blazers,L,,106,136,48,15,L 1
2013,SAS,2013-03-11,8:30p,,Oklahoma City Thunder,W,,105,93,49,15,W 1
2013,SAS,2013-03-12,8:00p,@,Minnesota Timberwolves,L,,83,107,49,16,L 1
2013,SAS,2013-03-14,8:00p,,Dallas Mavericks,W,,92,91,50,16,W 1
2013,SAS,2013-03-16,8:30p,,Cleveland Cavaliers,W,,119,113,51,16,W 2
2013,SAS,2013-03-20,8:30p,,Golden State Warriors,W,,104,93,52,16,W 3
2013,SAS,2013-03-22,8:30p,,Utah Jazz,W,OT,104,97,53,16,W 4
2013,SAS,2013-03-24,7:00p,@,Houston Rockets,L,,95,96,53,17,L 1
2013,SAS,2013-03-27,8:30p,,Denver Nuggets,W,,100,99,54,17,W 1
2013,SAS,2013-03-29,8:30p,,Los Angeles Clippers,W,,104,102,55,17,W 2
2013,SAS,2013-03-31,7:00p,,Miami Heat,L,,86,88,55,18,L 1
2013,SAS,2013-04-01,8:00p,@,Memphis Grizzlies,L,,90,92,55,19,L 2
2013,SAS,2013-04-03,8:30p,,Orlando Magic,W,,98,84,56,19,W 1
2013,SAS,2013-04-04,9:30p,@,Oklahoma City Thunder,L,,88,100,56,20,L 1
2013,SAS,2013-04-06,8:30p,,Atlanta Hawks,W,,99,97,57,20,W 1
2013,SAS,2013-04-10,10:30p,@,Denver Nuggets,L,,86,96,57,21,L 1
2013,SAS,2013-04-12,8:30p,,Sacramento Kings,W,,108,101,58,21,W 1
2013,SAS,2013-04-14,9:30p,@,Los Angeles Lakers,L,,86,91,58,22,L 1
2013,SAS,2013-04-15,10:30p,@,Golden State Warriors,L,,106,116,58,23,L 2
2013,SAS,2013-04-17,8:00p,,Minnesota Timberwolves,L,,95,108,58,24,L 3
2013,SAS,2013-04-21,3:30p,,Los Angeles Lakers,W,,91,79,1,0,W 1
2013,SAS,2013-04-24,9:30p,,Los Angeles Lakers,W,,102,91,2,0,W 2
2013,SAS,2013-04-26,10:30p,@,Los Angeles Lakers,W,,120,89,3,0,W 3
2013,SAS,2013-04-28,7:00p,@,Los Angeles Lakers,W,,103,82,4,0,W 4
2013,SAS,2013-05-06,9:30p,,Golden State Warriors,W,2OT,129,127,5,0,W 5
2013,SAS,2013-05-08,9:30p,,Golden State Warriors,L,,91,100,5,1,L 1
2013,SAS,2013-05-10,10:30p,@,Golden State Warriors,W,,102,92,6,1,W 1
2013,SAS,2013-05-12,3:30p,@,Golden State Warriors,L,OT,87,97,6,2,L 1
2013,SAS,2013-05-14,9:30p,,Golden State Warriors,W,,109,91,7,2,W 1
2013,SAS,2013-05-16,10:30p,@,Golden State Warriors,W,,94,82,8,2,W 2
2013,SAS,2013-05-19,3:30p,,Memphis Grizzlies,W,,105,83,9,2,W 3
2013,SAS,2013-05-21,9:00p,,Memphis Grizzlies,W,OT,93,89,10,2,W 4
2013,SAS,2013-05-25,9:00p,@,Memphis Grizzlies,W,OT,104,93,11,2,W 5
2013,SAS,2013-05-27,9:00p,@,Memphis Grizzlies,W,,93,86,12,2,W 6
2013,SAS,2013-06-06,9:00p,@,Miami Heat,W,,92,88,13,2,W 7
2013,SAS,2013-06-09,8:00p,@,Miami Heat,L,,84,103,13,3,L 1
2013,SAS,2013-06-11,9:00p,,Miami Heat,W,,113,77,14,3,W 1
2013,SAS,2013-06-13,9:00p,,Miami Heat,L,,93,109,14,4,L 1
2013,SAS,2013-06-16,8:00p,,Miami Heat,W,,114,104,15,4,W 1
2013,SAS,2013-06-18,9:00p,@,Miami Heat,L,OT,100,103,15,5,L 1
2013,SAS,2013-06-20,9:00p,@,Miami Heat,L,,88,95,15,6,L 2
2013,TOR,2012-10-31,7:00p,,Indiana Pacers,L,,88,90,0,1,L 1
2013,TOR,2012-11-03,7:30p,@,Brooklyn Nets,L,,100,107,0,2,L 2
2013,TOR,2012-11-04,6:00p,,Minnesota Timberwolves,W,,105,86,1,2,W 1
2013,TOR,2012-11-06,8:00p,@,Oklahoma City Thunder,L,,88,108,1,3,L 1
2013,TOR,2012-11-07,8:30p,@,Dallas Mavericks,L,,104,109,1,4,L 2
2013,TOR,2012-11-10,7:00p,,Philadelphia 76ers,L,,83,93,1,5,L 3
2013,TOR,2012-11-12,7:00p,,Utah Jazz,L,3OT,133,140,1,6,L 4
2013,TOR,2012-11-13,7:00p,@,Indiana Pacers,W,,74,72,2,6,W 1
2013,TOR,2012-11-17,12:30p,@,Boston Celtics,L,,89,107,2,7,L 1
2013,TOR,2012-11-18,1:00p,,Orlando Magic,W,,97,86,3,7,W 1
2013,TOR,2012-11-20,7:00p,@,Philadelphia 76ers,L,,98,106,3,8,L 1
2013,TOR,2012-11-21,7:00p,@,Charlotte Bobcats,L,,97,98,3,9,L 2
2013,TOR,2012-11-23,7:30p,@,Detroit Pistons,L,,90,91,3,10,L 3
2013,TOR,2012-11-25,1:00p,,San Antonio Spurs,L,2OT,106,111,3,11,L 4
2013,TOR,2012-11-27,8:00p,@,Houston Rockets,L,,101,117,3,12,L 5
2013,TOR,2012-11-28,8:00p,@,Memphis Grizzlies,L,,82,103,3,13,L 6
2013,TOR,2012-11-30,7:00p,,Phoenix Suns,W,,101,97,4,13,W 1
2013,TOR,2012-12-03,9:00p,@,Denver Nuggets,L,,110,113,4,14,L 1
2013,TOR,2012-12-05,10:00p,@,Sacramento Kings,L,,100,107,4,15,L 2
2013,TOR,2012-12-07,9:00p,@,Utah Jazz,L,,99,131,4,16,L 3
2013,TOR,2012-12-09,3:30p,@,Los Angeles Clippers,L,,83,102,4,17,L 4
2013,TOR,2012-12-10,10:00p,@,Portland Trail Blazers,L,,74,92,4,18,L 5
2013,TOR,2012-12-12,7:00p,,Brooklyn Nets,L,,88,94,4,19,L 6
2013,TOR,2012-12-14,7:00p,,Dallas Mavericks,W,,95,74,5,19,W 1
2013,TOR,2012-12-16,1:00p,,Houston Rockets,W,,103,96,6,19,W 2
2013,TOR,2012-12-18,7:00p,@,Cleveland Cavaliers,W,,113,99,7,19,W 3
2013,TOR,2012-12-19,7:00p,,Detroit Pistons,W,,97,91,8,19,W 4
2013,TOR,2012-12-21,7:00p,,Orlando Magic,W,,93,90,9,19,W 5
2013,TOR,2012-12-26,8:30p,@,San Antonio Spurs,L,,80,100,9,20,L 1
2013,TOR,2012-12-28,8:00p,@,New Orleans Hornets,W,OT,104,97,10,20,W 1
2013,TOR,2012-12-29,7:00p,@,Orlando Magic,W,,123,88,11,20,W 2
2013,TOR,2013-01-02,7:00p,,Portland Trail Blazers,W,,102,79,12,20,W 3
2013,TOR,2013-01-04,7:00p,,Sacramento Kings,L,,96,105,12,21,L 1
2013,TOR,2013-01-06,1:00p,,Oklahoma City Thunder,L,,92,104,12,22,L 2
2013,TOR,2013-01-09,7:00p,,Philadelphia 76ers,W,,90,72,13,22,W 1
2013,TOR,2013-01-11,7:00p,,Charlotte Bobcats,W,,99,78,14,22,W 2
2013,TOR,2013-01-13,1:00p,,Milwaukee Bucks,L,,96,107,14,23,L 1
2013,TOR,2013-01-15,7:30p,@,Brooklyn Nets,L,,106,113,14,24,L 2
2013,TOR,2013-01-16,7:00p,,Chicago Bulls,L,OT,105,107,14,25,L 3
2013,TOR,2013-01-18,7:00p,@,Philadelphia 76ers,L,OT,101,108,14,26,L 4
2013,TOR,2013-01-20,1:00p,,Los Angeles Lakers,W,,108,103,15,26,W 1
2013,TOR,2013-01-23,7:30p,@,Miami Heat,L,OT,116,123,15,27,L 1
2013,TOR,2013-01-24,7:00p,@,Orlando Magic,W,,97,95,16,27,W 1
2013,TOR,2013-01-26,7:00p,,Cleveland Cavaliers,L,,98,99,16,28,L 1
2013,TOR,2013-01-28,7:00p,,Golden State Warriors,L,,102,114,16,29,L 2
2013,TOR,2013-01-30,7:30p,@,Atlanta Hawks,L,,92,93,16,30,L 3
2013,TOR,2013-02-01,7:00p,,Los Angeles Clippers,W,,98,73,17,30,W 1
2013,TOR,2013-02-03,2:00p,,Miami Heat,L,,85,100,17,31,L 1
2013,TOR,2013-02-06,7:00p,,Boston Celtics,L,,95,99,17,32,L 2
2013,TOR,2013-02-08,7:00p,@,Indiana Pacers,W,OT,100,98,18,32,W 1
2013,TOR,2013-02-10,6:00p,,New Orleans Hornets,W,,102,89,19,32,W 2
2013,TOR,2013-02-12,7:00p,,Denver Nuggets,W,,109,108,20,32,W 3
2013,TOR,2013-02-13,7:30p,@,New York Knicks,W,,92,88,21,32,W 4
2013,TOR,2013-02-19,7:00p,@,Washington Wizards,W,,96,88,22,32,W 5
2013,TOR,2013-02-20,7:00p,,Memphis Grizzlies,L,,82,88,22,33,L 1
2013,TOR,2013-02-22,7:00p,,New York Knicks,W,,100,98,23,33,W 1
2013,TOR,2013-02-25,7:00p,,Washington Wizards,L,,84,90,23,34,L 1
2013,TOR,2013-02-27,7:00p,@,Cleveland Cavaliers,L,,92,103,23,35,L 2
2013,TOR,2013-03-01,7:00p,,Indiana Pacers,L,,81,93,23,36,L 3
2013,TOR,2013-03-02,8:30p,@,Milwaukee Bucks,L,OT,114,122,23,37,L 4
2013,TOR,2013-03-04,10:30p,@,Golden State Warriors,L,,118,125,23,38,L 5
2013,TOR,2013-03-06,9:00p,@,Phoenix Suns,W,,98,71,24,38,W 1
2013,TOR,2013-03-08,10:30p,@,Los Angeles Lakers,L,OT,116,118,24,39,L 1
2013,TOR,2013-03-10,6:00p,,Cleveland Cavaliers,W,,100,96,25,39,W 1
2013,TOR,2013-03-13,7:30p,@,Boston Celtics,L,,88,112,25,40,L 1
2013,TOR,2013-03-15,7:00p,,Charlotte Bobcats,W,,92,78,26,40,W 1
2013,TOR,2013-03-17,1:00p,,Miami Heat,L,,91,108,26,41,L 1
2013,TOR,2013-03-20,7:00p,@,Charlotte Bobcats,L,,101,107,26,42,L 2
2013,TOR,2013-03-22,7:00p,,New York Knicks,L,,94,99,26,43,L 3
2013,TOR,2013-03-23,7:30p,@,New York Knicks,L,,84,110,26,44,L 4
2013,TOR,2013-03-27,7:00p,,Atlanta Hawks,L,,88,107,26,45,L 5
2013,TOR,2013-03-29,7:30p,@,Detroit Pistons,W,,99,82,27,45,W 1
2013,TOR,2013-03-31,6:00p,@,Washington Wizards,L,,92,109,27,46,L 1
2013,TOR,2013-04-01,7:00p,,Detroit Pistons,L,,98,108,27,47,L 2
2013,TOR,2013-04-03,7:00p,,Washington Wizards,W,,88,78,28,47,W 1
2013,TOR,2013-04-05,8:00p,@,Minnesota Timberwolves,W,,95,93,29,47,W 2
2013,TOR,2013-04-06,8:30p,@,Milwaukee Bucks,L,,83,100,29,48,L 1
2013,TOR,2013-04-09,8:00p,@,Chicago Bulls,W,,101,98,30,48,W 1
2013,TOR,2013-04-12,7:00p,,Chicago Bulls,W,,97,88,31,48,W 2
2013,TOR,2013-04-14,3:30p,,Brooklyn Nets,W,,93,87,32,48,W 3
2013,TOR,2013-04-16,8:00p,@,Atlanta Hawks,W,,113,96,33,48,W 4
2013,TOR,2013-04-17,8:00p,,Boston Celtics,W,,114,90,34,48,W 5
2013,UTA,2012-10-31,9:00p,,Dallas Mavericks,W,,113,94,1,0,W 1
2013,UTA,2012-11-02,8:00p,@,New Orleans Hornets,L,,86,88,1,1,L 1
2013,UTA,2012-11-03,8:30p,@,San Antonio Spurs,L,,100,110,1,2,L 2
2013,UTA,2012-11-05,8:00p,@,Memphis Grizzlies,L,,94,103,1,3,L 3
2013,UTA,2012-11-07,9:00p,,Los Angeles Lakers,W,,95,86,2,3,W 1
2013,UTA,2012-11-09,10:30p,@,Denver Nuggets,L,,84,104,2,4,L 1
2013,UTA,2012-11-10,9:00p,,Phoenix Suns,W,,94,81,3,4,W 1
2013,UTA,2012-11-12,7:00p,@,Toronto Raptors,W,3OT,140,133,4,4,W 2
2013,UTA,2012-11-14,7:30p,@,Boston Celtics,L,,93,98,4,5,L 1
2013,UTA,2012-11-16,7:00p,@,Philadelphia 76ers,L,,93,99,4,6,L 2
2013,UTA,2012-11-17,7:00p,@,Washington Wizards,W,,83,76,5,6,W 1
2013,UTA,2012-11-19,9:00p,,Houston Rockets,W,,102,91,6,6,W 2
2013,UTA,2012-11-23,9:00p,,Sacramento Kings,W,,104,102,7,6,W 3
2013,UTA,2012-11-24,10:00p,@,Sacramento Kings,L,,97,108,7,7,L 1
2013,UTA,2012-11-26,9:00p,,Denver Nuggets,W,,105,103,8,7,W 1
2013,UTA,2012-11-28,8:00p,@,New Orleans Hornets,W,,96,84,9,7,W 2
2013,UTA,2012-11-30,8:00p,@,Oklahoma City Thunder,L,,94,106,9,8,L 1
2013,UTA,2012-12-01,8:00p,@,Houston Rockets,L,,116,124,9,9,L 2
2013,UTA,2012-12-03,9:00p,,Los Angeles Clippers,L,,104,105,9,10,L 3
2013,UTA,2012-12-05,9:00p,,Orlando Magic,W,,87,81,10,10,W 1
2013,UTA,2012-12-07,9:00p,,Toronto Raptors,W,,131,99,11,10,W 2
2013,UTA,2012-12-09,9:30p,@,Los Angeles Lakers,W,,117,110,12,10,W 3
2013,UTA,2012-12-12,10:30p,,San Antonio Spurs,W,,99,96,13,10,W 4
2013,UTA,2012-12-14,9:00p,@,Phoenix Suns,L,,84,99,13,11,L 1
2013,UTA,2012-12-15,9:00p,,Memphis Grizzlies,L,,86,99,13,12,L 2
2013,UTA,2012-12-18,7:30p,@,Brooklyn Nets,W,,92,90,14,12,W 1
2013,UTA,2012-12-19,7:00p,@,Indiana Pacers,L,,84,104,14,13,L 1
2013,UTA,2012-12-22,7:30p,@,Miami Heat,L,,89,105,14,14,L 2
2013,UTA,2012-12-23,6:00p,@,Orlando Magic,W,,97,93,15,14,W 1
2013,UTA,2012-12-26,9:00p,,Golden State Warriors,L,,83,94,15,15,L 1
2013,UTA,2012-12-28,9:00p,,Los Angeles Clippers,L,,114,116,15,16,L 2
2013,UTA,2012-12-30,9:30p,@,Los Angeles Clippers,L,,96,107,15,17,L 3
2013,UTA,2013-01-02,9:00p,,Minnesota Timberwolves,W,,106,84,16,17,W 1
2013,UTA,2013-01-04,9:00p,@,Phoenix Suns,W,,87,80,17,17,W 2
2013,UTA,2013-01-05,9:00p,@,Denver Nuggets,L,,91,110,17,18,L 1
2013,UTA,2013-01-07,9:00p,,Dallas Mavericks,W,,100,94,18,18,W 1
2013,UTA,2013-01-09,7:00p,@,Charlotte Bobcats,W,,112,102,19,18,W 2
2013,UTA,2013-01-11,7:30p,@,Atlanta Hawks,L,,95,103,19,19,L 1
2013,UTA,2013-01-12,7:30p,@,Detroit Pistons,W,,90,87,20,19,W 1
2013,UTA,2013-01-14,9:00p,,Miami Heat,W,,104,97,21,19,W 2
2013,UTA,2013-01-19,9:00p,,Cleveland Cavaliers,W,,109,98,22,19,W 3
2013,UTA,2013-01-23,9:00p,,Washington Wizards,W,,92,88,23,19,W 4
2013,UTA,2013-01-25,10:30p,@,Los Angeles Lakers,L,,84,102,23,20,L 1
2013,UTA,2013-01-26,9:30p,,Indiana Pacers,W,OT,114,110,24,20,W 1
2013,UTA,2013-01-28,9:00p,,Houston Rockets,L,,80,125,24,21,L 1
2013,UTA,2013-01-30,9:00p,,New Orleans Hornets,W,,104,99,25,21,W 1
2013,UTA,2013-02-01,9:00p,,Portland Trail Blazers,W,,86,77,26,21,W 2
2013,UTA,2013-02-02,10:00p,@,Portland Trail Blazers,L,,99,105,26,22,L 1
2013,UTA,2013-02-04,9:00p,,Sacramento Kings,W,OT,98,91,27,22,W 1
2013,UTA,2013-02-06,9:00p,,Milwaukee Bucks,W,,100,86,28,22,W 2
2013,UTA,2013-02-08,10:30p,,Chicago Bulls,L,,89,93,28,23,L 1
2013,UTA,2013-02-09,10:00p,@,Sacramento Kings,L,,109,120,28,24,L 2
2013,UTA,2013-02-12,9:00p,,Oklahoma City Thunder,W,,109,94,29,24,W 1
2013,UTA,2013-02-13,8:00p,@,Minnesota Timberwolves,W,,97,93,30,24,W 2
2013,UTA,2013-02-19,9:00p,,Golden State Warriors,W,,115,101,31,24,W 3
2013,UTA,2013-02-23,10:30p,@,Los Angeles Clippers,L,,94,107,31,25,L 1
2013,UTA,2013-02-25,9:00p,,Boston Celtics,L,OT,107,110,31,26,L 2
2013,UTA,2013-02-27,9:00p,,Atlanta Hawks,L,,91,102,31,27,L 3
2013,UTA,2013-03-01,9:00p,,Charlotte Bobcats,W,,98,68,32,27,W 1
2013,UTA,2013-03-04,8:00p,@,Milwaukee Bucks,L,OT,108,109,32,28,L 1
2013,UTA,2013-03-06,7:00p,@,Cleveland Cavaliers,L,,101,104,32,29,L 2
2013,UTA,2013-03-08,8:00p,@,Chicago Bulls,L,,88,89,32,30,L 3
2013,UTA,2013-03-09,7:30p,@,New York Knicks,L,,84,113,32,31,L 4
2013,UTA,2013-03-11,9:00p,,Detroit Pistons,W,,103,90,33,31,W 1
2013,UTA,2013-03-13,8:00p,@,Oklahoma City Thunder,L,,87,110,33,32,L 1
2013,UTA,2013-03-16,10:00p,,Memphis Grizzlies,W,,90,84,34,32,W 1
2013,UTA,2013-03-18,10:30p,,New York Knicks,L,,83,90,34,33,L 1
2013,UTA,2013-03-20,8:00p,@,Houston Rockets,L,,93,100,34,34,L 2
2013,UTA,2013-03-22,8:30p,@,San Antonio Spurs,L,OT,97,104,34,35,L 3
2013,UTA,2013-03-24,7:30p,@,Dallas Mavericks,L,,108,113,34,36,L 4
2013,UTA,2013-03-25,9:00p,,Philadelphia 76ers,W,,107,91,35,36,W 1
2013,UTA,2013-03-27,9:00p,,Phoenix Suns,W,,103,88,36,36,W 2
2013,UTA,2013-03-29,10:00p,@,Portland Trail Blazers,W,,105,95,37,36,W 3
2013,UTA,2013-03-30,9:00p,,Brooklyn Nets,W,,116,107,38,36,W 4
2013,UTA,2013-04-01,9:00p,,Portland Trail Blazers,W,,112,102,39,36,W 5
2013,UTA,2013-04-03,9:00p,,Denver Nuggets,L,,96,113,39,37,L 1
2013,UTA,2013-04-05,9:00p,,New Orleans Hornets,W,,95,83,40,37,W 1
2013,UTA,2013-04-07,8:00p,@,Golden State Warriors,W,,97,90,41,37,W 2
2013,UTA,2013-04-09,9:00p,,Oklahoma City Thunder,L,,80,90,41,38,L 1
2013,UTA,2013-04-12,9:00p,,Minnesota Timberwolves,W,,107,100,42,38,W 1
2013,UTA,2013-04-15,8:00p,@,Minnesota Timberwolves,W,,96,80,43,38,W 2
2013,UTA,2013-04-17,8:00p,@,Memphis Grizzlies,L,,70,86,43,39,L 1
2013,WAS,2012-10-30,7:00p,@,Cleveland Cavaliers,L,,84,94,0,1,L 1
2013,WAS,2012-11-03,7:00p,,Boston Celtics,L,,86,89,0,2,L 2
2013,WAS,2012-11-07,7:30p,@,Boston Celtics,L,OT,94,100,0,3,L 3
2013,WAS,2012-11-09,7:00p,,Milwaukee Bucks,L,,91,101,0,4,L 4
2013,WAS,2012-11-10,7:00p,@,Indiana Pacers,L,,85,89,0,5,L 5
2013,WAS,2012-11-13,7:00p,@,Charlotte Bobcats,L,,76,92,0,6,L 6
2013,WAS,2012-11-14,8:30p,@,Dallas Mavericks,L,,101,107,0,7,L 7
2013,WAS,2012-11-17,7:00p,,Utah Jazz,L,,76,83,0,8,L 8
2013,WAS,2012-11-19,7:00p,,Indiana Pacers,L,,89,96,0,9,L 9
2013,WAS,2012-11-21,7:30p,@,Atlanta Hawks,L,OT,100,101,0,10,L 10
2013,WAS,2012-11-24,7:00p,,Charlotte Bobcats,L,2OT,106,108,0,11,L 11
2013,WAS,2012-11-26,7:00p,,San Antonio Spurs,L,,92,118,0,12,L 12
2013,WAS,2012-11-28,7:00p,,Portland Trail Blazers,W,,84,82,1,12,W 1
2013,WAS,2012-11-30,7:30p,@,New York Knicks,L,,87,108,1,13,L 1
2013,WAS,2012-12-04,7:00p,,Miami Heat,W,,105,101,2,13,W 1
2013,WAS,2012-12-07,7:30p,@,Atlanta Hawks,L,,95,104,2,14,L 1
2013,WAS,2012-12-08,7:00p,,Golden State Warriors,L,,97,101,2,15,L 2
2013,WAS,2012-12-11,8:00p,@,New Orleans Hornets,W,,77,70,3,15,W 1
2013,WAS,2012-12-12,8:00p,@,Houston Rockets,L,,93,99,3,16,L 1
2013,WAS,2012-12-14,7:00p,,Los Angeles Lakers,L,,96,102,3,17,L 2
2013,WAS,2012-12-15,7:30p,@,Miami Heat,L,,72,102,3,18,L 3
2013,WAS,2012-12-18,7:00p,,Atlanta Hawks,L,OT,95,100,3,19,L 4
2013,WAS,2012-12-19,7:00p,@,Orlando Magic,L,,83,90,3,20,L 5
2013,WAS,2012-12-21,7:30p,@,Detroit Pistons,L,,68,100,3,21,L 6
2013,WAS,2012-12-22,7:00p,,Detroit Pistons,L,,87,96,3,22,L 7
2013,WAS,2012-12-26,7:00p,,Cleveland Cavaliers,L,,84,87,3,23,L 8
2013,WAS,2012-12-28,7:00p,,Orlando Magic,W,,105,97,4,23,W 1
2013,WAS,2012-12-29,8:00p,@,Chicago Bulls,L,,77,87,4,24,L 1
2013,WAS,2013-01-01,6:00p,,Dallas Mavericks,L,,94,103,4,25,L 2
2013,WAS,2013-01-02,7:00p,@,Indiana Pacers,L,,81,89,4,26,L 3
2013,WAS,2013-01-04,7:00p,,Brooklyn Nets,L,2OT,113,115,4,27,L 4
2013,WAS,2013-01-06,6:00p,@,Miami Heat,L,,71,99,4,28,L 5
2013,WAS,2013-01-07,7:00p,,Oklahoma City Thunder,W,,101,99,5,28,W 1
2013,WAS,2013-01-12,7:00p,,Atlanta Hawks,W,,93,83,6,28,W 2
2013,WAS,2013-01-14,7:00p,,Orlando Magic,W,,120,91,7,28,W 3
2013,WAS,2013-01-16,10:00p,@,Sacramento Kings,L,,94,95,7,29,L 1
2013,WAS,2013-01-18,9:00p,@,Denver Nuggets,W,,112,108,8,29,W 1
2013,WAS,2013-01-19,10:30p,@,Los Angeles Clippers,L,,87,94,8,30,L 1
2013,WAS,2013-01-21,10:00p,@,Portland Trail Blazers,W,,98,95,9,30,W 1
2013,WAS,2013-01-23,9:00p,@,Utah Jazz,L,,88,92,9,31,L 1
2013,WAS,2013-01-25,7:00p,,Minnesota Timberwolves,W,,114,101,10,31,W 1
2013,WAS,2013-01-26,7:00p,,Chicago Bulls,W,,86,73,11,31,W 2
2013,WAS,2013-01-28,7:00p,,Sacramento Kings,L,,94,96,11,32,L 1
2013,WAS,2013-01-30,7:00p,@,Philadelphia 76ers,L,,84,92,11,33,L 2
2013,WAS,2013-02-01,8:00p,@,Memphis Grizzlies,L,,76,85,11,34,L 3
2013,WAS,2013-02-02,8:30p,@,San Antonio Spurs,L,,86,96,11,35,L 4
2013,WAS,2013-02-04,7:00p,,Los Angeles Clippers,W,,98,90,12,35,W 1
2013,WAS,2013-02-06,7:00p,,New York Knicks,W,,106,96,13,35,W 2
2013,WAS,2013-02-08,7:00p,,Brooklyn Nets,W,,89,74,14,35,W 3
2013,WAS,2013-02-11,8:00p,@,Milwaukee Bucks,W,,102,90,15,35,W 4
2013,WAS,2013-02-13,7:30p,@,Detroit Pistons,L,,85,96,15,36,L 1
2013,WAS,2013-02-19,7:00p,,Toronto Raptors,L,,88,96,15,37,L 2
2013,WAS,2013-02-22,7:00p,,Denver Nuggets,W,,119,113,16,37,W 1
2013,WAS,2013-02-23,7:00p,,Houston Rockets,W,,105,103,17,37,W 2
2013,WAS,2013-02-25,7:00p,@,Toronto Raptors,W,,90,84,18,37,W 3
2013,WAS,2013-02-27,7:00p,,Detroit Pistons,L,,95,96,18,38,L 1
2013,WAS,2013-03-01,7:00p,,New York Knicks,L,,88,96,18,39,L 2
2013,WAS,2013-03-03,6:00p,,Philadelphia 76ers,W,,90,87,19,39,W 1
2013,WAS,2013-03-06,8:00p,@,Minnesota Timberwolves,L,,82,87,19,40,L 1
2013,WAS,2013-03-08,7:30p,@,Brooklyn Nets,L,,78,95,19,41,L 2
2013,WAS,2013-03-09,8:00p,,Charlotte Bobcats,W,,104,87,20,41,W 1
2013,WAS,2013-03-12,7:00p,@,Cleveland Cavaliers,L,,90,95,20,42,L 1
2013,WAS,2013-03-13,7:00p,,Milwaukee Bucks,W,,106,93,21,42,W 1
2013,WAS,2013-03-15,7:00p,,New Orleans Hornets,W,,96,87,22,42,W 2
2013,WAS,2013-03-16,7:00p,,Phoenix Suns,W,,127,105,23,42,W 3
2013,WAS,2013-03-18,7:00p,@,Charlotte Bobcats,L,,114,119,23,43,L 1
2013,WAS,2013-03-20,10:00p,@,Phoenix Suns,W,,88,79,24,43,W 1
2013,WAS,2013-03-22,10:30p,@,Los Angeles Lakers,W,,103,100,25,43,W 2
2013,WAS,2013-03-23,10:30p,@,Golden State Warriors,L,,92,101,25,44,L 1
2013,WAS,2013-03-25,7:00p,,Memphis Grizzlies,W,,107,94,26,44,W 1
2013,WAS,2013-03-27,8:00p,@,Oklahoma City Thunder,L,,80,103,26,45,L 1
2013,WAS,2013-03-29,7:00p,@,Orlando Magic,L,,92,97,26,46,L 2
2013,WAS,2013-03-31,6:00p,,Toronto Raptors,W,,109,92,27,46,W 1
2013,WAS,2013-04-02,7:00p,,Chicago Bulls,W,,90,86,28,46,W 2
2013,WAS,2013-04-03,7:00p,@,Toronto Raptors,L,,78,88,28,47,L 1
2013,WAS,2013-04-06,7:00p,,Indiana Pacers,W,,104,85,29,47,W 1
2013,WAS,2013-04-07,6:00p,@,Boston Celtics,L,,96,107,29,48,L 1
2013,WAS,2013-04-09,7:30p,@,New York Knicks,L,,99,120,29,49,L 2
2013,WAS,2013-04-10,7:00p,,Miami Heat,L,,98,103,29,50,L 3
2013,WAS,2013-04-12,7:00p,,Philadelphia 76ers,L,,86,97,29,51,L 4
2013,WAS,2013-04-15,7:30p,@,Brooklyn Nets,L,,101,106,29,52,L 5
2013,WAS,2013-04-17,8:00p,@,Chicago Bulls,L,,92,95,29,53,L 6
2014,ATL,2013-10-30,8:30p,@,Dallas Mavericks,L,,109,118,0,1,L 1
2014,ATL,2013-11-01,7:30p,,Toronto Raptors,W,,102,95,1,1,W 1
2014,ATL,2013-11-03,9:30p,@,Los Angeles Lakers,L,,103,105,1,2,L 1
2014,ATL,2013-11-05,10:00p,@,Sacramento Kings,W,,105,100,2,2,W 1
2014,ATL,2013-11-07,9:00p,@,Denver Nuggets,L,,107,109,2,3,L 1
2014,ATL,2013-11-09,7:30p,,Orlando Magic,W,,104,94,3,3,W 1
2014,ATL,2013-11-11,7:00p,@,Charlotte Bobcats,W,,103,94,4,3,W 2
2014,ATL,2013-11-13,8:00p,,New York Knicks,L,,91,95,4,4,L 1
2014,ATL,2013-11-15,7:30p,,Philadelphia 76ers,W,,113,103,5,4,W 1
2014,ATL,2013-11-16,7:30p,@,New York Knicks,W,,110,90,6,4,W 2
2014,ATL,2013-11-19,7:30p,@,Miami Heat,L,,88,104,6,5,L 1
2014,ATL,2013-11-20,7:30p,,Detroit Pistons,W,,93,85,7,5,W 1
2014,ATL,2013-11-22,7:30p,@,Detroit Pistons,W,,96,89,8,5,W 2
2014,ATL,2013-11-23,7:30p,,Boston Celtics,L,,87,94,8,6,L 1
2014,ATL,2013-11-26,7:30p,,Orlando Magic,L,,92,109,8,7,L 2
2014,ATL,2013-11-27,8:00p,@,Houston Rockets,L,,84,113,8,8,L 3
2014,ATL,2013-11-29,7:30p,,Dallas Mavericks,W,,88,87,9,8,W 1
2014,ATL,2013-11-30,7:00p,@,Washington Wizards,L,,101,108,9,9,L 1
2014,ATL,2013-12-02,8:30p,@,San Antonio Spurs,L,,100,102,9,10,L 2
2014,ATL,2013-12-04,7:30p,,Los Angeles Clippers,W,,107,97,10,10,W 1
2014,ATL,2013-12-06,7:30p,,Cleveland Cavaliers,W,,108,89,11,10,W 2
2014,ATL,2013-12-10,7:30p,,Oklahoma City Thunder,L,,92,101,11,11,L 1
2014,ATL,2013-12-13,7:30p,,Washington Wizards,W,OT,101,99,12,11,W 1
2014,ATL,2013-12-14,7:30p,@,New York Knicks,L,,106,111,12,12,L 1
2014,ATL,2013-12-16,7:30p,,Los Angeles Lakers,W,,114,100,13,12,W 1
2014,ATL,2013-12-18,7:30p,,Sacramento Kings,W,,124,107,14,12,W 2
2014,ATL,2013-12-20,7:30p,,Utah Jazz,W,,118,85,15,12,W 3
2014,ATL,2013-12-23,7:30p,@,Miami Heat,L,OT,119,121,15,13,L 1
2014,ATL,2013-12-26,7:00p,@,Cleveland Cavaliers,W,2OT,127,125,16,13,W 1
2014,ATL,2013-12-28,7:30p,,Charlotte Bobcats,W,OT,118,116,17,13,W 2
2014,ATL,2013-12-29,6:00p,@,Orlando Magic,L,,102,109,17,14,L 1
2014,ATL,2013-12-31,1:00p,@,Boston Celtics,W,,92,91,18,14,W 1
2014,ATL,2014-01-03,7:30p,,Golden State Warriors,L,,100,101,18,15,L 1
2014,ATL,2014-01-04,8:00p,@,Chicago Bulls,L,,84,91,18,16,L 2
2014,ATL,2014-01-06,7:30p,@,Brooklyn Nets,L,,86,91,18,17,L 3
2014,ATL,2014-01-08,7:30p,,Indiana Pacers,W,,97,87,19,17,W 1
2014,ATL,2014-01-10,7:30p,,Houston Rockets,W,,83,80,20,17,W 2
2014,ATL,2014-01-12,6:00p,@,Memphis Grizzlies,L,,101,108,20,18,L 1
2014,ATL,2014-01-16,3:00p,,Brooklyn Nets,L,,110,127,20,19,L 2
2014,ATL,2014-01-20,5:30p,,Miami Heat,W,,121,114,21,19,W 1
2014,ATL,2014-01-22,7:00p,@,Orlando Magic,W,,112,109,22,19,W 2
2014,ATL,2014-01-24,7:30p,,San Antonio Spurs,L,,79,105,22,20,L 1
2014,ATL,2014-01-25,8:30p,@,Milwaukee Bucks,W,,112,87,23,20,W 1
2014,ATL,2014-01-27,8:00p,@,Oklahoma City Thunder,L,,109,111,23,21,L 1
2014,ATL,2014-01-31,7:30p,@,Philadelphia 76ers,W,,125,99,24,21,W 1
2014,ATL,2014-02-01,7:30p,,Minnesota Timberwolves,W,,120,113,25,21,W 2
2014,ATL,2014-02-04,7:30p,,Indiana Pacers,L,,85,89,25,22,L 1
2014,ATL,2014-02-05,8:00p,@,New Orleans Pelicans,L,,100,105,25,23,L 2
2014,ATL,2014-02-08,7:30p,,Memphis Grizzlies,L,,76,79,25,24,L 3
2014,ATL,2014-02-11,8:00p,@,Chicago Bulls,L,,85,100,25,25,L 4
2014,ATL,2014-02-12,7:00p,@,Toronto Raptors,L,,83,104,25,26,L 5
2014,ATL,2014-02-18,7:00p,@,Indiana Pacers,L,,98,108,25,27,L 6
2014,ATL,2014-02-19,7:30p,,Washington Wizards,L,,97,114,25,28,L 7
2014,ATL,2014-02-21,7:30p,@,Detroit Pistons,L,,107,115,25,29,L 8
2014,ATL,2014-02-22,7:30p,,New York Knicks,W,,107,98,26,29,W 1
2014,ATL,2014-02-25,7:30p,,Chicago Bulls,L,,103,107,26,30,L 1
2014,ATL,2014-02-26,7:30p,@,Boston Celtics,L,,104,115,26,31,L 2
2014,ATL,2014-03-02,8:00p,@,Phoenix Suns,L,,120,129,26,32,L 3
2014,ATL,2014-03-05,10:30p,@,Portland Trail Blazers,L,,78,102,26,33,L 4
2014,ATL,2014-03-07,10:30p,@,Golden State Warriors,L,,97,111,26,34,L 5
2014,ATL,2014-03-08,10:30p,@,Los Angeles Clippers,L,,108,109,26,35,L 6
2014,ATL,2014-03-10,9:00p,@,Utah Jazz,W,,112,110,27,35,W 1
2014,ATL,2014-03-13,7:30p,,Milwaukee Bucks,W,,102,97,28,35,W 2
2014,ATL,2014-03-15,7:30p,,Denver Nuggets,W,,97,92,29,35,W 3
2014,ATL,2014-03-17,7:00p,@,Charlotte Bobcats,W,,97,83,30,35,W 4
2014,ATL,2014-03-18,7:30p,,Toronto Raptors,W,OT,118,113,31,35,W 5
2014,ATL,2014-03-21,7:30p,,New Orleans Pelicans,L,,105,111,31,36,L 1
2014,ATL,2014-03-23,1:00p,@,Toronto Raptors,L,,86,96,31,37,L 2
2014,ATL,2014-03-24,7:30p,,Phoenix Suns,L,,95,102,31,38,L 3
2014,ATL,2014-03-26,8:00p,@,Minnesota Timberwolves,L,,83,107,31,39,L 4
2014,ATL,2014-03-27,7:30p,,Portland Trail Blazers,L,,85,100,31,40,L 5
2014,ATL,2014-03-29,8:00p,@,Washington Wizards,L,,97,101,31,41,L 6
2014,ATL,2014-03-31,7:30p,,Philadelphia 76ers,W,,103,95,32,41,W 1
2014,ATL,2014-04-02,7:30p,,Chicago Bulls,L,,92,105,32,42,L 1
2014,ATL,2014-04-04,7:30p,,Cleveland Cavaliers,W,,117,98,33,42,W 1
2014,ATL,2014-04-06,6:00p,@,Indiana Pacers,W,,107,88,34,42,W 2
2014,ATL,2014-04-08,7:30p,,Detroit Pistons,L,,95,102,34,43,L 1
2014,ATL,2014-04-09,7:30p,,Boston Celtics,W,,105,97,35,43,W 1
2014,ATL,2014-04-11,7:30p,@,Brooklyn Nets,W,,93,88,36,43,W 2
2014,ATL,2014-04-12,7:30p,,Miami Heat,W,,98,85,37,43,W 3
2014,ATL,2014-04-14,7:30p,,Charlotte Bobcats,L,,93,95,37,44,L 1
2014,ATL,2014-04-16,8:00p,@,Milwaukee Bucks,W,,111,103,38,44,W 1
2014,ATL,2014-04-19,7:00p,@,Indiana Pacers,W,,101,93,1,0,W 1
2014,ATL,2014-04-22,7:00p,@,Indiana Pacers,L,,85,101,1,1,L 1
2014,ATL,2014-04-24,7:00p,,Indiana Pacers,W,,98,85,2,1,W 1
2014,ATL,2014-04-26,2:00p,,Indiana Pacers,L,,88,91,2,2,L 1
2014,ATL,2014-04-28,8:00p,@,Indiana Pacers,W,,107,97,3,2,W 1
2014,ATL,2014-05-01,7:00p,,Indiana Pacers,L,,88,95,3,3,L 1
2014,ATL,2014-05-03,5:30p,@,Indiana Pacers,L,,80,92,3,4,L 2
2014,BOS,2013-10-30,7:00p,@,Toronto Raptors,L,,87,93,0,1,L 1
2014,BOS,2013-11-01,7:30p,,Milwaukee Bucks,L,,98,105,0,2,L 2
2014,BOS,2013-11-03,6:00p,@,Detroit Pistons,L,,77,87,0,3,L 3
2014,BOS,2013-11-04,8:00p,@,Memphis Grizzlies,L,,88,95,0,4,L 4
2014,BOS,2013-11-06,7:30p,,Utah Jazz,W,,97,87,1,4,W 1
2014,BOS,2013-11-08,7:00p,@,Orlando Magic,W,,91,89,2,4,W 2
2014,BOS,2013-11-09,7:30p,@,Miami Heat,W,,111,110,3,4,W 3
2014,BOS,2013-11-11,7:30p,,Orlando Magic,W,,120,105,4,4,W 4
2014,BOS,2013-11-13,7:30p,,Charlotte Bobcats,L,,83,89,4,5,L 1
2014,BOS,2013-11-15,7:30p,,Portland Trail Blazers,L,,96,109,4,6,L 2
2014,BOS,2013-11-16,8:00p,@,Minnesota Timberwolves,L,,88,106,4,7,L 3
2014,BOS,2013-11-19,8:00p,@,Houston Rockets,L,,85,109,4,8,L 4
2014,BOS,2013-11-20,8:30p,@,San Antonio Spurs,L,,93,104,4,9,L 5
2014,BOS,2013-11-22,7:30p,,Indiana Pacers,L,,82,97,4,10,L 6
2014,BOS,2013-11-23,7:30p,@,Atlanta Hawks,W,,94,87,5,10,W 1
2014,BOS,2013-11-25,7:00p,@,Charlotte Bobcats,W,,96,86,6,10,W 2
2014,BOS,2013-11-27,7:30p,,Memphis Grizzlies,L,,93,100,6,11,L 1
2014,BOS,2013-11-29,7:30p,,Cleveland Cavaliers,W,,103,86,7,11,W 1
2014,BOS,2013-11-30,9:00p,@,Milwaukee Bucks,L,,85,92,7,12,L 1
2014,BOS,2013-12-03,7:30p,,Milwaukee Bucks,W,,108,100,8,12,W 1
2014,BOS,2013-12-06,7:30p,,Denver Nuggets,W,,106,98,9,12,W 2
2014,BOS,2013-12-08,12:00p,@,New York Knicks,W,,114,73,10,12,W 3
2014,BOS,2013-12-10,7:30p,@,Brooklyn Nets,L,,96,104,10,13,L 1
2014,BOS,2013-12-11,7:30p,,Los Angeles Clippers,L,,88,96,10,14,L 2
2014,BOS,2013-12-13,7:30p,,New York Knicks,W,,90,86,11,14,W 1
2014,BOS,2013-12-16,7:30p,,Minnesota Timberwolves,W,,101,97,12,14,W 2
2014,BOS,2013-12-18,7:30p,,Detroit Pistons,L,,106,107,12,15,L 1
2014,BOS,2013-12-21,1:00p,,Washington Wizards,L,,99,106,12,16,L 2
2014,BOS,2013-12-22,6:00p,@,Indiana Pacers,L,,79,106,12,17,L 3
2014,BOS,2013-12-28,1:00p,,Cleveland Cavaliers,W,,103,100,13,17,W 1
2014,BOS,2013-12-31,1:00p,,Atlanta Hawks,L,,91,92,13,18,L 1
2014,BOS,2014-01-02,8:00p,@,Chicago Bulls,L,,82,94,13,19,L 2
2014,BOS,2014-01-03,7:30p,,New Orleans Pelicans,L,,92,95,13,20,L 3
2014,BOS,2014-01-05,7:00p,@,Oklahoma City Thunder,L,,96,119,13,21,L 4
2014,BOS,2014-01-07,9:00p,@,Denver Nuggets,L,,98,129,13,22,L 5
2014,BOS,2014-01-08,10:30p,@,Los Angeles Clippers,L,,105,111,13,23,L 6
2014,BOS,2014-01-10,10:30p,@,Golden State Warriors,L,,97,99,13,24,L 7
2014,BOS,2014-01-11,10:00p,@,Portland Trail Blazers,L,,104,112,13,25,L 8
2014,BOS,2014-01-13,7:30p,,Houston Rockets,L,,92,104,13,26,L 9
2014,BOS,2014-01-15,7:30p,,Toronto Raptors,W,,88,83,14,26,W 1
2014,BOS,2014-01-17,7:30p,,Los Angeles Lakers,L,,104,107,14,27,L 1
2014,BOS,2014-01-19,6:00p,@,Orlando Magic,L,,91,93,14,28,L 2
2014,BOS,2014-01-21,7:30p,@,Miami Heat,L,,86,93,14,29,L 3
2014,BOS,2014-01-22,7:00p,@,Washington Wizards,W,OT,113,111,15,29,W 1
2014,BOS,2014-01-24,7:30p,,Oklahoma City Thunder,L,,83,101,15,30,L 1
2014,BOS,2014-01-26,6:30p,,Brooklyn Nets,L,,79,85,15,31,L 2
2014,BOS,2014-01-28,7:30p,@,New York Knicks,L,,88,114,15,32,L 3
2014,BOS,2014-01-29,7:30p,,Philadelphia 76ers,L,,94,95,15,33,L 4
2014,BOS,2014-02-02,1:00p,,Orlando Magic,W,,96,89,16,33,W 1
2014,BOS,2014-02-05,7:00p,@,Philadelphia 76ers,W,,114,108,17,33,W 2
2014,BOS,2014-02-07,7:30p,,Sacramento Kings,W,,99,89,18,33,W 3
2014,BOS,2014-02-09,6:00p,,Dallas Mavericks,L,,91,102,18,34,L 1
2014,BOS,2014-02-10,8:00p,@,Milwaukee Bucks,W,,102,86,19,34,W 1
2014,BOS,2014-02-12,7:30p,,San Antonio Spurs,L,,92,104,19,35,L 1
2014,BOS,2014-02-19,9:00p,@,Phoenix Suns,L,,94,100,19,36,L 2
2014,BOS,2014-02-21,10:30p,@,Los Angeles Lakers,L,,92,101,19,37,L 3
2014,BOS,2014-02-22,10:00p,@,Sacramento Kings,L,,98,105,19,38,L 4
2014,BOS,2014-02-24,9:00p,@,Utah Jazz,L,,98,110,19,39,L 5
2014,BOS,2014-02-26,7:30p,,Atlanta Hawks,W,,115,104,20,39,W 1
2014,BOS,2014-03-01,8:00p,,Indiana Pacers,L,,97,102,20,40,L 1
2014,BOS,2014-03-05,7:30p,,Golden State Warriors,L,,88,108,20,41,L 2
2014,BOS,2014-03-07,7:30p,,Brooklyn Nets,W,,91,84,21,41,W 1
2014,BOS,2014-03-09,6:00p,,Detroit Pistons,W,,118,111,22,41,W 2
2014,BOS,2014-03-11,7:00p,@,Indiana Pacers,L,,83,94,22,42,L 1
2014,BOS,2014-03-12,7:30p,,New York Knicks,L,,92,116,22,43,L 2
2014,BOS,2014-03-14,7:30p,,Phoenix Suns,L,,80,87,22,44,L 3
2014,BOS,2014-03-16,6:00p,@,New Orleans Pelicans,L,OT,120,121,22,45,L 4
2014,BOS,2014-03-17,8:30p,@,Dallas Mavericks,L,,89,94,22,46,L 5
2014,BOS,2014-03-19,7:30p,,Miami Heat,W,,101,96,23,46,W 1
2014,BOS,2014-03-21,7:30p,@,Brooklyn Nets,L,,98,114,23,47,L 1
2014,BOS,2014-03-26,7:30p,,Toronto Raptors,L,,90,99,23,48,L 2
2014,BOS,2014-03-28,7:00p,@,Toronto Raptors,L,,103,105,23,49,L 3
2014,BOS,2014-03-30,7:00p,,Chicago Bulls,L,,102,107,23,50,L 4
2014,BOS,2014-03-31,8:00p,@,Chicago Bulls,L,,80,94,23,51,L 5
2014,BOS,2014-04-02,7:00p,@,Washington Wizards,L,,92,118,23,52,L 6
2014,BOS,2014-04-04,7:30p,,Philadelphia 76ers,L,,102,111,23,53,L 7
2014,BOS,2014-04-05,7:30p,@,Detroit Pistons,L,,111,115,23,54,L 8
2014,BOS,2014-04-09,7:30p,@,Atlanta Hawks,L,,97,105,23,55,L 9
2014,BOS,2014-04-11,7:30p,,Charlotte Bobcats,W,,106,103,24,55,W 1
2014,BOS,2014-04-12,7:30p,@,Cleveland Cavaliers,W,,111,99,25,55,W 2
2014,BOS,2014-04-14,7:00p,@,Philadelphia 76ers,L,,108,113,25,56,L 1
2014,BOS,2014-04-16,8:00p,,Washington Wizards,L,,102,118,25,57,L 2
2014,BRK,2013-10-30,7:00p,@,Cleveland Cavaliers,L,,94,98,0,1,L 1
2014,BRK,2013-11-01,8:00p,,Miami Heat,W,,101,100,1,1,W 1
2014,BRK,2013-11-03,6:00p,@,Orlando Magic,L,,86,107,1,2,L 1
2014,BRK,2013-11-05,7:30p,,Utah Jazz,W,,104,88,2,2,W 1
2014,BRK,2013-11-08,7:00p,@,Washington Wizards,L,OT,108,112,2,3,L 1
2014,BRK,2013-11-09,7:30p,,Indiana Pacers,L,,91,96,2,4,L 2
2014,BRK,2013-11-13,10:00p,@,Sacramento Kings,L,,86,107,2,5,L 3
2014,BRK,2013-11-15,9:00p,@,Phoenix Suns,W,OT,100,98,3,5,W 1
2014,BRK,2013-11-16,10:30p,@,Los Angeles Clippers,L,,103,110,3,6,L 1
2014,BRK,2013-11-18,7:30p,,Portland Trail Blazers,L,,98,108,3,7,L 2
2014,BRK,2013-11-20,7:00p,@,Charlotte Bobcats,L,,91,95,3,8,L 3
2014,BRK,2013-11-22,8:00p,@,Minnesota Timberwolves,L,,81,111,3,9,L 4
2014,BRK,2013-11-24,2:00p,,Detroit Pistons,L,,97,109,3,10,L 5
2014,BRK,2013-11-26,7:00p,@,Toronto Raptors,W,,102,100,4,10,W 1
2014,BRK,2013-11-27,7:30p,,Los Angeles Lakers,L,,94,99,4,11,L 1
2014,BRK,2013-11-29,8:00p,@,Houston Rockets,L,,95,114,4,12,L 2
2014,BRK,2013-11-30,8:00p,@,Memphis Grizzlies,W,,97,88,5,12,W 1
2014,BRK,2013-12-03,7:30p,,Denver Nuggets,L,,87,111,5,13,L 1
2014,BRK,2013-12-05,7:00p,,New York Knicks,L,,83,113,5,14,L 2
2014,BRK,2013-12-07,8:30p,@,Milwaukee Bucks,W,,90,82,6,14,W 1
2014,BRK,2013-12-10,7:30p,,Boston Celtics,W,,104,96,7,14,W 2
2014,BRK,2013-12-12,8:00p,,Los Angeles Clippers,W,,102,93,8,14,W 3
2014,BRK,2013-12-13,7:30p,@,Detroit Pistons,L,,99,103,8,15,L 1
2014,BRK,2013-12-16,7:30p,,Philadelphia 76ers,W,,130,94,9,15,W 1
2014,BRK,2013-12-18,7:30p,,Washington Wizards,L,,107,113,9,16,L 1
2014,BRK,2013-12-20,7:00p,@,Philadelphia 76ers,L,OT,120,121,9,17,L 2
2014,BRK,2013-12-23,7:30p,,Indiana Pacers,L,,86,103,9,18,L 3
2014,BRK,2013-12-25,12:00p,,Chicago Bulls,L,,78,95,9,19,L 4
2014,BRK,2013-12-27,7:30p,,Milwaukee Bucks,W,,104,93,10,19,W 1
2014,BRK,2013-12-28,7:00p,@,Indiana Pacers,L,,91,105,10,20,L 1
2014,BRK,2013-12-31,7:00p,@,San Antonio Spurs,L,,92,113,10,21,L 2
2014,BRK,2014-01-02,8:00p,@,Oklahoma City Thunder,W,,95,93,11,21,W 1
2014,BRK,2014-01-04,7:30p,,Cleveland Cavaliers,W,,89,82,12,21,W 2
2014,BRK,2014-01-06,7:30p,,Atlanta Hawks,W,,91,86,13,21,W 3
2014,BRK,2014-01-08,7:30p,,Golden State Warriors,W,,102,98,14,21,W 4
2014,BRK,2014-01-10,8:00p,,Miami Heat,W,2OT,104,95,15,21,W 5
2014,BRK,2014-01-11,7:00p,@,Toronto Raptors,L,,80,96,15,22,L 1
2014,BRK,2014-01-16,3:00p,@,Atlanta Hawks,W,,127,110,16,22,W 1
2014,BRK,2014-01-20,2:30p,@,New York Knicks,W,,103,80,17,22,W 2
2014,BRK,2014-01-21,7:30p,,Orlando Magic,W,,101,90,18,22,W 3
2014,BRK,2014-01-24,7:30p,,Dallas Mavericks,W,,107,106,19,22,W 4
2014,BRK,2014-01-26,6:30p,@,Boston Celtics,W,,85,79,20,22,W 5
2014,BRK,2014-01-27,7:30p,,Toronto Raptors,L,,103,104,20,23,L 1
2014,BRK,2014-01-31,8:00p,,Oklahoma City Thunder,L,,95,120,20,24,L 2
2014,BRK,2014-02-01,7:00p,@,Indiana Pacers,L,,96,97,20,25,L 3
2014,BRK,2014-02-03,7:30p,,Philadelphia 76ers,W,,108,102,21,25,W 1
2014,BRK,2014-02-06,8:00p,,San Antonio Spurs,W,,103,89,22,25,W 2
2014,BRK,2014-02-07,7:30p,@,Detroit Pistons,L,,95,111,22,26,L 1
2014,BRK,2014-02-09,6:00p,,New Orleans Pelicans,W,,93,81,23,26,W 1
2014,BRK,2014-02-12,7:30p,,Charlotte Bobcats,W,,105,89,24,26,W 2
2014,BRK,2014-02-13,8:00p,@,Chicago Bulls,L,,76,92,24,27,L 1
2014,BRK,2014-02-19,9:00p,@,Utah Jazz,W,,105,99,25,27,W 1
2014,BRK,2014-02-22,10:30p,@,Golden State Warriors,L,,86,93,25,28,L 1
2014,BRK,2014-02-23,9:00p,@,Los Angeles Lakers,W,,108,102,26,28,W 1
2014,BRK,2014-02-26,10:00p,@,Portland Trail Blazers,L,,80,124,26,29,L 1
2014,BRK,2014-02-27,10:30p,@,Denver Nuggets,W,,112,89,27,29,W 1
2014,BRK,2014-03-01,8:30p,@,Milwaukee Bucks,W,,107,98,28,29,W 2
2014,BRK,2014-03-03,7:30p,,Chicago Bulls,W,,96,80,29,29,W 3
2014,BRK,2014-03-05,7:30p,,Memphis Grizzlies,W,,103,94,30,29,W 4
2014,BRK,2014-03-07,7:30p,@,Boston Celtics,L,,84,91,30,30,L 1
2014,BRK,2014-03-09,6:00p,,Sacramento Kings,W,,104,89,31,30,W 1
2014,BRK,2014-03-10,7:30p,,Toronto Raptors,W,,101,97,32,30,W 2
2014,BRK,2014-03-12,7:00p,@,Miami Heat,W,,96,95,33,30,W 3
2014,BRK,2014-03-15,7:00p,@,Washington Wizards,L,,94,101,33,31,L 1
2014,BRK,2014-03-17,7:30p,,Phoenix Suns,W,,108,95,34,31,W 1
2014,BRK,2014-03-19,7:30p,,Charlotte Bobcats,W,,104,99,35,31,W 2
2014,BRK,2014-03-21,7:30p,,Boston Celtics,W,,114,98,36,31,W 3
2014,BRK,2014-03-23,7:30p,@,Dallas Mavericks,W,OT,107,104,37,31,W 4
2014,BRK,2014-03-24,8:00p,@,New Orleans Pelicans,L,OT,104,109,37,32,L 1
2014,BRK,2014-03-26,7:00p,@,Charlotte Bobcats,L,OT,111,116,37,33,L 2
2014,BRK,2014-03-28,7:30p,,Cleveland Cavaliers,W,,108,97,38,33,W 1
2014,BRK,2014-03-30,6:00p,,Minnesota Timberwolves,W,,114,99,39,33,W 2
2014,BRK,2014-04-01,8:00p,,Houston Rockets,W,,105,96,40,33,W 3
2014,BRK,2014-04-02,7:00p,@,New York Knicks,L,,81,110,40,34,L 1
2014,BRK,2014-04-04,7:30p,,Detroit Pistons,W,,116,104,41,34,W 1
2014,BRK,2014-04-05,7:30p,@,Philadelphia 76ers,W,,105,101,42,34,W 2
2014,BRK,2014-04-08,8:00p,@,Miami Heat,W,,88,87,43,34,W 3
2014,BRK,2014-04-09,7:00p,@,Orlando Magic,L,,111,115,43,35,L 1
2014,BRK,2014-04-11,7:30p,,Atlanta Hawks,L,,88,93,43,36,L 2
2014,BRK,2014-04-13,6:00p,,Orlando Magic,W,,97,88,44,36,W 1
2014,BRK,2014-04-15,8:00p,,New York Knicks,L,,98,109,44,37,L 1
2014,BRK,2014-04-16,8:00p,@,Cleveland Cavaliers,L,,85,114,44,38,L 2
2014,BRK,2014-04-19,12:30p,@,Toronto Raptors,W,,94,87,1,0,W 1
2014,BRK,2014-04-22,7:30p,@,Toronto Raptors,L,,95,100,1,1,L 1
2014,BRK,2014-04-25,7:00p,,Toronto Raptors,W,,102,98,2,1,W 1
2014,BRK,2014-04-27,7:00p,,Toronto Raptors,L,,79,87,2,2,L 1
2014,BRK,2014-04-30,7:30p,@,Toronto Raptors,L,,113,115,2,3,L 2
2014,BRK,2014-05-02,7:00p,,Toronto Raptors,W,,97,83,3,3,W 1
2014,BRK,2014-05-04,1:00p,@,Toronto Raptors,W,,104,103,4,3,W 2
2014,BRK,2014-05-06,7:00p,@,Miami Heat,L,,86,107,4,4,L 1
2014,BRK,2014-05-08,7:00p,@,Miami Heat,L,,82,94,4,5,L 2
2014,BRK,2014-05-10,8:00p,,Miami Heat,W,,104,90,5,5,W 1
2014,BRK,2014-05-12,8:00p,,Miami Heat,L,,96,102,5,6,L 1
2014,BRK,2014-05-14,7:00p,@,Miami Heat,L,,94,96,5,7,L 2
2014,CHA,2013-10-30,8:00p,@,Houston Rockets,L,,83,96,0,1,L 1
2014,CHA,2013-11-01,7:00p,,Cleveland Cavaliers,W,,90,84,1,1,W 1
2014,CHA,2013-11-02,8:00p,@,New Orleans Pelicans,L,,84,105,1,2,L 1
2014,CHA,2013-11-05,7:30p,@,New York Knicks,W,,102,97,2,2,W 1
2014,CHA,2013-11-06,7:00p,,Toronto Raptors,W,,92,90,3,2,W 2
2014,CHA,2013-11-08,7:00p,,New York Knicks,L,,91,101,3,3,L 1
2014,CHA,2013-11-11,7:00p,,Atlanta Hawks,L,,94,103,3,4,L 2
2014,CHA,2013-11-13,7:30p,@,Boston Celtics,W,,89,83,4,4,W 1
2014,CHA,2013-11-15,7:30p,@,Cleveland Cavaliers,W,,86,80,5,4,W 2
2014,CHA,2013-11-16,7:00p,,Miami Heat,L,,81,97,5,5,L 1
2014,CHA,2013-11-18,8:00p,@,Chicago Bulls,L,,81,86,5,6,L 2
2014,CHA,2013-11-20,7:00p,,Brooklyn Nets,W,,95,91,6,6,W 1
2014,CHA,2013-11-22,7:00p,,Phoenix Suns,L,,91,98,6,7,L 1
2014,CHA,2013-11-23,8:30p,@,Milwaukee Bucks,W,,96,72,7,7,W 1
2014,CHA,2013-11-25,7:00p,,Boston Celtics,L,,86,96,7,8,L 1
2014,CHA,2013-11-27,7:00p,,Indiana Pacers,L,,74,99,7,9,L 2
2014,CHA,2013-11-29,7:00p,,Milwaukee Bucks,W,,92,76,8,9,W 1
2014,CHA,2013-12-01,6:00p,@,Miami Heat,L,,98,99,8,10,L 1
2014,CHA,2013-12-03,8:30p,@,Dallas Mavericks,L,,82,89,8,11,L 2
2014,CHA,2013-12-06,7:00p,,Philadelphia 76ers,W,,105,88,9,11,W 1
2014,CHA,2013-12-09,7:00p,,Golden State Warriors,W,,115,111,10,11,W 2
2014,CHA,2013-12-11,7:00p,,Orlando Magic,L,,83,92,10,12,L 1
2014,CHA,2013-12-13,7:00p,@,Indiana Pacers,L,,94,99,10,13,L 2
2014,CHA,2013-12-14,7:00p,,Los Angeles Lakers,L,,85,88,10,14,L 3
2014,CHA,2013-12-17,7:00p,,Sacramento Kings,W,,95,87,11,14,W 1
2014,CHA,2013-12-18,7:00p,@,Toronto Raptors,W,OT,104,102,12,14,W 2
2014,CHA,2013-12-20,7:30p,@,Detroit Pistons,W,,116,106,13,14,W 3
2014,CHA,2013-12-21,7:30p,,Utah Jazz,L,,85,88,13,15,L 1
2014,CHA,2013-12-23,7:00p,,Milwaukee Bucks,W,OT,111,110,14,15,W 1
2014,CHA,2013-12-27,7:00p,,Oklahoma City Thunder,L,,85,89,14,16,L 1
2014,CHA,2013-12-28,7:30p,@,Atlanta Hawks,L,OT,116,118,14,17,L 2
2014,CHA,2013-12-30,9:00p,@,Utah Jazz,L,,80,83,14,18,L 3
2014,CHA,2014-01-01,9:30p,@,Los Angeles Clippers,L,,85,112,14,19,L 4
2014,CHA,2014-01-02,10:00p,@,Portland Trail Blazers,L,,104,134,14,20,L 5
2014,CHA,2014-01-04,10:00p,@,Sacramento Kings,W,,113,103,15,20,W 1
2014,CHA,2014-01-07,7:00p,,Washington Wizards,L,,83,97,15,21,L 1
2014,CHA,2014-01-10,8:00p,@,Minnesota Timberwolves,L,,92,119,15,22,L 2
2014,CHA,2014-01-11,8:00p,@,Chicago Bulls,L,,97,103,15,23,L 3
2014,CHA,2014-01-14,7:00p,,New York Knicks,W,,108,98,16,23,W 1
2014,CHA,2014-01-15,7:00p,@,Philadelphia 76ers,L,,92,95,16,24,L 1
2014,CHA,2014-01-17,7:00p,@,Orlando Magic,W,,111,101,17,24,W 1
2014,CHA,2014-01-18,7:30p,,Miami Heat,L,OT,96,104,17,25,L 1
2014,CHA,2014-01-20,2:00p,,Toronto Raptors,W,,100,95,18,25,W 1
2014,CHA,2014-01-22,7:00p,,Los Angeles Clippers,W,,95,91,19,25,W 2
2014,CHA,2014-01-24,7:30p,@,New York Knicks,L,,96,125,19,26,L 1
2014,CHA,2014-01-25,7:00p,,Chicago Bulls,L,,87,89,19,27,L 2
2014,CHA,2014-01-29,9:00p,@,Denver Nuggets,W,,101,98,20,27,W 1
2014,CHA,2014-01-31,10:30p,@,Los Angeles Lakers,W,,110,100,21,27,W 2
2014,CHA,2014-02-01,9:00p,@,Phoenix Suns,L,,95,105,21,28,L 1
2014,CHA,2014-02-04,10:30p,@,Golden State Warriors,W,,91,75,22,28,W 1
2014,CHA,2014-02-08,7:00p,,San Antonio Spurs,L,,100,104,22,29,L 1
2014,CHA,2014-02-11,7:00p,,Dallas Mavericks,W,,114,89,23,29,W 1
2014,CHA,2014-02-12,7:30p,@,Brooklyn Nets,L,,89,105,23,30,L 1
2014,CHA,2014-02-18,7:30p,@,Detroit Pistons,W,,108,96,24,30,W 1
2014,CHA,2014-02-19,7:00p,,Detroit Pistons,W,,116,98,25,30,W 2
2014,CHA,2014-02-21,7:00p,,New Orleans Pelicans,W,,90,87,26,30,W 3
2014,CHA,2014-02-22,7:00p,,Memphis Grizzlies,W,,92,89,27,30,W 4
2014,CHA,2014-02-28,8:30p,@,San Antonio Spurs,L,,82,92,27,31,L 1
2014,CHA,2014-03-02,7:00p,@,Oklahoma City Thunder,L,,99,116,27,32,L 2
2014,CHA,2014-03-03,7:30p,@,Miami Heat,L,,107,124,27,33,L 3
2014,CHA,2014-03-05,7:00p,,Indiana Pacers,W,,109,87,28,33,W 1
2014,CHA,2014-03-07,7:00p,,Cleveland Cavaliers,W,,101,92,29,33,W 2
2014,CHA,2014-03-08,8:00p,@,Memphis Grizzlies,L,,89,111,29,34,L 1
2014,CHA,2014-03-10,7:00p,,Denver Nuggets,W,,105,98,30,34,W 1
2014,CHA,2014-03-12,7:00p,@,Washington Wizards,W,,98,85,31,34,W 2
2014,CHA,2014-03-14,7:00p,,Minnesota Timberwolves,W,,105,93,32,34,W 3
2014,CHA,2014-03-16,1:00p,@,Milwaukee Bucks,W,,101,92,33,34,W 4
2014,CHA,2014-03-17,7:00p,,Atlanta Hawks,L,,83,97,33,35,L 1
2014,CHA,2014-03-19,7:30p,@,Brooklyn Nets,L,,99,104,33,36,L 2
2014,CHA,2014-03-22,7:00p,,Portland Trail Blazers,W,,124,94,34,36,W 1
2014,CHA,2014-03-24,7:00p,,Houston Rockets,L,,89,100,34,37,L 1
2014,CHA,2014-03-26,7:00p,,Brooklyn Nets,W,OT,116,111,35,37,W 1
2014,CHA,2014-03-28,7:00p,@,Orlando Magic,L,OT,105,110,35,38,L 1
2014,CHA,2014-03-31,7:00p,,Washington Wizards,W,,100,94,36,38,W 1
2014,CHA,2014-04-02,7:00p,@,Philadelphia 76ers,W,,123,93,37,38,W 2
2014,CHA,2014-04-04,7:00p,,Orlando Magic,W,,91,80,38,38,W 3
2014,CHA,2014-04-05,7:30p,@,Cleveland Cavaliers,W,OT,96,94,39,38,W 4
2014,CHA,2014-04-09,7:00p,@,Washington Wizards,W,OT,94,88,40,38,W 5
2014,CHA,2014-04-11,7:30p,@,Boston Celtics,L,,103,106,40,39,L 1
2014,CHA,2014-04-12,7:00p,,Philadelphia 76ers,W,,111,105,41,39,W 1
2014,CHA,2014-04-14,7:30p,@,Atlanta Hawks,W,,95,93,42,39,W 2
2014,CHA,2014-04-16,7:00p,,Chicago Bulls,W,OT,91,86,43,39,W 3
2014,CHA,2014-04-20,3:30p,@,Miami Heat,L,,88,99,0,1,L 1
2014,CHA,2014-04-23,7:00p,@,Miami Heat,L,,97,101,0,2,L 2
2014,CHA,2014-04-26,7:00p,,Miami Heat,L,,85,98,0,3,L 3
2014,CHA,2014-04-28,7:00p,,Miami Heat,L,,98,109,0,4,L 4
2014,CHI,2013-10-29,8:00p,@,Miami Heat,L,,95,107,0,1,L 1
2014,CHI,2013-10-31,8:00p,,New York Knicks,W,,82,81,1,1,W 1
2014,CHI,2013-11-02,7:30p,@,Philadelphia 76ers,L,,104,107,1,2,L 1
2014,CHI,2013-11-06,7:00p,@,Indiana Pacers,L,,80,97,1,3,L 2
2014,CHI,2013-11-08,8:00p,,Utah Jazz,W,,97,73,2,3,W 1
2014,CHI,2013-11-11,8:00p,,Cleveland Cavaliers,W,,96,81,3,3,W 2
2014,CHI,2013-11-15,7:00p,@,Toronto Raptors,W,,96,80,4,3,W 3
2014,CHI,2013-11-16,8:00p,,Indiana Pacers,W,,110,94,5,3,W 4
2014,CHI,2013-11-18,8:00p,,Charlotte Bobcats,W,,86,81,6,3,W 5
2014,CHI,2013-11-21,10:30p,@,Denver Nuggets,L,,87,97,6,4,L 1
2014,CHI,2013-11-22,10:00p,@,Portland Trail Blazers,L,,95,98,6,5,L 2
2014,CHI,2013-11-24,3:30p,@,Los Angeles Clippers,L,,82,121,6,6,L 3
2014,CHI,2013-11-25,9:00p,@,Utah Jazz,L,OT,83,89,6,7,L 4
2014,CHI,2013-11-27,7:30p,@,Detroit Pistons,W,,99,79,7,7,W 1
2014,CHI,2013-11-30,7:30p,@,Cleveland Cavaliers,L,,93,97,7,8,L 1
2014,CHI,2013-12-02,8:00p,,New Orleans Pelicans,L,3OT,128,131,7,9,L 2
2014,CHI,2013-12-05,9:30p,,Miami Heat,W,,107,87,8,9,W 1
2014,CHI,2013-12-07,8:00p,,Detroit Pistons,L,,75,92,8,10,L 1
2014,CHI,2013-12-10,8:00p,,Milwaukee Bucks,L,,74,78,8,11,L 2
2014,CHI,2013-12-11,8:00p,@,New York Knicks,L,,78,83,8,12,L 3
2014,CHI,2013-12-13,8:30p,@,Milwaukee Bucks,W,,91,90,9,12,W 1
2014,CHI,2013-12-14,8:00p,,Toronto Raptors,L,,77,99,9,13,L 1
2014,CHI,2013-12-16,8:00p,,Orlando Magic,L,,82,83,9,14,L 2
2014,CHI,2013-12-18,9:30p,@,Houston Rockets,L,,94,109,9,15,L 3
2014,CHI,2013-12-19,8:00p,@,Oklahoma City Thunder,L,,95,107,9,16,L 4
2014,CHI,2013-12-21,8:00p,,Cleveland Cavaliers,W,,100,84,10,16,W 1
2014,CHI,2013-12-25,12:00p,@,Brooklyn Nets,W,,95,78,11,16,W 2
2014,CHI,2013-12-28,8:00p,,Dallas Mavericks,L,,83,105,11,17,L 1
2014,CHI,2013-12-30,8:00p,@,Memphis Grizzlies,W,,95,91,12,17,W 1
2014,CHI,2013-12-31,8:00p,,Toronto Raptors,L,,79,85,12,18,L 1
2014,CHI,2014-01-02,8:00p,,Boston Celtics,W,,94,82,13,18,W 1
2014,CHI,2014-01-04,8:00p,,Atlanta Hawks,W,,91,84,14,18,W 2
2014,CHI,2014-01-07,8:00p,,Phoenix Suns,W,,92,87,15,18,W 3
2014,CHI,2014-01-10,8:30p,@,Milwaukee Bucks,W,,81,72,16,18,W 4
2014,CHI,2014-01-11,8:00p,,Charlotte Bobcats,W,,103,97,17,18,W 5
2014,CHI,2014-01-13,8:00p,,Washington Wizards,L,,88,102,17,19,L 1
2014,CHI,2014-01-15,7:00p,@,Orlando Magic,W,3OT,128,125,18,19,W 1
2014,CHI,2014-01-17,7:00p,@,Washington Wizards,L,,93,96,18,20,L 1
2014,CHI,2014-01-18,8:00p,,Philadelphia 76ers,W,,103,78,19,20,W 1
2014,CHI,2014-01-20,8:00p,,Los Angeles Lakers,W,OT,102,100,20,20,W 2
2014,CHI,2014-01-22,7:00p,@,Cleveland Cavaliers,W,,98,87,21,20,W 3
2014,CHI,2014-01-24,8:00p,,Los Angeles Clippers,L,,95,112,21,21,L 1
2014,CHI,2014-01-25,7:00p,@,Charlotte Bobcats,W,,89,87,22,21,W 1
2014,CHI,2014-01-27,8:00p,,Minnesota Timberwolves,L,,86,95,22,22,L 1
2014,CHI,2014-01-29,9:30p,@,San Antonio Spurs,W,,96,86,23,22,W 1
2014,CHI,2014-02-01,8:00p,@,New Orleans Pelicans,L,,79,88,23,23,L 1
2014,CHI,2014-02-03,10:00p,@,Sacramento Kings,L,,70,99,23,24,L 2
2014,CHI,2014-02-04,9:00p,@,Phoenix Suns,W,,101,92,24,24,W 1
2014,CHI,2014-02-06,10:30p,@,Golden State Warriors,L,,87,102,24,25,L 1
2014,CHI,2014-02-09,3:30p,@,Los Angeles Lakers,W,,92,86,25,25,W 1
2014,CHI,2014-02-11,8:00p,,Atlanta Hawks,W,,100,85,26,25,W 2
2014,CHI,2014-02-13,8:00p,,Brooklyn Nets,W,,92,76,27,25,W 3
2014,CHI,2014-02-19,7:00p,@,Toronto Raptors,W,,94,92,28,25,W 4
2014,CHI,2014-02-21,8:00p,,Denver Nuggets,W,,117,89,29,25,W 5
2014,CHI,2014-02-23,3:30p,@,Miami Heat,L,,79,93,29,26,L 1
2014,CHI,2014-02-25,7:30p,@,Atlanta Hawks,W,,107,103,30,26,W 1
2014,CHI,2014-02-26,8:00p,,Golden State Warriors,W,,103,83,31,26,W 2
2014,CHI,2014-02-28,8:30p,@,Dallas Mavericks,W,,100,91,32,26,W 3
2014,CHI,2014-03-02,1:00p,,New York Knicks,W,,109,90,33,26,W 4
2014,CHI,2014-03-03,7:30p,@,Brooklyn Nets,L,,80,96,33,27,L 1
2014,CHI,2014-03-05,7:30p,@,Detroit Pistons,W,,105,94,34,27,W 1
2014,CHI,2014-03-07,7:00p,,Memphis Grizzlies,L,,77,85,34,28,L 1
2014,CHI,2014-03-09,1:00p,,Miami Heat,W,OT,95,88,35,28,W 1
2014,CHI,2014-03-11,8:00p,,San Antonio Spurs,L,,96,104,35,29,L 1
2014,CHI,2014-03-13,7:00p,,Houston Rockets,W,,111,87,36,29,W 1
2014,CHI,2014-03-15,8:00p,,Sacramento Kings,W,,94,87,37,29,W 2
2014,CHI,2014-03-17,8:00p,,Oklahoma City Thunder,L,,85,97,37,30,L 1
2014,CHI,2014-03-19,7:00p,@,Philadelphia 76ers,W,,102,94,38,30,W 1
2014,CHI,2014-03-21,7:00p,@,Indiana Pacers,L,,79,91,38,31,L 1
2014,CHI,2014-03-22,8:00p,,Philadelphia 76ers,W,,91,81,39,31,W 1
2014,CHI,2014-03-24,8:00p,,Indiana Pacers,W,,89,77,40,31,W 2
2014,CHI,2014-03-28,8:00p,,Portland Trail Blazers,L,,74,91,40,32,L 1
2014,CHI,2014-03-30,7:00p,@,Boston Celtics,W,,107,102,41,32,W 1
2014,CHI,2014-03-31,8:00p,,Boston Celtics,W,,94,80,42,32,W 2
2014,CHI,2014-04-02,7:30p,@,Atlanta Hawks,W,,105,92,43,32,W 3
2014,CHI,2014-04-04,8:00p,,Milwaukee Bucks,W,,102,90,44,32,W 4
2014,CHI,2014-04-05,7:00p,@,Washington Wizards,W,,96,78,45,32,W 5
2014,CHI,2014-04-09,8:00p,@,Minnesota Timberwolves,W,,102,87,46,32,W 6
2014,CHI,2014-04-11,8:00p,,Detroit Pistons,W,,106,98,47,32,W 7
2014,CHI,2014-04-13,7:30p,@,New York Knicks,L,,89,100,47,33,L 1
2014,CHI,2014-04-14,8:00p,,Orlando Magic,W,,108,95,48,33,W 1
2014,CHI,2014-04-16,7:00p,@,Charlotte Bobcats,L,OT,86,91,48,34,L 1
2014,CHI,2014-04-20,7:00p,,Washington Wizards,L,,93,102,0,1,L 1
2014,CHI,2014-04-22,9:30p,,Washington Wizards,L,OT,99,101,0,2,L 2
2014,CHI,2014-04-25,8:00p,@,Washington Wizards,W,,100,97,1,2,W 1
2014,CHI,2014-04-27,1:00p,@,Washington Wizards,L,,89,98,1,3,L 1
2014,CHI,2014-04-29,8:00p,,Washington Wizards,L,,69,75,1,4,L 2
2014,CLE,2013-10-30,7:00p,,Brooklyn Nets,W,,98,94,1,0,W 1
2014,CLE,2013-11-01,7:00p,@,Charlotte Bobcats,L,,84,90,1,1,L 1
2014,CLE,2013-11-02,7:00p,@,Indiana Pacers,L,,74,89,1,2,L 2
2014,CLE,2013-11-04,7:00p,,Minnesota Timberwolves,W,,93,92,2,2,W 1
2014,CLE,2013-11-06,8:00p,@,Milwaukee Bucks,L,,104,109,2,3,L 1
2014,CLE,2013-11-08,7:00p,@,Philadelphia 76ers,L,,79,94,2,4,L 2
2014,CLE,2013-11-09,7:30p,,Philadelphia 76ers,W,2OT,127,125,3,4,W 1
2014,CLE,2013-11-11,8:00p,@,Chicago Bulls,L,,81,96,3,5,L 1
2014,CLE,2013-11-13,8:00p,@,Minnesota Timberwolves,L,,95,124,3,6,L 2
2014,CLE,2013-11-15,7:30p,,Charlotte Bobcats,L,,80,86,3,7,L 3
2014,CLE,2013-11-16,7:00p,@,Washington Wizards,W,OT,103,96,4,7,W 1
2014,CLE,2013-11-20,7:00p,,Washington Wizards,L,,91,98,4,8,L 1
2014,CLE,2013-11-22,8:00p,@,New Orleans Pelicans,L,,100,104,4,9,L 2
2014,CLE,2013-11-23,8:30p,@,San Antonio Spurs,L,,96,126,4,10,L 3
2014,CLE,2013-11-27,7:30p,,Miami Heat,L,,84,95,4,11,L 4
2014,CLE,2013-11-29,7:30p,@,Boston Celtics,L,,86,103,4,12,L 5
2014,CLE,2013-11-30,7:30p,,Chicago Bulls,W,,97,93,5,12,W 1
2014,CLE,2013-12-04,7:00p,,Denver Nuggets,W,,98,88,6,12,W 2
2014,CLE,2013-12-06,7:30p,@,Atlanta Hawks,L,,89,108,6,13,L 1
2014,CLE,2013-12-07,7:30p,,Los Angeles Clippers,W,,88,82,7,13,W 1
2014,CLE,2013-12-10,7:00p,,New York Knicks,W,,109,94,8,13,W 2
2014,CLE,2013-12-13,7:00p,@,Orlando Magic,W,,109,100,9,13,W 3
2014,CLE,2013-12-14,7:30p,@,Miami Heat,L,,107,114,9,14,L 1
2014,CLE,2013-12-17,7:00p,,Portland Trail Blazers,L,,116,119,9,15,L 2
2014,CLE,2013-12-20,7:30p,,Milwaukee Bucks,W,OT,114,111,10,15,W 1
2014,CLE,2013-12-21,8:00p,@,Chicago Bulls,L,,84,100,10,16,L 1
2014,CLE,2013-12-23,7:00p,,Detroit Pistons,L,,92,115,10,17,L 2
2014,CLE,2013-12-26,7:00p,,Atlanta Hawks,L,2OT,125,127,10,18,L 3
2014,CLE,2013-12-28,1:00p,@,Boston Celtics,L,,100,103,10,19,L 4
2014,CLE,2013-12-29,6:00p,,Golden State Warriors,L,OT,104,108,10,20,L 5
2014,CLE,2013-12-31,3:00p,@,Indiana Pacers,L,,76,91,10,21,L 6
2014,CLE,2014-01-02,7:00p,,Orlando Magic,W,OT,87,81,11,21,W 1
2014,CLE,2014-01-04,7:30p,@,Brooklyn Nets,L,,82,89,11,22,L 1
2014,CLE,2014-01-05,6:00p,,Indiana Pacers,L,,78,82,11,23,L 2
2014,CLE,2014-01-07,7:00p,,Philadelphia 76ers,W,,111,93,12,23,W 1
2014,CLE,2014-01-10,9:00p,@,Utah Jazz,W,,113,102,13,23,W 2
2014,CLE,2014-01-12,6:00p,@,Sacramento Kings,L,,80,124,13,24,L 1
2014,CLE,2014-01-14,10:30p,@,Los Angeles Lakers,W,,120,118,14,24,W 1
2014,CLE,2014-01-15,10:00p,@,Portland Trail Blazers,L,,96,108,14,25,L 1
2014,CLE,2014-01-17,9:00p,@,Denver Nuggets,W,,117,109,15,25,W 1
2014,CLE,2014-01-20,1:00p,,Dallas Mavericks,L,,97,102,15,26,L 1
2014,CLE,2014-01-22,7:00p,,Chicago Bulls,L,,87,98,15,27,L 2
2014,CLE,2014-01-24,7:30p,,Milwaukee Bucks,W,,93,78,16,27,W 1
2014,CLE,2014-01-26,6:00p,,Phoenix Suns,L,,90,99,16,28,L 1
2014,CLE,2014-01-28,7:00p,,New Orleans Pelicans,L,,89,100,16,29,L 2
2014,CLE,2014-01-30,8:00p,@,New York Knicks,L,,86,117,16,30,L 3
2014,CLE,2014-02-01,8:00p,@,Houston Rockets,L,,92,106,16,31,L 4
2014,CLE,2014-02-03,8:30p,@,Dallas Mavericks,L,,107,124,16,32,L 5
2014,CLE,2014-02-05,7:00p,,Los Angeles Lakers,L,,108,119,16,33,L 6
2014,CLE,2014-02-07,7:00p,@,Washington Wizards,W,,115,113,17,33,W 1
2014,CLE,2014-02-09,6:00p,,Memphis Grizzlies,W,OT,91,83,18,33,W 2
2014,CLE,2014-02-11,7:00p,,Sacramento Kings,W,,109,99,19,33,W 3
2014,CLE,2014-02-12,7:30p,@,Detroit Pistons,W,,93,89,20,33,W 4
2014,CLE,2014-02-18,7:00p,@,Philadelphia 76ers,W,,114,85,21,33,W 5
2014,CLE,2014-02-19,7:00p,,Orlando Magic,W,,101,93,22,33,W 6
2014,CLE,2014-02-21,7:00p,@,Toronto Raptors,L,,91,98,22,34,L 1
2014,CLE,2014-02-23,6:00p,,Washington Wizards,L,,83,96,22,35,L 2
2014,CLE,2014-02-25,7:00p,,Toronto Raptors,L,,93,99,22,36,L 3
2014,CLE,2014-02-26,8:00p,@,Oklahoma City Thunder,W,,114,104,23,36,W 1
2014,CLE,2014-02-28,7:30p,,Utah Jazz,W,,99,79,24,36,W 2
2014,CLE,2014-03-01,9:00p,@,Memphis Grizzlies,L,,96,110,24,37,L 1
2014,CLE,2014-03-04,7:00p,,San Antonio Spurs,L,,101,122,24,38,L 2
2014,CLE,2014-03-07,7:00p,@,Charlotte Bobcats,L,,92,101,24,39,L 3
2014,CLE,2014-03-08,7:30p,,New York Knicks,L,,97,107,24,40,L 4
2014,CLE,2014-03-12,10:00p,@,Phoenix Suns,W,,110,101,25,40,W 1
2014,CLE,2014-03-14,10:30p,@,Golden State Warriors,W,,103,94,26,40,W 2
2014,CLE,2014-03-16,9:30p,@,Los Angeles Clippers,L,,80,102,26,41,L 1
2014,CLE,2014-03-18,7:00p,,Miami Heat,L,,96,100,26,42,L 2
2014,CLE,2014-03-20,7:00p,,Oklahoma City Thunder,L,,95,102,26,43,L 3
2014,CLE,2014-03-22,7:30p,,Houston Rockets,L,,111,118,26,44,L 4
2014,CLE,2014-03-23,7:30p,@,New York Knicks,W,,106,100,27,44,W 1
2014,CLE,2014-03-25,7:00p,,Toronto Raptors,W,,102,100,28,44,W 2
2014,CLE,2014-03-26,7:30p,@,Detroit Pistons,W,,97,96,29,44,W 3
2014,CLE,2014-03-28,7:30p,@,Brooklyn Nets,L,,97,108,29,45,L 1
2014,CLE,2014-03-30,3:00p,,Indiana Pacers,W,,90,76,30,45,W 1
2014,CLE,2014-04-02,7:00p,@,Orlando Magic,W,,119,98,31,45,W 2
2014,CLE,2014-04-04,7:30p,@,Atlanta Hawks,L,,98,117,31,46,L 1
2014,CLE,2014-04-05,7:30p,,Charlotte Bobcats,L,OT,94,96,31,47,L 2
2014,CLE,2014-04-09,7:00p,,Detroit Pistons,W,,122,100,32,47,W 1
2014,CLE,2014-04-11,8:30p,@,Milwaukee Bucks,L,,116,119,32,48,L 1
2014,CLE,2014-04-12,7:30p,,Boston Celtics,L,,99,111,32,49,L 2
2014,CLE,2014-04-16,8:00p,,Brooklyn Nets,W,,114,85,33,49,W 1
2014,DAL,2013-10-30,8:30p,,Atlanta Hawks,W,,118,109,1,0,W 1
2014,DAL,2013-11-01,8:00p,@,Houston Rockets,L,,105,113,1,1,L 1
2014,DAL,2013-11-02,8:30p,,Memphis Grizzlies,W,,111,99,2,1,W 1
2014,DAL,2013-11-05,8:30p,,Los Angeles Lakers,W,,123,104,3,1,W 2
2014,DAL,2013-11-06,9:30p,@,Oklahoma City Thunder,L,,93,107,3,2,L 1
2014,DAL,2013-11-08,8:00p,@,Minnesota Timberwolves,L,,108,116,3,3,L 2
2014,DAL,2013-11-09,8:30p,@,Milwaukee Bucks,W,,91,83,4,3,W 1
2014,DAL,2013-11-12,8:30p,,Washington Wizards,W,,105,95,5,3,W 2
2014,DAL,2013-11-15,7:30p,@,Miami Heat,L,,104,110,5,4,L 1
2014,DAL,2013-11-16,7:00p,@,Orlando Magic,W,,108,100,6,4,W 1
2014,DAL,2013-11-18,8:30p,,Philadelphia 76ers,W,,97,94,7,4,W 2
2014,DAL,2013-11-20,9:30p,,Houston Rockets,W,,123,120,8,4,W 3
2014,DAL,2013-11-22,8:30p,,Utah Jazz,W,,103,93,9,4,W 4
2014,DAL,2013-11-23,9:00p,@,Denver Nuggets,L,,100,102,9,5,L 1
2014,DAL,2013-11-25,8:30p,,Denver Nuggets,L,,96,110,9,6,L 2
2014,DAL,2013-11-27,8:30p,,Golden State Warriors,W,,103,99,10,6,W 1
2014,DAL,2013-11-29,7:30p,@,Atlanta Hawks,L,,87,88,10,7,L 1
2014,DAL,2013-11-30,8:30p,,Minnesota Timberwolves,L,,106,112,10,8,L 2
2014,DAL,2013-12-03,8:30p,,Charlotte Bobcats,W,,89,82,11,8,W 1
2014,DAL,2013-12-04,8:00p,@,New Orleans Pelicans,W,,100,97,12,8,W 2
2014,DAL,2013-12-07,10:00p,@,Portland Trail Blazers,W,,108,106,13,8,W 3
2014,DAL,2013-12-09,10:00p,@,Sacramento Kings,L,,97,112,13,9,L 1
2014,DAL,2013-12-11,10:30p,@,Golden State Warriors,L,,93,95,13,10,L 2
2014,DAL,2013-12-14,8:30p,,Milwaukee Bucks,W,,106,93,14,10,W 1
2014,DAL,2013-12-18,8:30p,,Memphis Grizzlies,W,,105,91,15,10,W 2
2014,DAL,2013-12-20,8:30p,,Toronto Raptors,L,OT,108,109,15,11,L 1
2014,DAL,2013-12-21,9:00p,@,Phoenix Suns,L,,108,123,15,12,L 2
2014,DAL,2013-12-23,8:00p,@,Houston Rockets,W,,111,104,16,12,W 1
2014,DAL,2013-12-26,8:30p,,San Antonio Spurs,L,,107,116,16,13,L 1
2014,DAL,2013-12-28,8:00p,@,Chicago Bulls,W,,105,83,17,13,W 1
2014,DAL,2013-12-30,8:00p,@,Minnesota Timberwolves,W,,100,98,18,13,W 2
2014,DAL,2014-01-01,6:00p,@,Washington Wizards,W,,87,78,19,13,W 3
2014,DAL,2014-01-03,8:30p,,Los Angeles Clippers,L,,112,119,19,14,L 1
2014,DAL,2014-01-05,7:30p,,New York Knicks,L,,80,92,19,15,L 2
2014,DAL,2014-01-07,8:30p,,Los Angeles Lakers,W,,110,97,20,15,W 1
2014,DAL,2014-01-08,7:00p,@,San Antonio Spurs,L,,90,112,20,16,L 1
2014,DAL,2014-01-10,8:00p,@,New Orleans Pelicans,W,,107,90,21,16,W 1
2014,DAL,2014-01-11,8:30p,,New Orleans Pelicans,W,,110,107,22,16,W 2
2014,DAL,2014-01-13,8:30p,,Orlando Magic,W,,107,88,23,16,W 3
2014,DAL,2014-01-15,10:30p,@,Los Angeles Clippers,L,,127,129,23,17,L 1
2014,DAL,2014-01-17,9:00p,@,Phoenix Suns,W,,110,107,24,17,W 1
2014,DAL,2014-01-18,8:30p,,Portland Trail Blazers,L,,111,127,24,18,L 1
2014,DAL,2014-01-20,1:00p,@,Cleveland Cavaliers,W,,102,97,25,18,W 1
2014,DAL,2014-01-22,7:00p,@,Toronto Raptors,L,,85,93,25,19,L 1
2014,DAL,2014-01-24,7:30p,@,Brooklyn Nets,L,,106,107,25,20,L 2
2014,DAL,2014-01-26,7:30p,,Detroit Pistons,W,,116,106,26,20,W 1
2014,DAL,2014-01-29,8:30p,,Houston Rockets,L,,115,117,26,21,L 1
2014,DAL,2014-01-31,8:30p,,Sacramento Kings,W,,107,103,27,21,W 1
2014,DAL,2014-02-03,8:30p,,Cleveland Cavaliers,W,,124,107,28,21,W 2
2014,DAL,2014-02-05,8:00p,@,Memphis Grizzlies,W,,110,96,29,21,W 3
2014,DAL,2014-02-07,8:30p,,Utah Jazz,W,,103,81,30,21,W 4
2014,DAL,2014-02-09,6:00p,@,Boston Celtics,W,,102,91,31,21,W 5
2014,DAL,2014-02-11,7:00p,@,Charlotte Bobcats,L,,89,114,31,22,L 1
2014,DAL,2014-02-12,7:00p,@,Indiana Pacers,W,,81,73,32,22,W 1
2014,DAL,2014-02-18,8:30p,,Miami Heat,L,,106,117,32,23,L 1
2014,DAL,2014-02-21,7:00p,@,Philadelphia 76ers,W,,124,112,33,23,W 1
2014,DAL,2014-02-22,7:30p,@,Detroit Pistons,W,,113,102,34,23,W 2
2014,DAL,2014-02-24,7:30p,@,New York Knicks,W,,110,108,35,23,W 3
2014,DAL,2014-02-26,8:00p,,New Orleans Pelicans,W,,108,89,36,23,W 4
2014,DAL,2014-02-28,8:30p,,Chicago Bulls,L,,91,100,36,24,L 1
2014,DAL,2014-03-02,7:00p,@,San Antonio Spurs,L,,106,112,36,25,L 2
2014,DAL,2014-03-05,8:00p,@,Denver Nuggets,L,,110,115,36,26,L 3
2014,DAL,2014-03-07,8:30p,,Portland Trail Blazers,W,,103,98,37,26,W 1
2014,DAL,2014-03-09,7:30p,,Indiana Pacers,W,,105,94,38,26,W 2
2014,DAL,2014-03-11,10:30p,@,Golden State Warriors,L,,85,108,38,27,L 1
2014,DAL,2014-03-12,9:00p,@,Utah Jazz,W,,108,101,39,27,W 1
2014,DAL,2014-03-16,7:00p,@,Oklahoma City Thunder,W,,109,86,40,27,W 2
2014,DAL,2014-03-17,8:30p,,Boston Celtics,W,,94,89,41,27,W 3
2014,DAL,2014-03-19,8:30p,,Minnesota Timberwolves,L,OT,122,123,41,28,L 1
2014,DAL,2014-03-21,8:30p,,Denver Nuggets,W,,122,106,42,28,W 1
2014,DAL,2014-03-23,7:30p,,Brooklyn Nets,L,OT,104,107,42,29,L 1
2014,DAL,2014-03-25,8:00p,,Oklahoma City Thunder,W,OT,128,119,43,29,W 1
2014,DAL,2014-03-27,8:30p,,Los Angeles Clippers,L,,103,109,43,30,L 1
2014,DAL,2014-03-29,8:30p,,Sacramento Kings,W,,103,100,44,30,W 1
2014,DAL,2014-04-01,8:30p,,Golden State Warriors,L,OT,120,122,44,31,L 1
2014,DAL,2014-04-03,10:30p,@,Los Angeles Clippers,W,,113,107,45,31,W 1
2014,DAL,2014-04-04,10:30p,@,Los Angeles Lakers,W,,107,95,46,31,W 2
2014,DAL,2014-04-06,6:00p,@,Sacramento Kings,W,,93,91,47,31,W 3
2014,DAL,2014-04-08,9:00p,@,Utah Jazz,W,,95,83,48,31,W 4
2014,DAL,2014-04-10,8:00p,,San Antonio Spurs,L,,100,109,48,32,L 1
2014,DAL,2014-04-12,8:30p,,Phoenix Suns,W,,101,98,49,32,W 1
2014,DAL,2014-04-16,8:00p,@,Memphis Grizzlies,L,OT,105,106,49,33,L 1
2014,DAL,2014-04-20,1:00p,@,San Antonio Spurs,L,,85,90,0,1,L 1
2014,DAL,2014-04-23,8:00p,@,San Antonio Spurs,W,,113,92,1,1,W 1
2014,DAL,2014-04-26,4:30p,,San Antonio Spurs,W,,109,108,2,1,W 2
2014,DAL,2014-04-28,9:30p,,San Antonio Spurs,L,,89,93,2,2,L 1
2014,DAL,2014-04-30,7:00p,@,San Antonio Spurs,L,,103,109,2,3,L 2
2014,DAL,2014-05-02,8:00p,,San Antonio Spurs,W,,113,111,3,3,W 1
2014,DAL,2014-05-04,3:30p,@,San Antonio Spurs,L,,96,119,3,4,L 1
2014,DEN,2013-10-30,10:00p,@,Sacramento Kings,L,,88,90,0,1,L 1
2014,DEN,2013-11-01,9:00p,,Portland Trail Blazers,L,,98,113,0,2,L 2
2014,DEN,2013-11-05,9:00p,,San Antonio Spurs,L,,94,102,0,3,L 3
2014,DEN,2013-11-07,9:00p,,Atlanta Hawks,W,,109,107,1,3,W 1
2014,DEN,2013-11-08,9:00p,@,Phoenix Suns,L,,103,114,1,4,L 1
2014,DEN,2013-11-11,9:00p,@,Utah Jazz,W,,100,81,2,4,W 1
2014,DEN,2013-11-13,9:00p,,Los Angeles Lakers,W,,111,99,3,4,W 2
2014,DEN,2013-11-15,8:00p,,Minnesota Timberwolves,W,,117,113,4,4,W 3
2014,DEN,2013-11-16,8:00p,@,Houston Rockets,L,,111,122,4,5,L 1
2014,DEN,2013-11-18,8:00p,@,Oklahoma City Thunder,L,,113,115,4,6,L 2
2014,DEN,2013-11-21,10:30p,,Chicago Bulls,W,,97,87,5,6,W 1
2014,DEN,2013-11-23,9:00p,,Dallas Mavericks,W,,102,100,6,6,W 2
2014,DEN,2013-11-25,8:30p,@,Dallas Mavericks,W,,110,96,7,6,W 3
2014,DEN,2013-11-27,8:00p,@,Minnesota Timberwolves,W,,117,110,8,6,W 4
2014,DEN,2013-11-29,9:00p,,New York Knicks,W,,97,95,9,6,W 5
2014,DEN,2013-12-01,1:00p,@,Toronto Raptors,W,,112,98,10,6,W 6
2014,DEN,2013-12-03,7:30p,@,Brooklyn Nets,W,,111,87,11,6,W 7
2014,DEN,2013-12-04,7:00p,@,Cleveland Cavaliers,L,,88,98,11,7,L 1
2014,DEN,2013-12-06,7:30p,@,Boston Celtics,L,,98,106,11,8,L 2
2014,DEN,2013-12-07,7:00p,@,Philadelphia 76ers,W,,103,92,12,8,W 1
2014,DEN,2013-12-09,7:00p,@,Washington Wizards,W,,75,74,13,8,W 2
2014,DEN,2013-12-13,9:00p,,Utah Jazz,L,,93,103,13,9,L 1
2014,DEN,2013-12-15,8:00p,,New Orleans Pelicans,W,,102,93,14,9,W 1
2014,DEN,2013-12-17,9:00p,,Oklahoma City Thunder,L,,93,105,14,10,L 1
2014,DEN,2013-12-20,9:00p,,Phoenix Suns,L,,99,103,14,11,L 2
2014,DEN,2013-12-21,10:30p,@,Los Angeles Clippers,L,,91,112,14,12,L 3
2014,DEN,2013-12-23,9:00p,,Golden State Warriors,L,,81,89,14,13,L 4
2014,DEN,2013-12-27,8:00p,@,New Orleans Pelicans,L,,89,105,14,14,L 5
2014,DEN,2013-12-28,8:00p,@,Memphis Grizzlies,L,,99,120,14,15,L 6
2014,DEN,2013-12-30,9:00p,,Miami Heat,L,,94,97,14,16,L 7
2014,DEN,2014-01-01,9:00p,,Philadelphia 76ers,L,,102,114,14,17,L 8
2014,DEN,2014-01-03,9:00p,,Memphis Grizzlies,W,,111,108,15,17,W 1
2014,DEN,2014-01-05,9:30p,@,Los Angeles Lakers,W,,137,115,16,17,W 2
2014,DEN,2014-01-07,9:00p,,Boston Celtics,W,,129,98,17,17,W 3
2014,DEN,2014-01-09,10:30p,,Oklahoma City Thunder,W,,101,88,18,17,W 4
2014,DEN,2014-01-11,9:00p,,Orlando Magic,W,,120,94,19,17,W 5
2014,DEN,2014-01-13,9:00p,@,Utah Jazz,L,,103,118,19,18,L 1
2014,DEN,2014-01-15,10:30p,@,Golden State Warriors,W,,123,116,20,18,W 1
2014,DEN,2014-01-17,9:00p,,Cleveland Cavaliers,L,,109,117,20,19,L 1
2014,DEN,2014-01-19,8:00p,@,Phoenix Suns,L,,103,117,20,20,L 2
2014,DEN,2014-01-23,10:30p,@,Portland Trail Blazers,L,,105,110,20,21,L 3
2014,DEN,2014-01-25,9:00p,,Indiana Pacers,W,,109,96,21,21,W 1
2014,DEN,2014-01-26,9:00p,@,Sacramento Kings,W,,125,117,22,21,W 2
2014,DEN,2014-01-29,9:00p,,Charlotte Bobcats,L,,98,101,22,22,L 1
2014,DEN,2014-01-31,9:00p,,Toronto Raptors,L,,90,100,22,23,L 2
2014,DEN,2014-02-03,9:00p,,Los Angeles Clippers,W,,116,115,23,23,W 1
2014,DEN,2014-02-05,9:00p,,Milwaukee Bucks,W,,110,100,24,23,W 2
2014,DEN,2014-02-07,7:30p,@,New York Knicks,L,,90,117,24,24,L 1
2014,DEN,2014-02-08,7:30p,@,Detroit Pistons,L,,109,126,24,25,L 2
2014,DEN,2014-02-10,7:00p,@,Indiana Pacers,L,,80,119,24,26,L 3
2014,DEN,2014-02-12,8:00p,@,Minnesota Timberwolves,L,,90,117,24,27,L 4
2014,DEN,2014-02-18,9:00p,,Phoenix Suns,L,OT,107,112,24,28,L 5
2014,DEN,2014-02-20,8:00p,@,Milwaukee Bucks,W,,101,90,25,28,W 1
2014,DEN,2014-02-21,8:00p,@,Chicago Bulls,L,,89,117,25,29,L 1
2014,DEN,2014-02-23,8:00p,,Sacramento Kings,L,,95,109,25,30,L 2
2014,DEN,2014-02-25,9:00p,,Portland Trail Blazers,L,,95,100,25,31,L 3
2014,DEN,2014-02-27,10:30p,,Brooklyn Nets,L,,89,112,25,32,L 4
2014,DEN,2014-03-01,10:00p,@,Portland Trail Blazers,L,,96,102,25,33,L 5
2014,DEN,2014-03-03,9:00p,,Minnesota Timberwolves,L,,128,132,25,34,L 6
2014,DEN,2014-03-05,8:00p,,Dallas Mavericks,W,,115,110,26,34,W 1
2014,DEN,2014-03-07,9:00p,,Los Angeles Lakers,W,,134,126,27,34,W 2
2014,DEN,2014-03-09,6:00p,@,New Orleans Pelicans,L,OT,107,111,27,35,L 1
2014,DEN,2014-03-10,7:00p,@,Charlotte Bobcats,L,,98,105,27,36,L 2
2014,DEN,2014-03-12,7:00p,@,Orlando Magic,W,,120,112,28,36,W 1
2014,DEN,2014-03-14,7:30p,@,Miami Heat,W,,111,107,29,36,W 2
2014,DEN,2014-03-15,7:30p,@,Atlanta Hawks,L,,92,97,29,37,L 1
2014,DEN,2014-03-17,10:30p,,Los Angeles Clippers,W,,110,100,30,37,W 1
2014,DEN,2014-03-19,9:00p,,Detroit Pistons,W,,118,109,31,37,W 2
2014,DEN,2014-03-21,8:30p,@,Dallas Mavericks,L,,106,122,31,38,L 1
2014,DEN,2014-03-23,5:00p,,Washington Wizards,W,,105,102,32,38,W 1
2014,DEN,2014-03-24,8:00p,@,Oklahoma City Thunder,L,,96,117,32,39,L 1
2014,DEN,2014-03-26,8:30p,@,San Antonio Spurs,L,,103,108,32,40,L 2
2014,DEN,2014-03-28,9:00p,,San Antonio Spurs,L,,102,133,32,41,L 3
2014,DEN,2014-03-31,9:00p,,Memphis Grizzlies,L,,92,94,32,42,L 4
2014,DEN,2014-04-02,9:00p,,New Orleans Pelicans,W,,137,107,33,42,W 1
2014,DEN,2014-04-04,7:00p,@,Memphis Grizzlies,L,,92,100,33,43,L 1
2014,DEN,2014-04-06,7:00p,@,Houston Rockets,L,OT,125,130,33,44,L 2
2014,DEN,2014-04-09,9:00p,,Houston Rockets,W,,123,116,34,44,W 1
2014,DEN,2014-04-10,10:30p,@,Golden State Warriors,W,,100,99,35,44,W 2
2014,DEN,2014-04-12,9:00p,,Utah Jazz,W,,101,94,36,44,W 3
2014,DEN,2014-04-15,10:30p,@,Los Angeles Clippers,L,,105,117,36,45,L 1
2014,DEN,2014-04-16,10:30p,,Golden State Warriors,L,,112,116,36,46,L 2
2014,DET,2013-10-30,7:30p,,Washington Wizards,W,,113,102,1,0,W 1
2014,DET,2013-11-01,8:00p,@,Memphis Grizzlies,L,OT,108,111,1,1,L 1
2014,DET,2013-11-03,6:00p,,Boston Celtics,W,,87,77,2,1,W 1
2014,DET,2013-11-05,7:30p,,Indiana Pacers,L,,91,99,2,2,L 1
2014,DET,2013-11-08,7:30p,,Oklahoma City Thunder,L,,110,119,2,3,L 2
2014,DET,2013-11-11,10:00p,@,Portland Trail Blazers,L,,103,109,2,4,L 3
2014,DET,2013-11-12,10:30p,@,Golden State Warriors,L,,95,113,2,5,L 4
2014,DET,2013-11-15,10:30p,@,Sacramento Kings,W,,97,90,3,5,W 1
2014,DET,2013-11-17,9:30p,@,Los Angeles Lakers,L,,99,114,3,6,L 1
2014,DET,2013-11-19,7:30p,,New York Knicks,W,,92,86,4,6,W 1
2014,DET,2013-11-20,7:30p,@,Atlanta Hawks,L,,85,93,4,7,L 1
2014,DET,2013-11-22,7:30p,,Atlanta Hawks,L,,89,96,4,8,L 2
2014,DET,2013-11-24,2:00p,@,Brooklyn Nets,W,,109,97,5,8,W 1
2014,DET,2013-11-25,7:30p,,Milwaukee Bucks,W,,113,94,6,8,W 2
2014,DET,2013-11-27,7:30p,,Chicago Bulls,L,,79,99,6,9,L 1
2014,DET,2013-11-29,7:30p,,Los Angeles Lakers,L,,102,106,6,10,L 2
2014,DET,2013-12-01,3:30p,,Philadelphia 76ers,W,,115,100,7,10,W 1
2014,DET,2013-12-03,7:30p,@,Miami Heat,W,,107,97,8,10,W 2
2014,DET,2013-12-04,8:00p,@,Milwaukee Bucks,W,,105,98,9,10,W 3
2014,DET,2013-12-07,8:00p,@,Chicago Bulls,W,,92,75,10,10,W 4
2014,DET,2013-12-08,6:00p,,Miami Heat,L,,95,110,10,11,L 1
2014,DET,2013-12-10,7:30p,,Minnesota Timberwolves,L,,94,121,10,12,L 2
2014,DET,2013-12-11,8:00p,@,New Orleans Pelicans,L,OT,106,111,10,13,L 3
2014,DET,2013-12-13,7:30p,,Brooklyn Nets,W,,103,99,11,13,W 1
2014,DET,2013-12-15,6:00p,,Portland Trail Blazers,L,OT,109,111,11,14,L 1
2014,DET,2013-12-16,7:00p,@,Indiana Pacers,W,,101,96,12,14,W 1
2014,DET,2013-12-18,7:30p,@,Boston Celtics,W,,107,106,13,14,W 2
2014,DET,2013-12-20,7:30p,,Charlotte Bobcats,L,,106,116,13,15,L 1
2014,DET,2013-12-21,7:30p,,Houston Rockets,L,,97,114,13,16,L 2
2014,DET,2013-12-23,7:00p,@,Cleveland Cavaliers,W,,115,92,14,16,W 1
2014,DET,2013-12-27,7:00p,@,Orlando Magic,L,,92,109,14,17,L 1
2014,DET,2013-12-28,7:00p,@,Washington Wizards,L,,82,106,14,18,L 2
2014,DET,2013-12-30,7:30p,,Washington Wizards,L,,99,106,14,19,L 3
2014,DET,2014-01-05,1:00p,,Memphis Grizzlies,L,,84,112,14,20,L 4
2014,DET,2014-01-07,7:30p,@,New York Knicks,L,,85,89,14,21,L 5
2014,DET,2014-01-08,7:00p,@,Toronto Raptors,L,,91,112,14,22,L 6
2014,DET,2014-01-10,7:00p,@,Philadelphia 76ers,W,,114,104,15,22,W 1
2014,DET,2014-01-11,7:30p,,Phoenix Suns,W,,110,108,16,22,W 2
2014,DET,2014-01-17,7:30p,,Utah Jazz,L,,89,110,16,23,L 1
2014,DET,2014-01-18,7:00p,@,Washington Wizards,W,,104,98,17,23,W 1
2014,DET,2014-01-20,1:00p,,Los Angeles Clippers,L,,103,112,17,24,L 1
2014,DET,2014-01-22,8:00p,@,Milwaukee Bucks,L,,101,104,17,25,L 2
2014,DET,2014-01-24,7:30p,,New Orleans Pelicans,L,,101,103,17,26,L 3
2014,DET,2014-01-26,7:30p,@,Dallas Mavericks,L,,106,116,17,27,L 4
2014,DET,2014-01-28,7:30p,,Orlando Magic,W,,103,87,18,27,W 1
2014,DET,2014-02-01,7:30p,,Philadelphia 76ers,W,,113,96,19,27,W 2
2014,DET,2014-02-03,7:30p,@,Miami Heat,L,,96,102,19,28,L 1
2014,DET,2014-02-05,7:00p,@,Orlando Magic,L,,98,112,19,29,L 2
2014,DET,2014-02-07,7:30p,,Brooklyn Nets,W,,111,95,20,29,W 1
2014,DET,2014-02-08,7:30p,,Denver Nuggets,W,,126,109,21,29,W 2
2014,DET,2014-02-10,7:30p,,San Antonio Spurs,W,,109,100,22,29,W 3
2014,DET,2014-02-12,7:30p,,Cleveland Cavaliers,L,,89,93,22,30,L 1
2014,DET,2014-02-18,7:30p,,Charlotte Bobcats,L,,96,108,22,31,L 2
2014,DET,2014-02-19,7:00p,@,Charlotte Bobcats,L,,98,116,22,32,L 3
2014,DET,2014-02-21,7:30p,,Atlanta Hawks,W,,115,107,23,32,W 1
2014,DET,2014-02-22,7:30p,,Dallas Mavericks,L,,102,113,23,33,L 1
2014,DET,2014-02-24,7:30p,,Golden State Warriors,L,,96,104,23,34,L 2
2014,DET,2014-02-26,8:30p,@,San Antonio Spurs,L,,110,120,23,35,L 3
2014,DET,2014-03-01,8:00p,@,Houston Rockets,L,,110,118,23,36,L 4
2014,DET,2014-03-03,7:30p,,New York Knicks,W,,96,85,24,36,W 1
2014,DET,2014-03-05,7:30p,,Chicago Bulls,L,,94,105,24,37,L 1
2014,DET,2014-03-07,8:00p,@,Minnesota Timberwolves,L,,101,114,24,38,L 2
2014,DET,2014-03-09,6:00p,@,Boston Celtics,L,,111,118,24,39,L 3
2014,DET,2014-03-11,7:30p,,Sacramento Kings,W,,99,89,25,39,W 1
2014,DET,2014-03-12,7:00p,@,Toronto Raptors,L,,87,101,25,40,L 1
2014,DET,2014-03-15,7:30p,,Indiana Pacers,L,OT,104,112,25,41,L 2
2014,DET,2014-03-19,9:00p,@,Denver Nuggets,L,,109,118,25,42,L 3
2014,DET,2014-03-21,10:00p,@,Phoenix Suns,L,,92,98,25,43,L 4
2014,DET,2014-03-22,10:30p,@,Los Angeles Clippers,L,,103,112,25,44,L 5
2014,DET,2014-03-24,9:00p,@,Utah Jazz,W,,114,94,26,44,W 1
2014,DET,2014-03-26,7:30p,,Cleveland Cavaliers,L,,96,97,26,45,L 1
2014,DET,2014-03-28,7:30p,,Miami Heat,L,,78,110,26,46,L 2
2014,DET,2014-03-29,7:30p,@,Philadelphia 76ers,L,,98,123,26,47,L 3
2014,DET,2014-03-31,7:30p,,Milwaukee Bucks,W,,116,111,27,47,W 1
2014,DET,2014-04-02,7:00p,@,Indiana Pacers,L,,94,101,27,48,L 1
2014,DET,2014-04-04,7:30p,@,Brooklyn Nets,L,,104,116,27,49,L 2
2014,DET,2014-04-05,7:30p,,Boston Celtics,W,,115,111,28,49,W 1
2014,DET,2014-04-08,7:30p,@,Atlanta Hawks,W,,102,95,29,49,W 2
2014,DET,2014-04-09,7:00p,@,Cleveland Cavaliers,L,,100,122,29,50,L 1
2014,DET,2014-04-11,8:00p,@,Chicago Bulls,L,,98,106,29,51,L 2
2014,DET,2014-04-13,3:30p,,Toronto Raptors,L,,107,116,29,52,L 3
2014,DET,2014-04-16,8:00p,@,Oklahoma City Thunder,L,,111,112,29,53,L 4
2014,GSW,2013-10-30,10:30p,,Los Angeles Lakers,W,,125,94,1,0,W 1
2014,GSW,2013-10-31,10:30p,@,Los Angeles Clippers,L,,115,126,1,1,L 1
2014,GSW,2013-11-02,10:30p,,Sacramento Kings,W,,98,87,2,1,W 1
2014,GSW,2013-11-04,7:00p,@,Philadelphia 76ers,W,,110,90,3,1,W 2
2014,GSW,2013-11-06,8:00p,@,Minnesota Timberwolves,W,,106,93,4,1,W 3
2014,GSW,2013-11-08,8:30p,@,San Antonio Spurs,L,,74,76,4,2,L 1
2014,GSW,2013-11-09,8:00p,@,Memphis Grizzlies,L,,90,108,4,3,L 2
2014,GSW,2013-11-12,10:30p,,Detroit Pistons,W,,113,95,5,3,W 1
2014,GSW,2013-11-14,10:30p,,Oklahoma City Thunder,W,,116,115,6,3,W 2
2014,GSW,2013-11-16,10:30p,,Utah Jazz,W,,102,88,7,3,W 3
2014,GSW,2013-11-18,9:00p,@,Utah Jazz,W,,98,87,8,3,W 4
2014,GSW,2013-11-20,10:30p,,Memphis Grizzlies,L,OT,81,88,8,4,L 1
2014,GSW,2013-11-22,10:30p,@,Los Angeles Lakers,L,,95,102,8,5,L 2
2014,GSW,2013-11-23,10:30p,,Portland Trail Blazers,L,,101,113,8,6,L 3
2014,GSW,2013-11-26,8:00p,@,New Orleans Pelicans,W,,102,101,9,6,W 1
2014,GSW,2013-11-27,8:30p,@,Dallas Mavericks,L,,99,103,9,7,L 1
2014,GSW,2013-11-29,8:00p,@,Oklahoma City Thunder,L,OT,112,113,9,8,L 2
2014,GSW,2013-12-01,6:00p,@,Sacramento Kings,W,,115,113,10,8,W 1
2014,GSW,2013-12-03,10:30p,,Toronto Raptors,W,,112,103,11,8,W 2
2014,GSW,2013-12-06,8:00p,@,Houston Rockets,L,,83,105,11,9,L 1
2014,GSW,2013-12-07,8:00p,@,Memphis Grizzlies,W,,108,82,12,9,W 1
2014,GSW,2013-12-09,7:00p,@,Charlotte Bobcats,L,,111,115,12,10,L 1
2014,GSW,2013-12-11,10:30p,,Dallas Mavericks,W,,95,93,13,10,W 1
2014,GSW,2013-12-13,10:30p,,Houston Rockets,L,,112,116,13,11,L 1
2014,GSW,2013-12-15,8:00p,@,Phoenix Suns,L,,102,106,13,12,L 2
2014,GSW,2013-12-17,10:30p,,New Orleans Pelicans,W,,104,93,14,12,W 1
2014,GSW,2013-12-19,10:30p,,San Antonio Spurs,L,,102,104,14,13,L 1
2014,GSW,2013-12-21,10:30p,,Los Angeles Lakers,W,,102,83,15,13,W 1
2014,GSW,2013-12-23,9:00p,@,Denver Nuggets,W,,89,81,16,13,W 2
2014,GSW,2013-12-25,10:30p,,Los Angeles Clippers,W,,105,103,17,13,W 3
2014,GSW,2013-12-27,10:30p,,Phoenix Suns,W,,115,86,18,13,W 4
2014,GSW,2013-12-29,6:00p,@,Cleveland Cavaliers,W,OT,108,104,19,13,W 5
2014,GSW,2013-12-31,5:00p,@,Orlando Magic,W,,94,81,20,13,W 6
2014,GSW,2014-01-02,7:30p,@,Miami Heat,W,,123,114,21,13,W 7
2014,GSW,2014-01-03,7:30p,@,Atlanta Hawks,W,,101,100,22,13,W 8
2014,GSW,2014-01-05,6:00p,@,Washington Wizards,W,,112,96,23,13,W 9
2014,GSW,2014-01-07,8:00p,@,Milwaukee Bucks,W,,101,80,24,13,W 10
2014,GSW,2014-01-08,7:30p,@,Brooklyn Nets,L,,98,102,24,14,L 1
2014,GSW,2014-01-10,10:30p,,Boston Celtics,W,,99,97,25,14,W 1
2014,GSW,2014-01-15,10:30p,,Denver Nuggets,L,,116,123,25,15,L 1
2014,GSW,2014-01-17,9:30p,@,Oklahoma City Thunder,L,,121,127,25,16,L 2
2014,GSW,2014-01-18,8:00p,@,New Orleans Pelicans,W,,97,87,26,16,W 1
2014,GSW,2014-01-20,10:30p,,Indiana Pacers,L,,94,102,26,17,L 1
2014,GSW,2014-01-24,10:30p,,Minnesota Timberwolves,L,,120,121,26,18,L 2
2014,GSW,2014-01-26,9:00p,,Portland Trail Blazers,W,,103,88,27,18,W 1
2014,GSW,2014-01-28,10:30p,,Washington Wizards,L,,85,88,27,19,L 1
2014,GSW,2014-01-30,10:30p,,Los Angeles Clippers,W,,111,92,28,19,W 1
2014,GSW,2014-01-31,10:30p,@,Utah Jazz,W,,95,90,29,19,W 2
2014,GSW,2014-02-04,10:30p,,Charlotte Bobcats,L,,75,91,29,20,L 1
2014,GSW,2014-02-06,10:30p,,Chicago Bulls,W,,102,87,30,20,W 1
2014,GSW,2014-02-08,9:00p,@,Phoenix Suns,L,,109,122,30,21,L 1
2014,GSW,2014-02-10,10:30p,,Philadelphia 76ers,W,,123,80,31,21,W 1
2014,GSW,2014-02-12,10:30p,,Miami Heat,L,,110,111,31,22,L 1
2014,GSW,2014-02-19,10:00p,@,Sacramento Kings,W,,101,92,32,22,W 1
2014,GSW,2014-02-20,10:30p,,Houston Rockets,W,OT,102,99,33,22,W 2
2014,GSW,2014-02-22,10:30p,,Brooklyn Nets,W,,93,86,34,22,W 3
2014,GSW,2014-02-24,7:30p,@,Detroit Pistons,W,,104,96,35,22,W 4
2014,GSW,2014-02-26,8:00p,@,Chicago Bulls,L,,83,103,35,23,L 1
2014,GSW,2014-02-28,8:00p,@,New York Knicks,W,,126,103,36,23,W 1
2014,GSW,2014-03-02,4:00p,@,Toronto Raptors,L,,98,104,36,24,L 1
2014,GSW,2014-03-04,7:00p,@,Indiana Pacers,W,,98,96,37,24,W 1
2014,GSW,2014-03-05,7:30p,@,Boston Celtics,W,,108,88,38,24,W 2
2014,GSW,2014-03-07,10:30p,,Atlanta Hawks,W,,111,97,39,24,W 3
2014,GSW,2014-03-09,9:00p,,Phoenix Suns,W,,113,107,40,24,W 4
2014,GSW,2014-03-11,10:30p,,Dallas Mavericks,W,,108,85,41,24,W 5
2014,GSW,2014-03-12,10:30p,@,Los Angeles Clippers,L,,98,111,41,25,L 1
2014,GSW,2014-03-14,10:30p,,Cleveland Cavaliers,L,,94,103,41,26,L 2
2014,GSW,2014-03-16,9:00p,@,Portland Trail Blazers,W,,113,112,42,26,W 1
2014,GSW,2014-03-18,10:30p,,Orlando Magic,W,,103,89,43,26,W 2
2014,GSW,2014-03-20,10:30p,,Milwaukee Bucks,W,,115,110,44,26,W 3
2014,GSW,2014-03-22,10:30p,,San Antonio Spurs,L,,90,99,44,27,L 1
2014,GSW,2014-03-28,10:30p,,Memphis Grizzlies,W,,100,93,45,27,W 1
2014,GSW,2014-03-30,9:00p,,New York Knicks,L,,84,89,45,28,L 1
2014,GSW,2014-04-01,8:30p,@,Dallas Mavericks,W,OT,122,120,46,28,W 1
2014,GSW,2014-04-02,8:30p,@,San Antonio Spurs,L,,90,111,46,29,L 1
2014,GSW,2014-04-04,10:30p,,Sacramento Kings,W,,102,69,47,29,W 1
2014,GSW,2014-04-06,9:00p,,Utah Jazz,W,,130,102,48,29,W 2
2014,GSW,2014-04-10,10:30p,,Denver Nuggets,L,,99,100,48,30,L 1
2014,GSW,2014-04-11,10:30p,@,Los Angeles Lakers,W,,112,95,49,30,W 1
2014,GSW,2014-04-13,9:00p,@,Portland Trail Blazers,L,OT,117,119,49,31,L 1
2014,GSW,2014-04-14,10:30p,,Minnesota Timberwolves,W,,130,120,50,31,W 1
2014,GSW,2014-04-16,10:30p,@,Denver Nuggets,W,,116,112,51,31,W 2
2014,GSW,2014-04-19,3:30p,@,Los Angeles Clippers,W,,109,105,1,0,W 1
2014,GSW,2014-04-21,10:30p,@,Los Angeles Clippers,L,,98,138,1,1,L 1
2014,GSW,2014-04-24,10:30p,,Los Angeles Clippers,L,,96,98,1,2,L 2
2014,GSW,2014-04-27,3:30p,,Los Angeles Clippers,W,,118,97,2,2,W 1
2014,GSW,2014-04-29,10:30p,@,Los Angeles Clippers,L,,103,113,2,3,L 1
2014,GSW,2014-05-01,10:30p,,Los Angeles Clippers,W,,100,99,3,3,W 1
2014,GSW,2014-05-03,10:30p,@,Los Angeles Clippers,L,,121,126,3,4,L 1
2014,HOU,2013-10-30,8:00p,,Charlotte Bobcats,W,,96,83,1,0,W 1
2014,HOU,2013-11-01,8:00p,,Dallas Mavericks,W,,113,105,2,0,W 2
2014,HOU,2013-11-02,9:00p,@,Utah Jazz,W,,104,93,3,0,W 3
2014,HOU,2013-11-04,10:30p,@,Los Angeles Clippers,L,,118,137,3,1,L 1
2014,HOU,2013-11-05,10:00p,@,Portland Trail Blazers,W,,116,101,4,1,W 1
2014,HOU,2013-11-07,9:30p,,Los Angeles Lakers,L,,98,99,4,2,L 1
2014,HOU,2013-11-09,8:00p,,Los Angeles Clippers,L,,94,107,4,3,L 2
2014,HOU,2013-11-11,8:00p,,Toronto Raptors,W,2OT,110,104,5,3,W 1
2014,HOU,2013-11-13,7:00p,@,Philadelphia 76ers,L,OT,117,123,5,4,L 1
2014,HOU,2013-11-14,8:00p,@,New York Knicks,W,,109,106,6,4,W 1
2014,HOU,2013-11-16,8:00p,,Denver Nuggets,W,,122,111,7,4,W 2
2014,HOU,2013-11-19,8:00p,,Boston Celtics,W,,109,85,8,4,W 3
2014,HOU,2013-11-20,9:30p,@,Dallas Mavericks,L,,120,123,8,5,L 1
2014,HOU,2013-11-23,8:00p,,Minnesota Timberwolves,W,,112,101,9,5,W 1
2014,HOU,2013-11-25,8:00p,@,Memphis Grizzlies,W,,93,86,10,5,W 2
2014,HOU,2013-11-27,8:00p,,Atlanta Hawks,W,,113,84,11,5,W 3
2014,HOU,2013-11-29,8:00p,,Brooklyn Nets,W,,114,95,12,5,W 4
2014,HOU,2013-11-30,8:30p,@,San Antonio Spurs,W,,112,106,13,5,W 5
2014,HOU,2013-12-02,9:00p,@,Utah Jazz,L,,103,109,13,6,L 1
2014,HOU,2013-12-04,8:00p,,Phoenix Suns,L,,88,97,13,7,L 2
2014,HOU,2013-12-06,8:00p,,Golden State Warriors,W,,105,83,14,7,W 1
2014,HOU,2013-12-08,7:00p,,Orlando Magic,W,,98,88,15,7,W 2
2014,HOU,2013-12-12,10:30p,@,Portland Trail Blazers,L,,104,111,15,8,L 1
2014,HOU,2013-12-13,10:30p,@,Golden State Warriors,W,,116,112,16,8,W 1
2014,HOU,2013-12-15,6:00p,@,Sacramento Kings,L,,91,106,16,9,L 1
2014,HOU,2013-12-18,9:30p,,Chicago Bulls,W,,109,94,17,9,W 1
2014,HOU,2013-12-20,8:00p,@,Indiana Pacers,L,,81,114,17,10,L 1
2014,HOU,2013-12-21,7:30p,@,Detroit Pistons,W,,114,97,18,10,W 1
2014,HOU,2013-12-23,8:00p,,Dallas Mavericks,L,,104,111,18,11,L 1
2014,HOU,2013-12-25,8:00p,@,San Antonio Spurs,W,,111,98,19,11,W 1
2014,HOU,2013-12-26,8:00p,,Memphis Grizzlies,W,,100,92,20,11,W 2
2014,HOU,2013-12-28,8:00p,,New Orleans Pelicans,W,,107,98,21,11,W 3
2014,HOU,2013-12-29,7:00p,@,Oklahoma City Thunder,L,,86,117,21,12,L 1
2014,HOU,2013-12-31,7:00p,,Sacramento Kings,L,,106,110,21,13,L 2
2014,HOU,2014-01-03,8:00p,,New York Knicks,W,,102,100,22,13,W 1
2014,HOU,2014-01-08,8:00p,,Los Angeles Lakers,W,,113,99,23,13,W 2
2014,HOU,2014-01-10,7:30p,@,Atlanta Hawks,L,,80,83,23,14,L 1
2014,HOU,2014-01-11,7:00p,@,Washington Wizards,W,,114,107,24,14,W 1
2014,HOU,2014-01-13,7:30p,@,Boston Celtics,W,,104,92,25,14,W 2
2014,HOU,2014-01-15,8:00p,@,New Orleans Pelicans,W,,103,100,26,14,W 3
2014,HOU,2014-01-16,9:30p,,Oklahoma City Thunder,L,,92,104,26,15,L 1
2014,HOU,2014-01-18,8:00p,,Milwaukee Bucks,W,,114,104,27,15,W 1
2014,HOU,2014-01-20,8:00p,,Portland Trail Blazers,W,,126,113,28,15,W 2
2014,HOU,2014-01-22,8:00p,,Sacramento Kings,W,,119,98,29,15,W 3
2014,HOU,2014-01-24,8:00p,,Memphis Grizzlies,L,,87,88,29,16,L 1
2014,HOU,2014-01-25,8:00p,@,Memphis Grizzlies,L,,81,99,29,17,L 2
2014,HOU,2014-01-28,8:00p,,San Antonio Spurs,W,,97,90,30,17,W 1
2014,HOU,2014-01-29,8:30p,@,Dallas Mavericks,W,,117,115,31,17,W 2
2014,HOU,2014-02-01,8:00p,,Cleveland Cavaliers,W,,106,92,32,17,W 3
2014,HOU,2014-02-05,8:00p,,Phoenix Suns,W,,122,108,33,17,W 4
2014,HOU,2014-02-08,8:30p,@,Milwaukee Bucks,W,,101,95,34,17,W 5
2014,HOU,2014-02-10,8:00p,@,Minnesota Timberwolves,W,,107,89,35,17,W 6
2014,HOU,2014-02-12,8:00p,,Washington Wizards,W,,113,112,36,17,W 7
2014,HOU,2014-02-19,10:30p,@,Los Angeles Lakers,W,,134,108,37,17,W 8
2014,HOU,2014-02-20,10:30p,@,Golden State Warriors,L,OT,99,102,37,18,L 1
2014,HOU,2014-02-23,9:00p,@,Phoenix Suns,W,,115,112,38,18,W 1
2014,HOU,2014-02-25,10:00p,@,Sacramento Kings,W,,129,103,39,18,W 2
2014,HOU,2014-02-26,10:30p,@,Los Angeles Clippers,L,,93,101,39,19,L 1
2014,HOU,2014-03-01,8:00p,,Detroit Pistons,W,,118,110,40,19,W 1
2014,HOU,2014-03-04,8:00p,,Miami Heat,W,,106,103,41,19,W 2
2014,HOU,2014-03-05,7:00p,@,Orlando Magic,W,,101,89,42,19,W 3
2014,HOU,2014-03-07,9:30p,,Indiana Pacers,W,,112,86,43,19,W 4
2014,HOU,2014-03-09,7:00p,,Portland Trail Blazers,W,OT,118,113,44,19,W 5
2014,HOU,2014-03-11,8:00p,@,Oklahoma City Thunder,L,,98,106,44,20,L 1
2014,HOU,2014-03-13,7:00p,@,Chicago Bulls,L,,87,111,44,21,L 2
2014,HOU,2014-03-16,3:30p,@,Miami Heat,L,,104,113,44,22,L 3
2014,HOU,2014-03-17,8:00p,,Utah Jazz,W,,124,86,45,22,W 1
2014,HOU,2014-03-20,8:00p,,Minnesota Timberwolves,W,,129,106,46,22,W 2
2014,HOU,2014-03-22,7:30p,@,Cleveland Cavaliers,W,,118,111,47,22,W 3
2014,HOU,2014-03-24,7:00p,@,Charlotte Bobcats,W,,100,89,48,22,W 4
2014,HOU,2014-03-27,8:00p,,Philadelphia 76ers,W,,120,98,49,22,W 5
2014,HOU,2014-03-29,8:00p,,Los Angeles Clippers,L,,107,118,49,23,L 1
2014,HOU,2014-04-01,8:00p,@,Brooklyn Nets,L,,96,105,49,24,L 2
2014,HOU,2014-04-02,7:00p,@,Toronto Raptors,L,,103,107,49,25,L 3
2014,HOU,2014-04-04,9:30p,,Oklahoma City Thunder,W,,111,107,50,25,W 1
2014,HOU,2014-04-06,7:00p,,Denver Nuggets,W,OT,130,125,51,25,W 2
2014,HOU,2014-04-08,10:30p,@,Los Angeles Lakers,W,,145,130,52,25,W 3
2014,HOU,2014-04-09,9:00p,@,Denver Nuggets,L,,116,123,52,26,L 1
2014,HOU,2014-04-11,8:00p,@,Minnesota Timberwolves,L,,110,112,52,27,L 2
2014,HOU,2014-04-12,8:00p,,New Orleans Pelicans,W,,111,104,53,27,W 1
2014,HOU,2014-04-14,8:00p,,San Antonio Spurs,W,,104,98,54,27,W 2
2014,HOU,2014-04-16,8:00p,@,New Orleans Pelicans,L,,100,105,54,28,L 1
2014,HOU,2014-04-20,9:30p,,Portland Trail Blazers,L,OT,120,122,0,1,L 1
2014,HOU,2014-04-23,9:30p,,Portland Trail Blazers,L,,105,112,0,2,L 2
2014,HOU,2014-04-25,10:30p,@,Portland Trail Blazers,W,OT,121,116,1,2,W 1
2014,HOU,2014-04-27,9:30p,@,Portland Trail Blazers,L,OT,120,123,1,3,L 1
2014,HOU,2014-04-30,9:30p,,Portland Trail Blazers,W,,108,98,2,3,W 1
2014,HOU,2014-05-02,10:30p,@,Portland Trail Blazers,L,,98,99,2,4,L 1
2014,IND,2013-10-29,7:00p,,Orlando Magic,W,,97,87,1,0,W 1
2014,IND,2013-10-30,8:00p,@,New Orleans Pelicans,W,,95,90,2,0,W 2
2014,IND,2013-11-02,7:00p,,Cleveland Cavaliers,W,,89,74,3,0,W 3
2014,IND,2013-11-05,7:30p,@,Detroit Pistons,W,,99,91,4,0,W 4
2014,IND,2013-11-06,7:00p,,Chicago Bulls,W,,97,80,5,0,W 5
2014,IND,2013-11-08,7:00p,,Toronto Raptors,W,,91,84,6,0,W 6
2014,IND,2013-11-09,7:30p,@,Brooklyn Nets,W,,96,91,7,0,W 7
2014,IND,2013-11-11,7:00p,,Memphis Grizzlies,W,,95,79,8,0,W 8
2014,IND,2013-11-15,7:00p,,Milwaukee Bucks,W,,104,77,9,0,W 9
2014,IND,2013-11-16,8:00p,@,Chicago Bulls,L,,94,110,9,1,L 1
2014,IND,2013-11-20,7:00p,@,New York Knicks,W,OT,103,96,10,1,W 1
2014,IND,2013-11-22,7:30p,@,Boston Celtics,W,,97,82,11,1,W 2
2014,IND,2013-11-23,7:00p,,Philadelphia 76ers,W,,106,98,12,1,W 3
2014,IND,2013-11-25,7:00p,,Minnesota Timberwolves,W,,98,84,13,1,W 4
2014,IND,2013-11-27,7:00p,@,Charlotte Bobcats,W,,99,74,14,1,W 5
2014,IND,2013-11-29,8:00p,,Washington Wizards,W,,93,73,15,1,W 6
2014,IND,2013-12-01,3:30p,@,Los Angeles Clippers,W,,105,100,16,1,W 7
2014,IND,2013-12-02,10:00p,@,Portland Trail Blazers,L,,102,106,16,2,L 1
2014,IND,2013-12-04,9:00p,@,Utah Jazz,W,,95,86,17,2,W 1
2014,IND,2013-12-07,8:30p,@,San Antonio Spurs,W,,111,100,18,2,W 2
2014,IND,2013-12-08,7:00p,@,Oklahoma City Thunder,L,,94,118,18,3,L 1
2014,IND,2013-12-10,7:00p,,Miami Heat,W,,90,84,19,3,W 1
2014,IND,2013-12-13,7:00p,,Charlotte Bobcats,W,,99,94,20,3,W 2
2014,IND,2013-12-16,7:00p,,Detroit Pistons,L,,96,101,20,4,L 1
2014,IND,2013-12-18,7:00p,@,Miami Heat,L,,94,97,20,5,L 2
2014,IND,2013-12-20,8:00p,,Houston Rockets,W,,114,81,21,5,W 1
2014,IND,2013-12-22,6:00p,,Boston Celtics,W,,106,79,22,5,W 2
2014,IND,2013-12-23,7:30p,@,Brooklyn Nets,W,,103,86,23,5,W 3
2014,IND,2013-12-28,7:00p,,Brooklyn Nets,W,,105,91,24,5,W 4
2014,IND,2013-12-31,3:00p,,Cleveland Cavaliers,W,,91,76,25,5,W 5
2014,IND,2014-01-01,7:00p,@,Toronto Raptors,L,,82,95,25,6,L 1
2014,IND,2014-01-04,7:00p,,New Orleans Pelicans,W,,99,82,26,6,W 1
2014,IND,2014-01-05,6:00p,@,Cleveland Cavaliers,W,,82,78,27,6,W 2
2014,IND,2014-01-07,7:00p,,Toronto Raptors,W,,86,79,28,6,W 3
2014,IND,2014-01-08,7:30p,@,Atlanta Hawks,L,,87,97,28,7,L 1
2014,IND,2014-01-10,7:00p,,Washington Wizards,W,,93,66,29,7,W 1
2014,IND,2014-01-14,7:00p,,Sacramento Kings,W,,116,92,30,7,W 2
2014,IND,2014-01-16,7:00p,,New York Knicks,W,,117,89,31,7,W 3
2014,IND,2014-01-18,7:00p,,Los Angeles Clippers,W,,106,92,32,7,W 4
2014,IND,2014-01-20,10:30p,@,Golden State Warriors,W,,102,94,33,7,W 5
2014,IND,2014-01-22,10:30p,@,Phoenix Suns,L,,100,124,33,8,L 1
2014,IND,2014-01-24,10:00p,@,Sacramento Kings,W,OT,116,111,34,8,W 1
2014,IND,2014-01-25,9:00p,@,Denver Nuggets,L,,96,109,34,9,L 1
2014,IND,2014-01-28,10:30p,@,Los Angeles Lakers,W,,104,92,35,9,W 1
2014,IND,2014-01-30,7:00p,,Phoenix Suns,L,,94,102,35,10,L 1
2014,IND,2014-02-01,7:00p,,Brooklyn Nets,W,,97,96,36,10,W 1
2014,IND,2014-02-03,7:00p,,Orlando Magic,W,,98,79,37,10,W 2
2014,IND,2014-02-04,7:30p,@,Atlanta Hawks,W,,89,85,38,10,W 3
2014,IND,2014-02-07,7:00p,,Portland Trail Blazers,W,OT,118,113,39,10,W 4
2014,IND,2014-02-09,6:00p,@,Orlando Magic,L,,92,93,39,11,L 1
2014,IND,2014-02-10,7:00p,,Denver Nuggets,W,,119,80,40,11,W 1
2014,IND,2014-02-12,7:00p,,Dallas Mavericks,L,,73,81,40,12,L 1
2014,IND,2014-02-18,7:00p,,Atlanta Hawks,W,,108,98,41,12,W 1
2014,IND,2014-02-19,8:00p,@,Minnesota Timberwolves,L,,91,104,41,13,L 1
2014,IND,2014-02-22,8:30p,@,Milwaukee Bucks,W,,110,100,42,13,W 1
2014,IND,2014-02-25,7:00p,,Los Angeles Lakers,W,,118,98,43,13,W 2
2014,IND,2014-02-27,7:00p,,Milwaukee Bucks,W,,101,96,44,13,W 3
2014,IND,2014-03-01,8:00p,@,Boston Celtics,W,,102,97,45,13,W 4
2014,IND,2014-03-02,6:00p,,Utah Jazz,W,,94,91,46,13,W 5
2014,IND,2014-03-04,7:00p,,Golden State Warriors,L,,96,98,46,14,L 1
2014,IND,2014-03-05,7:00p,@,Charlotte Bobcats,L,,87,109,46,15,L 2
2014,IND,2014-03-07,9:30p,@,Houston Rockets,L,,86,112,46,16,L 3
2014,IND,2014-03-09,7:30p,@,Dallas Mavericks,L,,94,105,46,17,L 4
2014,IND,2014-03-11,7:00p,,Boston Celtics,W,,94,83,47,17,W 1
2014,IND,2014-03-14,7:00p,@,Philadelphia 76ers,W,,101,94,48,17,W 2
2014,IND,2014-03-15,7:30p,@,Detroit Pistons,W,OT,112,104,49,17,W 3
2014,IND,2014-03-17,7:00p,,Philadelphia 76ers,W,,99,90,50,17,W 4
2014,IND,2014-03-19,8:00p,@,New York Knicks,L,,86,92,50,18,L 1
2014,IND,2014-03-21,7:00p,,Chicago Bulls,W,,91,79,51,18,W 1
2014,IND,2014-03-22,8:00p,@,Memphis Grizzlies,L,,71,82,51,19,L 1
2014,IND,2014-03-24,8:00p,@,Chicago Bulls,L,,77,89,51,20,L 2
2014,IND,2014-03-26,8:00p,,Miami Heat,W,,84,83,52,20,W 1
2014,IND,2014-03-28,7:00p,@,Washington Wizards,L,,78,91,52,21,L 1
2014,IND,2014-03-30,3:00p,@,Cleveland Cavaliers,L,,76,90,52,22,L 2
2014,IND,2014-03-31,7:00p,,San Antonio Spurs,L,,77,103,52,23,L 3
2014,IND,2014-04-02,7:00p,,Detroit Pistons,W,,101,94,53,23,W 1
2014,IND,2014-04-04,7:00p,@,Toronto Raptors,L,,94,102,53,24,L 1
2014,IND,2014-04-06,6:00p,,Atlanta Hawks,L,,88,107,53,25,L 2
2014,IND,2014-04-09,8:00p,@,Milwaukee Bucks,W,,104,102,54,25,W 1
2014,IND,2014-04-11,7:30p,@,Miami Heat,L,,86,98,54,26,L 1
2014,IND,2014-04-13,1:00p,,Oklahoma City Thunder,W,,102,97,55,26,W 1
2014,IND,2014-04-16,7:00p,@,Orlando Magic,W,,101,86,56,26,W 2
2014,IND,2014-04-19,7:00p,,Atlanta Hawks,L,,93,101,0,1,L 1
2014,IND,2014-04-22,7:00p,,Atlanta Hawks,W,,101,85,1,1,W 1
2014,IND,2014-04-24,7:00p,@,Atlanta Hawks,L,,85,98,1,2,L 1
2014,IND,2014-04-26,2:00p,@,Atlanta Hawks,W,,91,88,2,2,W 1
2014,IND,2014-04-28,8:00p,,Atlanta Hawks,L,,97,107,2,3,L 1
2014,IND,2014-05-01,7:00p,@,Atlanta Hawks,W,,95,88,3,3,W 1
2014,IND,2014-05-03,5:30p,,Atlanta Hawks,W,,92,80,4,3,W 2
2014,IND,2014-05-05,7:00p,,Washington Wizards,L,,96,102,4,4,L 1
2014,IND,2014-05-07,7:00p,,Washington Wizards,W,,86,82,5,4,W 1
2014,IND,2014-05-09,8:00p,@,Washington Wizards,W,,85,63,6,4,W 2
2014,IND,2014-05-11,8:00p,@,Washington Wizards,W,,95,92,7,4,W 3
2014,IND,2014-05-13,7:00p,,Washington Wizards,L,,79,102,7,5,L 1
2014,IND,2014-05-15,8:00p,@,Washington Wizards,W,,93,80,8,5,W 1
2014,IND,2014-05-18,3:30p,,Miami Heat,W,,107,96,9,5,W 2
2014,IND,2014-05-20,8:30p,,Miami Heat,L,,83,87,9,6,L 1
2014,IND,2014-05-24,8:30p,@,Miami Heat,L,,87,99,9,7,L 2
2014,IND,2014-05-26,8:30p,@,Miami Heat,L,,90,102,9,8,L 3
2014,IND,2014-05-28,8:30p,,Miami Heat,W,,93,90,10,8,W 1
2014,IND,2014-05-30,8:30p,@,Miami Heat,L,,92,117,10,9,L 1
2014,LAC,2013-10-29,10:30p,@,Los Angeles Lakers,L,,103,116,0,1,L 1
2014,LAC,2013-10-31,10:30p,,Golden State Warriors,W,,126,115,1,1,W 1
2014,LAC,2013-11-01,10:00p,@,Sacramento Kings,W,,110,101,2,1,W 2
2014,LAC,2013-11-04,10:30p,,Houston Rockets,W,,137,118,3,1,W 3
2014,LAC,2013-11-06,7:00p,@,Orlando Magic,L,,90,98,3,2,L 1
2014,LAC,2013-11-07,7:00p,@,Miami Heat,L,,97,102,3,3,L 2
2014,LAC,2013-11-09,8:00p,@,Houston Rockets,W,,107,94,4,3,W 1
2014,LAC,2013-11-11,10:30p,,Minnesota Timberwolves,W,,109,107,5,3,W 2
2014,LAC,2013-11-13,10:30p,,Oklahoma City Thunder,W,,111,103,6,3,W 3
2014,LAC,2013-11-16,10:30p,,Brooklyn Nets,W,,110,103,7,3,W 4
2014,LAC,2013-11-18,10:30p,,Memphis Grizzlies,L,,102,106,7,4,L 1
2014,LAC,2013-11-20,8:00p,@,Minnesota Timberwolves,W,,102,98,8,4,W 1
2014,LAC,2013-11-21,8:00p,@,Oklahoma City Thunder,L,,91,105,8,5,L 1
2014,LAC,2013-11-23,3:30p,,Sacramento Kings,W,,103,102,9,5,W 1
2014,LAC,2013-11-24,3:30p,,Chicago Bulls,W,,121,82,10,5,W 2
2014,LAC,2013-11-27,10:30p,,New York Knicks,W,,93,80,11,5,W 3
2014,LAC,2013-11-29,10:00p,@,Sacramento Kings,W,OT,104,98,12,5,W 4
2014,LAC,2013-12-01,3:30p,,Indiana Pacers,L,,100,105,12,6,L 1
2014,LAC,2013-12-04,7:30p,@,Atlanta Hawks,L,,97,107,12,7,L 2
2014,LAC,2013-12-05,8:00p,@,Memphis Grizzlies,W,,101,81,13,7,W 1
2014,LAC,2013-12-07,7:30p,@,Cleveland Cavaliers,L,,82,88,13,8,L 1
2014,LAC,2013-12-09,7:00p,@,Philadelphia 76ers,W,,94,83,14,8,W 1
2014,LAC,2013-12-11,7:30p,@,Boston Celtics,W,,96,88,15,8,W 2
2014,LAC,2013-12-12,8:00p,@,Brooklyn Nets,L,,93,102,15,9,L 1
2014,LAC,2013-12-14,7:00p,@,Washington Wizards,W,,113,97,16,9,W 1
2014,LAC,2013-12-16,10:30p,,San Antonio Spurs,W,,115,92,17,9,W 2
2014,LAC,2013-12-18,10:30p,,New Orleans Pelicans,W,,108,95,18,9,W 3
2014,LAC,2013-12-21,10:30p,,Denver Nuggets,W,,112,91,19,9,W 4
2014,LAC,2013-12-22,9:30p,,Minnesota Timberwolves,W,OT,120,116,20,9,W 5
2014,LAC,2013-12-25,10:30p,@,Golden State Warriors,L,,103,105,20,10,L 1
2014,LAC,2013-12-26,10:30p,@,Portland Trail Blazers,L,OT,112,116,20,11,L 2
2014,LAC,2013-12-28,10:30p,,Utah Jazz,W,,98,90,21,11,W 1
2014,LAC,2013-12-30,10:30p,,Phoenix Suns,L,,88,107,21,12,L 1
2014,LAC,2014-01-01,9:30p,,Charlotte Bobcats,W,,112,85,22,12,W 1
2014,LAC,2014-01-03,8:30p,@,Dallas Mavericks,W,,119,112,23,12,W 2
2014,LAC,2014-01-04,8:30p,@,San Antonio Spurs,L,,92,116,23,13,L 1
2014,LAC,2014-01-06,10:30p,,Orlando Magic,W,,101,81,24,13,W 1
2014,LAC,2014-01-08,10:30p,,Boston Celtics,W,,111,105,25,13,W 2
2014,LAC,2014-01-10,10:30p,,Los Angeles Lakers,W,,123,87,26,13,W 3
2014,LAC,2014-01-15,10:30p,,Dallas Mavericks,W,,129,127,27,13,W 4
2014,LAC,2014-01-17,7:00p,@,New York Knicks,W,,109,95,28,13,W 5
2014,LAC,2014-01-18,7:00p,@,Indiana Pacers,L,,92,106,28,14,L 1
2014,LAC,2014-01-20,1:00p,@,Detroit Pistons,W,,112,103,29,14,W 1
2014,LAC,2014-01-22,7:00p,@,Charlotte Bobcats,L,,91,95,29,15,L 1
2014,LAC,2014-01-24,8:00p,@,Chicago Bulls,W,,112,95,30,15,W 1
2014,LAC,2014-01-25,7:00p,@,Toronto Raptors,W,,126,118,31,15,W 2
2014,LAC,2014-01-27,8:00p,@,Milwaukee Bucks,W,,114,86,32,15,W 3
2014,LAC,2014-01-29,10:30p,,Washington Wizards,W,,110,103,33,15,W 4
2014,LAC,2014-01-30,10:30p,@,Golden State Warriors,L,,92,111,33,16,L 1
2014,LAC,2014-02-01,10:30p,,Utah Jazz,W,,102,87,34,16,W 1
2014,LAC,2014-02-03,9:00p,@,Denver Nuggets,L,,115,116,34,17,L 1
2014,LAC,2014-02-05,10:30p,,Miami Heat,L,,112,116,34,18,L 2
2014,LAC,2014-02-07,10:30p,,Toronto Raptors,W,,118,105,35,18,W 1
2014,LAC,2014-02-09,9:30p,,Philadelphia 76ers,W,,123,78,36,18,W 2
2014,LAC,2014-02-12,10:30p,,Portland Trail Blazers,W,,122,117,37,18,W 3
2014,LAC,2014-02-18,10:30p,,San Antonio Spurs,L,,103,113,37,19,L 1
2014,LAC,2014-02-21,8:00p,@,Memphis Grizzlies,L,,96,102,37,20,L 2
2014,LAC,2014-02-23,1:00p,@,Oklahoma City Thunder,W,,125,117,38,20,W 1
2014,LAC,2014-02-24,8:00p,@,New Orleans Pelicans,W,,123,110,39,20,W 2
2014,LAC,2014-02-26,10:30p,,Houston Rockets,W,,101,93,40,20,W 3
2014,LAC,2014-03-01,10:30p,,New Orleans Pelicans,W,,108,76,41,20,W 4
2014,LAC,2014-03-04,9:00p,@,Phoenix Suns,W,,104,96,42,20,W 5
2014,LAC,2014-03-06,10:30p,@,Los Angeles Lakers,W,,142,94,43,20,W 6
2014,LAC,2014-03-08,10:30p,,Atlanta Hawks,W,,109,108,44,20,W 7
2014,LAC,2014-03-10,10:30p,,Phoenix Suns,W,,112,105,45,20,W 8
2014,LAC,2014-03-12,10:30p,,Golden State Warriors,W,,111,98,46,20,W 9
2014,LAC,2014-03-14,9:00p,@,Utah Jazz,W,,96,87,47,20,W 10
2014,LAC,2014-03-16,9:30p,,Cleveland Cavaliers,W,,102,80,48,20,W 11
2014,LAC,2014-03-17,10:30p,@,Denver Nuggets,L,,100,110,48,21,L 1
2014,LAC,2014-03-22,10:30p,,Detroit Pistons,W,,112,103,49,21,W 1
2014,LAC,2014-03-24,10:30p,,Milwaukee Bucks,W,,106,98,50,21,W 2
2014,LAC,2014-03-26,8:00p,@,New Orleans Pelicans,L,,96,98,50,22,L 1
2014,LAC,2014-03-27,8:30p,@,Dallas Mavericks,W,,109,103,51,22,W 1
2014,LAC,2014-03-29,8:00p,@,Houston Rockets,W,,118,107,52,22,W 2
2014,LAC,2014-03-31,8:00p,@,Minnesota Timberwolves,W,,114,104,53,22,W 3
2014,LAC,2014-04-02,10:00p,@,Phoenix Suns,W,,112,108,54,22,W 4
2014,LAC,2014-04-03,10:30p,,Dallas Mavericks,L,,107,113,54,23,L 1
2014,LAC,2014-04-06,3:30p,,Los Angeles Lakers,W,,120,97,55,23,W 1
2014,LAC,2014-04-09,10:30p,,Oklahoma City Thunder,L,,101,107,55,24,L 1
2014,LAC,2014-04-12,3:30p,,Sacramento Kings,W,,117,101,56,24,W 1
2014,LAC,2014-04-15,10:30p,,Denver Nuggets,W,,117,105,57,24,W 2
2014,LAC,2014-04-16,10:30p,@,Portland Trail Blazers,L,,104,110,57,25,L 1
2014,LAC,2014-04-19,3:30p,,Golden State Warriors,L,,105,109,0,1,L 1
2014,LAC,2014-04-21,10:30p,,Golden State Warriors,W,,138,98,1,1,W 1
2014,LAC,2014-04-24,10:30p,@,Golden State Warriors,W,,98,96,2,1,W 2
2014,LAC,2014-04-27,3:30p,@,Golden State Warriors,L,,97,118,2,2,L 1
2014,LAC,2014-04-29,10:30p,,Golden State Warriors,W,,113,103,3,2,W 1
2014,LAC,2014-05-01,10:30p,@,Golden State Warriors,L,,99,100,3,3,L 1
2014,LAC,2014-05-03,10:30p,,Golden State Warriors,W,,126,121,4,3,W 1
2014,LAC,2014-05-05,9:42p,@,Oklahoma City Thunder,W,,122,105,5,3,W 2
2014,LAC,2014-05-07,9:30p,@,Oklahoma City Thunder,L,,101,112,5,4,L 1
2014,LAC,2014-05-09,10:30p,,Oklahoma City Thunder,L,,112,118,5,5,L 2
2014,LAC,2014-05-11,3:30p,,Oklahoma City Thunder,W,,101,99,6,5,W 1
2014,LAC,2014-05-13,9:30p,@,Oklahoma City Thunder,L,,104,105,6,6,L 1
2014,LAC,2014-05-15,10:30p,,Oklahoma City Thunder,L,,98,104,6,7,L 2
2014,LAL,2013-10-29,10:30p,,Los Angeles Clippers,W,,116,103,1,0,W 1
2014,LAL,2013-10-30,10:30p,@,Golden State Warriors,L,,94,125,1,1,L 1
2014,LAL,2013-11-01,10:30p,,San Antonio Spurs,L,,85,91,1,2,L 2
2014,LAL,2013-11-03,9:30p,,Atlanta Hawks,W,,105,103,2,2,W 1
2014,LAL,2013-11-05,8:30p,@,Dallas Mavericks,L,,104,123,2,3,L 1
2014,LAL,2013-11-07,9:30p,@,Houston Rockets,W,,99,98,3,3,W 1
2014,LAL,2013-11-08,8:00p,@,New Orleans Pelicans,L,,85,96,3,4,L 1
2014,LAL,2013-11-10,9:30p,,Minnesota Timberwolves,L,,90,113,3,5,L 2
2014,LAL,2013-11-12,10:30p,,New Orleans Pelicans,W,,116,95,4,5,W 1
2014,LAL,2013-11-13,9:00p,@,Denver Nuggets,L,,99,111,4,6,L 1
2014,LAL,2013-11-15,10:30p,,Memphis Grizzlies,L,,86,89,4,7,L 2
2014,LAL,2013-11-17,9:30p,,Detroit Pistons,W,,114,99,5,7,W 1
2014,LAL,2013-11-22,10:30p,,Golden State Warriors,W,,102,95,6,7,W 2
2014,LAL,2013-11-24,9:30p,,Sacramento Kings,W,,100,86,7,7,W 3
2014,LAL,2013-11-26,7:00p,@,Washington Wizards,L,,111,116,7,8,L 1
2014,LAL,2013-11-27,7:30p,@,Brooklyn Nets,W,,99,94,8,8,W 1
2014,LAL,2013-11-29,7:30p,@,Detroit Pistons,W,,106,102,9,8,W 2
2014,LAL,2013-12-01,9:30p,,Portland Trail Blazers,L,,108,114,9,9,L 1
2014,LAL,2013-12-06,10:00p,@,Sacramento Kings,W,,106,100,10,9,W 1
2014,LAL,2013-12-08,9:30p,,Toronto Raptors,L,,94,106,10,10,L 1
2014,LAL,2013-12-10,10:30p,,Phoenix Suns,L,,108,114,10,11,L 2
2014,LAL,2013-12-13,8:00p,@,Oklahoma City Thunder,L,,97,122,10,12,L 3
2014,LAL,2013-12-14,7:00p,@,Charlotte Bobcats,W,,88,85,11,12,W 1
2014,LAL,2013-12-16,7:30p,@,Atlanta Hawks,L,,100,114,11,13,L 1
2014,LAL,2013-12-17,8:00p,@,Memphis Grizzlies,W,,96,92,12,13,W 1
2014,LAL,2013-12-20,10:30p,,Minnesota Timberwolves,W,,104,91,13,13,W 2
2014,LAL,2013-12-21,10:30p,@,Golden State Warriors,L,,83,102,13,14,L 1
2014,LAL,2013-12-23,9:00p,@,Phoenix Suns,L,,90,117,13,15,L 2
2014,LAL,2013-12-25,5:00p,,Miami Heat,L,,95,101,13,16,L 3
2014,LAL,2013-12-27,9:00p,@,Utah Jazz,L,,103,105,13,17,L 4
2014,LAL,2013-12-29,9:30p,,Philadelphia 76ers,L,,104,111,13,18,L 5
2014,LAL,2013-12-31,10:30p,,Milwaukee Bucks,L,,79,94,13,19,L 6
2014,LAL,2014-01-03,10:30p,,Utah Jazz,W,,110,99,14,19,W 1
2014,LAL,2014-01-05,9:30p,,Denver Nuggets,L,,115,137,14,20,L 1
2014,LAL,2014-01-07,8:30p,@,Dallas Mavericks,L,,97,110,14,21,L 2
2014,LAL,2014-01-08,8:00p,@,Houston Rockets,L,,99,113,14,22,L 3
2014,LAL,2014-01-10,10:30p,@,Los Angeles Clippers,L,,87,123,14,23,L 4
2014,LAL,2014-01-14,10:30p,,Cleveland Cavaliers,L,,118,120,14,24,L 5
2014,LAL,2014-01-15,9:00p,@,Phoenix Suns,L,,114,121,14,25,L 6
2014,LAL,2014-01-17,7:30p,@,Boston Celtics,W,,107,104,15,25,W 1
2014,LAL,2014-01-19,1:00p,@,Toronto Raptors,W,,112,106,16,25,W 2
2014,LAL,2014-01-20,8:00p,@,Chicago Bulls,L,OT,100,102,16,26,L 1
2014,LAL,2014-01-23,8:00p,@,Miami Heat,L,,102,109,16,27,L 2
2014,LAL,2014-01-24,7:00p,@,Orlando Magic,L,,105,114,16,28,L 3
2014,LAL,2014-01-26,3:30p,@,New York Knicks,L,,103,110,16,29,L 4
2014,LAL,2014-01-28,10:30p,,Indiana Pacers,L,,92,104,16,30,L 5
2014,LAL,2014-01-31,10:30p,,Charlotte Bobcats,L,,100,110,16,31,L 6
2014,LAL,2014-02-04,8:00p,@,Minnesota Timberwolves,L,,99,109,16,32,L 7
2014,LAL,2014-02-05,7:00p,@,Cleveland Cavaliers,W,,119,108,17,32,W 1
2014,LAL,2014-02-07,7:00p,@,Philadelphia 76ers,W,,112,98,18,32,W 2
2014,LAL,2014-02-09,3:30p,,Chicago Bulls,L,,86,92,18,33,L 1
2014,LAL,2014-02-11,10:30p,,Utah Jazz,L,,79,96,18,34,L 2
2014,LAL,2014-02-13,10:30p,,Oklahoma City Thunder,L,,103,107,18,35,L 3
2014,LAL,2014-02-19,10:30p,,Houston Rockets,L,,108,134,18,36,L 4
2014,LAL,2014-02-21,10:30p,,Boston Celtics,W,,101,92,19,36,W 1
2014,LAL,2014-02-23,9:00p,,Brooklyn Nets,L,,102,108,19,37,L 1
2014,LAL,2014-02-25,7:00p,@,Indiana Pacers,L,,98,118,19,38,L 2
2014,LAL,2014-02-26,8:00p,@,Memphis Grizzlies,L,,103,108,19,39,L 3
2014,LAL,2014-02-28,10:30p,,Sacramento Kings,W,,126,122,20,39,W 1
2014,LAL,2014-03-03,10:00p,@,Portland Trail Blazers,W,,107,106,21,39,W 2
2014,LAL,2014-03-04,10:30p,,New Orleans Pelicans,L,,125,132,21,40,L 1
2014,LAL,2014-03-06,10:30p,,Los Angeles Clippers,L,,94,142,21,41,L 2
2014,LAL,2014-03-07,9:00p,@,Denver Nuggets,L,,126,134,21,42,L 3
2014,LAL,2014-03-09,3:30p,,Oklahoma City Thunder,W,,114,110,22,42,W 1
2014,LAL,2014-03-13,9:30p,@,Oklahoma City Thunder,L,,102,131,22,43,L 1
2014,LAL,2014-03-14,8:30p,@,San Antonio Spurs,L,,85,119,22,44,L 2
2014,LAL,2014-03-19,10:30p,,San Antonio Spurs,L,,109,125,22,45,L 3
2014,LAL,2014-03-21,10:30p,,Washington Wizards,L,,107,117,22,46,L 4
2014,LAL,2014-03-23,9:30p,,Orlando Magic,W,,103,94,23,46,W 1
2014,LAL,2014-03-25,10:30p,,New York Knicks,W,,127,96,24,46,W 2
2014,LAL,2014-03-27,8:00p,@,Milwaukee Bucks,L,,105,108,24,47,L 1
2014,LAL,2014-03-28,8:00p,@,Minnesota Timberwolves,L,,107,143,24,48,L 2
2014,LAL,2014-03-30,9:30p,,Phoenix Suns,W,,115,99,25,48,W 1
2014,LAL,2014-04-01,10:30p,,Portland Trail Blazers,L,,112,124,25,49,L 1
2014,LAL,2014-04-02,10:00p,@,Sacramento Kings,L,,102,107,25,50,L 2
2014,LAL,2014-04-04,10:30p,,Dallas Mavericks,L,,95,107,25,51,L 3
2014,LAL,2014-04-06,3:30p,@,Los Angeles Clippers,L,,97,120,25,52,L 4
2014,LAL,2014-04-08,10:30p,,Houston Rockets,L,,130,145,25,53,L 5
2014,LAL,2014-04-11,10:30p,,Golden State Warriors,L,,95,112,25,54,L 6
2014,LAL,2014-04-13,9:30p,,Memphis Grizzlies,L,,90,102,25,55,L 7
2014,LAL,2014-04-14,9:00p,@,Utah Jazz,W,,119,104,26,55,W 1
2014,LAL,2014-04-16,8:00p,@,San Antonio Spurs,W,,113,100,27,55,W 2
2014,MEM,2013-10-30,8:30p,@,San Antonio Spurs,L,,94,101,0,1,L 1
2014,MEM,2013-11-01,8:00p,,Detroit Pistons,W,OT,111,108,1,1,W 1
2014,MEM,2013-11-02,8:30p,@,Dallas Mavericks,L,,99,111,1,2,L 1
2014,MEM,2013-11-04,8:00p,,Boston Celtics,W,,95,88,2,2,W 1
2014,MEM,2013-11-06,8:00p,,New Orleans Pelicans,L,,84,99,2,3,L 1
2014,MEM,2013-11-09,8:00p,,Golden State Warriors,W,,108,90,3,3,W 1
2014,MEM,2013-11-11,7:00p,@,Indiana Pacers,L,,79,95,3,4,L 1
2014,MEM,2013-11-13,8:00p,,Toronto Raptors,L,,87,103,3,5,L 2
2014,MEM,2013-11-15,10:30p,@,Los Angeles Lakers,W,,89,86,4,5,W 1
2014,MEM,2013-11-17,6:00p,@,Sacramento Kings,W,,97,86,5,5,W 2
2014,MEM,2013-11-18,10:30p,@,Los Angeles Clippers,W,,106,102,6,5,W 3
2014,MEM,2013-11-20,10:30p,@,Golden State Warriors,W,OT,88,81,7,5,W 4
2014,MEM,2013-11-22,8:00p,,San Antonio Spurs,L,,86,102,7,6,L 1
2014,MEM,2013-11-25,8:00p,,Houston Rockets,L,,86,93,7,7,L 2
2014,MEM,2013-11-27,7:30p,@,Boston Celtics,W,,100,93,8,7,W 1
2014,MEM,2013-11-30,8:00p,,Brooklyn Nets,L,,88,97,8,8,L 1
2014,MEM,2013-12-03,8:00p,,Phoenix Suns,W,,110,91,9,8,W 1
2014,MEM,2013-12-05,8:00p,,Los Angeles Clippers,L,,81,101,9,9,L 1
2014,MEM,2013-12-07,8:00p,,Golden State Warriors,L,,82,108,9,10,L 2
2014,MEM,2013-12-09,8:00p,,Orlando Magic,W,,94,85,10,10,W 1
2014,MEM,2013-12-11,8:00p,,Oklahoma City Thunder,L,,100,116,10,11,L 1
2014,MEM,2013-12-13,8:00p,@,New Orleans Pelicans,L,,98,104,10,12,L 2
2014,MEM,2013-12-15,6:00p,,Minnesota Timberwolves,L,,93,101,10,13,L 3
2014,MEM,2013-12-17,8:00p,,Los Angeles Lakers,L,,92,96,10,14,L 4
2014,MEM,2013-12-18,8:30p,@,Dallas Mavericks,L,,91,105,10,15,L 5
2014,MEM,2013-12-21,12:00p,@,New York Knicks,W,,95,87,11,15,W 1
2014,MEM,2013-12-23,8:00p,,Utah Jazz,W,,104,94,12,15,W 2
2014,MEM,2013-12-26,8:00p,@,Houston Rockets,L,,92,100,12,16,L 1
2014,MEM,2013-12-28,8:00p,,Denver Nuggets,W,,120,99,13,16,W 1
2014,MEM,2013-12-30,8:00p,,Chicago Bulls,L,,91,95,13,17,L 1
2014,MEM,2014-01-02,9:00p,@,Phoenix Suns,W,,99,91,14,17,W 1
2014,MEM,2014-01-03,9:00p,@,Denver Nuggets,L,,108,111,14,18,L 1
2014,MEM,2014-01-05,1:00p,@,Detroit Pistons,W,,112,84,15,18,W 1
2014,MEM,2014-01-07,8:00p,,San Antonio Spurs,L,OT,108,110,15,19,L 1
2014,MEM,2014-01-10,8:00p,,Phoenix Suns,W,,104,99,16,19,W 1
2014,MEM,2014-01-12,6:00p,,Atlanta Hawks,W,,108,101,17,19,W 2
2014,MEM,2014-01-14,8:00p,,Oklahoma City Thunder,W,,90,87,18,19,W 3
2014,MEM,2014-01-15,8:00p,@,Milwaukee Bucks,W,,82,77,19,19,W 4
2014,MEM,2014-01-17,8:00p,,Sacramento Kings,W,,91,90,20,19,W 5
2014,MEM,2014-01-20,5:00p,,New Orleans Pelicans,L,,92,95,20,20,L 1
2014,MEM,2014-01-24,8:00p,@,Houston Rockets,W,,88,87,21,20,W 1
2014,MEM,2014-01-25,8:00p,,Houston Rockets,W,,99,81,22,20,W 2
2014,MEM,2014-01-28,10:00p,@,Portland Trail Blazers,W,,98,81,23,20,W 3
2014,MEM,2014-01-29,10:00p,@,Sacramento Kings,W,,99,89,24,20,W 4
2014,MEM,2014-01-31,8:00p,@,Minnesota Timberwolves,W,,94,90,25,20,W 5
2014,MEM,2014-02-01,8:00p,,Milwaukee Bucks,W,,99,90,26,20,W 6
2014,MEM,2014-02-03,8:00p,@,Oklahoma City Thunder,L,,77,86,26,21,L 1
2014,MEM,2014-02-05,8:00p,,Dallas Mavericks,L,,96,110,26,22,L 2
2014,MEM,2014-02-08,7:30p,@,Atlanta Hawks,W,,79,76,27,22,W 1
2014,MEM,2014-02-09,6:00p,@,Cleveland Cavaliers,L,OT,83,91,27,23,L 1
2014,MEM,2014-02-11,8:00p,,Washington Wizards,W,,92,89,28,23,W 1
2014,MEM,2014-02-12,7:00p,@,Orlando Magic,W,,86,81,29,23,W 2
2014,MEM,2014-02-18,8:00p,,New York Knicks,W,,98,93,30,23,W 3
2014,MEM,2014-02-21,8:00p,,Los Angeles Clippers,W,,102,96,31,23,W 4
2014,MEM,2014-02-22,7:00p,@,Charlotte Bobcats,L,,89,92,31,24,L 1
2014,MEM,2014-02-26,8:00p,,Los Angeles Lakers,W,,108,103,32,24,W 1
2014,MEM,2014-02-28,8:00p,@,Oklahoma City Thunder,L,,107,113,32,25,L 1
2014,MEM,2014-03-01,9:00p,,Cleveland Cavaliers,W,,110,96,33,25,W 1
2014,MEM,2014-03-03,7:00p,@,Washington Wizards,W,,110,104,34,25,W 2
2014,MEM,2014-03-05,7:30p,@,Brooklyn Nets,L,,94,103,34,26,L 1
2014,MEM,2014-03-07,7:00p,@,Chicago Bulls,W,,85,77,35,26,W 1
2014,MEM,2014-03-08,8:00p,,Charlotte Bobcats,W,,111,89,36,26,W 2
2014,MEM,2014-03-11,8:00p,,Portland Trail Blazers,W,,109,99,37,26,W 3
2014,MEM,2014-03-12,8:00p,@,New Orleans Pelicans,W,,90,88,38,26,W 4
2014,MEM,2014-03-14,7:00p,@,Toronto Raptors,L,,86,99,38,27,L 1
2014,MEM,2014-03-15,7:30p,@,Philadelphia 76ers,W,,103,77,39,27,W 1
2014,MEM,2014-03-19,8:00p,,Utah Jazz,W,,96,86,40,27,W 2
2014,MEM,2014-03-21,7:30p,@,Miami Heat,L,,86,91,40,28,L 1
2014,MEM,2014-03-22,8:00p,,Indiana Pacers,W,,82,71,41,28,W 1
2014,MEM,2014-03-24,8:00p,,Minnesota Timberwolves,W,,109,92,42,28,W 2
2014,MEM,2014-03-26,10:30p,@,Utah Jazz,W,,91,87,43,28,W 3
2014,MEM,2014-03-28,10:30p,@,Golden State Warriors,L,,93,100,43,29,L 1
2014,MEM,2014-03-30,9:00p,@,Portland Trail Blazers,L,,98,105,43,30,L 2
2014,MEM,2014-03-31,9:00p,@,Denver Nuggets,W,,94,92,44,30,W 1
2014,MEM,2014-04-02,8:00p,@,Minnesota Timberwolves,L,,88,102,44,31,L 1
2014,MEM,2014-04-04,7:00p,,Denver Nuggets,W,,100,92,45,31,W 1
2014,MEM,2014-04-06,7:00p,@,San Antonio Spurs,L,,92,112,45,32,L 1
2014,MEM,2014-04-09,8:00p,,Miami Heat,W,,107,102,46,32,W 1
2014,MEM,2014-04-11,8:00p,,Philadelphia 76ers,W,,117,95,47,32,W 2
2014,MEM,2014-04-13,9:30p,@,Los Angeles Lakers,W,,102,90,48,32,W 3
2014,MEM,2014-04-14,10:00p,@,Phoenix Suns,W,,97,91,49,32,W 4
2014,MEM,2014-04-16,8:00p,,Dallas Mavericks,W,OT,106,105,50,32,W 5
2014,MEM,2014-04-19,9:43p,@,Oklahoma City Thunder,L,,86,100,0,1,L 1
2014,MEM,2014-04-21,8:00p,@,Oklahoma City Thunder,W,OT,111,105,1,1,W 1
2014,MEM,2014-04-24,8:00p,,Oklahoma City Thunder,W,OT,98,95,2,1,W 2
2014,MEM,2014-04-26,9:30p,,Oklahoma City Thunder,L,OT,89,92,2,2,L 1
2014,MEM,2014-04-29,9:00p,@,Oklahoma City Thunder,W,OT,100,99,3,2,W 1
2014,MEM,2014-05-01,8:00p,,Oklahoma City Thunder,L,,84,104,3,3,L 1
2014,MEM,2014-05-03,8:00p,@,Oklahoma City Thunder,L,,109,120,3,4,L 2
2014,MIA,2013-10-29,8:00p,,Chicago Bulls,W,,107,95,1,0,W 1
2014,MIA,2013-10-30,7:00p,@,Philadelphia 76ers,L,,110,114,1,1,L 1
2014,MIA,2013-11-01,8:00p,@,Brooklyn Nets,L,,100,101,1,2,L 2
2014,MIA,2013-11-03,6:00p,,Washington Wizards,W,,103,93,2,2,W 1
2014,MIA,2013-11-05,7:00p,@,Toronto Raptors,W,,104,95,3,2,W 2
2014,MIA,2013-11-07,7:00p,,Los Angeles Clippers,W,,102,97,4,2,W 3
2014,MIA,2013-11-09,7:30p,,Boston Celtics,L,,110,111,4,3,L 1
2014,MIA,2013-11-12,7:30p,,Milwaukee Bucks,W,,118,95,5,3,W 1
2014,MIA,2013-11-15,7:30p,,Dallas Mavericks,W,,110,104,6,3,W 2
2014,MIA,2013-11-16,7:00p,@,Charlotte Bobcats,W,,97,81,7,3,W 3
2014,MIA,2013-11-19,7:30p,,Atlanta Hawks,W,,104,88,8,3,W 4
2014,MIA,2013-11-20,7:00p,@,Orlando Magic,W,,120,92,9,3,W 5
2014,MIA,2013-11-23,7:30p,,Orlando Magic,W,,101,99,10,3,W 6
2014,MIA,2013-11-25,7:30p,,Phoenix Suns,W,,107,92,11,3,W 7
2014,MIA,2013-11-27,7:30p,@,Cleveland Cavaliers,W,,95,84,12,3,W 8
2014,MIA,2013-11-29,7:00p,@,Toronto Raptors,W,,90,83,13,3,W 9
2014,MIA,2013-12-01,6:00p,,Charlotte Bobcats,W,,99,98,14,3,W 10
2014,MIA,2013-12-03,7:30p,,Detroit Pistons,L,,97,107,14,4,L 1
2014,MIA,2013-12-05,9:30p,@,Chicago Bulls,L,,87,107,14,5,L 2
2014,MIA,2013-12-07,8:00p,@,Minnesota Timberwolves,W,,103,82,15,5,W 1
2014,MIA,2013-12-08,6:00p,@,Detroit Pistons,W,,110,95,16,5,W 2
2014,MIA,2013-12-10,7:00p,@,Indiana Pacers,L,,84,90,16,6,L 1
2014,MIA,2013-12-14,7:30p,,Cleveland Cavaliers,W,,114,107,17,6,W 1
2014,MIA,2013-12-16,7:30p,,Utah Jazz,W,,117,94,18,6,W 2
2014,MIA,2013-12-18,7:00p,,Indiana Pacers,W,,97,94,19,6,W 3
2014,MIA,2013-12-20,7:30p,,Sacramento Kings,W,,122,103,20,6,W 4
2014,MIA,2013-12-23,7:30p,,Atlanta Hawks,W,OT,121,119,21,6,W 5
2014,MIA,2013-12-25,5:00p,@,Los Angeles Lakers,W,,101,95,22,6,W 6
2014,MIA,2013-12-27,10:00p,@,Sacramento Kings,L,OT,103,108,22,7,L 1
2014,MIA,2013-12-28,10:00p,@,Portland Trail Blazers,W,,108,107,23,7,W 1
2014,MIA,2013-12-30,9:00p,@,Denver Nuggets,W,,97,94,24,7,W 2
2014,MIA,2014-01-02,7:30p,,Golden State Warriors,L,,114,123,24,8,L 1
2014,MIA,2014-01-04,7:00p,@,Orlando Magic,W,,110,94,25,8,W 1
2014,MIA,2014-01-05,6:00p,,Toronto Raptors,W,,102,97,26,8,W 2
2014,MIA,2014-01-07,7:30p,,New Orleans Pelicans,W,,107,88,27,8,W 3
2014,MIA,2014-01-09,8:00p,@,New York Knicks,L,,92,102,27,9,L 1
2014,MIA,2014-01-10,8:00p,@,Brooklyn Nets,L,2OT,95,104,27,10,L 2
2014,MIA,2014-01-15,7:00p,@,Washington Wizards,L,,97,114,27,11,L 3
2014,MIA,2014-01-17,7:00p,@,Philadelphia 76ers,W,,101,86,28,11,W 1
2014,MIA,2014-01-18,7:30p,@,Charlotte Bobcats,W,OT,104,96,29,11,W 2
2014,MIA,2014-01-20,5:30p,@,Atlanta Hawks,L,,114,121,29,12,L 1
2014,MIA,2014-01-21,7:30p,,Boston Celtics,W,,93,86,30,12,W 1
2014,MIA,2014-01-23,8:00p,,Los Angeles Lakers,W,,109,102,31,12,W 2
2014,MIA,2014-01-26,1:00p,,San Antonio Spurs,W,,113,101,32,12,W 3
2014,MIA,2014-01-29,7:00p,,Oklahoma City Thunder,L,,95,112,32,13,L 1
2014,MIA,2014-02-01,8:30p,@,New York Knicks,W,,106,91,33,13,W 1
2014,MIA,2014-02-03,7:30p,,Detroit Pistons,W,,102,96,34,13,W 2
2014,MIA,2014-02-05,10:30p,@,Los Angeles Clippers,W,,116,112,35,13,W 3
2014,MIA,2014-02-08,9:00p,@,Utah Jazz,L,,89,94,35,14,L 1
2014,MIA,2014-02-11,9:00p,@,Phoenix Suns,W,,103,97,36,14,W 1
2014,MIA,2014-02-12,10:30p,@,Golden State Warriors,W,,111,110,37,14,W 2
2014,MIA,2014-02-18,8:30p,@,Dallas Mavericks,W,,117,106,38,14,W 3
2014,MIA,2014-02-20,8:00p,@,Oklahoma City Thunder,W,,103,81,39,14,W 4
2014,MIA,2014-02-23,3:30p,,Chicago Bulls,W,,93,79,40,14,W 5
2014,MIA,2014-02-27,8:00p,,New York Knicks,W,,108,82,41,14,W 6
2014,MIA,2014-03-01,7:30p,,Orlando Magic,W,,112,98,42,14,W 7
2014,MIA,2014-03-03,7:30p,,Charlotte Bobcats,W,,124,107,43,14,W 8
2014,MIA,2014-03-04,8:00p,@,Houston Rockets,L,,103,106,43,15,L 1
2014,MIA,2014-03-06,8:00p,@,San Antonio Spurs,L,,87,111,43,16,L 2
2014,MIA,2014-03-09,1:00p,@,Chicago Bulls,L,OT,88,95,43,17,L 3
2014,MIA,2014-03-10,7:30p,,Washington Wizards,W,,99,90,44,17,W 1
2014,MIA,2014-03-12,7:00p,,Brooklyn Nets,L,,95,96,44,18,L 1
2014,MIA,2014-03-14,7:30p,,Denver Nuggets,L,,107,111,44,19,L 2
2014,MIA,2014-03-16,3:30p,,Houston Rockets,W,,113,104,45,19,W 1
2014,MIA,2014-03-18,7:00p,@,Cleveland Cavaliers,W,,100,96,46,19,W 2
2014,MIA,2014-03-19,7:30p,@,Boston Celtics,L,,96,101,46,20,L 1
2014,MIA,2014-03-21,7:30p,,Memphis Grizzlies,W,,91,86,47,20,W 1
2014,MIA,2014-03-22,8:00p,@,New Orleans Pelicans,L,,95,105,47,21,L 1
2014,MIA,2014-03-24,7:30p,,Portland Trail Blazers,W,,93,91,48,21,W 1
2014,MIA,2014-03-26,8:00p,@,Indiana Pacers,L,,83,84,48,22,L 1
2014,MIA,2014-03-28,7:30p,@,Detroit Pistons,W,,110,78,49,22,W 1
2014,MIA,2014-03-29,8:30p,@,Milwaukee Bucks,W,,88,67,50,22,W 2
2014,MIA,2014-03-31,7:30p,,Toronto Raptors,W,,93,83,51,22,W 3
2014,MIA,2014-04-02,7:30p,,Milwaukee Bucks,W,,96,77,52,22,W 4
2014,MIA,2014-04-04,7:30p,,Minnesota Timberwolves,L,2OT,121,122,52,23,L 1
2014,MIA,2014-04-06,1:00p,,New York Knicks,W,,102,91,53,23,W 1
2014,MIA,2014-04-08,8:00p,,Brooklyn Nets,L,,87,88,53,24,L 1
2014,MIA,2014-04-09,8:00p,@,Memphis Grizzlies,L,,102,107,53,25,L 2
2014,MIA,2014-04-11,7:30p,,Indiana Pacers,W,,98,86,54,25,W 1
2014,MIA,2014-04-12,7:30p,@,Atlanta Hawks,L,,85,98,54,26,L 1
2014,MIA,2014-04-14,7:00p,@,Washington Wizards,L,,93,114,54,27,L 2
2014,MIA,2014-04-16,8:00p,,Philadelphia 76ers,L,,87,100,54,28,L 3
2014,MIA,2014-04-20,3:30p,,Charlotte Bobcats,W,,99,88,1,0,W 1
2014,MIA,2014-04-23,7:00p,,Charlotte Bobcats,W,,101,97,2,0,W 2
2014,MIA,2014-04-26,7:00p,@,Charlotte Bobcats,W,,98,85,3,0,W 3
2014,MIA,2014-04-28,7:00p,@,Charlotte Bobcats,W,,109,98,4,0,W 4
2014,MIA,2014-05-06,7:00p,,Brooklyn Nets,W,,107,86,5,0,W 5
2014,MIA,2014-05-08,7:00p,,Brooklyn Nets,W,,94,82,6,0,W 6
2014,MIA,2014-05-10,8:00p,@,Brooklyn Nets,L,,90,104,6,1,L 1
2014,MIA,2014-05-12,8:00p,@,Brooklyn Nets,W,,102,96,7,1,W 1
2014,MIA,2014-05-14,7:00p,,Brooklyn Nets,W,,96,94,8,1,W 2
2014,MIA,2014-05-18,3:30p,@,Indiana Pacers,L,,96,107,8,2,L 1
2014,MIA,2014-05-20,8:30p,@,Indiana Pacers,W,,87,83,9,2,W 1
2014,MIA,2014-05-24,8:30p,,Indiana Pacers,W,,99,87,10,2,W 2
2014,MIA,2014-05-26,8:30p,,Indiana Pacers,W,,102,90,11,2,W 3
2014,MIA,2014-05-28,8:30p,@,Indiana Pacers,L,,90,93,11,3,L 1
2014,MIA,2014-05-30,8:30p,,Indiana Pacers,W,,117,92,12,3,W 1
2014,MIA,2014-06-05,9:00p,@,San Antonio Spurs,L,,95,110,12,4,L 1
2014,MIA,2014-06-08,8:00p,@,San Antonio Spurs,W,,98,96,13,4,W 1
2014,MIA,2014-06-10,9:00p,,San Antonio Spurs,L,,92,111,13,5,L 1
2014,MIA,2014-06-12,9:00p,,San Antonio Spurs,L,,86,107,13,6,L 2
2014,MIA,2014-06-15,8:00p,@,San Antonio Spurs,L,,87,104,13,7,L 3
2014,MIL,2013-10-30,7:30p,@,New York Knicks,L,,83,90,0,1,L 1
2014,MIL,2013-11-01,7:30p,@,Boston Celtics,W,,105,98,1,1,W 1
2014,MIL,2013-11-02,8:30p,,Toronto Raptors,L,,90,97,1,2,L 1
2014,MIL,2013-11-06,8:00p,,Cleveland Cavaliers,W,,109,104,2,2,W 1
2014,MIL,2013-11-09,8:30p,,Dallas Mavericks,L,,83,91,2,3,L 1
2014,MIL,2013-11-12,7:30p,@,Miami Heat,L,,95,118,2,4,L 2
2014,MIL,2013-11-13,7:00p,@,Orlando Magic,L,,91,94,2,5,L 3
2014,MIL,2013-11-15,7:00p,@,Indiana Pacers,L,,77,104,2,6,L 4
2014,MIL,2013-11-16,8:30p,,Oklahoma City Thunder,L,,79,92,2,7,L 5
2014,MIL,2013-11-20,8:00p,,Portland Trail Blazers,L,,82,91,2,8,L 6
2014,MIL,2013-11-22,7:00p,@,Philadelphia 76ers,L,OT,107,115,2,9,L 7
2014,MIL,2013-11-23,8:30p,,Charlotte Bobcats,L,,72,96,2,10,L 8
2014,MIL,2013-11-25,7:30p,@,Detroit Pistons,L,,94,113,2,11,L 9
2014,MIL,2013-11-27,8:00p,,Washington Wizards,L,OT,92,100,2,12,L 10
2014,MIL,2013-11-29,7:00p,@,Charlotte Bobcats,L,,76,92,2,13,L 11
2014,MIL,2013-11-30,9:00p,,Boston Celtics,W,,92,85,3,13,W 1
2014,MIL,2013-12-03,7:30p,@,Boston Celtics,L,,100,108,3,14,L 1
2014,MIL,2013-12-04,8:00p,,Detroit Pistons,L,,98,105,3,15,L 2
2014,MIL,2013-12-06,7:00p,@,Washington Wizards,W,OT,109,105,4,15,W 1
2014,MIL,2013-12-07,8:30p,,Brooklyn Nets,L,,82,90,4,16,L 1
2014,MIL,2013-12-10,8:00p,@,Chicago Bulls,W,,78,74,5,16,W 1
2014,MIL,2013-12-11,8:00p,,San Antonio Spurs,L,,77,109,5,17,L 1
2014,MIL,2013-12-13,8:30p,,Chicago Bulls,L,,90,91,5,18,L 2
2014,MIL,2013-12-14,8:30p,@,Dallas Mavericks,L,,93,106,5,19,L 3
2014,MIL,2013-12-18,8:00p,,New York Knicks,L,2OT,101,107,5,20,L 4
2014,MIL,2013-12-20,7:30p,@,Cleveland Cavaliers,L,OT,111,114,5,21,L 5
2014,MIL,2013-12-21,8:30p,,Philadelphia 76ers,W,,116,106,6,21,W 1
2014,MIL,2013-12-23,7:00p,@,Charlotte Bobcats,L,OT,110,111,6,22,L 1
2014,MIL,2013-12-27,7:30p,@,Brooklyn Nets,L,,93,104,6,23,L 2
2014,MIL,2013-12-28,8:30p,,Minnesota Timberwolves,L,,95,117,6,24,L 3
2014,MIL,2013-12-31,10:30p,@,Los Angeles Lakers,W,,94,79,7,24,W 1
2014,MIL,2014-01-02,9:00p,@,Utah Jazz,L,,87,96,7,25,L 1
2014,MIL,2014-01-04,9:00p,@,Phoenix Suns,L,,100,116,7,26,L 2
2014,MIL,2014-01-07,8:00p,,Golden State Warriors,L,,80,101,7,27,L 3
2014,MIL,2014-01-10,8:30p,,Chicago Bulls,L,,72,81,7,28,L 4
2014,MIL,2014-01-11,8:00p,@,Oklahoma City Thunder,L,,85,101,7,29,L 5
2014,MIL,2014-01-13,7:00p,@,Toronto Raptors,L,,94,116,7,30,L 6
2014,MIL,2014-01-15,8:00p,,Memphis Grizzlies,L,,77,82,7,31,L 7
2014,MIL,2014-01-18,8:00p,@,Houston Rockets,L,,104,114,7,32,L 8
2014,MIL,2014-01-19,7:00p,@,San Antonio Spurs,L,,82,110,7,33,L 9
2014,MIL,2014-01-22,8:00p,,Detroit Pistons,W,,104,101,8,33,W 1
2014,MIL,2014-01-24,7:30p,@,Cleveland Cavaliers,L,,78,93,8,34,L 1
2014,MIL,2014-01-25,8:30p,,Atlanta Hawks,L,,87,112,8,35,L 2
2014,MIL,2014-01-27,8:00p,,Los Angeles Clippers,L,,86,114,8,36,L 3
2014,MIL,2014-01-29,8:00p,,Phoenix Suns,L,,117,126,8,37,L 4
2014,MIL,2014-01-31,7:00p,@,Orlando Magic,L,,102,113,8,38,L 5
2014,MIL,2014-02-01,8:00p,@,Memphis Grizzlies,L,,90,99,8,39,L 6
2014,MIL,2014-02-03,8:00p,,New York Knicks,W,,101,98,9,39,W 1
2014,MIL,2014-02-05,9:00p,@,Denver Nuggets,L,,100,110,9,40,L 1
2014,MIL,2014-02-08,8:30p,,Houston Rockets,L,,95,101,9,41,L 2
2014,MIL,2014-02-10,8:00p,,Boston Celtics,L,,86,102,9,42,L 3
2014,MIL,2014-02-12,8:00p,,New Orleans Pelicans,L,,98,102,9,43,L 4
2014,MIL,2014-02-18,8:00p,,Orlando Magic,W,,104,100,10,43,W 1
2014,MIL,2014-02-20,8:00p,,Denver Nuggets,L,,90,101,10,44,L 1
2014,MIL,2014-02-22,8:30p,,Indiana Pacers,L,,100,110,10,45,L 2
2014,MIL,2014-02-24,7:00p,@,Philadelphia 76ers,W,,130,110,11,45,W 1
2014,MIL,2014-02-27,7:00p,@,Indiana Pacers,L,,96,101,11,46,L 1
2014,MIL,2014-03-01,8:30p,,Brooklyn Nets,L,,98,107,11,47,L 2
2014,MIL,2014-03-03,8:00p,,Utah Jazz,W,,114,88,12,47,W 1
2014,MIL,2014-03-05,8:00p,,Sacramento Kings,L,,102,116,12,48,L 1
2014,MIL,2014-03-07,8:00p,@,New Orleans Pelicans,L,,104,112,12,49,L 2
2014,MIL,2014-03-08,9:00p,,Washington Wizards,L,,107,114,12,50,L 3
2014,MIL,2014-03-10,8:00p,,Orlando Magic,W,,105,98,13,50,W 1
2014,MIL,2014-03-11,8:00p,@,Minnesota Timberwolves,L,,101,112,13,51,L 1
2014,MIL,2014-03-13,7:30p,@,Atlanta Hawks,L,,97,102,13,52,L 2
2014,MIL,2014-03-15,12:00p,@,New York Knicks,L,,94,115,13,53,L 3
2014,MIL,2014-03-16,1:00p,,Charlotte Bobcats,L,,92,101,13,54,L 4
2014,MIL,2014-03-18,10:00p,@,Portland Trail Blazers,L,OT,115,120,13,55,L 5
2014,MIL,2014-03-20,10:30p,@,Golden State Warriors,L,,110,115,13,56,L 6
2014,MIL,2014-03-23,6:00p,@,Sacramento Kings,L,,107,124,13,57,L 7
2014,MIL,2014-03-24,10:30p,@,Los Angeles Clippers,L,,98,106,13,58,L 8
2014,MIL,2014-03-27,8:00p,,Los Angeles Lakers,W,,108,105,14,58,W 1
2014,MIL,2014-03-29,8:30p,,Miami Heat,L,,67,88,14,59,L 1
2014,MIL,2014-03-31,7:30p,@,Detroit Pistons,L,,111,116,14,60,L 2
2014,MIL,2014-04-02,7:30p,@,Miami Heat,L,,77,96,14,61,L 3
2014,MIL,2014-04-04,8:00p,@,Chicago Bulls,L,,90,102,14,62,L 4
2014,MIL,2014-04-05,8:30p,,Toronto Raptors,L,,98,102,14,63,L 5
2014,MIL,2014-04-09,8:00p,,Indiana Pacers,L,,102,104,14,64,L 6
2014,MIL,2014-04-11,8:30p,,Cleveland Cavaliers,W,,119,116,15,64,W 1
2014,MIL,2014-04-12,7:00p,@,Washington Wizards,L,,91,104,15,65,L 1
2014,MIL,2014-04-14,7:00p,@,Toronto Raptors,L,,100,110,15,66,L 2
2014,MIL,2014-04-16,8:00p,,Atlanta Hawks,L,,103,111,15,67,L 3
2014,MIN,2013-10-30,8:00p,,Orlando Magic,W,OT,120,115,1,0,W 1
2014,MIN,2013-11-01,8:00p,,Oklahoma City Thunder,W,,100,81,2,0,W 2
2014,MIN,2013-11-03,7:30p,@,New York Knicks,W,,109,100,3,0,W 3
2014,MIN,2013-11-04,7:00p,@,Cleveland Cavaliers,L,,92,93,3,1,L 1
2014,MIN,2013-11-06,8:00p,,Golden State Warriors,L,,93,106,3,2,L 2
2014,MIN,2013-11-08,8:00p,,Dallas Mavericks,W,,116,108,4,2,W 1
2014,MIN,2013-11-10,9:30p,@,Los Angeles Lakers,W,,113,90,5,2,W 2
2014,MIN,2013-11-11,10:30p,@,Los Angeles Clippers,L,,107,109,5,3,L 1
2014,MIN,2013-11-13,8:00p,,Cleveland Cavaliers,W,,124,95,6,3,W 1
2014,MIN,2013-11-15,8:00p,@,Denver Nuggets,L,,113,117,6,4,L 1
2014,MIN,2013-11-16,8:00p,,Boston Celtics,W,,106,88,7,4,W 1
2014,MIN,2013-11-19,7:00p,@,Washington Wizards,L,,100,104,7,5,L 1
2014,MIN,2013-11-20,8:00p,,Los Angeles Clippers,L,,98,102,7,6,L 2
2014,MIN,2013-11-22,8:00p,,Brooklyn Nets,W,,111,81,8,6,W 1
2014,MIN,2013-11-23,8:00p,@,Houston Rockets,L,,101,112,8,7,L 1
2014,MIN,2013-11-25,7:00p,@,Indiana Pacers,L,,84,98,8,8,L 2
2014,MIN,2013-11-27,8:00p,,Denver Nuggets,L,,110,117,8,9,L 3
2014,MIN,2013-11-30,8:30p,@,Dallas Mavericks,W,,112,106,9,9,W 1
2014,MIN,2013-12-01,7:00p,@,Oklahoma City Thunder,L,,103,113,9,10,L 1
2014,MIN,2013-12-07,8:00p,,Miami Heat,L,,82,103,9,11,L 2
2014,MIN,2013-12-10,7:30p,@,Detroit Pistons,W,,121,94,10,11,W 1
2014,MIN,2013-12-11,8:00p,,Philadelphia 76ers,W,,106,99,11,11,W 2
2014,MIN,2013-12-13,8:30p,@,San Antonio Spurs,L,,110,117,11,12,L 1
2014,MIN,2013-12-15,6:00p,@,Memphis Grizzlies,W,,101,93,12,12,W 1
2014,MIN,2013-12-16,7:30p,@,Boston Celtics,L,,97,101,12,13,L 1
2014,MIN,2013-12-18,8:00p,,Portland Trail Blazers,W,,120,109,13,13,W 1
2014,MIN,2013-12-20,10:30p,@,Los Angeles Lakers,L,,91,104,13,14,L 1
2014,MIN,2013-12-22,9:30p,@,Los Angeles Clippers,L,OT,116,120,13,15,L 2
2014,MIN,2013-12-27,8:00p,,Washington Wizards,W,,120,98,14,15,W 1
2014,MIN,2013-12-28,8:30p,@,Milwaukee Bucks,W,,117,95,15,15,W 2
2014,MIN,2013-12-30,8:00p,,Dallas Mavericks,L,,98,100,15,16,L 1
2014,MIN,2014-01-01,8:00p,,New Orleans Pelicans,W,,124,112,16,16,W 1
2014,MIN,2014-01-04,8:00p,,Oklahoma City Thunder,L,,111,115,16,17,L 1
2014,MIN,2014-01-06,7:00p,@,Philadelphia 76ers,W,,126,95,17,17,W 1
2014,MIN,2014-01-08,9:30p,,Phoenix Suns,L,,103,104,17,18,L 1
2014,MIN,2014-01-10,8:00p,,Charlotte Bobcats,W,,119,92,18,18,W 1
2014,MIN,2014-01-12,7:00p,@,San Antonio Spurs,L,,86,104,18,19,L 1
2014,MIN,2014-01-15,8:00p,,Sacramento Kings,L,,108,111,18,20,L 2
2014,MIN,2014-01-17,7:00p,@,Toronto Raptors,L,,89,94,18,21,L 3
2014,MIN,2014-01-18,8:00p,,Utah Jazz,W,,98,72,19,21,W 1
2014,MIN,2014-01-21,9:00p,@,Utah Jazz,W,,112,97,20,21,W 2
2014,MIN,2014-01-24,10:30p,@,Golden State Warriors,W,,121,120,21,21,W 3
2014,MIN,2014-01-25,10:00p,@,Portland Trail Blazers,L,,104,115,21,22,L 1
2014,MIN,2014-01-27,8:00p,@,Chicago Bulls,W,,95,86,22,22,W 1
2014,MIN,2014-01-29,8:00p,,New Orleans Pelicans,W,,88,77,23,22,W 2
2014,MIN,2014-01-31,8:00p,,Memphis Grizzlies,L,,90,94,23,23,L 1
2014,MIN,2014-02-01,7:30p,@,Atlanta Hawks,L,,113,120,23,24,L 2
2014,MIN,2014-02-04,8:00p,,Los Angeles Lakers,W,,109,99,24,24,W 1
2014,MIN,2014-02-05,8:00p,@,Oklahoma City Thunder,L,,97,106,24,25,L 1
2014,MIN,2014-02-07,9:30p,@,New Orleans Pelicans,L,,91,98,24,26,L 2
2014,MIN,2014-02-08,8:00p,,Portland Trail Blazers,L,,110,117,24,27,L 3
2014,MIN,2014-02-10,8:00p,,Houston Rockets,L,,89,107,24,28,L 4
2014,MIN,2014-02-12,8:00p,,Denver Nuggets,W,,117,90,25,28,W 1
2014,MIN,2014-02-19,8:00p,,Indiana Pacers,W,,104,91,26,28,W 2
2014,MIN,2014-02-22,9:00p,@,Utah Jazz,W,,121,104,27,28,W 3
2014,MIN,2014-02-23,9:00p,@,Portland Trail Blazers,L,,97,108,27,29,L 1
2014,MIN,2014-02-25,9:00p,@,Phoenix Suns,W,,110,101,28,29,W 1
2014,MIN,2014-03-01,10:00p,@,Sacramento Kings,W,,108,97,29,29,W 2
2014,MIN,2014-03-03,9:00p,@,Denver Nuggets,W,,132,128,30,29,W 3
2014,MIN,2014-03-05,8:00p,,New York Knicks,L,,106,118,30,30,L 1
2014,MIN,2014-03-07,8:00p,,Detroit Pistons,W,,114,101,31,30,W 1
2014,MIN,2014-03-09,7:00p,,Toronto Raptors,L,,104,111,31,31,L 1
2014,MIN,2014-03-11,8:00p,,Milwaukee Bucks,W,,112,101,32,31,W 1
2014,MIN,2014-03-14,7:00p,@,Charlotte Bobcats,L,,93,105,32,32,L 1
2014,MIN,2014-03-16,7:00p,,Sacramento Kings,W,,104,102,33,32,W 1
2014,MIN,2014-03-19,8:30p,@,Dallas Mavericks,W,OT,123,122,34,32,W 2
2014,MIN,2014-03-20,8:00p,@,Houston Rockets,L,,106,129,34,33,L 1
2014,MIN,2014-03-23,3:30p,,Phoenix Suns,L,,120,127,34,34,L 2
2014,MIN,2014-03-24,8:00p,@,Memphis Grizzlies,L,,92,109,34,35,L 3
2014,MIN,2014-03-26,8:00p,,Atlanta Hawks,W,,107,83,35,35,W 1
2014,MIN,2014-03-28,8:00p,,Los Angeles Lakers,W,,143,107,36,35,W 2
2014,MIN,2014-03-30,6:00p,@,Brooklyn Nets,L,,99,114,36,36,L 1
2014,MIN,2014-03-31,8:00p,,Los Angeles Clippers,L,,104,114,36,37,L 2
2014,MIN,2014-04-02,8:00p,,Memphis Grizzlies,W,,102,88,37,37,W 1
2014,MIN,2014-04-04,7:30p,@,Miami Heat,W,2OT,122,121,38,37,W 2
2014,MIN,2014-04-05,7:00p,@,Orlando Magic,L,,92,100,38,38,L 1
2014,MIN,2014-04-08,8:00p,,San Antonio Spurs,W,,110,91,39,38,W 1
2014,MIN,2014-04-09,8:00p,,Chicago Bulls,L,,87,102,39,39,L 1
2014,MIN,2014-04-11,8:00p,,Houston Rockets,W,,112,110,40,39,W 1
2014,MIN,2014-04-13,9:00p,@,Sacramento Kings,L,,103,106,40,40,L 1
2014,MIN,2014-04-14,10:30p,@,Golden State Warriors,L,,120,130,40,41,L 2
2014,MIN,2014-04-16,8:00p,,Utah Jazz,L,2OT,130,136,40,42,L 3
2014,NOP,2013-10-30,8:00p,,Indiana Pacers,L,,90,95,0,1,L 1
2014,NOP,2013-11-01,7:00p,@,Orlando Magic,L,,90,110,0,2,L 2
2014,NOP,2013-11-02,8:00p,,Charlotte Bobcats,W,,105,84,1,2,W 1
2014,NOP,2013-11-05,8:00p,,Phoenix Suns,L,,98,104,1,3,L 1
2014,NOP,2013-11-06,8:00p,@,Memphis Grizzlies,W,,99,84,2,3,W 1
2014,NOP,2013-11-08,8:00p,,Los Angeles Lakers,W,,96,85,3,3,W 2
2014,NOP,2013-11-10,8:00p,@,Phoenix Suns,L,,94,101,3,4,L 1
2014,NOP,2013-11-12,10:30p,@,Los Angeles Lakers,L,,95,116,3,5,L 2
2014,NOP,2013-11-13,9:00p,@,Utah Jazz,L,,105,111,3,6,L 3
2014,NOP,2013-11-16,8:00p,,Philadelphia 76ers,W,,135,98,4,6,W 1
2014,NOP,2013-11-20,8:00p,,Utah Jazz,W,,105,98,5,6,W 2
2014,NOP,2013-11-22,8:00p,,Cleveland Cavaliers,W,,104,100,6,6,W 3
2014,NOP,2013-11-25,8:30p,@,San Antonio Spurs,L,,93,112,6,7,L 1
2014,NOP,2013-11-26,8:00p,,Golden State Warriors,L,,101,102,6,8,L 2
2014,NOP,2013-11-29,8:00p,@,Philadelphia 76ers,W,,121,105,7,8,W 1
2014,NOP,2013-12-01,7:30p,@,New York Knicks,W,,103,99,8,8,W 2
2014,NOP,2013-12-02,8:00p,@,Chicago Bulls,W,3OT,131,128,9,8,W 3
2014,NOP,2013-12-04,8:00p,,Dallas Mavericks,L,,97,100,9,9,L 1
2014,NOP,2013-12-06,8:00p,,Oklahoma City Thunder,L,,95,109,9,10,L 2
2014,NOP,2013-12-11,8:00p,,Detroit Pistons,W,OT,111,106,10,10,W 1
2014,NOP,2013-12-13,8:00p,,Memphis Grizzlies,W,,104,98,11,10,W 2
2014,NOP,2013-12-15,8:00p,@,Denver Nuggets,L,,93,102,11,11,L 1
2014,NOP,2013-12-17,10:30p,@,Golden State Warriors,L,,93,104,11,12,L 2
2014,NOP,2013-12-18,10:30p,@,Los Angeles Clippers,L,,95,108,11,13,L 3
2014,NOP,2013-12-21,10:00p,@,Portland Trail Blazers,L,,107,110,11,14,L 4
2014,NOP,2013-12-23,10:00p,@,Sacramento Kings,W,,113,100,12,14,W 1
2014,NOP,2013-12-27,8:00p,,Denver Nuggets,W,,105,89,13,14,W 2
2014,NOP,2013-12-28,8:00p,@,Houston Rockets,L,,98,107,13,15,L 1
2014,NOP,2013-12-30,8:00p,,Portland Trail Blazers,W,,110,108,14,15,W 1
2014,NOP,2014-01-01,8:00p,@,Minnesota Timberwolves,L,,112,124,14,16,L 1
2014,NOP,2014-01-03,7:30p,@,Boston Celtics,W,,95,92,15,16,W 1
2014,NOP,2014-01-04,7:00p,@,Indiana Pacers,L,,82,99,15,17,L 1
2014,NOP,2014-01-07,7:30p,@,Miami Heat,L,,88,107,15,18,L 2
2014,NOP,2014-01-08,8:00p,,Washington Wizards,L,,96,102,15,19,L 3
2014,NOP,2014-01-10,8:00p,,Dallas Mavericks,L,,90,107,15,20,L 4
2014,NOP,2014-01-11,8:30p,@,Dallas Mavericks,L,,107,110,15,21,L 5
2014,NOP,2014-01-13,8:00p,,San Antonio Spurs,L,,95,101,15,22,L 6
2014,NOP,2014-01-15,8:00p,,Houston Rockets,L,,100,103,15,23,L 7
2014,NOP,2014-01-18,8:00p,,Golden State Warriors,L,,87,97,15,24,L 8
2014,NOP,2014-01-20,5:00p,@,Memphis Grizzlies,W,,95,92,16,24,W 1
2014,NOP,2014-01-21,8:00p,,Sacramento Kings,L,,97,114,16,25,L 1
2014,NOP,2014-01-24,7:30p,@,Detroit Pistons,W,,103,101,17,25,W 1
2014,NOP,2014-01-26,6:00p,,Orlando Magic,W,,100,92,18,25,W 2
2014,NOP,2014-01-28,7:00p,@,Cleveland Cavaliers,W,,100,89,19,25,W 3
2014,NOP,2014-01-29,8:00p,@,Minnesota Timberwolves,L,,77,88,19,26,L 1
2014,NOP,2014-02-01,8:00p,,Chicago Bulls,W,,88,79,20,26,W 1
2014,NOP,2014-02-03,8:00p,,San Antonio Spurs,L,,95,102,20,27,L 1
2014,NOP,2014-02-05,8:00p,,Atlanta Hawks,W,,105,100,21,27,W 1
2014,NOP,2014-02-07,9:30p,,Minnesota Timberwolves,W,,98,91,22,27,W 2
2014,NOP,2014-02-09,6:00p,@,Brooklyn Nets,L,,81,93,22,28,L 1
2014,NOP,2014-02-10,7:00p,@,Toronto Raptors,L,,101,108,22,29,L 2
2014,NOP,2014-02-12,8:00p,@,Milwaukee Bucks,W,,102,98,23,29,W 1
2014,NOP,2014-02-19,8:00p,,New York Knicks,L,,91,98,23,30,L 1
2014,NOP,2014-02-21,7:00p,@,Charlotte Bobcats,L,,87,90,23,31,L 2
2014,NOP,2014-02-22,7:00p,@,Washington Wizards,L,,93,94,23,32,L 3
2014,NOP,2014-02-24,8:00p,,Los Angeles Clippers,L,,110,123,23,33,L 4
2014,NOP,2014-02-26,8:00p,@,Dallas Mavericks,L,,89,108,23,34,L 5
2014,NOP,2014-02-28,10:30p,@,Phoenix Suns,L,,104,116,23,35,L 6
2014,NOP,2014-03-01,10:30p,@,Los Angeles Clippers,L,,76,108,23,36,L 7
2014,NOP,2014-03-03,10:00p,@,Sacramento Kings,L,,89,96,23,37,L 8
2014,NOP,2014-03-04,10:30p,@,Los Angeles Lakers,W,,132,125,24,37,W 1
2014,NOP,2014-03-07,8:00p,,Milwaukee Bucks,W,,112,104,25,37,W 2
2014,NOP,2014-03-09,6:00p,,Denver Nuggets,W,OT,111,107,26,37,W 3
2014,NOP,2014-03-12,8:00p,,Memphis Grizzlies,L,,88,90,26,38,L 1
2014,NOP,2014-03-14,8:00p,,Portland Trail Blazers,L,,103,111,26,39,L 2
2014,NOP,2014-03-16,6:00p,,Boston Celtics,W,OT,121,120,27,39,W 1
2014,NOP,2014-03-19,8:00p,,Toronto Raptors,L,,100,107,27,40,L 1
2014,NOP,2014-03-21,7:30p,@,Atlanta Hawks,W,,111,105,28,40,W 1
2014,NOP,2014-03-22,8:00p,,Miami Heat,W,,105,95,29,40,W 2
2014,NOP,2014-03-24,8:00p,,Brooklyn Nets,W,OT,109,104,30,40,W 3
2014,NOP,2014-03-26,8:00p,,Los Angeles Clippers,W,,98,96,31,40,W 4
2014,NOP,2014-03-28,8:00p,,Utah Jazz,W,,102,95,32,40,W 5
2014,NOP,2014-03-29,8:30p,@,San Antonio Spurs,L,,80,96,32,41,L 1
2014,NOP,2014-03-31,8:00p,,Sacramento Kings,L,,97,102,32,42,L 2
2014,NOP,2014-04-02,9:00p,@,Denver Nuggets,L,,107,137,32,43,L 3
2014,NOP,2014-04-04,9:00p,@,Utah Jazz,L,,96,100,32,44,L 4
2014,NOP,2014-04-06,9:00p,@,Portland Trail Blazers,L,,94,100,32,45,L 5
2014,NOP,2014-04-09,8:00p,,Phoenix Suns,L,,88,94,32,46,L 6
2014,NOP,2014-04-11,8:00p,@,Oklahoma City Thunder,L,,94,116,32,47,L 7
2014,NOP,2014-04-12,8:00p,@,Houston Rockets,L,,104,111,32,48,L 8
2014,NOP,2014-04-14,8:00p,,Oklahoma City Thunder,W,,101,89,33,48,W 1
2014,NOP,2014-04-16,8:00p,,Houston Rockets,W,,105,100,34,48,W 2
2014,NYK,2013-10-30,7:30p,,Milwaukee Bucks,W,,90,83,1,0,W 1
2014,NYK,2013-10-31,8:00p,@,Chicago Bulls,L,,81,82,1,1,L 1
2014,NYK,2013-11-03,7:30p,,Minnesota Timberwolves,L,,100,109,1,2,L 2
2014,NYK,2013-11-05,7:30p,,Charlotte Bobcats,L,,97,102,1,3,L 3
2014,NYK,2013-11-08,7:00p,@,Charlotte Bobcats,W,,101,91,2,3,W 1
2014,NYK,2013-11-10,12:00p,,San Antonio Spurs,L,,89,120,2,4,L 1
2014,NYK,2013-11-13,8:00p,@,Atlanta Hawks,W,,95,91,3,4,W 1
2014,NYK,2013-11-14,8:00p,,Houston Rockets,L,,106,109,3,5,L 1
2014,NYK,2013-11-16,7:30p,,Atlanta Hawks,L,,90,110,3,6,L 2
2014,NYK,2013-11-19,7:30p,@,Detroit Pistons,L,,86,92,3,7,L 3
2014,NYK,2013-11-20,7:00p,,Indiana Pacers,L,OT,96,103,3,8,L 4
2014,NYK,2013-11-23,7:00p,@,Washington Wizards,L,,89,98,3,9,L 5
2014,NYK,2013-11-25,10:00p,@,Portland Trail Blazers,L,,91,102,3,10,L 6
2014,NYK,2013-11-27,10:30p,@,Los Angeles Clippers,L,,80,93,3,11,L 7
2014,NYK,2013-11-29,9:00p,@,Denver Nuggets,L,,95,97,3,12,L 8
2014,NYK,2013-12-01,7:30p,,New Orleans Pelicans,L,,99,103,3,13,L 9
2014,NYK,2013-12-05,7:00p,@,Brooklyn Nets,W,,113,83,4,13,W 1
2014,NYK,2013-12-06,7:30p,,Orlando Magic,W,,121,83,5,13,W 2
2014,NYK,2013-12-08,12:00p,,Boston Celtics,L,,73,114,5,14,L 1
2014,NYK,2013-12-10,7:00p,@,Cleveland Cavaliers,L,,94,109,5,15,L 2
2014,NYK,2013-12-11,8:00p,,Chicago Bulls,W,,83,78,6,15,W 1
2014,NYK,2013-12-13,7:30p,@,Boston Celtics,L,,86,90,6,16,L 1
2014,NYK,2013-12-14,7:30p,,Atlanta Hawks,W,,111,106,7,16,W 1
2014,NYK,2013-12-16,7:30p,,Washington Wizards,L,,101,102,7,17,L 1
2014,NYK,2013-12-18,8:00p,@,Milwaukee Bucks,W,2OT,107,101,8,17,W 1
2014,NYK,2013-12-21,12:00p,,Memphis Grizzlies,L,,87,95,8,18,L 1
2014,NYK,2013-12-23,7:00p,@,Orlando Magic,W,,103,98,9,18,W 1
2014,NYK,2013-12-25,2:30p,,Oklahoma City Thunder,L,,94,123,9,19,L 1
2014,NYK,2013-12-27,7:30p,,Toronto Raptors,L,,83,95,9,20,L 2
2014,NYK,2013-12-28,7:00p,@,Toronto Raptors,L,,100,115,9,21,L 3
2014,NYK,2014-01-02,8:30p,@,San Antonio Spurs,W,,105,101,10,21,W 1
2014,NYK,2014-01-03,8:00p,@,Houston Rockets,L,,100,102,10,22,L 1
2014,NYK,2014-01-05,7:30p,@,Dallas Mavericks,W,,92,80,11,22,W 1
2014,NYK,2014-01-07,7:30p,,Detroit Pistons,W,,89,85,12,22,W 2
2014,NYK,2014-01-09,8:00p,,Miami Heat,W,,102,92,13,22,W 3
2014,NYK,2014-01-11,7:30p,@,Philadelphia 76ers,W,,102,92,14,22,W 4
2014,NYK,2014-01-13,7:30p,,Phoenix Suns,W,OT,98,96,15,22,W 5
2014,NYK,2014-01-14,7:00p,@,Charlotte Bobcats,L,,98,108,15,23,L 1
2014,NYK,2014-01-16,7:00p,@,Indiana Pacers,L,,89,117,15,24,L 2
2014,NYK,2014-01-17,7:00p,,Los Angeles Clippers,L,,95,109,15,25,L 3
2014,NYK,2014-01-20,2:30p,,Brooklyn Nets,L,,80,103,15,26,L 4
2014,NYK,2014-01-22,7:30p,,Philadelphia 76ers,L,,106,110,15,27,L 5
2014,NYK,2014-01-24,7:30p,,Charlotte Bobcats,W,,125,96,16,27,W 1
2014,NYK,2014-01-26,3:30p,,Los Angeles Lakers,W,,110,103,17,27,W 2
2014,NYK,2014-01-28,7:30p,,Boston Celtics,W,,114,88,18,27,W 3
2014,NYK,2014-01-30,8:00p,,Cleveland Cavaliers,W,,117,86,19,27,W 4
2014,NYK,2014-02-01,8:30p,,Miami Heat,L,,91,106,19,28,L 1
2014,NYK,2014-02-03,8:00p,@,Milwaukee Bucks,L,,98,101,19,29,L 2
2014,NYK,2014-02-05,8:00p,,Portland Trail Blazers,L,,90,94,19,30,L 3
2014,NYK,2014-02-07,7:30p,,Denver Nuggets,W,,117,90,20,30,W 1
2014,NYK,2014-02-09,1:00p,@,Oklahoma City Thunder,L,,100,112,20,31,L 1
2014,NYK,2014-02-12,7:30p,,Sacramento Kings,L,OT,101,106,20,32,L 2
2014,NYK,2014-02-18,8:00p,@,Memphis Grizzlies,L,,93,98,20,33,L 3
2014,NYK,2014-02-19,8:00p,@,New Orleans Pelicans,W,,98,91,21,33,W 1
2014,NYK,2014-02-21,7:00p,@,Orlando Magic,L,2OT,121,129,21,34,L 1
2014,NYK,2014-02-22,7:30p,@,Atlanta Hawks,L,,98,107,21,35,L 2
2014,NYK,2014-02-24,7:30p,,Dallas Mavericks,L,,108,110,21,36,L 3
2014,NYK,2014-02-27,8:00p,@,Miami Heat,L,,82,108,21,37,L 4
2014,NYK,2014-02-28,8:00p,,Golden State Warriors,L,,103,126,21,38,L 5
2014,NYK,2014-03-02,1:00p,@,Chicago Bulls,L,,90,109,21,39,L 6
2014,NYK,2014-03-03,7:30p,@,Detroit Pistons,L,,85,96,21,40,L 7
2014,NYK,2014-03-05,8:00p,@,Minnesota Timberwolves,W,,118,106,22,40,W 1
2014,NYK,2014-03-07,7:30p,,Utah Jazz,W,,108,81,23,40,W 2
2014,NYK,2014-03-08,7:30p,@,Cleveland Cavaliers,W,,107,97,24,40,W 3
2014,NYK,2014-03-10,7:30p,,Philadelphia 76ers,W,,123,110,25,40,W 4
2014,NYK,2014-03-12,7:30p,@,Boston Celtics,W,,116,92,26,40,W 5
2014,NYK,2014-03-15,12:00p,,Milwaukee Bucks,W,,115,94,27,40,W 6
2014,NYK,2014-03-19,8:00p,,Indiana Pacers,W,,92,86,28,40,W 7
2014,NYK,2014-03-21,7:00p,@,Philadelphia 76ers,W,,93,92,29,40,W 8
2014,NYK,2014-03-23,7:30p,,Cleveland Cavaliers,L,,100,106,29,41,L 1
2014,NYK,2014-03-25,10:30p,@,Los Angeles Lakers,L,,96,127,29,42,L 2
2014,NYK,2014-03-26,10:00p,@,Sacramento Kings,W,,107,99,30,42,W 1
2014,NYK,2014-03-28,10:00p,@,Phoenix Suns,L,,88,112,30,43,L 1
2014,NYK,2014-03-30,9:00p,@,Golden State Warriors,W,,89,84,31,43,W 1
2014,NYK,2014-03-31,9:00p,@,Utah Jazz,W,,92,83,32,43,W 2
2014,NYK,2014-04-02,7:00p,,Brooklyn Nets,W,,110,81,33,43,W 3
2014,NYK,2014-04-04,7:30p,,Washington Wizards,L,,89,90,33,44,L 1
2014,NYK,2014-04-06,1:00p,@,Miami Heat,L,,91,102,33,45,L 2
2014,NYK,2014-04-11,7:00p,@,Toronto Raptors,W,,108,100,34,45,W 1
2014,NYK,2014-04-13,7:30p,,Chicago Bulls,W,,100,89,35,45,W 2
2014,NYK,2014-04-15,8:00p,@,Brooklyn Nets,W,,109,98,36,45,W 3
2014,NYK,2014-04-16,8:00p,,Toronto Raptors,W,,95,92,37,45,W 4
2014,OKC,2013-10-30,9:00p,@,Utah Jazz,W,,101,98,1,0,W 1
2014,OKC,2013-11-01,8:00p,@,Minnesota Timberwolves,L,,81,100,1,1,L 1
2014,OKC,2013-11-03,7:00p,,Phoenix Suns,W,,103,96,2,1,W 1
2014,OKC,2013-11-06,9:30p,,Dallas Mavericks,W,,107,93,3,1,W 2
2014,OKC,2013-11-08,7:30p,@,Detroit Pistons,W,,119,110,4,1,W 3
2014,OKC,2013-11-10,7:00p,,Washington Wizards,W,OT,106,105,5,1,W 4
2014,OKC,2013-11-13,10:30p,@,Los Angeles Clippers,L,,103,111,5,2,L 1
2014,OKC,2013-11-14,10:30p,@,Golden State Warriors,L,,115,116,5,3,L 2
2014,OKC,2013-11-16,8:30p,@,Milwaukee Bucks,W,,92,79,6,3,W 1
2014,OKC,2013-11-18,8:00p,,Denver Nuggets,W,,115,113,7,3,W 2
2014,OKC,2013-11-21,8:00p,,Los Angeles Clippers,W,,105,91,8,3,W 3
2014,OKC,2013-11-24,7:00p,,Utah Jazz,W,,95,73,9,3,W 4
2014,OKC,2013-11-27,8:00p,,San Antonio Spurs,W,,94,88,10,3,W 5
2014,OKC,2013-11-29,8:00p,,Golden State Warriors,W,OT,113,112,11,3,W 6
2014,OKC,2013-12-01,7:00p,,Minnesota Timberwolves,W,,113,103,12,3,W 7
2014,OKC,2013-12-03,10:00p,@,Sacramento Kings,W,,97,95,13,3,W 8
2014,OKC,2013-12-04,10:00p,@,Portland Trail Blazers,L,,104,111,13,4,L 1
2014,OKC,2013-12-06,8:00p,@,New Orleans Pelicans,W,,109,95,14,4,W 1
2014,OKC,2013-12-08,7:00p,,Indiana Pacers,W,,118,94,15,4,W 2
2014,OKC,2013-12-10,7:30p,@,Atlanta Hawks,W,,101,92,16,4,W 3
2014,OKC,2013-12-11,8:00p,@,Memphis Grizzlies,W,,116,100,17,4,W 4
2014,OKC,2013-12-13,8:00p,,Los Angeles Lakers,W,,122,97,18,4,W 5
2014,OKC,2013-12-15,7:00p,,Orlando Magic,W,,101,98,19,4,W 6
2014,OKC,2013-12-17,9:00p,@,Denver Nuggets,W,,105,93,20,4,W 7
2014,OKC,2013-12-19,8:00p,,Chicago Bulls,W,,107,95,21,4,W 8
2014,OKC,2013-12-21,8:30p,@,San Antonio Spurs,W,,113,100,22,4,W 9
2014,OKC,2013-12-22,7:00p,,Toronto Raptors,L,,98,104,22,5,L 1
2014,OKC,2013-12-25,2:30p,@,New York Knicks,W,,123,94,23,5,W 1
2014,OKC,2013-12-27,7:00p,@,Charlotte Bobcats,W,,89,85,24,5,W 2
2014,OKC,2013-12-29,7:00p,,Houston Rockets,W,,117,86,25,5,W 3
2014,OKC,2013-12-31,8:00p,,Portland Trail Blazers,L,,94,98,25,6,L 1
2014,OKC,2014-01-02,8:00p,,Brooklyn Nets,L,,93,95,25,7,L 2
2014,OKC,2014-01-04,8:00p,@,Minnesota Timberwolves,W,,115,111,26,7,W 1
2014,OKC,2014-01-05,7:00p,,Boston Celtics,W,,119,96,27,7,W 2
2014,OKC,2014-01-07,9:00p,@,Utah Jazz,L,,101,112,27,8,L 1
2014,OKC,2014-01-09,10:30p,@,Denver Nuggets,L,,88,101,27,9,L 2
2014,OKC,2014-01-11,8:00p,,Milwaukee Bucks,W,,101,85,28,9,W 1
2014,OKC,2014-01-14,8:00p,@,Memphis Grizzlies,L,,87,90,28,10,L 1
2014,OKC,2014-01-16,9:30p,@,Houston Rockets,W,,104,92,29,10,W 1
2014,OKC,2014-01-17,9:30p,,Golden State Warriors,W,,127,121,30,10,W 2
2014,OKC,2014-01-19,7:00p,,Sacramento Kings,W,,108,93,31,10,W 3
2014,OKC,2014-01-21,8:00p,,Portland Trail Blazers,W,,105,97,32,10,W 4
2014,OKC,2014-01-22,8:00p,@,San Antonio Spurs,W,,111,105,33,10,W 5
2014,OKC,2014-01-24,7:30p,@,Boston Celtics,W,,101,83,34,10,W 6
2014,OKC,2014-01-25,7:30p,@,Philadelphia 76ers,W,,103,91,35,10,W 7
2014,OKC,2014-01-27,8:00p,,Atlanta Hawks,W,,111,109,36,10,W 8
2014,OKC,2014-01-29,7:00p,@,Miami Heat,W,,112,95,37,10,W 9
2014,OKC,2014-01-31,8:00p,@,Brooklyn Nets,W,,120,95,38,10,W 10
2014,OKC,2014-02-01,7:00p,@,Washington Wizards,L,,81,96,38,11,L 1
2014,OKC,2014-02-03,8:00p,,Memphis Grizzlies,W,,86,77,39,11,W 1
2014,OKC,2014-02-05,8:00p,,Minnesota Timberwolves,W,,106,97,40,11,W 2
2014,OKC,2014-02-07,7:00p,@,Orlando Magic,L,,102,103,40,12,L 1
2014,OKC,2014-02-09,1:00p,,New York Knicks,W,,112,100,41,12,W 1
2014,OKC,2014-02-11,10:00p,@,Portland Trail Blazers,W,,98,95,42,12,W 2
2014,OKC,2014-02-13,10:30p,@,Los Angeles Lakers,W,,107,103,43,12,W 3
2014,OKC,2014-02-20,8:00p,,Miami Heat,L,,81,103,43,13,L 1
2014,OKC,2014-02-23,1:00p,,Los Angeles Clippers,L,,117,125,43,14,L 2
2014,OKC,2014-02-26,8:00p,,Cleveland Cavaliers,L,,104,114,43,15,L 3
2014,OKC,2014-02-28,8:00p,,Memphis Grizzlies,W,,113,107,44,15,W 1
2014,OKC,2014-03-02,7:00p,,Charlotte Bobcats,W,,116,99,45,15,W 2
2014,OKC,2014-03-04,8:00p,,Philadelphia 76ers,W,,125,92,46,15,W 3
2014,OKC,2014-03-06,9:00p,@,Phoenix Suns,L,,122,128,46,16,L 1
2014,OKC,2014-03-09,3:30p,@,Los Angeles Lakers,L,,110,114,46,17,L 2
2014,OKC,2014-03-11,8:00p,,Houston Rockets,W,,106,98,47,17,W 1
2014,OKC,2014-03-13,9:30p,,Los Angeles Lakers,W,,131,102,48,17,W 2
2014,OKC,2014-03-16,7:00p,,Dallas Mavericks,L,,86,109,48,18,L 1
2014,OKC,2014-03-17,8:00p,@,Chicago Bulls,W,,97,85,49,18,W 1
2014,OKC,2014-03-20,7:00p,@,Cleveland Cavaliers,W,,102,95,50,18,W 2
2014,OKC,2014-03-21,7:00p,@,Toronto Raptors,W,2OT,119,118,51,18,W 3
2014,OKC,2014-03-24,8:00p,,Denver Nuggets,W,,117,96,52,18,W 4
2014,OKC,2014-03-25,8:00p,@,Dallas Mavericks,L,OT,119,128,52,19,L 1
2014,OKC,2014-03-28,8:00p,,Sacramento Kings,W,,94,81,53,19,W 1
2014,OKC,2014-03-30,3:00p,,Utah Jazz,W,,116,96,54,19,W 2
2014,OKC,2014-04-03,8:00p,,San Antonio Spurs,W,,106,94,55,19,W 3
2014,OKC,2014-04-04,9:30p,@,Houston Rockets,L,,107,111,55,20,L 1
2014,OKC,2014-04-06,9:00p,@,Phoenix Suns,L,,115,122,55,21,L 2
2014,OKC,2014-04-08,10:00p,@,Sacramento Kings,W,,107,92,56,21,W 1
2014,OKC,2014-04-09,10:30p,@,Los Angeles Clippers,W,,107,101,57,21,W 2
2014,OKC,2014-04-11,8:00p,,New Orleans Pelicans,W,,116,94,58,21,W 3
2014,OKC,2014-04-13,1:00p,@,Indiana Pacers,L,,97,102,58,22,L 1
2014,OKC,2014-04-14,8:00p,@,New Orleans Pelicans,L,,89,101,58,23,L 2
2014,OKC,2014-04-16,8:00p,,Detroit Pistons,W,,112,111,59,23,W 1
2014,OKC,2014-04-19,9:43p,,Memphis Grizzlies,W,,100,86,1,0,W 1
2014,OKC,2014-04-21,8:00p,,Memphis Grizzlies,L,OT,105,111,1,1,L 1
2014,OKC,2014-04-24,8:00p,@,Memphis Grizzlies,L,OT,95,98,1,2,L 2
2014,OKC,2014-04-26,9:30p,@,Memphis Grizzlies,W,OT,92,89,2,2,W 1
2014,OKC,2014-04-29,9:00p,,Memphis Grizzlies,L,OT,99,100,2,3,L 1
2014,OKC,2014-05-01,8:00p,@,Memphis Grizzlies,W,,104,84,3,3,W 1
2014,OKC,2014-05-03,8:00p,,Memphis Grizzlies,W,,120,109,4,3,W 2
2014,OKC,2014-05-05,9:42p,,Los Angeles Clippers,L,,105,122,4,4,L 1
2014,OKC,2014-05-07,9:30p,,Los Angeles Clippers,W,,112,101,5,4,W 1
2014,OKC,2014-05-09,10:30p,@,Los Angeles Clippers,W,,118,112,6,4,W 2
2014,OKC,2014-05-11,3:30p,@,Los Angeles Clippers,L,,99,101,6,5,L 1
2014,OKC,2014-05-13,9:30p,,Los Angeles Clippers,W,,105,104,7,5,W 1
2014,OKC,2014-05-15,10:30p,@,Los Angeles Clippers,W,,104,98,8,5,W 2
2014,OKC,2014-05-19,9:00p,@,San Antonio Spurs,L,,105,122,8,6,L 1
2014,OKC,2014-05-21,9:00p,@,San Antonio Spurs,L,,77,112,8,7,L 2
2014,OKC,2014-05-25,8:30p,,San Antonio Spurs,W,,106,97,9,7,W 1
2014,OKC,2014-05-27,9:00p,,San Antonio Spurs,W,,105,92,10,7,W 2
2014,OKC,2014-05-29,9:00p,@,San Antonio Spurs,L,,89,117,10,8,L 1
2014,OKC,2014-05-31,8:30p,,San Antonio Spurs,L,OT,107,112,10,9,L 2
2014,ORL,2013-10-29,7:00p,@,Indiana Pacers,L,,87,97,0,1,L 1
2014,ORL,2013-10-30,8:00p,@,Minnesota Timberwolves,L,OT,115,120,0,2,L 2
2014,ORL,2013-11-01,7:00p,,New Orleans Pelicans,W,,110,90,1,2,W 1
2014,ORL,2013-11-03,6:00p,,Brooklyn Nets,W,,107,86,2,2,W 2
2014,ORL,2013-11-06,7:00p,,Los Angeles Clippers,W,,98,90,3,2,W 3
2014,ORL,2013-11-08,7:00p,,Boston Celtics,L,,89,91,3,3,L 1
2014,ORL,2013-11-09,7:30p,@,Atlanta Hawks,L,,94,104,3,4,L 2
2014,ORL,2013-11-11,7:30p,@,Boston Celtics,L,,105,120,3,5,L 3
2014,ORL,2013-11-13,7:00p,,Milwaukee Bucks,W,,94,91,4,5,W 1
2014,ORL,2013-11-16,7:00p,,Dallas Mavericks,L,,100,108,4,6,L 1
2014,ORL,2013-11-20,7:00p,,Miami Heat,L,,92,120,4,7,L 2
2014,ORL,2013-11-23,7:30p,@,Miami Heat,L,,99,101,4,8,L 3
2014,ORL,2013-11-24,6:00p,,Phoenix Suns,L,,96,104,4,9,L 4
2014,ORL,2013-11-26,7:30p,@,Atlanta Hawks,W,,109,92,5,9,W 1
2014,ORL,2013-11-27,7:00p,,Philadelphia 76ers,W,,105,94,6,9,W 2
2014,ORL,2013-11-29,7:00p,,San Antonio Spurs,L,,91,109,6,10,L 1
2014,ORL,2013-12-02,7:00p,@,Washington Wizards,L,,80,98,6,11,L 2
2014,ORL,2013-12-03,7:00p,@,Philadelphia 76ers,L,2OT,125,126,6,12,L 3
2014,ORL,2013-12-06,7:30p,@,New York Knicks,L,,83,121,6,13,L 4
2014,ORL,2013-12-08,7:00p,@,Houston Rockets,L,,88,98,6,14,L 5
2014,ORL,2013-12-09,8:00p,@,Memphis Grizzlies,L,,85,94,6,15,L 6
2014,ORL,2013-12-11,7:00p,@,Charlotte Bobcats,W,,92,83,7,15,W 1
2014,ORL,2013-12-13,7:00p,,Cleveland Cavaliers,L,,100,109,7,16,L 1
2014,ORL,2013-12-15,7:00p,@,Oklahoma City Thunder,L,,98,101,7,17,L 2
2014,ORL,2013-12-16,8:00p,@,Chicago Bulls,W,,83,82,8,17,W 1
2014,ORL,2013-12-18,7:00p,,Utah Jazz,L,,82,86,8,18,L 1
2014,ORL,2013-12-21,7:00p,,Sacramento Kings,L,,100,105,8,19,L 2
2014,ORL,2013-12-23,7:00p,,New York Knicks,L,,98,103,8,20,L 3
2014,ORL,2013-12-27,7:00p,,Detroit Pistons,W,,109,92,9,20,W 1
2014,ORL,2013-12-29,6:00p,,Atlanta Hawks,W,,109,102,10,20,W 2
2014,ORL,2013-12-31,5:00p,,Golden State Warriors,L,,81,94,10,21,L 1
2014,ORL,2014-01-02,7:00p,@,Cleveland Cavaliers,L,OT,81,87,10,22,L 2
2014,ORL,2014-01-04,7:00p,,Miami Heat,L,,94,110,10,23,L 3
2014,ORL,2014-01-06,10:30p,@,Los Angeles Clippers,L,,81,101,10,24,L 4
2014,ORL,2014-01-08,10:00p,@,Portland Trail Blazers,L,,94,110,10,25,L 5
2014,ORL,2014-01-10,10:00p,@,Sacramento Kings,L,,83,103,10,26,L 6
2014,ORL,2014-01-11,9:00p,@,Denver Nuggets,L,,94,120,10,27,L 7
2014,ORL,2014-01-13,8:30p,@,Dallas Mavericks,L,,88,107,10,28,L 8
2014,ORL,2014-01-15,7:00p,,Chicago Bulls,L,3OT,125,128,10,29,L 9
2014,ORL,2014-01-17,7:00p,,Charlotte Bobcats,L,,101,111,10,30,L 10
2014,ORL,2014-01-19,6:00p,,Boston Celtics,W,,93,91,11,30,W 1
2014,ORL,2014-01-21,7:30p,@,Brooklyn Nets,L,,90,101,11,31,L 1
2014,ORL,2014-01-22,7:00p,,Atlanta Hawks,L,,109,112,11,32,L 2
2014,ORL,2014-01-24,7:00p,,Los Angeles Lakers,W,,114,105,12,32,W 1
2014,ORL,2014-01-26,6:00p,@,New Orleans Pelicans,L,,92,100,12,33,L 1
2014,ORL,2014-01-28,7:30p,@,Detroit Pistons,L,,87,103,12,34,L 2
2014,ORL,2014-01-29,7:00p,@,Toronto Raptors,L,,83,98,12,35,L 3
2014,ORL,2014-01-31,7:00p,,Milwaukee Bucks,W,,113,102,13,35,W 1
2014,ORL,2014-02-02,1:00p,@,Boston Celtics,L,,89,96,13,36,L 1
2014,ORL,2014-02-03,7:00p,@,Indiana Pacers,L,,79,98,13,37,L 2
2014,ORL,2014-02-05,7:00p,,Detroit Pistons,W,,112,98,14,37,W 1
2014,ORL,2014-02-07,7:00p,,Oklahoma City Thunder,W,,103,102,15,37,W 2
2014,ORL,2014-02-09,6:00p,,Indiana Pacers,W,,93,92,16,37,W 3
2014,ORL,2014-02-12,7:00p,,Memphis Grizzlies,L,,81,86,16,38,L 1
2014,ORL,2014-02-18,8:00p,@,Milwaukee Bucks,L,,100,104,16,39,L 2
2014,ORL,2014-02-19,7:00p,@,Cleveland Cavaliers,L,,93,101,16,40,L 3
2014,ORL,2014-02-21,7:00p,,New York Knicks,W,2OT,129,121,17,40,W 1
2014,ORL,2014-02-23,6:00p,@,Toronto Raptors,L,,90,105,17,41,L 1
2014,ORL,2014-02-25,7:00p,@,Washington Wizards,L,,106,115,17,42,L 2
2014,ORL,2014-02-26,7:00p,@,Philadelphia 76ers,W,,101,90,18,42,W 1
2014,ORL,2014-03-01,7:30p,@,Miami Heat,L,,98,112,18,43,L 1
2014,ORL,2014-03-02,6:00p,,Philadelphia 76ers,W,,92,81,19,43,W 1
2014,ORL,2014-03-05,7:00p,,Houston Rockets,L,,89,101,19,44,L 1
2014,ORL,2014-03-08,8:30p,@,San Antonio Spurs,L,,112,121,19,45,L 2
2014,ORL,2014-03-10,8:00p,@,Milwaukee Bucks,L,,98,105,19,46,L 3
2014,ORL,2014-03-12,7:00p,,Denver Nuggets,L,,112,120,19,47,L 4
2014,ORL,2014-03-14,7:00p,,Washington Wizards,L,OT,101,105,19,48,L 5
2014,ORL,2014-03-18,10:30p,@,Golden State Warriors,L,,89,103,19,49,L 6
2014,ORL,2014-03-19,10:00p,@,Phoenix Suns,L,,93,109,19,50,L 7
2014,ORL,2014-03-22,9:00p,@,Utah Jazz,L,,88,89,19,51,L 8
2014,ORL,2014-03-23,9:30p,@,Los Angeles Lakers,L,,94,103,19,52,L 9
2014,ORL,2014-03-25,7:00p,,Portland Trail Blazers,W,,95,85,20,52,W 1
2014,ORL,2014-03-28,7:00p,,Charlotte Bobcats,W,OT,110,105,21,52,W 2
2014,ORL,2014-03-30,6:00p,,Toronto Raptors,L,,93,98,21,53,L 1
2014,ORL,2014-04-02,7:00p,,Cleveland Cavaliers,L,,98,119,21,54,L 2
2014,ORL,2014-04-04,7:00p,@,Charlotte Bobcats,L,,80,91,21,55,L 3
2014,ORL,2014-04-05,7:00p,,Minnesota Timberwolves,W,,100,92,22,55,W 1
2014,ORL,2014-04-09,7:00p,,Brooklyn Nets,W,,115,111,23,55,W 2
2014,ORL,2014-04-11,7:00p,,Washington Wizards,L,,86,96,23,56,L 1
2014,ORL,2014-04-13,6:00p,@,Brooklyn Nets,L,,88,97,23,57,L 2
2014,ORL,2014-04-14,8:00p,@,Chicago Bulls,L,,95,108,23,58,L 3
2014,ORL,2014-04-16,7:00p,,Indiana Pacers,L,,86,101,23,59,L 4
2014,PHI,2013-10-30,7:00p,,Miami Heat,W,,114,110,1,0,W 1
2014,PHI,2013-11-01,7:00p,@,Washington Wizards,W,,109,102,2,0,W 2
2014,PHI,2013-11-02,7:30p,,Chicago Bulls,W,,107,104,3,0,W 3
2014,PHI,2013-11-04,7:00p,,Golden State Warriors,L,,90,110,3,1,L 1
2014,PHI,2013-11-06,7:00p,,Washington Wizards,L,,102,116,3,2,L 2
2014,PHI,2013-11-08,7:00p,,Cleveland Cavaliers,W,,94,79,4,2,W 1
2014,PHI,2013-11-09,7:30p,@,Cleveland Cavaliers,L,2OT,125,127,4,3,L 1
2014,PHI,2013-11-11,7:00p,,San Antonio Spurs,L,,85,109,4,4,L 2
2014,PHI,2013-11-13,7:00p,,Houston Rockets,W,OT,123,117,5,4,W 1
2014,PHI,2013-11-15,7:30p,@,Atlanta Hawks,L,,103,113,5,5,L 1
2014,PHI,2013-11-16,8:00p,@,New Orleans Pelicans,L,,98,135,5,6,L 2
2014,PHI,2013-11-18,8:30p,@,Dallas Mavericks,L,,94,97,5,7,L 3
2014,PHI,2013-11-20,7:00p,,Toronto Raptors,L,,98,108,5,8,L 4
2014,PHI,2013-11-22,7:00p,,Milwaukee Bucks,W,OT,115,107,6,8,W 1
2014,PHI,2013-11-23,7:00p,@,Indiana Pacers,L,,98,106,6,9,L 1
2014,PHI,2013-11-27,7:00p,@,Orlando Magic,L,,94,105,6,10,L 2
2014,PHI,2013-11-29,8:00p,,New Orleans Pelicans,L,,105,121,6,11,L 3
2014,PHI,2013-12-01,3:30p,@,Detroit Pistons,L,,100,115,6,12,L 4
2014,PHI,2013-12-03,7:00p,,Orlando Magic,W,2OT,126,125,7,12,W 1
2014,PHI,2013-12-06,7:00p,@,Charlotte Bobcats,L,,88,105,7,13,L 1
2014,PHI,2013-12-07,7:00p,,Denver Nuggets,L,,92,103,7,14,L 2
2014,PHI,2013-12-09,7:00p,,Los Angeles Clippers,L,,83,94,7,15,L 3
2014,PHI,2013-12-11,8:00p,@,Minnesota Timberwolves,L,,99,106,7,16,L 4
2014,PHI,2013-12-13,7:00p,@,Toronto Raptors,L,,100,108,7,17,L 5
2014,PHI,2013-12-14,8:00p,,Portland Trail Blazers,L,,105,139,7,18,L 6
2014,PHI,2013-12-16,7:30p,@,Brooklyn Nets,L,,94,130,7,19,L 7
2014,PHI,2013-12-20,7:00p,,Brooklyn Nets,W,OT,121,120,8,19,W 1
2014,PHI,2013-12-21,8:30p,@,Milwaukee Bucks,L,,106,116,8,20,L 1
2014,PHI,2013-12-28,9:00p,@,Phoenix Suns,L,,101,115,8,21,L 2
2014,PHI,2013-12-29,9:30p,@,Los Angeles Lakers,W,,111,104,9,21,W 1
2014,PHI,2014-01-01,9:00p,@,Denver Nuggets,W,,114,102,10,21,W 2
2014,PHI,2014-01-02,10:00p,@,Sacramento Kings,W,,113,104,11,21,W 3
2014,PHI,2014-01-04,10:00p,@,Portland Trail Blazers,W,,101,99,12,21,W 4
2014,PHI,2014-01-06,7:00p,,Minnesota Timberwolves,L,,95,126,12,22,L 1
2014,PHI,2014-01-07,7:00p,@,Cleveland Cavaliers,L,,93,111,12,23,L 2
2014,PHI,2014-01-10,7:00p,,Detroit Pistons,L,,104,114,12,24,L 3
2014,PHI,2014-01-11,7:30p,,New York Knicks,L,,92,102,12,25,L 4
2014,PHI,2014-01-15,7:00p,,Charlotte Bobcats,W,,95,92,13,25,W 1
2014,PHI,2014-01-17,7:00p,,Miami Heat,L,,86,101,13,26,L 1
2014,PHI,2014-01-18,8:00p,@,Chicago Bulls,L,,78,103,13,27,L 2
2014,PHI,2014-01-20,2:00p,@,Washington Wizards,L,,99,107,13,28,L 3
2014,PHI,2014-01-22,7:30p,@,New York Knicks,W,,110,106,14,28,W 1
2014,PHI,2014-01-24,7:00p,,Toronto Raptors,L,,95,104,14,29,L 1
2014,PHI,2014-01-25,7:30p,,Oklahoma City Thunder,L,,91,103,14,30,L 2
2014,PHI,2014-01-27,7:00p,,Phoenix Suns,L,,113,124,14,31,L 3
2014,PHI,2014-01-29,7:30p,@,Boston Celtics,W,,95,94,15,31,W 1
2014,PHI,2014-01-31,7:30p,,Atlanta Hawks,L,,99,125,15,32,L 1
2014,PHI,2014-02-01,7:30p,@,Detroit Pistons,L,,96,113,15,33,L 2
2014,PHI,2014-02-03,7:30p,@,Brooklyn Nets,L,,102,108,15,34,L 3
2014,PHI,2014-02-05,7:00p,,Boston Celtics,L,,108,114,15,35,L 4
2014,PHI,2014-02-07,7:00p,,Los Angeles Lakers,L,,98,112,15,36,L 5
2014,PHI,2014-02-09,9:30p,@,Los Angeles Clippers,L,,78,123,15,37,L 6
2014,PHI,2014-02-10,10:30p,@,Golden State Warriors,L,,80,123,15,38,L 7
2014,PHI,2014-02-12,9:00p,@,Utah Jazz,L,,100,105,15,39,L 8
2014,PHI,2014-02-18,7:00p,,Cleveland Cavaliers,L,,85,114,15,40,L 9
2014,PHI,2014-02-21,7:00p,,Dallas Mavericks,L,,112,124,15,41,L 10
2014,PHI,2014-02-24,7:00p,,Milwaukee Bucks,L,,110,130,15,42,L 11
2014,PHI,2014-02-26,7:00p,,Orlando Magic,L,,90,101,15,43,L 12
2014,PHI,2014-03-01,7:30p,,Washington Wizards,L,,103,122,15,44,L 13
2014,PHI,2014-03-02,6:00p,@,Orlando Magic,L,,81,92,15,45,L 14
2014,PHI,2014-03-04,8:00p,@,Oklahoma City Thunder,L,,92,125,15,46,L 15
2014,PHI,2014-03-08,7:30p,,Utah Jazz,L,,92,104,15,47,L 16
2014,PHI,2014-03-10,7:30p,@,New York Knicks,L,,110,123,15,48,L 17
2014,PHI,2014-03-12,7:00p,,Sacramento Kings,L,,98,115,15,49,L 18
2014,PHI,2014-03-14,7:00p,,Indiana Pacers,L,,94,101,15,50,L 19
2014,PHI,2014-03-15,7:30p,,Memphis Grizzlies,L,,77,103,15,51,L 20
2014,PHI,2014-03-17,7:00p,@,Indiana Pacers,L,,90,99,15,52,L 21
2014,PHI,2014-03-19,7:00p,,Chicago Bulls,L,,94,102,15,53,L 22
2014,PHI,2014-03-21,7:00p,,New York Knicks,L,,92,93,15,54,L 23
2014,PHI,2014-03-22,8:00p,@,Chicago Bulls,L,,81,91,15,55,L 24
2014,PHI,2014-03-24,8:30p,@,San Antonio Spurs,L,,91,113,15,56,L 25
2014,PHI,2014-03-27,8:00p,@,Houston Rockets,L,,98,120,15,57,L 26
2014,PHI,2014-03-29,7:30p,,Detroit Pistons,W,,123,98,16,57,W 1
2014,PHI,2014-03-31,7:30p,@,Atlanta Hawks,L,,95,103,16,58,L 1
2014,PHI,2014-04-02,7:00p,,Charlotte Bobcats,L,,93,123,16,59,L 2
2014,PHI,2014-04-04,7:30p,@,Boston Celtics,W,,111,102,17,59,W 1
2014,PHI,2014-04-05,7:30p,,Brooklyn Nets,L,,101,105,17,60,L 1
2014,PHI,2014-04-09,7:00p,@,Toronto Raptors,L,,114,125,17,61,L 2
2014,PHI,2014-04-11,8:00p,@,Memphis Grizzlies,L,,95,117,17,62,L 3
2014,PHI,2014-04-12,7:00p,@,Charlotte Bobcats,L,,105,111,17,63,L 4
2014,PHI,2014-04-14,7:00p,,Boston Celtics,W,,113,108,18,63,W 1
2014,PHI,2014-04-16,8:00p,@,Miami Heat,W,,100,87,19,63,W 2
2014,PHO,2013-10-30,10:00p,,Portland Trail Blazers,W,,104,91,1,0,W 1
2014,PHO,2013-11-01,10:00p,,Utah Jazz,W,,87,84,2,0,W 2
2014,PHO,2013-11-03,7:00p,@,Oklahoma City Thunder,L,,96,103,2,1,L 1
2014,PHO,2013-11-05,8:00p,@,New Orleans Pelicans,W,,104,98,3,1,W 1
2014,PHO,2013-11-06,8:30p,@,San Antonio Spurs,L,,96,99,3,2,L 1
2014,PHO,2013-11-08,9:00p,,Denver Nuggets,W,,114,103,4,2,W 1
2014,PHO,2013-11-10,8:00p,,New Orleans Pelicans,W,,101,94,5,2,W 2
2014,PHO,2013-11-13,10:00p,@,Portland Trail Blazers,L,,89,90,5,3,L 1
2014,PHO,2013-11-15,9:00p,,Brooklyn Nets,L,OT,98,100,5,4,L 2
2014,PHO,2013-11-19,10:00p,@,Sacramento Kings,L,,104,107,5,5,L 3
2014,PHO,2013-11-20,9:00p,,Sacramento Kings,L,,106,113,5,6,L 4
2014,PHO,2013-11-22,7:00p,@,Charlotte Bobcats,W,,98,91,6,6,W 1
2014,PHO,2013-11-24,6:00p,@,Orlando Magic,W,,104,96,7,6,W 2
2014,PHO,2013-11-25,7:30p,@,Miami Heat,L,,92,107,7,7,L 1
2014,PHO,2013-11-27,9:00p,,Portland Trail Blazers,W,,120,106,8,7,W 1
2014,PHO,2013-11-29,9:00p,@,Utah Jazz,W,,112,101,9,7,W 2
2014,PHO,2013-11-30,9:00p,,Utah Jazz,L,,104,112,9,8,L 1
2014,PHO,2013-12-03,8:00p,@,Memphis Grizzlies,L,,91,110,9,9,L 2
2014,PHO,2013-12-04,8:00p,@,Houston Rockets,W,,97,88,10,9,W 1
2014,PHO,2013-12-06,9:00p,,Toronto Raptors,W,,106,97,11,9,W 2
2014,PHO,2013-12-10,10:30p,@,Los Angeles Lakers,W,,114,108,12,9,W 3
2014,PHO,2013-12-13,9:00p,,Sacramento Kings,W,,116,107,13,9,W 4
2014,PHO,2013-12-15,8:00p,,Golden State Warriors,W,,106,102,14,9,W 5
2014,PHO,2013-12-18,9:00p,,San Antonio Spurs,L,,101,108,14,10,L 1
2014,PHO,2013-12-20,9:00p,@,Denver Nuggets,W,,103,99,15,10,W 1
2014,PHO,2013-12-21,9:00p,,Dallas Mavericks,W,,123,108,16,10,W 2
2014,PHO,2013-12-23,9:00p,,Los Angeles Lakers,W,,117,90,17,10,W 3
2014,PHO,2013-12-27,10:30p,@,Golden State Warriors,L,,86,115,17,11,L 1
2014,PHO,2013-12-28,9:00p,,Philadelphia 76ers,W,,115,101,18,11,W 1
2014,PHO,2013-12-30,10:30p,@,Los Angeles Clippers,W,,107,88,19,11,W 2
2014,PHO,2014-01-02,9:00p,,Memphis Grizzlies,L,,91,99,19,12,L 1
2014,PHO,2014-01-04,9:00p,,Milwaukee Bucks,W,,116,100,20,12,W 1
2014,PHO,2014-01-07,8:00p,@,Chicago Bulls,L,,87,92,20,13,L 1
2014,PHO,2014-01-08,9:30p,@,Minnesota Timberwolves,W,,104,103,21,13,W 1
2014,PHO,2014-01-10,8:00p,@,Memphis Grizzlies,L,,99,104,21,14,L 1
2014,PHO,2014-01-11,7:30p,@,Detroit Pistons,L,,108,110,21,15,L 2
2014,PHO,2014-01-13,7:30p,@,New York Knicks,L,OT,96,98,21,16,L 3
2014,PHO,2014-01-15,9:00p,,Los Angeles Lakers,W,,121,114,22,16,W 1
2014,PHO,2014-01-17,9:00p,,Dallas Mavericks,L,,107,110,22,17,L 1
2014,PHO,2014-01-19,8:00p,,Denver Nuggets,W,,117,103,23,17,W 1
2014,PHO,2014-01-22,10:30p,,Indiana Pacers,W,,124,100,24,17,W 2
2014,PHO,2014-01-24,9:00p,,Washington Wizards,L,,95,101,24,18,L 1
2014,PHO,2014-01-26,6:00p,@,Cleveland Cavaliers,W,,99,90,25,18,W 1
2014,PHO,2014-01-27,7:00p,@,Philadelphia 76ers,W,,124,113,26,18,W 2
2014,PHO,2014-01-29,8:00p,@,Milwaukee Bucks,W,,126,117,27,18,W 3
2014,PHO,2014-01-30,7:00p,@,Indiana Pacers,W,,102,94,28,18,W 4
2014,PHO,2014-02-01,9:00p,,Charlotte Bobcats,W,,105,95,29,18,W 5
2014,PHO,2014-02-04,9:00p,,Chicago Bulls,L,,92,101,29,19,L 1
2014,PHO,2014-02-05,8:00p,@,Houston Rockets,L,,108,122,29,20,L 2
2014,PHO,2014-02-08,9:00p,,Golden State Warriors,W,,122,109,30,20,W 1
2014,PHO,2014-02-11,9:00p,,Miami Heat,L,,97,103,30,21,L 1
2014,PHO,2014-02-18,9:00p,@,Denver Nuggets,W,OT,112,107,31,21,W 1
2014,PHO,2014-02-19,9:00p,,Boston Celtics,W,,100,94,32,21,W 2
2014,PHO,2014-02-21,9:00p,,San Antonio Spurs,W,,106,85,33,21,W 3
2014,PHO,2014-02-23,9:00p,,Houston Rockets,L,,112,115,33,22,L 1
2014,PHO,2014-02-25,9:00p,,Minnesota Timberwolves,L,,101,110,33,23,L 2
2014,PHO,2014-02-26,9:00p,@,Utah Jazz,L,,86,109,33,24,L 3
2014,PHO,2014-02-28,10:30p,,New Orleans Pelicans,W,,116,104,34,24,W 1
2014,PHO,2014-03-02,8:00p,,Atlanta Hawks,W,,129,120,35,24,W 2
2014,PHO,2014-03-04,9:00p,,Los Angeles Clippers,L,,96,104,35,25,L 1
2014,PHO,2014-03-06,9:00p,,Oklahoma City Thunder,W,,128,122,36,25,W 1
2014,PHO,2014-03-09,9:00p,@,Golden State Warriors,L,,107,113,36,26,L 1
2014,PHO,2014-03-10,10:30p,@,Los Angeles Clippers,L,,105,112,36,27,L 2
2014,PHO,2014-03-12,10:00p,,Cleveland Cavaliers,L,,101,110,36,28,L 3
2014,PHO,2014-03-14,7:30p,@,Boston Celtics,W,,87,80,37,28,W 1
2014,PHO,2014-03-16,1:00p,@,Toronto Raptors,W,,121,113,38,28,W 2
2014,PHO,2014-03-17,7:30p,@,Brooklyn Nets,L,,95,108,38,29,L 1
2014,PHO,2014-03-19,10:00p,,Orlando Magic,W,,109,93,39,29,W 1
2014,PHO,2014-03-21,10:00p,,Detroit Pistons,W,,98,92,40,29,W 2
2014,PHO,2014-03-23,3:30p,@,Minnesota Timberwolves,W,,127,120,41,29,W 3
2014,PHO,2014-03-24,7:30p,@,Atlanta Hawks,W,,102,95,42,29,W 4
2014,PHO,2014-03-26,7:00p,@,Washington Wizards,W,,99,93,43,29,W 5
2014,PHO,2014-03-28,10:00p,,New York Knicks,W,,112,88,44,29,W 6
2014,PHO,2014-03-30,9:30p,@,Los Angeles Lakers,L,,99,115,44,30,L 1
2014,PHO,2014-04-02,10:00p,,Los Angeles Clippers,L,,108,112,44,31,L 2
2014,PHO,2014-04-04,10:00p,@,Portland Trail Blazers,W,,109,93,45,31,W 1
2014,PHO,2014-04-06,9:00p,,Oklahoma City Thunder,W,,122,115,46,31,W 2
2014,PHO,2014-04-09,8:00p,@,New Orleans Pelicans,W,,94,88,47,31,W 3
2014,PHO,2014-04-11,8:30p,@,San Antonio Spurs,L,,104,112,47,32,L 1
2014,PHO,2014-04-12,8:30p,@,Dallas Mavericks,L,,98,101,47,33,L 2
2014,PHO,2014-04-14,10:00p,,Memphis Grizzlies,L,,91,97,47,34,L 3
2014,PHO,2014-04-16,10:30p,@,Sacramento Kings,W,,104,99,48,34,W 1
2014,POR,2013-10-30,10:00p,@,Phoenix Suns,L,,91,104,0,1,L 1
2014,POR,2013-11-01,9:00p,@,Denver Nuggets,W,,113,98,1,1,W 1
2014,POR,2013-11-02,10:00p,,San Antonio Spurs,W,,115,105,2,1,W 2
2014,POR,2013-11-05,10:00p,,Houston Rockets,L,,101,116,2,2,L 1
2014,POR,2013-11-08,10:00p,,Sacramento Kings,W,,104,91,3,2,W 1
2014,POR,2013-11-09,10:00p,@,Sacramento Kings,W,,96,85,4,2,W 2
2014,POR,2013-11-11,10:00p,,Detroit Pistons,W,,109,103,5,2,W 3
2014,POR,2013-11-13,10:00p,,Phoenix Suns,W,,90,89,6,2,W 4
2014,POR,2013-11-15,7:30p,@,Boston Celtics,W,,109,96,7,2,W 5
2014,POR,2013-11-17,1:00p,@,Toronto Raptors,W,OT,118,110,8,2,W 6
2014,POR,2013-11-18,7:30p,@,Brooklyn Nets,W,,108,98,9,2,W 7
2014,POR,2013-11-20,8:00p,@,Milwaukee Bucks,W,,91,82,10,2,W 8
2014,POR,2013-11-22,10:00p,,Chicago Bulls,W,,98,95,11,2,W 9
2014,POR,2013-11-23,10:30p,@,Golden State Warriors,W,,113,101,12,2,W 10
2014,POR,2013-11-25,10:00p,,New York Knicks,W,,102,91,13,2,W 11
2014,POR,2013-11-27,9:00p,@,Phoenix Suns,L,,106,120,13,3,L 1
2014,POR,2013-12-01,9:30p,@,Los Angeles Lakers,W,,114,108,14,3,W 1
2014,POR,2013-12-02,10:00p,,Indiana Pacers,W,,106,102,15,3,W 2
2014,POR,2013-12-04,10:00p,,Oklahoma City Thunder,W,,111,104,16,3,W 3
2014,POR,2013-12-06,10:00p,,Utah Jazz,W,,130,98,17,3,W 4
2014,POR,2013-12-07,10:00p,,Dallas Mavericks,L,,106,108,17,4,L 1
2014,POR,2013-12-09,9:00p,@,Utah Jazz,W,,105,94,18,4,W 1
2014,POR,2013-12-12,10:30p,,Houston Rockets,W,,111,104,19,4,W 2
2014,POR,2013-12-14,8:00p,@,Philadelphia 76ers,W,,139,105,20,4,W 3
2014,POR,2013-12-15,6:00p,@,Detroit Pistons,W,OT,111,109,21,4,W 4
2014,POR,2013-12-17,7:00p,@,Cleveland Cavaliers,W,,119,116,22,4,W 5
2014,POR,2013-12-18,8:00p,@,Minnesota Timberwolves,L,,109,120,22,5,L 1
2014,POR,2013-12-21,10:00p,,New Orleans Pelicans,W,,110,107,23,5,W 1
2014,POR,2013-12-26,10:30p,,Los Angeles Clippers,W,OT,116,112,24,5,W 2
2014,POR,2013-12-28,10:00p,,Miami Heat,L,,107,108,24,6,L 1
2014,POR,2013-12-30,8:00p,@,New Orleans Pelicans,L,,108,110,24,7,L 2
2014,POR,2013-12-31,8:00p,@,Oklahoma City Thunder,W,,98,94,25,7,W 1
2014,POR,2014-01-02,10:00p,,Charlotte Bobcats,W,,134,104,26,7,W 2
2014,POR,2014-01-04,10:00p,,Philadelphia 76ers,L,,99,101,26,8,L 1
2014,POR,2014-01-07,10:00p,@,Sacramento Kings,L,,119,123,26,9,L 2
2014,POR,2014-01-08,10:00p,,Orlando Magic,W,,110,94,27,9,W 1
2014,POR,2014-01-11,10:00p,,Boston Celtics,W,,112,104,28,9,W 2
2014,POR,2014-01-15,10:00p,,Cleveland Cavaliers,W,,108,96,29,9,W 3
2014,POR,2014-01-17,8:30p,@,San Antonio Spurs,W,,109,100,30,9,W 4
2014,POR,2014-01-18,8:30p,@,Dallas Mavericks,W,,127,111,31,9,W 5
2014,POR,2014-01-20,8:00p,@,Houston Rockets,L,,113,126,31,10,L 1
2014,POR,2014-01-21,8:00p,@,Oklahoma City Thunder,L,,97,105,31,11,L 2
2014,POR,2014-01-23,10:30p,,Denver Nuggets,W,,110,105,32,11,W 1
2014,POR,2014-01-25,10:00p,,Minnesota Timberwolves,W,,115,104,33,11,W 2
2014,POR,2014-01-26,9:00p,@,Golden State Warriors,L,,88,103,33,12,L 1
2014,POR,2014-01-28,10:00p,,Memphis Grizzlies,L,,81,98,33,13,L 2
2014,POR,2014-02-01,10:00p,,Toronto Raptors,W,,106,103,34,13,W 1
2014,POR,2014-02-03,7:00p,@,Washington Wizards,L,,90,100,34,14,L 1
2014,POR,2014-02-05,8:00p,@,New York Knicks,W,,94,90,35,14,W 1
2014,POR,2014-02-07,7:00p,@,Indiana Pacers,L,OT,113,118,35,15,L 1
2014,POR,2014-02-08,8:00p,@,Minnesota Timberwolves,W,,117,110,36,15,W 1
2014,POR,2014-02-11,10:00p,,Oklahoma City Thunder,L,,95,98,36,16,L 1
2014,POR,2014-02-12,10:30p,@,Los Angeles Clippers,L,,117,122,36,17,L 2
2014,POR,2014-02-19,10:00p,,San Antonio Spurs,L,,109,111,36,18,L 3
2014,POR,2014-02-21,10:00p,,Utah Jazz,W,,102,94,37,18,W 1
2014,POR,2014-02-23,9:00p,,Minnesota Timberwolves,W,,108,97,38,18,W 2
2014,POR,2014-02-25,9:00p,@,Denver Nuggets,W,,100,95,39,18,W 3
2014,POR,2014-02-26,10:00p,,Brooklyn Nets,W,,124,80,40,18,W 4
2014,POR,2014-03-01,10:00p,,Denver Nuggets,W,,102,96,41,18,W 5
2014,POR,2014-03-03,10:00p,,Los Angeles Lakers,L,,106,107,41,19,L 1
2014,POR,2014-03-05,10:30p,,Atlanta Hawks,W,,102,78,42,19,W 1
2014,POR,2014-03-07,8:30p,@,Dallas Mavericks,L,,98,103,42,20,L 1
2014,POR,2014-03-09,7:00p,@,Houston Rockets,L,OT,113,118,42,21,L 2
2014,POR,2014-03-11,8:00p,@,Memphis Grizzlies,L,,99,109,42,22,L 3
2014,POR,2014-03-12,9:30p,@,San Antonio Spurs,L,,90,103,42,23,L 4
2014,POR,2014-03-14,8:00p,@,New Orleans Pelicans,W,,111,103,43,23,W 1
2014,POR,2014-03-16,9:00p,,Golden State Warriors,L,,112,113,43,24,L 1
2014,POR,2014-03-18,10:00p,,Milwaukee Bucks,W,OT,120,115,44,24,W 1
2014,POR,2014-03-20,10:00p,,Washington Wizards,W,,116,103,45,24,W 2
2014,POR,2014-03-22,7:00p,@,Charlotte Bobcats,L,,94,124,45,25,L 1
2014,POR,2014-03-24,7:30p,@,Miami Heat,L,,91,93,45,26,L 2
2014,POR,2014-03-25,7:00p,@,Orlando Magic,L,,85,95,45,27,L 3
2014,POR,2014-03-27,7:30p,@,Atlanta Hawks,W,,100,85,46,27,W 1
2014,POR,2014-03-28,8:00p,@,Chicago Bulls,W,,91,74,47,27,W 2
2014,POR,2014-03-30,9:00p,,Memphis Grizzlies,W,,105,98,48,27,W 3
2014,POR,2014-04-01,10:30p,@,Los Angeles Lakers,W,,124,112,49,27,W 4
2014,POR,2014-04-04,10:00p,,Phoenix Suns,L,,93,109,49,28,L 1
2014,POR,2014-04-06,9:00p,,New Orleans Pelicans,W,,100,94,50,28,W 1
2014,POR,2014-04-09,10:00p,,Sacramento Kings,W,,100,99,51,28,W 2
2014,POR,2014-04-11,9:00p,@,Utah Jazz,W,,111,99,52,28,W 3
2014,POR,2014-04-13,9:00p,,Golden State Warriors,W,OT,119,117,53,28,W 4
2014,POR,2014-04-16,10:30p,,Los Angeles Clippers,W,,110,104,54,28,W 5
2014,POR,2014-04-20,9:30p,@,Houston Rockets,W,OT,122,120,1,0,W 1
2014,POR,2014-04-23,9:30p,@,Houston Rockets,W,,112,105,2,0,W 2
2014,POR,2014-04-25,10:30p,,Houston Rockets,L,OT,116,121,2,1,L 1
2014,POR,2014-04-27,9:30p,,Houston Rockets,W,OT,123,120,3,1,W 1
2014,POR,2014-04-30,9:30p,@,Houston Rockets,L,,98,108,3,2,L 1
2014,POR,2014-05-02,10:30p,,Houston Rockets,W,,99,98,4,2,W 1
2014,POR,2014-05-06,9:30p,@,San Antonio Spurs,L,,92,116,4,3,L 1
2014,POR,2014-05-08,9:30p,@,San Antonio Spurs,L,,97,114,4,4,L 2
2014,POR,2014-05-10,10:30p,,San Antonio Spurs,L,,103,118,4,5,L 3
2014,POR,2014-05-12,10:30p,,San Antonio Spurs,W,,103,92,5,5,W 1
2014,POR,2014-05-14,9:30p,@,San Antonio Spurs,L,,82,104,5,6,L 1
2014,SAC,2013-10-30,10:00p,,Denver Nuggets,W,,90,88,1,0,W 1
2014,SAC,2013-11-01,10:00p,,Los Angeles Clippers,L,,101,110,1,1,L 1
2014,SAC,2013-11-02,10:30p,@,Golden State Warriors,L,,87,98,1,2,L 2
2014,SAC,2013-11-05,10:00p,,Atlanta Hawks,L,,100,105,1,3,L 3
2014,SAC,2013-11-08,10:00p,@,Portland Trail Blazers,L,,91,104,1,4,L 4
2014,SAC,2013-11-09,10:00p,,Portland Trail Blazers,L,,85,96,1,5,L 5
2014,SAC,2013-11-13,10:00p,,Brooklyn Nets,W,,107,86,2,5,W 1
2014,SAC,2013-11-15,10:30p,,Detroit Pistons,L,,90,97,2,6,L 1
2014,SAC,2013-11-17,6:00p,,Memphis Grizzlies,L,,86,97,2,7,L 2
2014,SAC,2013-11-19,10:00p,,Phoenix Suns,W,,107,104,3,7,W 1
2014,SAC,2013-11-20,9:00p,@,Phoenix Suns,W,,113,106,4,7,W 2
2014,SAC,2013-11-23,3:30p,@,Los Angeles Clippers,L,,102,103,4,8,L 1
2014,SAC,2013-11-24,9:30p,@,Los Angeles Lakers,L,,86,100,4,9,L 2
2014,SAC,2013-11-29,10:00p,,Los Angeles Clippers,L,OT,98,104,4,10,L 3
2014,SAC,2013-12-01,6:00p,,Golden State Warriors,L,,113,115,4,11,L 4
2014,SAC,2013-12-03,10:00p,,Oklahoma City Thunder,L,,95,97,4,12,L 5
2014,SAC,2013-12-06,10:00p,,Los Angeles Lakers,L,,100,106,4,13,L 6
2014,SAC,2013-12-07,9:00p,@,Utah Jazz,W,OT,112,102,5,13,W 1
2014,SAC,2013-12-09,10:00p,,Dallas Mavericks,W,,112,97,6,13,W 2
2014,SAC,2013-12-11,10:00p,,Utah Jazz,L,,101,122,6,14,L 1
2014,SAC,2013-12-13,9:00p,@,Phoenix Suns,L,,107,116,6,15,L 2
2014,SAC,2013-12-15,6:00p,,Houston Rockets,W,,106,91,7,15,W 1
2014,SAC,2013-12-17,7:00p,@,Charlotte Bobcats,L,,87,95,7,16,L 1
2014,SAC,2013-12-18,7:30p,@,Atlanta Hawks,L,,107,124,7,17,L 2
2014,SAC,2013-12-20,7:30p,@,Miami Heat,L,,103,122,7,18,L 3
2014,SAC,2013-12-21,7:00p,@,Orlando Magic,W,,105,100,8,18,W 1
2014,SAC,2013-12-23,10:00p,,New Orleans Pelicans,L,,100,113,8,19,L 1
2014,SAC,2013-12-27,10:00p,,Miami Heat,W,OT,108,103,9,19,W 1
2014,SAC,2013-12-29,7:00p,@,San Antonio Spurs,L,,104,112,9,20,L 1
2014,SAC,2013-12-31,7:00p,@,Houston Rockets,W,,110,106,10,20,W 1
2014,SAC,2014-01-02,10:00p,,Philadelphia 76ers,L,,104,113,10,21,L 1
2014,SAC,2014-01-04,10:00p,,Charlotte Bobcats,L,,103,113,10,22,L 2
2014,SAC,2014-01-07,10:00p,,Portland Trail Blazers,W,,123,119,11,22,W 1
2014,SAC,2014-01-10,10:00p,,Orlando Magic,W,,103,83,12,22,W 2
2014,SAC,2014-01-12,6:00p,,Cleveland Cavaliers,W,,124,80,13,22,W 3
2014,SAC,2014-01-14,7:00p,@,Indiana Pacers,L,,92,116,13,23,L 1
2014,SAC,2014-01-15,8:00p,@,Minnesota Timberwolves,W,,111,108,14,23,W 1
2014,SAC,2014-01-17,8:00p,@,Memphis Grizzlies,L,,90,91,14,24,L 1
2014,SAC,2014-01-19,7:00p,@,Oklahoma City Thunder,L,,93,108,14,25,L 2
2014,SAC,2014-01-21,8:00p,@,New Orleans Pelicans,W,,114,97,15,25,W 1
2014,SAC,2014-01-22,8:00p,@,Houston Rockets,L,,98,119,15,26,L 1
2014,SAC,2014-01-24,10:00p,,Indiana Pacers,L,OT,111,116,15,27,L 2
2014,SAC,2014-01-26,9:00p,,Denver Nuggets,L,,117,125,15,28,L 3
2014,SAC,2014-01-27,9:00p,@,Utah Jazz,L,,99,106,15,29,L 4
2014,SAC,2014-01-29,10:00p,,Memphis Grizzlies,L,,89,99,15,30,L 5
2014,SAC,2014-01-31,8:30p,@,Dallas Mavericks,L,,103,107,15,31,L 6
2014,SAC,2014-02-01,8:30p,@,San Antonio Spurs,L,,93,95,15,32,L 7
2014,SAC,2014-02-03,10:00p,,Chicago Bulls,W,,99,70,16,32,W 1
2014,SAC,2014-02-05,10:00p,,Toronto Raptors,W,,109,101,17,32,W 2
2014,SAC,2014-02-07,7:30p,@,Boston Celtics,L,,89,99,17,33,L 1
2014,SAC,2014-02-09,6:00p,@,Washington Wizards,L,,84,93,17,34,L 2
2014,SAC,2014-02-11,7:00p,@,Cleveland Cavaliers,L,,99,109,17,35,L 3
2014,SAC,2014-02-12,7:30p,@,New York Knicks,W,OT,106,101,18,35,W 1
2014,SAC,2014-02-19,10:00p,,Golden State Warriors,L,,92,101,18,36,L 1
2014,SAC,2014-02-22,10:00p,,Boston Celtics,W,,105,98,19,36,W 1
2014,SAC,2014-02-23,8:00p,@,Denver Nuggets,W,,109,95,20,36,W 2
2014,SAC,2014-02-25,10:00p,,Houston Rockets,L,,103,129,20,37,L 1
2014,SAC,2014-02-28,10:30p,@,Los Angeles Lakers,L,,122,126,20,38,L 2
2014,SAC,2014-03-01,10:00p,,Minnesota Timberwolves,L,,97,108,20,39,L 3
2014,SAC,2014-03-03,10:00p,,New Orleans Pelicans,W,,96,89,21,39,W 1
2014,SAC,2014-03-05,8:00p,@,Milwaukee Bucks,W,,116,102,22,39,W 2
2014,SAC,2014-03-07,7:00p,@,Toronto Raptors,L,,87,99,22,40,L 1
2014,SAC,2014-03-09,6:00p,@,Brooklyn Nets,L,,89,104,22,41,L 2
2014,SAC,2014-03-11,7:30p,@,Detroit Pistons,L,,89,99,22,42,L 3
2014,SAC,2014-03-12,7:00p,@,Philadelphia 76ers,W,,115,98,23,42,W 1
2014,SAC,2014-03-15,8:00p,@,Chicago Bulls,L,,87,94,23,43,L 1
2014,SAC,2014-03-16,7:00p,@,Minnesota Timberwolves,L,,102,104,23,44,L 2
2014,SAC,2014-03-18,10:00p,,Washington Wizards,W,OT,117,111,24,44,W 1
2014,SAC,2014-03-21,10:00p,,San Antonio Spurs,L,,79,99,24,45,L 1
2014,SAC,2014-03-23,6:00p,,Milwaukee Bucks,W,,124,107,25,45,W 1
2014,SAC,2014-03-26,10:00p,,New York Knicks,L,,99,107,25,46,L 1
2014,SAC,2014-03-28,8:00p,@,Oklahoma City Thunder,L,,81,94,25,47,L 2
2014,SAC,2014-03-29,8:30p,@,Dallas Mavericks,L,,100,103,25,48,L 3
2014,SAC,2014-03-31,8:00p,@,New Orleans Pelicans,W,,102,97,26,48,W 1
2014,SAC,2014-04-02,10:00p,,Los Angeles Lakers,W,,107,102,27,48,W 2
2014,SAC,2014-04-04,10:30p,@,Golden State Warriors,L,,69,102,27,49,L 1
2014,SAC,2014-04-06,6:00p,,Dallas Mavericks,L,,91,93,27,50,L 2
2014,SAC,2014-04-08,10:00p,,Oklahoma City Thunder,L,,92,107,27,51,L 3
2014,SAC,2014-04-09,10:00p,@,Portland Trail Blazers,L,,99,100,27,52,L 4
2014,SAC,2014-04-12,3:30p,@,Los Angeles Clippers,L,,101,117,27,53,L 5
2014,SAC,2014-04-13,9:00p,,Minnesota Timberwolves,W,,106,103,28,53,W 1
2014,SAC,2014-04-16,10:30p,,Phoenix Suns,L,,99,104,28,54,L 1
2014,SAS,2013-10-30,8:30p,,Memphis Grizzlies,W,,101,94,1,0,W 1
2014,SAS,2013-11-01,10:30p,@,Los Angeles Lakers,W,,91,85,2,0,W 2
2014,SAS,2013-11-02,10:00p,@,Portland Trail Blazers,L,,105,115,2,1,L 1
2014,SAS,2013-11-05,9:00p,@,Denver Nuggets,W,,102,94,3,1,W 1
2014,SAS,2013-11-06,8:30p,,Phoenix Suns,W,,99,96,4,1,W 2
2014,SAS,2013-11-08,8:30p,,Golden State Warriors,W,,76,74,5,1,W 3
2014,SAS,2013-11-10,12:00p,@,New York Knicks,W,,120,89,6,1,W 4
2014,SAS,2013-11-11,7:00p,@,Philadelphia 76ers,W,,109,85,7,1,W 5
2014,SAS,2013-11-13,8:30p,,Washington Wizards,W,,92,79,8,1,W 6
2014,SAS,2013-11-15,9:00p,@,Utah Jazz,W,,91,82,9,1,W 7
2014,SAS,2013-11-20,8:30p,,Boston Celtics,W,,104,93,10,1,W 8
2014,SAS,2013-11-22,8:00p,@,Memphis Grizzlies,W,,102,86,11,1,W 9
2014,SAS,2013-11-23,8:30p,,Cleveland Cavaliers,W,,126,96,12,1,W 10
2014,SAS,2013-11-25,8:30p,,New Orleans Pelicans,W,,112,93,13,1,W 11
2014,SAS,2013-11-27,8:00p,@,Oklahoma City Thunder,L,,88,94,13,2,L 1
2014,SAS,2013-11-29,7:00p,@,Orlando Magic,W,,109,91,14,2,W 1
2014,SAS,2013-11-30,8:30p,,Houston Rockets,L,,106,112,14,3,L 1
2014,SAS,2013-12-02,8:30p,,Atlanta Hawks,W,,102,100,15,3,W 1
2014,SAS,2013-12-07,8:30p,,Indiana Pacers,L,,100,111,15,4,L 1
2014,SAS,2013-12-10,7:00p,@,Toronto Raptors,W,,116,103,16,4,W 1
2014,SAS,2013-12-11,8:00p,@,Milwaukee Bucks,W,,109,77,17,4,W 2
2014,SAS,2013-12-13,8:30p,,Minnesota Timberwolves,W,,117,110,18,4,W 3
2014,SAS,2013-12-14,9:00p,@,Utah Jazz,W,,100,84,19,4,W 4
2014,SAS,2013-12-16,10:30p,@,Los Angeles Clippers,L,,92,115,19,5,L 1
2014,SAS,2013-12-18,9:00p,@,Phoenix Suns,W,,108,101,20,5,W 1
2014,SAS,2013-12-19,10:30p,@,Golden State Warriors,W,,104,102,21,5,W 2
2014,SAS,2013-12-21,8:30p,,Oklahoma City Thunder,L,,100,113,21,6,L 1
2014,SAS,2013-12-23,8:30p,,Toronto Raptors,W,,112,99,22,6,W 1
2014,SAS,2013-12-25,8:00p,,Houston Rockets,L,,98,111,22,7,L 1
2014,SAS,2013-12-26,8:30p,@,Dallas Mavericks,W,,116,107,23,7,W 1
2014,SAS,2013-12-29,7:00p,,Sacramento Kings,W,,112,104,24,7,W 2
2014,SAS,2013-12-31,7:00p,,Brooklyn Nets,W,,113,92,25,7,W 3
2014,SAS,2014-01-02,8:30p,,New York Knicks,L,,101,105,25,8,L 1
2014,SAS,2014-01-04,8:30p,,Los Angeles Clippers,W,,116,92,26,8,W 1
2014,SAS,2014-01-07,8:00p,@,Memphis Grizzlies,W,OT,110,108,27,8,W 2
2014,SAS,2014-01-08,7:00p,,Dallas Mavericks,W,,112,90,28,8,W 3
2014,SAS,2014-01-12,7:00p,,Minnesota Timberwolves,W,,104,86,29,8,W 4
2014,SAS,2014-01-13,8:00p,@,New Orleans Pelicans,W,,101,95,30,8,W 5
2014,SAS,2014-01-15,8:00p,,Utah Jazz,W,,109,105,31,8,W 6
2014,SAS,2014-01-17,8:30p,,Portland Trail Blazers,L,,100,109,31,9,L 1
2014,SAS,2014-01-19,7:00p,,Milwaukee Bucks,W,,110,82,32,9,W 1
2014,SAS,2014-01-22,8:00p,,Oklahoma City Thunder,L,,105,111,32,10,L 1
2014,SAS,2014-01-24,7:30p,@,Atlanta Hawks,W,,105,79,33,10,W 1
2014,SAS,2014-01-26,1:00p,@,Miami Heat,L,,101,113,33,11,L 1
2014,SAS,2014-01-28,8:00p,@,Houston Rockets,L,,90,97,33,12,L 2
2014,SAS,2014-01-29,9:30p,,Chicago Bulls,L,,86,96,33,13,L 3
2014,SAS,2014-02-01,8:30p,,Sacramento Kings,W,,95,93,34,13,W 1
2014,SAS,2014-02-03,8:00p,@,New Orleans Pelicans,W,,102,95,35,13,W 2
2014,SAS,2014-02-05,7:00p,@,Washington Wizards,W,2OT,125,118,36,13,W 3
2014,SAS,2014-02-06,8:00p,@,Brooklyn Nets,L,,89,103,36,14,L 1
2014,SAS,2014-02-08,7:00p,@,Charlotte Bobcats,W,,104,100,37,14,W 1
2014,SAS,2014-02-10,7:30p,@,Detroit Pistons,L,,100,109,37,15,L 1
2014,SAS,2014-02-12,7:30p,@,Boston Celtics,W,,104,92,38,15,W 1
2014,SAS,2014-02-18,10:30p,@,Los Angeles Clippers,W,,113,103,39,15,W 2
2014,SAS,2014-02-19,10:00p,@,Portland Trail Blazers,W,,111,109,40,15,W 3
2014,SAS,2014-02-21,9:00p,@,Phoenix Suns,L,,85,106,40,16,L 1
2014,SAS,2014-02-26,8:30p,,Detroit Pistons,W,,120,110,41,16,W 1
2014,SAS,2014-02-28,8:30p,,Charlotte Bobcats,W,,92,82,42,16,W 2
2014,SAS,2014-03-02,7:00p,,Dallas Mavericks,W,,112,106,43,16,W 3
2014,SAS,2014-03-04,7:00p,@,Cleveland Cavaliers,W,,122,101,44,16,W 4
2014,SAS,2014-03-06,8:00p,,Miami Heat,W,,111,87,45,16,W 5
2014,SAS,2014-03-08,8:30p,,Orlando Magic,W,,121,112,46,16,W 6
2014,SAS,2014-03-11,8:00p,@,Chicago Bulls,W,,104,96,47,16,W 7
2014,SAS,2014-03-12,9:30p,,Portland Trail Blazers,W,,103,90,48,16,W 8
2014,SAS,2014-03-14,8:30p,,Los Angeles Lakers,W,,119,85,49,16,W 9
2014,SAS,2014-03-16,7:00p,,Utah Jazz,W,,122,104,50,16,W 10
2014,SAS,2014-03-19,10:30p,@,Los Angeles Lakers,W,,125,109,51,16,W 11
2014,SAS,2014-03-21,10:00p,@,Sacramento Kings,W,,99,79,52,16,W 12
2014,SAS,2014-03-22,10:30p,@,Golden State Warriors,W,,99,90,53,16,W 13
2014,SAS,2014-03-24,8:30p,,Philadelphia 76ers,W,,113,91,54,16,W 14
2014,SAS,2014-03-26,8:30p,,Denver Nuggets,W,,108,103,55,16,W 15
2014,SAS,2014-03-28,9:00p,@,Denver Nuggets,W,,133,102,56,16,W 16
2014,SAS,2014-03-29,8:30p,,New Orleans Pelicans,W,,96,80,57,16,W 17
2014,SAS,2014-03-31,7:00p,@,Indiana Pacers,W,,103,77,58,16,W 18
2014,SAS,2014-04-02,8:30p,,Golden State Warriors,W,,111,90,59,16,W 19
2014,SAS,2014-04-03,8:00p,@,Oklahoma City Thunder,L,,94,106,59,17,L 1
2014,SAS,2014-04-06,7:00p,,Memphis Grizzlies,W,,112,92,60,17,W 1
2014,SAS,2014-04-08,8:00p,@,Minnesota Timberwolves,L,,91,110,60,18,L 1
2014,SAS,2014-04-10,8:00p,@,Dallas Mavericks,W,,109,100,61,18,W 1
2014,SAS,2014-04-11,8:30p,,Phoenix Suns,W,,112,104,62,18,W 2
2014,SAS,2014-04-14,8:00p,@,Houston Rockets,L,,98,104,62,19,L 1
2014,SAS,2014-04-16,8:00p,,Los Angeles Lakers,L,,100,113,62,20,L 2
2014,SAS,2014-04-20,1:00p,,Dallas Mavericks,W,,90,85,1,0,W 1
2014,SAS,2014-04-23,8:00p,,Dallas Mavericks,L,,92,113,1,1,L 1
2014,SAS,2014-04-26,4:30p,@,Dallas Mavericks,L,,108,109,1,2,L 2
2014,SAS,2014-04-28,9:30p,@,Dallas Mavericks,W,,93,89,2,2,W 1
2014,SAS,2014-04-30,7:00p,,Dallas Mavericks,W,,109,103,3,2,W 2
2014,SAS,2014-05-02,8:00p,@,Dallas Mavericks,L,,111,113,3,3,L 1
2014,SAS,2014-05-04,3:30p,,Dallas Mavericks,W,,119,96,4,3,W 1
2014,SAS,2014-05-06,9:30p,,Portland Trail Blazers,W,,116,92,5,3,W 2
2014,SAS,2014-05-08,9:30p,,Portland Trail Blazers,W,,114,97,6,3,W 3
2014,SAS,2014-05-10,10:30p,@,Portland Trail Blazers,W,,118,103,7,3,W 4
2014,SAS,2014-05-12,10:30p,@,Portland Trail Blazers,L,,92,103,7,4,L 1
2014,SAS,2014-05-14,9:30p,,Portland Trail Blazers,W,,104,82,8,4,W 1
2014,SAS,2014-05-19,9:00p,,Oklahoma City Thunder,W,,122,105,9,4,W 2
2014,SAS,2014-05-21,9:00p,,Oklahoma City Thunder,W,,112,77,10,4,W 3
2014,SAS,2014-05-25,8:30p,@,Oklahoma City Thunder,L,,97,106,10,5,L 1
2014,SAS,2014-05-27,9:00p,@,Oklahoma City Thunder,L,,92,105,10,6,L 2
2014,SAS,2014-05-29,9:00p,,Oklahoma City Thunder,W,,117,89,11,6,W 1
2014,SAS,2014-05-31,8:30p,@,Oklahoma City Thunder,W,OT,112,107,12,6,W 2
2014,SAS,2014-06-05,9:00p,,Miami Heat,W,,110,95,13,6,W 3
2014,SAS,2014-06-08,8:00p,,Miami Heat,L,,96,98,13,7,L 1
2014,SAS,2014-06-10,9:00p,@,Miami Heat,W,,111,92,14,7,W 1
2014,SAS,2014-06-12,9:00p,@,Miami Heat,W,,107,86,15,7,W 2
2014,SAS,2014-06-15,8:00p,,Miami Heat,W,,104,87,16,7,W 3
2014,TOR,2013-10-30,7:00p,,Boston Celtics,W,,93,87,1,0,W 1
2014,TOR,2013-11-01,7:30p,@,Atlanta Hawks,L,,95,102,1,1,L 1
2014,TOR,2013-11-02,8:30p,@,Milwaukee Bucks,W,,97,90,2,1,W 1
2014,TOR,2013-11-05,7:00p,,Miami Heat,L,,95,104,2,2,L 1
2014,TOR,2013-11-06,7:00p,@,Charlotte Bobcats,L,,90,92,2,3,L 2
2014,TOR,2013-11-08,7:00p,@,Indiana Pacers,L,,84,91,2,4,L 3
2014,TOR,2013-11-09,7:00p,,Utah Jazz,W,,115,91,3,4,W 1
2014,TOR,2013-11-11,8:00p,@,Houston Rockets,L,2OT,104,110,3,5,L 1
2014,TOR,2013-11-13,8:00p,@,Memphis Grizzlies,W,,103,87,4,5,W 1
2014,TOR,2013-11-15,7:00p,,Chicago Bulls,L,,80,96,4,6,L 1
2014,TOR,2013-11-17,1:00p,,Portland Trail Blazers,L,OT,110,118,4,7,L 2
2014,TOR,2013-11-20,7:00p,@,Philadelphia 76ers,W,,108,98,5,7,W 1
2014,TOR,2013-11-22,7:00p,,Washington Wizards,W,,96,88,6,7,W 2
2014,TOR,2013-11-26,7:00p,,Brooklyn Nets,L,,100,102,6,8,L 1
2014,TOR,2013-11-29,7:00p,,Miami Heat,L,,83,90,6,9,L 2
2014,TOR,2013-12-01,1:00p,,Denver Nuggets,L,,98,112,6,10,L 3
2014,TOR,2013-12-03,10:30p,@,Golden State Warriors,L,,103,112,6,11,L 4
2014,TOR,2013-12-06,9:00p,@,Phoenix Suns,L,,97,106,6,12,L 5
2014,TOR,2013-12-08,9:30p,@,Los Angeles Lakers,W,,106,94,7,12,W 1
2014,TOR,2013-12-10,7:00p,,San Antonio Spurs,L,,103,116,7,13,L 1
2014,TOR,2013-12-13,7:00p,,Philadelphia 76ers,W,,108,100,8,13,W 1
2014,TOR,2013-12-14,8:00p,@,Chicago Bulls,W,,99,77,9,13,W 2
2014,TOR,2013-12-18,7:00p,,Charlotte Bobcats,L,OT,102,104,9,14,L 1
2014,TOR,2013-12-20,8:30p,@,Dallas Mavericks,W,OT,109,108,10,14,W 1
2014,TOR,2013-12-22,7:00p,@,Oklahoma City Thunder,W,,104,98,11,14,W 2
2014,TOR,2013-12-23,8:30p,@,San Antonio Spurs,L,,99,112,11,15,L 1
2014,TOR,2013-12-27,7:30p,@,New York Knicks,W,,95,83,12,15,W 1
2014,TOR,2013-12-28,7:00p,,New York Knicks,W,,115,100,13,15,W 2
2014,TOR,2013-12-31,8:00p,@,Chicago Bulls,W,,85,79,14,15,W 3
2014,TOR,2014-01-01,7:00p,,Indiana Pacers,W,,95,82,15,15,W 4
2014,TOR,2014-01-03,7:00p,@,Washington Wizards,W,,101,88,16,15,W 5
2014,TOR,2014-01-05,6:00p,@,Miami Heat,L,,97,102,16,16,L 1
2014,TOR,2014-01-07,7:00p,@,Indiana Pacers,L,,79,86,16,17,L 2
2014,TOR,2014-01-08,7:00p,,Detroit Pistons,W,,112,91,17,17,W 1
2014,TOR,2014-01-11,7:00p,,Brooklyn Nets,W,,96,80,18,17,W 2
2014,TOR,2014-01-13,7:00p,,Milwaukee Bucks,W,,116,94,19,17,W 3
2014,TOR,2014-01-15,7:30p,@,Boston Celtics,L,,83,88,19,18,L 1
2014,TOR,2014-01-17,7:00p,,Minnesota Timberwolves,W,,94,89,20,18,W 1
2014,TOR,2014-01-19,1:00p,,Los Angeles Lakers,L,,106,112,20,19,L 1
2014,TOR,2014-01-20,2:00p,@,Charlotte Bobcats,L,,95,100,20,20,L 2
2014,TOR,2014-01-22,7:00p,,Dallas Mavericks,W,,93,85,21,20,W 1
2014,TOR,2014-01-24,7:00p,@,Philadelphia 76ers,W,,104,95,22,20,W 2
2014,TOR,2014-01-25,7:00p,,Los Angeles Clippers,L,,118,126,22,21,L 1
2014,TOR,2014-01-27,7:30p,@,Brooklyn Nets,W,,104,103,23,21,W 1
2014,TOR,2014-01-29,7:00p,,Orlando Magic,W,,98,83,24,21,W 2
2014,TOR,2014-01-31,9:00p,@,Denver Nuggets,W,,100,90,25,21,W 3
2014,TOR,2014-02-01,10:00p,@,Portland Trail Blazers,L,,103,106,25,22,L 1
2014,TOR,2014-02-03,9:00p,@,Utah Jazz,W,,94,79,26,22,W 1
2014,TOR,2014-02-05,10:00p,@,Sacramento Kings,L,,101,109,26,23,L 1
2014,TOR,2014-02-07,10:30p,@,Los Angeles Clippers,L,,105,118,26,24,L 2
2014,TOR,2014-02-10,7:00p,,New Orleans Pelicans,W,,108,101,27,24,W 1
2014,TOR,2014-02-12,7:00p,,Atlanta Hawks,W,,104,83,28,24,W 2
2014,TOR,2014-02-18,7:00p,@,Washington Wizards,W,,103,93,29,24,W 3
2014,TOR,2014-02-19,7:00p,,Chicago Bulls,L,,92,94,29,25,L 1
2014,TOR,2014-02-21,7:00p,,Cleveland Cavaliers,W,,98,91,30,25,W 1
2014,TOR,2014-02-23,6:00p,,Orlando Magic,W,,105,90,31,25,W 2
2014,TOR,2014-02-25,7:00p,@,Cleveland Cavaliers,W,,99,93,32,25,W 3
2014,TOR,2014-02-27,7:00p,,Washington Wizards,L,3OT,129,134,32,26,L 1
2014,TOR,2014-03-02,4:00p,,Golden State Warriors,W,,104,98,33,26,W 1
2014,TOR,2014-03-07,7:00p,,Sacramento Kings,W,,99,87,34,26,W 2
2014,TOR,2014-03-09,7:00p,@,Minnesota Timberwolves,W,,111,104,35,26,W 3
2014,TOR,2014-03-10,7:30p,@,Brooklyn Nets,L,,97,101,35,27,L 1
2014,TOR,2014-03-12,7:00p,,Detroit Pistons,W,,101,87,36,27,W 1
2014,TOR,2014-03-14,7:00p,,Memphis Grizzlies,W,,99,86,37,27,W 2
2014,TOR,2014-03-16,1:00p,,Phoenix Suns,L,,113,121,37,28,L 1
2014,TOR,2014-03-18,7:30p,@,Atlanta Hawks,L,OT,113,118,37,29,L 2
2014,TOR,2014-03-19,8:00p,@,New Orleans Pelicans,W,,107,100,38,29,W 1
2014,TOR,2014-03-21,7:00p,,Oklahoma City Thunder,L,2OT,118,119,38,30,L 1
2014,TOR,2014-03-23,1:00p,,Atlanta Hawks,W,,96,86,39,30,W 1
2014,TOR,2014-03-25,7:00p,@,Cleveland Cavaliers,L,,100,102,39,31,L 1
2014,TOR,2014-03-26,7:30p,@,Boston Celtics,W,,99,90,40,31,W 1
2014,TOR,2014-03-28,7:00p,,Boston Celtics,W,,105,103,41,31,W 2
2014,TOR,2014-03-30,6:00p,@,Orlando Magic,W,,98,93,42,31,W 3
2014,TOR,2014-03-31,7:30p,@,Miami Heat,L,,83,93,42,32,L 1
2014,TOR,2014-04-02,7:00p,,Houston Rockets,W,,107,103,43,32,W 1
2014,TOR,2014-04-04,7:00p,,Indiana Pacers,W,,102,94,44,32,W 2
2014,TOR,2014-04-05,8:30p,@,Milwaukee Bucks,W,,102,98,45,32,W 3
2014,TOR,2014-04-09,7:00p,,Philadelphia 76ers,W,,125,114,46,32,W 4
2014,TOR,2014-04-11,7:00p,,New York Knicks,L,,100,108,46,33,L 1
2014,TOR,2014-04-13,3:30p,@,Detroit Pistons,W,,116,107,47,33,W 1
2014,TOR,2014-04-14,7:00p,,Milwaukee Bucks,W,,110,100,48,33,W 2
2014,TOR,2014-04-16,8:00p,@,New York Knicks,L,,92,95,48,34,L 1
2014,TOR,2014-04-19,12:30p,,Brooklyn Nets,L,,87,94,0,1,L 1
2014,TOR,2014-04-22,7:30p,,Brooklyn Nets,W,,100,95,1,1,W 1
2014,TOR,2014-04-25,7:00p,@,Brooklyn Nets,L,,98,102,1,2,L 1
2014,TOR,2014-04-27,7:00p,@,Brooklyn Nets,W,,87,79,2,2,W 1
2014,TOR,2014-04-30,7:30p,,Brooklyn Nets,W,,115,113,3,2,W 2
2014,TOR,2014-05-02,7:00p,@,Brooklyn Nets,L,,83,97,3,3,L 1
2014,TOR,2014-05-04,1:00p,,Brooklyn Nets,L,,103,104,3,4,L 2
2014,UTA,2013-10-30,9:00p,,Oklahoma City Thunder,L,,98,101,0,1,L 1
2014,UTA,2013-11-01,10:00p,@,Phoenix Suns,L,,84,87,0,2,L 2
2014,UTA,2013-11-02,9:00p,,Houston Rockets,L,,93,104,0,3,L 3
2014,UTA,2013-11-05,7:30p,@,Brooklyn Nets,L,,88,104,0,4,L 4
2014,UTA,2013-11-06,7:30p,@,Boston Celtics,L,,87,97,0,5,L 5
2014,UTA,2013-11-08,8:00p,@,Chicago Bulls,L,,73,97,0,6,L 6
2014,UTA,2013-11-09,7:00p,@,Toronto Raptors,L,,91,115,0,7,L 7
2014,UTA,2013-11-11,9:00p,,Denver Nuggets,L,,81,100,0,8,L 8
2014,UTA,2013-11-13,9:00p,,New Orleans Pelicans,W,,111,105,1,8,W 1
2014,UTA,2013-11-15,9:00p,,San Antonio Spurs,L,,82,91,1,9,L 1
2014,UTA,2013-11-16,10:30p,@,Golden State Warriors,L,,88,102,1,10,L 2
2014,UTA,2013-11-18,9:00p,,Golden State Warriors,L,,87,98,1,11,L 3
2014,UTA,2013-11-20,8:00p,@,New Orleans Pelicans,L,,98,105,1,12,L 4
2014,UTA,2013-11-22,8:30p,@,Dallas Mavericks,L,,93,103,1,13,L 5
2014,UTA,2013-11-24,7:00p,@,Oklahoma City Thunder,L,,73,95,1,14,L 6
2014,UTA,2013-11-25,9:00p,,Chicago Bulls,W,OT,89,83,2,14,W 1
2014,UTA,2013-11-29,9:00p,,Phoenix Suns,L,,101,112,2,15,L 1
2014,UTA,2013-11-30,9:00p,@,Phoenix Suns,W,,112,104,3,15,W 1
2014,UTA,2013-12-02,9:00p,,Houston Rockets,W,,109,103,4,15,W 2
2014,UTA,2013-12-04,9:00p,,Indiana Pacers,L,,86,95,4,16,L 1
2014,UTA,2013-12-06,10:00p,@,Portland Trail Blazers,L,,98,130,4,17,L 2
2014,UTA,2013-12-07,9:00p,,Sacramento Kings,L,OT,102,112,4,18,L 3
2014,UTA,2013-12-09,9:00p,,Portland Trail Blazers,L,,94,105,4,19,L 4
2014,UTA,2013-12-11,10:00p,@,Sacramento Kings,W,,122,101,5,19,W 1
2014,UTA,2013-12-13,9:00p,@,Denver Nuggets,W,,103,93,6,19,W 2
2014,UTA,2013-12-14,9:00p,,San Antonio Spurs,L,,84,100,6,20,L 1
2014,UTA,2013-12-16,7:30p,@,Miami Heat,L,,94,117,6,21,L 2
2014,UTA,2013-12-18,7:00p,@,Orlando Magic,W,,86,82,7,21,W 1
2014,UTA,2013-12-20,7:30p,@,Atlanta Hawks,L,,85,118,7,22,L 1
2014,UTA,2013-12-21,7:30p,@,Charlotte Bobcats,W,,88,85,8,22,W 1
2014,UTA,2013-12-23,8:00p,@,Memphis Grizzlies,L,,94,104,8,23,L 1
2014,UTA,2013-12-27,9:00p,,Los Angeles Lakers,W,,105,103,9,23,W 1
2014,UTA,2013-12-28,10:30p,@,Los Angeles Clippers,L,,90,98,9,24,L 1
2014,UTA,2013-12-30,9:00p,,Charlotte Bobcats,W,,83,80,10,24,W 1
2014,UTA,2014-01-02,9:00p,,Milwaukee Bucks,W,,96,87,11,24,W 2
2014,UTA,2014-01-03,10:30p,@,Los Angeles Lakers,L,,99,110,11,25,L 1
2014,UTA,2014-01-07,9:00p,,Oklahoma City Thunder,W,,112,101,12,25,W 1
2014,UTA,2014-01-10,9:00p,,Cleveland Cavaliers,L,,102,113,12,26,L 1
2014,UTA,2014-01-13,9:00p,,Denver Nuggets,W,,118,103,13,26,W 1
2014,UTA,2014-01-15,8:00p,@,San Antonio Spurs,L,,105,109,13,27,L 1
2014,UTA,2014-01-17,7:30p,@,Detroit Pistons,W,,110,89,14,27,W 1
2014,UTA,2014-01-18,8:00p,@,Minnesota Timberwolves,L,,72,98,14,28,L 1
2014,UTA,2014-01-21,9:00p,,Minnesota Timberwolves,L,,97,112,14,29,L 2
2014,UTA,2014-01-25,9:00p,,Washington Wizards,W,,104,101,15,29,W 1
2014,UTA,2014-01-27,9:00p,,Sacramento Kings,W,,106,99,16,29,W 2
2014,UTA,2014-01-31,10:30p,,Golden State Warriors,L,,90,95,16,30,L 1
2014,UTA,2014-02-01,10:30p,@,Los Angeles Clippers,L,,87,102,16,31,L 2
2014,UTA,2014-02-03,9:00p,,Toronto Raptors,L,,79,94,16,32,L 3
2014,UTA,2014-02-07,8:30p,@,Dallas Mavericks,L,,81,103,16,33,L 4
2014,UTA,2014-02-08,9:00p,,Miami Heat,W,,94,89,17,33,W 1
2014,UTA,2014-02-11,10:30p,@,Los Angeles Lakers,W,,96,79,18,33,W 2
2014,UTA,2014-02-12,9:00p,,Philadelphia 76ers,W,,105,100,19,33,W 3
2014,UTA,2014-02-19,9:00p,,Brooklyn Nets,L,,99,105,19,34,L 1
2014,UTA,2014-02-21,10:00p,@,Portland Trail Blazers,L,,94,102,19,35,L 2
2014,UTA,2014-02-22,9:00p,,Minnesota Timberwolves,L,,104,121,19,36,L 3
2014,UTA,2014-02-24,9:00p,,Boston Celtics,W,,110,98,20,36,W 1
2014,UTA,2014-02-26,9:00p,,Phoenix Suns,W,,109,86,21,36,W 2
2014,UTA,2014-02-28,7:30p,@,Cleveland Cavaliers,L,,79,99,21,37,L 1
2014,UTA,2014-03-02,6:00p,@,Indiana Pacers,L,,91,94,21,38,L 2
2014,UTA,2014-03-03,8:00p,@,Milwaukee Bucks,L,,88,114,21,39,L 3
2014,UTA,2014-03-05,7:00p,@,Washington Wizards,L,,91,104,21,40,L 4
2014,UTA,2014-03-07,7:30p,@,New York Knicks,L,,81,108,21,41,L 5
2014,UTA,2014-03-08,7:30p,@,Philadelphia 76ers,W,,104,92,22,41,W 1
2014,UTA,2014-03-10,9:00p,,Atlanta Hawks,L,,110,112,22,42,L 1
2014,UTA,2014-03-12,9:00p,,Dallas Mavericks,L,,101,108,22,43,L 2
2014,UTA,2014-03-14,9:00p,,Los Angeles Clippers,L,,87,96,22,44,L 3
2014,UTA,2014-03-16,7:00p,@,San Antonio Spurs,L,,104,122,22,45,L 4
2014,UTA,2014-03-17,8:00p,@,Houston Rockets,L,,86,124,22,46,L 5
2014,UTA,2014-03-19,8:00p,@,Memphis Grizzlies,L,,86,96,22,47,L 6
2014,UTA,2014-03-22,9:00p,,Orlando Magic,W,,89,88,23,47,W 1
2014,UTA,2014-03-24,9:00p,,Detroit Pistons,L,,94,114,23,48,L 1
2014,UTA,2014-03-26,10:30p,,Memphis Grizzlies,L,,87,91,23,49,L 2
2014,UTA,2014-03-28,8:00p,@,New Orleans Pelicans,L,,95,102,23,50,L 3
2014,UTA,2014-03-30,3:00p,@,Oklahoma City Thunder,L,,96,116,23,51,L 4
2014,UTA,2014-03-31,9:00p,,New York Knicks,L,,83,92,23,52,L 5
2014,UTA,2014-04-04,9:00p,,New Orleans Pelicans,W,,100,96,24,52,W 1
2014,UTA,2014-04-06,9:00p,@,Golden State Warriors,L,,102,130,24,53,L 1
2014,UTA,2014-04-08,9:00p,,Dallas Mavericks,L,,83,95,24,54,L 2
2014,UTA,2014-04-11,9:00p,,Portland Trail Blazers,L,,99,111,24,55,L 3
2014,UTA,2014-04-12,9:00p,@,Denver Nuggets,L,,94,101,24,56,L 4
2014,UTA,2014-04-14,9:00p,,Los Angeles Lakers,L,,104,119,24,57,L 5
2014,UTA,2014-04-16,8:00p,@,Minnesota Timberwolves,W,2OT,136,130,25,57,W 1
2014,WAS,2013-10-30,7:30p,@,Detroit Pistons,L,,102,113,0,1,L 1
2014,WAS,2013-11-01,7:00p,,Philadelphia 76ers,L,,102,109,0,2,L 2
2014,WAS,2013-11-03,6:00p,@,Miami Heat,L,,93,103,0,3,L 3
2014,WAS,2013-11-06,7:00p,@,Philadelphia 76ers,W,,116,102,1,3,W 1
2014,WAS,2013-11-08,7:00p,,Brooklyn Nets,W,OT,112,108,2,3,W 2
2014,WAS,2013-11-10,7:00p,@,Oklahoma City Thunder,L,OT,105,106,2,4,L 1
2014,WAS,2013-11-12,8:30p,@,Dallas Mavericks,L,,95,105,2,5,L 2
2014,WAS,2013-11-13,8:30p,@,San Antonio Spurs,L,,79,92,2,6,L 3
2014,WAS,2013-11-16,7:00p,,Cleveland Cavaliers,L,OT,96,103,2,7,L 4
2014,WAS,2013-11-19,7:00p,,Minnesota Timberwolves,W,,104,100,3,7,W 1
2014,WAS,2013-11-20,7:00p,@,Cleveland Cavaliers,W,,98,91,4,7,W 2
2014,WAS,2013-11-22,7:00p,@,Toronto Raptors,L,,88,96,4,8,L 1
2014,WAS,2013-11-23,7:00p,,New York Knicks,W,,98,89,5,8,W 1
2014,WAS,2013-11-26,7:00p,,Los Angeles Lakers,W,,116,111,6,8,W 2
2014,WAS,2013-11-27,8:00p,@,Milwaukee Bucks,W,OT,100,92,7,8,W 3
2014,WAS,2013-11-29,8:00p,@,Indiana Pacers,L,,73,93,7,9,L 1
2014,WAS,2013-11-30,7:00p,,Atlanta Hawks,W,,108,101,8,9,W 1
2014,WAS,2013-12-02,7:00p,,Orlando Magic,W,,98,80,9,9,W 2
2014,WAS,2013-12-06,7:00p,,Milwaukee Bucks,L,OT,105,109,9,10,L 1
2014,WAS,2013-12-09,7:00p,,Denver Nuggets,L,,74,75,9,11,L 2
2014,WAS,2013-12-13,7:30p,@,Atlanta Hawks,L,OT,99,101,9,12,L 3
2014,WAS,2013-12-14,7:00p,,Los Angeles Clippers,L,,97,113,9,13,L 4
2014,WAS,2013-12-16,7:30p,@,New York Knicks,W,,102,101,10,13,W 1
2014,WAS,2013-12-18,7:30p,@,Brooklyn Nets,W,,113,107,11,13,W 2
2014,WAS,2013-12-21,1:00p,@,Boston Celtics,W,,106,99,12,13,W 3
2014,WAS,2013-12-27,8:00p,@,Minnesota Timberwolves,L,,98,120,12,14,L 1
2014,WAS,2013-12-28,7:00p,,Detroit Pistons,W,,106,82,13,14,W 1
2014,WAS,2013-12-30,7:30p,@,Detroit Pistons,W,,106,99,14,14,W 2
2014,WAS,2014-01-01,6:00p,,Dallas Mavericks,L,,78,87,14,15,L 1
2014,WAS,2014-01-03,7:00p,,Toronto Raptors,L,,88,101,14,16,L 2
2014,WAS,2014-01-05,6:00p,,Golden State Warriors,L,,96,112,14,17,L 3
2014,WAS,2014-01-07,7:00p,@,Charlotte Bobcats,W,,97,83,15,17,W 1
2014,WAS,2014-01-08,8:00p,@,New Orleans Pelicans,W,,102,96,16,17,W 2
2014,WAS,2014-01-10,7:00p,@,Indiana Pacers,L,,66,93,16,18,L 1
2014,WAS,2014-01-11,7:00p,,Houston Rockets,L,,107,114,16,19,L 2
2014,WAS,2014-01-13,8:00p,@,Chicago Bulls,W,,102,88,17,19,W 1
2014,WAS,2014-01-15,7:00p,,Miami Heat,W,,114,97,18,19,W 2
2014,WAS,2014-01-17,7:00p,,Chicago Bulls,W,,96,93,19,19,W 3
2014,WAS,2014-01-18,7:00p,,Detroit Pistons,L,,98,104,19,20,L 1
2014,WAS,2014-01-20,2:00p,,Philadelphia 76ers,W,,107,99,20,20,W 1
2014,WAS,2014-01-22,7:00p,,Boston Celtics,L,OT,111,113,20,21,L 1
2014,WAS,2014-01-24,9:00p,@,Phoenix Suns,W,,101,95,21,21,W 1
2014,WAS,2014-01-25,9:00p,@,Utah Jazz,L,,101,104,21,22,L 1
2014,WAS,2014-01-28,10:30p,@,Golden State Warriors,W,,88,85,22,22,W 1
2014,WAS,2014-01-29,10:30p,@,Los Angeles Clippers,L,,103,110,22,23,L 1
2014,WAS,2014-02-01,7:00p,,Oklahoma City Thunder,W,,96,81,23,23,W 1
2014,WAS,2014-02-03,7:00p,,Portland Trail Blazers,W,,100,90,24,23,W 2
2014,WAS,2014-02-05,7:00p,,San Antonio Spurs,L,2OT,118,125,24,24,L 1
2014,WAS,2014-02-07,7:00p,,Cleveland Cavaliers,L,,113,115,24,25,L 2
2014,WAS,2014-02-09,6:00p,,Sacramento Kings,W,,93,84,25,25,W 1
2014,WAS,2014-02-11,8:00p,@,Memphis Grizzlies,L,,89,92,25,26,L 1
2014,WAS,2014-02-12,8:00p,@,Houston Rockets,L,,112,113,25,27,L 2
2014,WAS,2014-02-18,7:00p,,Toronto Raptors,L,,93,103,25,28,L 3
2014,WAS,2014-02-19,7:30p,@,Atlanta Hawks,W,,114,97,26,28,W 1
2014,WAS,2014-02-22,7:00p,,New Orleans Pelicans,W,,94,93,27,28,W 2
2014,WAS,2014-02-23,6:00p,@,Cleveland Cavaliers,W,,96,83,28,28,W 3
2014,WAS,2014-02-25,7:00p,,Orlando Magic,W,,115,106,29,28,W 4
2014,WAS,2014-02-27,7:00p,@,Toronto Raptors,W,3OT,134,129,30,28,W 5
2014,WAS,2014-03-01,7:30p,@,Philadelphia 76ers,W,,122,103,31,28,W 6
2014,WAS,2014-03-03,7:00p,,Memphis Grizzlies,L,,104,110,31,29,L 1
2014,WAS,2014-03-05,7:00p,,Utah Jazz,W,,104,91,32,29,W 1
2014,WAS,2014-03-08,9:00p,@,Milwaukee Bucks,W,,114,107,33,29,W 2
2014,WAS,2014-03-10,7:30p,@,Miami Heat,L,,90,99,33,30,L 1
2014,WAS,2014-03-12,7:00p,,Charlotte Bobcats,L,,85,98,33,31,L 2
2014,WAS,2014-03-14,7:00p,@,Orlando Magic,W,OT,105,101,34,31,W 1
2014,WAS,2014-03-15,7:00p,,Brooklyn Nets,W,,101,94,35,31,W 2
2014,WAS,2014-03-18,10:00p,@,Sacramento Kings,L,OT,111,117,35,32,L 1
2014,WAS,2014-03-20,10:00p,@,Portland Trail Blazers,L,,103,116,35,33,L 2
2014,WAS,2014-03-21,10:30p,@,Los Angeles Lakers,W,,117,107,36,33,W 1
2014,WAS,2014-03-23,5:00p,@,Denver Nuggets,L,,102,105,36,34,L 1
2014,WAS,2014-03-26,7:00p,,Phoenix Suns,L,,93,99,36,35,L 2
2014,WAS,2014-03-28,7:00p,,Indiana Pacers,W,,91,78,37,35,W 1
2014,WAS,2014-03-29,8:00p,,Atlanta Hawks,W,,101,97,38,35,W 2
2014,WAS,2014-03-31,7:00p,@,Charlotte Bobcats,L,,94,100,38,36,L 1
2014,WAS,2014-04-02,7:00p,,Boston Celtics,W,,118,92,39,36,W 1
2014,WAS,2014-04-04,7:30p,@,New York Knicks,W,,90,89,40,36,W 2
2014,WAS,2014-04-05,7:00p,,Chicago Bulls,L,,78,96,40,37,L 1
2014,WAS,2014-04-09,7:00p,,Charlotte Bobcats,L,OT,88,94,40,38,L 2
2014,WAS,2014-04-11,7:00p,@,Orlando Magic,W,,96,86,41,38,W 1
2014,WAS,2014-04-12,7:00p,,Milwaukee Bucks,W,,104,91,42,38,W 2
2014,WAS,2014-04-14,7:00p,,Miami Heat,W,,114,93,43,38,W 3
2014,WAS,2014-04-16,8:00p,@,Boston Celtics,W,,118,102,44,38,W 4
2014,WAS,2014-04-20,7:00p,@,Chicago Bulls,W,,102,93,1,0,W 1
2014,WAS,2014-04-22,9:30p,@,Chicago Bulls,W,OT,101,99,2,0,W 2
2014,WAS,2014-04-25,8:00p,,Chicago Bulls,L,,97,100,2,1,L 1
2014,WAS,2014-04-27,1:00p,,Chicago Bulls,W,,98,89,3,1,W 1
2014,WAS,2014-04-29,8:00p,@,Chicago Bulls,W,,75,69,4,1,W 2
2014,WAS,2014-05-05,7:00p,@,Indiana Pacers,W,,102,96,5,1,W 3
2014,WAS,2014-05-07,7:00p,@,Indiana Pacers,L,,82,86,5,2,L 1
2014,WAS,2014-05-09,8:00p,,Indiana Pacers,L,,63,85,5,3,L 2
2014,WAS,2014-05-11,8:00p,,Indiana Pacers,L,,92,95,5,4,L 3
2014,WAS,2014-05-13,7:00p,@,Indiana Pacers,W,,102,79,6,4,W 1
2014,WAS,2014-05-15,8:00p,,Indiana Pacers,L,,80,93,6,5,L 1
2015,ATL,2014-10-29,7:30p,@,Toronto Raptors,L,,102,109,0,1,L 1
2015,ATL,2014-11-01,7:30p,,Indiana Pacers,W,,102,92,1,1,W 1
2015,ATL,2014-11-05,8:30p,@,San Antonio Spurs,L,,92,94,1,2,L 1
2015,ATL,2014-11-07,7:00p,@,Charlotte Hornets,L,2OT,119,122,1,3,L 2
2015,ATL,2014-11-08,7:30p,,New York Knicks,W,,103,96,2,3,W 1
2015,ATL,2014-11-10,7:30p,@,New York Knicks,W,,91,85,3,3,W 2
2015,ATL,2014-11-12,7:30p,,Utah Jazz,W,,100,97,4,3,W 3
2015,ATL,2014-11-14,7:30p,,Miami Heat,W,,114,103,5,3,W 4
2015,ATL,2014-11-15,7:30p,@,Cleveland Cavaliers,L,,94,127,5,4,L 1
2015,ATL,2014-11-18,7:30p,,Los Angeles Lakers,L,,109,114,5,5,L 2
2015,ATL,2014-11-21,7:30p,,Detroit Pistons,W,,99,89,6,5,W 1
2015,ATL,2014-11-25,7:00p,@,Washington Wizards,W,,106,102,7,5,W 2
2015,ATL,2014-11-26,7:30p,,Toronto Raptors,L,,115,126,7,6,L 1
2015,ATL,2014-11-28,7:30p,,New Orleans Pelicans,W,,100,91,8,6,W 1
2015,ATL,2014-11-29,7:30p,,Charlotte Hornets,W,,105,75,9,6,W 2
2015,ATL,2014-12-02,7:30p,,Boston Celtics,W,,109,105,10,6,W 3
2015,ATL,2014-12-03,7:30p,@,Miami Heat,W,,112,102,11,6,W 4
2015,ATL,2014-12-05,7:30p,@,Brooklyn Nets,W,,98,75,12,6,W 5
2015,ATL,2014-12-07,3:30p,,Denver Nuggets,W,,96,84,13,6,W 6
2015,ATL,2014-12-08,7:00p,@,Indiana Pacers,W,,108,92,14,6,W 7
2015,ATL,2014-12-10,7:30p,,Philadelphia 76ers,W,,95,79,15,6,W 8
2015,ATL,2014-12-12,7:30p,,Orlando Magic,W,,87,81,16,6,W 9
2015,ATL,2014-12-13,7:00p,@,Orlando Magic,L,,99,100,16,7,L 1
2015,ATL,2014-12-15,7:30p,,Chicago Bulls,W,,93,86,17,7,W 1
2015,ATL,2014-12-17,7:00p,@,Cleveland Cavaliers,W,,127,98,18,7,W 2
2015,ATL,2014-12-20,8:00p,@,Houston Rockets,W,,104,97,19,7,W 3
2015,ATL,2014-12-22,8:30p,@,Dallas Mavericks,W,,105,102,20,7,W 4
2015,ATL,2014-12-23,7:30p,,Los Angeles Clippers,W,,107,104,21,7,W 5
2015,ATL,2014-12-26,7:30p,,Milwaukee Bucks,L,,77,107,21,8,L 1
2015,ATL,2014-12-27,8:30p,@,Milwaukee Bucks,W,,90,85,22,8,W 1
2015,ATL,2014-12-30,7:30p,,Cleveland Cavaliers,W,,109,101,23,8,W 2
2015,ATL,2015-01-02,9:00p,@,Utah Jazz,W,,98,92,24,8,W 3
2015,ATL,2015-01-03,10:00p,@,Portland Trail Blazers,W,,115,107,25,8,W 4
2015,ATL,2015-01-05,10:30p,@,Los Angeles Clippers,W,,107,98,26,8,W 5
2015,ATL,2015-01-07,7:30p,,Memphis Grizzlies,W,,96,86,27,8,W 6
2015,ATL,2015-01-09,7:30p,@,Detroit Pistons,W,,106,103,28,8,W 7
2015,ATL,2015-01-11,3:00p,,Washington Wizards,W,,120,89,29,8,W 8
2015,ATL,2015-01-13,7:00p,@,Philadelphia 76ers,W,,105,87,30,8,W 9
2015,ATL,2015-01-14,8:00p,@,Boston Celtics,W,,105,91,31,8,W 10
2015,ATL,2015-01-16,7:30p,@,Toronto Raptors,W,,110,89,32,8,W 11
2015,ATL,2015-01-17,8:00p,@,Chicago Bulls,W,,107,99,33,8,W 12
2015,ATL,2015-01-19,2:30p,,Detroit Pistons,W,,93,82,34,8,W 13
2015,ATL,2015-01-21,7:30p,,Indiana Pacers,W,,110,91,35,8,W 14
2015,ATL,2015-01-23,7:30p,,Oklahoma City Thunder,W,,103,93,36,8,W 15
2015,ATL,2015-01-25,6:00p,,Minnesota Timberwolves,W,,112,100,37,8,W 16
2015,ATL,2015-01-28,8:00p,,Brooklyn Nets,W,,113,102,38,8,W 17
2015,ATL,2015-01-30,7:30p,,Portland Trail Blazers,W,,105,99,39,8,W 18
2015,ATL,2015-01-31,7:30p,,Philadelphia 76ers,W,,91,85,40,8,W 19
2015,ATL,2015-02-02,8:00p,@,New Orleans Pelicans,L,,100,115,40,9,L 1
2015,ATL,2015-02-04,7:30p,,Washington Wizards,W,,105,96,41,9,W 1
2015,ATL,2015-02-06,7:30p,,Golden State Warriors,W,,124,116,42,9,W 2
2015,ATL,2015-02-08,6:00p,@,Memphis Grizzlies,L,,88,94,42,10,L 1
2015,ATL,2015-02-09,8:00p,@,Minnesota Timberwolves,W,,117,105,43,10,W 1
2015,ATL,2015-02-11,7:30p,@,Boston Celtics,L,,88,89,43,11,L 1
2015,ATL,2015-02-20,7:30p,,Toronto Raptors,L,,80,105,43,12,L 2
2015,ATL,2015-02-22,3:30p,@,Milwaukee Bucks,W,,97,86,44,12,W 1
2015,ATL,2015-02-25,7:30p,,Dallas Mavericks,W,,104,87,45,12,W 2
2015,ATL,2015-02-27,7:30p,,Orlando Magic,W,,95,88,46,12,W 3
2015,ATL,2015-02-28,7:30p,@,Miami Heat,W,,93,91,47,12,W 4
2015,ATL,2015-03-03,7:30p,,Houston Rockets,W,,104,96,48,12,W 5
2015,ATL,2015-03-06,7:30p,,Cleveland Cavaliers,W,,106,97,49,12,W 6
2015,ATL,2015-03-07,7:30p,@,Philadelphia 76ers,L,,84,92,49,13,L 1
2015,ATL,2015-03-09,7:30p,,Sacramento Kings,W,,130,105,50,13,W 1
2015,ATL,2015-03-11,9:00p,@,Denver Nuggets,L,,102,115,50,14,L 1
2015,ATL,2015-03-13,10:00p,@,Phoenix Suns,W,,96,87,51,14,W 1
2015,ATL,2015-03-15,9:30p,@,Los Angeles Lakers,W,,91,86,52,14,W 2
2015,ATL,2015-03-16,10:00p,@,Sacramento Kings,W,,110,103,53,14,W 3
2015,ATL,2015-03-18,10:30p,@,Golden State Warriors,L,,95,114,53,15,L 1
2015,ATL,2015-03-20,8:00p,@,Oklahoma City Thunder,L,,115,123,53,16,L 2
2015,ATL,2015-03-22,3:00p,,San Antonio Spurs,L,,95,114,53,17,L 3
2015,ATL,2015-03-25,7:00p,@,Orlando Magic,W,,95,83,54,17,W 1
2015,ATL,2015-03-27,7:30p,,Miami Heat,W,,99,86,55,17,W 2
2015,ATL,2015-03-28,7:00p,@,Charlotte Hornets,L,,100,115,55,18,L 1
2015,ATL,2015-03-30,7:30p,,Milwaukee Bucks,W,,101,88,56,18,W 1
2015,ATL,2015-03-31,7:30p,@,Detroit Pistons,L,,95,105,56,19,L 1
2015,ATL,2015-04-04,7:30p,,Brooklyn Nets,W,,131,99,57,19,W 1
2015,ATL,2015-04-07,7:30p,,Phoenix Suns,W,,96,69,58,19,W 2
2015,ATL,2015-04-08,7:30p,@,Brooklyn Nets,W,,114,111,59,19,W 3
2015,ATL,2015-04-10,7:30p,,Charlotte Hornets,W,,104,80,60,19,W 4
2015,ATL,2015-04-12,6:00p,@,Washington Wizards,L,,99,108,60,20,L 1
2015,ATL,2015-04-13,7:30p,,New York Knicks,L,,108,112,60,21,L 2
2015,ATL,2015-04-15,8:00p,@,Chicago Bulls,L,,85,91,60,22,L 3
2015,ATL,2015-04-19,5:30p,,Brooklyn Nets,W,,99,92,1,0,W 1
2015,ATL,2015-04-22,7:00p,,Brooklyn Nets,W,,96,91,2,0,W 2
2015,ATL,2015-04-25,3:00p,@,Brooklyn Nets,L,,83,91,2,1,L 1
2015,ATL,2015-04-27,7:00p,@,Brooklyn Nets,L,OT,115,120,2,2,L 2
2015,ATL,2015-04-29,7:00p,,Brooklyn Nets,W,,107,97,3,2,W 1
2015,ATL,2015-05-01,8:00p,@,Brooklyn Nets,W,,111,87,4,2,W 2
2015,ATL,2015-05-03,1:00p,,Washington Wizards,L,,98,104,4,3,L 1
2015,ATL,2015-05-05,8:00p,,Washington Wizards,W,,106,90,5,3,W 1
2015,ATL,2015-05-09,5:00p,@,Washington Wizards,L,,101,103,5,4,L 1
2015,ATL,2015-05-11,7:00p,@,Washington Wizards,W,,106,101,6,4,W 1
2015,ATL,2015-05-13,8:00p,,Washington Wizards,W,,82,81,7,4,W 2
2015,ATL,2015-05-15,7:00p,@,Washington Wizards,W,,94,91,8,4,W 3
2015,ATL,2015-05-20,8:30p,,Cleveland Cavaliers,L,,89,97,8,5,L 1
2015,ATL,2015-05-22,8:30p,,Cleveland Cavaliers,L,,82,94,8,6,L 2
2015,ATL,2015-05-24,8:30p,@,Cleveland Cavaliers,L,OT,111,114,8,7,L 3
2015,ATL,2015-05-26,8:30p,@,Cleveland Cavaliers,L,,88,118,8,8,L 4
2015,BOS,2014-10-29,7:30p,,Brooklyn Nets,W,,121,105,1,0,W 1
2015,BOS,2014-11-01,8:00p,@,Houston Rockets,L,,90,104,1,1,L 1
2015,BOS,2014-11-03,8:30p,@,Dallas Mavericks,L,,113,118,1,2,L 2
2015,BOS,2014-11-05,7:30p,,Toronto Raptors,L,,107,110,1,3,L 3
2015,BOS,2014-11-07,7:30p,,Indiana Pacers,W,,101,98,2,3,W 1
2015,BOS,2014-11-08,8:00p,@,Chicago Bulls,W,,106,101,3,3,W 2
2015,BOS,2014-11-12,7:30p,,Oklahoma City Thunder,L,,94,109,3,4,L 1
2015,BOS,2014-11-14,7:30p,,Cleveland Cavaliers,L,,121,122,3,5,L 2
2015,BOS,2014-11-17,7:30p,,Phoenix Suns,L,,114,118,3,6,L 3
2015,BOS,2014-11-19,7:00p,@,Philadelphia 76ers,W,,101,90,4,6,W 1
2015,BOS,2014-11-21,8:00p,@,Memphis Grizzlies,L,,100,117,4,7,L 1
2015,BOS,2014-11-23,6:00p,,Portland Trail Blazers,L,,88,94,4,8,L 2
2015,BOS,2014-11-28,1:00p,,Chicago Bulls,L,,102,109,4,9,L 3
2015,BOS,2014-11-30,1:00p,,San Antonio Spurs,L,,89,111,4,10,L 4
2015,BOS,2014-12-02,7:30p,@,Atlanta Hawks,L,,105,109,4,11,L 5
2015,BOS,2014-12-03,7:30p,,Detroit Pistons,W,OT,109,102,5,11,W 1
2015,BOS,2014-12-05,7:30p,,Los Angeles Lakers,W,,113,96,6,11,W 2
2015,BOS,2014-12-07,1:00p,,Washington Wizards,W,,101,93,7,11,W 3
2015,BOS,2014-12-08,7:00p,@,Washington Wizards,L,2OT,132,133,7,12,L 1
2015,BOS,2014-12-10,7:00p,@,Charlotte Hornets,L,,87,96,7,13,L 2
2015,BOS,2014-12-12,7:30p,,New York Knicks,L,,95,101,7,14,L 3
2015,BOS,2014-12-15,7:00p,@,Philadelphia 76ers,W,,105,87,8,14,W 1
2015,BOS,2014-12-17,7:30p,,Orlando Magic,W,,109,92,9,14,W 2
2015,BOS,2014-12-19,7:30p,,Minnesota Timberwolves,W,,114,98,10,14,W 3
2015,BOS,2014-12-21,6:00p,@,Miami Heat,L,,84,100,10,15,L 1
2015,BOS,2014-12-23,7:00p,@,Orlando Magic,L,,95,100,10,16,L 2
2015,BOS,2014-12-26,1:00p,,Brooklyn Nets,L,,107,109,10,17,L 3
2015,BOS,2014-12-27,7:00p,@,Washington Wizards,L,,88,101,10,18,L 4
2015,BOS,2014-12-31,1:00p,,Sacramento Kings,W,,106,84,11,18,W 1
2015,BOS,2015-01-02,7:30p,,Dallas Mavericks,L,,101,119,11,19,L 1
2015,BOS,2015-01-03,8:00p,@,Chicago Bulls,L,OT,104,109,11,20,L 2
2015,BOS,2015-01-05,7:30p,,Charlotte Hornets,L,,95,104,11,21,L 3
2015,BOS,2015-01-07,7:30p,@,Brooklyn Nets,W,,89,81,12,21,W 1
2015,BOS,2015-01-09,7:00p,@,Indiana Pacers,L,OT,103,107,12,22,L 1
2015,BOS,2015-01-10,7:30p,@,Toronto Raptors,L,,96,109,12,23,L 2
2015,BOS,2015-01-12,7:30p,,New Orleans Pelicans,W,,108,100,13,23,W 1
2015,BOS,2015-01-14,8:00p,,Atlanta Hawks,L,,91,105,13,24,L 1
2015,BOS,2015-01-16,7:30p,,Chicago Bulls,L,,103,119,13,25,L 2
2015,BOS,2015-01-19,3:30p,@,Los Angeles Clippers,L,,93,102,13,26,L 3
2015,BOS,2015-01-22,10:00p,@,Portland Trail Blazers,W,,90,89,14,26,W 1
2015,BOS,2015-01-23,9:00p,@,Denver Nuggets,W,,100,99,15,26,W 2
2015,BOS,2015-01-25,8:00p,@,Golden State Warriors,L,,111,114,15,27,L 1
2015,BOS,2015-01-26,9:00p,@,Utah Jazz,W,,99,90,16,27,W 1
2015,BOS,2015-01-28,8:00p,@,Minnesota Timberwolves,L,,98,110,16,28,L 1
2015,BOS,2015-01-30,7:30p,,Houston Rockets,L,,87,93,16,29,L 2
2015,BOS,2015-02-01,1:00p,,Miami Heat,L,,75,83,16,30,L 3
2015,BOS,2015-02-03,7:30p,@,New York Knicks,W,,108,97,17,30,W 1
2015,BOS,2015-02-04,7:30p,,Denver Nuggets,W,,104,100,18,30,W 2
2015,BOS,2015-02-06,7:30p,,Philadelphia 76ers,W,,107,96,19,30,W 3
2015,BOS,2015-02-07,8:30p,@,Milwaukee Bucks,L,,93,96,19,31,L 1
2015,BOS,2015-02-11,7:30p,,Atlanta Hawks,W,,89,88,20,31,W 1
2015,BOS,2015-02-20,10:00p,@,Sacramento Kings,L,,101,109,20,32,L 1
2015,BOS,2015-02-22,9:30p,@,Los Angeles Lakers,L,OT,111,118,20,33,L 2
2015,BOS,2015-02-23,9:00p,@,Phoenix Suns,W,,115,110,21,33,W 1
2015,BOS,2015-02-25,7:30p,,New York Knicks,W,,115,94,22,33,W 2
2015,BOS,2015-02-27,7:30p,,Charlotte Hornets,W,,106,98,23,33,W 3
2015,BOS,2015-03-01,6:00p,,Golden State Warriors,L,,101,106,23,34,L 1
2015,BOS,2015-03-03,7:00p,@,Cleveland Cavaliers,L,,79,110,23,35,L 2
2015,BOS,2015-03-04,7:30p,,Utah Jazz,W,,85,84,24,35,W 1
2015,BOS,2015-03-06,8:00p,@,New Orleans Pelicans,W,,104,98,25,35,W 2
2015,BOS,2015-03-08,6:00p,@,Orlando Magic,L,,98,103,25,36,L 1
2015,BOS,2015-03-09,7:30p,@,Miami Heat,W,,100,90,26,36,W 1
2015,BOS,2015-03-11,7:30p,,Memphis Grizzlies,W,,95,92,27,36,W 2
2015,BOS,2015-03-13,7:30p,,Orlando Magic,W,,95,88,28,36,W 3
2015,BOS,2015-03-14,7:00p,@,Indiana Pacers,W,,93,89,29,36,W 4
2015,BOS,2015-03-16,7:30p,,Philadelphia 76ers,W,,108,89,30,36,W 5
2015,BOS,2015-03-18,8:00p,@,Oklahoma City Thunder,L,,118,122,30,37,L 1
2015,BOS,2015-03-20,8:30p,@,San Antonio Spurs,L,,89,101,30,38,L 2
2015,BOS,2015-03-22,6:00p,,Detroit Pistons,L,OT,97,105,30,39,L 3
2015,BOS,2015-03-23,7:30p,@,Brooklyn Nets,W,,110,91,31,39,W 1
2015,BOS,2015-03-25,7:30p,,Miami Heat,L,,86,93,31,40,L 1
2015,BOS,2015-03-27,7:30p,@,New York Knicks,W,,96,92,32,40,W 1
2015,BOS,2015-03-29,6:00p,,Los Angeles Clippers,L,,106,119,32,41,L 1
2015,BOS,2015-03-30,7:00p,@,Charlotte Hornets,W,,116,104,33,41,W 1
2015,BOS,2015-04-01,7:30p,,Indiana Pacers,W,,100,87,34,41,W 2
2015,BOS,2015-04-03,7:30p,,Milwaukee Bucks,L,,101,110,34,42,L 1
2015,BOS,2015-04-04,7:30p,@,Toronto Raptors,W,OT,117,116,35,42,W 1
2015,BOS,2015-04-08,7:00p,@,Detroit Pistons,W,,113,103,36,42,W 2
2015,BOS,2015-04-10,7:30p,@,Cleveland Cavaliers,W,,99,90,37,42,W 3
2015,BOS,2015-04-12,3:00p,,Cleveland Cavaliers,W,,117,78,38,42,W 4
2015,BOS,2015-04-14,7:30p,,Toronto Raptors,W,,95,93,39,42,W 5
2015,BOS,2015-04-15,8:00p,@,Milwaukee Bucks,W,,105,100,40,42,W 6
2015,BOS,2015-04-19,3:00p,@,Cleveland Cavaliers,L,,100,113,0,1,L 1
2015,BOS,2015-04-21,7:00p,@,Cleveland Cavaliers,L,,91,99,0,2,L 2
2015,BOS,2015-04-23,7:00p,,Cleveland Cavaliers,L,,95,103,0,3,L 3
2015,BOS,2015-04-26,1:00p,,Cleveland Cavaliers,L,,93,101,0,4,L 4
2015,BRK,2014-10-29,7:30p,@,Boston Celtics,L,,105,121,0,1,L 1
2015,BRK,2014-11-01,7:30p,@,Detroit Pistons,W,,102,90,1,1,W 1
2015,BRK,2014-11-03,7:30p,,Oklahoma City Thunder,W,,116,85,2,1,W 2
2015,BRK,2014-11-05,7:30p,,Minnesota Timberwolves,L,,91,98,2,2,L 1
2015,BRK,2014-11-07,7:30p,,New York Knicks,W,,110,99,3,2,W 1
2015,BRK,2014-11-09,3:30p,,Orlando Magic,W,,104,96,4,2,W 2
2015,BRK,2014-11-12,9:00p,@,Phoenix Suns,L,,104,112,4,3,L 1
2015,BRK,2014-11-13,10:30p,@,Golden State Warriors,L,,99,107,4,4,L 2
2015,BRK,2014-11-15,10:00p,@,Portland Trail Blazers,L,,87,97,4,5,L 3
2015,BRK,2014-11-17,7:30p,,Miami Heat,L,,83,95,4,6,L 4
2015,BRK,2014-11-19,7:30p,,Milwaukee Bucks,L,3OT,118,122,4,7,L 5
2015,BRK,2014-11-21,8:00p,@,Oklahoma City Thunder,W,,94,92,5,7,W 1
2015,BRK,2014-11-22,8:30p,@,San Antonio Spurs,L,,87,99,5,8,L 1
2015,BRK,2014-11-26,7:00p,@,Philadelphia 76ers,W,,99,91,6,8,W 1
2015,BRK,2014-11-30,3:00p,,Chicago Bulls,L,,84,102,6,9,L 1
2015,BRK,2014-12-02,7:30p,@,New York Knicks,W,,98,93,7,9,W 1
2015,BRK,2014-12-03,7:30p,,San Antonio Spurs,W,OT,95,93,8,9,W 2
2015,BRK,2014-12-05,7:30p,,Atlanta Hawks,L,,75,98,8,10,L 1
2015,BRK,2014-12-08,7:30p,,Cleveland Cavaliers,L,,88,110,8,11,L 2
2015,BRK,2014-12-10,8:00p,@,Chicago Bulls,L,,80,105,8,12,L 3
2015,BRK,2014-12-12,7:30p,,Philadelphia 76ers,W,,88,70,9,12,W 1
2015,BRK,2014-12-13,7:00p,@,Charlotte Hornets,W,,114,87,10,12,W 2
2015,BRK,2014-12-16,7:30p,,Miami Heat,L,,91,95,10,13,L 1
2015,BRK,2014-12-17,8:00p,@,Toronto Raptors,L,,89,105,10,14,L 2
2015,BRK,2014-12-19,7:30p,@,Cleveland Cavaliers,L,,91,95,10,15,L 3
2015,BRK,2014-12-21,6:00p,,Detroit Pistons,W,,110,105,11,15,W 1
2015,BRK,2014-12-23,7:30p,,Denver Nuggets,W,,102,96,12,15,W 2
2015,BRK,2014-12-26,1:00p,@,Boston Celtics,W,,109,107,13,15,W 3
2015,BRK,2014-12-27,8:00p,,Indiana Pacers,L,,85,110,13,16,L 1
2015,BRK,2014-12-29,7:30p,,Sacramento Kings,W,,107,99,14,16,W 1
2015,BRK,2014-12-30,8:00p,@,Chicago Bulls,W,,96,82,15,16,W 2
2015,BRK,2015-01-02,7:00p,@,Orlando Magic,W,,100,98,16,16,W 3
2015,BRK,2015-01-04,6:00p,@,Miami Heat,L,,84,88,16,17,L 1
2015,BRK,2015-01-05,7:30p,,Dallas Mavericks,L,OT,88,96,16,18,L 2
2015,BRK,2015-01-07,7:30p,,Boston Celtics,L,,81,89,16,19,L 3
2015,BRK,2015-01-09,7:30p,,Philadelphia 76ers,L,,88,90,16,20,L 4
2015,BRK,2015-01-10,7:30p,@,Detroit Pistons,L,,93,98,16,21,L 5
2015,BRK,2015-01-12,7:30p,,Houston Rockets,L,,99,113,16,22,L 6
2015,BRK,2015-01-14,7:30p,,Memphis Grizzlies,L,,92,103,16,23,L 7
2015,BRK,2015-01-16,7:00p,@,Washington Wizards,W,,102,80,17,23,W 1
2015,BRK,2015-01-17,8:00p,,Washington Wizards,L,,90,99,17,24,L 1
2015,BRK,2015-01-21,10:00p,@,Sacramento Kings,W,,103,100,18,24,W 1
2015,BRK,2015-01-22,10:30p,@,Los Angeles Clippers,L,,84,123,18,25,L 1
2015,BRK,2015-01-24,9:00p,@,Utah Jazz,L,,73,108,18,26,L 2
2015,BRK,2015-01-28,8:00p,@,Atlanta Hawks,L,,102,113,18,27,L 3
2015,BRK,2015-01-30,7:30p,,Toronto Raptors,L,OT,122,127,18,28,L 4
2015,BRK,2015-02-02,7:30p,,Los Angeles Clippers,W,,102,100,19,28,W 1
2015,BRK,2015-02-04,7:30p,@,Toronto Raptors,W,,109,93,20,28,W 2
2015,BRK,2015-02-06,7:00p,,New York Knicks,W,,92,88,21,28,W 3
2015,BRK,2015-02-07,7:00p,@,Washington Wizards,L,,77,114,21,29,L 1
2015,BRK,2015-02-09,8:00p,@,Milwaukee Bucks,L,,97,103,21,30,L 2
2015,BRK,2015-02-10,8:00p,@,Memphis Grizzlies,L,,86,95,21,31,L 3
2015,BRK,2015-02-20,10:30p,@,Los Angeles Lakers,W,,114,105,22,31,W 1
2015,BRK,2015-02-23,9:00p,@,Denver Nuggets,W,,110,82,23,31,W 2
2015,BRK,2015-02-25,8:00p,@,New Orleans Pelicans,L,,96,102,23,32,L 1
2015,BRK,2015-02-27,8:00p,@,Houston Rockets,L,,98,102,23,33,L 2
2015,BRK,2015-02-28,8:30p,@,Dallas Mavericks,W,,104,94,24,33,W 1
2015,BRK,2015-03-02,7:30p,,Golden State Warriors,W,,110,108,25,33,W 2
2015,BRK,2015-03-04,7:30p,,Charlotte Hornets,L,,91,115,25,34,L 1
2015,BRK,2015-03-06,8:00p,,Phoenix Suns,L,OT,100,108,25,35,L 2
2015,BRK,2015-03-08,6:00p,,Utah Jazz,L,,88,95,25,36,L 3
2015,BRK,2015-03-10,7:30p,,New Orleans Pelicans,L,,91,111,25,37,L 4
2015,BRK,2015-03-11,7:30p,@,Miami Heat,L,,98,104,25,38,L 5
2015,BRK,2015-03-14,7:30p,@,Philadelphia 76ers,W,,94,87,26,38,W 1
2015,BRK,2015-03-16,8:00p,@,Minnesota Timberwolves,W,,122,106,27,38,W 2
2015,BRK,2015-03-18,7:00p,@,Cleveland Cavaliers,L,,92,117,27,39,L 1
2015,BRK,2015-03-20,7:30p,,Milwaukee Bucks,W,3OT,129,127,28,39,W 1
2015,BRK,2015-03-21,7:00p,@,Indiana Pacers,W,,123,111,29,39,W 2
2015,BRK,2015-03-23,7:30p,,Boston Celtics,L,,91,110,29,40,L 1
2015,BRK,2015-03-25,7:00p,@,Charlotte Hornets,W,,91,88,30,40,W 1
2015,BRK,2015-03-27,7:30p,,Cleveland Cavaliers,W,,106,98,31,40,W 2
2015,BRK,2015-03-29,3:30p,,Los Angeles Lakers,W,,107,99,32,40,W 3
2015,BRK,2015-03-31,7:30p,,Indiana Pacers,W,,111,106,33,40,W 4
2015,BRK,2015-04-01,7:30p,@,New York Knicks,W,,100,98,34,40,W 5
2015,BRK,2015-04-03,7:30p,,Toronto Raptors,W,,114,109,35,40,W 6
2015,BRK,2015-04-04,7:30p,@,Atlanta Hawks,L,,99,131,35,41,L 1
2015,BRK,2015-04-06,7:00p,,Portland Trail Blazers,W,,106,96,36,41,W 1
2015,BRK,2015-04-08,7:30p,,Atlanta Hawks,L,,111,114,36,42,L 1
2015,BRK,2015-04-10,7:30p,,Washington Wizards,W,,117,80,37,42,W 1
2015,BRK,2015-04-12,3:00p,@,Milwaukee Bucks,L,,73,96,37,43,L 1
2015,BRK,2015-04-13,7:30p,,Chicago Bulls,L,,86,113,37,44,L 2
2015,BRK,2015-04-15,8:00p,,Orlando Magic,W,,101,88,38,44,W 1
2015,BRK,2015-04-19,5:30p,@,Atlanta Hawks,L,,92,99,0,1,L 1
2015,BRK,2015-04-22,7:00p,@,Atlanta Hawks,L,,91,96,0,2,L 2
2015,BRK,2015-04-25,3:00p,,Atlanta Hawks,W,,91,83,1,2,W 1
2015,BRK,2015-04-27,7:00p,,Atlanta Hawks,W,OT,120,115,2,2,W 2
2015,BRK,2015-04-29,7:00p,@,Atlanta Hawks,L,,97,107,2,3,L 1
2015,BRK,2015-05-01,8:00p,,Atlanta Hawks,L,,87,111,2,4,L 2
2015,CHI,2014-10-29,8:00p,@,New York Knicks,W,,104,80,1,0,W 1
2015,CHI,2014-10-31,8:00p,,Cleveland Cavaliers,L,OT,108,114,1,1,L 1
2015,CHI,2014-11-01,8:00p,@,Minnesota Timberwolves,W,,106,105,2,1,W 1
2015,CHI,2014-11-04,8:00p,,Orlando Magic,W,,98,90,3,1,W 2
2015,CHI,2014-11-05,8:00p,@,Milwaukee Bucks,W,,95,86,4,1,W 3
2015,CHI,2014-11-07,7:00p,@,Philadelphia 76ers,W,,118,115,5,1,W 4
2015,CHI,2014-11-08,8:00p,,Boston Celtics,L,,101,106,5,2,L 1
2015,CHI,2014-11-10,8:00p,,Detroit Pistons,W,,102,91,6,2,W 1
2015,CHI,2014-11-13,8:00p,@,Toronto Raptors,W,,100,93,7,2,W 2
2015,CHI,2014-11-15,8:00p,,Indiana Pacers,L,,90,99,7,3,L 1
2015,CHI,2014-11-17,10:30p,@,Los Angeles Clippers,W,,105,89,8,3,W 1
2015,CHI,2014-11-20,10:30p,@,Sacramento Kings,L,,88,103,8,4,L 1
2015,CHI,2014-11-21,10:30p,@,Portland Trail Blazers,L,,87,105,8,5,L 2
2015,CHI,2014-11-24,9:00p,@,Utah Jazz,W,,97,95,9,5,W 1
2015,CHI,2014-11-25,9:00p,@,Denver Nuggets,L,,109,114,9,6,L 1
2015,CHI,2014-11-28,1:00p,@,Boston Celtics,W,,109,102,10,6,W 1
2015,CHI,2014-11-30,3:00p,@,Brooklyn Nets,W,,102,84,11,6,W 2
2015,CHI,2014-12-02,8:00p,,Dallas Mavericks,L,2OT,129,132,11,7,L 1
2015,CHI,2014-12-03,7:00p,@,Charlotte Hornets,W,,102,95,12,7,W 1
2015,CHI,2014-12-06,8:00p,,Golden State Warriors,L,,102,112,12,8,L 1
2015,CHI,2014-12-10,8:00p,,Brooklyn Nets,W,,105,80,13,8,W 1
2015,CHI,2014-12-12,7:00p,,Portland Trail Blazers,W,,115,106,14,8,W 2
2015,CHI,2014-12-14,6:00p,@,Miami Heat,W,,93,75,15,8,W 3
2015,CHI,2014-12-15,7:30p,@,Atlanta Hawks,L,,86,93,15,9,L 1
2015,CHI,2014-12-18,8:00p,,New York Knicks,W,,103,97,16,9,W 1
2015,CHI,2014-12-19,8:00p,@,Memphis Grizzlies,W,,103,97,17,9,W 2
2015,CHI,2014-12-22,8:00p,,Toronto Raptors,W,,129,120,18,9,W 3
2015,CHI,2014-12-23,7:00p,@,Washington Wizards,W,,99,91,19,9,W 4
2015,CHI,2014-12-25,8:00p,,Los Angeles Lakers,W,,113,93,20,9,W 5
2015,CHI,2014-12-27,8:00p,,New Orleans Pelicans,W,,107,100,21,9,W 6
2015,CHI,2014-12-29,7:00p,@,Indiana Pacers,W,,92,90,22,9,W 7
2015,CHI,2014-12-30,8:00p,,Brooklyn Nets,L,,82,96,22,10,L 1
2015,CHI,2015-01-01,8:00p,,Denver Nuggets,W,,106,101,23,10,W 1
2015,CHI,2015-01-03,8:00p,,Boston Celtics,W,OT,109,104,24,10,W 2
2015,CHI,2015-01-05,8:00p,,Houston Rockets,W,,114,105,25,10,W 3
2015,CHI,2015-01-07,8:00p,,Utah Jazz,L,,77,97,25,11,L 1
2015,CHI,2015-01-09,8:00p,@,Washington Wizards,L,,86,102,25,12,L 2
2015,CHI,2015-01-10,8:00p,,Milwaukee Bucks,W,,95,87,26,12,W 1
2015,CHI,2015-01-12,8:00p,,Orlando Magic,L,,114,121,26,13,L 1
2015,CHI,2015-01-14,8:00p,,Washington Wizards,L,,99,105,26,14,L 2
2015,CHI,2015-01-16,7:30p,@,Boston Celtics,W,,119,103,27,14,W 1
2015,CHI,2015-01-17,8:00p,,Atlanta Hawks,L,,99,107,27,15,L 1
2015,CHI,2015-01-19,7:30p,@,Cleveland Cavaliers,L,,94,108,27,16,L 2
2015,CHI,2015-01-22,8:00p,,San Antonio Spurs,W,,104,81,28,16,W 1
2015,CHI,2015-01-23,8:00p,@,Dallas Mavericks,W,,102,98,29,16,W 2
2015,CHI,2015-01-25,1:00p,,Miami Heat,L,,84,96,29,17,L 1
2015,CHI,2015-01-27,10:30p,@,Golden State Warriors,W,OT,113,111,30,17,W 1
2015,CHI,2015-01-29,10:30p,@,Los Angeles Lakers,L,2OT,118,123,30,18,L 1
2015,CHI,2015-01-30,10:30p,@,Phoenix Suns,L,,93,99,30,19,L 2
2015,CHI,2015-02-04,8:00p,@,Houston Rockets,L,,90,101,30,20,L 3
2015,CHI,2015-02-07,7:00p,@,New Orleans Pelicans,W,,107,72,31,20,W 1
2015,CHI,2015-02-08,6:00p,@,Orlando Magic,W,,98,97,32,20,W 2
2015,CHI,2015-02-10,8:00p,,Sacramento Kings,W,,104,86,33,20,W 3
2015,CHI,2015-02-12,8:00p,,Cleveland Cavaliers,W,,113,98,34,20,W 4
2015,CHI,2015-02-20,7:30p,@,Detroit Pistons,L,,91,100,34,21,L 1
2015,CHI,2015-02-21,8:00p,,Phoenix Suns,W,,112,107,35,21,W 1
2015,CHI,2015-02-23,8:00p,,Milwaukee Bucks,W,,87,71,36,21,W 2
2015,CHI,2015-02-25,8:00p,,Charlotte Hornets,L,,86,98,36,22,L 1
2015,CHI,2015-02-27,8:00p,,Minnesota Timberwolves,W,,96,89,37,22,W 1
2015,CHI,2015-03-01,1:00p,,Los Angeles Clippers,L,,86,96,37,23,L 1
2015,CHI,2015-03-03,8:00p,,Washington Wizards,W,,97,92,38,23,W 1
2015,CHI,2015-03-05,8:00p,,Oklahoma City Thunder,W,,108,105,39,23,W 2
2015,CHI,2015-03-06,7:00p,@,Indiana Pacers,L,,84,98,39,24,L 1
2015,CHI,2015-03-08,1:00p,@,San Antonio Spurs,L,,105,116,39,25,L 2
2015,CHI,2015-03-09,8:00p,,Memphis Grizzlies,L,,91,101,39,26,L 3
2015,CHI,2015-03-11,7:00p,@,Philadelphia 76ers,W,OT,104,95,40,26,W 1
2015,CHI,2015-03-13,7:00p,@,Charlotte Hornets,L,,91,101,40,27,L 1
2015,CHI,2015-03-15,1:00p,@,Oklahoma City Thunder,L,,100,109,40,28,L 2
2015,CHI,2015-03-18,8:00p,,Indiana Pacers,W,,103,86,41,28,W 1
2015,CHI,2015-03-20,8:00p,,Toronto Raptors,W,,108,92,42,28,W 2
2015,CHI,2015-03-21,7:30p,@,Detroit Pistons,L,,91,107,42,29,L 1
2015,CHI,2015-03-23,8:00p,,Charlotte Hornets,W,,98,86,43,29,W 1
2015,CHI,2015-03-25,7:00p,@,Toronto Raptors,W,,116,103,44,29,W 2
2015,CHI,2015-03-28,8:00p,,New York Knicks,W,,111,80,45,29,W 3
2015,CHI,2015-04-01,8:00p,@,Milwaukee Bucks,L,,91,95,45,30,L 1
2015,CHI,2015-04-03,8:00p,,Detroit Pistons,W,,88,82,46,30,W 1
2015,CHI,2015-04-05,3:30p,@,Cleveland Cavaliers,L,,94,99,46,31,L 1
2015,CHI,2015-04-08,7:00p,@,Orlando Magic,L,,103,105,46,32,L 2
2015,CHI,2015-04-09,8:00p,@,Miami Heat,W,,89,78,47,32,W 1
2015,CHI,2015-04-11,8:00p,,Philadelphia 76ers,W,,114,107,48,32,W 2
2015,CHI,2015-04-13,7:30p,@,Brooklyn Nets,W,,113,86,49,32,W 3
2015,CHI,2015-04-15,8:00p,,Atlanta Hawks,W,,91,85,50,32,W 4
2015,CHI,2015-04-18,7:00p,,Milwaukee Bucks,W,,103,91,1,0,W 1
2015,CHI,2015-04-20,8:00p,,Milwaukee Bucks,W,,91,82,2,0,W 2
2015,CHI,2015-04-23,8:00p,@,Milwaukee Bucks,W,2OT,113,106,3,0,W 3
2015,CHI,2015-04-25,5:30p,@,Milwaukee Bucks,L,,90,92,3,1,L 1
2015,CHI,2015-04-27,8:00p,,Milwaukee Bucks,L,,88,94,3,2,L 2
2015,CHI,2015-04-30,7:00p,@,Milwaukee Bucks,W,,120,66,4,2,W 1
2015,CHI,2015-05-04,7:00p,@,Cleveland Cavaliers,W,,99,92,5,2,W 2
2015,CHI,2015-05-06,7:00p,@,Cleveland Cavaliers,L,,91,106,5,3,L 1
2015,CHI,2015-05-08,8:00p,,Cleveland Cavaliers,W,,99,96,6,3,W 1
2015,CHI,2015-05-10,3:30p,,Cleveland Cavaliers,L,,84,86,6,4,L 1
2015,CHI,2015-05-12,7:00p,@,Cleveland Cavaliers,L,,101,106,6,5,L 2
2015,CHI,2015-05-14,8:00p,,Cleveland Cavaliers,L,,73,94,6,6,L 3
2015,CHO,2014-10-29,7:00p,,Milwaukee Bucks,W,OT,108,106,1,0,W 1
2015,CHO,2014-11-01,7:00p,,Memphis Grizzlies,L,,69,71,1,1,L 1
2015,CHO,2014-11-02,7:30p,@,New York Knicks,L,,93,96,1,2,L 2
2015,CHO,2014-11-04,8:00p,@,New Orleans Pelicans,L,,91,100,1,3,L 3
2015,CHO,2014-11-05,7:00p,,Miami Heat,W,,96,89,2,3,W 1
2015,CHO,2014-11-07,7:00p,,Atlanta Hawks,W,2OT,122,119,3,3,W 2
2015,CHO,2014-11-09,9:30p,@,Los Angeles Lakers,L,,92,107,3,4,L 1
2015,CHO,2014-11-11,10:00p,@,Portland Trail Blazers,L,,100,102,3,5,L 2
2015,CHO,2014-11-14,9:00p,@,Phoenix Suns,W,,103,95,4,5,W 1
2015,CHO,2014-11-15,10:30p,@,Golden State Warriors,L,,87,112,4,6,L 1
2015,CHO,2014-11-17,7:00p,,Dallas Mavericks,L,,80,107,4,7,L 2
2015,CHO,2014-11-19,7:00p,@,Indiana Pacers,L,,86,88,4,8,L 3
2015,CHO,2014-11-21,7:00p,,Orlando Magic,L,,100,105,4,9,L 4
2015,CHO,2014-11-23,6:00p,@,Miami Heat,L,,93,94,4,10,L 5
2015,CHO,2014-11-24,7:00p,,Los Angeles Clippers,L,,92,113,4,11,L 6
2015,CHO,2014-11-26,7:00p,,Portland Trail Blazers,L,,97,105,4,12,L 7
2015,CHO,2014-11-28,7:00p,,Golden State Warriors,L,,101,106,4,13,L 8
2015,CHO,2014-11-29,7:30p,@,Atlanta Hawks,L,,75,105,4,14,L 9
2015,CHO,2014-12-03,7:00p,,Chicago Bulls,L,,95,102,4,15,L 10
2015,CHO,2014-12-05,7:00p,,New York Knicks,W,,103,102,5,15,W 1
2015,CHO,2014-12-10,7:00p,,Boston Celtics,W,,96,87,6,15,W 2
2015,CHO,2014-12-12,8:00p,@,Memphis Grizzlies,L,2OT,107,113,6,16,L 1
2015,CHO,2014-12-13,7:00p,,Brooklyn Nets,L,,87,114,6,17,L 2
2015,CHO,2014-12-15,7:00p,@,Cleveland Cavaliers,L,,88,97,6,18,L 3
2015,CHO,2014-12-17,7:00p,,Phoenix Suns,L,,106,111,6,19,L 4
2015,CHO,2014-12-19,7:00p,@,Philadelphia 76ers,W,,109,91,7,19,W 1
2015,CHO,2014-12-20,7:00p,,Utah Jazz,W,,104,86,8,19,W 2
2015,CHO,2014-12-22,7:00p,,Denver Nuggets,W,,110,82,9,19,W 3
2015,CHO,2014-12-23,8:00p,@,Milwaukee Bucks,W,,108,101,10,19,W 4
2015,CHO,2014-12-26,8:00p,@,Oklahoma City Thunder,L,,75,98,10,20,L 1
2015,CHO,2014-12-27,7:00p,,Orlando Magic,L,,94,102,10,21,L 2
2015,CHO,2014-12-29,7:00p,,Milwaukee Bucks,L,OT,94,104,10,22,L 3
2015,CHO,2014-12-31,7:00p,@,Houston Rockets,L,,83,102,10,23,L 4
2015,CHO,2015-01-02,7:00p,,Cleveland Cavaliers,L,,87,91,10,24,L 5
2015,CHO,2015-01-03,7:00p,@,Orlando Magic,W,,98,90,11,24,W 1
2015,CHO,2015-01-05,7:30p,@,Boston Celtics,W,,104,95,12,24,W 2
2015,CHO,2015-01-07,7:00p,,New Orleans Pelicans,W,,98,94,13,24,W 3
2015,CHO,2015-01-08,7:30p,@,Toronto Raptors,W,,103,95,14,24,W 4
2015,CHO,2015-01-10,1:00p,@,New York Knicks,W,,110,82,15,24,W 5
2015,CHO,2015-01-14,7:00p,,San Antonio Spurs,L,,93,98,15,25,L 1
2015,CHO,2015-01-17,7:00p,,Indiana Pacers,W,OT,80,71,16,25,W 1
2015,CHO,2015-01-19,2:00p,,Minnesota Timberwolves,W,,105,80,17,25,W 2
2015,CHO,2015-01-21,7:00p,,Miami Heat,W,,78,76,18,25,W 3
2015,CHO,2015-01-23,7:30p,@,Cleveland Cavaliers,L,,90,129,18,26,L 1
2015,CHO,2015-01-24,7:00p,,New York Knicks,W,,76,71,19,26,W 1
2015,CHO,2015-01-28,8:30p,@,San Antonio Spurs,L,,86,95,19,27,L 1
2015,CHO,2015-01-31,9:00p,@,Denver Nuggets,W,,104,86,20,27,W 1
2015,CHO,2015-02-02,7:00p,@,Washington Wizards,W,,92,88,21,27,W 2
2015,CHO,2015-02-05,7:00p,,Washington Wizards,W,,94,87,22,27,W 3
2015,CHO,2015-02-07,7:30p,@,Philadelphia 76ers,L,,81,89,22,28,L 1
2015,CHO,2015-02-08,6:00p,,Indiana Pacers,L,,102,103,22,29,L 2
2015,CHO,2015-02-10,7:00p,,Detroit Pistons,L,,78,106,22,30,L 3
2015,CHO,2015-02-21,7:00p,,Oklahoma City Thunder,L,,103,110,22,31,L 4
2015,CHO,2015-02-22,7:30p,@,Dallas Mavericks,L,,81,92,22,32,L 5
2015,CHO,2015-02-25,8:00p,@,Chicago Bulls,W,,98,86,23,32,W 1
2015,CHO,2015-02-27,7:30p,@,Boston Celtics,L,,98,106,23,33,L 1
2015,CHO,2015-03-01,6:00p,@,Orlando Magic,W,,98,83,24,33,W 1
2015,CHO,2015-03-03,7:00p,,Los Angeles Lakers,W,,104,103,25,33,W 2
2015,CHO,2015-03-04,7:30p,@,Brooklyn Nets,W,,115,91,26,33,W 3
2015,CHO,2015-03-06,7:00p,,Toronto Raptors,W,,103,94,27,33,W 4
2015,CHO,2015-03-08,6:00p,@,Detroit Pistons,W,,108,101,28,33,W 5
2015,CHO,2015-03-09,7:00p,,Washington Wizards,L,,69,95,28,34,L 1
2015,CHO,2015-03-11,7:00p,,Sacramento Kings,L,,106,113,28,35,L 2
2015,CHO,2015-03-13,7:00p,,Chicago Bulls,W,,101,91,29,35,W 1
2015,CHO,2015-03-16,9:00p,@,Utah Jazz,L,,66,94,29,36,L 1
2015,CHO,2015-03-17,10:30p,@,Los Angeles Clippers,L,,92,99,29,37,L 2
2015,CHO,2015-03-20,10:00p,@,Sacramento Kings,L,,91,101,29,38,L 3
2015,CHO,2015-03-22,7:00p,@,Minnesota Timberwolves,W,,109,98,30,38,W 1
2015,CHO,2015-03-23,8:00p,@,Chicago Bulls,L,,86,98,30,39,L 1
2015,CHO,2015-03-25,7:00p,,Brooklyn Nets,L,,88,91,30,40,L 2
2015,CHO,2015-03-27,7:00p,@,Washington Wizards,L,2OT,107,110,30,41,L 3
2015,CHO,2015-03-28,7:00p,,Atlanta Hawks,W,,115,100,31,41,W 1
2015,CHO,2015-03-30,7:00p,,Boston Celtics,L,,104,116,31,42,L 1
2015,CHO,2015-04-01,7:00p,,Detroit Pistons,W,,102,78,32,42,W 1
2015,CHO,2015-04-03,7:00p,@,Indiana Pacers,L,,74,93,32,43,L 1
2015,CHO,2015-04-04,7:00p,,Philadelphia 76ers,W,,92,91,33,43,W 1
2015,CHO,2015-04-07,7:30p,@,Miami Heat,L,,100,105,33,44,L 1
2015,CHO,2015-04-08,7:00p,,Toronto Raptors,L,,74,92,33,45,L 2
2015,CHO,2015-04-10,7:30p,@,Atlanta Hawks,L,,80,104,33,46,L 3
2015,CHO,2015-04-12,3:30p,@,Detroit Pistons,L,,77,116,33,47,L 4
2015,CHO,2015-04-13,7:00p,,Houston Rockets,L,,90,100,33,48,L 5
2015,CHO,2015-04-15,7:00p,@,Toronto Raptors,L,,87,92,33,49,L 6
2015,CLE,2014-10-30,8:00p,,New York Knicks,L,,90,95,0,1,L 1
2015,CLE,2014-10-31,8:00p,@,Chicago Bulls,W,OT,114,108,1,1,W 1
2015,CLE,2014-11-04,10:00p,@,Portland Trail Blazers,L,,82,101,1,2,L 1
2015,CLE,2014-11-05,9:00p,@,Utah Jazz,L,,100,102,1,3,L 2
2015,CLE,2014-11-07,10:30p,@,Denver Nuggets,W,,110,101,2,3,W 1
2015,CLE,2014-11-10,7:00p,,New Orleans Pelicans,W,,118,111,3,3,W 2
2015,CLE,2014-11-14,7:30p,@,Boston Celtics,W,,122,121,4,3,W 3
2015,CLE,2014-11-15,7:30p,,Atlanta Hawks,W,,127,94,5,3,W 4
2015,CLE,2014-11-17,7:00p,,Denver Nuggets,L,,97,106,5,4,L 1
2015,CLE,2014-11-19,7:00p,,San Antonio Spurs,L,,90,92,5,5,L 2
2015,CLE,2014-11-21,8:00p,@,Washington Wizards,L,,78,91,5,6,L 3
2015,CLE,2014-11-22,7:30p,,Toronto Raptors,L,,93,110,5,7,L 4
2015,CLE,2014-11-24,7:00p,,Orlando Magic,W,,106,74,6,7,W 1
2015,CLE,2014-11-26,7:00p,,Washington Wizards,W,,113,87,7,7,W 2
2015,CLE,2014-11-29,7:30p,,Indiana Pacers,W,,109,97,8,7,W 3
2015,CLE,2014-12-02,7:00p,,Milwaukee Bucks,W,,111,108,9,7,W 4
2015,CLE,2014-12-04,8:00p,@,New York Knicks,W,,90,87,10,7,W 5
2015,CLE,2014-12-05,7:30p,@,Toronto Raptors,W,,105,91,11,7,W 6
2015,CLE,2014-12-08,7:30p,@,Brooklyn Nets,W,,110,88,12,7,W 7
2015,CLE,2014-12-09,7:00p,,Toronto Raptors,W,,105,101,13,7,W 8
2015,CLE,2014-12-11,8:00p,@,Oklahoma City Thunder,L,,94,103,13,8,L 1
2015,CLE,2014-12-12,8:00p,@,New Orleans Pelicans,L,,114,119,13,9,L 2
2015,CLE,2014-12-15,7:00p,,Charlotte Hornets,W,,97,88,14,9,W 1
2015,CLE,2014-12-17,7:00p,,Atlanta Hawks,L,,98,127,14,10,L 1
2015,CLE,2014-12-19,7:30p,,Brooklyn Nets,W,,95,91,15,10,W 1
2015,CLE,2014-12-21,4:30p,,Memphis Grizzlies,W,,105,91,16,10,W 2
2015,CLE,2014-12-23,7:00p,,Minnesota Timberwolves,W,,125,104,17,10,W 3
2015,CLE,2014-12-25,5:00p,@,Miami Heat,L,,91,101,17,11,L 1
2015,CLE,2014-12-26,7:00p,@,Orlando Magic,W,,98,89,18,11,W 1
2015,CLE,2014-12-28,4:30p,,Detroit Pistons,L,,80,103,18,12,L 1
2015,CLE,2014-12-30,7:30p,@,Atlanta Hawks,L,,101,109,18,13,L 2
2015,CLE,2014-12-31,7:00p,,Milwaukee Bucks,L,,80,96,18,14,L 3
2015,CLE,2015-01-02,7:00p,@,Charlotte Hornets,W,,91,87,19,14,W 1
2015,CLE,2015-01-04,1:00p,,Dallas Mavericks,L,,90,109,19,15,L 1
2015,CLE,2015-01-05,7:00p,@,Philadelphia 76ers,L,,92,95,19,16,L 2
2015,CLE,2015-01-07,7:00p,,Houston Rockets,L,,93,105,19,17,L 3
2015,CLE,2015-01-09,10:30p,@,Golden State Warriors,L,,94,112,19,18,L 4
2015,CLE,2015-01-11,9:00p,@,Sacramento Kings,L,,84,103,19,19,L 5
2015,CLE,2015-01-13,9:00p,@,Phoenix Suns,L,,100,107,19,20,L 6
2015,CLE,2015-01-15,10:30p,@,Los Angeles Lakers,W,,109,102,20,20,W 1
2015,CLE,2015-01-16,10:30p,@,Los Angeles Clippers,W,,126,121,21,20,W 2
2015,CLE,2015-01-19,7:30p,,Chicago Bulls,W,,108,94,22,20,W 3
2015,CLE,2015-01-21,7:00p,,Utah Jazz,W,,106,92,23,20,W 4
2015,CLE,2015-01-23,7:30p,,Charlotte Hornets,W,,129,90,24,20,W 5
2015,CLE,2015-01-25,3:30p,,Oklahoma City Thunder,W,,108,98,25,20,W 6
2015,CLE,2015-01-27,7:30p,@,Detroit Pistons,W,,103,95,26,20,W 7
2015,CLE,2015-01-28,7:00p,,Portland Trail Blazers,W,,99,94,27,20,W 8
2015,CLE,2015-01-30,7:30p,,Sacramento Kings,W,,101,90,28,20,W 9
2015,CLE,2015-01-31,8:00p,@,Minnesota Timberwolves,W,,106,90,29,20,W 10
2015,CLE,2015-02-02,7:00p,,Philadelphia 76ers,W,,97,84,30,20,W 11
2015,CLE,2015-02-05,8:00p,,Los Angeles Clippers,W,,105,94,31,20,W 12
2015,CLE,2015-02-06,7:00p,@,Indiana Pacers,L,,99,103,31,21,L 1
2015,CLE,2015-02-08,3:30p,,Los Angeles Lakers,W,,120,105,32,21,W 1
2015,CLE,2015-02-11,8:00p,,Miami Heat,W,,113,93,33,21,W 2
2015,CLE,2015-02-12,8:00p,@,Chicago Bulls,L,,98,113,33,22,L 1
2015,CLE,2015-02-20,8:00p,@,Washington Wizards,W,,127,89,34,22,W 1
2015,CLE,2015-02-22,1:00p,@,New York Knicks,W,,101,83,35,22,W 2
2015,CLE,2015-02-24,7:30p,@,Detroit Pistons,W,,102,93,36,22,W 3
2015,CLE,2015-02-26,8:00p,,Golden State Warriors,W,,110,99,37,22,W 4
2015,CLE,2015-02-27,7:00p,@,Indiana Pacers,L,,86,93,37,23,L 1
2015,CLE,2015-03-01,3:30p,@,Houston Rockets,L,OT,103,105,37,24,L 2
2015,CLE,2015-03-03,7:00p,,Boston Celtics,W,,110,79,38,24,W 1
2015,CLE,2015-03-04,7:30p,@,Toronto Raptors,W,,120,112,39,24,W 2
2015,CLE,2015-03-06,7:30p,@,Atlanta Hawks,L,,97,106,39,25,L 1
2015,CLE,2015-03-07,7:30p,,Phoenix Suns,W,,89,79,40,25,W 1
2015,CLE,2015-03-10,8:30p,@,Dallas Mavericks,W,,127,94,41,25,W 2
2015,CLE,2015-03-12,9:30p,@,San Antonio Spurs,W,OT,128,125,42,25,W 3
2015,CLE,2015-03-15,6:00p,@,Orlando Magic,W,,123,108,43,25,W 4
2015,CLE,2015-03-16,8:00p,@,Miami Heat,L,,92,106,43,26,L 1
2015,CLE,2015-03-18,7:00p,,Brooklyn Nets,W,,117,92,44,26,W 1
2015,CLE,2015-03-20,7:30p,,Indiana Pacers,W,,95,92,45,26,W 2
2015,CLE,2015-03-22,3:00p,@,Milwaukee Bucks,W,,108,90,46,26,W 3
2015,CLE,2015-03-25,8:00p,@,Memphis Grizzlies,W,,111,89,47,26,W 4
2015,CLE,2015-03-27,7:30p,@,Brooklyn Nets,L,,98,106,47,27,L 1
2015,CLE,2015-03-29,4:30p,,Philadelphia 76ers,W,,87,86,48,27,W 1
2015,CLE,2015-04-02,8:00p,,Miami Heat,W,,114,88,49,27,W 2
2015,CLE,2015-04-05,3:30p,,Chicago Bulls,W,,99,94,50,27,W 3
2015,CLE,2015-04-08,8:00p,@,Milwaukee Bucks,W,,104,99,51,27,W 4
2015,CLE,2015-04-10,7:30p,,Boston Celtics,L,,90,99,51,28,L 1
2015,CLE,2015-04-12,3:00p,@,Boston Celtics,L,,78,117,51,29,L 2
2015,CLE,2015-04-13,7:00p,,Detroit Pistons,W,,109,97,52,29,W 1
2015,CLE,2015-04-15,8:00p,,Washington Wizards,W,OT,113,108,53,29,W 2
2015,CLE,2015-04-19,3:00p,,Boston Celtics,W,,113,100,1,0,W 1
2015,CLE,2015-04-21,7:00p,,Boston Celtics,W,,99,91,2,0,W 2
2015,CLE,2015-04-23,7:00p,@,Boston Celtics,W,,103,95,3,0,W 3
2015,CLE,2015-04-26,1:00p,@,Boston Celtics,W,,101,93,4,0,W 4
2015,CLE,2015-05-04,7:00p,,Chicago Bulls,L,,92,99,4,1,L 1
2015,CLE,2015-05-06,7:00p,,Chicago Bulls,W,,106,91,5,1,W 1
2015,CLE,2015-05-08,8:00p,@,Chicago Bulls,L,,96,99,5,2,L 1
2015,CLE,2015-05-10,3:30p,@,Chicago Bulls,W,,86,84,6,2,W 1
2015,CLE,2015-05-12,7:00p,,Chicago Bulls,W,,106,101,7,2,W 2
2015,CLE,2015-05-14,8:00p,@,Chicago Bulls,W,,94,73,8,2,W 3
2015,CLE,2015-05-20,8:30p,@,Atlanta Hawks,W,,97,89,9,2,W 4
2015,CLE,2015-05-22,8:30p,@,Atlanta Hawks,W,,94,82,10,2,W 5
2015,CLE,2015-05-24,8:30p,,Atlanta Hawks,W,OT,114,111,11,2,W 6
2015,CLE,2015-05-26,8:30p,,Atlanta Hawks,W,,118,88,12,2,W 7
2015,CLE,2015-06-04,9:00p,@,Golden State Warriors,L,OT,100,108,12,3,L 1
2015,CLE,2015-06-07,8:00p,@,Golden State Warriors,W,OT,95,93,13,3,W 1
2015,CLE,2015-06-09,9:00p,,Golden State Warriors,W,,96,91,14,3,W 2
2015,CLE,2015-06-11,9:00p,,Golden State Warriors,L,,82,103,14,4,L 1
2015,CLE,2015-06-14,8:00p,@,Golden State Warriors,L,,91,104,14,5,L 2
2015,CLE,2015-06-16,9:00p,,Golden State Warriors,L,,97,105,14,6,L 3
2015,DAL,2014-10-28,8:00p,@,San Antonio Spurs,L,,100,101,0,1,L 1
2015,DAL,2014-10-30,8:30p,,Utah Jazz,W,,120,102,1,1,W 1
2015,DAL,2014-11-01,7:00p,@,New Orleans Pelicans,W,,109,104,2,1,W 2
2015,DAL,2014-11-03,8:30p,,Boston Celtics,W,,118,113,3,1,W 3
2015,DAL,2014-11-06,10:30p,@,Portland Trail Blazers,L,,87,108,3,2,L 1
2015,DAL,2014-11-07,9:00p,@,Utah Jazz,W,,105,82,4,2,W 1
2015,DAL,2014-11-09,7:30p,,Miami Heat,L,,96,105,4,3,L 1
2015,DAL,2014-11-11,8:30p,,Sacramento Kings,W,,106,98,5,3,W 1
2015,DAL,2014-11-13,8:30p,,Philadelphia 76ers,W,,123,70,6,3,W 2
2015,DAL,2014-11-15,8:30p,,Minnesota Timberwolves,W,,131,117,7,3,W 3
2015,DAL,2014-11-17,7:00p,@,Charlotte Hornets,W,,107,80,8,3,W 4
2015,DAL,2014-11-19,7:00p,@,Washington Wizards,W,,105,102,9,3,W 5
2015,DAL,2014-11-21,8:30p,,Los Angeles Lakers,W,,140,106,10,3,W 6
2015,DAL,2014-11-22,8:00p,@,Houston Rockets,L,,92,95,10,4,L 1
2015,DAL,2014-11-24,8:30p,,Indiana Pacers,L,,100,111,10,5,L 2
2015,DAL,2014-11-26,7:30p,,New York Knicks,W,OT,109,102,11,5,W 1
2015,DAL,2014-11-28,7:30p,@,Toronto Raptors,W,,106,102,12,5,W 2
2015,DAL,2014-11-29,7:00p,@,Philadelphia 76ers,W,,110,103,13,5,W 3
2015,DAL,2014-12-02,8:00p,@,Chicago Bulls,W,2OT,132,129,14,5,W 4
2015,DAL,2014-12-03,8:00p,@,Milwaukee Bucks,W,,107,105,15,5,W 5
2015,DAL,2014-12-05,8:30p,,Phoenix Suns,L,,106,118,15,6,L 1
2015,DAL,2014-12-07,7:30p,,Milwaukee Bucks,W,,125,102,16,6,W 1
2015,DAL,2014-12-09,8:00p,@,Memphis Grizzlies,L,,105,114,16,7,L 1
2015,DAL,2014-12-10,8:00p,,New Orleans Pelicans,W,,112,107,17,7,W 1
2015,DAL,2014-12-13,2:00p,,Golden State Warriors,L,,98,105,17,8,L 1
2015,DAL,2014-12-16,8:00p,@,New York Knicks,W,,107,87,18,8,W 1
2015,DAL,2014-12-17,7:30p,@,Detroit Pistons,W,,117,106,19,8,W 2
2015,DAL,2014-12-20,8:30p,,San Antonio Spurs,W,,99,93,20,8,W 3
2015,DAL,2014-12-22,8:30p,,Atlanta Hawks,L,,102,105,20,9,L 1
2015,DAL,2014-12-23,9:00p,@,Phoenix Suns,L,,115,124,20,10,L 2
2015,DAL,2014-12-26,8:30p,,Los Angeles Lakers,W,,102,98,21,10,W 1
2015,DAL,2014-12-28,7:30p,,Oklahoma City Thunder,W,,112,107,22,10,W 2
2015,DAL,2014-12-30,8:30p,,Washington Wizards,W,,114,87,23,10,W 3
2015,DAL,2015-01-02,7:30p,@,Boston Celtics,W,,119,101,24,10,W 4
2015,DAL,2015-01-04,1:00p,@,Cleveland Cavaliers,W,,109,90,25,10,W 5
2015,DAL,2015-01-05,7:30p,@,Brooklyn Nets,W,OT,96,88,26,10,W 6
2015,DAL,2015-01-07,8:30p,,Detroit Pistons,L,,95,108,26,11,L 1
2015,DAL,2015-01-10,3:30p,@,Los Angeles Clippers,L,,100,120,26,12,L 2
2015,DAL,2015-01-13,10:00p,@,Sacramento Kings,W,OT,108,104,27,12,W 1
2015,DAL,2015-01-14,9:00p,@,Denver Nuggets,L,,107,114,27,13,L 1
2015,DAL,2015-01-16,8:30p,,Denver Nuggets,W,,97,89,28,13,W 1
2015,DAL,2015-01-19,5:00p,@,Memphis Grizzlies,W,,103,95,29,13,W 2
2015,DAL,2015-01-21,8:00p,@,Minnesota Timberwolves,W,,98,75,30,13,W 3
2015,DAL,2015-01-23,8:00p,,Chicago Bulls,L,,98,102,30,14,L 1
2015,DAL,2015-01-25,6:00p,@,New Orleans Pelicans,L,,106,109,30,15,L 2
2015,DAL,2015-01-27,8:30p,,Memphis Grizzlies,L,,90,109,30,16,L 3
2015,DAL,2015-01-28,8:00p,@,Houston Rockets,L,,94,99,30,17,L 4
2015,DAL,2015-01-30,8:00p,@,Miami Heat,W,,93,72,31,17,W 1
2015,DAL,2015-01-31,7:00p,@,Orlando Magic,W,,108,93,32,17,W 2
2015,DAL,2015-02-02,8:30p,,Minnesota Timberwolves,W,,100,94,33,17,W 3
2015,DAL,2015-02-04,10:30p,@,Golden State Warriors,L,,114,128,33,18,L 1
2015,DAL,2015-02-05,10:00p,@,Sacramento Kings,W,,101,78,34,18,W 1
2015,DAL,2015-02-07,8:30p,,Portland Trail Blazers,W,OT,111,101,35,18,W 2
2015,DAL,2015-02-09,8:30p,,Los Angeles Clippers,L,,98,115,35,19,L 1
2015,DAL,2015-02-11,8:30p,,Utah Jazz,W,,87,82,36,19,W 1
2015,DAL,2015-02-19,8:00p,@,Oklahoma City Thunder,L,,89,104,36,20,L 1
2015,DAL,2015-02-20,8:30p,,Houston Rockets,W,,111,100,37,20,W 1
2015,DAL,2015-02-22,7:30p,,Charlotte Hornets,W,,92,81,38,20,W 2
2015,DAL,2015-02-24,8:30p,,Toronto Raptors,W,,99,92,39,20,W 3
2015,DAL,2015-02-25,7:30p,@,Atlanta Hawks,L,,87,104,39,21,L 1
2015,DAL,2015-02-28,8:30p,,Brooklyn Nets,L,,94,104,39,22,L 2
2015,DAL,2015-03-02,8:30p,,New Orleans Pelicans,W,,102,93,40,22,W 1
2015,DAL,2015-03-05,10:30p,@,Portland Trail Blazers,L,,75,94,40,23,L 1
2015,DAL,2015-03-06,10:30p,@,Golden State Warriors,L,,89,104,40,24,L 2
2015,DAL,2015-03-08,9:30p,@,Los Angeles Lakers,W,,100,93,41,24,W 1
2015,DAL,2015-03-10,8:30p,,Cleveland Cavaliers,L,,94,127,41,25,L 1
2015,DAL,2015-03-13,8:30p,,Los Angeles Clippers,W,,129,99,42,25,W 1
2015,DAL,2015-03-16,8:30p,,Oklahoma City Thunder,W,,119,115,43,25,W 2
2015,DAL,2015-03-18,8:00p,,Orlando Magic,W,,107,102,44,25,W 3
2015,DAL,2015-03-20,8:30p,,Memphis Grizzlies,L,,101,112,44,26,L 1
2015,DAL,2015-03-22,9:00p,@,Phoenix Suns,L,,92,98,44,27,L 2
2015,DAL,2015-03-24,8:00p,,San Antonio Spurs,W,,101,94,45,27,W 1
2015,DAL,2015-03-27,8:30p,@,San Antonio Spurs,L,,76,94,45,28,L 1
2015,DAL,2015-03-29,7:00p,@,Indiana Pacers,L,,99,104,45,29,L 2
2015,DAL,2015-04-01,8:00p,@,Oklahoma City Thunder,W,,135,131,46,29,W 1
2015,DAL,2015-04-02,8:30p,,Houston Rockets,L,,101,108,46,30,L 1
2015,DAL,2015-04-04,8:30p,,Golden State Warriors,L,,110,123,46,31,L 2
2015,DAL,2015-04-08,9:30p,,Phoenix Suns,W,,107,104,47,31,W 1
2015,DAL,2015-04-10,9:00p,@,Denver Nuggets,W,2OT,144,143,48,31,W 2
2015,DAL,2015-04-12,9:30p,@,Los Angeles Lakers,W,,120,106,49,31,W 3
2015,DAL,2015-04-13,9:00p,@,Utah Jazz,L,,92,109,49,32,L 1
2015,DAL,2015-04-15,8:00p,,Portland Trail Blazers,W,,114,98,50,32,W 1
2015,DAL,2015-04-18,9:30p,@,Houston Rockets,L,,108,118,0,1,L 1
2015,DAL,2015-04-21,9:30p,@,Houston Rockets,L,,99,111,0,2,L 2
2015,DAL,2015-04-24,7:00p,,Houston Rockets,L,,128,130,0,3,L 3
2015,DAL,2015-04-26,9:00p,,Houston Rockets,W,,121,109,1,3,W 1
2015,DAL,2015-04-28,8:00p,@,Houston Rockets,L,,94,103,1,4,L 1
2015,DEN,2014-10-29,9:00p,,Detroit Pistons,W,,89,79,1,0,W 1
2015,DEN,2014-11-01,8:00p,@,Oklahoma City Thunder,L,,91,102,1,1,L 1
2015,DEN,2014-11-03,9:00p,,Sacramento Kings,L,,105,110,1,2,L 2
2015,DEN,2014-11-05,10:00p,@,Sacramento Kings,L,,109,131,1,3,L 3
2015,DEN,2014-11-07,10:30p,,Cleveland Cavaliers,L,,101,110,1,4,L 4
2015,DEN,2014-11-09,9:00p,@,Portland Trail Blazers,L,,100,116,1,5,L 5
2015,DEN,2014-11-12,9:00p,,Portland Trail Blazers,L,,113,130,1,6,L 6
2015,DEN,2014-11-14,7:00p,@,Indiana Pacers,W,,108,87,2,6,W 1
2015,DEN,2014-11-16,1:00p,@,New York Knicks,L,,93,109,2,7,L 1
2015,DEN,2014-11-17,7:00p,@,Cleveland Cavaliers,W,,106,97,3,7,W 1
2015,DEN,2014-11-19,9:00p,,Oklahoma City Thunder,W,,107,100,4,7,W 2
2015,DEN,2014-11-21,9:00p,,New Orleans Pelicans,W,,117,97,5,7,W 3
2015,DEN,2014-11-23,9:30p,@,Los Angeles Lakers,W,OT,101,94,6,7,W 4
2015,DEN,2014-11-25,9:00p,,Chicago Bulls,W,,114,109,7,7,W 5
2015,DEN,2014-11-26,9:00p,@,Phoenix Suns,L,,112,120,7,8,L 1
2015,DEN,2014-11-28,9:00p,,Phoenix Suns,W,,122,97,8,8,W 1
2015,DEN,2014-12-01,9:00p,@,Utah Jazz,W,,103,101,9,8,W 2
2015,DEN,2014-12-02,9:00p,,Portland Trail Blazers,L,,103,105,9,9,L 1
2015,DEN,2014-12-05,7:00p,@,Washington Wizards,L,,89,119,9,10,L 2
2015,DEN,2014-12-07,3:30p,@,Atlanta Hawks,L,,84,96,9,11,L 3
2015,DEN,2014-12-08,7:30p,@,Toronto Raptors,L,OT,107,112,9,12,L 4
2015,DEN,2014-12-10,10:30p,,Miami Heat,W,,102,82,10,12,W 1
2015,DEN,2014-12-13,8:00p,@,Houston Rockets,L,,96,108,10,13,L 1
2015,DEN,2014-12-14,8:00p,,San Antonio Spurs,L,,91,99,10,14,L 2
2015,DEN,2014-12-17,10:30p,,Houston Rockets,L,OT,111,115,10,15,L 3
2015,DEN,2014-12-19,9:00p,,Los Angeles Clippers,W,,109,106,11,15,W 1
2015,DEN,2014-12-20,9:00p,,Indiana Pacers,W,,76,73,12,15,W 2
2015,DEN,2014-12-22,7:00p,@,Charlotte Hornets,L,,82,110,12,16,L 1
2015,DEN,2014-12-23,7:30p,@,Brooklyn Nets,L,,96,102,12,17,L 2
2015,DEN,2014-12-26,9:00p,,Minnesota Timberwolves,W,,106,102,13,17,W 1
2015,DEN,2014-12-28,9:00p,,Toronto Raptors,L,,102,116,13,18,L 1
2015,DEN,2014-12-30,9:00p,,Los Angeles Lakers,L,,103,111,13,19,L 2
2015,DEN,2015-01-01,8:00p,@,Chicago Bulls,L,,101,106,13,20,L 3
2015,DEN,2015-01-03,9:00p,,Memphis Grizzlies,W,,114,85,14,20,W 1
2015,DEN,2015-01-05,8:00p,@,Minnesota Timberwolves,W,,110,101,15,20,W 2
2015,DEN,2015-01-07,9:00p,,Orlando Magic,W,,93,90,16,20,W 3
2015,DEN,2015-01-09,10:00p,@,Sacramento Kings,W,,118,108,17,20,W 4
2015,DEN,2015-01-14,9:00p,,Dallas Mavericks,W,,114,107,18,20,W 5
2015,DEN,2015-01-16,8:30p,@,Dallas Mavericks,L,,89,97,18,21,L 1
2015,DEN,2015-01-17,9:00p,,Minnesota Timberwolves,L,,105,113,18,22,L 2
2015,DEN,2015-01-19,4:00p,@,Golden State Warriors,L,,79,122,18,23,L 3
2015,DEN,2015-01-20,9:00p,,San Antonio Spurs,L,,99,109,18,24,L 4
2015,DEN,2015-01-23,9:00p,,Boston Celtics,L,,99,100,18,25,L 5
2015,DEN,2015-01-25,8:00p,,Washington Wizards,L,OT,115,117,18,26,L 6
2015,DEN,2015-01-26,10:30p,@,Los Angeles Clippers,L,,98,102,18,27,L 7
2015,DEN,2015-01-28,8:00p,@,New Orleans Pelicans,W,,93,85,19,27,W 1
2015,DEN,2015-01-29,8:00p,@,Memphis Grizzlies,L,,69,99,19,28,L 1
2015,DEN,2015-01-31,9:00p,,Charlotte Hornets,L,,86,104,19,29,L 2
2015,DEN,2015-02-03,7:00p,@,Philadelphia 76ers,L,,98,105,19,30,L 3
2015,DEN,2015-02-04,7:30p,@,Boston Celtics,L,,100,104,19,31,L 4
2015,DEN,2015-02-06,7:30p,@,Detroit Pistons,L,,88,98,19,32,L 5
2015,DEN,2015-02-09,9:00p,,Oklahoma City Thunder,L,,114,124,19,33,L 6
2015,DEN,2015-02-10,10:30p,@,Los Angeles Lakers,W,,106,96,20,33,W 1
2015,DEN,2015-02-20,8:30p,@,Milwaukee Bucks,L,,81,89,20,34,L 1
2015,DEN,2015-02-22,7:00p,@,Oklahoma City Thunder,L,,94,119,20,35,L 2
2015,DEN,2015-02-23,9:00p,,Brooklyn Nets,L,,82,110,20,36,L 3
2015,DEN,2015-02-25,9:00p,,Phoenix Suns,L,,96,110,20,37,L 4
2015,DEN,2015-02-27,9:00p,,Utah Jazz,L,,82,104,20,38,L 5
2015,DEN,2015-03-01,8:00p,,New Orleans Pelicans,L,,92,99,20,39,L 6
2015,DEN,2015-03-03,9:00p,,Milwaukee Bucks,W,,106,95,21,39,W 1
2015,DEN,2015-03-04,8:00p,@,Minnesota Timberwolves,W,,100,85,22,39,W 2
2015,DEN,2015-03-06,8:30p,@,San Antonio Spurs,L,,111,120,22,40,L 1
2015,DEN,2015-03-07,9:00p,,Houston Rockets,L,,100,114,22,41,L 2
2015,DEN,2015-03-09,9:00p,,New York Knicks,W,,106,78,23,41,W 1
2015,DEN,2015-03-11,9:00p,,Atlanta Hawks,W,,115,102,24,41,W 2
2015,DEN,2015-03-13,9:00p,,Golden State Warriors,W,,114,103,25,41,W 3
2015,DEN,2015-03-15,6:00p,@,New Orleans Pelicans,W,2OT,118,111,26,41,W 4
2015,DEN,2015-03-16,8:00p,@,Memphis Grizzlies,L,,81,92,26,42,L 1
2015,DEN,2015-03-19,8:00p,@,Houston Rockets,L,,108,118,26,43,L 2
2015,DEN,2015-03-20,7:30p,@,Miami Heat,L,,91,108,26,44,L 3
2015,DEN,2015-03-22,6:00p,@,Orlando Magic,W,,119,100,27,44,W 1
2015,DEN,2015-03-25,9:00p,,Philadelphia 76ers,L,,85,99,27,45,L 1
2015,DEN,2015-03-27,9:00p,,Utah Jazz,W,,107,91,28,45,W 1
2015,DEN,2015-03-28,10:00p,@,Portland Trail Blazers,L,,114,120,28,46,L 1
2015,DEN,2015-04-01,9:00p,@,Utah Jazz,L,,84,98,28,47,L 2
2015,DEN,2015-04-03,8:30p,@,San Antonio Spurs,L,,93,123,28,48,L 3
2015,DEN,2015-04-04,9:00p,,Los Angeles Clippers,L,,92,107,28,49,L 4
2015,DEN,2015-04-08,9:00p,,Los Angeles Lakers,W,,119,101,29,49,W 1
2015,DEN,2015-04-10,9:00p,,Dallas Mavericks,L,2OT,143,144,29,50,L 1
2015,DEN,2015-04-12,5:00p,,Sacramento Kings,W,,122,111,30,50,W 1
2015,DEN,2015-04-13,10:30p,@,Los Angeles Clippers,L,,103,110,30,51,L 1
2015,DEN,2015-04-15,10:30p,@,Golden State Warriors,L,,126,133,30,52,L 2
2015,DET,2014-10-29,9:00p,@,Denver Nuggets,L,,79,89,0,1,L 1
2015,DET,2014-10-30,8:00p,@,Minnesota Timberwolves,L,,91,97,0,2,L 2
2015,DET,2014-11-01,7:30p,,Brooklyn Nets,L,,90,102,0,3,L 3
2015,DET,2014-11-05,7:30p,,New York Knicks,W,,98,95,1,3,W 1
2015,DET,2014-11-07,7:30p,,Milwaukee Bucks,W,,98,95,2,3,W 2
2015,DET,2014-11-09,6:00p,,Utah Jazz,L,,96,97,2,4,L 1
2015,DET,2014-11-10,8:00p,@,Chicago Bulls,L,,91,102,2,5,L 2
2015,DET,2014-11-12,7:00p,@,Washington Wizards,L,,103,107,2,6,L 3
2015,DET,2014-11-14,8:00p,@,Oklahoma City Thunder,W,OT,96,89,3,6,W 1
2015,DET,2014-11-15,8:00p,@,Memphis Grizzlies,L,,88,95,3,7,L 1
2015,DET,2014-11-17,7:30p,,Orlando Magic,L,,93,107,3,8,L 2
2015,DET,2014-11-19,7:30p,,Phoenix Suns,L,,86,88,3,9,L 3
2015,DET,2014-11-21,7:30p,@,Atlanta Hawks,L,,89,99,3,10,L 4
2015,DET,2014-11-25,8:00p,@,Milwaukee Bucks,L,,86,98,3,11,L 5
2015,DET,2014-11-26,7:30p,,Los Angeles Clippers,L,,98,104,3,12,L 6
2015,DET,2014-11-28,7:30p,,Milwaukee Bucks,L,,88,104,3,13,L 7
2015,DET,2014-11-30,3:30p,,Golden State Warriors,L,,93,104,3,14,L 8
2015,DET,2014-12-02,7:30p,,Los Angeles Lakers,L,,96,106,3,15,L 9
2015,DET,2014-12-03,7:30p,@,Boston Celtics,L,OT,102,109,3,16,L 10
2015,DET,2014-12-06,7:30p,,Philadelphia 76ers,L,OT,101,108,3,17,L 11
2015,DET,2014-12-07,6:00p,,Oklahoma City Thunder,L,,94,96,3,18,L 12
2015,DET,2014-12-09,7:30p,,Portland Trail Blazers,L,,86,98,3,19,L 13
2015,DET,2014-12-12,9:00p,@,Phoenix Suns,W,,105,103,4,19,W 1
2015,DET,2014-12-13,10:00p,@,Sacramento Kings,W,,95,90,5,19,W 2
2015,DET,2014-12-15,10:30p,@,Los Angeles Clippers,L,,91,113,5,20,L 1
2015,DET,2014-12-17,7:30p,,Dallas Mavericks,L,,106,117,5,21,L 2
2015,DET,2014-12-19,7:30p,,Toronto Raptors,L,,100,110,5,22,L 3
2015,DET,2014-12-21,6:00p,@,Brooklyn Nets,L,,105,110,5,23,L 4
2015,DET,2014-12-26,7:30p,,Indiana Pacers,W,,119,109,6,23,W 1
2015,DET,2014-12-28,4:30p,@,Cleveland Cavaliers,W,,103,80,7,23,W 2
2015,DET,2014-12-30,7:00p,@,Orlando Magic,W,,109,86,8,23,W 3
2015,DET,2015-01-02,7:30p,@,New York Knicks,W,,97,81,9,23,W 4
2015,DET,2015-01-04,6:00p,,Sacramento Kings,W,,114,95,10,23,W 5
2015,DET,2015-01-06,8:30p,@,San Antonio Spurs,W,,105,104,11,23,W 6
2015,DET,2015-01-07,8:30p,@,Dallas Mavericks,W,,108,95,12,23,W 7
2015,DET,2015-01-09,7:30p,,Atlanta Hawks,L,,103,106,12,24,L 1
2015,DET,2015-01-10,7:30p,,Brooklyn Nets,W,,98,93,13,24,W 1
2015,DET,2015-01-12,7:30p,@,Toronto Raptors,W,,114,111,14,24,W 2
2015,DET,2015-01-14,7:30p,,New Orleans Pelicans,L,,94,105,14,25,L 1
2015,DET,2015-01-16,7:00p,@,Indiana Pacers,W,,98,96,15,25,W 1
2015,DET,2015-01-17,7:30p,,Philadelphia 76ers,W,,107,89,16,25,W 2
2015,DET,2015-01-19,2:30p,@,Atlanta Hawks,L,,82,93,16,26,L 1
2015,DET,2015-01-21,7:30p,,Orlando Magic,W,,128,118,17,26,W 1
2015,DET,2015-01-24,7:30p,@,Milwaukee Bucks,L,,86,101,17,27,L 1
2015,DET,2015-01-25,7:00p,@,Toronto Raptors,L,,110,114,17,28,L 2
2015,DET,2015-01-27,7:30p,,Cleveland Cavaliers,L,,95,103,17,29,L 3
2015,DET,2015-01-28,7:00p,@,Philadelphia 76ers,L,,69,89,17,30,L 4
2015,DET,2015-01-31,7:30p,,Houston Rockets,W,,114,101,18,30,W 1
2015,DET,2015-02-03,7:30p,,Miami Heat,W,,108,91,19,30,W 2
2015,DET,2015-02-04,7:00p,@,Indiana Pacers,L,,109,114,19,31,L 1
2015,DET,2015-02-06,7:30p,,Denver Nuggets,W,,98,88,20,31,W 1
2015,DET,2015-02-08,6:00p,,Minnesota Timberwolves,L,,101,112,20,32,L 1
2015,DET,2015-02-10,7:00p,@,Charlotte Hornets,W,,106,78,21,32,W 1
2015,DET,2015-02-11,7:30p,,San Antonio Spurs,L,,87,104,21,33,L 1
2015,DET,2015-02-20,7:30p,,Chicago Bulls,W,,100,91,22,33,W 1
2015,DET,2015-02-22,3:30p,,Washington Wizards,W,,106,89,23,33,W 2
2015,DET,2015-02-24,7:30p,,Cleveland Cavaliers,L,,93,102,23,34,L 1
2015,DET,2015-02-27,7:30p,,New York Knicks,L,2OT,115,121,23,35,L 2
2015,DET,2015-02-28,7:00p,@,Washington Wizards,L,,95,99,23,36,L 3
2015,DET,2015-03-04,8:00p,@,New Orleans Pelicans,L,,85,88,23,37,L 4
2015,DET,2015-03-06,8:00p,@,Houston Rockets,L,,93,103,23,38,L 5
2015,DET,2015-03-08,6:00p,,Charlotte Hornets,L,,101,108,23,39,L 6
2015,DET,2015-03-10,10:30p,@,Los Angeles Lakers,L,,85,93,23,40,L 7
2015,DET,2015-03-11,10:30p,@,Golden State Warriors,L,,98,105,23,41,L 8
2015,DET,2015-03-13,10:00p,@,Portland Trail Blazers,L,,99,118,23,42,L 9
2015,DET,2015-03-14,9:00p,@,Utah Jazz,L,,85,88,23,43,L 10
2015,DET,2015-03-17,7:30p,,Memphis Grizzlies,W,,105,95,24,43,W 1
2015,DET,2015-03-18,7:00p,@,Philadelphia 76ers,L,,83,94,24,44,L 1
2015,DET,2015-03-21,7:30p,,Chicago Bulls,W,,107,91,25,44,W 1
2015,DET,2015-03-22,6:00p,@,Boston Celtics,W,OT,105,97,26,44,W 2
2015,DET,2015-03-24,7:30p,,Toronto Raptors,W,,108,104,27,44,W 3
2015,DET,2015-03-27,7:00p,@,Orlando Magic,W,,111,97,28,44,W 4
2015,DET,2015-03-29,6:00p,@,Miami Heat,L,,102,109,28,45,L 1
2015,DET,2015-03-31,7:30p,,Atlanta Hawks,W,,105,95,29,45,W 1
2015,DET,2015-04-01,7:00p,@,Charlotte Hornets,L,,78,102,29,46,L 1
2015,DET,2015-04-03,8:00p,@,Chicago Bulls,L,,82,88,29,47,L 2
2015,DET,2015-04-04,7:30p,,Miami Heat,W,,99,98,30,47,W 1
2015,DET,2015-04-08,7:00p,,Boston Celtics,L,,103,113,30,48,L 1
2015,DET,2015-04-10,7:30p,,Indiana Pacers,L,,103,107,30,49,L 2
2015,DET,2015-04-12,3:30p,,Charlotte Hornets,W,,116,77,31,49,W 1
2015,DET,2015-04-13,7:00p,@,Cleveland Cavaliers,L,,97,109,31,50,L 1
2015,DET,2015-04-15,8:00p,@,New York Knicks,W,,112,90,32,50,W 1
2015,GSW,2014-10-29,10:00p,@,Sacramento Kings,W,,95,77,1,0,W 1
2015,GSW,2014-11-01,10:30p,,Los Angeles Lakers,W,,127,104,2,0,W 2
2015,GSW,2014-11-02,9:00p,@,Portland Trail Blazers,W,,95,90,3,0,W 3
2015,GSW,2014-11-05,10:30p,,Los Angeles Clippers,W,,121,104,4,0,W 4
2015,GSW,2014-11-08,8:00p,@,Houston Rockets,W,,98,87,5,0,W 5
2015,GSW,2014-11-09,8:00p,@,Phoenix Suns,L,,95,107,5,1,L 1
2015,GSW,2014-11-11,10:30p,,San Antonio Spurs,L,,100,113,5,2,L 2
2015,GSW,2014-11-13,10:30p,,Brooklyn Nets,W,,107,99,6,2,W 1
2015,GSW,2014-11-15,10:30p,,Charlotte Hornets,W,,112,87,7,2,W 2
2015,GSW,2014-11-16,9:30p,@,Los Angeles Lakers,W,,136,115,8,2,W 3
2015,GSW,2014-11-21,10:30p,,Utah Jazz,W,,101,88,9,2,W 4
2015,GSW,2014-11-23,7:00p,@,Oklahoma City Thunder,W,,91,86,10,2,W 5
2015,GSW,2014-11-25,7:30p,@,Miami Heat,W,,114,97,11,2,W 6
2015,GSW,2014-11-26,7:00p,@,Orlando Magic,W,,111,96,12,2,W 7
2015,GSW,2014-11-28,7:00p,@,Charlotte Hornets,W,,106,101,13,2,W 8
2015,GSW,2014-11-30,3:30p,@,Detroit Pistons,W,,104,93,14,2,W 9
2015,GSW,2014-12-02,10:30p,,Orlando Magic,W,,98,97,15,2,W 10
2015,GSW,2014-12-04,10:30p,,New Orleans Pelicans,W,,112,85,16,2,W 11
2015,GSW,2014-12-06,8:00p,@,Chicago Bulls,W,,112,102,17,2,W 12
2015,GSW,2014-12-08,8:00p,@,Minnesota Timberwolves,W,,102,86,18,2,W 13
2015,GSW,2014-12-10,10:30p,,Houston Rockets,W,,105,93,19,2,W 14
2015,GSW,2014-12-13,2:00p,@,Dallas Mavericks,W,,105,98,20,2,W 15
2015,GSW,2014-12-14,6:00p,@,New Orleans Pelicans,W,OT,128,122,21,2,W 16
2015,GSW,2014-12-16,8:00p,@,Memphis Grizzlies,L,,98,105,21,3,L 1
2015,GSW,2014-12-18,10:30p,,Oklahoma City Thunder,W,,114,109,22,3,W 1
2015,GSW,2014-12-22,10:30p,,Sacramento Kings,W,,128,108,23,3,W 2
2015,GSW,2014-12-23,10:30p,@,Los Angeles Lakers,L,,105,115,23,4,L 1
2015,GSW,2014-12-25,10:30p,@,Los Angeles Clippers,L,,86,100,23,5,L 2
2015,GSW,2014-12-27,10:30p,,Minnesota Timberwolves,W,,110,97,24,5,W 1
2015,GSW,2014-12-30,10:30p,,Philadelphia 76ers,W,,126,86,25,5,W 2
2015,GSW,2015-01-02,10:30p,,Toronto Raptors,W,,126,105,26,5,W 3
2015,GSW,2015-01-05,10:30p,,Oklahoma City Thunder,W,,117,91,27,5,W 4
2015,GSW,2015-01-07,10:30p,,Indiana Pacers,W,,117,102,28,5,W 5
2015,GSW,2015-01-09,10:30p,,Cleveland Cavaliers,W,,112,94,29,5,W 6
2015,GSW,2015-01-13,9:00p,@,Utah Jazz,W,,116,105,30,5,W 7
2015,GSW,2015-01-14,10:30p,,Miami Heat,W,,104,89,31,5,W 8
2015,GSW,2015-01-16,8:00p,@,Oklahoma City Thunder,L,,115,127,31,6,L 1
2015,GSW,2015-01-17,8:00p,@,Houston Rockets,W,,131,106,32,6,W 1
2015,GSW,2015-01-19,4:00p,,Denver Nuggets,W,,122,79,33,6,W 2
2015,GSW,2015-01-21,10:30p,,Houston Rockets,W,,126,113,34,6,W 3
2015,GSW,2015-01-23,10:30p,,Sacramento Kings,W,,126,101,35,6,W 4
2015,GSW,2015-01-25,8:00p,,Boston Celtics,W,,114,111,36,6,W 5
2015,GSW,2015-01-27,10:30p,,Chicago Bulls,L,OT,111,113,36,7,L 1
2015,GSW,2015-01-30,9:00p,@,Utah Jazz,L,,100,110,36,8,L 2
2015,GSW,2015-01-31,10:30p,,Phoenix Suns,W,,106,87,37,8,W 1
2015,GSW,2015-02-03,10:00p,@,Sacramento Kings,W,,121,96,38,8,W 2
2015,GSW,2015-02-04,10:30p,,Dallas Mavericks,W,,128,114,39,8,W 3
2015,GSW,2015-02-06,7:30p,@,Atlanta Hawks,L,,116,124,39,9,L 1
2015,GSW,2015-02-07,7:30p,@,New York Knicks,W,,106,92,40,9,W 1
2015,GSW,2015-02-09,7:00p,@,Philadelphia 76ers,W,,89,84,41,9,W 2
2015,GSW,2015-02-11,8:00p,@,Minnesota Timberwolves,W,,94,91,42,9,W 3
2015,GSW,2015-02-20,10:30p,,San Antonio Spurs,W,,110,99,43,9,W 4
2015,GSW,2015-02-22,6:00p,@,Indiana Pacers,L,,98,104,43,10,L 1
2015,GSW,2015-02-24,7:00p,@,Washington Wizards,W,,114,107,44,10,W 1
2015,GSW,2015-02-26,8:00p,@,Cleveland Cavaliers,L,,99,110,44,11,L 1
2015,GSW,2015-02-27,7:30p,@,Toronto Raptors,W,,113,89,45,11,W 1
2015,GSW,2015-03-01,6:00p,@,Boston Celtics,W,,106,101,46,11,W 2
2015,GSW,2015-03-02,7:30p,@,Brooklyn Nets,L,,108,110,46,12,L 1
2015,GSW,2015-03-04,10:30p,,Milwaukee Bucks,W,,102,93,47,12,W 1
2015,GSW,2015-03-06,10:30p,,Dallas Mavericks,W,,104,89,48,12,W 2
2015,GSW,2015-03-08,3:30p,,Los Angeles Clippers,W,,106,98,49,12,W 3
2015,GSW,2015-03-09,10:00p,@,Phoenix Suns,W,,98,80,50,12,W 4
2015,GSW,2015-03-11,10:30p,,Detroit Pistons,W,,105,98,51,12,W 5
2015,GSW,2015-03-13,9:00p,@,Denver Nuggets,L,,103,114,51,13,L 1
2015,GSW,2015-03-14,10:30p,,New York Knicks,W,,125,94,52,13,W 1
2015,GSW,2015-03-16,10:30p,,Los Angeles Lakers,W,,108,105,53,13,W 2
2015,GSW,2015-03-18,10:30p,,Atlanta Hawks,W,,114,95,54,13,W 3
2015,GSW,2015-03-20,10:30p,,New Orleans Pelicans,W,,112,96,55,13,W 4
2015,GSW,2015-03-21,10:30p,,Utah Jazz,W,,106,91,56,13,W 5
2015,GSW,2015-03-23,10:30p,,Washington Wizards,W,,107,76,57,13,W 6
2015,GSW,2015-03-24,10:30p,@,Portland Trail Blazers,W,,122,108,58,13,W 7
2015,GSW,2015-03-27,8:00p,@,Memphis Grizzlies,W,,107,84,59,13,W 8
2015,GSW,2015-03-28,8:30p,@,Milwaukee Bucks,W,,108,95,60,13,W 9
2015,GSW,2015-03-31,10:30p,@,Los Angeles Clippers,W,,110,106,61,13,W 10
2015,GSW,2015-04-02,10:30p,,Phoenix Suns,W,,107,106,62,13,W 11
2015,GSW,2015-04-04,8:30p,@,Dallas Mavericks,W,,123,110,63,13,W 12
2015,GSW,2015-04-05,7:00p,@,San Antonio Spurs,L,,92,107,63,14,L 1
2015,GSW,2015-04-07,8:00p,@,New Orleans Pelicans,L,,100,103,63,15,L 2
2015,GSW,2015-04-09,10:30p,,Portland Trail Blazers,W,,116,105,64,15,W 1
2015,GSW,2015-04-11,10:30p,,Minnesota Timberwolves,W,,110,101,65,15,W 2
2015,GSW,2015-04-13,10:30p,,Memphis Grizzlies,W,,111,107,66,15,W 3
2015,GSW,2015-04-15,10:30p,,Denver Nuggets,W,,133,126,67,15,W 4
2015,GSW,2015-04-18,3:30p,,New Orleans Pelicans,W,,106,99,1,0,W 1
2015,GSW,2015-04-20,10:30p,,New Orleans Pelicans,W,,97,87,2,0,W 2
2015,GSW,2015-04-23,9:30p,@,New Orleans Pelicans,W,OT,123,119,3,0,W 3
2015,GSW,2015-04-25,8:00p,@,New Orleans Pelicans,W,,109,98,4,0,W 4
2015,GSW,2015-05-03,3:30p,,Memphis Grizzlies,W,,101,86,5,0,W 5
2015,GSW,2015-05-05,10:30p,,Memphis Grizzlies,L,,90,97,5,1,L 1
2015,GSW,2015-05-09,8:00p,@,Memphis Grizzlies,L,,89,99,5,2,L 2
2015,GSW,2015-05-11,9:30p,@,Memphis Grizzlies,W,,101,84,6,2,W 1
2015,GSW,2015-05-13,10:30p,,Memphis Grizzlies,W,,98,78,7,2,W 2
2015,GSW,2015-05-15,9:30p,@,Memphis Grizzlies,W,,108,95,8,2,W 3
2015,GSW,2015-05-19,9:00p,,Houston Rockets,W,,110,106,9,2,W 4
2015,GSW,2015-05-21,9:00p,,Houston Rockets,W,,99,98,10,2,W 5
2015,GSW,2015-05-23,9:00p,@,Houston Rockets,W,,115,80,11,2,W 6
2015,GSW,2015-05-25,9:00p,@,Houston Rockets,L,,115,128,11,3,L 1
2015,GSW,2015-05-27,9:00p,,Houston Rockets,W,,104,90,12,3,W 1
2015,GSW,2015-06-04,9:00p,,Cleveland Cavaliers,W,OT,108,100,13,3,W 2
2015,GSW,2015-06-07,8:00p,,Cleveland Cavaliers,L,OT,93,95,13,4,L 1
2015,GSW,2015-06-09,9:00p,@,Cleveland Cavaliers,L,,91,96,13,5,L 2
2015,GSW,2015-06-11,9:00p,@,Cleveland Cavaliers,W,,103,82,14,5,W 1
2015,GSW,2015-06-14,8:00p,,Cleveland Cavaliers,W,,104,91,15,5,W 2
2015,GSW,2015-06-16,9:00p,@,Cleveland Cavaliers,W,,105,97,16,5,W 3
2015,HOU,2014-10-28,10:30p,@,Los Angeles Lakers,W,,108,90,1,0,W 1
2015,HOU,2014-10-29,9:00p,@,Utah Jazz,W,,104,93,2,0,W 2
2015,HOU,2014-11-01,8:00p,,Boston Celtics,W,,104,90,3,0,W 3
2015,HOU,2014-11-03,7:00p,@,Philadelphia 76ers,W,,104,93,4,0,W 4
2015,HOU,2014-11-04,7:30p,@,Miami Heat,W,,108,91,5,0,W 5
2015,HOU,2014-11-06,8:00p,,San Antonio Spurs,W,,98,81,6,0,W 6
2015,HOU,2014-11-08,8:00p,,Golden State Warriors,L,,87,98,6,1,L 1
2015,HOU,2014-11-12,10:00p,@,Minnesota Timberwolves,W,,113,101,7,1,W 1
2015,HOU,2014-11-14,8:00p,,Philadelphia 76ers,W,,88,87,8,1,W 2
2015,HOU,2014-11-16,7:00p,@,Oklahoma City Thunder,W,,69,65,9,1,W 3
2015,HOU,2014-11-17,8:00p,@,Memphis Grizzlies,L,,93,119,9,2,L 1
2015,HOU,2014-11-19,9:30p,,Los Angeles Lakers,L,,92,98,9,3,L 2
2015,HOU,2014-11-22,8:00p,,Dallas Mavericks,W,,95,92,10,3,W 1
2015,HOU,2014-11-24,8:00p,,New York Knicks,W,,91,86,11,3,W 2
2015,HOU,2014-11-26,8:00p,,Sacramento Kings,W,,102,89,12,3,W 3
2015,HOU,2014-11-28,8:00p,,Los Angeles Clippers,L,,85,102,12,4,L 1
2015,HOU,2014-11-29,9:00p,@,Milwaukee Bucks,W,,117,103,13,4,W 1
2015,HOU,2014-12-03,8:00p,,Memphis Grizzlies,W,,105,96,14,4,W 2
2015,HOU,2014-12-05,8:00p,@,Minnesota Timberwolves,W,OT,114,112,15,4,W 3
2015,HOU,2014-12-06,8:00p,,Phoenix Suns,W,,100,95,16,4,W 4
2015,HOU,2014-12-10,10:30p,@,Golden State Warriors,L,,93,105,16,5,L 1
2015,HOU,2014-12-11,10:30p,@,Sacramento Kings,W,OT,113,109,17,5,W 1
2015,HOU,2014-12-13,8:00p,,Denver Nuggets,W,,108,96,18,5,W 2
2015,HOU,2014-12-17,10:30p,@,Denver Nuggets,W,OT,115,111,19,5,W 3
2015,HOU,2014-12-18,8:30p,,New Orleans Pelicans,L,,90,99,19,6,L 1
2015,HOU,2014-12-20,8:00p,,Atlanta Hawks,L,,97,104,19,7,L 2
2015,HOU,2014-12-22,8:00p,,Portland Trail Blazers,W,,110,95,20,7,W 1
2015,HOU,2014-12-26,8:00p,@,Memphis Grizzlies,W,OT,117,111,21,7,W 2
2015,HOU,2014-12-28,7:00p,@,San Antonio Spurs,L,,106,110,21,8,L 1
2015,HOU,2014-12-29,8:00p,,Washington Wizards,L,,103,104,21,9,L 2
2015,HOU,2014-12-31,7:00p,,Charlotte Hornets,W,,102,83,22,9,W 1
2015,HOU,2015-01-02,8:00p,@,New Orleans Pelicans,L,,83,111,22,10,L 1
2015,HOU,2015-01-03,8:00p,,Miami Heat,W,,115,79,23,10,W 1
2015,HOU,2015-01-05,8:00p,@,Chicago Bulls,L,,105,114,23,11,L 1
2015,HOU,2015-01-07,7:00p,@,Cleveland Cavaliers,W,,105,93,24,11,W 1
2015,HOU,2015-01-08,8:00p,@,New York Knicks,W,,120,96,25,11,W 2
2015,HOU,2015-01-10,8:00p,,Utah Jazz,W,,97,82,26,11,W 3
2015,HOU,2015-01-12,7:30p,@,Brooklyn Nets,W,,113,99,27,11,W 4
2015,HOU,2015-01-14,7:00p,@,Orlando Magic,L,,113,120,27,12,L 1
2015,HOU,2015-01-15,8:00p,,Oklahoma City Thunder,W,,112,101,28,12,W 1
2015,HOU,2015-01-17,8:00p,,Golden State Warriors,L,,106,131,28,13,L 1
2015,HOU,2015-01-19,5:30p,,Indiana Pacers,W,,110,98,29,13,W 1
2015,HOU,2015-01-21,10:30p,@,Golden State Warriors,L,,113,126,29,14,L 1
2015,HOU,2015-01-23,9:00p,@,Phoenix Suns,W,,113,111,30,14,W 1
2015,HOU,2015-01-25,9:30p,@,Los Angeles Lakers,W,,99,87,31,14,W 2
2015,HOU,2015-01-28,8:00p,,Dallas Mavericks,W,,99,94,32,14,W 3
2015,HOU,2015-01-30,7:30p,@,Boston Celtics,W,,93,87,33,14,W 4
2015,HOU,2015-01-31,7:30p,@,Detroit Pistons,L,,101,114,33,15,L 1
2015,HOU,2015-02-04,8:00p,,Chicago Bulls,W,,101,90,34,15,W 1
2015,HOU,2015-02-06,8:00p,,Milwaukee Bucks,W,,117,111,35,15,W 2
2015,HOU,2015-02-08,7:00p,,Portland Trail Blazers,L,,98,109,35,16,L 1
2015,HOU,2015-02-10,8:00p,@,Phoenix Suns,W,,127,118,36,16,W 1
2015,HOU,2015-02-11,10:30p,@,Los Angeles Clippers,L,,95,110,36,17,L 1
2015,HOU,2015-02-20,8:30p,@,Dallas Mavericks,L,,100,111,36,18,L 2
2015,HOU,2015-02-21,8:00p,,Toronto Raptors,W,,98,76,37,18,W 1
2015,HOU,2015-02-23,8:00p,,Minnesota Timberwolves,W,,113,102,38,18,W 2
2015,HOU,2015-02-25,8:00p,,Los Angeles Clippers,W,,110,105,39,18,W 3
2015,HOU,2015-02-27,8:00p,,Brooklyn Nets,W,,102,98,40,18,W 4
2015,HOU,2015-03-01,3:30p,,Cleveland Cavaliers,W,OT,105,103,41,18,W 5
2015,HOU,2015-03-03,7:30p,@,Atlanta Hawks,L,,96,104,41,19,L 1
2015,HOU,2015-03-04,8:00p,,Memphis Grizzlies,L,,100,102,41,20,L 2
2015,HOU,2015-03-06,8:00p,,Detroit Pistons,W,,103,93,42,20,W 1
2015,HOU,2015-03-07,9:00p,@,Denver Nuggets,W,,114,100,43,20,W 2
2015,HOU,2015-03-11,10:30p,@,Portland Trail Blazers,L,,100,105,43,21,L 1
2015,HOU,2015-03-12,9:00p,@,Utah Jazz,L,,91,109,43,22,L 2
2015,HOU,2015-03-15,3:30p,@,Los Angeles Clippers,W,,100,98,44,22,W 1
2015,HOU,2015-03-17,8:00p,,Orlando Magic,W,,107,94,45,22,W 2
2015,HOU,2015-03-19,8:00p,,Denver Nuggets,W,,118,108,46,22,W 3
2015,HOU,2015-03-21,8:00p,,Phoenix Suns,L,,102,117,46,23,L 1
2015,HOU,2015-03-23,7:00p,@,Indiana Pacers,W,,110,100,47,23,W 1
2015,HOU,2015-03-25,8:00p,@,New Orleans Pelicans,W,,95,93,48,23,W 2
2015,HOU,2015-03-27,8:00p,,Minnesota Timberwolves,W,,120,110,49,23,W 3
2015,HOU,2015-03-29,12:30p,@,Washington Wizards,W,,99,91,50,23,W 4
2015,HOU,2015-03-30,7:30p,@,Toronto Raptors,L,,96,99,50,24,L 1
2015,HOU,2015-04-01,8:00p,,Sacramento Kings,W,,115,111,51,24,W 1
2015,HOU,2015-04-02,8:30p,@,Dallas Mavericks,W,,108,101,52,24,W 2
2015,HOU,2015-04-05,1:00p,@,Oklahoma City Thunder,W,,115,112,53,24,W 3
2015,HOU,2015-04-08,8:30p,@,San Antonio Spurs,L,,98,110,53,25,L 1
2015,HOU,2015-04-10,8:00p,,San Antonio Spurs,L,,103,104,53,26,L 2
2015,HOU,2015-04-12,7:00p,,New Orleans Pelicans,W,,121,114,54,26,W 1
2015,HOU,2015-04-13,7:00p,@,Charlotte Hornets,W,,100,90,55,26,W 2
2015,HOU,2015-04-15,8:00p,,Utah Jazz,W,,117,91,56,26,W 3
2015,HOU,2015-04-18,9:30p,,Dallas Mavericks,W,,118,108,1,0,W 1
2015,HOU,2015-04-21,9:30p,,Dallas Mavericks,W,,111,99,2,0,W 2
2015,HOU,2015-04-24,7:00p,@,Dallas Mavericks,W,,130,128,3,0,W 3
2015,HOU,2015-04-26,9:00p,@,Dallas Mavericks,L,,109,121,3,1,L 1
2015,HOU,2015-04-28,8:00p,,Dallas Mavericks,W,,103,94,4,1,W 1
2015,HOU,2015-05-04,9:30p,,Los Angeles Clippers,L,,101,117,4,2,L 1
2015,HOU,2015-05-06,9:30p,,Los Angeles Clippers,W,,115,109,5,2,W 1
2015,HOU,2015-05-08,10:30p,@,Los Angeles Clippers,L,,99,124,5,3,L 1
2015,HOU,2015-05-10,8:30p,@,Los Angeles Clippers,L,,95,128,5,4,L 2
2015,HOU,2015-05-12,9:30p,,Los Angeles Clippers,W,,124,103,6,4,W 1
2015,HOU,2015-05-14,10:30p,@,Los Angeles Clippers,W,,119,107,7,4,W 2
2015,HOU,2015-05-17,3:30p,,Los Angeles Clippers,W,,113,100,8,4,W 3
2015,HOU,2015-05-19,9:00p,@,Golden State Warriors,L,,106,110,8,5,L 1
2015,HOU,2015-05-21,9:00p,@,Golden State Warriors,L,,98,99,8,6,L 2
2015,HOU,2015-05-23,9:00p,,Golden State Warriors,L,,80,115,8,7,L 3
2015,HOU,2015-05-25,9:00p,,Golden State Warriors,W,,128,115,9,7,W 1
2015,HOU,2015-05-27,9:00p,@,Golden State Warriors,L,,90,104,9,8,L 1
2015,IND,2014-10-29,7:00p,,Philadelphia 76ers,W,,103,91,1,0,W 1
2015,IND,2014-10-31,7:00p,,Memphis Grizzlies,L,,89,97,1,1,L 1
2015,IND,2014-11-01,7:30p,@,Atlanta Hawks,L,,92,102,1,2,L 2
2015,IND,2014-11-04,7:00p,,Milwaukee Bucks,L,,81,87,1,3,L 3
2015,IND,2014-11-05,8:00p,@,Washington Wizards,L,OT,94,96,1,4,L 4
2015,IND,2014-11-07,7:30p,@,Boston Celtics,L,,98,101,1,5,L 5
2015,IND,2014-11-08,7:00p,,Washington Wizards,L,,90,97,1,6,L 6
2015,IND,2014-11-10,7:00p,,Utah Jazz,W,,97,86,2,6,W 1
2015,IND,2014-11-12,7:30p,@,Miami Heat,W,,81,75,3,6,W 2
2015,IND,2014-11-14,7:00p,,Denver Nuggets,L,,87,108,3,7,L 1
2015,IND,2014-11-15,8:00p,@,Chicago Bulls,W,,99,90,4,7,W 1
2015,IND,2014-11-19,7:00p,,Charlotte Hornets,W,,88,86,5,7,W 2
2015,IND,2014-11-22,7:00p,,Phoenix Suns,L,,83,106,5,8,L 1
2015,IND,2014-11-24,8:30p,@,Dallas Mavericks,W,,111,100,6,8,W 1
2015,IND,2014-11-26,8:30p,@,San Antonio Spurs,L,,100,106,6,9,L 1
2015,IND,2014-11-28,8:00p,,Orlando Magic,W,,98,83,7,9,W 1
2015,IND,2014-11-29,7:30p,@,Cleveland Cavaliers,L,,97,109,7,10,L 1
2015,IND,2014-12-02,9:00p,@,Phoenix Suns,L,,99,116,7,11,L 2
2015,IND,2014-12-04,10:00p,@,Portland Trail Blazers,L,,82,88,7,12,L 3
2015,IND,2014-12-05,10:00p,@,Sacramento Kings,L,OT,101,102,7,13,L 4
2015,IND,2014-12-08,7:00p,,Atlanta Hawks,L,,92,108,7,14,L 5
2015,IND,2014-12-10,7:00p,,Los Angeles Clippers,L,,96,103,7,15,L 6
2015,IND,2014-12-12,7:30p,@,Toronto Raptors,L,,94,106,7,16,L 7
2015,IND,2014-12-13,7:00p,,Portland Trail Blazers,L,,85,95,7,17,L 8
2015,IND,2014-12-15,7:00p,,Los Angeles Lakers,W,,110,91,8,17,W 1
2015,IND,2014-12-17,10:30p,@,Los Angeles Clippers,L,,100,102,8,18,L 1
2015,IND,2014-12-20,9:00p,@,Denver Nuggets,L,,73,76,8,19,L 2
2015,IND,2014-12-21,7:00p,@,Minnesota Timberwolves,W,,100,96,9,19,W 1
2015,IND,2014-12-23,7:00p,,New Orleans Pelicans,W,,96,84,10,19,W 2
2015,IND,2014-12-26,7:30p,@,Detroit Pistons,L,,109,119,10,20,L 1
2015,IND,2014-12-27,8:00p,@,Brooklyn Nets,W,,110,85,11,20,W 1
2015,IND,2014-12-29,7:00p,,Chicago Bulls,L,,90,92,11,21,L 1
2015,IND,2014-12-31,3:00p,,Miami Heat,W,,106,95,12,21,W 1
2015,IND,2015-01-02,8:30p,@,Milwaukee Bucks,W,,94,91,13,21,W 2
2015,IND,2015-01-04,9:30p,@,Los Angeles Lakers,L,,87,88,13,22,L 1
2015,IND,2015-01-05,9:00p,@,Utah Jazz,W,,105,101,14,22,W 1
2015,IND,2015-01-07,10:30p,@,Golden State Warriors,L,,102,117,14,23,L 1
2015,IND,2015-01-09,7:00p,,Boston Celtics,W,OT,107,103,15,23,W 1
2015,IND,2015-01-10,7:30p,@,Philadelphia 76ers,L,,92,93,15,24,L 1
2015,IND,2015-01-13,7:00p,,Minnesota Timberwolves,L,,101,110,15,25,L 2
2015,IND,2015-01-16,7:00p,,Detroit Pistons,L,,96,98,15,26,L 3
2015,IND,2015-01-17,7:00p,@,Charlotte Hornets,L,OT,71,80,15,27,L 4
2015,IND,2015-01-19,5:30p,@,Houston Rockets,L,,98,110,15,28,L 5
2015,IND,2015-01-21,7:30p,@,Atlanta Hawks,L,,91,110,15,29,L 6
2015,IND,2015-01-23,7:30p,@,Miami Heat,L,,87,89,15,30,L 7
2015,IND,2015-01-25,6:00p,@,Orlando Magic,W,,106,99,16,30,W 1
2015,IND,2015-01-27,7:00p,,Toronto Raptors,L,,91,104,16,31,L 1
2015,IND,2015-01-29,7:00p,,New York Knicks,W,,103,82,17,31,W 1
2015,IND,2015-01-31,7:00p,,Sacramento Kings,L,,94,99,17,32,L 1
2015,IND,2015-02-04,7:00p,,Detroit Pistons,W,,114,109,18,32,W 1
2015,IND,2015-02-06,7:00p,,Cleveland Cavaliers,W,,103,99,19,32,W 2
2015,IND,2015-02-08,6:00p,@,Charlotte Hornets,W,,103,102,20,32,W 3
2015,IND,2015-02-09,7:00p,,San Antonio Spurs,L,,93,95,20,33,L 1
2015,IND,2015-02-11,8:00p,@,New Orleans Pelicans,W,,106,93,21,33,W 1
2015,IND,2015-02-20,7:00p,@,Philadelphia 76ers,W,,106,95,22,33,W 2
2015,IND,2015-02-22,6:00p,,Golden State Warriors,W,,104,98,23,33,W 3
2015,IND,2015-02-24,8:00p,@,Oklahoma City Thunder,L,,92,105,23,34,L 1
2015,IND,2015-02-27,7:00p,,Cleveland Cavaliers,W,,93,86,24,34,W 1
2015,IND,2015-03-01,6:00p,,Philadelphia 76ers,W,,94,74,25,34,W 2
2015,IND,2015-03-04,7:00p,,New York Knicks,W,,105,82,26,34,W 3
2015,IND,2015-03-06,7:00p,,Chicago Bulls,W,,98,84,27,34,W 4
2015,IND,2015-03-07,7:30p,@,New York Knicks,W,,92,86,28,34,W 5
2015,IND,2015-03-10,7:00p,,Orlando Magic,W,,118,86,29,34,W 6
2015,IND,2015-03-12,7:00p,,Milwaukee Bucks,W,OT,109,103,30,34,W 7
2015,IND,2015-03-14,7:00p,,Boston Celtics,L,,89,93,30,35,L 1
2015,IND,2015-03-16,7:00p,,Toronto Raptors,L,,98,117,30,36,L 2
2015,IND,2015-03-18,8:00p,@,Chicago Bulls,L,,86,103,30,37,L 3
2015,IND,2015-03-20,7:30p,@,Cleveland Cavaliers,L,,92,95,30,38,L 4
2015,IND,2015-03-21,7:00p,,Brooklyn Nets,L,,111,123,30,39,L 5
2015,IND,2015-03-23,7:00p,,Houston Rockets,L,,100,110,30,40,L 6
2015,IND,2015-03-25,7:00p,@,Washington Wizards,W,,103,101,31,40,W 1
2015,IND,2015-03-26,8:00p,@,Milwaukee Bucks,L,,107,111,31,41,L 1
2015,IND,2015-03-29,7:00p,,Dallas Mavericks,W,,104,99,32,41,W 1
2015,IND,2015-03-31,7:30p,@,Brooklyn Nets,L,,106,111,32,42,L 1
2015,IND,2015-04-01,7:30p,@,Boston Celtics,L,,87,100,32,43,L 2
2015,IND,2015-04-03,7:00p,,Charlotte Hornets,W,,93,74,33,43,W 1
2015,IND,2015-04-05,6:00p,,Miami Heat,W,,112,89,34,43,W 2
2015,IND,2015-04-08,7:30p,@,New York Knicks,W,,102,86,35,43,W 3
2015,IND,2015-04-10,7:30p,@,Detroit Pistons,W,,107,103,36,43,W 4
2015,IND,2015-04-12,6:00p,,Oklahoma City Thunder,W,,116,104,37,43,W 5
2015,IND,2015-04-14,8:00p,,Washington Wizards,W,2OT,99,95,38,43,W 6
2015,IND,2015-04-15,9:30p,@,Memphis Grizzlies,L,,83,95,38,44,L 1
2015,LAC,2014-10-30,10:30p,,Oklahoma City Thunder,W,,93,90,1,0,W 1
2015,LAC,2014-10-31,10:30p,@,Los Angeles Lakers,W,,118,111,2,0,W 2
2015,LAC,2014-11-02,3:30p,,Sacramento Kings,L,,92,98,2,1,L 1
2015,LAC,2014-11-03,10:30p,,Utah Jazz,W,,107,101,3,1,W 1
2015,LAC,2014-11-05,10:30p,@,Golden State Warriors,L,,104,121,3,2,L 1
2015,LAC,2014-11-08,3:30p,,Portland Trail Blazers,W,,106,102,4,2,W 1
2015,LAC,2014-11-10,10:30p,,San Antonio Spurs,L,,85,89,4,3,L 1
2015,LAC,2014-11-15,10:30p,,Phoenix Suns,W,,120,107,5,3,W 1
2015,LAC,2014-11-17,10:30p,,Chicago Bulls,L,,89,105,5,4,L 1
2015,LAC,2014-11-19,7:00p,@,Orlando Magic,W,,114,90,6,4,W 1
2015,LAC,2014-11-20,8:00p,@,Miami Heat,W,,110,93,7,4,W 2
2015,LAC,2014-11-23,6:00p,@,Memphis Grizzlies,L,,91,107,7,5,L 1
2015,LAC,2014-11-24,7:00p,@,Charlotte Hornets,W,,113,92,8,5,W 1
2015,LAC,2014-11-26,7:30p,@,Detroit Pistons,W,,104,98,9,5,W 2
2015,LAC,2014-11-28,8:00p,@,Houston Rockets,W,,102,85,10,5,W 3
2015,LAC,2014-11-29,9:00p,@,Utah Jazz,W,,112,96,11,5,W 4
2015,LAC,2014-12-01,10:30p,,Minnesota Timberwolves,W,,127,101,12,5,W 5
2015,LAC,2014-12-03,10:30p,,Orlando Magic,W,,114,86,13,5,W 6
2015,LAC,2014-12-06,10:30p,,New Orleans Pelicans,W,,120,100,14,5,W 7
2015,LAC,2014-12-08,10:30p,,Phoenix Suns,W,OT,121,120,15,5,W 8
2015,LAC,2014-12-10,7:00p,@,Indiana Pacers,W,,103,96,16,5,W 9
2015,LAC,2014-12-12,7:00p,@,Washington Wizards,L,,96,104,16,6,L 1
2015,LAC,2014-12-13,7:30p,@,Milwaukee Bucks,L,,106,111,16,7,L 2
2015,LAC,2014-12-15,10:30p,,Detroit Pistons,W,,113,91,17,7,W 1
2015,LAC,2014-12-17,10:30p,,Indiana Pacers,W,,102,100,18,7,W 2
2015,LAC,2014-12-19,9:00p,@,Denver Nuggets,L,,106,109,18,8,L 1
2015,LAC,2014-12-20,10:30p,,Milwaukee Bucks,W,,106,102,19,8,W 1
2015,LAC,2014-12-22,8:30p,@,San Antonio Spurs,L,,118,125,19,9,L 1
2015,LAC,2014-12-23,7:30p,@,Atlanta Hawks,L,,104,107,19,10,L 2
2015,LAC,2014-12-25,10:30p,,Golden State Warriors,W,,100,86,20,10,W 1
2015,LAC,2014-12-27,3:30p,,Toronto Raptors,L,,98,110,20,11,L 1
2015,LAC,2014-12-29,10:30p,,Utah Jazz,W,,101,97,21,11,W 1
2015,LAC,2014-12-31,6:00p,,New York Knicks,W,,99,78,22,11,W 2
2015,LAC,2015-01-03,10:30p,,Philadelphia 76ers,W,,127,91,23,11,W 3
2015,LAC,2015-01-05,10:30p,,Atlanta Hawks,L,,98,107,23,12,L 1
2015,LAC,2015-01-07,10:30p,,Los Angeles Lakers,W,,114,89,24,12,W 1
2015,LAC,2015-01-10,3:30p,,Dallas Mavericks,W,,120,100,25,12,W 2
2015,LAC,2015-01-11,3:30p,,Miami Heat,L,,90,104,25,13,L 1
2015,LAC,2015-01-14,10:30p,@,Portland Trail Blazers,W,,100,94,26,13,W 1
2015,LAC,2015-01-16,10:30p,,Cleveland Cavaliers,L,,121,126,26,14,L 1
2015,LAC,2015-01-17,10:00p,@,Sacramento Kings,W,,117,108,27,14,W 1
2015,LAC,2015-01-19,3:30p,,Boston Celtics,W,,102,93,28,14,W 2
2015,LAC,2015-01-22,10:30p,,Brooklyn Nets,W,,123,84,29,14,W 3
2015,LAC,2015-01-25,6:00p,@,Phoenix Suns,W,,120,100,30,14,W 4
2015,LAC,2015-01-26,10:30p,,Denver Nuggets,W,,102,98,31,14,W 5
2015,LAC,2015-01-28,9:00p,@,Utah Jazz,W,,94,89,32,14,W 6
2015,LAC,2015-01-30,8:00p,@,New Orleans Pelicans,L,,103,108,32,15,L 1
2015,LAC,2015-01-31,9:00p,@,San Antonio Spurs,W,,105,85,33,15,W 1
2015,LAC,2015-02-02,7:30p,@,Brooklyn Nets,L,,100,102,33,16,L 1
2015,LAC,2015-02-05,8:00p,@,Cleveland Cavaliers,L,,94,105,33,17,L 2
2015,LAC,2015-02-06,7:00p,@,Toronto Raptors,L,,107,123,33,18,L 3
2015,LAC,2015-02-08,1:00p,@,Oklahoma City Thunder,L,,108,131,33,19,L 4
2015,LAC,2015-02-09,8:30p,@,Dallas Mavericks,W,,115,98,34,19,W 1
2015,LAC,2015-02-11,10:30p,,Houston Rockets,W,,110,95,35,19,W 2
2015,LAC,2015-02-19,10:30p,,San Antonio Spurs,W,,119,115,36,19,W 3
2015,LAC,2015-02-21,10:00p,,Sacramento Kings,W,,126,99,37,19,W 4
2015,LAC,2015-02-23,10:30p,,Memphis Grizzlies,L,,87,90,37,20,L 1
2015,LAC,2015-02-25,8:00p,@,Houston Rockets,L,,105,110,37,21,L 2
2015,LAC,2015-02-27,8:00p,@,Memphis Grizzlies,W,,97,79,38,21,W 1
2015,LAC,2015-03-01,1:00p,@,Chicago Bulls,W,,96,86,39,21,W 2
2015,LAC,2015-03-02,8:00p,@,Minnesota Timberwolves,W,,110,105,40,21,W 3
2015,LAC,2015-03-04,10:30p,,Portland Trail Blazers,L,OT,93,98,40,22,L 1
2015,LAC,2015-03-08,3:30p,@,Golden State Warriors,L,,98,106,40,23,L 2
2015,LAC,2015-03-09,10:30p,,Minnesota Timberwolves,W,,89,76,41,23,W 1
2015,LAC,2015-03-11,8:00p,@,Oklahoma City Thunder,W,,120,108,42,23,W 2
2015,LAC,2015-03-13,8:30p,@,Dallas Mavericks,L,,99,129,42,24,L 1
2015,LAC,2015-03-15,3:30p,,Houston Rockets,L,,98,100,42,25,L 2
2015,LAC,2015-03-17,10:30p,,Charlotte Hornets,W,,99,92,43,25,W 1
2015,LAC,2015-03-18,10:00p,@,Sacramento Kings,W,,116,105,44,25,W 2
2015,LAC,2015-03-20,10:30p,,Washington Wizards,W,,113,99,45,25,W 3
2015,LAC,2015-03-22,3:30p,,New Orleans Pelicans,W,,107,100,46,25,W 4
2015,LAC,2015-03-25,7:00p,@,New York Knicks,W,,111,80,47,25,W 5
2015,LAC,2015-03-27,7:00p,@,Philadelphia 76ers,W,,119,98,48,25,W 6
2015,LAC,2015-03-29,6:00p,@,Boston Celtics,W,,119,106,49,25,W 7
2015,LAC,2015-03-31,10:30p,,Golden State Warriors,L,,106,110,49,26,L 1
2015,LAC,2015-04-01,10:00p,@,Portland Trail Blazers,W,,126,122,50,26,W 1
2015,LAC,2015-04-04,9:00p,@,Denver Nuggets,W,,107,92,51,26,W 2
2015,LAC,2015-04-05,9:30p,@,Los Angeles Lakers,W,,106,78,52,26,W 3
2015,LAC,2015-04-07,10:30p,,Los Angeles Lakers,W,,105,100,53,26,W 4
2015,LAC,2015-04-11,10:00p,,Memphis Grizzlies,W,,94,86,54,26,W 5
2015,LAC,2015-04-13,10:30p,,Denver Nuggets,W,,110,103,55,26,W 6
2015,LAC,2015-04-14,10:30p,@,Phoenix Suns,W,,112,101,56,26,W 7
2015,LAC,2015-04-19,10:30p,,San Antonio Spurs,W,,107,92,1,0,W 1
2015,LAC,2015-04-22,10:30p,,San Antonio Spurs,L,OT,107,111,1,1,L 1
2015,LAC,2015-04-24,9:30p,@,San Antonio Spurs,L,,73,100,1,2,L 2
2015,LAC,2015-04-26,3:30p,@,San Antonio Spurs,W,,114,105,2,2,W 1
2015,LAC,2015-04-28,10:30p,,San Antonio Spurs,L,,107,111,2,3,L 1
2015,LAC,2015-04-30,9:30p,@,San Antonio Spurs,W,,102,96,3,3,W 1
2015,LAC,2015-05-02,8:00p,,San Antonio Spurs,W,,111,109,4,3,W 2
2015,LAC,2015-05-04,9:30p,@,Houston Rockets,W,,117,101,5,3,W 3
2015,LAC,2015-05-06,9:30p,@,Houston Rockets,L,,109,115,5,4,L 1
2015,LAC,2015-05-08,10:30p,,Houston Rockets,W,,124,99,6,4,W 1
2015,LAC,2015-05-10,8:30p,,Houston Rockets,W,,128,95,7,4,W 2
2015,LAC,2015-05-12,9:30p,@,Houston Rockets,L,,103,124,7,5,L 1
2015,LAC,2015-05-14,10:30p,,Houston Rockets,L,,107,119,7,6,L 2
2015,LAC,2015-05-17,3:30p,@,Houston Rockets,L,,100,113,7,7,L 3
2015,LAL,2014-10-28,10:30p,,Houston Rockets,L,,90,108,0,1,L 1
2015,LAL,2014-10-29,10:00p,@,Phoenix Suns,L,,99,119,0,2,L 2
2015,LAL,2014-10-31,10:30p,,Los Angeles Clippers,L,,111,118,0,3,L 3
2015,LAL,2014-11-01,10:30p,@,Golden State Warriors,L,,104,127,0,4,L 4
2015,LAL,2014-11-04,10:30p,,Phoenix Suns,L,,106,112,0,5,L 5
2015,LAL,2014-11-09,9:30p,,Charlotte Hornets,W,,107,92,1,5,W 1
2015,LAL,2014-11-11,8:00p,@,Memphis Grizzlies,L,,102,107,1,6,L 1
2015,LAL,2014-11-12,8:00p,@,New Orleans Pelicans,L,,102,109,1,7,L 2
2015,LAL,2014-11-14,10:00p,,San Antonio Spurs,L,,80,93,1,8,L 3
2015,LAL,2014-11-16,9:30p,,Golden State Warriors,L,,115,136,1,9,L 4
2015,LAL,2014-11-18,7:30p,@,Atlanta Hawks,W,,114,109,2,9,W 1
2015,LAL,2014-11-19,9:30p,@,Houston Rockets,W,,98,92,3,9,W 2
2015,LAL,2014-11-21,8:30p,@,Dallas Mavericks,L,,106,140,3,10,L 1
2015,LAL,2014-11-23,9:30p,,Denver Nuggets,L,OT,94,101,3,11,L 2
2015,LAL,2014-11-26,10:30p,,Memphis Grizzlies,L,,93,99,3,12,L 3
2015,LAL,2014-11-28,10:30p,,Minnesota Timberwolves,L,,119,120,3,13,L 4
2015,LAL,2014-11-30,9:30p,,Toronto Raptors,W,OT,129,122,4,13,W 1
2015,LAL,2014-12-02,7:30p,@,Detroit Pistons,W,,106,96,5,13,W 2
2015,LAL,2014-12-03,7:00p,@,Washington Wizards,L,,95,111,5,14,L 1
2015,LAL,2014-12-05,7:30p,@,Boston Celtics,L,,96,113,5,15,L 2
2015,LAL,2014-12-07,9:30p,,New Orleans Pelicans,L,,87,104,5,16,L 3
2015,LAL,2014-12-09,10:30p,,Sacramento Kings,W,,98,95,6,16,W 1
2015,LAL,2014-12-12,9:30p,@,San Antonio Spurs,W,OT,112,110,7,16,W 2
2015,LAL,2014-12-14,7:00p,@,Minnesota Timberwolves,W,,100,94,8,16,W 3
2015,LAL,2014-12-15,7:00p,@,Indiana Pacers,L,,91,110,8,17,L 1
2015,LAL,2014-12-19,10:30p,,Oklahoma City Thunder,L,,103,104,8,18,L 2
2015,LAL,2014-12-21,6:00p,@,Sacramento Kings,L,,101,108,8,19,L 3
2015,LAL,2014-12-23,10:30p,,Golden State Warriors,W,,115,105,9,19,W 1
2015,LAL,2014-12-25,8:00p,@,Chicago Bulls,L,,93,113,9,20,L 1
2015,LAL,2014-12-26,8:30p,@,Dallas Mavericks,L,,98,102,9,21,L 2
2015,LAL,2014-12-28,9:30p,,Phoenix Suns,L,,107,116,9,22,L 3
2015,LAL,2014-12-30,9:00p,@,Denver Nuggets,W,,111,103,10,22,W 1
2015,LAL,2015-01-02,10:30p,,Memphis Grizzlies,L,,106,109,10,23,L 1
2015,LAL,2015-01-04,9:30p,,Indiana Pacers,W,,88,87,11,23,W 1
2015,LAL,2015-01-05,10:00p,@,Portland Trail Blazers,L,,94,98,11,24,L 1
2015,LAL,2015-01-07,10:30p,@,Los Angeles Clippers,L,,89,114,11,25,L 2
2015,LAL,2015-01-09,10:30p,,Orlando Magic,W,,101,84,12,25,W 1
2015,LAL,2015-01-11,9:30p,,Portland Trail Blazers,L,,94,106,12,26,L 1
2015,LAL,2015-01-13,10:30p,,Miami Heat,L,,75,78,12,27,L 2
2015,LAL,2015-01-15,10:30p,,Cleveland Cavaliers,L,,102,109,12,28,L 3
2015,LAL,2015-01-16,9:00p,@,Utah Jazz,L,,85,94,12,29,L 4
2015,LAL,2015-01-19,10:00p,@,Phoenix Suns,L,,100,115,12,30,L 5
2015,LAL,2015-01-21,8:00p,@,New Orleans Pelicans,L,,80,96,12,31,L 6
2015,LAL,2015-01-23,8:30p,@,San Antonio Spurs,L,,85,99,12,32,L 7
2015,LAL,2015-01-25,9:30p,,Houston Rockets,L,,87,99,12,33,L 8
2015,LAL,2015-01-27,10:30p,,Washington Wizards,L,,92,98,12,34,L 9
2015,LAL,2015-01-29,10:30p,,Chicago Bulls,W,2OT,123,118,13,34,W 1
2015,LAL,2015-02-01,2:00p,@,New York Knicks,L,,80,92,13,35,L 1
2015,LAL,2015-02-04,8:00p,@,Milwaukee Bucks,L,OT,105,113,13,36,L 2
2015,LAL,2015-02-06,7:00p,@,Orlando Magic,L,OT,97,103,13,37,L 3
2015,LAL,2015-02-08,3:30p,@,Cleveland Cavaliers,L,,105,120,13,38,L 4
2015,LAL,2015-02-10,10:30p,,Denver Nuggets,L,,96,106,13,39,L 5
2015,LAL,2015-02-11,10:00p,@,Portland Trail Blazers,L,,86,102,13,40,L 6
2015,LAL,2015-02-20,10:30p,,Brooklyn Nets,L,,105,114,13,41,L 7
2015,LAL,2015-02-22,9:30p,,Boston Celtics,W,OT,118,111,14,41,W 1
2015,LAL,2015-02-25,9:00p,@,Utah Jazz,W,,100,97,15,41,W 2
2015,LAL,2015-02-27,10:30p,,Milwaukee Bucks,W,,101,93,16,41,W 3
2015,LAL,2015-03-01,6:30p,,Oklahoma City Thunder,L,,101,108,16,42,L 1
2015,LAL,2015-03-03,7:00p,@,Charlotte Hornets,L,,103,104,16,43,L 2
2015,LAL,2015-03-04,8:00p,@,Miami Heat,L,,94,100,16,44,L 3
2015,LAL,2015-03-06,8:00p,@,Memphis Grizzlies,L,,90,97,16,45,L 4
2015,LAL,2015-03-08,9:30p,,Dallas Mavericks,L,,93,100,16,46,L 5
2015,LAL,2015-03-10,10:30p,,Detroit Pistons,W,,93,85,17,46,W 1
2015,LAL,2015-03-12,10:30p,,New York Knicks,L,,94,101,17,47,L 1
2015,LAL,2015-03-15,9:30p,,Atlanta Hawks,L,,86,91,17,48,L 2
2015,LAL,2015-03-16,10:30p,@,Golden State Warriors,L,,105,108,17,49,L 3
2015,LAL,2015-03-19,10:30p,,Utah Jazz,L,,73,80,17,50,L 4
2015,LAL,2015-03-22,9:30p,,Philadelphia 76ers,W,,101,87,18,50,W 1
2015,LAL,2015-03-24,8:00p,@,Oklahoma City Thunder,L,,117,127,18,51,L 1
2015,LAL,2015-03-25,8:00p,@,Minnesota Timberwolves,W,OT,101,99,19,51,W 1
2015,LAL,2015-03-27,7:30p,@,Toronto Raptors,L,,83,94,19,52,L 1
2015,LAL,2015-03-29,3:30p,@,Brooklyn Nets,L,,99,107,19,53,L 2
2015,LAL,2015-03-30,7:00p,@,Philadelphia 76ers,W,OT,113,111,20,53,W 1
2015,LAL,2015-04-01,10:30p,,New Orleans Pelicans,L,,92,113,20,54,L 1
2015,LAL,2015-04-03,10:30p,,Portland Trail Blazers,L,,77,107,20,55,L 2
2015,LAL,2015-04-05,9:30p,,Los Angeles Clippers,L,,78,106,20,56,L 3
2015,LAL,2015-04-07,10:30p,@,Los Angeles Clippers,L,,100,105,20,57,L 4
2015,LAL,2015-04-08,9:00p,@,Denver Nuggets,L,,101,119,20,58,L 5
2015,LAL,2015-04-10,10:30p,,Minnesota Timberwolves,W,,106,98,21,58,W 1
2015,LAL,2015-04-12,9:30p,,Dallas Mavericks,L,,106,120,21,59,L 1
2015,LAL,2015-04-13,10:00p,@,Sacramento Kings,L,,92,102,21,60,L 2
2015,LAL,2015-04-15,10:30p,,Sacramento Kings,L,,99,122,21,61,L 3
2015,MEM,2014-10-29,8:00p,,Minnesota Timberwolves,W,,105,101,1,0,W 1
2015,MEM,2014-10-31,7:00p,@,Indiana Pacers,W,,97,89,2,0,W 2
2015,MEM,2014-11-01,7:00p,@,Charlotte Hornets,W,,71,69,3,0,W 3
2015,MEM,2014-11-03,8:00p,,New Orleans Pelicans,W,,93,81,4,0,W 4
2015,MEM,2014-11-05,9:00p,@,Phoenix Suns,W,,102,91,5,0,W 5
2015,MEM,2014-11-07,8:00p,@,Oklahoma City Thunder,W,,91,89,6,0,W 6
2015,MEM,2014-11-08,8:30p,@,Milwaukee Bucks,L,,92,93,6,1,L 1
2015,MEM,2014-11-11,8:00p,,Los Angeles Lakers,W,,107,102,7,1,W 1
2015,MEM,2014-11-13,8:00p,,Sacramento Kings,W,,111,110,8,1,W 2
2015,MEM,2014-11-15,8:00p,,Detroit Pistons,W,,95,88,9,1,W 3
2015,MEM,2014-11-17,8:00p,,Houston Rockets,W,,119,93,10,1,W 4
2015,MEM,2014-11-19,7:30p,@,Toronto Raptors,L,,92,96,10,2,L 1
2015,MEM,2014-11-21,8:00p,,Boston Celtics,W,,117,100,11,2,W 1
2015,MEM,2014-11-23,6:00p,,Los Angeles Clippers,W,,107,91,12,2,W 2
2015,MEM,2014-11-26,10:30p,@,Los Angeles Lakers,W,,99,93,13,2,W 3
2015,MEM,2014-11-28,10:00p,@,Portland Trail Blazers,W,,112,99,14,2,W 4
2015,MEM,2014-11-30,6:00p,@,Sacramento Kings,W,,97,85,15,2,W 5
2015,MEM,2014-12-03,8:00p,@,Houston Rockets,L,,96,105,15,3,L 1
2015,MEM,2014-12-05,8:00p,,San Antonio Spurs,L,,101,107,15,4,L 2
2015,MEM,2014-12-07,6:00p,,Miami Heat,W,,103,87,16,4,W 1
2015,MEM,2014-12-09,8:00p,,Dallas Mavericks,W,,114,105,17,4,W 2
2015,MEM,2014-12-12,8:00p,,Charlotte Hornets,W,2OT,113,107,18,4,W 3
2015,MEM,2014-12-13,7:30p,@,Philadelphia 76ers,W,OT,120,115,19,4,W 4
2015,MEM,2014-12-16,8:00p,,Golden State Warriors,W,,105,98,20,4,W 5
2015,MEM,2014-12-17,8:30p,@,San Antonio Spurs,W,3OT,117,116,21,4,W 6
2015,MEM,2014-12-19,8:00p,,Chicago Bulls,L,,97,103,21,5,L 1
2015,MEM,2014-12-21,4:30p,@,Cleveland Cavaliers,L,,91,105,21,6,L 2
2015,MEM,2014-12-22,8:00p,,Utah Jazz,L,,91,97,21,7,L 3
2015,MEM,2014-12-26,8:00p,,Houston Rockets,L,OT,111,117,21,8,L 4
2015,MEM,2014-12-27,7:30p,@,Miami Heat,W,,103,95,22,8,W 1
2015,MEM,2014-12-30,8:00p,,San Antonio Spurs,W,,95,87,23,8,W 2
2015,MEM,2015-01-02,10:30p,@,Los Angeles Lakers,W,,109,106,24,8,W 3
2015,MEM,2015-01-03,9:00p,@,Denver Nuggets,L,,85,114,24,9,L 1
2015,MEM,2015-01-05,8:00p,,New York Knicks,W,,105,83,25,9,W 1
2015,MEM,2015-01-07,7:30p,@,Atlanta Hawks,L,,86,96,25,10,L 1
2015,MEM,2015-01-09,8:00p,@,New Orleans Pelicans,L,,95,106,25,11,L 2
2015,MEM,2015-01-11,6:00p,,Phoenix Suns,W,2OT,122,110,26,11,W 1
2015,MEM,2015-01-14,7:30p,@,Brooklyn Nets,W,,103,92,27,11,W 2
2015,MEM,2015-01-16,7:00p,@,Orlando Magic,W,,106,96,28,11,W 3
2015,MEM,2015-01-17,9:00p,,Portland Trail Blazers,W,,102,98,29,11,W 4
2015,MEM,2015-01-19,5:00p,,Dallas Mavericks,L,,95,103,29,12,L 1
2015,MEM,2015-01-21,8:00p,,Toronto Raptors,W,,92,86,30,12,W 1
2015,MEM,2015-01-24,8:00p,,Philadelphia 76ers,W,,101,83,31,12,W 2
2015,MEM,2015-01-26,8:00p,,Orlando Magic,W,,103,94,32,12,W 3
2015,MEM,2015-01-27,8:30p,@,Dallas Mavericks,W,,109,90,33,12,W 4
2015,MEM,2015-01-29,8:00p,,Denver Nuggets,W,,99,69,34,12,W 5
2015,MEM,2015-01-31,8:00p,,Oklahoma City Thunder,W,,85,74,35,12,W 6
2015,MEM,2015-02-02,9:00p,@,Phoenix Suns,W,,102,101,36,12,W 7
2015,MEM,2015-02-04,9:00p,@,Utah Jazz,W,,100,90,37,12,W 8
2015,MEM,2015-02-06,8:00p,@,Minnesota Timberwolves,L,,89,90,37,13,L 1
2015,MEM,2015-02-08,6:00p,,Atlanta Hawks,W,,94,88,38,13,W 1
2015,MEM,2015-02-10,8:00p,,Brooklyn Nets,W,,95,86,39,13,W 2
2015,MEM,2015-02-11,8:00p,@,Oklahoma City Thunder,L,,89,105,39,14,L 1
2015,MEM,2015-02-22,9:00p,@,Portland Trail Blazers,W,,98,92,40,14,W 1
2015,MEM,2015-02-23,10:30p,@,Los Angeles Clippers,W,,90,87,41,14,W 2
2015,MEM,2015-02-25,10:00p,@,Sacramento Kings,L,,90,102,41,15,L 1
2015,MEM,2015-02-27,8:00p,,Los Angeles Clippers,L,,79,97,41,16,L 2
2015,MEM,2015-02-28,8:00p,@,Minnesota Timberwolves,W,,101,97,42,16,W 1
2015,MEM,2015-03-03,8:00p,,Utah Jazz,L,,82,93,42,17,L 1
2015,MEM,2015-03-04,8:00p,@,Houston Rockets,W,,102,100,43,17,W 1
2015,MEM,2015-03-06,8:00p,,Los Angeles Lakers,W,,97,90,44,17,W 2
2015,MEM,2015-03-07,7:00p,@,New Orleans Pelicans,L,,89,95,44,18,L 1
2015,MEM,2015-03-09,8:00p,@,Chicago Bulls,W,,101,91,45,18,W 1
2015,MEM,2015-03-11,7:30p,@,Boston Celtics,L,,92,95,45,19,L 1
2015,MEM,2015-03-12,7:00p,@,Washington Wizards,L,,87,107,45,20,L 2
2015,MEM,2015-03-14,8:00p,,Milwaukee Bucks,W,,96,83,46,20,W 1
2015,MEM,2015-03-16,8:00p,,Denver Nuggets,W,,92,81,47,20,W 2
2015,MEM,2015-03-17,7:30p,@,Detroit Pistons,L,,95,105,47,21,L 1
2015,MEM,2015-03-20,8:30p,@,Dallas Mavericks,W,,112,101,48,21,W 1
2015,MEM,2015-03-21,8:00p,,Portland Trail Blazers,W,,97,86,49,21,W 2
2015,MEM,2015-03-23,7:30p,@,New York Knicks,W,,103,82,50,21,W 3
2015,MEM,2015-03-25,8:00p,,Cleveland Cavaliers,L,,89,111,50,22,L 1
2015,MEM,2015-03-27,8:00p,,Golden State Warriors,L,,84,107,50,23,L 2
2015,MEM,2015-03-29,7:00p,@,San Antonio Spurs,L,,89,103,50,24,L 3
2015,MEM,2015-03-30,8:00p,,Sacramento Kings,W,,97,83,51,24,W 1
2015,MEM,2015-04-03,8:00p,,Oklahoma City Thunder,W,,100,92,52,24,W 2
2015,MEM,2015-04-04,8:00p,,Washington Wizards,L,,83,92,52,25,L 1
2015,MEM,2015-04-08,8:00p,,New Orleans Pelicans,W,,110,74,53,25,W 1
2015,MEM,2015-04-10,9:00p,@,Utah Jazz,W,,89,88,54,25,W 2
2015,MEM,2015-04-11,10:00p,@,Los Angeles Clippers,L,,86,94,54,26,L 1
2015,MEM,2015-04-13,10:30p,@,Golden State Warriors,L,,107,111,54,27,L 2
2015,MEM,2015-04-15,9:30p,,Indiana Pacers,W,,95,83,55,27,W 1
2015,MEM,2015-04-19,8:00p,,Portland Trail Blazers,W,,100,86,1,0,W 1
2015,MEM,2015-04-22,8:00p,,Portland Trail Blazers,W,,97,82,2,0,W 2
2015,MEM,2015-04-25,10:30p,@,Portland Trail Blazers,W,,115,109,3,0,W 3
2015,MEM,2015-04-27,10:30p,@,Portland Trail Blazers,L,,92,99,3,1,L 1
2015,MEM,2015-04-29,9:30p,,Portland Trail Blazers,W,,99,93,4,1,W 1
2015,MEM,2015-05-03,3:30p,@,Golden State Warriors,L,,86,101,4,2,L 1
2015,MEM,2015-05-05,10:30p,@,Golden State Warriors,W,,97,90,5,2,W 1
2015,MEM,2015-05-09,8:00p,,Golden State Warriors,W,,99,89,6,2,W 2
2015,MEM,2015-05-11,9:30p,,Golden State Warriors,L,,84,101,6,3,L 1
2015,MEM,2015-05-13,10:30p,@,Golden State Warriors,L,,78,98,6,4,L 2
2015,MEM,2015-05-15,9:30p,,Golden State Warriors,L,,95,108,6,5,L 3
2015,MIA,2014-10-29,7:30p,,Washington Wizards,W,,107,95,1,0,W 1
2015,MIA,2014-11-01,7:00p,@,Philadelphia 76ers,W,,114,96,2,0,W 2
2015,MIA,2014-11-02,6:00p,,Toronto Raptors,W,,107,102,3,0,W 3
2015,MIA,2014-11-04,7:30p,,Houston Rockets,L,,91,108,3,1,L 1
2015,MIA,2014-11-05,7:00p,@,Charlotte Hornets,L,,89,96,3,2,L 2
2015,MIA,2014-11-08,7:30p,,Minnesota Timberwolves,W,,102,92,4,2,W 1
2015,MIA,2014-11-09,7:30p,@,Dallas Mavericks,W,,105,96,5,2,W 2
2015,MIA,2014-11-12,7:30p,,Indiana Pacers,L,,75,81,5,3,L 1
2015,MIA,2014-11-14,7:30p,@,Atlanta Hawks,L,,103,114,5,4,L 2
2015,MIA,2014-11-16,6:00p,,Milwaukee Bucks,L,,84,91,5,5,L 3
2015,MIA,2014-11-17,7:30p,@,Brooklyn Nets,W,,95,83,6,5,W 1
2015,MIA,2014-11-20,8:00p,,Los Angeles Clippers,L,,93,110,6,6,L 1
2015,MIA,2014-11-22,7:00p,@,Orlando Magic,W,,99,92,7,6,W 1
2015,MIA,2014-11-23,6:00p,,Charlotte Hornets,W,,94,93,8,6,W 2
2015,MIA,2014-11-25,7:30p,,Golden State Warriors,L,,97,114,8,7,L 1
2015,MIA,2014-11-30,7:30p,@,New York Knicks,W,,86,79,9,7,W 1
2015,MIA,2014-12-01,7:00p,@,Washington Wizards,L,,86,107,9,8,L 1
2015,MIA,2014-12-03,7:30p,,Atlanta Hawks,L,,102,112,9,9,L 2
2015,MIA,2014-12-05,8:30p,@,Milwaukee Bucks,L,,85,109,9,10,L 3
2015,MIA,2014-12-07,6:00p,@,Memphis Grizzlies,L,,87,103,9,11,L 4
2015,MIA,2014-12-09,9:00p,@,Phoenix Suns,W,,103,97,10,11,W 1
2015,MIA,2014-12-10,10:30p,@,Denver Nuggets,L,,82,102,10,12,L 1
2015,MIA,2014-12-12,9:00p,@,Utah Jazz,W,,100,95,11,12,W 1
2015,MIA,2014-12-14,6:00p,,Chicago Bulls,L,,75,93,11,13,L 1
2015,MIA,2014-12-16,7:30p,@,Brooklyn Nets,W,,95,91,12,13,W 1
2015,MIA,2014-12-17,7:30p,,Utah Jazz,L,,87,105,12,14,L 1
2015,MIA,2014-12-19,7:30p,,Washington Wizards,L,,103,105,12,15,L 2
2015,MIA,2014-12-21,6:00p,,Boston Celtics,W,,100,84,13,15,W 1
2015,MIA,2014-12-23,7:30p,,Philadelphia 76ers,L,,87,91,13,16,L 1
2015,MIA,2014-12-25,5:00p,,Cleveland Cavaliers,W,,101,91,14,16,W 1
2015,MIA,2014-12-27,7:30p,,Memphis Grizzlies,L,,95,103,14,17,L 1
2015,MIA,2014-12-29,7:30p,,Orlando Magic,L,,101,102,14,18,L 2
2015,MIA,2014-12-31,3:00p,@,Indiana Pacers,L,,95,106,14,19,L 3
2015,MIA,2015-01-03,8:00p,@,Houston Rockets,L,,79,115,14,20,L 4
2015,MIA,2015-01-04,6:00p,,Brooklyn Nets,W,,88,84,15,20,W 1
2015,MIA,2015-01-08,10:30p,@,Portland Trail Blazers,L,,83,99,15,21,L 1
2015,MIA,2015-01-11,3:30p,@,Los Angeles Clippers,W,,104,90,16,21,W 1
2015,MIA,2015-01-13,10:30p,@,Los Angeles Lakers,W,,78,75,17,21,W 2
2015,MIA,2015-01-14,10:30p,@,Golden State Warriors,L,,89,104,17,22,L 1
2015,MIA,2015-01-16,10:00p,@,Sacramento Kings,W,,95,83,18,22,W 1
2015,MIA,2015-01-20,7:30p,,Oklahoma City Thunder,L,,86,94,18,23,L 1
2015,MIA,2015-01-21,7:00p,@,Charlotte Hornets,L,,76,78,18,24,L 2
2015,MIA,2015-01-23,7:30p,,Indiana Pacers,W,,89,87,19,24,W 1
2015,MIA,2015-01-25,1:00p,@,Chicago Bulls,W,,96,84,20,24,W 2
2015,MIA,2015-01-27,7:30p,,Milwaukee Bucks,L,,102,109,20,25,L 1
2015,MIA,2015-01-30,8:00p,,Dallas Mavericks,L,,72,93,20,26,L 2
2015,MIA,2015-02-01,1:00p,@,Boston Celtics,W,,83,75,21,26,W 1
2015,MIA,2015-02-03,7:30p,@,Detroit Pistons,L,,91,108,21,27,L 1
2015,MIA,2015-02-04,8:00p,@,Minnesota Timberwolves,L,,101,102,21,28,L 2
2015,MIA,2015-02-06,9:30p,@,San Antonio Spurs,L,,85,98,21,29,L 3
2015,MIA,2015-02-09,7:30p,,New York Knicks,W,,109,95,22,29,W 1
2015,MIA,2015-02-11,8:00p,@,Cleveland Cavaliers,L,,93,113,22,30,L 1
2015,MIA,2015-02-20,7:30p,@,New York Knicks,W,,111,87,23,30,W 1
2015,MIA,2015-02-21,7:30p,,New Orleans Pelicans,L,,91,105,23,31,L 1
2015,MIA,2015-02-23,7:30p,,Philadelphia 76ers,W,,119,108,24,31,W 1
2015,MIA,2015-02-25,7:00p,@,Orlando Magic,W,OT,93,90,25,31,W 2
2015,MIA,2015-02-27,8:00p,@,New Orleans Pelicans,L,,102,104,25,32,L 1
2015,MIA,2015-02-28,7:30p,,Atlanta Hawks,L,,91,93,25,33,L 2
2015,MIA,2015-03-02,7:30p,,Phoenix Suns,W,,115,98,26,33,W 1
2015,MIA,2015-03-04,8:00p,,Los Angeles Lakers,W,,100,94,27,33,W 2
2015,MIA,2015-03-06,7:00p,@,Washington Wizards,L,,97,99,27,34,L 1
2015,MIA,2015-03-07,7:30p,,Sacramento Kings,W,OT,114,109,28,34,W 1
2015,MIA,2015-03-09,7:30p,,Boston Celtics,L,,90,100,28,35,L 1
2015,MIA,2015-03-11,7:30p,,Brooklyn Nets,W,,104,98,29,35,W 1
2015,MIA,2015-03-13,7:30p,@,Toronto Raptors,L,,92,102,29,36,L 1
2015,MIA,2015-03-16,8:00p,,Cleveland Cavaliers,W,,106,92,30,36,W 1
2015,MIA,2015-03-18,7:30p,,Portland Trail Blazers,W,,108,104,31,36,W 2
2015,MIA,2015-03-20,7:30p,,Denver Nuggets,W,,108,91,32,36,W 3
2015,MIA,2015-03-22,3:00p,@,Oklahoma City Thunder,L,,75,93,32,37,L 1
2015,MIA,2015-03-24,8:00p,@,Milwaukee Bucks,L,,88,89,32,38,L 2
2015,MIA,2015-03-25,7:30p,@,Boston Celtics,W,,93,86,33,38,W 1
2015,MIA,2015-03-27,7:30p,@,Atlanta Hawks,L,,86,99,33,39,L 1
2015,MIA,2015-03-29,6:00p,,Detroit Pistons,W,,109,102,34,39,W 1
2015,MIA,2015-03-31,8:00p,,San Antonio Spurs,L,,81,95,34,40,L 1
2015,MIA,2015-04-02,8:00p,@,Cleveland Cavaliers,L,,88,114,34,41,L 2
2015,MIA,2015-04-04,7:30p,@,Detroit Pistons,L,,98,99,34,42,L 3
2015,MIA,2015-04-05,6:00p,@,Indiana Pacers,L,,89,112,34,43,L 4
2015,MIA,2015-04-07,7:30p,,Charlotte Hornets,W,,105,100,35,43,W 1
2015,MIA,2015-04-09,8:00p,,Chicago Bulls,L,,78,89,35,44,L 1
2015,MIA,2015-04-11,7:30p,,Toronto Raptors,L,,104,107,35,45,L 2
2015,MIA,2015-04-13,7:30p,,Orlando Magic,W,,100,93,36,45,W 1
2015,MIA,2015-04-15,8:00p,@,Philadelphia 76ers,W,,105,101,37,45,W 2
2015,MIL,2014-10-29,7:00p,@,Charlotte Hornets,L,OT,106,108,0,1,L 1
2015,MIL,2014-10-31,8:30p,,Philadelphia 76ers,W,,93,81,1,1,W 1
2015,MIL,2014-11-01,7:00p,@,Washington Wizards,L,,97,108,1,2,L 1
2015,MIL,2014-11-04,7:00p,@,Indiana Pacers,W,,87,81,2,2,W 1
2015,MIL,2014-11-05,8:00p,,Chicago Bulls,L,,86,95,2,3,L 1
2015,MIL,2014-11-07,7:30p,@,Detroit Pistons,L,,95,98,2,4,L 2
2015,MIL,2014-11-08,8:30p,,Memphis Grizzlies,W,,93,92,3,4,W 1
2015,MIL,2014-11-11,8:00p,,Oklahoma City Thunder,W,,85,78,4,4,W 2
2015,MIL,2014-11-14,7:00p,@,Orlando Magic,L,,85,101,4,5,L 1
2015,MIL,2014-11-16,6:00p,@,Miami Heat,W,,91,84,5,5,W 1
2015,MIL,2014-11-18,8:00p,,New York Knicks,W,,117,113,6,5,W 2
2015,MIL,2014-11-19,7:30p,@,Brooklyn Nets,W,3OT,122,118,7,5,W 3
2015,MIL,2014-11-21,7:30p,@,Toronto Raptors,L,,82,124,7,6,L 1
2015,MIL,2014-11-22,8:30p,,Washington Wizards,L,,100,111,7,7,L 2
2015,MIL,2014-11-25,8:00p,,Detroit Pistons,W,,98,86,8,7,W 1
2015,MIL,2014-11-26,8:00p,@,Minnesota Timberwolves,W,,103,86,9,7,W 2
2015,MIL,2014-11-28,7:30p,@,Detroit Pistons,W,,104,88,10,7,W 3
2015,MIL,2014-11-29,9:00p,,Houston Rockets,L,,103,117,10,8,L 1
2015,MIL,2014-12-02,7:00p,@,Cleveland Cavaliers,L,,108,111,10,9,L 2
2015,MIL,2014-12-03,8:00p,,Dallas Mavericks,L,,105,107,10,10,L 3
2015,MIL,2014-12-05,8:30p,,Miami Heat,W,,109,85,11,10,W 1
2015,MIL,2014-12-07,7:30p,@,Dallas Mavericks,L,,102,125,11,11,L 1
2015,MIL,2014-12-09,8:00p,@,Oklahoma City Thunder,L,,101,114,11,12,L 2
2015,MIL,2014-12-13,7:30p,,Los Angeles Clippers,W,,111,106,12,12,W 1
2015,MIL,2014-12-15,9:00p,@,Phoenix Suns,W,,96,94,13,12,W 2
2015,MIL,2014-12-17,10:00p,@,Portland Trail Blazers,L,,97,104,13,13,L 1
2015,MIL,2014-12-18,10:00p,@,Sacramento Kings,W,,108,107,14,13,W 1
2015,MIL,2014-12-20,10:30p,@,Los Angeles Clippers,L,,102,106,14,14,L 1
2015,MIL,2014-12-23,8:00p,,Charlotte Hornets,L,,101,108,14,15,L 2
2015,MIL,2014-12-26,7:30p,@,Atlanta Hawks,W,,107,77,15,15,W 1
2015,MIL,2014-12-27,8:30p,,Atlanta Hawks,L,,85,90,15,16,L 1
2015,MIL,2014-12-29,7:00p,@,Charlotte Hornets,W,OT,104,94,16,16,W 1
2015,MIL,2014-12-31,7:00p,@,Cleveland Cavaliers,W,,96,80,17,16,W 2
2015,MIL,2015-01-02,8:30p,,Indiana Pacers,L,,91,94,17,17,L 1
2015,MIL,2015-01-04,7:30p,@,New York Knicks,W,,95,82,18,17,W 1
2015,MIL,2015-01-06,8:00p,,Phoenix Suns,L,,96,102,18,18,L 1
2015,MIL,2015-01-07,7:00p,@,Philadelphia 76ers,W,,97,77,19,18,W 1
2015,MIL,2015-01-09,8:30p,,Minnesota Timberwolves,W,,98,84,20,18,W 2
2015,MIL,2015-01-10,8:00p,@,Chicago Bulls,L,,87,95,20,19,L 1
2015,MIL,2015-01-15,3:00p,,New York Knicks,W,,95,79,21,19,W 1
2015,MIL,2015-01-19,8:00p,,Toronto Raptors,L,,89,92,21,20,L 1
2015,MIL,2015-01-22,8:00p,,Utah Jazz,L,,99,101,21,21,L 2
2015,MIL,2015-01-24,7:30p,,Detroit Pistons,W,,101,86,22,21,W 1
2015,MIL,2015-01-25,7:00p,@,San Antonio Spurs,L,,95,101,22,22,L 1
2015,MIL,2015-01-27,7:30p,@,Miami Heat,W,,109,102,23,22,W 1
2015,MIL,2015-01-29,7:00p,@,Orlando Magic,W,,115,100,24,22,W 2
2015,MIL,2015-01-31,8:30p,,Portland Trail Blazers,W,,95,88,25,22,W 3
2015,MIL,2015-02-02,7:30p,@,Toronto Raptors,W,,82,75,26,22,W 4
2015,MIL,2015-02-04,8:00p,,Los Angeles Lakers,W,OT,113,105,27,22,W 5
2015,MIL,2015-02-06,8:00p,@,Houston Rockets,L,,111,117,27,23,L 1
2015,MIL,2015-02-07,8:30p,,Boston Celtics,W,,96,93,28,23,W 1
2015,MIL,2015-02-09,8:00p,,Brooklyn Nets,W,,103,97,29,23,W 2
2015,MIL,2015-02-11,8:00p,,Sacramento Kings,W,,111,103,30,23,W 3
2015,MIL,2015-02-20,8:30p,,Denver Nuggets,W,,89,81,31,23,W 4
2015,MIL,2015-02-22,3:30p,,Atlanta Hawks,L,,86,97,31,24,L 1
2015,MIL,2015-02-23,8:00p,@,Chicago Bulls,L,,71,87,31,25,L 2
2015,MIL,2015-02-25,8:00p,,Philadelphia 76ers,W,,104,88,32,25,W 1
2015,MIL,2015-02-27,10:30p,@,Los Angeles Lakers,L,,93,101,32,26,L 1
2015,MIL,2015-02-28,9:00p,@,Utah Jazz,L,,75,82,32,27,L 2
2015,MIL,2015-03-03,9:00p,@,Denver Nuggets,L,,95,106,32,28,L 3
2015,MIL,2015-03-04,10:30p,@,Golden State Warriors,L,,93,102,32,29,L 4
2015,MIL,2015-03-07,8:30p,,Washington Wizards,W,,91,85,33,29,W 1
2015,MIL,2015-03-09,8:00p,,New Orleans Pelicans,L,,103,114,33,30,L 1
2015,MIL,2015-03-11,8:00p,,Orlando Magic,W,,97,91,34,30,W 1
2015,MIL,2015-03-12,7:00p,@,Indiana Pacers,L,OT,103,109,34,31,L 1
2015,MIL,2015-03-14,8:00p,@,Memphis Grizzlies,L,,83,96,34,32,L 2
2015,MIL,2015-03-17,8:00p,@,New Orleans Pelicans,L,,84,85,34,33,L 3
2015,MIL,2015-03-18,8:00p,,San Antonio Spurs,L,,103,114,34,34,L 4
2015,MIL,2015-03-20,7:30p,@,Brooklyn Nets,L,3OT,127,129,34,35,L 5
2015,MIL,2015-03-22,3:00p,,Cleveland Cavaliers,L,,90,108,34,36,L 6
2015,MIL,2015-03-24,8:00p,,Miami Heat,W,,89,88,35,36,W 1
2015,MIL,2015-03-26,8:00p,,Indiana Pacers,W,,111,107,36,36,W 2
2015,MIL,2015-03-28,8:30p,,Golden State Warriors,L,,95,108,36,37,L 1
2015,MIL,2015-03-30,7:30p,@,Atlanta Hawks,L,,88,101,36,38,L 2
2015,MIL,2015-04-01,8:00p,,Chicago Bulls,W,,95,91,37,38,W 1
2015,MIL,2015-04-03,7:30p,@,Boston Celtics,W,,110,101,38,38,W 2
2015,MIL,2015-04-04,8:30p,,Orlando Magic,L,,90,97,38,39,L 1
2015,MIL,2015-04-08,8:00p,,Cleveland Cavaliers,L,,99,104,38,40,L 2
2015,MIL,2015-04-10,7:30p,@,New York Knicks,W,,99,91,39,40,W 1
2015,MIL,2015-04-12,3:00p,,Brooklyn Nets,W,,96,73,40,40,W 2
2015,MIL,2015-04-13,7:00p,@,Philadelphia 76ers,W,,107,97,41,40,W 3
2015,MIL,2015-04-15,8:00p,,Boston Celtics,L,,100,105,41,41,L 1
2015,MIL,2015-04-18,7:00p,@,Chicago Bulls,L,,91,103,0,1,L 1
2015,MIL,2015-04-20,8:00p,@,Chicago Bulls,L,,82,91,0,2,L 2
2015,MIL,2015-04-23,8:00p,,Chicago Bulls,L,2OT,106,113,0,3,L 3
2015,MIL,2015-04-25,5:30p,,Chicago Bulls,W,,92,90,1,3,W 1
2015,MIL,2015-04-27,8:00p,@,Chicago Bulls,W,,94,88,2,3,W 2
2015,MIL,2015-04-30,7:00p,,Chicago Bulls,L,,66,120,2,4,L 1
2015,MIN,2014-10-29,8:00p,@,Memphis Grizzlies,L,,101,105,0,1,L 1
2015,MIN,2014-10-30,8:00p,,Detroit Pistons,W,,97,91,1,1,W 1
2015,MIN,2014-11-01,8:00p,,Chicago Bulls,L,,105,106,1,2,L 1
2015,MIN,2014-11-05,7:30p,@,Brooklyn Nets,W,,98,91,2,2,W 1
2015,MIN,2014-11-07,7:00p,@,Orlando Magic,L,OT,103,112,2,3,L 1
2015,MIN,2014-11-08,7:30p,@,Miami Heat,L,,92,102,2,4,L 2
2015,MIN,2014-11-12,10:00p,,Houston Rockets,L,,101,113,2,5,L 3
2015,MIN,2014-11-14,8:00p,@,New Orleans Pelicans,L,,91,139,2,6,L 4
2015,MIN,2014-11-15,8:30p,@,Dallas Mavericks,L,,117,131,2,7,L 5
2015,MIN,2014-11-19,8:00p,,New York Knicks,W,,115,99,3,7,W 1
2015,MIN,2014-11-21,8:00p,,San Antonio Spurs,L,,92,121,3,8,L 1
2015,MIN,2014-11-22,8:00p,,Sacramento Kings,L,,101,113,3,9,L 2
2015,MIN,2014-11-26,8:00p,,Milwaukee Bucks,L,,86,103,3,10,L 3
2015,MIN,2014-11-28,10:30p,@,Los Angeles Lakers,W,,120,119,4,10,W 1
2015,MIN,2014-11-30,9:00p,@,Portland Trail Blazers,L,,93,107,4,11,L 1
2015,MIN,2014-12-01,10:30p,@,Los Angeles Clippers,L,,101,127,4,12,L 2
2015,MIN,2014-12-03,8:00p,,Philadelphia 76ers,L,,77,85,4,13,L 3
2015,MIN,2014-12-05,8:00p,,Houston Rockets,L,OT,112,114,4,14,L 4
2015,MIN,2014-12-06,8:30p,@,San Antonio Spurs,L,,101,123,4,15,L 5
2015,MIN,2014-12-08,8:00p,,Golden State Warriors,L,,86,102,4,16,L 6
2015,MIN,2014-12-10,8:00p,,Portland Trail Blazers,W,,90,82,5,16,W 1
2015,MIN,2014-12-12,8:00p,,Oklahoma City Thunder,L,,92,111,5,17,L 1
2015,MIN,2014-12-14,7:00p,,Los Angeles Lakers,L,,94,100,5,18,L 2
2015,MIN,2014-12-16,7:00p,@,Washington Wizards,L,,95,109,5,19,L 3
2015,MIN,2014-12-19,7:30p,@,Boston Celtics,L,,98,114,5,20,L 4
2015,MIN,2014-12-21,7:00p,,Indiana Pacers,L,,96,100,5,21,L 5
2015,MIN,2014-12-23,7:00p,@,Cleveland Cavaliers,L,,104,125,5,22,L 6
2015,MIN,2014-12-26,9:00p,@,Denver Nuggets,L,,102,106,5,23,L 7
2015,MIN,2014-12-27,10:30p,@,Golden State Warriors,L,,97,110,5,24,L 8
2015,MIN,2014-12-30,9:00p,@,Utah Jazz,L,,94,100,5,25,L 9
2015,MIN,2015-01-01,8:00p,,Sacramento Kings,L,,107,110,5,26,L 10
2015,MIN,2015-01-03,8:00p,,Utah Jazz,L,,89,101,5,27,L 11
2015,MIN,2015-01-05,8:00p,,Denver Nuggets,L,,101,110,5,28,L 12
2015,MIN,2015-01-07,9:30p,,Phoenix Suns,L,,111,113,5,29,L 13
2015,MIN,2015-01-09,8:30p,@,Milwaukee Bucks,L,,84,98,5,30,L 14
2015,MIN,2015-01-10,8:00p,,San Antonio Spurs,L,,93,108,5,31,L 15
2015,MIN,2015-01-13,7:00p,@,Indiana Pacers,W,,110,101,6,31,W 1
2015,MIN,2015-01-16,9:00p,@,Phoenix Suns,L,,99,110,6,32,L 1
2015,MIN,2015-01-17,9:00p,@,Denver Nuggets,W,,113,105,7,32,W 1
2015,MIN,2015-01-19,2:00p,@,Charlotte Hornets,L,,80,105,7,33,L 1
2015,MIN,2015-01-21,8:00p,,Dallas Mavericks,L,,75,98,7,34,L 2
2015,MIN,2015-01-23,8:00p,,New Orleans Pelicans,L,,84,92,7,35,L 3
2015,MIN,2015-01-25,6:00p,@,Atlanta Hawks,L,,100,112,7,36,L 4
2015,MIN,2015-01-26,8:00p,@,Oklahoma City Thunder,L,,84,92,7,37,L 5
2015,MIN,2015-01-28,8:00p,,Boston Celtics,W,,110,98,8,37,W 1
2015,MIN,2015-01-30,7:00p,@,Philadelphia 76ers,L,,94,103,8,38,L 1
2015,MIN,2015-01-31,8:00p,,Cleveland Cavaliers,L,,90,106,8,39,L 2
2015,MIN,2015-02-02,8:30p,@,Dallas Mavericks,L,,94,100,8,40,L 3
2015,MIN,2015-02-04,8:00p,,Miami Heat,W,,102,101,9,40,W 1
2015,MIN,2015-02-06,8:00p,,Memphis Grizzlies,W,,90,89,10,40,W 2
2015,MIN,2015-02-08,6:00p,@,Detroit Pistons,W,,112,101,11,40,W 3
2015,MIN,2015-02-09,8:00p,,Atlanta Hawks,L,,105,117,11,41,L 1
2015,MIN,2015-02-11,8:00p,,Golden State Warriors,L,,91,94,11,42,L 2
2015,MIN,2015-02-20,8:00p,,Phoenix Suns,W,,111,109,12,42,W 1
2015,MIN,2015-02-23,8:00p,@,Houston Rockets,L,,102,113,12,43,L 1
2015,MIN,2015-02-25,8:00p,,Washington Wizards,W,,97,77,13,43,W 1
2015,MIN,2015-02-27,8:00p,@,Chicago Bulls,L,,89,96,13,44,L 1
2015,MIN,2015-02-28,8:00p,,Memphis Grizzlies,L,,97,101,13,45,L 2
2015,MIN,2015-03-02,8:00p,,Los Angeles Clippers,L,,105,110,13,46,L 3
2015,MIN,2015-03-04,8:00p,,Denver Nuggets,L,,85,100,13,47,L 4
2015,MIN,2015-03-07,8:00p,,Portland Trail Blazers,W,,121,113,14,47,W 1
2015,MIN,2015-03-09,10:30p,@,Los Angeles Clippers,L,,76,89,14,48,L 1
2015,MIN,2015-03-11,10:00p,@,Phoenix Suns,L,,97,106,14,49,L 2
2015,MIN,2015-03-13,8:00p,@,Oklahoma City Thunder,L,,99,113,14,50,L 3
2015,MIN,2015-03-15,7:00p,@,San Antonio Spurs,L,,97,123,14,51,L 4
2015,MIN,2015-03-16,8:00p,,Brooklyn Nets,L,,106,122,14,52,L 5
2015,MIN,2015-03-18,7:30p,@,Toronto Raptors,L,,100,105,14,53,L 6
2015,MIN,2015-03-19,7:30p,@,New York Knicks,W,OT,95,92,15,53,W 1
2015,MIN,2015-03-22,7:00p,,Charlotte Hornets,L,,98,109,15,54,L 1
2015,MIN,2015-03-23,9:00p,@,Utah Jazz,W,OT,106,104,16,54,W 1
2015,MIN,2015-03-25,8:00p,,Los Angeles Lakers,L,OT,99,101,16,55,L 1
2015,MIN,2015-03-27,8:00p,@,Houston Rockets,L,,110,120,16,56,L 2
2015,MIN,2015-03-29,4:00p,@,New Orleans Pelicans,L,,88,110,16,57,L 3
2015,MIN,2015-03-30,8:00p,,Utah Jazz,L,,84,104,16,58,L 4
2015,MIN,2015-04-01,8:00p,,Toronto Raptors,L,,99,113,16,59,L 5
2015,MIN,2015-04-03,8:00p,,Orlando Magic,L,,84,97,16,60,L 6
2015,MIN,2015-04-07,10:00p,@,Sacramento Kings,L,,111,116,16,61,L 7
2015,MIN,2015-04-08,10:00p,@,Portland Trail Blazers,L,,91,116,16,62,L 8
2015,MIN,2015-04-10,10:30p,@,Los Angeles Lakers,L,,98,106,16,63,L 9
2015,MIN,2015-04-11,10:30p,@,Golden State Warriors,L,,101,110,16,64,L 10
2015,MIN,2015-04-13,8:00p,,New Orleans Pelicans,L,,88,100,16,65,L 11
2015,MIN,2015-04-15,8:00p,,Oklahoma City Thunder,L,,113,138,16,66,L 12
2015,NOP,2014-10-28,8:00p,,Orlando Magic,W,,101,84,1,0,W 1
2015,NOP,2014-11-01,7:00p,,Dallas Mavericks,L,,104,109,1,1,L 1
2015,NOP,2014-11-03,8:00p,@,Memphis Grizzlies,L,,81,93,1,2,L 2
2015,NOP,2014-11-04,8:00p,,Charlotte Hornets,W,,100,91,2,2,W 1
2015,NOP,2014-11-08,8:30p,@,San Antonio Spurs,W,,100,99,3,2,W 2
2015,NOP,2014-11-10,7:00p,@,Cleveland Cavaliers,L,,111,118,3,3,L 1
2015,NOP,2014-11-12,8:00p,,Los Angeles Lakers,W,,109,102,4,3,W 1
2015,NOP,2014-11-14,8:00p,,Minnesota Timberwolves,W,,139,91,5,3,W 2
2015,NOP,2014-11-17,10:00p,@,Portland Trail Blazers,L,,93,102,5,4,L 1
2015,NOP,2014-11-18,10:00p,@,Sacramento Kings,W,,106,100,6,4,W 1
2015,NOP,2014-11-21,9:00p,@,Denver Nuggets,L,,97,117,6,5,L 1
2015,NOP,2014-11-22,9:00p,@,Utah Jazz,W,,106,94,7,5,W 1
2015,NOP,2014-11-25,8:00p,,Sacramento Kings,L,,89,99,7,6,L 1
2015,NOP,2014-11-28,7:30p,@,Atlanta Hawks,L,,91,100,7,7,L 2
2015,NOP,2014-11-29,7:00p,@,Washington Wizards,L,,80,83,7,8,L 3
2015,NOP,2014-12-02,8:00p,,Oklahoma City Thunder,W,,112,104,8,8,W 1
2015,NOP,2014-12-04,10:30p,@,Golden State Warriors,L,,85,112,8,9,L 1
2015,NOP,2014-12-06,10:30p,@,Los Angeles Clippers,L,,100,120,8,10,L 2
2015,NOP,2014-12-07,9:30p,@,Los Angeles Lakers,W,,104,87,9,10,W 1
2015,NOP,2014-12-09,8:00p,,New York Knicks,W,,104,93,10,10,W 2
2015,NOP,2014-12-10,8:00p,@,Dallas Mavericks,L,,107,112,10,11,L 1
2015,NOP,2014-12-12,8:00p,,Cleveland Cavaliers,W,,119,114,11,11,W 1
2015,NOP,2014-12-14,6:00p,,Golden State Warriors,L,OT,122,128,11,12,L 1
2015,NOP,2014-12-16,8:00p,,Utah Jazz,W,,119,111,12,12,W 1
2015,NOP,2014-12-18,8:30p,@,Houston Rockets,W,,99,90,13,12,W 2
2015,NOP,2014-12-20,7:00p,,Portland Trail Blazers,L,,88,114,13,13,L 1
2015,NOP,2014-12-21,7:00p,@,Oklahoma City Thunder,W,,101,99,14,13,W 1
2015,NOP,2014-12-23,7:00p,@,Indiana Pacers,L,,84,96,14,14,L 1
2015,NOP,2014-12-26,8:00p,,San Antonio Spurs,W,,97,90,15,14,W 1
2015,NOP,2014-12-27,8:00p,@,Chicago Bulls,L,,100,107,15,15,L 1
2015,NOP,2014-12-30,8:00p,,Phoenix Suns,W,,110,106,16,15,W 1
2015,NOP,2014-12-31,7:00p,@,San Antonio Spurs,L,OT,93,95,16,16,L 1
2015,NOP,2015-01-02,8:00p,,Houston Rockets,W,,111,83,17,16,W 1
2015,NOP,2015-01-05,8:00p,,Washington Wizards,L,,85,92,17,17,L 1
2015,NOP,2015-01-07,7:00p,@,Charlotte Hornets,L,,94,98,17,18,L 2
2015,NOP,2015-01-09,8:00p,,Memphis Grizzlies,W,,106,95,18,18,W 1
2015,NOP,2015-01-12,7:30p,@,Boston Celtics,L,,100,108,18,19,L 1
2015,NOP,2015-01-14,7:30p,@,Detroit Pistons,W,,105,94,19,19,W 1
2015,NOP,2015-01-16,7:00p,@,Philadelphia 76ers,L,,81,96,19,20,L 1
2015,NOP,2015-01-18,3:30p,@,Toronto Raptors,W,,95,93,20,20,W 1
2015,NOP,2015-01-19,5:30p,@,New York Knicks,L,,92,99,20,21,L 1
2015,NOP,2015-01-21,8:00p,,Los Angeles Lakers,W,,96,80,21,21,W 1
2015,NOP,2015-01-23,8:00p,@,Minnesota Timberwolves,W,,92,84,22,21,W 2
2015,NOP,2015-01-25,6:00p,,Dallas Mavericks,W,,109,106,23,21,W 3
2015,NOP,2015-01-26,8:00p,,Philadelphia 76ers,W,,99,74,24,21,W 4
2015,NOP,2015-01-28,8:00p,,Denver Nuggets,L,,85,93,24,22,L 1
2015,NOP,2015-01-30,8:00p,,Los Angeles Clippers,W,,108,103,25,22,W 1
2015,NOP,2015-02-02,8:00p,,Atlanta Hawks,W,,115,100,26,22,W 2
2015,NOP,2015-02-04,8:00p,,Oklahoma City Thunder,L,,91,102,26,23,L 1
2015,NOP,2015-02-06,8:00p,@,Oklahoma City Thunder,W,,116,113,27,23,W 1
2015,NOP,2015-02-07,7:00p,,Chicago Bulls,L,,72,107,27,24,L 1
2015,NOP,2015-02-09,8:00p,,Utah Jazz,L,,96,100,27,25,L 2
2015,NOP,2015-02-11,8:00p,,Indiana Pacers,L,,93,106,27,26,L 3
2015,NOP,2015-02-20,7:00p,@,Orlando Magic,L,,84,95,27,27,L 4
2015,NOP,2015-02-21,7:30p,@,Miami Heat,W,,105,91,28,27,W 1
2015,NOP,2015-02-23,8:00p,,Toronto Raptors,W,,100,97,29,27,W 2
2015,NOP,2015-02-25,8:00p,,Brooklyn Nets,W,,102,96,30,27,W 3
2015,NOP,2015-02-27,8:00p,,Miami Heat,W,,104,102,31,27,W 4
2015,NOP,2015-03-01,8:00p,@,Denver Nuggets,W,,99,92,32,27,W 5
2015,NOP,2015-03-02,8:30p,@,Dallas Mavericks,L,,93,102,32,28,L 1
2015,NOP,2015-03-04,8:00p,,Detroit Pistons,W,,88,85,33,28,W 1
2015,NOP,2015-03-06,8:00p,,Boston Celtics,L,,98,104,33,29,L 1
2015,NOP,2015-03-07,7:00p,,Memphis Grizzlies,W,,95,89,34,29,W 1
2015,NOP,2015-03-09,8:00p,@,Milwaukee Bucks,W,,114,103,35,29,W 2
2015,NOP,2015-03-10,7:30p,@,Brooklyn Nets,W,,111,91,36,29,W 3
2015,NOP,2015-03-15,6:00p,,Denver Nuggets,L,2OT,111,118,36,30,L 1
2015,NOP,2015-03-17,8:00p,,Milwaukee Bucks,W,,85,84,37,30,W 1
2015,NOP,2015-03-19,10:00p,@,Phoenix Suns,L,,72,74,37,31,L 1
2015,NOP,2015-03-20,10:30p,@,Golden State Warriors,L,,96,112,37,32,L 2
2015,NOP,2015-03-22,3:30p,@,Los Angeles Clippers,L,,100,107,37,33,L 3
2015,NOP,2015-03-25,8:00p,,Houston Rockets,L,,93,95,37,34,L 4
2015,NOP,2015-03-27,8:00p,,Sacramento Kings,W,,102,88,38,34,W 1
2015,NOP,2015-03-29,4:00p,,Minnesota Timberwolves,W,,110,88,39,34,W 2
2015,NOP,2015-04-01,10:30p,@,Los Angeles Lakers,W,,113,92,40,34,W 3
2015,NOP,2015-04-03,10:00p,@,Sacramento Kings,W,,101,95,41,34,W 4
2015,NOP,2015-04-04,10:00p,@,Portland Trail Blazers,L,,90,99,41,35,L 1
2015,NOP,2015-04-07,8:00p,,Golden State Warriors,W,,103,100,42,35,W 1
2015,NOP,2015-04-08,8:00p,@,Memphis Grizzlies,L,,74,110,42,36,L 1
2015,NOP,2015-04-10,8:00p,,Phoenix Suns,W,,90,75,43,36,W 1
2015,NOP,2015-04-12,7:00p,@,Houston Rockets,L,,114,121,43,37,L 1
2015,NOP,2015-04-13,8:00p,@,Minnesota Timberwolves,W,,100,88,44,37,W 1
2015,NOP,2015-04-15,8:00p,,San Antonio Spurs,W,,108,103,45,37,W 2
2015,NOP,2015-04-18,3:30p,@,Golden State Warriors,L,,99,106,0,1,L 1
2015,NOP,2015-04-20,10:30p,@,Golden State Warriors,L,,87,97,0,2,L 2
2015,NOP,2015-04-23,9:30p,,Golden State Warriors,L,OT,119,123,0,3,L 3
2015,NOP,2015-04-25,8:00p,,Golden State Warriors,L,,98,109,0,4,L 4
2015,NYK,2014-10-29,8:00p,,Chicago Bulls,L,,80,104,0,1,L 1
2015,NYK,2014-10-30,8:00p,@,Cleveland Cavaliers,W,,95,90,1,1,W 1
2015,NYK,2014-11-02,7:30p,,Charlotte Hornets,W,,96,93,2,1,W 2
2015,NYK,2014-11-04,7:30p,,Washington Wizards,L,,83,98,2,2,L 1
2015,NYK,2014-11-05,7:30p,@,Detroit Pistons,L,,95,98,2,3,L 2
2015,NYK,2014-11-07,7:30p,@,Brooklyn Nets,L,,99,110,2,4,L 3
2015,NYK,2014-11-08,7:30p,@,Atlanta Hawks,L,,96,103,2,5,L 4
2015,NYK,2014-11-10,7:30p,,Atlanta Hawks,L,,85,91,2,6,L 5
2015,NYK,2014-11-12,7:30p,,Orlando Magic,L,,95,97,2,7,L 6
2015,NYK,2014-11-14,7:30p,,Utah Jazz,L,,100,102,2,8,L 7
2015,NYK,2014-11-16,1:00p,,Denver Nuggets,W,,109,93,3,8,W 1
2015,NYK,2014-11-18,8:00p,@,Milwaukee Bucks,L,,113,117,3,9,L 1
2015,NYK,2014-11-19,8:00p,@,Minnesota Timberwolves,L,,99,115,3,10,L 2
2015,NYK,2014-11-22,7:30p,,Philadelphia 76ers,W,,91,83,4,10,W 1
2015,NYK,2014-11-24,8:00p,@,Houston Rockets,L,,86,91,4,11,L 1
2015,NYK,2014-11-26,7:30p,@,Dallas Mavericks,L,OT,102,109,4,12,L 2
2015,NYK,2014-11-28,8:00p,@,Oklahoma City Thunder,L,,78,105,4,13,L 3
2015,NYK,2014-11-30,7:30p,,Miami Heat,L,,79,86,4,14,L 4
2015,NYK,2014-12-02,7:30p,,Brooklyn Nets,L,,93,98,4,15,L 5
2015,NYK,2014-12-04,8:00p,,Cleveland Cavaliers,L,,87,90,4,16,L 6
2015,NYK,2014-12-05,7:00p,@,Charlotte Hornets,L,,102,103,4,17,L 7
2015,NYK,2014-12-07,7:30p,,Portland Trail Blazers,L,,99,103,4,18,L 8
2015,NYK,2014-12-09,8:00p,@,New Orleans Pelicans,L,,93,104,4,19,L 9
2015,NYK,2014-12-10,8:30p,@,San Antonio Spurs,L,,95,109,4,20,L 10
2015,NYK,2014-12-12,7:30p,@,Boston Celtics,W,,101,95,5,20,W 1
2015,NYK,2014-12-14,7:30p,,Toronto Raptors,L,OT,90,95,5,21,L 1
2015,NYK,2014-12-16,8:00p,,Dallas Mavericks,L,,87,107,5,22,L 2
2015,NYK,2014-12-18,8:00p,@,Chicago Bulls,L,,97,103,5,23,L 3
2015,NYK,2014-12-20,1:00p,,Phoenix Suns,L,,90,99,5,24,L 4
2015,NYK,2014-12-21,3:30p,@,Toronto Raptors,L,,108,118,5,25,L 5
2015,NYK,2014-12-25,12:00p,,Washington Wizards,L,,91,102,5,26,L 6
2015,NYK,2014-12-27,10:00p,@,Sacramento Kings,L,OT,129,135,5,27,L 7
2015,NYK,2014-12-28,9:00p,@,Portland Trail Blazers,L,,79,101,5,28,L 8
2015,NYK,2014-12-31,6:00p,@,Los Angeles Clippers,L,,78,99,5,29,L 9
2015,NYK,2015-01-02,7:30p,,Detroit Pistons,L,,81,97,5,30,L 10
2015,NYK,2015-01-04,7:30p,,Milwaukee Bucks,L,,82,95,5,31,L 11
2015,NYK,2015-01-05,8:00p,@,Memphis Grizzlies,L,,83,105,5,32,L 12
2015,NYK,2015-01-07,7:00p,@,Washington Wizards,L,,91,101,5,33,L 13
2015,NYK,2015-01-08,8:00p,,Houston Rockets,L,,96,120,5,34,L 14
2015,NYK,2015-01-10,1:00p,,Charlotte Hornets,L,,82,110,5,35,L 15
2015,NYK,2015-01-15,3:00p,@,Milwaukee Bucks,L,,79,95,5,36,L 16
2015,NYK,2015-01-19,5:30p,,New Orleans Pelicans,W,,99,92,6,36,W 1
2015,NYK,2015-01-21,7:00p,@,Philadelphia 76ers,W,,98,91,7,36,W 2
2015,NYK,2015-01-23,7:30p,,Orlando Magic,W,,113,106,8,36,W 3
2015,NYK,2015-01-24,7:00p,@,Charlotte Hornets,L,,71,76,8,37,L 1
2015,NYK,2015-01-28,8:00p,,Oklahoma City Thunder,W,,100,92,9,37,W 1
2015,NYK,2015-01-29,7:00p,@,Indiana Pacers,L,,82,103,9,38,L 1
2015,NYK,2015-02-01,2:00p,,Los Angeles Lakers,W,,92,80,10,38,W 1
2015,NYK,2015-02-03,7:30p,,Boston Celtics,L,,97,108,10,39,L 1
2015,NYK,2015-02-06,7:00p,@,Brooklyn Nets,L,,88,92,10,40,L 2
2015,NYK,2015-02-07,7:30p,,Golden State Warriors,L,,92,106,10,41,L 3
2015,NYK,2015-02-09,7:30p,@,Miami Heat,L,,95,109,10,42,L 4
2015,NYK,2015-02-11,7:00p,@,Orlando Magic,L,,83,89,10,43,L 5
2015,NYK,2015-02-20,7:30p,,Miami Heat,L,,87,111,10,44,L 6
2015,NYK,2015-02-22,1:00p,,Cleveland Cavaliers,L,,83,101,10,45,L 7
2015,NYK,2015-02-25,7:30p,@,Boston Celtics,L,,94,115,10,46,L 8
2015,NYK,2015-02-27,7:30p,@,Detroit Pistons,W,2OT,121,115,11,46,W 1
2015,NYK,2015-02-28,7:30p,,Toronto Raptors,W,,103,98,12,46,W 2
2015,NYK,2015-03-03,7:00p,,Sacramento Kings,L,,86,124,12,47,L 1
2015,NYK,2015-03-04,7:00p,@,Indiana Pacers,L,,82,105,12,48,L 2
2015,NYK,2015-03-07,7:30p,,Indiana Pacers,L,,86,92,12,49,L 3
2015,NYK,2015-03-09,9:00p,@,Denver Nuggets,L,,78,106,12,50,L 4
2015,NYK,2015-03-10,9:00p,@,Utah Jazz,L,,82,87,12,51,L 5
2015,NYK,2015-03-12,10:30p,@,Los Angeles Lakers,W,,101,94,13,51,W 1
2015,NYK,2015-03-14,10:30p,@,Golden State Warriors,L,,94,125,13,52,L 1
2015,NYK,2015-03-15,9:00p,@,Phoenix Suns,L,,89,102,13,53,L 2
2015,NYK,2015-03-17,7:30p,,San Antonio Spurs,W,OT,104,100,14,53,W 1
2015,NYK,2015-03-19,7:30p,,Minnesota Timberwolves,L,OT,92,95,14,54,L 1
2015,NYK,2015-03-20,7:00p,@,Philadelphia 76ers,L,,81,97,14,55,L 2
2015,NYK,2015-03-22,4:00p,@,Toronto Raptors,L,,89,106,14,56,L 3
2015,NYK,2015-03-23,7:30p,,Memphis Grizzlies,L,,82,103,14,57,L 4
2015,NYK,2015-03-25,7:00p,,Los Angeles Clippers,L,,80,111,14,58,L 5
2015,NYK,2015-03-27,7:30p,,Boston Celtics,L,,92,96,14,59,L 6
2015,NYK,2015-03-28,8:00p,@,Chicago Bulls,L,,80,111,14,60,L 7
2015,NYK,2015-04-01,7:30p,,Brooklyn Nets,L,,98,100,14,61,L 8
2015,NYK,2015-04-03,7:00p,@,Washington Wizards,L,,87,101,14,62,L 9
2015,NYK,2015-04-05,7:30p,,Philadelphia 76ers,W,,101,91,15,62,W 1
2015,NYK,2015-04-08,7:30p,,Indiana Pacers,L,,86,102,15,63,L 1
2015,NYK,2015-04-10,7:30p,,Milwaukee Bucks,L,,91,99,15,64,L 2
2015,NYK,2015-04-11,7:00p,@,Orlando Magic,W,,80,79,16,64,W 1
2015,NYK,2015-04-13,7:30p,@,Atlanta Hawks,W,,112,108,17,64,W 2
2015,NYK,2015-04-15,8:00p,,Detroit Pistons,L,,90,112,17,65,L 1
2015,OKC,2014-10-29,10:30p,@,Portland Trail Blazers,L,,89,106,0,1,L 1
2015,OKC,2014-10-30,10:30p,@,Los Angeles Clippers,L,,90,93,0,2,L 2
2015,OKC,2014-11-01,8:00p,,Denver Nuggets,W,,102,91,1,2,W 1
2015,OKC,2014-11-03,7:30p,@,Brooklyn Nets,L,,85,116,1,3,L 1
2015,OKC,2014-11-04,7:30p,@,Toronto Raptors,L,,88,100,1,4,L 2
2015,OKC,2014-11-07,8:00p,,Memphis Grizzlies,L,,89,91,1,5,L 3
2015,OKC,2014-11-09,7:00p,,Sacramento Kings,W,,101,93,2,5,W 1
2015,OKC,2014-11-11,8:00p,@,Milwaukee Bucks,L,,78,85,2,6,L 1
2015,OKC,2014-11-12,7:30p,@,Boston Celtics,W,,109,94,3,6,W 1
2015,OKC,2014-11-14,8:00p,,Detroit Pistons,L,OT,89,96,3,7,L 1
2015,OKC,2014-11-16,7:00p,,Houston Rockets,L,,65,69,3,8,L 2
2015,OKC,2014-11-18,9:00p,@,Utah Jazz,L,,81,98,3,9,L 3
2015,OKC,2014-11-19,9:00p,@,Denver Nuggets,L,,100,107,3,10,L 4
2015,OKC,2014-11-21,8:00p,,Brooklyn Nets,L,,92,94,3,11,L 5
2015,OKC,2014-11-23,7:00p,,Golden State Warriors,L,,86,91,3,12,L 6
2015,OKC,2014-11-26,8:00p,,Utah Jazz,W,,97,82,4,12,W 1
2015,OKC,2014-11-28,8:00p,,New York Knicks,W,,105,78,5,12,W 2
2015,OKC,2014-12-02,8:00p,@,New Orleans Pelicans,L,,104,112,5,13,L 1
2015,OKC,2014-12-05,7:00p,@,Philadelphia 76ers,W,,103,91,6,13,W 1
2015,OKC,2014-12-07,6:00p,@,Detroit Pistons,W,,96,94,7,13,W 2
2015,OKC,2014-12-09,8:00p,,Milwaukee Bucks,W,,114,101,8,13,W 3
2015,OKC,2014-12-11,8:00p,,Cleveland Cavaliers,W,,103,94,9,13,W 4
2015,OKC,2014-12-12,8:00p,@,Minnesota Timberwolves,W,,111,92,10,13,W 5
2015,OKC,2014-12-14,7:00p,,Phoenix Suns,W,,112,88,11,13,W 6
2015,OKC,2014-12-16,10:30p,@,Sacramento Kings,W,,104,92,12,13,W 7
2015,OKC,2014-12-18,10:30p,@,Golden State Warriors,L,,109,114,12,14,L 1
2015,OKC,2014-12-19,10:30p,@,Los Angeles Lakers,W,,104,103,13,14,W 1
2015,OKC,2014-12-21,7:00p,,New Orleans Pelicans,L,,99,101,13,15,L 1
2015,OKC,2014-12-23,8:00p,,Portland Trail Blazers,L,OT,111,115,13,16,L 2
2015,OKC,2014-12-25,2:30p,@,San Antonio Spurs,W,,114,106,14,16,W 1
2015,OKC,2014-12-26,8:00p,,Charlotte Hornets,W,,98,75,15,16,W 2
2015,OKC,2014-12-28,7:30p,@,Dallas Mavericks,L,,107,112,15,17,L 1
2015,OKC,2014-12-31,8:00p,,Phoenix Suns,W,OT,137,134,16,17,W 1
2015,OKC,2015-01-02,8:00p,,Washington Wizards,W,,109,102,17,17,W 2
2015,OKC,2015-01-05,10:30p,@,Golden State Warriors,L,,91,117,17,18,L 1
2015,OKC,2015-01-07,10:00p,@,Sacramento Kings,L,,83,104,17,19,L 2
2015,OKC,2015-01-09,8:00p,,Utah Jazz,W,,99,94,18,19,W 1
2015,OKC,2015-01-15,8:00p,@,Houston Rockets,L,,101,112,18,20,L 1
2015,OKC,2015-01-16,8:00p,,Golden State Warriors,W,,127,115,19,20,W 1
2015,OKC,2015-01-18,6:00p,@,Orlando Magic,W,,127,99,20,20,W 2
2015,OKC,2015-01-20,7:30p,@,Miami Heat,W,,94,86,21,20,W 3
2015,OKC,2015-01-21,8:00p,@,Washington Wizards,W,OT,105,103,22,20,W 4
2015,OKC,2015-01-23,7:30p,@,Atlanta Hawks,L,,93,103,22,21,L 1
2015,OKC,2015-01-25,3:30p,@,Cleveland Cavaliers,L,,98,108,22,22,L 2
2015,OKC,2015-01-26,8:00p,,Minnesota Timberwolves,W,,92,84,23,22,W 1
2015,OKC,2015-01-28,8:00p,@,New York Knicks,L,,92,100,23,23,L 1
2015,OKC,2015-01-31,8:00p,@,Memphis Grizzlies,L,,74,85,23,24,L 2
2015,OKC,2015-02-02,8:00p,,Orlando Magic,W,,104,97,24,24,W 1
2015,OKC,2015-02-04,8:00p,@,New Orleans Pelicans,W,,102,91,25,24,W 2
2015,OKC,2015-02-06,8:00p,,New Orleans Pelicans,L,,113,116,25,25,L 1
2015,OKC,2015-02-08,1:00p,,Los Angeles Clippers,W,,131,108,26,25,W 1
2015,OKC,2015-02-09,9:00p,@,Denver Nuggets,W,,124,114,27,25,W 2
2015,OKC,2015-02-11,8:00p,,Memphis Grizzlies,W,,105,89,28,25,W 3
2015,OKC,2015-02-19,8:00p,,Dallas Mavericks,W,,104,89,29,25,W 4
2015,OKC,2015-02-21,7:00p,@,Charlotte Hornets,W,,110,103,30,25,W 5
2015,OKC,2015-02-22,7:00p,,Denver Nuggets,W,,119,94,31,25,W 6
2015,OKC,2015-02-24,8:00p,,Indiana Pacers,W,,105,92,32,25,W 7
2015,OKC,2015-02-26,10:30p,@,Phoenix Suns,L,OT,113,117,32,26,L 1
2015,OKC,2015-02-27,10:30p,@,Portland Trail Blazers,L,,112,115,32,27,L 2
2015,OKC,2015-03-01,6:30p,@,Los Angeles Lakers,W,,108,101,33,27,W 1
2015,OKC,2015-03-04,8:00p,,Philadelphia 76ers,W,OT,123,118,34,27,W 2
2015,OKC,2015-03-05,8:00p,@,Chicago Bulls,L,,105,108,34,28,L 1
2015,OKC,2015-03-08,7:00p,,Toronto Raptors,W,,108,104,35,28,W 1
2015,OKC,2015-03-11,8:00p,,Los Angeles Clippers,L,,108,120,35,29,L 1
2015,OKC,2015-03-13,8:00p,,Minnesota Timberwolves,W,,113,99,36,29,W 1
2015,OKC,2015-03-15,1:00p,,Chicago Bulls,W,,109,100,37,29,W 2
2015,OKC,2015-03-16,8:30p,@,Dallas Mavericks,L,,115,119,37,30,L 1
2015,OKC,2015-03-18,8:00p,,Boston Celtics,W,,122,118,38,30,W 1
2015,OKC,2015-03-20,8:00p,,Atlanta Hawks,W,,123,115,39,30,W 2
2015,OKC,2015-03-22,3:00p,,Miami Heat,W,,93,75,40,30,W 3
2015,OKC,2015-03-24,8:00p,,Los Angeles Lakers,W,,127,117,41,30,W 4
2015,OKC,2015-03-25,9:30p,@,San Antonio Spurs,L,,91,130,41,31,L 1
2015,OKC,2015-03-28,9:00p,@,Utah Jazz,L,,89,94,41,32,L 2
2015,OKC,2015-03-29,9:00p,@,Phoenix Suns,W,,109,97,42,32,W 1
2015,OKC,2015-04-01,8:00p,,Dallas Mavericks,L,,131,135,42,33,L 1
2015,OKC,2015-04-03,8:00p,@,Memphis Grizzlies,L,,92,100,42,34,L 2
2015,OKC,2015-04-05,1:00p,,Houston Rockets,L,,112,115,42,35,L 3
2015,OKC,2015-04-07,8:00p,,San Antonio Spurs,L,,88,113,42,36,L 4
2015,OKC,2015-04-10,8:00p,,Sacramento Kings,W,,116,103,43,36,W 1
2015,OKC,2015-04-12,6:00p,@,Indiana Pacers,L,,104,116,43,37,L 1
2015,OKC,2015-04-13,8:00p,,Portland Trail Blazers,W,,101,90,44,37,W 1
2015,OKC,2015-04-15,8:00p,@,Minnesota Timberwolves,W,,138,113,45,37,W 2
2015,ORL,2014-10-28,8:00p,@,New Orleans Pelicans,L,,84,101,0,1,L 1
2015,ORL,2014-10-30,7:00p,,Washington Wizards,L,,98,105,0,2,L 2
2015,ORL,2014-11-01,7:00p,,Toronto Raptors,L,,95,108,0,3,L 3
2015,ORL,2014-11-04,8:00p,@,Chicago Bulls,L,,90,98,0,4,L 4
2015,ORL,2014-11-05,7:00p,@,Philadelphia 76ers,W,,91,89,1,4,W 1
2015,ORL,2014-11-07,7:00p,,Minnesota Timberwolves,W,OT,112,103,2,4,W 2
2015,ORL,2014-11-09,3:30p,@,Brooklyn Nets,L,,96,104,2,5,L 1
2015,ORL,2014-11-11,7:30p,@,Toronto Raptors,L,,100,104,2,6,L 2
2015,ORL,2014-11-12,7:30p,@,New York Knicks,W,,97,95,3,6,W 1
2015,ORL,2014-11-14,7:00p,,Milwaukee Bucks,W,,101,85,4,6,W 2
2015,ORL,2014-11-15,7:00p,@,Washington Wizards,L,,93,98,4,7,L 1
2015,ORL,2014-11-17,7:30p,@,Detroit Pistons,W,,107,93,5,7,W 1
2015,ORL,2014-11-19,7:00p,,Los Angeles Clippers,L,,90,114,5,8,L 1
2015,ORL,2014-11-21,7:00p,@,Charlotte Hornets,W,,105,100,6,8,W 1
2015,ORL,2014-11-22,7:00p,,Miami Heat,L,,92,99,6,9,L 1
2015,ORL,2014-11-24,7:00p,@,Cleveland Cavaliers,L,,74,106,6,10,L 2
2015,ORL,2014-11-26,7:00p,,Golden State Warriors,L,,96,111,6,11,L 3
2015,ORL,2014-11-28,8:00p,@,Indiana Pacers,L,,83,98,6,12,L 4
2015,ORL,2014-11-30,8:00p,@,Phoenix Suns,W,,93,90,7,12,W 1
2015,ORL,2014-12-02,10:30p,@,Golden State Warriors,L,,97,98,7,13,L 1
2015,ORL,2014-12-03,10:30p,@,Los Angeles Clippers,L,,86,114,7,14,L 2
2015,ORL,2014-12-05,9:00p,@,Utah Jazz,W,,98,93,8,14,W 1
2015,ORL,2014-12-06,10:00p,@,Sacramento Kings,W,,105,96,9,14,W 2
2015,ORL,2014-12-10,7:00p,,Washington Wizards,L,,89,91,9,15,L 1
2015,ORL,2014-12-12,7:30p,@,Atlanta Hawks,L,,81,87,9,16,L 2
2015,ORL,2014-12-13,7:00p,,Atlanta Hawks,W,,100,99,10,16,W 1
2015,ORL,2014-12-15,7:30p,@,Toronto Raptors,L,,82,95,10,17,L 1
2015,ORL,2014-12-17,7:30p,@,Boston Celtics,L,,92,109,10,18,L 2
2015,ORL,2014-12-19,7:00p,,Utah Jazz,L,,94,101,10,19,L 3
2015,ORL,2014-12-21,6:00p,,Philadelphia 76ers,L,,88,96,10,20,L 4
2015,ORL,2014-12-23,7:00p,,Boston Celtics,W,,100,95,11,20,W 1
2015,ORL,2014-12-26,7:00p,,Cleveland Cavaliers,L,,89,98,11,21,L 1
2015,ORL,2014-12-27,7:00p,@,Charlotte Hornets,W,,102,94,12,21,W 1
2015,ORL,2014-12-29,7:30p,@,Miami Heat,W,,102,101,13,21,W 2
2015,ORL,2014-12-30,7:00p,,Detroit Pistons,L,,86,109,13,22,L 1
2015,ORL,2015-01-02,7:00p,,Brooklyn Nets,L,,98,100,13,23,L 2
2015,ORL,2015-01-03,7:00p,,Charlotte Hornets,L,,90,98,13,24,L 3
2015,ORL,2015-01-07,9:00p,@,Denver Nuggets,L,,90,93,13,25,L 4
2015,ORL,2015-01-09,10:30p,@,Los Angeles Lakers,L,,84,101,13,26,L 5
2015,ORL,2015-01-10,10:00p,@,Portland Trail Blazers,L,,92,103,13,27,L 6
2015,ORL,2015-01-12,8:00p,@,Chicago Bulls,W,,121,114,14,27,W 1
2015,ORL,2015-01-14,7:00p,,Houston Rockets,W,,120,113,15,27,W 2
2015,ORL,2015-01-16,7:00p,,Memphis Grizzlies,L,,96,106,15,28,L 1
2015,ORL,2015-01-18,6:00p,,Oklahoma City Thunder,L,,99,127,15,29,L 2
2015,ORL,2015-01-21,7:30p,@,Detroit Pistons,L,,118,128,15,30,L 3
2015,ORL,2015-01-23,7:30p,@,New York Knicks,L,,106,113,15,31,L 4
2015,ORL,2015-01-25,6:00p,,Indiana Pacers,L,,99,106,15,32,L 5
2015,ORL,2015-01-26,8:00p,@,Memphis Grizzlies,L,,94,103,15,33,L 6
2015,ORL,2015-01-29,7:00p,,Milwaukee Bucks,L,,100,115,15,34,L 7
2015,ORL,2015-01-31,7:00p,,Dallas Mavericks,L,,93,108,15,35,L 8
2015,ORL,2015-02-02,8:00p,@,Oklahoma City Thunder,L,,97,104,15,36,L 9
2015,ORL,2015-02-04,8:30p,@,San Antonio Spurs,L,,103,110,15,37,L 10
2015,ORL,2015-02-06,7:00p,,Los Angeles Lakers,W,OT,103,97,16,37,W 1
2015,ORL,2015-02-08,6:00p,,Chicago Bulls,L,,97,98,16,38,L 1
2015,ORL,2015-02-09,7:00p,@,Washington Wizards,L,,80,96,16,39,L 2
2015,ORL,2015-02-11,7:00p,,New York Knicks,W,,89,83,17,39,W 1
2015,ORL,2015-02-20,7:00p,,New Orleans Pelicans,W,,95,84,18,39,W 2
2015,ORL,2015-02-22,6:00p,,Philadelphia 76ers,W,,103,98,19,39,W 3
2015,ORL,2015-02-25,7:00p,,Miami Heat,L,OT,90,93,19,40,L 1
2015,ORL,2015-02-27,7:30p,@,Atlanta Hawks,L,,88,95,19,41,L 2
2015,ORL,2015-03-01,6:00p,,Charlotte Hornets,L,,83,98,19,42,L 3
2015,ORL,2015-03-04,7:00p,,Phoenix Suns,L,,100,105,19,43,L 4
2015,ORL,2015-03-06,7:00p,,Sacramento Kings,W,,119,114,20,43,W 1
2015,ORL,2015-03-08,6:00p,,Boston Celtics,W,,103,98,21,43,W 2
2015,ORL,2015-03-10,7:00p,@,Indiana Pacers,L,,86,118,21,44,L 1
2015,ORL,2015-03-11,8:00p,@,Milwaukee Bucks,L,,91,97,21,45,L 2
2015,ORL,2015-03-13,7:30p,@,Boston Celtics,L,,88,95,21,46,L 3
2015,ORL,2015-03-15,6:00p,,Cleveland Cavaliers,L,,108,123,21,47,L 4
2015,ORL,2015-03-17,8:00p,@,Houston Rockets,L,,94,107,21,48,L 5
2015,ORL,2015-03-18,8:00p,@,Dallas Mavericks,L,,102,107,21,49,L 6
2015,ORL,2015-03-20,7:00p,,Portland Trail Blazers,W,,111,104,22,49,W 1
2015,ORL,2015-03-22,6:00p,,Denver Nuggets,L,,100,119,22,50,L 1
2015,ORL,2015-03-25,7:00p,,Atlanta Hawks,L,,83,95,22,51,L 2
2015,ORL,2015-03-27,7:00p,,Detroit Pistons,L,,97,111,22,52,L 3
2015,ORL,2015-04-01,7:00p,,San Antonio Spurs,L,,91,103,22,53,L 4
2015,ORL,2015-04-03,8:00p,@,Minnesota Timberwolves,W,,97,84,23,53,W 1
2015,ORL,2015-04-04,8:30p,@,Milwaukee Bucks,W,,97,90,24,53,W 2
2015,ORL,2015-04-08,7:00p,,Chicago Bulls,W,,105,103,25,53,W 3
2015,ORL,2015-04-10,7:00p,,Toronto Raptors,L,,99,101,25,54,L 1
2015,ORL,2015-04-11,7:00p,,New York Knicks,L,,79,80,25,55,L 2
2015,ORL,2015-04-13,7:30p,@,Miami Heat,L,,93,100,25,56,L 3
2015,ORL,2015-04-15,8:00p,@,Brooklyn Nets,L,,88,101,25,57,L 4
2015,PHI,2014-10-29,7:00p,@,Indiana Pacers,L,,91,103,0,1,L 1
2015,PHI,2014-10-31,8:30p,@,Milwaukee Bucks,L,,81,93,0,2,L 2
2015,PHI,2014-11-01,7:00p,,Miami Heat,L,,96,114,0,3,L 3
2015,PHI,2014-11-03,7:00p,,Houston Rockets,L,,93,104,0,4,L 4
2015,PHI,2014-11-05,7:00p,,Orlando Magic,L,,89,91,0,5,L 5
2015,PHI,2014-11-07,7:00p,,Chicago Bulls,L,,115,118,0,6,L 6
2015,PHI,2014-11-09,7:00p,@,Toronto Raptors,L,,88,120,0,7,L 7
2015,PHI,2014-11-13,8:30p,@,Dallas Mavericks,L,,70,123,0,8,L 8
2015,PHI,2014-11-14,8:00p,@,Houston Rockets,L,,87,88,0,9,L 9
2015,PHI,2014-11-17,8:30p,@,San Antonio Spurs,L,,75,100,0,10,L 10
2015,PHI,2014-11-19,7:00p,,Boston Celtics,L,,90,101,0,11,L 11
2015,PHI,2014-11-21,7:00p,,Phoenix Suns,L,,96,122,0,12,L 12
2015,PHI,2014-11-22,7:30p,@,New York Knicks,L,,83,91,0,13,L 13
2015,PHI,2014-11-24,7:00p,,Portland Trail Blazers,L,,104,114,0,14,L 14
2015,PHI,2014-11-26,7:00p,,Brooklyn Nets,L,,91,99,0,15,L 15
2015,PHI,2014-11-29,7:00p,,Dallas Mavericks,L,,103,110,0,16,L 16
2015,PHI,2014-12-01,7:00p,,San Antonio Spurs,L,,103,109,0,17,L 17
2015,PHI,2014-12-03,8:00p,@,Minnesota Timberwolves,W,,85,77,1,17,W 1
2015,PHI,2014-12-05,7:00p,,Oklahoma City Thunder,L,,91,103,1,18,L 1
2015,PHI,2014-12-06,7:30p,@,Detroit Pistons,W,OT,108,101,2,18,W 1
2015,PHI,2014-12-10,7:30p,@,Atlanta Hawks,L,,79,95,2,19,L 1
2015,PHI,2014-12-12,7:30p,@,Brooklyn Nets,L,,70,88,2,20,L 2
2015,PHI,2014-12-13,7:30p,,Memphis Grizzlies,L,OT,115,120,2,21,L 3
2015,PHI,2014-12-15,7:00p,,Boston Celtics,L,,87,105,2,22,L 4
2015,PHI,2014-12-19,7:00p,,Charlotte Hornets,L,,91,109,2,23,L 5
2015,PHI,2014-12-21,6:00p,@,Orlando Magic,W,,96,88,3,23,W 1
2015,PHI,2014-12-23,7:30p,@,Miami Heat,W,,91,87,4,23,W 2
2015,PHI,2014-12-26,10:00p,@,Portland Trail Blazers,L,,93,114,4,24,L 1
2015,PHI,2014-12-27,9:00p,@,Utah Jazz,L,,71,88,4,25,L 2
2015,PHI,2014-12-30,10:30p,@,Golden State Warriors,L,,86,126,4,26,L 3
2015,PHI,2015-01-02,9:00p,@,Phoenix Suns,L,,96,112,4,27,L 4
2015,PHI,2015-01-03,10:30p,@,Los Angeles Clippers,L,,91,127,4,28,L 5
2015,PHI,2015-01-05,7:00p,,Cleveland Cavaliers,W,,95,92,5,28,W 1
2015,PHI,2015-01-07,7:00p,,Milwaukee Bucks,L,,77,97,5,29,L 1
2015,PHI,2015-01-09,7:30p,@,Brooklyn Nets,W,,90,88,6,29,W 1
2015,PHI,2015-01-10,7:30p,,Indiana Pacers,W,,93,92,7,29,W 2
2015,PHI,2015-01-13,7:00p,,Atlanta Hawks,L,,87,105,7,30,L 1
2015,PHI,2015-01-14,7:30p,@,Toronto Raptors,L,,84,100,7,31,L 2
2015,PHI,2015-01-16,7:00p,,New Orleans Pelicans,W,,96,81,8,31,W 1
2015,PHI,2015-01-17,7:30p,@,Detroit Pistons,L,,89,107,8,32,L 1
2015,PHI,2015-01-19,2:00p,@,Washington Wizards,L,,76,111,8,33,L 2
2015,PHI,2015-01-21,7:00p,,New York Knicks,L,,91,98,8,34,L 3
2015,PHI,2015-01-23,7:00p,,Toronto Raptors,L,,86,91,8,35,L 4
2015,PHI,2015-01-24,8:00p,@,Memphis Grizzlies,L,,83,101,8,36,L 5
2015,PHI,2015-01-26,8:00p,@,New Orleans Pelicans,L,,74,99,8,37,L 6
2015,PHI,2015-01-28,7:00p,,Detroit Pistons,W,,89,69,9,37,W 1
2015,PHI,2015-01-30,7:00p,,Minnesota Timberwolves,W,,103,94,10,37,W 2
2015,PHI,2015-01-31,7:30p,@,Atlanta Hawks,L,,85,91,10,38,L 1
2015,PHI,2015-02-02,7:00p,@,Cleveland Cavaliers,L,,84,97,10,39,L 2
2015,PHI,2015-02-03,7:00p,,Denver Nuggets,W,,105,98,11,39,W 1
2015,PHI,2015-02-06,7:30p,@,Boston Celtics,L,,96,107,11,40,L 1
2015,PHI,2015-02-07,7:30p,,Charlotte Hornets,W,,89,81,12,40,W 1
2015,PHI,2015-02-09,7:00p,,Golden State Warriors,L,,84,89,12,41,L 1
2015,PHI,2015-02-20,7:00p,,Indiana Pacers,L,,95,106,12,42,L 2
2015,PHI,2015-02-22,6:00p,@,Orlando Magic,L,,98,103,12,43,L 3
2015,PHI,2015-02-23,7:30p,@,Miami Heat,L,,108,119,12,44,L 4
2015,PHI,2015-02-25,8:00p,@,Milwaukee Bucks,L,,88,104,12,45,L 5
2015,PHI,2015-02-27,7:00p,,Washington Wizards,W,,89,81,13,45,W 1
2015,PHI,2015-03-01,6:00p,@,Indiana Pacers,L,,74,94,13,46,L 1
2015,PHI,2015-03-02,7:00p,,Toronto Raptors,L,,103,114,13,47,L 2
2015,PHI,2015-03-04,8:00p,@,Oklahoma City Thunder,L,OT,118,123,13,48,L 3
2015,PHI,2015-03-06,7:00p,,Utah Jazz,L,,83,89,13,49,L 4
2015,PHI,2015-03-07,7:30p,,Atlanta Hawks,W,,92,84,14,49,W 1
2015,PHI,2015-03-11,7:00p,,Chicago Bulls,L,OT,95,104,14,50,L 1
2015,PHI,2015-03-13,7:00p,,Sacramento Kings,W,,114,107,15,50,W 1
2015,PHI,2015-03-14,7:30p,,Brooklyn Nets,L,,87,94,15,51,L 1
2015,PHI,2015-03-16,7:30p,@,Boston Celtics,L,,89,108,15,52,L 2
2015,PHI,2015-03-18,7:00p,,Detroit Pistons,W,,94,83,16,52,W 1
2015,PHI,2015-03-20,7:00p,,New York Knicks,W,,97,81,17,52,W 2
2015,PHI,2015-03-22,9:30p,@,Los Angeles Lakers,L,,87,101,17,53,L 1
2015,PHI,2015-03-24,10:00p,@,Sacramento Kings,L,,106,107,17,54,L 2
2015,PHI,2015-03-25,9:00p,@,Denver Nuggets,W,,99,85,18,54,W 1
2015,PHI,2015-03-27,7:00p,,Los Angeles Clippers,L,,98,119,18,55,L 1
2015,PHI,2015-03-29,4:30p,@,Cleveland Cavaliers,L,,86,87,18,56,L 2
2015,PHI,2015-03-30,7:00p,,Los Angeles Lakers,L,OT,111,113,18,57,L 3
2015,PHI,2015-04-01,7:00p,@,Washington Wizards,L,,93,106,18,58,L 4
2015,PHI,2015-04-04,7:00p,@,Charlotte Hornets,L,,91,92,18,59,L 5
2015,PHI,2015-04-05,7:30p,@,New York Knicks,L,,91,101,18,60,L 6
2015,PHI,2015-04-08,7:00p,,Washington Wizards,L,,90,119,18,61,L 7
2015,PHI,2015-04-11,8:00p,@,Chicago Bulls,L,,107,114,18,62,L 8
2015,PHI,2015-04-13,7:00p,,Milwaukee Bucks,L,,97,107,18,63,L 9
2015,PHI,2015-04-15,8:00p,,Miami Heat,L,,101,105,18,64,L 10
2015,PHO,2014-10-29,10:00p,,Los Angeles Lakers,W,,119,99,1,0,W 1
2015,PHO,2014-10-31,10:00p,,San Antonio Spurs,W,,94,89,2,0,W 2
2015,PHO,2014-11-01,9:00p,@,Utah Jazz,L,,91,118,2,1,L 1
2015,PHO,2014-11-04,10:30p,@,Los Angeles Lakers,W,,112,106,3,1,W 1
2015,PHO,2014-11-05,9:00p,,Memphis Grizzlies,L,,91,102,3,2,L 1
2015,PHO,2014-11-07,9:00p,,Sacramento Kings,L,2OT,112,114,3,3,L 2
2015,PHO,2014-11-09,8:00p,,Golden State Warriors,W,,107,95,4,3,W 1
2015,PHO,2014-11-12,9:00p,,Brooklyn Nets,W,,112,104,5,3,W 2
2015,PHO,2014-11-14,9:00p,,Charlotte Hornets,L,,95,103,5,4,L 1
2015,PHO,2014-11-15,10:30p,@,Los Angeles Clippers,L,,107,120,5,5,L 2
2015,PHO,2014-11-17,7:30p,@,Boston Celtics,W,,118,114,6,5,W 1
2015,PHO,2014-11-19,7:30p,@,Detroit Pistons,W,,88,86,7,5,W 2
2015,PHO,2014-11-21,7:00p,@,Philadelphia 76ers,W,,122,96,8,5,W 3
2015,PHO,2014-11-22,7:00p,@,Indiana Pacers,W,,106,83,9,5,W 4
2015,PHO,2014-11-24,7:30p,@,Toronto Raptors,L,,100,104,9,6,L 1
2015,PHO,2014-11-26,9:00p,,Denver Nuggets,W,,120,112,10,6,W 1
2015,PHO,2014-11-28,9:00p,@,Denver Nuggets,L,,97,122,10,7,L 1
2015,PHO,2014-11-30,8:00p,,Orlando Magic,L,,90,93,10,8,L 2
2015,PHO,2014-12-02,9:00p,,Indiana Pacers,W,,116,99,11,8,W 1
2015,PHO,2014-12-05,8:30p,@,Dallas Mavericks,W,,118,106,12,8,W 2
2015,PHO,2014-12-06,8:00p,@,Houston Rockets,L,,95,100,12,9,L 1
2015,PHO,2014-12-08,10:30p,@,Los Angeles Clippers,L,OT,120,121,12,10,L 2
2015,PHO,2014-12-09,9:00p,,Miami Heat,L,,97,103,12,11,L 3
2015,PHO,2014-12-12,9:00p,,Detroit Pistons,L,,103,105,12,12,L 4
2015,PHO,2014-12-14,7:00p,@,Oklahoma City Thunder,L,,88,112,12,13,L 5
2015,PHO,2014-12-15,9:00p,,Milwaukee Bucks,L,,94,96,12,14,L 6
2015,PHO,2014-12-17,7:00p,@,Charlotte Hornets,W,,111,106,13,14,W 1
2015,PHO,2014-12-20,1:00p,@,New York Knicks,W,,99,90,14,14,W 2
2015,PHO,2014-12-21,6:00p,@,Washington Wizards,W,,104,92,15,14,W 3
2015,PHO,2014-12-23,9:00p,,Dallas Mavericks,W,,124,115,16,14,W 4
2015,PHO,2014-12-26,10:00p,@,Sacramento Kings,W,,115,106,17,14,W 5
2015,PHO,2014-12-28,9:30p,@,Los Angeles Lakers,W,,116,107,18,14,W 6
2015,PHO,2014-12-30,8:00p,@,New Orleans Pelicans,L,,106,110,18,15,L 1
2015,PHO,2014-12-31,8:00p,@,Oklahoma City Thunder,L,OT,134,137,18,16,L 2
2015,PHO,2015-01-02,9:00p,,Philadelphia 76ers,W,,112,96,19,16,W 1
2015,PHO,2015-01-04,8:00p,,Toronto Raptors,W,,125,109,20,16,W 2
2015,PHO,2015-01-06,8:00p,@,Milwaukee Bucks,W,,102,96,21,16,W 3
2015,PHO,2015-01-07,9:30p,@,Minnesota Timberwolves,W,,113,111,22,16,W 4
2015,PHO,2015-01-09,8:30p,@,San Antonio Spurs,L,,95,100,22,17,L 1
2015,PHO,2015-01-11,6:00p,@,Memphis Grizzlies,L,2OT,110,122,22,18,L 2
2015,PHO,2015-01-13,9:00p,,Cleveland Cavaliers,W,,107,100,23,18,W 1
2015,PHO,2015-01-16,9:00p,,Minnesota Timberwolves,W,,110,99,24,18,W 2
2015,PHO,2015-01-19,10:00p,,Los Angeles Lakers,W,,115,100,25,18,W 3
2015,PHO,2015-01-21,9:00p,,Portland Trail Blazers,W,,118,113,26,18,W 4
2015,PHO,2015-01-23,9:00p,,Houston Rockets,L,,111,113,26,19,L 1
2015,PHO,2015-01-25,6:00p,,Los Angeles Clippers,L,,100,120,26,20,L 2
2015,PHO,2015-01-28,10:30p,,Washington Wizards,W,,106,98,27,20,W 1
2015,PHO,2015-01-30,10:30p,,Chicago Bulls,W,,99,93,28,20,W 2
2015,PHO,2015-01-31,10:30p,@,Golden State Warriors,L,,87,106,28,21,L 1
2015,PHO,2015-02-02,9:00p,,Memphis Grizzlies,L,,101,102,28,22,L 2
2015,PHO,2015-02-05,10:30p,@,Portland Trail Blazers,L,,87,108,28,23,L 3
2015,PHO,2015-02-06,9:00p,,Utah Jazz,W,,100,93,29,23,W 1
2015,PHO,2015-02-08,9:00p,@,Sacramento Kings,L,,83,85,29,24,L 1
2015,PHO,2015-02-10,8:00p,,Houston Rockets,L,,118,127,29,25,L 2
2015,PHO,2015-02-20,8:00p,@,Minnesota Timberwolves,L,,109,111,29,26,L 3
2015,PHO,2015-02-21,8:00p,@,Chicago Bulls,L,,107,112,29,27,L 4
2015,PHO,2015-02-23,9:00p,,Boston Celtics,L,,110,115,29,28,L 5
2015,PHO,2015-02-25,9:00p,@,Denver Nuggets,W,,110,96,30,28,W 1
2015,PHO,2015-02-26,10:30p,,Oklahoma City Thunder,W,OT,117,113,31,28,W 2
2015,PHO,2015-02-28,9:00p,,San Antonio Spurs,L,,74,101,31,29,L 1
2015,PHO,2015-03-02,7:30p,@,Miami Heat,L,,98,115,31,30,L 2
2015,PHO,2015-03-04,7:00p,@,Orlando Magic,W,,105,100,32,30,W 1
2015,PHO,2015-03-06,8:00p,@,Brooklyn Nets,W,OT,108,100,33,30,W 2
2015,PHO,2015-03-07,7:30p,@,Cleveland Cavaliers,L,,79,89,33,31,L 1
2015,PHO,2015-03-09,10:00p,,Golden State Warriors,L,,80,98,33,32,L 2
2015,PHO,2015-03-11,10:00p,,Minnesota Timberwolves,W,,106,97,34,32,W 1
2015,PHO,2015-03-13,10:00p,,Atlanta Hawks,L,,87,96,34,33,L 1
2015,PHO,2015-03-15,9:00p,,New York Knicks,W,,102,89,35,33,W 1
2015,PHO,2015-03-19,10:00p,,New Orleans Pelicans,W,,74,72,36,33,W 2
2015,PHO,2015-03-21,8:00p,@,Houston Rockets,W,,117,102,37,33,W 3
2015,PHO,2015-03-22,9:00p,,Dallas Mavericks,W,,98,92,38,33,W 4
2015,PHO,2015-03-25,10:00p,,Sacramento Kings,L,,99,108,38,34,L 1
2015,PHO,2015-03-27,10:00p,,Portland Trail Blazers,L,,81,87,38,35,L 2
2015,PHO,2015-03-29,9:00p,,Oklahoma City Thunder,L,,97,109,38,36,L 3
2015,PHO,2015-03-30,10:00p,@,Portland Trail Blazers,L,,86,109,38,37,L 4
2015,PHO,2015-04-02,10:30p,@,Golden State Warriors,L,,106,107,38,38,L 5
2015,PHO,2015-04-04,10:00p,,Utah Jazz,W,,87,85,39,38,W 1
2015,PHO,2015-04-07,7:30p,@,Atlanta Hawks,L,,69,96,39,39,L 1
2015,PHO,2015-04-08,9:30p,@,Dallas Mavericks,L,,104,107,39,40,L 2
2015,PHO,2015-04-10,8:00p,@,New Orleans Pelicans,L,,75,90,39,41,L 3
2015,PHO,2015-04-12,7:00p,@,San Antonio Spurs,L,,91,107,39,42,L 4
2015,PHO,2015-04-14,10:30p,,Los Angeles Clippers,L,,101,112,39,43,L 5
2015,POR,2014-10-29,10:30p,,Oklahoma City Thunder,W,,106,89,1,0,W 1
2015,POR,2014-10-31,10:00p,@,Sacramento Kings,L,,94,103,1,1,L 1
2015,POR,2014-11-02,9:00p,,Golden State Warriors,L,,90,95,1,2,L 2
2015,POR,2014-11-04,10:00p,,Cleveland Cavaliers,W,,101,82,2,2,W 1
2015,POR,2014-11-06,10:30p,,Dallas Mavericks,W,,108,87,3,2,W 2
2015,POR,2014-11-08,3:30p,@,Los Angeles Clippers,L,,102,106,3,3,L 1
2015,POR,2014-11-09,9:00p,,Denver Nuggets,W,,116,100,4,3,W 1
2015,POR,2014-11-11,10:00p,,Charlotte Hornets,W,,102,100,5,3,W 2
2015,POR,2014-11-12,9:00p,@,Denver Nuggets,W,,130,113,6,3,W 3
2015,POR,2014-11-15,10:00p,,Brooklyn Nets,W,,97,87,7,3,W 4
2015,POR,2014-11-17,10:00p,,New Orleans Pelicans,W,,102,93,8,3,W 5
2015,POR,2014-11-21,10:30p,,Chicago Bulls,W,,105,87,9,3,W 6
2015,POR,2014-11-23,6:00p,@,Boston Celtics,W,,94,88,10,3,W 7
2015,POR,2014-11-24,7:00p,@,Philadelphia 76ers,W,,114,104,11,3,W 8
2015,POR,2014-11-26,7:00p,@,Charlotte Hornets,W,,105,97,12,3,W 9
2015,POR,2014-11-28,10:00p,,Memphis Grizzlies,L,,99,112,12,4,L 1
2015,POR,2014-11-30,9:00p,,Minnesota Timberwolves,W,,107,93,13,4,W 1
2015,POR,2014-12-02,9:00p,@,Denver Nuggets,W,,105,103,14,4,W 2
2015,POR,2014-12-04,10:00p,,Indiana Pacers,W,,88,82,15,4,W 3
2015,POR,2014-12-07,7:30p,@,New York Knicks,W,,103,99,16,4,W 4
2015,POR,2014-12-09,7:30p,@,Detroit Pistons,W,,98,86,17,4,W 5
2015,POR,2014-12-10,8:00p,@,Minnesota Timberwolves,L,,82,90,17,5,L 1
2015,POR,2014-12-12,7:00p,@,Chicago Bulls,L,,106,115,17,6,L 2
2015,POR,2014-12-13,7:00p,@,Indiana Pacers,W,,95,85,18,6,W 1
2015,POR,2014-12-15,10:00p,,San Antonio Spurs,W,,108,95,19,6,W 2
2015,POR,2014-12-17,10:00p,,Milwaukee Bucks,W,,104,97,20,6,W 3
2015,POR,2014-12-19,8:00p,@,San Antonio Spurs,W,3OT,129,119,21,6,W 4
2015,POR,2014-12-20,7:00p,@,New Orleans Pelicans,W,,114,88,22,6,W 5
2015,POR,2014-12-22,8:00p,@,Houston Rockets,L,,95,110,22,7,L 1
2015,POR,2014-12-23,8:00p,@,Oklahoma City Thunder,W,OT,115,111,23,7,W 1
2015,POR,2014-12-26,10:00p,,Philadelphia 76ers,W,,114,93,24,7,W 2
2015,POR,2014-12-28,9:00p,,New York Knicks,W,,101,79,25,7,W 3
2015,POR,2014-12-30,10:00p,,Toronto Raptors,W,OT,102,97,26,7,W 4
2015,POR,2015-01-03,10:00p,,Atlanta Hawks,L,,107,115,26,8,L 1
2015,POR,2015-01-05,10:00p,,Los Angeles Lakers,W,,98,94,27,8,W 1
2015,POR,2015-01-08,10:30p,,Miami Heat,W,,99,83,28,8,W 2
2015,POR,2015-01-10,10:00p,,Orlando Magic,W,,103,92,29,8,W 3
2015,POR,2015-01-11,9:30p,@,Los Angeles Lakers,W,,106,94,30,8,W 4
2015,POR,2015-01-14,10:30p,,Los Angeles Clippers,L,,94,100,30,9,L 1
2015,POR,2015-01-16,8:30p,@,San Antonio Spurs,L,,96,110,30,10,L 2
2015,POR,2015-01-17,9:00p,@,Memphis Grizzlies,L,,98,102,30,11,L 3
2015,POR,2015-01-19,10:00p,,Sacramento Kings,W,,98,94,31,11,W 1
2015,POR,2015-01-21,9:00p,@,Phoenix Suns,L,,113,118,31,12,L 1
2015,POR,2015-01-22,10:00p,,Boston Celtics,L,,89,90,31,13,L 2
2015,POR,2015-01-24,10:00p,,Washington Wizards,W,,103,96,32,13,W 1
2015,POR,2015-01-28,7:00p,@,Cleveland Cavaliers,L,,94,99,32,14,L 1
2015,POR,2015-01-30,7:30p,@,Atlanta Hawks,L,,99,105,32,15,L 2
2015,POR,2015-01-31,8:30p,@,Milwaukee Bucks,L,,88,95,32,16,L 3
2015,POR,2015-02-03,10:00p,,Utah Jazz,W,,103,102,33,16,W 1
2015,POR,2015-02-05,10:30p,,Phoenix Suns,W,,108,87,34,16,W 2
2015,POR,2015-02-07,8:30p,@,Dallas Mavericks,L,OT,101,111,34,17,L 1
2015,POR,2015-02-08,7:00p,@,Houston Rockets,W,,109,98,35,17,W 1
2015,POR,2015-02-11,10:00p,,Los Angeles Lakers,W,,102,86,36,17,W 2
2015,POR,2015-02-20,9:00p,@,Utah Jazz,L,,76,92,36,18,L 1
2015,POR,2015-02-22,9:00p,,Memphis Grizzlies,L,,92,98,36,19,L 2
2015,POR,2015-02-25,10:30p,,San Antonio Spurs,W,,111,95,37,19,W 1
2015,POR,2015-02-27,10:30p,,Oklahoma City Thunder,W,,115,112,38,19,W 2
2015,POR,2015-03-01,6:00p,@,Sacramento Kings,W,,110,99,39,19,W 3
2015,POR,2015-03-04,10:30p,@,Los Angeles Clippers,W,OT,98,93,40,19,W 4
2015,POR,2015-03-05,10:30p,,Dallas Mavericks,W,,94,75,41,19,W 5
2015,POR,2015-03-07,8:00p,@,Minnesota Timberwolves,L,,113,121,41,20,L 1
2015,POR,2015-03-11,10:30p,,Houston Rockets,W,,105,100,42,20,W 1
2015,POR,2015-03-13,10:00p,,Detroit Pistons,W,,118,99,43,20,W 2
2015,POR,2015-03-15,7:00p,@,Toronto Raptors,W,,113,97,44,20,W 3
2015,POR,2015-03-16,7:00p,@,Washington Wizards,L,,97,105,44,21,L 1
2015,POR,2015-03-18,7:30p,@,Miami Heat,L,,104,108,44,22,L 2
2015,POR,2015-03-20,7:00p,@,Orlando Magic,L,,104,111,44,23,L 3
2015,POR,2015-03-21,8:00p,@,Memphis Grizzlies,L,,86,97,44,24,L 4
2015,POR,2015-03-24,10:30p,,Golden State Warriors,L,,108,122,44,25,L 5
2015,POR,2015-03-25,9:00p,@,Utah Jazz,W,,92,89,45,25,W 1
2015,POR,2015-03-27,10:00p,@,Phoenix Suns,W,,87,81,46,25,W 2
2015,POR,2015-03-28,10:00p,,Denver Nuggets,W,,120,114,47,25,W 3
2015,POR,2015-03-30,10:00p,,Phoenix Suns,W,,109,86,48,25,W 4
2015,POR,2015-04-01,10:00p,,Los Angeles Clippers,L,,122,126,48,26,L 1
2015,POR,2015-04-03,10:30p,@,Los Angeles Lakers,W,,107,77,49,26,W 1
2015,POR,2015-04-04,10:00p,,New Orleans Pelicans,W,,99,90,50,26,W 2
2015,POR,2015-04-06,7:00p,@,Brooklyn Nets,L,,96,106,50,27,L 1
2015,POR,2015-04-08,10:00p,,Minnesota Timberwolves,W,,116,91,51,27,W 1
2015,POR,2015-04-09,10:30p,@,Golden State Warriors,L,,105,116,51,28,L 1
2015,POR,2015-04-11,10:00p,,Utah Jazz,L,,105,111,51,29,L 2
2015,POR,2015-04-13,8:00p,@,Oklahoma City Thunder,L,,90,101,51,30,L 3
2015,POR,2015-04-15,8:00p,@,Dallas Mavericks,L,,98,114,51,31,L 4
2015,POR,2015-04-19,8:00p,@,Memphis Grizzlies,L,,86,100,0,1,L 1
2015,POR,2015-04-22,8:00p,@,Memphis Grizzlies,L,,82,97,0,2,L 2
2015,POR,2015-04-25,10:30p,,Memphis Grizzlies,L,,109,115,0,3,L 3
2015,POR,2015-04-27,10:30p,,Memphis Grizzlies,W,,99,92,1,3,W 1
2015,POR,2015-04-29,9:30p,@,Memphis Grizzlies,L,,93,99,1,4,L 1
2015,SAC,2014-10-29,10:00p,,Golden State Warriors,L,,77,95,0,1,L 1
2015,SAC,2014-10-31,10:00p,,Portland Trail Blazers,W,,103,94,1,1,W 1
2015,SAC,2014-11-02,3:30p,@,Los Angeles Clippers,W,,98,92,2,1,W 2
2015,SAC,2014-11-03,9:00p,@,Denver Nuggets,W,,110,105,3,1,W 3
2015,SAC,2014-11-05,10:00p,,Denver Nuggets,W,,131,109,4,1,W 4
2015,SAC,2014-11-07,9:00p,@,Phoenix Suns,W,2OT,114,112,5,1,W 5
2015,SAC,2014-11-09,7:00p,@,Oklahoma City Thunder,L,,93,101,5,2,L 1
2015,SAC,2014-11-11,8:30p,@,Dallas Mavericks,L,,98,106,5,3,L 2
2015,SAC,2014-11-13,8:00p,@,Memphis Grizzlies,L,,110,111,5,4,L 3
2015,SAC,2014-11-15,10:00p,,San Antonio Spurs,W,,94,91,6,4,W 1
2015,SAC,2014-11-18,10:00p,,New Orleans Pelicans,L,,100,106,6,5,L 1
2015,SAC,2014-11-20,10:30p,,Chicago Bulls,W,,103,88,7,5,W 1
2015,SAC,2014-11-22,8:00p,@,Minnesota Timberwolves,W,,113,101,8,5,W 2
2015,SAC,2014-11-25,8:00p,@,New Orleans Pelicans,W,,99,89,9,5,W 3
2015,SAC,2014-11-26,8:00p,@,Houston Rockets,L,,89,102,9,6,L 1
2015,SAC,2014-11-28,8:30p,@,San Antonio Spurs,L,,104,112,9,7,L 2
2015,SAC,2014-11-30,6:00p,,Memphis Grizzlies,L,,85,97,9,8,L 3
2015,SAC,2014-12-02,10:00p,,Toronto Raptors,L,,109,117,9,9,L 4
2015,SAC,2014-12-05,10:00p,,Indiana Pacers,W,OT,102,101,10,9,W 1
2015,SAC,2014-12-06,10:00p,,Orlando Magic,L,,96,105,10,10,L 1
2015,SAC,2014-12-08,10:00p,,Utah Jazz,W,,101,92,11,10,W 1
2015,SAC,2014-12-09,10:30p,@,Los Angeles Lakers,L,,95,98,11,11,L 1
2015,SAC,2014-12-11,10:30p,,Houston Rockets,L,OT,109,113,11,12,L 2
2015,SAC,2014-12-13,10:00p,,Detroit Pistons,L,,90,95,11,13,L 3
2015,SAC,2014-12-16,10:30p,,Oklahoma City Thunder,L,,92,104,11,14,L 4
2015,SAC,2014-12-18,10:00p,,Milwaukee Bucks,L,,107,108,11,15,L 5
2015,SAC,2014-12-21,6:00p,,Los Angeles Lakers,W,,108,101,12,15,W 1
2015,SAC,2014-12-22,10:30p,@,Golden State Warriors,L,,108,128,12,16,L 1
2015,SAC,2014-12-26,10:00p,,Phoenix Suns,L,,106,115,12,17,L 2
2015,SAC,2014-12-27,10:00p,,New York Knicks,W,OT,135,129,13,17,W 1
2015,SAC,2014-12-29,7:30p,@,Brooklyn Nets,L,,99,107,13,18,L 1
2015,SAC,2014-12-31,1:00p,@,Boston Celtics,L,,84,106,13,19,L 2
2015,SAC,2015-01-01,8:00p,@,Minnesota Timberwolves,W,,110,107,14,19,W 1
2015,SAC,2015-01-04,6:00p,@,Detroit Pistons,L,,95,114,14,20,L 1
2015,SAC,2015-01-07,10:00p,,Oklahoma City Thunder,W,,104,83,15,20,W 1
2015,SAC,2015-01-09,10:00p,,Denver Nuggets,L,,108,118,15,21,L 1
2015,SAC,2015-01-11,9:00p,,Cleveland Cavaliers,W,,103,84,16,21,W 1
2015,SAC,2015-01-13,10:00p,,Dallas Mavericks,L,OT,104,108,16,22,L 1
2015,SAC,2015-01-16,10:00p,,Miami Heat,L,,83,95,16,23,L 2
2015,SAC,2015-01-17,10:00p,,Los Angeles Clippers,L,,108,117,16,24,L 3
2015,SAC,2015-01-19,10:00p,@,Portland Trail Blazers,L,,94,98,16,25,L 4
2015,SAC,2015-01-21,10:00p,,Brooklyn Nets,L,,100,103,16,26,L 5
2015,SAC,2015-01-23,10:30p,@,Golden State Warriors,L,,101,126,16,27,L 6
2015,SAC,2015-01-28,7:30p,@,Toronto Raptors,L,,102,119,16,28,L 7
2015,SAC,2015-01-30,7:30p,@,Cleveland Cavaliers,L,,90,101,16,29,L 8
2015,SAC,2015-01-31,7:00p,@,Indiana Pacers,W,,99,94,17,29,W 1
2015,SAC,2015-02-03,10:00p,,Golden State Warriors,L,,96,121,17,30,L 1
2015,SAC,2015-02-05,10:00p,,Dallas Mavericks,L,,78,101,17,31,L 2
2015,SAC,2015-02-07,9:00p,@,Utah Jazz,L,,90,102,17,32,L 3
2015,SAC,2015-02-08,9:00p,,Phoenix Suns,W,,85,83,18,32,W 1
2015,SAC,2015-02-10,8:00p,@,Chicago Bulls,L,,86,104,18,33,L 1
2015,SAC,2015-02-11,8:00p,@,Milwaukee Bucks,L,,103,111,18,34,L 2
2015,SAC,2015-02-20,10:00p,,Boston Celtics,W,,109,101,19,34,W 1
2015,SAC,2015-02-21,10:00p,@,Los Angeles Clippers,L,,99,126,19,35,L 1
2015,SAC,2015-02-25,10:00p,,Memphis Grizzlies,W,,102,90,20,35,W 1
2015,SAC,2015-02-27,10:00p,,San Antonio Spurs,L,,96,107,20,36,L 1
2015,SAC,2015-03-01,6:00p,,Portland Trail Blazers,L,,99,110,20,37,L 2
2015,SAC,2015-03-03,7:00p,@,New York Knicks,W,,124,86,21,37,W 1
2015,SAC,2015-03-04,8:30p,@,San Antonio Spurs,L,,85,112,21,38,L 1
2015,SAC,2015-03-06,7:00p,@,Orlando Magic,L,,114,119,21,39,L 2
2015,SAC,2015-03-07,7:30p,@,Miami Heat,L,OT,109,114,21,40,L 3
2015,SAC,2015-03-09,7:30p,@,Atlanta Hawks,L,,105,130,21,41,L 4
2015,SAC,2015-03-11,7:00p,@,Charlotte Hornets,W,,113,106,22,41,W 1
2015,SAC,2015-03-13,7:00p,@,Philadelphia 76ers,L,,107,114,22,42,L 1
2015,SAC,2015-03-14,7:00p,@,Washington Wizards,L,,97,113,22,43,L 2
2015,SAC,2015-03-16,10:00p,,Atlanta Hawks,L,,103,110,22,44,L 3
2015,SAC,2015-03-18,10:00p,,Los Angeles Clippers,L,,105,116,22,45,L 4
2015,SAC,2015-03-20,10:00p,,Charlotte Hornets,W,,101,91,23,45,W 1
2015,SAC,2015-03-22,6:00p,,Washington Wizards,W,,109,86,24,45,W 2
2015,SAC,2015-03-24,10:00p,,Philadelphia 76ers,W,,107,106,25,45,W 3
2015,SAC,2015-03-25,10:00p,@,Phoenix Suns,W,,108,99,26,45,W 4
2015,SAC,2015-03-27,8:00p,@,New Orleans Pelicans,L,,88,102,26,46,L 1
2015,SAC,2015-03-30,8:00p,@,Memphis Grizzlies,L,,83,97,26,47,L 2
2015,SAC,2015-04-01,8:00p,@,Houston Rockets,L,,111,115,26,48,L 3
2015,SAC,2015-04-03,10:00p,,New Orleans Pelicans,L,,95,101,26,49,L 4
2015,SAC,2015-04-05,9:00p,,Utah Jazz,L,,95,101,26,50,L 5
2015,SAC,2015-04-07,10:00p,,Minnesota Timberwolves,W,,116,111,27,50,W 1
2015,SAC,2015-04-08,9:00p,@,Utah Jazz,L,,91,103,27,51,L 1
2015,SAC,2015-04-10,8:00p,@,Oklahoma City Thunder,L,,103,116,27,52,L 2
2015,SAC,2015-04-12,5:00p,@,Denver Nuggets,L,,111,122,27,53,L 3
2015,SAC,2015-04-13,10:00p,,Los Angeles Lakers,W,,102,92,28,53,W 1
2015,SAC,2015-04-15,10:30p,@,Los Angeles Lakers,W,,122,99,29,53,W 2
2015,SAS,2014-10-28,8:00p,,Dallas Mavericks,W,,101,100,1,0,W 1
2015,SAS,2014-10-31,10:00p,@,Phoenix Suns,L,,89,94,1,1,L 1
2015,SAS,2014-11-05,8:30p,,Atlanta Hawks,W,,94,92,2,1,W 1
2015,SAS,2014-11-06,8:00p,@,Houston Rockets,L,,81,98,2,2,L 1
2015,SAS,2014-11-08,8:30p,,New Orleans Pelicans,L,,99,100,2,3,L 2
2015,SAS,2014-11-10,10:30p,@,Los Angeles Clippers,W,,89,85,3,3,W 1
2015,SAS,2014-11-11,10:30p,@,Golden State Warriors,W,,113,100,4,3,W 2
2015,SAS,2014-11-14,10:00p,@,Los Angeles Lakers,W,,93,80,5,3,W 3
2015,SAS,2014-11-15,10:00p,@,Sacramento Kings,L,,91,94,5,4,L 1
2015,SAS,2014-11-17,8:30p,,Philadelphia 76ers,W,,100,75,6,4,W 1
2015,SAS,2014-11-19,7:00p,@,Cleveland Cavaliers,W,,92,90,7,4,W 2
2015,SAS,2014-11-21,8:00p,@,Minnesota Timberwolves,W,,121,92,8,4,W 3
2015,SAS,2014-11-22,8:30p,,Brooklyn Nets,W,,99,87,9,4,W 4
2015,SAS,2014-11-26,8:30p,,Indiana Pacers,W,,106,100,10,4,W 5
2015,SAS,2014-11-28,8:30p,,Sacramento Kings,W,,112,104,11,4,W 6
2015,SAS,2014-11-30,1:00p,@,Boston Celtics,W,,111,89,12,4,W 7
2015,SAS,2014-12-01,7:00p,@,Philadelphia 76ers,W,,109,103,13,4,W 8
2015,SAS,2014-12-03,7:30p,@,Brooklyn Nets,L,OT,93,95,13,5,L 1
2015,SAS,2014-12-05,8:00p,@,Memphis Grizzlies,W,,107,101,14,5,W 1
2015,SAS,2014-12-06,8:30p,,Minnesota Timberwolves,W,,123,101,15,5,W 2
2015,SAS,2014-12-09,9:00p,@,Utah Jazz,L,,96,100,15,6,L 1
2015,SAS,2014-12-10,8:30p,,New York Knicks,W,,109,95,16,6,W 1
2015,SAS,2014-12-12,9:30p,,Los Angeles Lakers,L,OT,110,112,16,7,L 1
2015,SAS,2014-12-14,8:00p,@,Denver Nuggets,W,,99,91,17,7,W 1
2015,SAS,2014-12-15,10:00p,@,Portland Trail Blazers,L,,95,108,17,8,L 1
2015,SAS,2014-12-17,8:30p,,Memphis Grizzlies,L,3OT,116,117,17,9,L 2
2015,SAS,2014-12-19,8:00p,,Portland Trail Blazers,L,3OT,119,129,17,10,L 3
2015,SAS,2014-12-20,8:30p,@,Dallas Mavericks,L,,93,99,17,11,L 4
2015,SAS,2014-12-22,8:30p,,Los Angeles Clippers,W,,125,118,18,11,W 1
2015,SAS,2014-12-25,2:30p,,Oklahoma City Thunder,L,,106,114,18,12,L 1
2015,SAS,2014-12-26,8:00p,@,New Orleans Pelicans,L,,90,97,18,13,L 2
2015,SAS,2014-12-28,7:00p,,Houston Rockets,W,,110,106,19,13,W 1
2015,SAS,2014-12-30,8:00p,@,Memphis Grizzlies,L,,87,95,19,14,L 1
2015,SAS,2014-12-31,7:00p,,New Orleans Pelicans,W,OT,95,93,20,14,W 1
2015,SAS,2015-01-03,8:30p,,Washington Wizards,W,,101,92,21,14,W 2
2015,SAS,2015-01-06,8:30p,,Detroit Pistons,L,,104,105,21,15,L 1
2015,SAS,2015-01-09,8:30p,,Phoenix Suns,W,,100,95,22,15,W 1
2015,SAS,2015-01-10,8:00p,@,Minnesota Timberwolves,W,,108,93,23,15,W 2
2015,SAS,2015-01-13,7:00p,@,Washington Wizards,L,,93,101,23,16,L 1
2015,SAS,2015-01-14,7:00p,@,Charlotte Hornets,W,,98,93,24,16,W 1
2015,SAS,2015-01-16,8:30p,,Portland Trail Blazers,W,,110,96,25,16,W 2
2015,SAS,2015-01-18,7:00p,,Utah Jazz,W,,89,69,26,16,W 3
2015,SAS,2015-01-20,9:00p,@,Denver Nuggets,W,,109,99,27,16,W 4
2015,SAS,2015-01-22,8:00p,@,Chicago Bulls,L,,81,104,27,17,L 1
2015,SAS,2015-01-23,8:30p,,Los Angeles Lakers,W,,99,85,28,17,W 1
2015,SAS,2015-01-25,7:00p,,Milwaukee Bucks,W,,101,95,29,17,W 2
2015,SAS,2015-01-28,8:30p,,Charlotte Hornets,W,,95,86,30,17,W 3
2015,SAS,2015-01-31,9:00p,,Los Angeles Clippers,L,,85,105,30,18,L 1
2015,SAS,2015-02-04,8:30p,,Orlando Magic,W,,110,103,31,18,W 1
2015,SAS,2015-02-06,9:30p,,Miami Heat,W,,98,85,32,18,W 2
2015,SAS,2015-02-08,7:00p,@,Toronto Raptors,L,,82,87,32,19,L 1
2015,SAS,2015-02-09,7:00p,@,Indiana Pacers,W,,95,93,33,19,W 1
2015,SAS,2015-02-11,7:30p,@,Detroit Pistons,W,,104,87,34,19,W 2
2015,SAS,2015-02-19,10:30p,@,Los Angeles Clippers,L,,115,119,34,20,L 1
2015,SAS,2015-02-20,10:30p,@,Golden State Warriors,L,,99,110,34,21,L 2
2015,SAS,2015-02-23,9:00p,@,Utah Jazz,L,,81,90,34,22,L 3
2015,SAS,2015-02-25,10:30p,@,Portland Trail Blazers,L,,95,111,34,23,L 4
2015,SAS,2015-02-27,10:00p,@,Sacramento Kings,W,,107,96,35,23,W 1
2015,SAS,2015-02-28,9:00p,@,Phoenix Suns,W,,101,74,36,23,W 2
2015,SAS,2015-03-04,8:30p,,Sacramento Kings,W,,112,85,37,23,W 3
2015,SAS,2015-03-06,8:30p,,Denver Nuggets,W,,120,111,38,23,W 4
2015,SAS,2015-03-08,1:00p,,Chicago Bulls,W,,116,105,39,23,W 5
2015,SAS,2015-03-10,8:30p,,Toronto Raptors,W,,117,107,40,23,W 6
2015,SAS,2015-03-12,9:30p,,Cleveland Cavaliers,L,OT,125,128,40,24,L 1
2015,SAS,2015-03-15,7:00p,,Minnesota Timberwolves,W,,123,97,41,24,W 1
2015,SAS,2015-03-17,7:30p,@,New York Knicks,L,OT,100,104,41,25,L 1
2015,SAS,2015-03-18,8:00p,@,Milwaukee Bucks,W,,114,103,42,25,W 1
2015,SAS,2015-03-20,8:30p,,Boston Celtics,W,,101,89,43,25,W 2
2015,SAS,2015-03-22,3:00p,@,Atlanta Hawks,W,,114,95,44,25,W 3
2015,SAS,2015-03-24,8:00p,@,Dallas Mavericks,L,,94,101,44,26,L 1
2015,SAS,2015-03-25,9:30p,,Oklahoma City Thunder,W,,130,91,45,26,W 1
2015,SAS,2015-03-27,8:30p,,Dallas Mavericks,W,,94,76,46,26,W 2
2015,SAS,2015-03-29,7:00p,,Memphis Grizzlies,W,,103,89,47,26,W 3
2015,SAS,2015-03-31,8:00p,@,Miami Heat,W,,95,81,48,26,W 4
2015,SAS,2015-04-01,7:00p,@,Orlando Magic,W,,103,91,49,26,W 5
2015,SAS,2015-04-03,8:30p,,Denver Nuggets,W,,123,93,50,26,W 6
2015,SAS,2015-04-05,7:00p,,Golden State Warriors,W,,107,92,51,26,W 7
2015,SAS,2015-04-07,8:00p,@,Oklahoma City Thunder,W,,113,88,52,26,W 8
2015,SAS,2015-04-08,8:30p,,Houston Rockets,W,,110,98,53,26,W 9
2015,SAS,2015-04-10,8:00p,@,Houston Rockets,W,,104,103,54,26,W 10
2015,SAS,2015-04-12,7:00p,,Phoenix Suns,W,,107,91,55,26,W 11
2015,SAS,2015-04-15,8:00p,@,New Orleans Pelicans,L,,103,108,55,27,L 1
2015,SAS,2015-04-19,10:30p,@,Los Angeles Clippers,L,,92,107,0,1,L 1
2015,SAS,2015-04-22,10:30p,@,Los Angeles Clippers,W,OT,111,107,1,1,W 1
2015,SAS,2015-04-24,9:30p,,Los Angeles Clippers,W,,100,73,2,1,W 2
2015,SAS,2015-04-26,3:30p,,Los Angeles Clippers,L,,105,114,2,2,L 1
2015,SAS,2015-04-28,10:30p,@,Los Angeles Clippers,W,,111,107,3,2,W 1
2015,SAS,2015-04-30,9:30p,,Los Angeles Clippers,L,,96,102,3,3,L 1
2015,SAS,2015-05-02,8:00p,@,Los Angeles Clippers,L,,109,111,3,4,L 2
2015,TOR,2014-10-29,7:30p,,Atlanta Hawks,W,,109,102,1,0,W 1
2015,TOR,2014-11-01,7:00p,@,Orlando Magic,W,,108,95,2,0,W 2
2015,TOR,2014-11-02,6:00p,@,Miami Heat,L,,102,107,2,1,L 1
2015,TOR,2014-11-04,7:30p,,Oklahoma City Thunder,W,,100,88,3,1,W 1
2015,TOR,2014-11-05,7:30p,@,Boston Celtics,W,,110,107,4,1,W 2
2015,TOR,2014-11-07,7:30p,,Washington Wizards,W,,103,84,5,1,W 3
2015,TOR,2014-11-09,7:00p,,Philadelphia 76ers,W,,120,88,6,1,W 4
2015,TOR,2014-11-11,7:30p,,Orlando Magic,W,,104,100,7,1,W 5
2015,TOR,2014-11-13,8:00p,,Chicago Bulls,L,,93,100,7,2,L 1
2015,TOR,2014-11-15,7:30p,,Utah Jazz,W,,111,93,8,2,W 1
2015,TOR,2014-11-19,7:30p,,Memphis Grizzlies,W,,96,92,9,2,W 2
2015,TOR,2014-11-21,7:30p,,Milwaukee Bucks,W,,124,82,10,2,W 3
2015,TOR,2014-11-22,7:30p,@,Cleveland Cavaliers,W,,110,93,11,2,W 4
2015,TOR,2014-11-24,7:30p,,Phoenix Suns,W,,104,100,12,2,W 5
2015,TOR,2014-11-26,7:30p,@,Atlanta Hawks,W,,126,115,13,2,W 6
2015,TOR,2014-11-28,7:30p,,Dallas Mavericks,L,,102,106,13,3,L 1
2015,TOR,2014-11-30,9:30p,@,Los Angeles Lakers,L,OT,122,129,13,4,L 2
2015,TOR,2014-12-02,10:00p,@,Sacramento Kings,W,,117,109,14,4,W 1
2015,TOR,2014-12-03,9:00p,@,Utah Jazz,W,,123,104,15,4,W 2
2015,TOR,2014-12-05,7:30p,,Cleveland Cavaliers,L,,91,105,15,5,L 1
2015,TOR,2014-12-08,7:30p,,Denver Nuggets,W,OT,112,107,16,5,W 1
2015,TOR,2014-12-09,7:00p,@,Cleveland Cavaliers,L,,101,105,16,6,L 1
2015,TOR,2014-12-12,7:30p,,Indiana Pacers,W,,106,94,17,6,W 1
2015,TOR,2014-12-14,7:30p,@,New York Knicks,W,OT,95,90,18,6,W 2
2015,TOR,2014-12-15,7:30p,,Orlando Magic,W,,95,82,19,6,W 3
2015,TOR,2014-12-17,8:00p,,Brooklyn Nets,W,,105,89,20,6,W 4
2015,TOR,2014-12-19,7:30p,@,Detroit Pistons,W,,110,100,21,6,W 5
2015,TOR,2014-12-21,3:30p,,New York Knicks,W,,118,108,22,6,W 6
2015,TOR,2014-12-22,8:00p,@,Chicago Bulls,L,,120,129,22,7,L 1
2015,TOR,2014-12-27,3:30p,@,Los Angeles Clippers,W,,110,98,23,7,W 1
2015,TOR,2014-12-28,9:00p,@,Denver Nuggets,W,,116,102,24,7,W 2
2015,TOR,2014-12-30,10:00p,@,Portland Trail Blazers,L,OT,97,102,24,8,L 1
2015,TOR,2015-01-02,10:30p,@,Golden State Warriors,L,,105,126,24,9,L 2
2015,TOR,2015-01-04,8:00p,@,Phoenix Suns,L,,109,125,24,10,L 3
2015,TOR,2015-01-08,7:30p,,Charlotte Hornets,L,,95,103,24,11,L 4
2015,TOR,2015-01-10,7:30p,,Boston Celtics,W,,109,96,25,11,W 1
2015,TOR,2015-01-12,7:30p,,Detroit Pistons,L,,111,114,25,12,L 1
2015,TOR,2015-01-14,7:30p,,Philadelphia 76ers,W,,100,84,26,12,W 1
2015,TOR,2015-01-16,7:30p,,Atlanta Hawks,L,,89,110,26,13,L 1
2015,TOR,2015-01-18,3:30p,,New Orleans Pelicans,L,,93,95,26,14,L 2
2015,TOR,2015-01-19,8:00p,@,Milwaukee Bucks,W,,92,89,27,14,W 1
2015,TOR,2015-01-21,8:00p,@,Memphis Grizzlies,L,,86,92,27,15,L 1
2015,TOR,2015-01-23,7:00p,@,Philadelphia 76ers,W,,91,86,28,15,W 1
2015,TOR,2015-01-25,7:00p,,Detroit Pistons,W,,114,110,29,15,W 2
2015,TOR,2015-01-27,7:00p,@,Indiana Pacers,W,,104,91,30,15,W 3
2015,TOR,2015-01-28,7:30p,,Sacramento Kings,W,,119,102,31,15,W 4
2015,TOR,2015-01-30,7:30p,@,Brooklyn Nets,W,OT,127,122,32,15,W 5
2015,TOR,2015-01-31,7:00p,@,Washington Wizards,W,OT,120,116,33,15,W 6
2015,TOR,2015-02-02,7:30p,,Milwaukee Bucks,L,,75,82,33,16,L 1
2015,TOR,2015-02-04,7:30p,,Brooklyn Nets,L,,93,109,33,17,L 2
2015,TOR,2015-02-06,7:00p,,Los Angeles Clippers,W,,123,107,34,17,W 1
2015,TOR,2015-02-08,7:00p,,San Antonio Spurs,W,,87,82,35,17,W 2
2015,TOR,2015-02-11,7:30p,,Washington Wizards,W,,95,93,36,17,W 3
2015,TOR,2015-02-20,7:30p,@,Atlanta Hawks,W,,105,80,37,17,W 4
2015,TOR,2015-02-21,8:00p,@,Houston Rockets,L,,76,98,37,18,L 1
2015,TOR,2015-02-23,8:00p,@,New Orleans Pelicans,L,,97,100,37,19,L 2
2015,TOR,2015-02-24,8:30p,@,Dallas Mavericks,L,,92,99,37,20,L 3
2015,TOR,2015-02-27,7:30p,,Golden State Warriors,L,,89,113,37,21,L 4
2015,TOR,2015-02-28,7:30p,@,New York Knicks,L,,98,103,37,22,L 5
2015,TOR,2015-03-02,7:00p,@,Philadelphia 76ers,W,,114,103,38,22,W 1
2015,TOR,2015-03-04,7:30p,,Cleveland Cavaliers,L,,112,120,38,23,L 1
2015,TOR,2015-03-06,7:00p,@,Charlotte Hornets,L,,94,103,38,24,L 2
2015,TOR,2015-03-08,7:00p,@,Oklahoma City Thunder,L,,104,108,38,25,L 3
2015,TOR,2015-03-10,8:30p,@,San Antonio Spurs,L,,107,117,38,26,L 4
2015,TOR,2015-03-13,7:30p,,Miami Heat,W,,102,92,39,26,W 1
2015,TOR,2015-03-15,7:00p,,Portland Trail Blazers,L,,97,113,39,27,L 1
2015,TOR,2015-03-16,7:00p,@,Indiana Pacers,W,,117,98,40,27,W 1
2015,TOR,2015-03-18,7:30p,,Minnesota Timberwolves,W,,105,100,41,27,W 2
2015,TOR,2015-03-20,8:00p,@,Chicago Bulls,L,,92,108,41,28,L 1
2015,TOR,2015-03-22,4:00p,,New York Knicks,W,,106,89,42,28,W 1
2015,TOR,2015-03-24,7:30p,@,Detroit Pistons,L,,104,108,42,29,L 1
2015,TOR,2015-03-25,7:00p,,Chicago Bulls,L,,103,116,42,30,L 2
2015,TOR,2015-03-27,7:30p,,Los Angeles Lakers,W,,94,83,43,30,W 1
2015,TOR,2015-03-30,7:30p,,Houston Rockets,W,,99,96,44,30,W 2
2015,TOR,2015-04-01,8:00p,@,Minnesota Timberwolves,W,,113,99,45,30,W 3
2015,TOR,2015-04-03,7:30p,@,Brooklyn Nets,L,,109,114,45,31,L 1
2015,TOR,2015-04-04,7:30p,,Boston Celtics,L,OT,116,117,45,32,L 2
2015,TOR,2015-04-08,7:00p,@,Charlotte Hornets,W,,92,74,46,32,W 1
2015,TOR,2015-04-10,7:00p,@,Orlando Magic,W,,101,99,47,32,W 2
2015,TOR,2015-04-11,7:30p,@,Miami Heat,W,,107,104,48,32,W 3
2015,TOR,2015-04-14,7:30p,@,Boston Celtics,L,,93,95,48,33,L 1
2015,TOR,2015-04-15,7:00p,,Charlotte Hornets,W,,92,87,49,33,W 1
2015,TOR,2015-04-18,12:30p,,Washington Wizards,L,OT,86,93,0,1,L 1
2015,TOR,2015-04-21,8:00p,,Washington Wizards,L,,106,117,0,2,L 2
2015,TOR,2015-04-24,8:00p,@,Washington Wizards,L,,99,106,0,3,L 3
2015,TOR,2015-04-26,6:30p,@,Washington Wizards,L,,94,125,0,4,L 4
2015,UTA,2014-10-29,9:00p,,Houston Rockets,L,,93,104,0,1,L 1
2015,UTA,2014-10-30,8:30p,@,Dallas Mavericks,L,,102,120,0,2,L 2
2015,UTA,2014-11-01,9:00p,,Phoenix Suns,W,,118,91,1,2,W 1
2015,UTA,2014-11-03,10:30p,@,Los Angeles Clippers,L,,101,107,1,3,L 1
2015,UTA,2014-11-05,9:00p,,Cleveland Cavaliers,W,,102,100,2,3,W 1
2015,UTA,2014-11-07,9:00p,,Dallas Mavericks,L,,82,105,2,4,L 1
2015,UTA,2014-11-09,6:00p,@,Detroit Pistons,W,,97,96,3,4,W 1
2015,UTA,2014-11-10,7:00p,@,Indiana Pacers,L,,86,97,3,5,L 1
2015,UTA,2014-11-12,7:30p,@,Atlanta Hawks,L,,97,100,3,6,L 2
2015,UTA,2014-11-14,7:30p,@,New York Knicks,W,,102,100,4,6,W 1
2015,UTA,2014-11-15,7:30p,@,Toronto Raptors,L,,93,111,4,7,L 1
2015,UTA,2014-11-18,9:00p,,Oklahoma City Thunder,W,,98,81,5,7,W 1
2015,UTA,2014-11-21,10:30p,@,Golden State Warriors,L,,88,101,5,8,L 1
2015,UTA,2014-11-22,9:00p,,New Orleans Pelicans,L,,94,106,5,9,L 2
2015,UTA,2014-11-24,9:00p,,Chicago Bulls,L,,95,97,5,10,L 3
2015,UTA,2014-11-26,8:00p,@,Oklahoma City Thunder,L,,82,97,5,11,L 4
2015,UTA,2014-11-29,9:00p,,Los Angeles Clippers,L,,96,112,5,12,L 5
2015,UTA,2014-12-01,9:00p,,Denver Nuggets,L,,101,103,5,13,L 6
2015,UTA,2014-12-03,9:00p,,Toronto Raptors,L,,104,123,5,14,L 7
2015,UTA,2014-12-05,9:00p,,Orlando Magic,L,,93,98,5,15,L 8
2015,UTA,2014-12-08,10:00p,@,Sacramento Kings,L,,92,101,5,16,L 9
2015,UTA,2014-12-09,9:00p,,San Antonio Spurs,W,,100,96,6,16,W 1
2015,UTA,2014-12-12,9:00p,,Miami Heat,L,,95,100,6,17,L 1
2015,UTA,2014-12-14,6:00p,@,Washington Wizards,L,,84,93,6,18,L 2
2015,UTA,2014-12-16,8:00p,@,New Orleans Pelicans,L,,111,119,6,19,L 3
2015,UTA,2014-12-17,7:30p,@,Miami Heat,W,,105,87,7,19,W 1
2015,UTA,2014-12-19,7:00p,@,Orlando Magic,W,,101,94,8,19,W 2
2015,UTA,2014-12-20,7:00p,@,Charlotte Hornets,L,,86,104,8,20,L 1
2015,UTA,2014-12-22,8:00p,@,Memphis Grizzlies,W,,97,91,9,20,W 1
2015,UTA,2014-12-27,9:00p,,Philadelphia 76ers,W,,88,71,10,20,W 2
2015,UTA,2014-12-29,10:30p,@,Los Angeles Clippers,L,,97,101,10,21,L 1
2015,UTA,2014-12-30,9:00p,,Minnesota Timberwolves,W,,100,94,11,21,W 1
2015,UTA,2015-01-02,9:00p,,Atlanta Hawks,L,,92,98,11,22,L 1
2015,UTA,2015-01-03,8:00p,@,Minnesota Timberwolves,W,,101,89,12,22,W 1
2015,UTA,2015-01-05,9:00p,,Indiana Pacers,L,,101,105,12,23,L 1
2015,UTA,2015-01-07,8:00p,@,Chicago Bulls,W,,97,77,13,23,W 1
2015,UTA,2015-01-09,8:00p,@,Oklahoma City Thunder,L,,94,99,13,24,L 1
2015,UTA,2015-01-10,8:00p,@,Houston Rockets,L,,82,97,13,25,L 2
2015,UTA,2015-01-13,9:00p,,Golden State Warriors,L,,105,116,13,26,L 3
2015,UTA,2015-01-16,9:00p,,Los Angeles Lakers,W,,94,85,14,26,W 1
2015,UTA,2015-01-18,7:00p,@,San Antonio Spurs,L,,69,89,14,27,L 1
2015,UTA,2015-01-21,7:00p,@,Cleveland Cavaliers,L,,92,106,14,28,L 2
2015,UTA,2015-01-22,8:00p,@,Milwaukee Bucks,W,,101,99,15,28,W 1
2015,UTA,2015-01-24,9:00p,,Brooklyn Nets,W,,108,73,16,28,W 2
2015,UTA,2015-01-26,9:00p,,Boston Celtics,L,,90,99,16,29,L 1
2015,UTA,2015-01-28,9:00p,,Los Angeles Clippers,L,,89,94,16,30,L 2
2015,UTA,2015-01-30,9:00p,,Golden State Warriors,W,,110,100,17,30,W 1
2015,UTA,2015-02-03,10:00p,@,Portland Trail Blazers,L,,102,103,17,31,L 1
2015,UTA,2015-02-04,9:00p,,Memphis Grizzlies,L,,90,100,17,32,L 2
2015,UTA,2015-02-06,9:00p,@,Phoenix Suns,L,,93,100,17,33,L 3
2015,UTA,2015-02-07,9:00p,,Sacramento Kings,W,,102,90,18,33,W 1
2015,UTA,2015-02-09,8:00p,@,New Orleans Pelicans,W,,100,96,19,33,W 2
2015,UTA,2015-02-11,8:30p,@,Dallas Mavericks,L,,82,87,19,34,L 1
2015,UTA,2015-02-20,9:00p,,Portland Trail Blazers,W,,92,76,20,34,W 1
2015,UTA,2015-02-23,9:00p,,San Antonio Spurs,W,,90,81,21,34,W 2
2015,UTA,2015-02-25,9:00p,,Los Angeles Lakers,L,,97,100,21,35,L 1
2015,UTA,2015-02-27,9:00p,@,Denver Nuggets,W,,104,82,22,35,W 1
2015,UTA,2015-02-28,9:00p,,Milwaukee Bucks,W,,82,75,23,35,W 2
2015,UTA,2015-03-03,8:00p,@,Memphis Grizzlies,W,,93,82,24,35,W 3
2015,UTA,2015-03-04,7:30p,@,Boston Celtics,L,,84,85,24,36,L 1
2015,UTA,2015-03-06,7:00p,@,Philadelphia 76ers,W,,89,83,25,36,W 1
2015,UTA,2015-03-08,6:00p,@,Brooklyn Nets,W,,95,88,26,36,W 2
2015,UTA,2015-03-10,9:00p,,New York Knicks,W,,87,82,27,36,W 3
2015,UTA,2015-03-12,9:00p,,Houston Rockets,W,,109,91,28,36,W 4
2015,UTA,2015-03-14,9:00p,,Detroit Pistons,W,,88,85,29,36,W 5
2015,UTA,2015-03-16,9:00p,,Charlotte Hornets,W,,94,66,30,36,W 6
2015,UTA,2015-03-18,10:30p,,Washington Wizards,L,,84,88,30,37,L 1
2015,UTA,2015-03-19,10:30p,@,Los Angeles Lakers,W,,80,73,31,37,W 1
2015,UTA,2015-03-21,10:30p,@,Golden State Warriors,L,,91,106,31,38,L 1
2015,UTA,2015-03-23,9:00p,,Minnesota Timberwolves,L,OT,104,106,31,39,L 2
2015,UTA,2015-03-25,9:00p,,Portland Trail Blazers,L,,89,92,31,40,L 3
2015,UTA,2015-03-27,9:00p,@,Denver Nuggets,L,,91,107,31,41,L 4
2015,UTA,2015-03-28,9:00p,,Oklahoma City Thunder,W,,94,89,32,41,W 1
2015,UTA,2015-03-30,8:00p,@,Minnesota Timberwolves,W,,104,84,33,41,W 2
2015,UTA,2015-04-01,9:00p,,Denver Nuggets,W,,98,84,34,41,W 3
2015,UTA,2015-04-04,10:00p,@,Phoenix Suns,L,,85,87,34,42,L 1
2015,UTA,2015-04-05,9:00p,@,Sacramento Kings,W,,101,95,35,42,W 1
2015,UTA,2015-04-08,9:00p,,Sacramento Kings,W,,103,91,36,42,W 2
2015,UTA,2015-04-10,9:00p,,Memphis Grizzlies,L,,88,89,36,43,L 1
2015,UTA,2015-04-11,10:00p,@,Portland Trail Blazers,W,,111,105,37,43,W 1
2015,UTA,2015-04-13,9:00p,,Dallas Mavericks,W,,109,92,38,43,W 2
2015,UTA,2015-04-15,8:00p,@,Houston Rockets,L,,91,117,38,44,L 1
2015,WAS,2014-10-29,7:30p,@,Miami Heat,L,,95,107,0,1,L 1
2015,WAS,2014-10-30,7:00p,@,Orlando Magic,W,,105,98,1,1,W 1
2015,WAS,2014-11-01,7:00p,,Milwaukee Bucks,W,,108,97,2,1,W 2
2015,WAS,2014-11-04,7:30p,@,New York Knicks,W,,98,83,3,1,W 3
2015,WAS,2014-11-05,8:00p,,Indiana Pacers,W,OT,96,94,4,1,W 4
2015,WAS,2014-11-07,7:30p,@,Toronto Raptors,L,,84,103,4,2,L 1
2015,WAS,2014-11-08,7:00p,@,Indiana Pacers,W,,97,90,5,2,W 1
2015,WAS,2014-11-12,7:00p,,Detroit Pistons,W,,107,103,6,2,W 2
2015,WAS,2014-11-15,7:00p,,Orlando Magic,W,,98,93,7,2,W 3
2015,WAS,2014-11-19,7:00p,,Dallas Mavericks,L,,102,105,7,3,L 1
2015,WAS,2014-11-21,8:00p,,Cleveland Cavaliers,W,,91,78,8,3,W 1
2015,WAS,2014-11-22,8:30p,@,Milwaukee Bucks,W,,111,100,9,3,W 2
2015,WAS,2014-11-25,7:00p,,Atlanta Hawks,L,,102,106,9,4,L 1
2015,WAS,2014-11-26,7:00p,@,Cleveland Cavaliers,L,,87,113,9,5,L 2
2015,WAS,2014-11-29,7:00p,,New Orleans Pelicans,W,,83,80,10,5,W 1
2015,WAS,2014-12-01,7:00p,,Miami Heat,W,,107,86,11,5,W 2
2015,WAS,2014-12-03,7:00p,,Los Angeles Lakers,W,,111,95,12,5,W 3
2015,WAS,2014-12-05,7:00p,,Denver Nuggets,W,,119,89,13,5,W 4
2015,WAS,2014-12-07,1:00p,@,Boston Celtics,L,,93,101,13,6,L 1
2015,WAS,2014-12-08,7:00p,,Boston Celtics,W,2OT,133,132,14,6,W 1
2015,WAS,2014-12-10,7:00p,@,Orlando Magic,W,,91,89,15,6,W 2
2015,WAS,2014-12-12,7:00p,,Los Angeles Clippers,W,,104,96,16,6,W 3
2015,WAS,2014-12-14,6:00p,,Utah Jazz,W,,93,84,17,6,W 4
2015,WAS,2014-12-16,7:00p,,Minnesota Timberwolves,W,,109,95,18,6,W 5
2015,WAS,2014-12-19,7:30p,@,Miami Heat,W,,105,103,19,6,W 6
2015,WAS,2014-12-21,6:00p,,Phoenix Suns,L,,92,104,19,7,L 1
2015,WAS,2014-12-23,7:00p,,Chicago Bulls,L,,91,99,19,8,L 2
2015,WAS,2014-12-25,12:00p,@,New York Knicks,W,,102,91,20,8,W 1
2015,WAS,2014-12-27,7:00p,,Boston Celtics,W,,101,88,21,8,W 2
2015,WAS,2014-12-29,8:00p,@,Houston Rockets,W,,104,103,22,8,W 3
2015,WAS,2014-12-30,8:30p,@,Dallas Mavericks,L,,87,114,22,9,L 1
2015,WAS,2015-01-02,8:00p,@,Oklahoma City Thunder,L,,102,109,22,10,L 2
2015,WAS,2015-01-03,8:30p,@,San Antonio Spurs,L,,92,101,22,11,L 3
2015,WAS,2015-01-05,8:00p,@,New Orleans Pelicans,W,,92,85,23,11,W 1
2015,WAS,2015-01-07,7:00p,,New York Knicks,W,,101,91,24,11,W 2
2015,WAS,2015-01-09,8:00p,,Chicago Bulls,W,,102,86,25,11,W 3
2015,WAS,2015-01-11,3:00p,@,Atlanta Hawks,L,,89,120,25,12,L 1
2015,WAS,2015-01-13,7:00p,,San Antonio Spurs,W,,101,93,26,12,W 1
2015,WAS,2015-01-14,8:00p,@,Chicago Bulls,W,,105,99,27,12,W 2
2015,WAS,2015-01-16,7:00p,,Brooklyn Nets,L,,80,102,27,13,L 1
2015,WAS,2015-01-17,8:00p,@,Brooklyn Nets,W,,99,90,28,13,W 1
2015,WAS,2015-01-19,2:00p,,Philadelphia 76ers,W,,111,76,29,13,W 2
2015,WAS,2015-01-21,8:00p,,Oklahoma City Thunder,L,OT,103,105,29,14,L 1
2015,WAS,2015-01-24,10:00p,@,Portland Trail Blazers,L,,96,103,29,15,L 2
2015,WAS,2015-01-25,8:00p,@,Denver Nuggets,W,OT,117,115,30,15,W 1
2015,WAS,2015-01-27,10:30p,@,Los Angeles Lakers,W,,98,92,31,15,W 2
2015,WAS,2015-01-28,10:30p,@,Phoenix Suns,L,,98,106,31,16,L 1
2015,WAS,2015-01-31,7:00p,,Toronto Raptors,L,OT,116,120,31,17,L 2
2015,WAS,2015-02-02,7:00p,,Charlotte Hornets,L,,88,92,31,18,L 3
2015,WAS,2015-02-04,7:30p,@,Atlanta Hawks,L,,96,105,31,19,L 4
2015,WAS,2015-02-05,7:00p,@,Charlotte Hornets,L,,87,94,31,20,L 5
2015,WAS,2015-02-07,7:00p,,Brooklyn Nets,W,,114,77,32,20,W 1
2015,WAS,2015-02-09,7:00p,,Orlando Magic,W,,96,80,33,20,W 2
2015,WAS,2015-02-11,7:30p,@,Toronto Raptors,L,,93,95,33,21,L 1
2015,WAS,2015-02-20,8:00p,,Cleveland Cavaliers,L,,89,127,33,22,L 2
2015,WAS,2015-02-22,3:30p,@,Detroit Pistons,L,,89,106,33,23,L 3
2015,WAS,2015-02-24,7:00p,,Golden State Warriors,L,,107,114,33,24,L 4
2015,WAS,2015-02-25,8:00p,@,Minnesota Timberwolves,L,,77,97,33,25,L 5
2015,WAS,2015-02-27,7:00p,@,Philadelphia 76ers,L,,81,89,33,26,L 6
2015,WAS,2015-02-28,7:00p,,Detroit Pistons,W,,99,95,34,26,W 1
2015,WAS,2015-03-03,8:00p,@,Chicago Bulls,L,,92,97,34,27,L 1
2015,WAS,2015-03-06,7:00p,,Miami Heat,W,,99,97,35,27,W 1
2015,WAS,2015-03-07,8:30p,@,Milwaukee Bucks,L,,85,91,35,28,L 1
2015,WAS,2015-03-09,7:00p,@,Charlotte Hornets,W,,95,69,36,28,W 1
2015,WAS,2015-03-12,7:00p,,Memphis Grizzlies,W,,107,87,37,28,W 2
2015,WAS,2015-03-14,7:00p,,Sacramento Kings,W,,113,97,38,28,W 3
2015,WAS,2015-03-16,7:00p,,Portland Trail Blazers,W,,105,97,39,28,W 4
2015,WAS,2015-03-18,10:30p,@,Utah Jazz,W,,88,84,40,28,W 5
2015,WAS,2015-03-20,10:30p,@,Los Angeles Clippers,L,,99,113,40,29,L 1
2015,WAS,2015-03-22,6:00p,@,Sacramento Kings,L,,86,109,40,30,L 2
2015,WAS,2015-03-23,10:30p,@,Golden State Warriors,L,,76,107,40,31,L 3
2015,WAS,2015-03-25,7:00p,,Indiana Pacers,L,,101,103,40,32,L 4
2015,WAS,2015-03-27,7:00p,,Charlotte Hornets,W,2OT,110,107,41,32,W 1
2015,WAS,2015-03-29,12:30p,,Houston Rockets,L,,91,99,41,33,L 1
2015,WAS,2015-04-01,7:00p,,Philadelphia 76ers,W,,106,93,42,33,W 1
2015,WAS,2015-04-03,7:00p,,New York Knicks,W,,101,87,43,33,W 2
2015,WAS,2015-04-04,8:00p,@,Memphis Grizzlies,W,,92,83,44,33,W 3
2015,WAS,2015-04-08,7:00p,@,Philadelphia 76ers,W,,119,90,45,33,W 4
2015,WAS,2015-04-10,7:30p,@,Brooklyn Nets,L,,80,117,45,34,L 1
2015,WAS,2015-04-12,6:00p,,Atlanta Hawks,W,,108,99,46,34,W 1
2015,WAS,2015-04-14,8:00p,@,Indiana Pacers,L,2OT,95,99,46,35,L 1
2015,WAS,2015-04-15,8:00p,@,Cleveland Cavaliers,L,OT,108,113,46,36,L 2
2015,WAS,2015-04-18,12:30p,@,Toronto Raptors,W,OT,93,86,1,0,W 1
2015,WAS,2015-04-21,8:00p,@,Toronto Raptors,W,,117,106,2,0,W 2
2015,WAS,2015-04-24,8:00p,,Toronto Raptors,W,,106,99,3,0,W 3
2015,WAS,2015-04-26,6:30p,,Toronto Raptors,W,,125,94,4,0,W 4
2015,WAS,2015-05-03,1:00p,@,Atlanta Hawks,W,,104,98,5,0,W 5
2015,WAS,2015-05-05,8:00p,@,Atlanta Hawks,L,,90,106,5,1,L 1
2015,WAS,2015-05-09,5:00p,,Atlanta Hawks,W,,103,101,6,1,W 1
2015,WAS,2015-05-11,7:00p,,Atlanta Hawks,L,,101,106,6,2,L 1
2015,WAS,2015-05-13,8:00p,@,Atlanta Hawks,L,,81,82,6,3,L 2
2015,WAS,2015-05-15,7:00p,,Atlanta Hawks,L,,91,94,6,4,L 3
2016,ATL,2015-10-27,8:00p,,Detroit Pistons,L,,94,106,0,1,L 1
2016,ATL,2015-10-29,8:00p,@,New York Knicks,W,,112,101,1,1,W 1
2016,ATL,2015-10-30,8:00p,,Charlotte Hornets,W,,97,94,2,1,W 2
2016,ATL,2015-11-01,2:00p,@,Charlotte Hornets,W,,94,92,3,1,W 3
2016,ATL,2015-11-03,7:30p,@,Miami Heat,W,,98,92,4,1,W 4
2016,ATL,2015-11-04,8:00p,,Brooklyn Nets,W,,101,87,5,1,W 5
2016,ATL,2015-11-06,8:00p,@,New Orleans Pelicans,W,,121,115,6,1,W 6
2016,ATL,2015-11-07,7:30p,,Washington Wizards,W,,114,99,7,1,W 7
2016,ATL,2015-11-09,8:00p,,Minnesota Timberwolves,L,,107,117,7,2,L 1
2016,ATL,2015-11-11,8:00p,,New Orleans Pelicans,W,,106,98,8,2,W 1
2016,ATL,2015-11-13,7:30p,@,Boston Celtics,L,,93,106,8,3,L 1
2016,ATL,2015-11-15,6:00p,,Utah Jazz,L,,96,97,8,4,L 2
2016,ATL,2015-11-17,7:30p,@,Brooklyn Nets,L,,88,90,8,5,L 3
2016,ATL,2015-11-18,8:00p,,Sacramento Kings,W,,103,97,9,5,W 1
2016,ATL,2015-11-21,7:30p,@,Cleveland Cavaliers,L,,97,109,9,6,L 1
2016,ATL,2015-11-24,8:00p,,Boston Celtics,W,,121,97,10,6,W 1
2016,ATL,2015-11-25,8:00p,@,Minnesota Timberwolves,L,,95,99,10,7,L 1
2016,ATL,2015-11-27,8:00p,@,Memphis Grizzlies,W,,116,101,11,7,W 1
2016,ATL,2015-11-28,8:30p,@,San Antonio Spurs,L,,88,108,11,8,L 1
2016,ATL,2015-11-30,8:00p,,Oklahoma City Thunder,W,,106,100,12,8,W 1
2016,ATL,2015-12-02,8:00p,,Toronto Raptors,L,,86,96,12,9,L 1
2016,ATL,2015-12-04,8:00p,,Los Angeles Lakers,W,,100,87,13,9,W 1
2016,ATL,2015-12-09,9:30p,@,Dallas Mavericks,W,,98,95,14,9,W 2
2016,ATL,2015-12-10,8:00p,@,Oklahoma City Thunder,L,,94,107,14,10,L 1
2016,ATL,2015-12-12,8:00p,,San Antonio Spurs,L,,78,103,14,11,L 2
2016,ATL,2015-12-14,8:00p,,Miami Heat,L,,88,100,14,12,L 3
2016,ATL,2015-12-16,8:00p,,Philadelphia 76ers,W,,127,106,15,12,W 1
2016,ATL,2015-12-18,7:30p,@,Boston Celtics,W,,109,101,16,12,W 2
2016,ATL,2015-12-20,6:00p,@,Orlando Magic,W,,103,100,17,12,W 3
2016,ATL,2015-12-21,8:00p,,Portland Trail Blazers,W,,106,97,18,12,W 4
2016,ATL,2015-12-23,8:00p,,Detroit Pistons,W,,107,100,19,12,W 5
2016,ATL,2015-12-26,7:30p,,New York Knicks,W,,117,98,20,12,W 6
2016,ATL,2015-12-28,7:00p,@,Indiana Pacers,L,,87,93,20,13,L 1
2016,ATL,2015-12-29,8:00p,@,Houston Rockets,W,,121,115,21,13,W 1
2016,ATL,2016-01-03,3:30p,@,New York Knicks,L,,97,111,21,14,L 1
2016,ATL,2016-01-05,8:00p,,New York Knicks,L,,101,107,21,15,L 2
2016,ATL,2016-01-07,7:00p,@,Philadelphia 76ers,W,,126,98,22,15,W 1
2016,ATL,2016-01-09,5:00p,,Chicago Bulls,W,,120,105,23,15,W 2
2016,ATL,2016-01-13,7:00p,@,Charlotte Hornets,L,,84,107,23,16,L 1
2016,ATL,2016-01-15,8:00p,@,Milwaukee Bucks,L,OT,101,108,23,17,L 2
2016,ATL,2016-01-16,7:30p,,Brooklyn Nets,W,,114,86,24,17,W 1
2016,ATL,2016-01-18,5:00p,,Orlando Magic,W,,98,81,25,17,W 2
2016,ATL,2016-01-20,10:30p,@,Portland Trail Blazers,W,,104,98,26,17,W 3
2016,ATL,2016-01-21,10:00p,@,Sacramento Kings,L,,88,91,26,18,L 1
2016,ATL,2016-01-23,9:00p,@,Phoenix Suns,L,,95,98,26,19,L 2
2016,ATL,2016-01-25,9:00p,@,Denver Nuggets,W,,119,105,27,19,W 1
2016,ATL,2016-01-27,8:00p,,Los Angeles Clippers,L,,83,85,27,20,L 1
2016,ATL,2016-01-28,7:00p,@,Indiana Pacers,L,,92,111,27,21,L 2
2016,ATL,2016-01-31,6:00p,@,Miami Heat,L,,87,105,27,22,L 3
2016,ATL,2016-02-01,8:00p,,Dallas Mavericks,W,,112,97,28,22,W 1
2016,ATL,2016-02-03,7:00p,@,Philadelphia 76ers,W,,124,86,29,22,W 2
2016,ATL,2016-02-05,7:00p,,Indiana Pacers,W,,102,96,30,22,W 3
2016,ATL,2016-02-07,1:00p,@,Orlando Magic,L,,94,96,30,23,L 1
2016,ATL,2016-02-08,8:00p,,Orlando Magic,L,OT,110,117,30,24,L 2
2016,ATL,2016-02-10,8:00p,@,Chicago Bulls,W,,113,90,31,24,W 1
2016,ATL,2016-02-19,8:00p,,Miami Heat,L,,111,115,31,25,L 1
2016,ATL,2016-02-20,7:30p,,Milwaukee Bucks,L,2OT,109,117,31,26,L 2
2016,ATL,2016-02-22,8:00p,,Golden State Warriors,L,,92,102,31,27,L 3
2016,ATL,2016-02-26,8:00p,,Chicago Bulls,W,,103,88,32,27,W 1
2016,ATL,2016-02-28,3:30p,,Charlotte Hornets,W,,87,76,33,27,W 2
2016,ATL,2016-03-01,10:30p,@,Golden State Warriors,L,OT,105,109,33,28,L 1
2016,ATL,2016-03-04,10:30p,@,Los Angeles Lakers,W,,106,77,34,28,W 1
2016,ATL,2016-03-05,10:30p,@,Los Angeles Clippers,W,,107,97,35,28,W 2
2016,ATL,2016-03-08,9:00p,@,Utah Jazz,W,,91,84,36,28,W 3
2016,ATL,2016-03-10,7:30p,@,Toronto Raptors,L,,96,104,36,29,L 1
2016,ATL,2016-03-12,7:30p,,Memphis Grizzlies,W,,95,83,37,29,W 1
2016,ATL,2016-03-13,6:00p,,Indiana Pacers,W,,104,75,38,29,W 2
2016,ATL,2016-03-16,7:30p,@,Detroit Pistons,W,,118,114,39,29,W 3
2016,ATL,2016-03-17,8:00p,,Denver Nuggets,W,,116,98,40,29,W 4
2016,ATL,2016-03-19,7:30p,,Houston Rockets,W,,109,97,41,29,W 5
2016,ATL,2016-03-21,8:00p,,Washington Wizards,L,,102,117,41,30,L 1
2016,ATL,2016-03-23,7:00p,@,Washington Wizards,W,,122,101,42,30,W 1
2016,ATL,2016-03-25,8:00p,,Milwaukee Bucks,W,,101,90,43,30,W 2
2016,ATL,2016-03-26,7:30p,@,Detroit Pistons,W,,112,95,44,30,W 3
2016,ATL,2016-03-28,8:00p,@,Chicago Bulls,W,,102,100,45,30,W 4
2016,ATL,2016-03-30,7:30p,@,Toronto Raptors,L,,97,105,45,31,L 1
2016,ATL,2016-04-01,8:00p,,Cleveland Cavaliers,L,OT,108,110,45,32,L 2
2016,ATL,2016-04-05,8:00p,,Phoenix Suns,W,,103,90,46,32,W 1
2016,ATL,2016-04-07,8:00p,,Toronto Raptors,W,,95,87,47,32,W 2
2016,ATL,2016-04-09,7:30p,,Boston Celtics,W,,118,107,48,32,W 3
2016,ATL,2016-04-11,7:00p,@,Cleveland Cavaliers,L,,94,109,48,33,L 1
2016,ATL,2016-04-13,8:00p,@,Washington Wizards,L,,98,109,48,34,L 2
2016,ATL,2016-04-16,7:00p,,Boston Celtics,W,,102,101,1,0,W 1
2016,ATL,2016-04-19,7:00p,,Boston Celtics,W,,89,72,2,0,W 2
2016,ATL,2016-04-22,8:00p,@,Boston Celtics,L,,103,111,2,1,L 1
2016,ATL,2016-04-24,6:00p,@,Boston Celtics,L,OT,95,104,2,2,L 2
2016,ATL,2016-04-26,8:30p,,Boston Celtics,W,,110,83,3,2,W 1
2016,ATL,2016-04-28,8:00p,@,Boston Celtics,W,,104,92,4,2,W 2
2016,ATL,2016-05-02,7:00p,@,Cleveland Cavaliers,L,,93,104,4,3,L 1
2016,ATL,2016-05-04,8:00p,@,Cleveland Cavaliers,L,,98,123,4,4,L 2
2016,ATL,2016-05-06,7:00p,,Cleveland Cavaliers,L,,108,121,4,5,L 3
2016,ATL,2016-05-08,3:30p,,Cleveland Cavaliers,L,,99,100,4,6,L 4
2016,BOS,2015-10-28,7:30p,,Philadelphia 76ers,W,,112,95,1,0,W 1
2016,BOS,2015-10-30,7:30p,,Toronto Raptors,L,,103,113,1,1,L 1
2016,BOS,2015-11-01,3:30p,,San Antonio Spurs,L,,87,95,1,2,L 2
2016,BOS,2015-11-04,7:00p,@,Indiana Pacers,L,,98,100,1,3,L 3
2016,BOS,2015-11-06,7:30p,,Washington Wizards,W,,118,98,2,3,W 1
2016,BOS,2015-11-10,8:00p,@,Milwaukee Bucks,W,,99,83,3,3,W 2
2016,BOS,2015-11-11,7:30p,,Indiana Pacers,L,,91,102,3,4,L 1
2016,BOS,2015-11-13,7:30p,,Atlanta Hawks,W,,106,93,4,4,W 1
2016,BOS,2015-11-15,7:00p,@,Oklahoma City Thunder,W,,100,85,5,4,W 2
2016,BOS,2015-11-16,8:00p,@,Houston Rockets,W,,111,95,6,4,W 3
2016,BOS,2015-11-18,7:30p,,Dallas Mavericks,L,,102,106,6,5,L 1
2016,BOS,2015-11-20,7:30p,,Brooklyn Nets,W,,120,95,7,5,W 1
2016,BOS,2015-11-22,6:00p,@,Brooklyn Nets,L,,101,111,7,6,L 1
2016,BOS,2015-11-24,8:00p,@,Atlanta Hawks,L,,97,121,7,7,L 2
2016,BOS,2015-11-25,7:30p,,Philadelphia 76ers,W,,84,80,8,7,W 1
2016,BOS,2015-11-27,7:30p,,Washington Wizards,W,,111,78,9,7,W 2
2016,BOS,2015-11-29,6:00p,@,Orlando Magic,L,,91,110,9,8,L 1
2016,BOS,2015-11-30,7:30p,@,Miami Heat,W,,105,95,10,8,W 1
2016,BOS,2015-12-03,10:00p,@,Sacramento Kings,W,,114,97,11,8,W 2
2016,BOS,2015-12-05,8:30p,@,San Antonio Spurs,L,,105,108,11,9,L 1
2016,BOS,2015-12-07,8:00p,@,New Orleans Pelicans,W,,111,93,12,9,W 1
2016,BOS,2015-12-09,7:00p,,Chicago Bulls,W,,105,100,13,9,W 2
2016,BOS,2015-12-11,7:30p,,Golden State Warriors,L,2OT,119,124,13,10,L 1
2016,BOS,2015-12-12,7:00p,@,Charlotte Hornets,W,,98,93,14,10,W 1
2016,BOS,2015-12-15,7:30p,,Cleveland Cavaliers,L,,77,89,14,11,L 1
2016,BOS,2015-12-16,7:30p,@,Detroit Pistons,L,,116,119,14,12,L 2
2016,BOS,2015-12-18,7:30p,,Atlanta Hawks,L,,101,109,14,13,L 3
2016,BOS,2015-12-21,7:30p,,Minnesota Timberwolves,W,,113,99,15,13,W 1
2016,BOS,2015-12-23,7:00p,@,Charlotte Hornets,W,,102,89,16,13,W 2
2016,BOS,2015-12-26,7:30p,@,Detroit Pistons,W,,99,93,17,13,W 3
2016,BOS,2015-12-27,7:00p,,New York Knicks,W,,100,91,18,13,W 4
2016,BOS,2015-12-30,7:30p,,Los Angeles Lakers,L,,104,112,18,14,L 1
2016,BOS,2016-01-02,3:00p,,Brooklyn Nets,L,,97,100,18,15,L 2
2016,BOS,2016-01-04,7:30p,@,Brooklyn Nets,W,,103,94,19,15,W 1
2016,BOS,2016-01-06,7:30p,,Detroit Pistons,L,,94,99,19,16,L 1
2016,BOS,2016-01-07,8:00p,@,Chicago Bulls,L,,92,101,19,17,L 2
2016,BOS,2016-01-10,6:00p,@,Memphis Grizzlies,L,,98,101,19,18,L 3
2016,BOS,2016-01-12,7:30p,@,New York Knicks,L,,114,120,19,19,L 4
2016,BOS,2016-01-13,8:00p,,Indiana Pacers,W,,103,94,20,19,W 1
2016,BOS,2016-01-15,7:30p,,Phoenix Suns,W,,117,103,21,19,W 2
2016,BOS,2016-01-16,7:30p,@,Washington Wizards,W,,119,117,22,19,W 3
2016,BOS,2016-01-18,8:30p,@,Dallas Mavericks,L,OT,113,118,22,20,L 1
2016,BOS,2016-01-20,7:30p,@,Toronto Raptors,L,,109,115,22,21,L 2
2016,BOS,2016-01-22,7:30p,,Chicago Bulls,W,,110,101,23,21,W 1
2016,BOS,2016-01-24,7:00p,@,Philadelphia 76ers,W,,112,92,24,21,W 2
2016,BOS,2016-01-25,7:00p,@,Washington Wizards,W,,116,91,25,21,W 3
2016,BOS,2016-01-27,7:30p,,Denver Nuggets,W,,111,103,26,21,W 4
2016,BOS,2016-01-29,7:30p,,Orlando Magic,W,,113,94,27,21,W 5
2016,BOS,2016-01-31,6:00p,@,Orlando Magic,L,,114,119,27,22,L 1
2016,BOS,2016-02-02,7:30p,@,New York Knicks,W,,97,89,28,22,W 1
2016,BOS,2016-02-03,7:30p,,Detroit Pistons,W,,102,95,29,22,W 2
2016,BOS,2016-02-05,7:30p,@,Cleveland Cavaliers,W,,104,103,30,22,W 3
2016,BOS,2016-02-07,1:00p,,Sacramento Kings,W,,128,119,31,22,W 4
2016,BOS,2016-02-09,8:00p,@,Milwaukee Bucks,L,,111,112,31,23,L 1
2016,BOS,2016-02-10,7:30p,,Los Angeles Clippers,W,OT,139,134,32,23,W 1
2016,BOS,2016-02-19,10:30p,@,Utah Jazz,L,,93,111,32,24,L 1
2016,BOS,2016-02-21,5:00p,@,Denver Nuggets,W,,121,101,33,24,W 1
2016,BOS,2016-02-22,8:00p,@,Minnesota Timberwolves,L,,122,124,33,25,L 1
2016,BOS,2016-02-25,7:30p,,Milwaukee Bucks,W,,112,107,34,25,W 1
2016,BOS,2016-02-27,3:00p,,Miami Heat,W,,101,89,35,25,W 2
2016,BOS,2016-02-29,7:30p,,Utah Jazz,W,,100,95,36,25,W 3
2016,BOS,2016-03-02,7:30p,,Portland Trail Blazers,W,,116,93,37,25,W 4
2016,BOS,2016-03-04,7:30p,,New York Knicks,W,,105,104,38,25,W 5
2016,BOS,2016-03-05,7:00p,@,Cleveland Cavaliers,L,,103,120,38,26,L 1
2016,BOS,2016-03-09,7:00p,,Memphis Grizzlies,W,,116,96,39,26,W 1
2016,BOS,2016-03-11,7:30p,,Houston Rockets,L,,98,102,39,27,L 1
2016,BOS,2016-03-15,7:00p,@,Indiana Pacers,L,,98,103,39,28,L 2
2016,BOS,2016-03-16,7:00p,,Oklahoma City Thunder,L,,109,130,39,29,L 3
2016,BOS,2016-03-18,7:30p,@,Toronto Raptors,L,,91,105,39,30,L 4
2016,BOS,2016-03-20,6:00p,@,Philadelphia 76ers,W,,120,105,40,30,W 1
2016,BOS,2016-03-21,7:30p,,Orlando Magic,W,,107,96,41,30,W 2
2016,BOS,2016-03-23,7:30p,,Toronto Raptors,W,,91,79,42,30,W 3
2016,BOS,2016-03-26,10:00p,@,Phoenix Suns,W,,102,99,43,30,W 4
2016,BOS,2016-03-28,10:30p,@,Los Angeles Clippers,L,,90,114,43,31,L 1
2016,BOS,2016-03-31,10:00p,@,Portland Trail Blazers,L,,109,116,43,32,L 2
2016,BOS,2016-04-01,10:30p,@,Golden State Warriors,W,,109,106,44,32,W 1
2016,BOS,2016-04-03,9:30p,@,Los Angeles Lakers,W,,107,100,45,32,W 2
2016,BOS,2016-04-06,7:30p,,New Orleans Pelicans,W,,104,97,46,32,W 3
2016,BOS,2016-04-08,7:30p,,Milwaukee Bucks,W,,124,109,47,32,W 4
2016,BOS,2016-04-09,7:30p,@,Atlanta Hawks,L,,107,118,47,33,L 1
2016,BOS,2016-04-11,7:30p,,Charlotte Hornets,L,,100,114,47,34,L 2
2016,BOS,2016-04-13,8:00p,,Miami Heat,W,,98,88,48,34,W 1
2016,BOS,2016-04-16,7:00p,@,Atlanta Hawks,L,,101,102,0,1,L 1
2016,BOS,2016-04-19,7:00p,@,Atlanta Hawks,L,,72,89,0,2,L 2
2016,BOS,2016-04-22,8:00p,,Atlanta Hawks,W,,111,103,1,2,W 1
2016,BOS,2016-04-24,6:00p,,Atlanta Hawks,W,OT,104,95,2,2,W 2
2016,BOS,2016-04-26,8:30p,@,Atlanta Hawks,L,,83,110,2,3,L 1
2016,BOS,2016-04-28,8:00p,,Atlanta Hawks,L,,92,104,2,4,L 2
2016,BRK,2015-10-28,7:30p,,Chicago Bulls,L,,100,115,0,1,L 1
2016,BRK,2015-10-30,8:30p,@,San Antonio Spurs,L,,75,102,0,2,L 2
2016,BRK,2015-10-31,8:00p,@,Memphis Grizzlies,L,,91,101,0,3,L 3
2016,BRK,2015-11-02,7:30p,,Milwaukee Bucks,L,,96,103,0,4,L 4
2016,BRK,2015-11-04,8:00p,@,Atlanta Hawks,L,,87,101,0,5,L 5
2016,BRK,2015-11-06,7:30p,,Los Angeles Lakers,L,,98,104,0,6,L 6
2016,BRK,2015-11-07,8:30p,@,Milwaukee Bucks,L,,86,94,0,7,L 7
2016,BRK,2015-11-11,8:00p,@,Houston Rockets,W,,106,98,1,7,W 1
2016,BRK,2015-11-13,10:00p,@,Sacramento Kings,L,,109,111,1,8,L 1
2016,BRK,2015-11-14,10:30p,@,Golden State Warriors,L,OT,99,107,1,9,L 2
2016,BRK,2015-11-17,7:30p,,Atlanta Hawks,W,,90,88,2,9,W 1
2016,BRK,2015-11-18,7:00p,@,Charlotte Hornets,L,,111,116,2,10,L 1
2016,BRK,2015-11-20,7:30p,@,Boston Celtics,L,,95,120,2,11,L 2
2016,BRK,2015-11-22,6:00p,,Boston Celtics,W,,111,101,3,11,W 1
2016,BRK,2015-11-25,8:00p,@,Oklahoma City Thunder,L,,99,110,3,12,L 1
2016,BRK,2015-11-28,7:30p,@,Cleveland Cavaliers,L,,88,90,3,13,L 2
2016,BRK,2015-11-29,6:00p,,Detroit Pistons,W,,87,83,4,13,W 1
2016,BRK,2015-12-01,7:30p,,Phoenix Suns,W,,94,91,5,13,W 2
2016,BRK,2015-12-04,7:00p,@,New York Knicks,L,,91,108,5,14,L 1
2016,BRK,2015-12-06,6:00p,,Golden State Warriors,L,,98,114,5,15,L 2
2016,BRK,2015-12-08,7:30p,,Houston Rockets,W,,110,105,6,15,W 1
2016,BRK,2015-12-10,7:30p,,Philadelphia 76ers,W,,100,91,7,15,W 2
2016,BRK,2015-12-12,5:00p,,Los Angeles Clippers,L,,100,105,7,16,L 1
2016,BRK,2015-12-14,7:30p,,Orlando Magic,L,,82,105,7,17,L 2
2016,BRK,2015-12-16,7:30p,,Miami Heat,L,,98,104,7,18,L 3
2016,BRK,2015-12-18,7:00p,@,Indiana Pacers,L,,97,104,7,19,L 4
2016,BRK,2015-12-20,1:00p,,Minnesota Timberwolves,L,,85,100,7,20,L 5
2016,BRK,2015-12-21,8:00p,@,Chicago Bulls,W,,105,102,8,20,W 1
2016,BRK,2015-12-23,7:30p,,Dallas Mavericks,L,OT,118,119,8,21,L 1
2016,BRK,2015-12-26,4:00p,,Washington Wizards,L,,96,111,8,22,L 2
2016,BRK,2015-12-28,7:30p,@,Miami Heat,W,,111,105,9,22,W 1
2016,BRK,2015-12-30,7:00p,@,Orlando Magic,L,,93,100,9,23,L 1
2016,BRK,2016-01-02,3:00p,@,Boston Celtics,W,,100,97,10,23,W 1
2016,BRK,2016-01-04,7:30p,,Boston Celtics,L,,94,103,10,24,L 1
2016,BRK,2016-01-06,7:30p,,Toronto Raptors,L,,74,91,10,25,L 2
2016,BRK,2016-01-08,7:30p,,Orlando Magic,L,,77,83,10,26,L 3
2016,BRK,2016-01-09,7:30p,@,Detroit Pistons,L,,89,103,10,27,L 4
2016,BRK,2016-01-11,7:30p,,San Antonio Spurs,L,,79,106,10,28,L 5
2016,BRK,2016-01-13,7:30p,,New York Knicks,W,,110,104,11,28,W 1
2016,BRK,2016-01-15,7:30p,,Portland Trail Blazers,L,,104,116,11,29,L 1
2016,BRK,2016-01-16,7:30p,@,Atlanta Hawks,L,,86,114,11,30,L 2
2016,BRK,2016-01-18,7:30p,@,Toronto Raptors,L,,100,112,11,31,L 3
2016,BRK,2016-01-20,7:30p,,Cleveland Cavaliers,L,,78,91,11,32,L 4
2016,BRK,2016-01-22,7:30p,,Utah Jazz,L,,86,108,11,33,L 5
2016,BRK,2016-01-24,7:30p,,Oklahoma City Thunder,W,,116,106,12,33,W 1
2016,BRK,2016-01-26,7:30p,,Miami Heat,L,,98,102,12,34,L 1
2016,BRK,2016-01-29,8:30p,@,Dallas Mavericks,L,,79,91,12,35,L 2
2016,BRK,2016-01-30,7:00p,@,New Orleans Pelicans,L,,103,105,12,36,L 3
2016,BRK,2016-02-01,7:30p,,Detroit Pistons,L,,100,105,12,37,L 4
2016,BRK,2016-02-03,7:30p,,Indiana Pacers,L,,100,114,12,38,L 5
2016,BRK,2016-02-05,7:30p,,Sacramento Kings,W,,128,119,13,38,W 1
2016,BRK,2016-02-06,7:30p,@,Philadelphia 76ers,L,,98,103,13,39,L 1
2016,BRK,2016-02-08,7:30p,,Denver Nuggets,W,,105,104,14,39,W 1
2016,BRK,2016-02-10,7:30p,,Memphis Grizzlies,L,,90,109,14,40,L 1
2016,BRK,2016-02-19,7:30p,,New York Knicks,W,,109,98,15,40,W 1
2016,BRK,2016-02-21,6:00p,,Charlotte Hornets,L,,96,104,15,41,L 1
2016,BRK,2016-02-23,10:00p,@,Portland Trail Blazers,L,,104,112,15,42,L 2
2016,BRK,2016-02-25,9:00p,@,Phoenix Suns,W,,116,106,16,42,W 1
2016,BRK,2016-02-27,9:30p,@,Utah Jazz,W,,98,96,17,42,W 2
2016,BRK,2016-02-29,10:30p,@,Los Angeles Clippers,L,,95,105,17,43,L 1
2016,BRK,2016-03-01,10:30p,@,Los Angeles Lakers,L,,101,107,17,44,L 2
2016,BRK,2016-03-04,9:00p,@,Denver Nuggets,W,OT,121,120,18,44,W 1
2016,BRK,2016-03-05,8:00p,@,Minnesota Timberwolves,L,,118,132,18,45,L 1
2016,BRK,2016-03-08,7:30p,@,Toronto Raptors,L,,99,104,18,46,L 2
2016,BRK,2016-03-11,7:00p,@,Philadelphia 76ers,L,,89,95,18,47,L 3
2016,BRK,2016-03-13,8:00p,,Milwaukee Bucks,L,,100,109,18,48,L 4
2016,BRK,2016-03-15,7:30p,,Philadelphia 76ers,W,,131,114,19,48,W 1
2016,BRK,2016-03-17,8:00p,@,Chicago Bulls,L,,102,118,19,49,L 1
2016,BRK,2016-03-19,7:00p,@,Detroit Pistons,L,,103,115,19,50,L 2
2016,BRK,2016-03-22,7:30p,,Charlotte Hornets,L,,100,105,19,51,L 3
2016,BRK,2016-03-24,7:30p,,Cleveland Cavaliers,W,,104,95,20,51,W 1
2016,BRK,2016-03-26,6:00p,,Indiana Pacers,W,,120,110,21,51,W 2
2016,BRK,2016-03-28,7:30p,@,Miami Heat,L,,99,110,21,52,L 1
2016,BRK,2016-03-29,7:00p,@,Orlando Magic,L,,105,139,21,53,L 2
2016,BRK,2016-03-31,7:00p,@,Cleveland Cavaliers,L,,87,107,21,54,L 3
2016,BRK,2016-04-01,7:30p,@,New York Knicks,L,,91,105,21,55,L 4
2016,BRK,2016-04-03,1:00p,,New Orleans Pelicans,L,,87,106,21,56,L 5
2016,BRK,2016-04-06,7:00p,@,Washington Wizards,L,,103,121,21,57,L 6
2016,BRK,2016-04-08,7:00p,@,Charlotte Hornets,L,,99,113,21,58,L 7
2016,BRK,2016-04-10,6:00p,@,Indiana Pacers,L,,105,129,21,59,L 8
2016,BRK,2016-04-11,7:30p,,Washington Wizards,L,,111,120,21,60,L 9
2016,BRK,2016-04-13,8:00p,,Toronto Raptors,L,,96,103,21,61,L 10
2016,CHI,2015-10-27,8:00p,,Cleveland Cavaliers,W,,97,95,1,0,W 1
2016,CHI,2015-10-28,7:30p,@,Brooklyn Nets,W,,115,100,2,0,W 2
2016,CHI,2015-10-30,7:30p,@,Detroit Pistons,L,OT,94,98,2,1,L 1
2016,CHI,2015-11-01,7:00p,,Orlando Magic,W,,92,87,3,1,W 1
2016,CHI,2015-11-03,7:00p,@,Charlotte Hornets,L,,105,130,3,2,L 1
2016,CHI,2015-11-05,8:00p,,Oklahoma City Thunder,W,,104,98,4,2,W 1
2016,CHI,2015-11-07,6:00p,,Minnesota Timberwolves,L,OT,93,102,4,3,L 1
2016,CHI,2015-11-09,7:00p,@,Philadelphia 76ers,W,,111,88,5,3,W 1
2016,CHI,2015-11-13,8:00p,,Charlotte Hornets,W,,102,97,6,3,W 2
2016,CHI,2015-11-16,8:00p,,Indiana Pacers,W,,96,95,7,3,W 3
2016,CHI,2015-11-18,10:30p,@,Phoenix Suns,W,,103,97,8,3,W 4
2016,CHI,2015-11-20,10:30p,@,Golden State Warriors,L,,94,106,8,4,L 1
2016,CHI,2015-11-24,10:00p,@,Portland Trail Blazers,W,,93,88,9,4,W 1
2016,CHI,2015-11-27,8:00p,@,Indiana Pacers,L,,92,104,9,5,L 1
2016,CHI,2015-11-30,8:00p,,San Antonio Spurs,W,,92,89,10,5,W 1
2016,CHI,2015-12-02,8:00p,,Denver Nuggets,W,,99,90,11,5,W 2
2016,CHI,2015-12-05,8:00p,,Charlotte Hornets,L,,96,102,11,6,L 1
2016,CHI,2015-12-07,8:00p,,Phoenix Suns,L,,101,103,11,7,L 2
2016,CHI,2015-12-09,7:00p,@,Boston Celtics,L,,100,105,11,8,L 3
2016,CHI,2015-12-10,8:00p,,Los Angeles Clippers,W,,83,80,12,8,W 1
2016,CHI,2015-12-12,8:00p,,New Orleans Pelicans,W,,98,94,13,8,W 2
2016,CHI,2015-12-14,8:00p,,Philadelphia 76ers,W,,115,96,14,8,W 3
2016,CHI,2015-12-16,8:00p,,Memphis Grizzlies,W,,98,85,15,8,W 4
2016,CHI,2015-12-18,8:00p,,Detroit Pistons,L,4OT,144,147,15,9,L 1
2016,CHI,2015-12-19,7:30p,@,New York Knicks,L,,91,107,15,10,L 2
2016,CHI,2015-12-21,8:00p,,Brooklyn Nets,L,,102,105,15,11,L 3
2016,CHI,2015-12-25,2:30p,@,Oklahoma City Thunder,W,,105,96,16,11,W 1
2016,CHI,2015-12-26,8:30p,@,Dallas Mavericks,L,,111,118,16,12,L 1
2016,CHI,2015-12-28,8:00p,,Toronto Raptors,W,,104,97,17,12,W 1
2016,CHI,2015-12-30,8:00p,,Indiana Pacers,W,OT,102,100,18,12,W 2
2016,CHI,2016-01-01,8:00p,,New York Knicks,W,,108,81,19,12,W 3
2016,CHI,2016-01-03,3:30p,@,Toronto Raptors,W,,115,113,20,12,W 4
2016,CHI,2016-01-05,8:00p,,Milwaukee Bucks,W,,117,106,21,12,W 5
2016,CHI,2016-01-07,8:00p,,Boston Celtics,W,,101,92,22,12,W 6
2016,CHI,2016-01-09,5:00p,@,Atlanta Hawks,L,,105,120,22,13,L 1
2016,CHI,2016-01-11,8:00p,,Washington Wizards,L,,100,114,22,14,L 2
2016,CHI,2016-01-12,8:00p,@,Milwaukee Bucks,L,,101,106,22,15,L 3
2016,CHI,2016-01-14,7:00p,@,Philadelphia 76ers,W,OT,115,111,23,15,W 1
2016,CHI,2016-01-15,8:00p,,Dallas Mavericks,L,,77,83,23,16,L 1
2016,CHI,2016-01-18,3:30p,@,Detroit Pistons,W,,111,101,24,16,W 1
2016,CHI,2016-01-20,8:00p,,Golden State Warriors,L,,94,125,24,17,L 1
2016,CHI,2016-01-22,7:30p,@,Boston Celtics,L,,101,110,24,18,L 2
2016,CHI,2016-01-23,8:30p,@,Cleveland Cavaliers,W,,96,83,25,18,W 1
2016,CHI,2016-01-25,8:00p,,Miami Heat,L,,84,89,25,19,L 1
2016,CHI,2016-01-28,10:30p,@,Los Angeles Lakers,W,,114,91,26,19,W 1
2016,CHI,2016-01-31,3:30p,@,Los Angeles Clippers,L,,93,120,26,20,L 1
2016,CHI,2016-02-01,9:00p,@,Utah Jazz,L,OT,96,105,26,21,L 2
2016,CHI,2016-02-03,10:00p,@,Sacramento Kings,W,,107,102,27,21,W 1
2016,CHI,2016-02-05,9:00p,@,Denver Nuggets,L,,110,115,27,22,L 1
2016,CHI,2016-02-06,8:00p,@,Minnesota Timberwolves,L,,105,112,27,23,L 2
2016,CHI,2016-02-08,7:00p,@,Charlotte Hornets,L,,91,108,27,24,L 3
2016,CHI,2016-02-10,8:00p,,Atlanta Hawks,L,,90,113,27,25,L 4
2016,CHI,2016-02-18,8:00p,@,Cleveland Cavaliers,L,,95,106,27,26,L 5
2016,CHI,2016-02-19,8:00p,,Toronto Raptors,W,,116,106,28,26,W 1
2016,CHI,2016-02-21,8:00p,,Los Angeles Lakers,W,,126,115,29,26,W 2
2016,CHI,2016-02-24,8:00p,,Washington Wizards,W,,109,104,30,26,W 3
2016,CHI,2016-02-26,8:00p,@,Atlanta Hawks,L,,88,103,30,27,L 1
2016,CHI,2016-02-27,8:00p,,Portland Trail Blazers,L,,95,103,30,28,L 2
2016,CHI,2016-03-01,7:30p,@,Miami Heat,L,,111,129,30,29,L 3
2016,CHI,2016-03-02,7:00p,@,Orlando Magic,L,,89,102,30,30,L 4
2016,CHI,2016-03-05,8:30p,,Houston Rockets,W,,108,100,31,30,W 1
2016,CHI,2016-03-07,8:00p,,Milwaukee Bucks,W,,100,90,32,30,W 2
2016,CHI,2016-03-10,8:00p,@,San Antonio Spurs,L,,101,109,32,31,L 1
2016,CHI,2016-03-11,8:00p,,Miami Heat,L,,96,118,32,32,L 2
2016,CHI,2016-03-14,7:30p,@,Toronto Raptors,W,,109,107,33,32,W 1
2016,CHI,2016-03-16,7:00p,@,Washington Wizards,L,,96,117,33,33,L 1
2016,CHI,2016-03-17,8:00p,,Brooklyn Nets,W,,118,102,34,33,W 1
2016,CHI,2016-03-19,8:00p,,Utah Jazz,W,,92,85,35,33,W 2
2016,CHI,2016-03-21,8:00p,,Sacramento Kings,W,,109,102,36,33,W 3
2016,CHI,2016-03-23,8:00p,,New York Knicks,L,,107,115,36,34,L 1
2016,CHI,2016-03-24,7:30p,@,New York Knicks,L,,94,106,36,35,L 2
2016,CHI,2016-03-26,7:00p,@,Orlando Magic,L,,89,111,36,36,L 3
2016,CHI,2016-03-28,8:00p,,Atlanta Hawks,L,,100,102,36,37,L 4
2016,CHI,2016-03-29,7:00p,@,Indiana Pacers,W,,98,96,37,37,W 1
2016,CHI,2016-03-31,7:00p,@,Houston Rockets,W,,103,100,38,37,W 2
2016,CHI,2016-04-02,8:00p,,Detroit Pistons,L,,90,94,38,38,L 1
2016,CHI,2016-04-03,7:00p,@,Milwaukee Bucks,W,,102,98,39,38,W 1
2016,CHI,2016-04-05,8:00p,@,Memphis Grizzlies,L,,92,108,39,39,L 1
2016,CHI,2016-04-07,8:00p,@,Miami Heat,L,,98,106,39,40,L 2
2016,CHI,2016-04-09,8:30p,,Cleveland Cavaliers,W,,105,102,40,40,W 1
2016,CHI,2016-04-11,8:00p,@,New Orleans Pelicans,W,,121,116,41,40,W 2
2016,CHI,2016-04-13,8:00p,,Philadelphia 76ers,W,,115,105,42,40,W 3
2016,CHO,2015-10-28,7:30p,@,Miami Heat,L,,94,104,0,1,L 1
2016,CHO,2015-10-30,8:00p,@,Atlanta Hawks,L,,94,97,0,2,L 2
2016,CHO,2015-11-01,2:00p,,Atlanta Hawks,L,,92,94,0,3,L 3
2016,CHO,2015-11-03,7:00p,,Chicago Bulls,W,,130,105,1,3,W 1
2016,CHO,2015-11-05,8:30p,@,Dallas Mavericks,W,,108,94,2,3,W 2
2016,CHO,2015-11-07,8:30p,@,San Antonio Spurs,L,,94,114,2,4,L 1
2016,CHO,2015-11-10,8:00p,@,Minnesota Timberwolves,W,,104,95,3,4,W 1
2016,CHO,2015-11-11,7:00p,,New York Knicks,W,,95,93,4,4,W 2
2016,CHO,2015-11-13,8:00p,@,Chicago Bulls,L,,97,102,4,5,L 1
2016,CHO,2015-11-15,5:00p,,Portland Trail Blazers,W,,106,94,5,5,W 1
2016,CHO,2015-11-17,7:30p,@,New York Knicks,L,,94,102,5,6,L 1
2016,CHO,2015-11-18,7:00p,,Brooklyn Nets,W,,116,111,6,6,W 1
2016,CHO,2015-11-20,7:00p,,Philadelphia 76ers,W,,113,88,7,6,W 2
2016,CHO,2015-11-23,7:00p,,Sacramento Kings,W,OT,127,122,8,6,W 3
2016,CHO,2015-11-25,7:00p,,Washington Wizards,W,,101,87,9,6,W 4
2016,CHO,2015-11-27,7:00p,,Cleveland Cavaliers,L,,90,95,9,7,L 1
2016,CHO,2015-11-29,2:00p,,Milwaukee Bucks,W,,87,82,10,7,W 1
2016,CHO,2015-12-02,7:00p,,Golden State Warriors,L,,99,116,10,8,L 1
2016,CHO,2015-12-05,8:00p,@,Chicago Bulls,W,,102,96,11,8,W 1
2016,CHO,2015-12-07,7:00p,,Detroit Pistons,W,,104,84,12,8,W 2
2016,CHO,2015-12-09,7:00p,,Miami Heat,W,,99,81,13,8,W 3
2016,CHO,2015-12-11,8:00p,@,Memphis Grizzlies,W,,123,99,14,8,W 4
2016,CHO,2015-12-12,7:00p,,Boston Celtics,L,,93,98,14,9,L 1
2016,CHO,2015-12-16,7:00p,@,Orlando Magic,L,,98,113,14,10,L 2
2016,CHO,2015-12-17,7:00p,,Toronto Raptors,W,OT,109,99,15,10,W 1
2016,CHO,2015-12-19,7:00p,@,Washington Wizards,L,,101,109,15,11,L 1
2016,CHO,2015-12-21,8:00p,@,Houston Rockets,L,,95,102,15,12,L 2
2016,CHO,2015-12-23,7:00p,,Boston Celtics,L,,89,102,15,13,L 3
2016,CHO,2015-12-26,7:00p,,Memphis Grizzlies,W,,98,92,16,13,W 1
2016,CHO,2015-12-28,7:00p,,Los Angeles Lakers,W,,108,98,17,13,W 2
2016,CHO,2015-12-30,7:00p,,Los Angeles Clippers,L,,117,122,17,14,L 1
2016,CHO,2016-01-01,7:30p,@,Toronto Raptors,L,,94,104,17,15,L 2
2016,CHO,2016-01-02,7:00p,,Oklahoma City Thunder,L,,90,109,17,16,L 3
2016,CHO,2016-01-04,10:30p,@,Golden State Warriors,L,,101,111,17,17,L 4
2016,CHO,2016-01-06,9:00p,@,Phoenix Suns,L,,102,111,17,18,L 5
2016,CHO,2016-01-09,3:30p,@,Los Angeles Clippers,L,,83,97,17,19,L 6
2016,CHO,2016-01-10,8:00p,@,Denver Nuggets,L,,92,95,17,20,L 7
2016,CHO,2016-01-13,7:00p,,Atlanta Hawks,W,,107,84,18,20,W 1
2016,CHO,2016-01-15,8:00p,@,New Orleans Pelicans,L,,107,109,18,21,L 1
2016,CHO,2016-01-16,7:00p,,Milwaukee Bucks,L,,92,105,18,22,L 2
2016,CHO,2016-01-18,2:00p,,Utah Jazz,W,2OT,124,119,19,22,W 1
2016,CHO,2016-01-20,8:00p,@,Oklahoma City Thunder,L,,95,109,19,23,L 1
2016,CHO,2016-01-22,7:00p,@,Orlando Magic,W,OT,120,116,20,23,W 1
2016,CHO,2016-01-23,7:00p,,New York Knicks,W,,97,84,21,23,W 2
2016,CHO,2016-01-25,10:00p,@,Sacramento Kings,W,2OT,129,128,22,23,W 3
2016,CHO,2016-01-27,9:00p,@,Utah Jazz,L,,73,102,22,24,L 1
2016,CHO,2016-01-29,10:00p,@,Portland Trail Blazers,L,,91,109,22,25,L 2
2016,CHO,2016-01-31,9:30p,@,Los Angeles Lakers,W,,101,82,23,25,W 1
2016,CHO,2016-02-03,7:00p,,Cleveland Cavaliers,W,,106,97,24,25,W 2
2016,CHO,2016-02-05,7:00p,,Miami Heat,L,,95,98,24,26,L 1
2016,CHO,2016-02-06,7:00p,,Washington Wizards,W,,108,104,25,26,W 1
2016,CHO,2016-02-08,7:00p,,Chicago Bulls,W,,108,91,26,26,W 2
2016,CHO,2016-02-10,7:00p,@,Indiana Pacers,W,,117,95,27,26,W 3
2016,CHO,2016-02-19,8:00p,@,Milwaukee Bucks,W,,98,95,28,26,W 4
2016,CHO,2016-02-21,6:00p,@,Brooklyn Nets,W,,104,96,29,26,W 5
2016,CHO,2016-02-24,7:00p,@,Cleveland Cavaliers,L,,103,114,29,27,L 1
2016,CHO,2016-02-26,7:00p,@,Indiana Pacers,W,,96,95,30,27,W 1
2016,CHO,2016-02-28,3:30p,@,Atlanta Hawks,L,,76,87,30,28,L 1
2016,CHO,2016-03-01,7:00p,,Phoenix Suns,W,,126,92,31,28,W 1
2016,CHO,2016-03-02,7:00p,@,Philadelphia 76ers,W,,119,99,32,28,W 2
2016,CHO,2016-03-04,7:00p,,Indiana Pacers,W,,108,101,33,28,W 3
2016,CHO,2016-03-07,7:00p,,Minnesota Timberwolves,W,,108,103,34,28,W 4
2016,CHO,2016-03-09,7:00p,,New Orleans Pelicans,W,,122,113,35,28,W 5
2016,CHO,2016-03-11,7:00p,,Detroit Pistons,W,,118,103,36,28,W 6
2016,CHO,2016-03-12,7:00p,,Houston Rockets,W,,125,109,37,28,W 7
2016,CHO,2016-03-14,7:00p,,Dallas Mavericks,L,,96,107,37,29,L 1
2016,CHO,2016-03-16,7:00p,,Orlando Magic,W,,107,99,38,29,W 1
2016,CHO,2016-03-17,7:30p,@,Miami Heat,W,,109,106,39,29,W 2
2016,CHO,2016-03-19,6:00p,,Denver Nuggets,L,,93,101,39,30,L 1
2016,CHO,2016-03-21,7:00p,,San Antonio Spurs,W,,91,88,40,30,W 1
2016,CHO,2016-03-22,7:30p,@,Brooklyn Nets,W,,105,100,41,30,W 2
2016,CHO,2016-03-25,7:30p,@,Detroit Pistons,L,,105,112,41,31,L 1
2016,CHO,2016-03-26,8:30p,@,Milwaukee Bucks,W,,115,91,42,31,W 1
2016,CHO,2016-03-29,7:00p,@,Philadelphia 76ers,W,,100,85,43,31,W 2
2016,CHO,2016-04-01,7:00p,,Philadelphia 76ers,W,,100,91,44,31,W 3
2016,CHO,2016-04-03,3:30p,@,Cleveland Cavaliers,L,,103,112,44,32,L 1
2016,CHO,2016-04-05,7:30p,@,Toronto Raptors,L,,90,96,44,33,L 2
2016,CHO,2016-04-06,7:30p,@,New York Knicks,W,,111,97,45,33,W 1
2016,CHO,2016-04-08,7:00p,,Brooklyn Nets,W,,113,99,46,33,W 2
2016,CHO,2016-04-10,12:00p,@,Washington Wizards,L,,98,113,46,34,L 1
2016,CHO,2016-04-11,7:30p,@,Boston Celtics,W,,114,100,47,34,W 1
2016,CHO,2016-04-13,8:00p,,Orlando Magic,W,,117,103,48,34,W 2
2016,CHO,2016-04-17,5:30p,@,Miami Heat,L,,91,123,0,1,L 1
2016,CHO,2016-04-20,7:00p,@,Miami Heat,L,,103,115,0,2,L 2
2016,CHO,2016-04-23,5:30p,,Miami Heat,W,,96,80,1,2,W 1
2016,CHO,2016-04-25,7:00p,,Miami Heat,W,,89,85,2,2,W 2
2016,CHO,2016-04-27,8:00p,@,Miami Heat,W,,90,88,3,2,W 3
2016,CHO,2016-04-29,8:00p,,Miami Heat,L,,90,97,3,3,L 1
2016,CHO,2016-05-01,1:00p,@,Miami Heat,L,,73,106,3,4,L 2
2016,CLE,2015-10-27,8:00p,@,Chicago Bulls,L,,95,97,0,1,L 1
2016,CLE,2015-10-28,8:00p,@,Memphis Grizzlies,W,,106,76,1,1,W 1
2016,CLE,2015-10-30,7:00p,,Miami Heat,W,,102,92,2,1,W 2
2016,CLE,2015-11-02,7:00p,@,Philadelphia 76ers,W,,107,100,3,1,W 3
2016,CLE,2015-11-04,8:00p,,New York Knicks,W,,96,86,4,1,W 4
2016,CLE,2015-11-06,7:30p,,Philadelphia 76ers,W,,108,102,5,1,W 5
2016,CLE,2015-11-08,3:30p,,Indiana Pacers,W,,101,97,6,1,W 6
2016,CLE,2015-11-10,7:00p,,Utah Jazz,W,,118,114,7,1,W 7
2016,CLE,2015-11-13,7:30p,@,New York Knicks,W,,90,84,8,1,W 8
2016,CLE,2015-11-14,8:30p,@,Milwaukee Bucks,L,2OT,105,108,8,2,L 1
2016,CLE,2015-11-17,7:30p,@,Detroit Pistons,L,,99,104,8,3,L 2
2016,CLE,2015-11-19,8:00p,,Milwaukee Bucks,W,,115,100,9,3,W 1
2016,CLE,2015-11-21,7:30p,,Atlanta Hawks,W,,109,97,10,3,W 2
2016,CLE,2015-11-23,7:00p,,Orlando Magic,W,,117,103,11,3,W 3
2016,CLE,2015-11-25,7:30p,@,Toronto Raptors,L,,99,103,11,4,L 1
2016,CLE,2015-11-27,7:00p,@,Charlotte Hornets,W,,95,90,12,4,W 1
2016,CLE,2015-11-28,7:30p,,Brooklyn Nets,W,,90,88,13,4,W 2
2016,CLE,2015-12-01,7:00p,,Washington Wizards,L,,85,97,13,5,L 1
2016,CLE,2015-12-04,9:30p,@,New Orleans Pelicans,L,OT,108,114,13,6,L 2
2016,CLE,2015-12-05,8:00p,@,Miami Heat,L,,84,99,13,7,L 3
2016,CLE,2015-12-08,7:00p,,Portland Trail Blazers,W,,105,100,14,7,W 1
2016,CLE,2015-12-11,7:00p,@,Orlando Magic,W,,111,76,15,7,W 2
2016,CLE,2015-12-15,7:30p,@,Boston Celtics,W,,89,77,16,7,W 3
2016,CLE,2015-12-17,8:00p,,Oklahoma City Thunder,W,,104,100,17,7,W 4
2016,CLE,2015-12-20,3:30p,,Philadelphia 76ers,W,,108,86,18,7,W 5
2016,CLE,2015-12-23,7:00p,,New York Knicks,W,,91,84,19,7,W 6
2016,CLE,2015-12-25,5:00p,@,Golden State Warriors,L,,83,89,19,8,L 1
2016,CLE,2015-12-26,10:00p,@,Portland Trail Blazers,L,,76,105,19,9,L 2
2016,CLE,2015-12-28,9:00p,@,Phoenix Suns,W,,101,97,20,9,W 1
2016,CLE,2015-12-29,9:00p,@,Denver Nuggets,W,,93,87,21,9,W 2
2016,CLE,2016-01-02,7:30p,,Orlando Magic,W,,104,79,22,9,W 3
2016,CLE,2016-01-04,7:00p,,Toronto Raptors,W,,122,100,23,9,W 4
2016,CLE,2016-01-06,7:00p,@,Washington Wizards,W,,121,115,24,9,W 5
2016,CLE,2016-01-08,8:00p,@,Minnesota Timberwolves,W,,125,99,25,9,W 6
2016,CLE,2016-01-10,6:00p,@,Philadelphia 76ers,W,,95,85,26,9,W 7
2016,CLE,2016-01-12,8:30p,@,Dallas Mavericks,W,OT,110,107,27,9,W 8
2016,CLE,2016-01-14,8:00p,@,San Antonio Spurs,L,,95,99,27,10,L 1
2016,CLE,2016-01-15,9:30p,@,Houston Rockets,W,,91,77,28,10,W 1
2016,CLE,2016-01-18,8:00p,,Golden State Warriors,L,,98,132,28,11,L 1
2016,CLE,2016-01-20,7:30p,@,Brooklyn Nets,W,,91,78,29,11,W 1
2016,CLE,2016-01-21,8:00p,,Los Angeles Clippers,W,,115,102,30,11,W 2
2016,CLE,2016-01-23,8:30p,,Chicago Bulls,L,,83,96,30,12,L 1
2016,CLE,2016-01-25,7:00p,,Minnesota Timberwolves,W,,114,107,31,12,W 1
2016,CLE,2016-01-27,7:00p,,Phoenix Suns,W,,115,93,32,12,W 2
2016,CLE,2016-01-29,7:30p,@,Detroit Pistons,W,,114,106,33,12,W 3
2016,CLE,2016-01-30,8:30p,,San Antonio Spurs,W,,117,103,34,12,W 4
2016,CLE,2016-02-01,7:00p,@,Indiana Pacers,W,OT,111,106,35,12,W 5
2016,CLE,2016-02-03,7:00p,@,Charlotte Hornets,L,,97,106,35,13,L 1
2016,CLE,2016-02-05,7:30p,,Boston Celtics,L,,103,104,35,14,L 2
2016,CLE,2016-02-06,7:30p,,New Orleans Pelicans,W,,99,84,36,14,W 1
2016,CLE,2016-02-08,7:00p,,Sacramento Kings,W,,120,100,37,14,W 2
2016,CLE,2016-02-10,8:00p,,Los Angeles Lakers,W,,120,111,38,14,W 3
2016,CLE,2016-02-18,8:00p,,Chicago Bulls,W,,106,95,39,14,W 4
2016,CLE,2016-02-21,3:30p,@,Oklahoma City Thunder,W,,115,92,40,14,W 5
2016,CLE,2016-02-22,7:00p,,Detroit Pistons,L,,88,96,40,15,L 1
2016,CLE,2016-02-24,7:00p,,Charlotte Hornets,W,,114,103,41,15,W 1
2016,CLE,2016-02-26,7:30p,@,Toronto Raptors,L,,97,99,41,16,L 1
2016,CLE,2016-02-28,1:00p,@,Washington Wizards,L,,99,113,41,17,L 2
2016,CLE,2016-02-29,7:00p,,Indiana Pacers,W,,100,96,42,17,W 1
2016,CLE,2016-03-04,8:00p,,Washington Wizards,W,,108,83,43,17,W 2
2016,CLE,2016-03-05,7:00p,,Boston Celtics,W,,120,103,44,17,W 3
2016,CLE,2016-03-07,7:00p,,Memphis Grizzlies,L,,103,106,44,18,L 1
2016,CLE,2016-03-09,10:00p,@,Sacramento Kings,W,,120,111,45,18,W 1
2016,CLE,2016-03-10,10:30p,@,Los Angeles Lakers,W,,120,108,46,18,W 2
2016,CLE,2016-03-13,3:30p,@,Los Angeles Clippers,W,,114,90,47,18,W 3
2016,CLE,2016-03-14,10:30p,@,Utah Jazz,L,,85,94,47,19,L 1
2016,CLE,2016-03-16,7:00p,,Dallas Mavericks,W,,99,98,48,19,W 1
2016,CLE,2016-03-18,7:00p,@,Orlando Magic,W,,109,103,49,19,W 2
2016,CLE,2016-03-19,7:30p,@,Miami Heat,L,,101,122,49,20,L 1
2016,CLE,2016-03-21,7:00p,,Denver Nuggets,W,,124,91,50,20,W 1
2016,CLE,2016-03-23,7:00p,,Milwaukee Bucks,W,,113,104,51,20,W 2
2016,CLE,2016-03-24,7:30p,@,Brooklyn Nets,L,,95,104,51,21,L 1
2016,CLE,2016-03-26,7:30p,@,New York Knicks,W,,107,93,52,21,W 1
2016,CLE,2016-03-29,8:00p,,Houston Rockets,L,,100,106,52,22,L 1
2016,CLE,2016-03-31,7:00p,,Brooklyn Nets,W,,107,87,53,22,W 1
2016,CLE,2016-04-01,8:00p,@,Atlanta Hawks,W,OT,110,108,54,22,W 2
2016,CLE,2016-04-03,3:30p,,Charlotte Hornets,W,,112,103,55,22,W 3
2016,CLE,2016-04-05,8:00p,@,Milwaukee Bucks,W,,109,80,56,22,W 4
2016,CLE,2016-04-06,7:00p,@,Indiana Pacers,L,,109,123,56,23,L 1
2016,CLE,2016-04-09,8:30p,@,Chicago Bulls,L,,102,105,56,24,L 2
2016,CLE,2016-04-11,7:00p,,Atlanta Hawks,W,,109,94,57,24,W 1
2016,CLE,2016-04-13,8:00p,,Detroit Pistons,L,OT,110,112,57,25,L 1
2016,CLE,2016-04-17,3:00p,,Detroit Pistons,W,,106,101,1,0,W 1
2016,CLE,2016-04-20,8:00p,,Detroit Pistons,W,,107,90,2,0,W 2
2016,CLE,2016-04-22,7:00p,@,Detroit Pistons,W,,101,91,3,0,W 3
2016,CLE,2016-04-24,8:30p,@,Detroit Pistons,W,,100,98,4,0,W 4
2016,CLE,2016-05-02,7:00p,,Atlanta Hawks,W,,104,93,5,0,W 5
2016,CLE,2016-05-04,8:00p,,Atlanta Hawks,W,,123,98,6,0,W 6
2016,CLE,2016-05-06,7:00p,@,Atlanta Hawks,W,,121,108,7,0,W 7
2016,CLE,2016-05-08,3:30p,@,Atlanta Hawks,W,,100,99,8,0,W 8
2016,CLE,2016-05-17,8:30p,,Toronto Raptors,W,,115,84,9,0,W 9
2016,CLE,2016-05-19,8:30p,,Toronto Raptors,W,,108,89,10,0,W 10
2016,CLE,2016-05-21,8:30p,@,Toronto Raptors,L,,84,99,10,1,L 1
2016,CLE,2016-05-23,8:30p,@,Toronto Raptors,L,,99,105,10,2,L 2
2016,CLE,2016-05-25,8:30p,,Toronto Raptors,W,,116,78,11,2,W 1
2016,CLE,2016-05-27,8:30p,@,Toronto Raptors,W,,113,87,12,2,W 2
2016,CLE,2016-06-02,9:00p,@,Golden State Warriors,L,,89,104,12,3,L 1
2016,CLE,2016-06-05,8:00p,@,Golden State Warriors,L,,77,110,12,4,L 2
2016,CLE,2016-06-08,9:00p,,Golden State Warriors,W,,120,90,13,4,W 1
2016,CLE,2016-06-10,9:00p,,Golden State Warriors,L,,97,108,13,5,L 1
2016,CLE,2016-06-13,9:00p,@,Golden State Warriors,W,,112,97,14,5,W 1
2016,CLE,2016-06-16,9:00p,,Golden State Warriors,W,,115,101,15,5,W 2
2016,CLE,2016-06-19,8:00p,@,Golden State Warriors,W,,93,89,16,5,W 3
2016,DAL,2015-10-28,10:00p,@,Phoenix Suns,W,,111,95,1,0,W 1
2016,DAL,2015-10-29,10:30p,@,Los Angeles Clippers,L,,88,104,1,1,L 1
2016,DAL,2015-11-01,9:30p,@,Los Angeles Lakers,W,,103,93,2,1,W 1
2016,DAL,2015-11-03,8:30p,,Toronto Raptors,L,,91,102,2,2,L 1
2016,DAL,2015-11-05,8:30p,,Charlotte Hornets,L,,94,108,2,3,L 2
2016,DAL,2015-11-07,8:30p,,New Orleans Pelicans,W,,107,98,3,3,W 1
2016,DAL,2015-11-10,8:00p,@,New Orleans Pelicans,L,,105,120,3,4,L 1
2016,DAL,2015-11-11,8:00p,,Los Angeles Clippers,W,,118,108,4,4,W 1
2016,DAL,2015-11-13,8:30p,,Los Angeles Lakers,W,,90,82,5,4,W 2
2016,DAL,2015-11-14,8:00p,@,Houston Rockets,W,,110,98,6,4,W 3
2016,DAL,2015-11-16,7:00p,@,Philadelphia 76ers,W,,92,86,7,4,W 4
2016,DAL,2015-11-18,7:30p,@,Boston Celtics,W,,106,102,8,4,W 5
2016,DAL,2015-11-20,8:30p,,Utah Jazz,W,,102,93,9,4,W 6
2016,DAL,2015-11-22,7:00p,@,Oklahoma City Thunder,L,,114,117,9,5,L 1
2016,DAL,2015-11-24,8:00p,@,Memphis Grizzlies,L,,96,110,9,6,L 2
2016,DAL,2015-11-25,8:30p,@,San Antonio Spurs,L,,83,88,9,7,L 3
2016,DAL,2015-11-28,8:30p,,Denver Nuggets,W,,92,81,10,7,W 1
2016,DAL,2015-11-30,10:00p,@,Sacramento Kings,L,,98,112,10,8,L 1
2016,DAL,2015-12-01,10:00p,@,Portland Trail Blazers,W,OT,115,112,11,8,W 1
2016,DAL,2015-12-04,8:30p,,Houston Rockets,L,,96,100,11,9,L 1
2016,DAL,2015-12-06,6:00p,@,Washington Wizards,W,,116,104,12,9,W 1
2016,DAL,2015-12-07,7:30p,@,New York Knicks,W,,104,97,13,9,W 2
2016,DAL,2015-12-09,9:30p,,Atlanta Hawks,L,,95,98,13,10,L 1
2016,DAL,2015-12-12,8:30p,,Washington Wizards,L,,111,114,13,11,L 2
2016,DAL,2015-12-14,8:30p,,Phoenix Suns,W,,104,94,14,11,W 1
2016,DAL,2015-12-16,7:00p,@,Indiana Pacers,L,,81,107,14,12,L 1
2016,DAL,2015-12-18,8:30p,,Memphis Grizzlies,W,,97,88,15,12,W 1
2016,DAL,2015-12-22,7:30p,@,Toronto Raptors,L,,99,103,15,13,L 1
2016,DAL,2015-12-23,7:30p,@,Brooklyn Nets,W,OT,119,118,16,13,W 1
2016,DAL,2015-12-26,8:30p,,Chicago Bulls,W,,118,111,17,13,W 2
2016,DAL,2015-12-28,8:30p,,Milwaukee Bucks,W,,103,93,18,13,W 3
2016,DAL,2015-12-30,8:30p,,Golden State Warriors,W,,114,91,19,13,W 4
2016,DAL,2016-01-01,7:30p,@,Miami Heat,L,,82,106,19,14,L 1
2016,DAL,2016-01-02,8:30p,,New Orleans Pelicans,L,,98,105,19,15,L 2
2016,DAL,2016-01-05,8:30p,,Sacramento Kings,W,2OT,117,116,20,15,W 1
2016,DAL,2016-01-06,8:00p,@,New Orleans Pelicans,W,,100,91,21,15,W 2
2016,DAL,2016-01-08,8:00p,@,Milwaukee Bucks,L,,95,96,21,16,L 1
2016,DAL,2016-01-10,5:00p,@,Minnesota Timberwolves,W,,93,87,22,16,W 1
2016,DAL,2016-01-12,8:30p,,Cleveland Cavaliers,L,OT,107,110,22,17,L 1
2016,DAL,2016-01-13,8:00p,@,Oklahoma City Thunder,L,,89,108,22,18,L 2
2016,DAL,2016-01-15,8:00p,@,Chicago Bulls,W,,83,77,23,18,W 1
2016,DAL,2016-01-17,7:00p,@,San Antonio Spurs,L,,83,112,23,19,L 1
2016,DAL,2016-01-18,8:30p,,Boston Celtics,W,OT,118,113,24,19,W 1
2016,DAL,2016-01-20,8:30p,,Minnesota Timberwolves,W,OT,106,94,25,19,W 2
2016,DAL,2016-01-22,8:30p,,Oklahoma City Thunder,L,,106,109,25,20,L 1
2016,DAL,2016-01-24,3:30p,@,Houston Rockets,L,,104,115,25,21,L 2
2016,DAL,2016-01-26,10:30p,@,Los Angeles Lakers,W,,92,90,26,21,W 1
2016,DAL,2016-01-27,10:30p,@,Golden State Warriors,L,,107,127,26,22,L 1
2016,DAL,2016-01-29,8:30p,,Brooklyn Nets,W,,91,79,27,22,W 1
2016,DAL,2016-01-31,7:00p,,Phoenix Suns,W,,91,78,28,22,W 2
2016,DAL,2016-02-01,8:00p,@,Atlanta Hawks,L,,97,112,28,23,L 1
2016,DAL,2016-02-03,8:30p,,Miami Heat,L,,90,93,28,24,L 2
2016,DAL,2016-02-05,9:30p,,San Antonio Spurs,L,,90,116,28,25,L 3
2016,DAL,2016-02-06,8:00p,@,Memphis Grizzlies,W,OT,114,110,29,25,W 1
2016,DAL,2016-02-09,8:30p,,Utah Jazz,L,OT,119,121,29,26,L 1
2016,DAL,2016-02-19,7:00p,@,Orlando Magic,L,OT,104,110,29,27,L 2
2016,DAL,2016-02-21,7:00p,,Philadelphia 76ers,W,,129,103,30,27,W 1
2016,DAL,2016-02-24,8:30p,,Oklahoma City Thunder,L,,103,116,30,28,L 1
2016,DAL,2016-02-26,8:30p,,Denver Nuggets,W,OT,122,116,31,28,W 1
2016,DAL,2016-02-28,7:00p,,Minnesota Timberwolves,W,,128,101,32,28,W 2
2016,DAL,2016-03-01,8:30p,,Orlando Magic,W,,121,108,33,28,W 3
2016,DAL,2016-03-03,8:30p,,Sacramento Kings,L,,101,104,33,29,L 1
2016,DAL,2016-03-06,5:00p,@,Denver Nuggets,L,OT,114,116,33,30,L 2
2016,DAL,2016-03-07,8:30p,,Los Angeles Clippers,L,,90,109,33,31,L 3
2016,DAL,2016-03-09,8:30p,,Detroit Pistons,L,,96,102,33,32,L 4
2016,DAL,2016-03-12,2:00p,,Indiana Pacers,L,,105,112,33,33,L 5
2016,DAL,2016-03-14,7:00p,@,Charlotte Hornets,W,,107,96,34,33,W 1
2016,DAL,2016-03-16,7:00p,@,Cleveland Cavaliers,L,,98,99,34,34,L 1
2016,DAL,2016-03-18,8:30p,,Golden State Warriors,L,,112,130,34,35,L 2
2016,DAL,2016-03-20,4:00p,,Portland Trail Blazers,W,OT,132,120,35,35,W 1
2016,DAL,2016-03-23,10:00p,@,Portland Trail Blazers,L,,103,109,35,36,L 1
2016,DAL,2016-03-25,10:30p,@,Golden State Warriors,L,,120,128,35,37,L 2
2016,DAL,2016-03-27,6:00p,@,Sacramento Kings,L,,111,133,35,38,L 3
2016,DAL,2016-03-28,9:00p,@,Denver Nuggets,W,,97,88,36,38,W 1
2016,DAL,2016-03-30,8:30p,,New York Knicks,W,,91,89,37,38,W 2
2016,DAL,2016-04-01,7:30p,@,Detroit Pistons,W,,98,89,38,38,W 3
2016,DAL,2016-04-03,3:30p,@,Minnesota Timberwolves,W,,88,78,39,38,W 4
2016,DAL,2016-04-06,9:30p,,Houston Rockets,W,,88,86,40,38,W 5
2016,DAL,2016-04-08,8:30p,,Memphis Grizzlies,W,,103,93,41,38,W 6
2016,DAL,2016-04-10,3:30p,@,Los Angeles Clippers,L,,91,98,41,39,L 1
2016,DAL,2016-04-11,9:00p,@,Utah Jazz,W,,101,92,42,39,W 1
2016,DAL,2016-04-13,8:00p,,San Antonio Spurs,L,,91,96,42,40,L 1
2016,DAL,2016-04-16,9:30p,@,Oklahoma City Thunder,L,,70,108,0,1,L 1
2016,DAL,2016-04-18,8:00p,@,Oklahoma City Thunder,W,,85,84,1,1,W 1
2016,DAL,2016-04-21,7:00p,,Oklahoma City Thunder,L,,102,131,1,2,L 1
2016,DAL,2016-04-23,8:00p,,Oklahoma City Thunder,L,,108,119,1,3,L 2
2016,DAL,2016-04-25,8:00p,@,Oklahoma City Thunder,L,,104,118,1,4,L 3
2016,DEN,2015-10-28,8:00p,@,Houston Rockets,W,,105,85,1,0,W 1
2016,DEN,2015-10-30,9:00p,,Minnesota Timberwolves,L,,78,95,1,1,L 1
2016,DEN,2015-11-01,7:00p,@,Oklahoma City Thunder,L,,93,117,1,2,L 2
2016,DEN,2015-11-03,10:30p,@,Los Angeles Lakers,W,,120,109,2,2,W 1
2016,DEN,2015-11-05,9:00p,,Utah Jazz,L,,84,96,2,3,L 1
2016,DEN,2015-11-06,10:30p,@,Golden State Warriors,L,,104,119,2,4,L 2
2016,DEN,2015-11-09,9:00p,,Portland Trail Blazers,W,,108,104,3,4,W 1
2016,DEN,2015-11-11,9:00p,,Milwaukee Bucks,W,,103,102,4,4,W 2
2016,DEN,2015-11-13,9:00p,,Houston Rockets,W,,107,98,5,4,W 3
2016,DEN,2015-11-14,9:00p,@,Phoenix Suns,L,,81,105,5,5,L 1
2016,DEN,2015-11-17,8:00p,@,New Orleans Pelicans,W,,115,98,6,5,W 1
2016,DEN,2015-11-18,8:30p,@,San Antonio Spurs,L,,98,109,6,6,L 1
2016,DEN,2015-11-20,9:00p,,Phoenix Suns,L,,107,114,6,7,L 2
2016,DEN,2015-11-22,8:00p,,Golden State Warriors,L,,105,118,6,8,L 3
2016,DEN,2015-11-24,9:00p,,Los Angeles Clippers,L,,94,111,6,9,L 4
2016,DEN,2015-11-27,9:00p,,San Antonio Spurs,L,,80,91,6,10,L 5
2016,DEN,2015-11-28,8:30p,@,Dallas Mavericks,L,,81,92,6,11,L 6
2016,DEN,2015-11-30,8:00p,@,Milwaukee Bucks,L,,74,92,6,12,L 7
2016,DEN,2015-12-02,8:00p,@,Chicago Bulls,L,,90,99,6,13,L 8
2016,DEN,2015-12-03,7:30p,@,Toronto Raptors,W,,106,105,7,13,W 1
2016,DEN,2015-12-05,1:00p,@,Philadelphia 76ers,W,,108,105,8,13,W 2
2016,DEN,2015-12-08,9:00p,,Orlando Magic,L,,74,85,8,14,L 1
2016,DEN,2015-12-11,9:00p,,Minnesota Timberwolves,W,OT,111,108,9,14,W 1
2016,DEN,2015-12-14,9:00p,,Houston Rockets,W,,114,108,10,14,W 2
2016,DEN,2015-12-15,8:00p,@,Minnesota Timberwolves,W,,112,100,11,14,W 3
2016,DEN,2015-12-18,9:00p,@,Utah Jazz,L,,88,97,11,15,L 1
2016,DEN,2015-12-20,8:00p,,New Orleans Pelicans,L,,125,130,11,16,L 2
2016,DEN,2015-12-22,9:00p,,Los Angeles Lakers,L,,107,111,11,17,L 3
2016,DEN,2015-12-23,9:00p,@,Phoenix Suns,W,,104,96,12,17,W 1
2016,DEN,2015-12-26,8:30p,@,San Antonio Spurs,L,,86,101,12,18,L 1
2016,DEN,2015-12-27,7:00p,@,Oklahoma City Thunder,L,,112,122,12,19,L 2
2016,DEN,2015-12-29,9:00p,,Cleveland Cavaliers,L,,87,93,12,20,L 3
2016,DEN,2015-12-30,10:00p,@,Portland Trail Blazers,L,,103,110,12,21,L 4
2016,DEN,2016-01-02,10:30p,@,Golden State Warriors,L,OT,108,111,12,22,L 5
2016,DEN,2016-01-03,9:00p,,Portland Trail Blazers,L,,106,112,12,23,L 6
2016,DEN,2016-01-06,8:00p,@,Minnesota Timberwolves,W,,78,74,13,23,W 1
2016,DEN,2016-01-08,8:00p,@,Memphis Grizzlies,L,,84,91,13,24,L 1
2016,DEN,2016-01-10,8:00p,,Charlotte Hornets,W,,95,92,14,24,W 1
2016,DEN,2016-01-13,9:00p,,Golden State Warriors,W,,112,110,15,24,W 2
2016,DEN,2016-01-15,9:00p,,Miami Heat,L,,95,98,15,25,L 1
2016,DEN,2016-01-17,8:00p,,Indiana Pacers,W,,129,126,16,25,W 1
2016,DEN,2016-01-19,9:00p,,Oklahoma City Thunder,L,,104,110,16,26,L 1
2016,DEN,2016-01-21,9:00p,,Memphis Grizzlies,L,,101,102,16,27,L 2
2016,DEN,2016-01-23,9:30p,,Detroit Pistons,W,,104,101,17,27,W 1
2016,DEN,2016-01-25,9:00p,,Atlanta Hawks,L,,105,119,17,28,L 1
2016,DEN,2016-01-27,7:30p,@,Boston Celtics,L,,103,111,17,29,L 2
2016,DEN,2016-01-28,7:00p,@,Washington Wizards,W,,117,113,18,29,W 1
2016,DEN,2016-01-30,7:00p,@,Indiana Pacers,L,OT,105,109,18,30,L 1
2016,DEN,2016-02-01,9:00p,,Toronto Raptors,W,,112,93,19,30,W 1
2016,DEN,2016-02-03,9:00p,@,Utah Jazz,L,,81,85,19,31,L 1
2016,DEN,2016-02-05,9:00p,,Chicago Bulls,W,,115,110,20,31,W 1
2016,DEN,2016-02-07,1:00p,@,New York Knicks,W,,101,96,21,31,W 2
2016,DEN,2016-02-08,7:30p,@,Brooklyn Nets,L,,104,105,21,32,L 1
2016,DEN,2016-02-10,7:30p,@,Detroit Pistons,W,,103,92,22,32,W 1
2016,DEN,2016-02-19,10:00p,@,Sacramento Kings,L,,110,116,22,33,L 1
2016,DEN,2016-02-21,5:00p,,Boston Celtics,L,,101,121,22,34,L 2
2016,DEN,2016-02-23,9:00p,,Sacramento Kings,L,,110,114,22,35,L 3
2016,DEN,2016-02-24,10:30p,@,Los Angeles Clippers,W,,87,81,23,35,W 1
2016,DEN,2016-02-26,8:30p,@,Dallas Mavericks,L,OT,116,122,23,36,L 1
2016,DEN,2016-02-29,9:00p,,Memphis Grizzlies,L,,96,103,23,37,L 2
2016,DEN,2016-03-02,9:00p,,Los Angeles Lakers,W,,117,107,24,37,W 1
2016,DEN,2016-03-04,9:00p,,Brooklyn Nets,L,OT,120,121,24,38,L 1
2016,DEN,2016-03-06,5:00p,,Dallas Mavericks,W,OT,116,114,25,38,W 1
2016,DEN,2016-03-08,9:00p,,New York Knicks,W,,110,94,26,38,W 2
2016,DEN,2016-03-10,9:00p,,Phoenix Suns,W,,116,98,27,38,W 3
2016,DEN,2016-03-12,9:30p,,Washington Wizards,W,,116,100,28,38,W 4
2016,DEN,2016-03-14,7:30p,@,Miami Heat,L,,119,124,28,39,L 1
2016,DEN,2016-03-15,7:00p,@,Orlando Magic,L,,110,116,28,40,L 2
2016,DEN,2016-03-17,8:00p,@,Atlanta Hawks,L,,98,116,28,41,L 3
2016,DEN,2016-03-19,6:00p,@,Charlotte Hornets,W,,101,93,29,41,W 1
2016,DEN,2016-03-21,7:00p,@,Cleveland Cavaliers,L,,91,124,29,42,L 1
2016,DEN,2016-03-23,9:00p,,Philadelphia 76ers,W,,104,103,30,42,W 1
2016,DEN,2016-03-25,10:30p,@,Los Angeles Lakers,W,,116,105,31,42,W 2
2016,DEN,2016-03-27,3:30p,@,Los Angeles Clippers,L,,90,105,31,43,L 1
2016,DEN,2016-03-28,9:00p,,Dallas Mavericks,L,,88,97,31,44,L 2
2016,DEN,2016-03-30,8:00p,@,Memphis Grizzlies,W,,109,105,32,44,W 1
2016,DEN,2016-03-31,8:00p,@,New Orleans Pelicans,L,,95,101,32,45,L 1
2016,DEN,2016-04-02,9:00p,,Sacramento Kings,L,,106,115,32,46,L 2
2016,DEN,2016-04-05,9:00p,,Oklahoma City Thunder,L,,102,124,32,47,L 3
2016,DEN,2016-04-08,9:00p,,San Antonio Spurs,W,,102,98,33,47,W 1
2016,DEN,2016-04-10,5:00p,,Utah Jazz,L,,84,100,33,48,L 1
2016,DEN,2016-04-13,10:30p,@,Portland Trail Blazers,L,,99,107,33,49,L 2
2016,DET,2015-10-27,8:00p,@,Atlanta Hawks,W,,106,94,1,0,W 1
2016,DET,2015-10-28,7:30p,,Utah Jazz,W,,92,87,2,0,W 2
2016,DET,2015-10-30,7:30p,,Chicago Bulls,W,OT,98,94,3,0,W 3
2016,DET,2015-11-03,7:30p,,Indiana Pacers,L,,82,94,3,1,L 1
2016,DET,2015-11-06,9:30p,@,Phoenix Suns,W,,100,92,4,1,W 1
2016,DET,2015-11-08,9:00p,@,Portland Trail Blazers,W,,120,103,5,1,W 2
2016,DET,2015-11-09,10:30p,@,Golden State Warriors,L,,95,109,5,2,L 1
2016,DET,2015-11-11,10:00p,@,Sacramento Kings,L,,92,101,5,3,L 2
2016,DET,2015-11-14,3:30p,@,Los Angeles Clippers,L,,96,101,5,4,L 3
2016,DET,2015-11-15,9:30p,@,Los Angeles Lakers,L,,85,97,5,5,L 4
2016,DET,2015-11-17,7:30p,,Cleveland Cavaliers,W,,104,99,6,5,W 1
2016,DET,2015-11-20,8:00p,@,Minnesota Timberwolves,W,,96,86,7,5,W 2
2016,DET,2015-11-21,7:30p,,Washington Wizards,L,,95,97,7,6,L 1
2016,DET,2015-11-23,8:00p,@,Milwaukee Bucks,L,,88,109,7,7,L 2
2016,DET,2015-11-25,7:30p,,Miami Heat,W,,104,81,8,7,W 1
2016,DET,2015-11-27,8:00p,@,Oklahoma City Thunder,L,,87,103,8,8,L 1
2016,DET,2015-11-29,6:00p,@,Brooklyn Nets,L,,83,87,8,9,L 2
2016,DET,2015-11-30,7:30p,,Houston Rockets,W,,116,105,9,9,W 1
2016,DET,2015-12-02,7:30p,,Phoenix Suns,W,OT,127,122,10,9,W 2
2016,DET,2015-12-04,7:30p,,Milwaukee Bucks,W,,102,95,11,9,W 3
2016,DET,2015-12-06,6:00p,,Los Angeles Lakers,W,,111,91,12,9,W 4
2016,DET,2015-12-07,7:00p,@,Charlotte Hornets,L,,84,104,12,10,L 1
2016,DET,2015-12-09,7:30p,,Memphis Grizzlies,L,,92,93,12,11,L 2
2016,DET,2015-12-11,7:00p,@,Philadelphia 76ers,W,,107,95,13,11,W 1
2016,DET,2015-12-12,7:30p,,Indiana Pacers,W,,118,96,14,11,W 2
2016,DET,2015-12-14,7:30p,,Los Angeles Clippers,L,OT,103,105,14,12,L 1
2016,DET,2015-12-16,7:30p,,Boston Celtics,W,,119,116,15,12,W 1
2016,DET,2015-12-18,8:00p,@,Chicago Bulls,W,4OT,147,144,16,12,W 2
2016,DET,2015-12-22,7:30p,@,Miami Heat,W,,93,92,17,12,W 3
2016,DET,2015-12-23,8:00p,@,Atlanta Hawks,L,,100,107,17,13,L 1
2016,DET,2015-12-26,7:30p,,Boston Celtics,L,,93,99,17,14,L 2
2016,DET,2015-12-29,7:30p,@,New York Knicks,L,,96,108,17,15,L 3
2016,DET,2015-12-31,6:00p,,Minnesota Timberwolves,W,,115,90,18,15,W 1
2016,DET,2016-01-02,7:00p,@,Indiana Pacers,L,,82,94,18,16,L 1
2016,DET,2016-01-04,7:30p,,Orlando Magic,W,,115,89,19,16,W 1
2016,DET,2016-01-06,7:30p,@,Boston Celtics,W,,99,94,20,16,W 2
2016,DET,2016-01-09,7:30p,,Brooklyn Nets,W,,103,89,21,16,W 3
2016,DET,2016-01-12,7:30p,,San Antonio Spurs,L,,99,109,21,17,L 1
2016,DET,2016-01-14,8:00p,@,Memphis Grizzlies,L,,101,103,21,18,L 2
2016,DET,2016-01-16,7:30p,,Golden State Warriors,W,,113,95,22,18,W 1
2016,DET,2016-01-18,3:30p,,Chicago Bulls,L,,101,111,22,19,L 1
2016,DET,2016-01-20,8:00p,@,Houston Rockets,W,,123,114,23,19,W 1
2016,DET,2016-01-21,8:00p,@,New Orleans Pelicans,L,,99,115,23,20,L 1
2016,DET,2016-01-23,9:30p,@,Denver Nuggets,L,,101,104,23,21,L 2
2016,DET,2016-01-25,9:00p,@,Utah Jazz,W,,95,92,24,21,W 1
2016,DET,2016-01-27,7:30p,,Philadelphia 76ers,W,,110,97,25,21,W 2
2016,DET,2016-01-29,7:30p,,Cleveland Cavaliers,L,,106,114,25,22,L 1
2016,DET,2016-01-30,6:30p,@,Toronto Raptors,L,,107,111,25,23,L 2
2016,DET,2016-02-01,7:30p,@,Brooklyn Nets,W,,105,100,26,23,W 1
2016,DET,2016-02-03,7:30p,@,Boston Celtics,L,,95,102,26,24,L 1
2016,DET,2016-02-04,7:00p,,New York Knicks,W,,111,105,27,24,W 1
2016,DET,2016-02-06,7:00p,@,Indiana Pacers,L,,104,112,27,25,L 1
2016,DET,2016-02-08,7:30p,,Toronto Raptors,L,,89,103,27,26,L 2
2016,DET,2016-02-10,7:30p,,Denver Nuggets,L,,92,103,27,27,L 3
2016,DET,2016-02-19,7:00p,@,Washington Wizards,L,,86,98,27,28,L 4
2016,DET,2016-02-21,3:30p,,New Orleans Pelicans,L,,106,111,27,29,L 5
2016,DET,2016-02-22,7:00p,@,Cleveland Cavaliers,W,,96,88,28,29,W 1
2016,DET,2016-02-24,7:30p,,Philadelphia 76ers,W,,111,91,29,29,W 2
2016,DET,2016-02-27,8:30p,@,Milwaukee Bucks,W,,102,91,30,29,W 3
2016,DET,2016-02-28,6:00p,,Toronto Raptors,W,,114,101,31,29,W 4
2016,DET,2016-03-02,8:00p,@,San Antonio Spurs,L,,81,97,31,30,L 1
2016,DET,2016-03-05,7:00p,@,New York Knicks,L,,89,102,31,31,L 2
2016,DET,2016-03-06,6:00p,,Portland Trail Blazers,W,,123,103,32,31,W 1
2016,DET,2016-03-09,8:30p,@,Dallas Mavericks,W,,102,96,33,31,W 2
2016,DET,2016-03-11,7:00p,@,Charlotte Hornets,L,,103,118,33,32,L 1
2016,DET,2016-03-12,7:00p,@,Philadelphia 76ers,W,,125,111,34,32,W 1
2016,DET,2016-03-14,8:00p,@,Washington Wizards,L,,81,124,34,33,L 1
2016,DET,2016-03-16,7:30p,,Atlanta Hawks,L,,114,118,34,34,L 2
2016,DET,2016-03-18,7:30p,,Sacramento Kings,W,,115,108,35,34,W 1
2016,DET,2016-03-19,7:00p,,Brooklyn Nets,W,,115,103,36,34,W 2
2016,DET,2016-03-21,7:30p,,Milwaukee Bucks,W,,92,91,37,34,W 3
2016,DET,2016-03-23,7:30p,,Orlando Magic,W,,118,102,38,34,W 4
2016,DET,2016-03-25,7:30p,,Charlotte Hornets,W,,112,105,39,34,W 5
2016,DET,2016-03-26,7:30p,,Atlanta Hawks,L,,95,112,39,35,L 1
2016,DET,2016-03-29,7:30p,,Oklahoma City Thunder,W,,88,82,40,35,W 1
2016,DET,2016-04-01,7:30p,,Dallas Mavericks,L,,89,98,40,36,L 1
2016,DET,2016-04-02,8:00p,@,Chicago Bulls,W,,94,90,41,36,W 1
2016,DET,2016-04-05,8:00p,@,Miami Heat,L,,89,107,41,37,L 1
2016,DET,2016-04-06,7:00p,@,Orlando Magic,W,,108,104,42,37,W 1
2016,DET,2016-04-08,7:30p,,Washington Wizards,W,,112,99,43,37,W 2
2016,DET,2016-04-12,7:30p,,Miami Heat,L,,93,99,43,38,L 1
2016,DET,2016-04-13,8:00p,@,Cleveland Cavaliers,W,OT,112,110,44,38,W 1
2016,DET,2016-04-17,3:00p,@,Cleveland Cavaliers,L,,101,106,0,1,L 1
2016,DET,2016-04-20,8:00p,@,Cleveland Cavaliers,L,,90,107,0,2,L 2
2016,DET,2016-04-22,7:00p,,Cleveland Cavaliers,L,,91,101,0,3,L 3
2016,DET,2016-04-24,8:30p,,Cleveland Cavaliers,L,,98,100,0,4,L 4
2016,GSW,2015-10-27,10:30p,,New Orleans Pelicans,W,,111,95,1,0,W 1
2016,GSW,2015-10-30,9:30p,@,Houston Rockets,W,,112,92,2,0,W 2
2016,GSW,2015-10-31,7:30p,@,New Orleans Pelicans,W,,134,120,3,0,W 3
2016,GSW,2015-11-02,10:30p,,Memphis Grizzlies,W,,119,69,4,0,W 4
2016,GSW,2015-11-04,10:30p,,Los Angeles Clippers,W,,112,108,5,0,W 5
2016,GSW,2015-11-06,10:30p,,Denver Nuggets,W,,119,104,6,0,W 6
2016,GSW,2015-11-07,10:00p,@,Sacramento Kings,W,,103,94,7,0,W 7
2016,GSW,2015-11-09,10:30p,,Detroit Pistons,W,,109,95,8,0,W 8
2016,GSW,2015-11-11,8:00p,@,Memphis Grizzlies,W,,100,84,9,0,W 9
2016,GSW,2015-11-12,8:00p,@,Minnesota Timberwolves,W,,129,116,10,0,W 10
2016,GSW,2015-11-14,10:30p,,Brooklyn Nets,W,OT,107,99,11,0,W 11
2016,GSW,2015-11-17,10:30p,,Toronto Raptors,W,,115,110,12,0,W 12
2016,GSW,2015-11-19,10:30p,@,Los Angeles Clippers,W,,124,117,13,0,W 13
2016,GSW,2015-11-20,10:30p,,Chicago Bulls,W,,106,94,14,0,W 14
2016,GSW,2015-11-22,8:00p,@,Denver Nuggets,W,,118,105,15,0,W 15
2016,GSW,2015-11-24,10:30p,,Los Angeles Lakers,W,,111,77,16,0,W 16
2016,GSW,2015-11-27,9:30p,@,Phoenix Suns,W,,135,116,17,0,W 17
2016,GSW,2015-11-28,10:30p,,Sacramento Kings,W,,120,101,18,0,W 18
2016,GSW,2015-11-30,9:00p,@,Utah Jazz,W,,106,103,19,0,W 19
2016,GSW,2015-12-02,7:00p,@,Charlotte Hornets,W,,116,99,20,0,W 20
2016,GSW,2015-12-05,5:00p,@,Toronto Raptors,W,,112,109,21,0,W 21
2016,GSW,2015-12-06,6:00p,@,Brooklyn Nets,W,,114,98,22,0,W 22
2016,GSW,2015-12-08,7:00p,@,Indiana Pacers,W,,131,123,23,0,W 23
2016,GSW,2015-12-11,7:30p,@,Boston Celtics,W,2OT,124,119,24,0,W 24
2016,GSW,2015-12-12,8:30p,@,Milwaukee Bucks,L,,95,108,24,1,L 1
2016,GSW,2015-12-16,10:30p,,Phoenix Suns,W,,128,103,25,1,W 1
2016,GSW,2015-12-18,10:30p,,Milwaukee Bucks,W,,121,112,26,1,W 2
2016,GSW,2015-12-23,10:30p,,Utah Jazz,W,,103,85,27,1,W 3
2016,GSW,2015-12-25,5:00p,,Cleveland Cavaliers,W,,89,83,28,1,W 4
2016,GSW,2015-12-28,10:30p,,Sacramento Kings,W,,122,103,29,1,W 5
2016,GSW,2015-12-30,8:30p,@,Dallas Mavericks,L,,91,114,29,2,L 1
2016,GSW,2015-12-31,7:00p,@,Houston Rockets,W,,114,110,30,2,W 1
2016,GSW,2016-01-02,10:30p,,Denver Nuggets,W,OT,111,108,31,2,W 2
2016,GSW,2016-01-04,10:30p,,Charlotte Hornets,W,,111,101,32,2,W 3
2016,GSW,2016-01-05,10:30p,@,Los Angeles Lakers,W,,109,88,33,2,W 4
2016,GSW,2016-01-08,10:00p,@,Portland Trail Blazers,W,,128,108,34,2,W 5
2016,GSW,2016-01-09,10:00p,@,Sacramento Kings,W,,128,116,35,2,W 6
2016,GSW,2016-01-11,10:30p,,Miami Heat,W,,111,103,36,2,W 7
2016,GSW,2016-01-13,9:00p,@,Denver Nuggets,L,,110,112,36,3,L 1
2016,GSW,2016-01-14,10:30p,,Los Angeles Lakers,W,,116,98,37,3,W 1
2016,GSW,2016-01-16,7:30p,@,Detroit Pistons,L,,95,113,37,4,L 1
2016,GSW,2016-01-18,8:00p,@,Cleveland Cavaliers,W,,132,98,38,4,W 1
2016,GSW,2016-01-20,8:00p,@,Chicago Bulls,W,,125,94,39,4,W 2
2016,GSW,2016-01-22,10:30p,,Indiana Pacers,W,,122,110,40,4,W 3
2016,GSW,2016-01-25,10:30p,,San Antonio Spurs,W,,120,90,41,4,W 4
2016,GSW,2016-01-27,10:30p,,Dallas Mavericks,W,,127,107,42,4,W 5
2016,GSW,2016-01-30,5:00p,@,Philadelphia 76ers,W,,108,105,43,4,W 6
2016,GSW,2016-01-31,7:30p,@,New York Knicks,W,,116,95,44,4,W 7
2016,GSW,2016-02-03,8:00p,@,Washington Wizards,W,,134,121,45,4,W 8
2016,GSW,2016-02-06,9:00p,,Oklahoma City Thunder,W,,116,108,46,4,W 9
2016,GSW,2016-02-09,10:30p,,Houston Rockets,W,,123,110,47,4,W 10
2016,GSW,2016-02-10,9:00p,@,Phoenix Suns,W,,112,104,48,4,W 11
2016,GSW,2016-02-19,10:00p,@,Portland Trail Blazers,L,,105,137,48,5,L 1
2016,GSW,2016-02-20,8:30p,@,Los Angeles Clippers,W,,115,112,49,5,W 1
2016,GSW,2016-02-22,8:00p,@,Atlanta Hawks,W,,102,92,50,5,W 2
2016,GSW,2016-02-24,7:30p,@,Miami Heat,W,,118,112,51,5,W 3
2016,GSW,2016-02-25,7:00p,@,Orlando Magic,W,,130,114,52,5,W 4
2016,GSW,2016-02-27,8:30p,@,Oklahoma City Thunder,W,OT,121,118,53,5,W 5
2016,GSW,2016-03-01,10:30p,,Atlanta Hawks,W,OT,109,105,54,5,W 6
2016,GSW,2016-03-03,10:30p,,Oklahoma City Thunder,W,,121,106,55,5,W 7
2016,GSW,2016-03-06,3:30p,@,Los Angeles Lakers,L,,95,112,55,6,L 1
2016,GSW,2016-03-07,10:30p,,Orlando Magic,W,,119,113,56,6,W 1
2016,GSW,2016-03-09,10:30p,,Utah Jazz,W,,115,94,57,6,W 2
2016,GSW,2016-03-11,10:30p,,Portland Trail Blazers,W,,128,112,58,6,W 3
2016,GSW,2016-03-12,10:30p,,Phoenix Suns,W,,123,116,59,6,W 4
2016,GSW,2016-03-14,10:30p,,New Orleans Pelicans,W,,125,107,60,6,W 5
2016,GSW,2016-03-16,10:30p,,New York Knicks,W,,121,85,61,6,W 6
2016,GSW,2016-03-18,8:30p,@,Dallas Mavericks,W,,130,112,62,6,W 7
2016,GSW,2016-03-19,8:30p,@,San Antonio Spurs,L,,79,87,62,7,L 1
2016,GSW,2016-03-21,8:00p,@,Minnesota Timberwolves,W,,109,104,63,7,W 1
2016,GSW,2016-03-23,10:30p,,Los Angeles Clippers,W,,114,98,64,7,W 2
2016,GSW,2016-03-25,10:30p,,Dallas Mavericks,W,,128,120,65,7,W 3
2016,GSW,2016-03-27,8:00p,,Philadelphia 76ers,W,,117,105,66,7,W 4
2016,GSW,2016-03-29,10:30p,,Washington Wizards,W,,102,94,67,7,W 5
2016,GSW,2016-03-30,9:00p,@,Utah Jazz,W,OT,103,96,68,7,W 6
2016,GSW,2016-04-01,10:30p,,Boston Celtics,L,,106,109,68,8,L 1
2016,GSW,2016-04-03,8:00p,,Portland Trail Blazers,W,,136,111,69,8,W 1
2016,GSW,2016-04-05,10:30p,,Minnesota Timberwolves,L,OT,117,124,69,9,L 1
2016,GSW,2016-04-07,10:30p,,San Antonio Spurs,W,,112,101,70,9,W 1
2016,GSW,2016-04-09,8:00p,@,Memphis Grizzlies,W,,100,99,71,9,W 2
2016,GSW,2016-04-10,7:00p,@,San Antonio Spurs,W,,92,86,72,9,W 3
2016,GSW,2016-04-13,10:30p,,Memphis Grizzlies,W,,125,104,73,9,W 4
2016,GSW,2016-04-16,3:30p,,Houston Rockets,W,,104,78,1,0,W 1
2016,GSW,2016-04-18,10:30p,,Houston Rockets,W,,115,106,2,0,W 2
2016,GSW,2016-04-21,9:30p,@,Houston Rockets,L,,96,97,2,1,L 1
2016,GSW,2016-04-24,3:30p,@,Houston Rockets,W,,121,94,3,1,W 1
2016,GSW,2016-04-27,10:30p,,Houston Rockets,W,,114,81,4,1,W 2
2016,GSW,2016-05-01,3:30p,,Portland Trail Blazers,W,,118,106,5,1,W 3
2016,GSW,2016-05-03,10:30p,,Portland Trail Blazers,W,,110,99,6,1,W 4
2016,GSW,2016-05-07,8:30p,@,Portland Trail Blazers,L,,108,120,6,2,L 1
2016,GSW,2016-05-09,10:30p,@,Portland Trail Blazers,W,OT,132,125,7,2,W 1
2016,GSW,2016-05-11,10:30p,,Portland Trail Blazers,W,,125,121,8,2,W 2
2016,GSW,2016-05-16,9:00p,,Oklahoma City Thunder,L,,102,108,8,3,L 1
2016,GSW,2016-05-18,9:00p,,Oklahoma City Thunder,W,,118,91,9,3,W 1
2016,GSW,2016-05-22,8:00p,@,Oklahoma City Thunder,L,,105,133,9,4,L 1
2016,GSW,2016-05-24,9:00p,@,Oklahoma City Thunder,L,,94,118,9,5,L 2
2016,GSW,2016-05-26,9:00p,,Oklahoma City Thunder,W,,120,111,10,5,W 1
2016,GSW,2016-05-28,9:00p,@,Oklahoma City Thunder,W,,108,101,11,5,W 2
2016,GSW,2016-05-30,9:00p,,Oklahoma City Thunder,W,,96,88,12,5,W 3
2016,GSW,2016-06-02,9:00p,,Cleveland Cavaliers,W,,104,89,13,5,W 4
2016,GSW,2016-06-05,8:00p,,Cleveland Cavaliers,W,,110,77,14,5,W 5
2016,GSW,2016-06-08,9:00p,@,Cleveland Cavaliers,L,,90,120,14,6,L 1
2016,GSW,2016-06-10,9:00p,@,Cleveland Cavaliers,W,,108,97,15,6,W 1
2016,GSW,2016-06-13,9:00p,,Cleveland Cavaliers,L,,97,112,15,7,L 1
2016,GSW,2016-06-16,9:00p,@,Cleveland Cavaliers,L,,101,115,15,8,L 2
2016,GSW,2016-06-19,8:00p,,Cleveland Cavaliers,L,,89,93,15,9,L 3
2016,HOU,2015-10-28,8:00p,,Denver Nuggets,L,,85,105,0,1,L 1
2016,HOU,2015-10-30,9:30p,,Golden State Warriors,L,,92,112,0,2,L 2
2016,HOU,2015-11-01,6:00p,@,Miami Heat,L,,89,109,0,3,L 3
2016,HOU,2015-11-02,8:00p,,Oklahoma City Thunder,W,,110,105,1,3,W 1
2016,HOU,2015-11-04,8:00p,,Orlando Magic,W,OT,119,114,2,3,W 2
2016,HOU,2015-11-06,10:30p,@,Sacramento Kings,W,,116,110,3,3,W 3
2016,HOU,2015-11-07,10:30p,@,Los Angeles Clippers,W,,109,105,4,3,W 4
2016,HOU,2015-11-11,8:00p,,Brooklyn Nets,L,,98,106,4,4,L 1
2016,HOU,2015-11-13,9:00p,@,Denver Nuggets,L,,98,107,4,5,L 2
2016,HOU,2015-11-14,8:00p,,Dallas Mavericks,L,,98,110,4,6,L 3
2016,HOU,2015-11-16,8:00p,,Boston Celtics,L,,95,111,4,7,L 4
2016,HOU,2015-11-18,8:00p,,Portland Trail Blazers,W,OT,108,103,5,7,W 1
2016,HOU,2015-11-20,8:00p,@,Memphis Grizzlies,L,,84,96,5,8,L 1
2016,HOU,2015-11-21,8:00p,,New York Knicks,L,,102,107,5,9,L 2
2016,HOU,2015-11-25,8:00p,,Memphis Grizzlies,L,,93,102,5,10,L 3
2016,HOU,2015-11-27,8:00p,,Philadelphia 76ers,W,,116,114,6,10,W 1
2016,HOU,2015-11-29,7:30p,@,New York Knicks,W,OT,116,111,7,10,W 2
2016,HOU,2015-11-30,7:30p,@,Detroit Pistons,L,,105,116,7,11,L 1
2016,HOU,2015-12-02,8:00p,,New Orleans Pelicans,W,,108,101,8,11,W 1
2016,HOU,2015-12-04,8:30p,@,Dallas Mavericks,W,,100,96,9,11,W 2
2016,HOU,2015-12-05,8:00p,,Sacramento Kings,W,,120,113,10,11,W 3
2016,HOU,2015-12-08,7:30p,@,Brooklyn Nets,L,,105,110,10,12,L 1
2016,HOU,2015-12-09,7:00p,@,Washington Wizards,W,,109,103,11,12,W 1
2016,HOU,2015-12-12,8:00p,,Los Angeles Lakers,W,,126,97,12,12,W 2
2016,HOU,2015-12-14,9:00p,@,Denver Nuggets,L,,108,114,12,13,L 1
2016,HOU,2015-12-15,10:00p,@,Sacramento Kings,L,,97,107,12,14,L 2
2016,HOU,2015-12-17,10:30p,@,Los Angeles Lakers,W,,107,87,13,14,W 1
2016,HOU,2015-12-19,8:00p,,Los Angeles Clippers,W,,107,97,14,14,W 2
2016,HOU,2015-12-21,8:00p,,Charlotte Hornets,W,,102,95,15,14,W 3
2016,HOU,2015-12-23,7:00p,@,Orlando Magic,L,,101,104,15,15,L 1
2016,HOU,2015-12-25,8:00p,,San Antonio Spurs,W,,88,84,16,15,W 1
2016,HOU,2015-12-26,7:00p,@,New Orleans Pelicans,L,,108,110,16,16,L 1
2016,HOU,2015-12-29,8:00p,,Atlanta Hawks,L,,115,121,16,17,L 2
2016,HOU,2015-12-31,7:00p,,Golden State Warriors,L,,110,114,16,18,L 3
2016,HOU,2016-01-02,8:30p,@,San Antonio Spurs,L,,103,121,16,19,L 4
2016,HOU,2016-01-04,9:00p,@,Utah Jazz,W,,93,91,17,19,W 1
2016,HOU,2016-01-07,8:00p,,Utah Jazz,W,,103,94,18,19,W 2
2016,HOU,2016-01-10,7:00p,,Indiana Pacers,W,OT,107,103,19,19,W 3
2016,HOU,2016-01-12,8:00p,@,Memphis Grizzlies,W,,107,91,20,19,W 4
2016,HOU,2016-01-13,8:00p,,Minnesota Timberwolves,W,,107,104,21,19,W 5
2016,HOU,2016-01-15,9:30p,,Cleveland Cavaliers,L,,77,91,21,20,L 1
2016,HOU,2016-01-17,9:30p,@,Los Angeles Lakers,W,,112,95,22,20,W 1
2016,HOU,2016-01-18,10:30p,@,Los Angeles Clippers,L,OT,132,140,22,21,L 1
2016,HOU,2016-01-20,8:00p,,Detroit Pistons,L,,114,123,22,22,L 2
2016,HOU,2016-01-22,8:00p,,Milwaukee Bucks,W,,102,98,23,22,W 1
2016,HOU,2016-01-24,3:30p,,Dallas Mavericks,W,,115,104,24,22,W 2
2016,HOU,2016-01-25,8:00p,@,New Orleans Pelicans,W,,112,111,25,22,W 3
2016,HOU,2016-01-27,8:00p,@,San Antonio Spurs,L,,99,130,25,23,L 1
2016,HOU,2016-01-29,8:00p,@,Oklahoma City Thunder,L,,108,116,25,24,L 2
2016,HOU,2016-01-30,8:00p,,Washington Wizards,L,,122,123,25,25,L 3
2016,HOU,2016-02-02,8:00p,,Miami Heat,W,,115,102,26,25,W 1
2016,HOU,2016-02-04,9:00p,@,Phoenix Suns,W,,111,105,27,25,W 2
2016,HOU,2016-02-06,5:00p,,Portland Trail Blazers,L,,79,96,27,26,L 1
2016,HOU,2016-02-09,10:30p,@,Golden State Warriors,L,,110,123,27,27,L 2
2016,HOU,2016-02-10,10:30p,@,Portland Trail Blazers,L,,103,116,27,28,L 3
2016,HOU,2016-02-19,9:30p,@,Phoenix Suns,W,,116,100,28,28,W 1
2016,HOU,2016-02-23,9:00p,@,Utah Jazz,L,OT,114,117,28,29,L 1
2016,HOU,2016-02-25,10:30p,@,Portland Trail Blazers,W,,119,105,29,29,W 1
2016,HOU,2016-02-27,8:00p,,San Antonio Spurs,L,,94,104,29,30,L 1
2016,HOU,2016-02-29,8:00p,@,Milwaukee Bucks,L,,121,128,29,31,L 2
2016,HOU,2016-03-02,8:00p,,New Orleans Pelicans,W,,100,95,30,31,W 1
2016,HOU,2016-03-05,8:30p,@,Chicago Bulls,L,,100,108,30,32,L 1
2016,HOU,2016-03-06,6:30p,@,Toronto Raptors,W,,113,107,31,32,W 1
2016,HOU,2016-03-09,7:00p,@,Philadelphia 76ers,W,,118,104,32,32,W 2
2016,HOU,2016-03-11,7:30p,@,Boston Celtics,W,,102,98,33,32,W 3
2016,HOU,2016-03-12,7:00p,@,Charlotte Hornets,L,,109,125,33,33,L 1
2016,HOU,2016-03-14,8:00p,,Memphis Grizzlies,W,,130,81,34,33,W 1
2016,HOU,2016-03-16,9:30p,,Los Angeles Clippers,L,,106,122,34,34,L 1
2016,HOU,2016-03-18,8:00p,,Minnesota Timberwolves,W,,116,111,35,34,W 1
2016,HOU,2016-03-19,7:30p,@,Atlanta Hawks,L,,97,109,35,35,L 1
2016,HOU,2016-03-22,8:00p,@,Oklahoma City Thunder,L,,107,111,35,36,L 2
2016,HOU,2016-03-23,8:00p,,Utah Jazz,L,,87,89,35,37,L 3
2016,HOU,2016-03-25,8:00p,,Toronto Raptors,W,,112,109,36,37,W 1
2016,HOU,2016-03-27,6:00p,@,Indiana Pacers,L,,101,104,36,38,L 1
2016,HOU,2016-03-29,8:00p,@,Cleveland Cavaliers,W,,106,100,37,38,W 1
2016,HOU,2016-03-31,7:00p,,Chicago Bulls,L,,100,103,37,39,L 1
2016,HOU,2016-04-03,3:30p,,Oklahoma City Thunder,W,,118,110,38,39,W 1
2016,HOU,2016-04-06,9:30p,@,Dallas Mavericks,L,,86,88,38,40,L 1
2016,HOU,2016-04-07,8:00p,,Phoenix Suns,L,,115,124,38,41,L 2
2016,HOU,2016-04-10,3:30p,,Los Angeles Lakers,W,,130,110,39,41,W 1
2016,HOU,2016-04-11,8:00p,@,Minnesota Timberwolves,W,,129,105,40,41,W 2
2016,HOU,2016-04-13,8:00p,,Sacramento Kings,W,,116,81,41,41,W 3
2016,HOU,2016-04-16,3:30p,@,Golden State Warriors,L,,78,104,0,1,L 1
2016,HOU,2016-04-18,10:30p,@,Golden State Warriors,L,,106,115,0,2,L 2
2016,HOU,2016-04-21,9:30p,,Golden State Warriors,W,,97,96,1,2,W 1
2016,HOU,2016-04-24,3:30p,,Golden State Warriors,L,,94,121,1,3,L 1
2016,HOU,2016-04-27,10:30p,@,Golden State Warriors,L,,81,114,1,4,L 2
2016,IND,2015-10-28,7:30p,@,Toronto Raptors,L,,99,106,0,1,L 1
2016,IND,2015-10-29,7:00p,,Memphis Grizzlies,L,,103,112,0,2,L 2
2016,IND,2015-10-31,7:00p,,Utah Jazz,L,,76,97,0,3,L 3
2016,IND,2015-11-03,7:30p,@,Detroit Pistons,W,,94,82,1,3,W 1
2016,IND,2015-11-04,7:00p,,Boston Celtics,W,,100,98,2,3,W 2
2016,IND,2015-11-06,8:00p,,Miami Heat,W,,90,87,3,3,W 3
2016,IND,2015-11-08,3:30p,@,Cleveland Cavaliers,L,,97,101,3,4,L 1
2016,IND,2015-11-09,7:00p,,Orlando Magic,W,,97,84,4,4,W 1
2016,IND,2015-11-11,7:30p,@,Boston Celtics,W,,102,91,5,4,W 2
2016,IND,2015-11-13,7:00p,,Minnesota Timberwolves,W,,107,103,6,4,W 3
2016,IND,2015-11-16,8:00p,@,Chicago Bulls,L,,95,96,6,5,L 1
2016,IND,2015-11-18,7:00p,@,Philadelphia 76ers,W,,112,85,7,5,W 1
2016,IND,2015-11-21,7:00p,,Milwaukee Bucks,W,,123,86,8,5,W 2
2016,IND,2015-11-24,7:00p,@,Washington Wizards,W,,123,106,9,5,W 3
2016,IND,2015-11-27,8:00p,,Chicago Bulls,W,,104,92,10,5,W 4
2016,IND,2015-11-29,9:30p,@,Los Angeles Lakers,W,,107,103,11,5,W 5
2016,IND,2015-12-02,10:30p,@,Los Angeles Clippers,W,,103,91,12,5,W 6
2016,IND,2015-12-03,10:00p,@,Portland Trail Blazers,L,,111,123,12,6,L 1
2016,IND,2015-12-05,9:00p,@,Utah Jazz,L,OT,119,122,12,7,L 2
2016,IND,2015-12-08,7:00p,,Golden State Warriors,L,,123,131,12,8,L 3
2016,IND,2015-12-11,7:00p,,Miami Heat,W,,96,83,13,8,W 1
2016,IND,2015-12-12,7:30p,@,Detroit Pistons,L,,96,118,13,9,L 1
2016,IND,2015-12-14,7:00p,,Toronto Raptors,W,,106,90,14,9,W 1
2016,IND,2015-12-16,7:00p,,Dallas Mavericks,W,,107,81,15,9,W 2
2016,IND,2015-12-18,7:00p,,Brooklyn Nets,W,,104,97,16,9,W 3
2016,IND,2015-12-19,8:00p,@,Memphis Grizzlies,L,,84,96,16,10,L 1
2016,IND,2015-12-21,8:30p,@,San Antonio Spurs,L,,92,106,16,11,L 2
2016,IND,2015-12-23,7:00p,,Sacramento Kings,L,,106,108,16,12,L 3
2016,IND,2015-12-26,8:00p,@,Minnesota Timberwolves,W,,102,88,17,12,W 1
2016,IND,2015-12-28,7:00p,,Atlanta Hawks,W,,93,87,18,12,W 2
2016,IND,2015-12-30,8:00p,@,Chicago Bulls,L,OT,100,102,18,13,L 1
2016,IND,2015-12-31,6:00p,,Milwaukee Bucks,L,,116,120,18,14,L 2
2016,IND,2016-01-02,7:00p,,Detroit Pistons,W,,94,82,19,14,W 1
2016,IND,2016-01-04,7:30p,@,Miami Heat,L,OT,100,103,19,15,L 1
2016,IND,2016-01-06,7:00p,@,Orlando Magic,W,,95,86,20,15,W 1
2016,IND,2016-01-08,8:00p,@,New Orleans Pelicans,W,,91,86,21,15,W 2
2016,IND,2016-01-10,7:00p,@,Houston Rockets,L,OT,103,107,21,16,L 1
2016,IND,2016-01-12,7:00p,,Phoenix Suns,W,,116,97,22,16,W 1
2016,IND,2016-01-13,8:00p,@,Boston Celtics,L,,94,103,22,17,L 1
2016,IND,2016-01-15,7:00p,,Washington Wizards,L,,104,118,22,18,L 2
2016,IND,2016-01-17,8:00p,@,Denver Nuggets,L,,126,129,22,19,L 3
2016,IND,2016-01-19,9:00p,@,Phoenix Suns,W,,97,94,23,19,W 1
2016,IND,2016-01-22,10:30p,@,Golden State Warriors,L,,110,122,23,20,L 1
2016,IND,2016-01-23,10:30p,@,Sacramento Kings,L,,97,108,23,21,L 2
2016,IND,2016-01-26,7:00p,,Los Angeles Clippers,L,,89,91,23,22,L 3
2016,IND,2016-01-28,7:00p,,Atlanta Hawks,W,,111,92,24,22,W 1
2016,IND,2016-01-30,7:00p,,Denver Nuggets,W,OT,109,105,25,22,W 2
2016,IND,2016-02-01,7:00p,,Cleveland Cavaliers,L,OT,106,111,25,23,L 1
2016,IND,2016-02-03,7:30p,@,Brooklyn Nets,W,,114,100,26,23,W 1
2016,IND,2016-02-05,7:00p,@,Atlanta Hawks,L,,96,102,26,24,L 1
2016,IND,2016-02-06,7:00p,,Detroit Pistons,W,,112,104,27,24,W 1
2016,IND,2016-02-08,7:00p,,Los Angeles Lakers,W,,89,87,28,24,W 2
2016,IND,2016-02-10,7:00p,,Charlotte Hornets,L,,95,117,28,25,L 1
2016,IND,2016-02-19,8:00p,@,Oklahoma City Thunder,W,,101,98,29,25,W 1
2016,IND,2016-02-21,6:00p,@,Orlando Magic,W,,105,102,30,25,W 2
2016,IND,2016-02-22,7:30p,@,Miami Heat,L,OT,93,101,30,26,L 1
2016,IND,2016-02-24,7:00p,,New York Knicks,W,,108,105,31,26,W 1
2016,IND,2016-02-26,7:00p,,Charlotte Hornets,L,,95,96,31,27,L 1
2016,IND,2016-02-28,6:00p,,Portland Trail Blazers,L,,102,111,31,28,L 2
2016,IND,2016-02-29,7:00p,@,Cleveland Cavaliers,L,,96,100,31,29,L 3
2016,IND,2016-03-02,8:00p,@,Milwaukee Bucks,W,,104,99,32,29,W 1
2016,IND,2016-03-04,7:00p,@,Charlotte Hornets,L,,101,108,32,30,L 1
2016,IND,2016-03-05,7:00p,@,Washington Wizards,W,,100,99,33,30,W 1
2016,IND,2016-03-07,7:00p,,San Antonio Spurs,W,,99,91,34,30,W 2
2016,IND,2016-03-12,2:00p,@,Dallas Mavericks,W,,112,105,35,30,W 3
2016,IND,2016-03-13,6:00p,@,Atlanta Hawks,L,,75,104,35,31,L 1
2016,IND,2016-03-15,7:00p,,Boston Celtics,W,,103,98,36,31,W 1
2016,IND,2016-03-17,7:00p,,Toronto Raptors,L,OT,94,101,36,32,L 1
2016,IND,2016-03-19,7:00p,,Oklahoma City Thunder,L,,111,115,36,33,L 2
2016,IND,2016-03-21,7:00p,,Philadelphia 76ers,W,,91,75,37,33,W 1
2016,IND,2016-03-24,7:00p,,New Orleans Pelicans,W,,92,84,38,33,W 2
2016,IND,2016-03-26,6:00p,@,Brooklyn Nets,L,,110,120,38,34,L 1
2016,IND,2016-03-27,6:00p,,Houston Rockets,W,,104,101,39,34,W 1
2016,IND,2016-03-29,7:00p,,Chicago Bulls,L,,96,98,39,35,L 1
2016,IND,2016-03-31,7:00p,,Orlando Magic,L,,94,114,39,36,L 2
2016,IND,2016-04-02,7:30p,@,Philadelphia 76ers,W,,115,102,40,36,W 1
2016,IND,2016-04-03,7:30p,@,New York Knicks,W,,92,87,41,36,W 2
2016,IND,2016-04-06,7:00p,,Cleveland Cavaliers,W,,123,109,42,36,W 3
2016,IND,2016-04-08,7:30p,@,Toronto Raptors,L,,98,111,42,37,L 1
2016,IND,2016-04-10,6:00p,,Brooklyn Nets,W,,129,105,43,37,W 1
2016,IND,2016-04-12,7:00p,,New York Knicks,W,,102,90,44,37,W 2
2016,IND,2016-04-13,8:00p,@,Milwaukee Bucks,W,,97,92,45,37,W 3
2016,IND,2016-04-16,12:30p,@,Toronto Raptors,W,,100,90,1,0,W 1
2016,IND,2016-04-18,7:00p,@,Toronto Raptors,L,,87,98,1,1,L 1
2016,IND,2016-04-21,7:30p,,Toronto Raptors,L,,85,101,1,2,L 2
2016,IND,2016-04-23,3:00p,,Toronto Raptors,W,,100,83,2,2,W 1
2016,IND,2016-04-26,6:00p,@,Toronto Raptors,L,,99,102,2,3,L 1
2016,IND,2016-04-29,7:30p,,Toronto Raptors,W,,101,83,3,3,W 1
2016,IND,2016-05-01,8:00p,@,Toronto Raptors,L,,84,89,3,4,L 1
2016,LAC,2015-10-28,10:00p,@,Sacramento Kings,W,,111,104,1,0,W 1
2016,LAC,2015-10-29,10:30p,,Dallas Mavericks,W,,104,88,2,0,W 2
2016,LAC,2015-10-31,10:30p,,Sacramento Kings,W,,114,109,3,0,W 3
2016,LAC,2015-11-02,10:30p,,Phoenix Suns,W,,102,96,4,0,W 4
2016,LAC,2015-11-04,10:30p,@,Golden State Warriors,L,,108,112,4,1,L 1
2016,LAC,2015-11-07,10:30p,,Houston Rockets,L,,105,109,4,2,L 2
2016,LAC,2015-11-09,10:30p,,Memphis Grizzlies,W,,94,92,5,2,W 1
2016,LAC,2015-11-11,8:00p,@,Dallas Mavericks,L,,108,118,5,3,L 1
2016,LAC,2015-11-12,10:30p,@,Phoenix Suns,L,,104,118,5,4,L 2
2016,LAC,2015-11-14,3:30p,,Detroit Pistons,W,,101,96,6,4,W 1
2016,LAC,2015-11-19,10:30p,,Golden State Warriors,L,,117,124,6,5,L 1
2016,LAC,2015-11-20,10:00p,@,Portland Trail Blazers,L,,91,102,6,6,L 2
2016,LAC,2015-11-22,3:30p,,Toronto Raptors,L,,80,91,6,7,L 3
2016,LAC,2015-11-24,9:00p,@,Denver Nuggets,W,,111,94,7,7,W 1
2016,LAC,2015-11-25,10:30p,,Utah Jazz,L,,91,102,7,8,L 1
2016,LAC,2015-11-27,10:30p,,New Orleans Pelicans,W,,111,90,8,8,W 1
2016,LAC,2015-11-29,3:30p,,Minnesota Timberwolves,W,,107,99,9,8,W 2
2016,LAC,2015-11-30,10:30p,,Portland Trail Blazers,W,,102,87,10,8,W 3
2016,LAC,2015-12-02,10:30p,,Indiana Pacers,L,,91,103,10,9,L 1
2016,LAC,2015-12-05,10:30p,,Orlando Magic,W,,103,101,11,9,W 1
2016,LAC,2015-12-07,8:00p,@,Minnesota Timberwolves,W,,110,106,12,9,W 2
2016,LAC,2015-12-09,8:00p,@,Milwaukee Bucks,W,,109,95,13,9,W 3
2016,LAC,2015-12-10,8:00p,@,Chicago Bulls,L,,80,83,13,10,L 1
2016,LAC,2015-12-12,5:00p,@,Brooklyn Nets,W,,105,100,14,10,W 1
2016,LAC,2015-12-14,7:30p,@,Detroit Pistons,W,OT,105,103,15,10,W 2
2016,LAC,2015-12-16,10:30p,,Milwaukee Bucks,W,,103,90,16,10,W 3
2016,LAC,2015-12-18,8:00p,@,San Antonio Spurs,L,,107,115,16,11,L 1
2016,LAC,2015-12-19,8:00p,@,Houston Rockets,L,,97,107,16,12,L 2
2016,LAC,2015-12-21,10:30p,,Oklahoma City Thunder,L,,99,100,16,13,L 3
2016,LAC,2015-12-25,10:30p,@,Los Angeles Lakers,W,,94,84,17,13,W 1
2016,LAC,2015-12-26,9:00p,@,Utah Jazz,W,,109,104,18,13,W 2
2016,LAC,2015-12-28,7:00p,@,Washington Wizards,W,,108,91,19,13,W 3
2016,LAC,2015-12-30,7:00p,@,Charlotte Hornets,W,,122,117,20,13,W 4
2016,LAC,2015-12-31,8:00p,@,New Orleans Pelicans,W,,95,89,21,13,W 5
2016,LAC,2016-01-02,10:30p,,Philadelphia 76ers,W,,130,99,22,13,W 6
2016,LAC,2016-01-06,10:00p,@,Portland Trail Blazers,W,,109,98,23,13,W 7
2016,LAC,2016-01-09,3:30p,,Charlotte Hornets,W,,97,83,24,13,W 8
2016,LAC,2016-01-10,3:30p,,New Orleans Pelicans,W,OT,114,111,25,13,W 9
2016,LAC,2016-01-13,10:30p,,Miami Heat,W,,104,90,26,13,W 10
2016,LAC,2016-01-16,10:30p,,Sacramento Kings,L,,103,110,26,14,L 1
2016,LAC,2016-01-18,10:30p,,Houston Rockets,W,OT,140,132,27,14,W 1
2016,LAC,2016-01-21,8:00p,@,Cleveland Cavaliers,L,,102,115,27,15,L 1
2016,LAC,2016-01-22,7:30p,@,New York Knicks,W,,116,88,28,15,W 1
2016,LAC,2016-01-24,6:00p,@,Toronto Raptors,L,,94,112,28,16,L 1
2016,LAC,2016-01-26,7:00p,@,Indiana Pacers,W,,91,89,29,16,W 1
2016,LAC,2016-01-27,8:00p,@,Atlanta Hawks,W,,85,83,30,16,W 2
2016,LAC,2016-01-29,10:30p,,Los Angeles Lakers,W,,105,93,31,16,W 3
2016,LAC,2016-01-31,3:30p,,Chicago Bulls,W,,120,93,32,16,W 4
2016,LAC,2016-02-03,10:30p,,Minnesota Timberwolves,L,,102,108,32,17,L 1
2016,LAC,2016-02-05,7:00p,@,Orlando Magic,W,,107,93,33,17,W 1
2016,LAC,2016-02-07,2:00p,@,Miami Heat,W,,100,93,34,17,W 2
2016,LAC,2016-02-08,7:00p,@,Philadelphia 76ers,W,OT,98,92,35,17,W 3
2016,LAC,2016-02-10,7:30p,@,Boston Celtics,L,OT,134,139,35,18,L 1
2016,LAC,2016-02-18,10:30p,,San Antonio Spurs,W,,105,86,36,18,W 1
2016,LAC,2016-02-20,8:30p,,Golden State Warriors,L,,112,115,36,19,L 1
2016,LAC,2016-02-22,10:30p,,Phoenix Suns,W,,124,84,37,19,W 1
2016,LAC,2016-02-24,10:30p,,Denver Nuggets,L,,81,87,37,20,L 1
2016,LAC,2016-02-26,10:00p,@,Sacramento Kings,W,,117,107,38,20,W 1
2016,LAC,2016-02-29,10:30p,,Brooklyn Nets,W,,105,95,39,20,W 2
2016,LAC,2016-03-02,10:30p,,Oklahoma City Thunder,W,,103,98,40,20,W 3
2016,LAC,2016-03-05,10:30p,,Atlanta Hawks,L,,97,107,40,21,L 1
2016,LAC,2016-03-07,8:30p,@,Dallas Mavericks,W,,109,90,41,21,W 1
2016,LAC,2016-03-09,9:30p,@,Oklahoma City Thunder,L,,108,120,41,22,L 1
2016,LAC,2016-03-11,10:30p,,New York Knicks,W,,101,94,42,22,W 1
2016,LAC,2016-03-13,3:30p,,Cleveland Cavaliers,L,,90,114,42,23,L 1
2016,LAC,2016-03-15,8:30p,@,San Antonio Spurs,L,,87,108,42,24,L 2
2016,LAC,2016-03-16,9:30p,@,Houston Rockets,W,,122,106,43,24,W 1
2016,LAC,2016-03-19,8:00p,@,Memphis Grizzlies,L,,102,113,43,25,L 1
2016,LAC,2016-03-20,6:00p,@,New Orleans Pelicans,L,,105,109,43,26,L 2
2016,LAC,2016-03-23,10:30p,@,Golden State Warriors,L,,98,114,43,27,L 3
2016,LAC,2016-03-24,10:30p,,Portland Trail Blazers,W,,96,94,44,27,W 1
2016,LAC,2016-03-27,3:30p,,Denver Nuggets,W,,105,90,45,27,W 2
2016,LAC,2016-03-28,10:30p,,Boston Celtics,W,,114,90,46,27,W 3
2016,LAC,2016-03-30,8:00p,@,Minnesota Timberwolves,W,,99,79,47,27,W 4
2016,LAC,2016-03-31,9:30p,@,Oklahoma City Thunder,L,,117,119,47,28,L 1
2016,LAC,2016-04-03,3:30p,,Washington Wizards,W,,114,109,48,28,W 1
2016,LAC,2016-04-05,10:30p,,Los Angeles Lakers,W,,103,81,49,28,W 2
2016,LAC,2016-04-06,10:30p,@,Los Angeles Lakers,W,,91,81,50,28,W 3
2016,LAC,2016-04-08,9:00p,@,Utah Jazz,W,OT,102,99,51,28,W 4
2016,LAC,2016-04-10,3:30p,,Dallas Mavericks,W,,98,91,52,28,W 5
2016,LAC,2016-04-12,10:30p,,Memphis Grizzlies,W,,110,84,53,28,W 6
2016,LAC,2016-04-13,10:30p,@,Phoenix Suns,L,,105,114,53,29,L 1
2016,LAC,2016-04-17,10:30p,,Portland Trail Blazers,W,,115,95,1,0,W 1
2016,LAC,2016-04-20,10:30p,,Portland Trail Blazers,W,,102,81,2,0,W 2
2016,LAC,2016-04-23,10:30p,@,Portland Trail Blazers,L,,88,96,2,1,L 1
2016,LAC,2016-04-25,10:30p,@,Portland Trail Blazers,L,,84,98,2,2,L 2
2016,LAC,2016-04-27,10:00p,,Portland Trail Blazers,L,,98,108,2,3,L 3
2016,LAC,2016-04-29,10:30p,@,Portland Trail Blazers,L,,103,106,2,4,L 4
2016,LAL,2015-10-28,10:30p,,Minnesota Timberwolves,L,,111,112,0,1,L 1
2016,LAL,2015-10-30,10:00p,@,Sacramento Kings,L,,114,132,0,2,L 2
2016,LAL,2015-11-01,9:30p,,Dallas Mavericks,L,,93,103,0,3,L 3
2016,LAL,2015-11-03,10:30p,,Denver Nuggets,L,,109,120,0,4,L 4
2016,LAL,2015-11-06,7:30p,@,Brooklyn Nets,W,,104,98,1,4,W 1
2016,LAL,2015-11-08,3:30p,@,New York Knicks,L,,95,99,1,5,L 1
2016,LAL,2015-11-10,7:30p,@,Miami Heat,L,,88,101,1,6,L 2
2016,LAL,2015-11-11,7:00p,@,Orlando Magic,L,,99,101,1,7,L 3
2016,LAL,2015-11-13,8:30p,@,Dallas Mavericks,L,,82,90,1,8,L 4
2016,LAL,2015-11-15,9:30p,,Detroit Pistons,W,,97,85,2,8,W 1
2016,LAL,2015-11-16,9:00p,@,Phoenix Suns,L,,101,120,2,9,L 1
2016,LAL,2015-11-20,10:30p,,Toronto Raptors,L,,91,102,2,10,L 2
2016,LAL,2015-11-22,9:30p,,Portland Trail Blazers,L,,93,107,2,11,L 3
2016,LAL,2015-11-24,10:30p,@,Golden State Warriors,L,,77,111,2,12,L 4
2016,LAL,2015-11-28,10:00p,@,Portland Trail Blazers,L,,96,108,2,13,L 5
2016,LAL,2015-11-29,9:30p,,Indiana Pacers,L,,103,107,2,14,L 6
2016,LAL,2015-12-01,7:00p,@,Philadelphia 76ers,L,,91,103,2,15,L 7
2016,LAL,2015-12-02,7:00p,@,Washington Wizards,W,,108,104,3,15,W 1
2016,LAL,2015-12-04,8:00p,@,Atlanta Hawks,L,,87,100,3,16,L 1
2016,LAL,2015-12-06,6:00p,@,Detroit Pistons,L,,91,111,3,17,L 2
2016,LAL,2015-12-07,7:30p,@,Toronto Raptors,L,,93,102,3,18,L 3
2016,LAL,2015-12-09,8:00p,@,Minnesota Timberwolves,L,OT,122,123,3,19,L 4
2016,LAL,2015-12-11,9:30p,@,San Antonio Spurs,L,,87,109,3,20,L 5
2016,LAL,2015-12-12,8:00p,@,Houston Rockets,L,,97,126,3,21,L 6
2016,LAL,2015-12-15,10:30p,,Milwaukee Bucks,W,,113,95,4,21,W 1
2016,LAL,2015-12-17,10:30p,,Houston Rockets,L,,87,107,4,22,L 1
2016,LAL,2015-12-19,5:00p,@,Oklahoma City Thunder,L,,78,118,4,23,L 2
2016,LAL,2015-12-22,9:00p,@,Denver Nuggets,W,,111,107,5,23,W 1
2016,LAL,2015-12-23,10:30p,,Oklahoma City Thunder,L,,85,120,5,24,L 1
2016,LAL,2015-12-25,10:30p,,Los Angeles Clippers,L,,84,94,5,25,L 2
2016,LAL,2015-12-27,6:00p,@,Memphis Grizzlies,L,,96,112,5,26,L 3
2016,LAL,2015-12-28,7:00p,@,Charlotte Hornets,L,,98,108,5,27,L 4
2016,LAL,2015-12-30,7:30p,@,Boston Celtics,W,,112,104,6,27,W 1
2016,LAL,2016-01-01,10:30p,,Philadelphia 76ers,W,,93,84,7,27,W 2
2016,LAL,2016-01-03,9:30p,,Phoenix Suns,W,,97,77,8,27,W 3
2016,LAL,2016-01-05,10:30p,,Golden State Warriors,L,,88,109,8,28,L 1
2016,LAL,2016-01-07,10:30p,@,Sacramento Kings,L,,115,118,8,29,L 2
2016,LAL,2016-01-08,10:30p,,Oklahoma City Thunder,L,,113,117,8,30,L 3
2016,LAL,2016-01-10,9:30p,,Utah Jazz,L,,74,86,8,31,L 4
2016,LAL,2016-01-12,10:30p,,New Orleans Pelicans,W,,95,91,9,31,W 1
2016,LAL,2016-01-14,10:30p,@,Golden State Warriors,L,,98,116,9,32,L 1
2016,LAL,2016-01-16,9:00p,@,Utah Jazz,L,,82,109,9,33,L 2
2016,LAL,2016-01-17,9:30p,,Houston Rockets,L,,95,112,9,34,L 3
2016,LAL,2016-01-20,10:30p,,Sacramento Kings,L,,93,112,9,35,L 4
2016,LAL,2016-01-22,10:30p,,San Antonio Spurs,L,,95,108,9,36,L 5
2016,LAL,2016-01-23,10:30p,@,Portland Trail Blazers,L,,103,121,9,37,L 6
2016,LAL,2016-01-26,10:30p,,Dallas Mavericks,L,,90,92,9,38,L 7
2016,LAL,2016-01-28,10:30p,,Chicago Bulls,L,,91,114,9,39,L 8
2016,LAL,2016-01-29,10:30p,@,Los Angeles Clippers,L,,93,105,9,40,L 9
2016,LAL,2016-01-31,9:30p,,Charlotte Hornets,L,,82,101,9,41,L 10
2016,LAL,2016-02-02,10:30p,,Minnesota Timberwolves,W,,119,115,10,41,W 1
2016,LAL,2016-02-04,9:30p,@,New Orleans Pelicans,W,,99,96,11,41,W 2
2016,LAL,2016-02-06,8:30p,@,San Antonio Spurs,L,,102,106,11,42,L 1
2016,LAL,2016-02-08,7:00p,@,Indiana Pacers,L,,87,89,11,43,L 2
2016,LAL,2016-02-10,8:00p,@,Cleveland Cavaliers,L,,111,120,11,44,L 3
2016,LAL,2016-02-19,10:30p,,San Antonio Spurs,L,,113,119,11,45,L 4
2016,LAL,2016-02-21,8:00p,@,Chicago Bulls,L,,115,126,11,46,L 5
2016,LAL,2016-02-22,8:00p,@,Milwaukee Bucks,L,,101,108,11,47,L 6
2016,LAL,2016-02-24,8:00p,@,Memphis Grizzlies,L,,119,128,11,48,L 7
2016,LAL,2016-02-26,10:30p,,Memphis Grizzlies,L,,95,112,11,49,L 8
2016,LAL,2016-03-01,10:30p,,Brooklyn Nets,W,,107,101,12,49,W 1
2016,LAL,2016-03-02,9:00p,@,Denver Nuggets,L,,107,117,12,50,L 1
2016,LAL,2016-03-04,10:30p,,Atlanta Hawks,L,,77,106,12,51,L 2
2016,LAL,2016-03-06,3:30p,,Golden State Warriors,W,,112,95,13,51,W 1
2016,LAL,2016-03-08,10:30p,,Orlando Magic,W,,107,98,14,51,W 2
2016,LAL,2016-03-10,10:30p,,Cleveland Cavaliers,L,,108,120,14,52,L 1
2016,LAL,2016-03-13,9:30p,,New York Knicks,L,,87,90,14,53,L 2
2016,LAL,2016-03-15,10:30p,,Sacramento Kings,L,,98,106,14,54,L 3
2016,LAL,2016-03-18,10:30p,,Phoenix Suns,L,,90,95,14,55,L 4
2016,LAL,2016-03-22,10:30p,,Memphis Grizzlies,W,,107,100,15,55,W 1
2016,LAL,2016-03-23,10:00p,@,Phoenix Suns,L,,107,119,15,56,L 1
2016,LAL,2016-03-25,10:30p,,Denver Nuggets,L,,105,116,15,57,L 2
2016,LAL,2016-03-27,9:30p,,Washington Wizards,L,,88,101,15,58,L 3
2016,LAL,2016-03-28,9:00p,@,Utah Jazz,L,,75,123,15,59,L 4
2016,LAL,2016-03-30,10:30p,,Miami Heat,W,OT,102,100,16,59,W 1
2016,LAL,2016-04-03,9:30p,,Boston Celtics,L,,100,107,16,60,L 1
2016,LAL,2016-04-05,10:30p,@,Los Angeles Clippers,L,,81,103,16,61,L 2
2016,LAL,2016-04-06,10:30p,,Los Angeles Clippers,L,,81,91,16,62,L 3
2016,LAL,2016-04-08,8:00p,@,New Orleans Pelicans,L,,102,110,16,63,L 4
2016,LAL,2016-04-10,3:30p,@,Houston Rockets,L,,110,130,16,64,L 5
2016,LAL,2016-04-11,8:00p,@,Oklahoma City Thunder,L,,79,112,16,65,L 6
2016,LAL,2016-04-13,10:30p,,Utah Jazz,W,,101,96,17,65,W 1
2016,MEM,2015-10-28,8:00p,,Cleveland Cavaliers,L,,76,106,0,1,L 1
2016,MEM,2015-10-29,7:00p,@,Indiana Pacers,W,,112,103,1,1,W 1
2016,MEM,2015-10-31,8:00p,,Brooklyn Nets,W,,101,91,2,1,W 2
2016,MEM,2015-11-02,10:30p,@,Golden State Warriors,L,,69,119,2,2,L 1
2016,MEM,2015-11-03,10:00p,@,Sacramento Kings,W,,103,89,3,2,W 1
2016,MEM,2015-11-05,10:30p,@,Portland Trail Blazers,L,,96,115,3,3,L 1
2016,MEM,2015-11-07,9:00p,@,Utah Jazz,L,,79,89,3,4,L 2
2016,MEM,2015-11-09,10:30p,@,Los Angeles Clippers,L,,92,94,3,5,L 3
2016,MEM,2015-11-11,8:00p,,Golden State Warriors,L,,84,100,3,6,L 4
2016,MEM,2015-11-13,8:00p,,Portland Trail Blazers,W,,101,100,4,6,W 1
2016,MEM,2015-11-15,3:30p,@,Minnesota Timberwolves,W,,114,106,5,6,W 2
2016,MEM,2015-11-16,8:00p,,Oklahoma City Thunder,W,,122,114,6,6,W 3
2016,MEM,2015-11-20,8:00p,,Houston Rockets,W,,96,84,7,6,W 4
2016,MEM,2015-11-21,8:30p,@,San Antonio Spurs,L,,82,92,7,7,L 1
2016,MEM,2015-11-24,8:00p,,Dallas Mavericks,W,,110,96,8,7,W 1
2016,MEM,2015-11-25,8:00p,@,Houston Rockets,W,,102,93,9,7,W 2
2016,MEM,2015-11-27,8:00p,,Atlanta Hawks,L,,101,116,9,8,L 1
2016,MEM,2015-11-29,6:00p,,Philadelphia 76ers,W,,92,84,10,8,W 1
2016,MEM,2015-12-01,8:00p,@,New Orleans Pelicans,W,,113,104,11,8,W 2
2016,MEM,2015-12-03,9:30p,,San Antonio Spurs,L,,83,103,11,9,L 1
2016,MEM,2015-12-06,3:30p,,Phoenix Suns,W,,95,93,12,9,W 1
2016,MEM,2015-12-08,8:00p,,Oklahoma City Thunder,L,,88,125,12,10,L 1
2016,MEM,2015-12-09,7:30p,@,Detroit Pistons,W,,93,92,13,10,W 1
2016,MEM,2015-12-11,8:00p,,Charlotte Hornets,L,,99,123,13,11,L 1
2016,MEM,2015-12-13,6:00p,@,Miami Heat,L,,97,100,13,12,L 2
2016,MEM,2015-12-14,8:00p,,Washington Wizards,W,,112,95,14,12,W 1
2016,MEM,2015-12-16,8:00p,@,Chicago Bulls,L,,85,98,14,13,L 1
2016,MEM,2015-12-18,8:30p,@,Dallas Mavericks,L,,88,97,14,14,L 2
2016,MEM,2015-12-19,8:00p,,Indiana Pacers,W,,96,84,15,14,W 1
2016,MEM,2015-12-22,7:00p,@,Philadelphia 76ers,W,,104,90,16,14,W 2
2016,MEM,2015-12-23,7:00p,@,Washington Wizards,L,,91,100,16,15,L 1
2016,MEM,2015-12-26,7:00p,@,Charlotte Hornets,L,,92,98,16,16,L 2
2016,MEM,2015-12-27,6:00p,,Los Angeles Lakers,W,,112,96,17,16,W 1
2016,MEM,2015-12-29,8:00p,,Miami Heat,W,OT,99,90,18,16,W 2
2016,MEM,2016-01-02,9:00p,@,Utah Jazz,L,OT,87,92,18,17,L 1
2016,MEM,2016-01-04,10:00p,@,Portland Trail Blazers,W,,91,78,19,17,W 1
2016,MEM,2016-01-06,9:30p,@,Oklahoma City Thunder,L,,94,112,19,18,L 1
2016,MEM,2016-01-08,8:00p,,Denver Nuggets,W,,91,84,20,18,W 1
2016,MEM,2016-01-10,6:00p,,Boston Celtics,W,,101,98,21,18,W 2
2016,MEM,2016-01-12,8:00p,,Houston Rockets,L,,91,107,21,19,L 1
2016,MEM,2016-01-14,8:00p,,Detroit Pistons,W,,103,101,22,19,W 1
2016,MEM,2016-01-16,8:00p,,New York Knicks,W,,103,95,23,19,W 2
2016,MEM,2016-01-18,2:30p,,New Orleans Pelicans,W,,101,99,24,19,W 3
2016,MEM,2016-01-21,9:00p,@,Denver Nuggets,W,,102,101,25,19,W 4
2016,MEM,2016-01-23,8:00p,@,Minnesota Timberwolves,L,,101,106,25,20,L 1
2016,MEM,2016-01-25,8:00p,,Orlando Magic,W,OT,108,102,26,20,W 1
2016,MEM,2016-01-28,8:00p,,Milwaukee Bucks,W,,103,83,27,20,W 2
2016,MEM,2016-01-30,8:00p,,Sacramento Kings,W,,121,117,28,20,W 3
2016,MEM,2016-02-01,8:00p,@,New Orleans Pelicans,W,,110,95,29,20,W 4
2016,MEM,2016-02-05,7:30p,@,New York Knicks,W,,91,85,30,20,W 5
2016,MEM,2016-02-06,8:00p,,Dallas Mavericks,L,OT,110,114,30,21,L 1
2016,MEM,2016-02-08,8:00p,,Portland Trail Blazers,L,OT,106,112,30,22,L 2
2016,MEM,2016-02-10,7:30p,@,Brooklyn Nets,W,,109,90,31,22,W 1
2016,MEM,2016-02-19,8:00p,,Minnesota Timberwolves,W,,109,104,32,22,W 2
2016,MEM,2016-02-21,6:00p,@,Toronto Raptors,L,,85,98,32,23,L 1
2016,MEM,2016-02-24,8:00p,,Los Angeles Lakers,W,,128,119,33,23,W 1
2016,MEM,2016-02-26,10:30p,@,Los Angeles Lakers,W,,112,95,34,23,W 2
2016,MEM,2016-02-27,9:30p,@,Phoenix Suns,L,,106,111,34,24,L 1
2016,MEM,2016-02-29,9:00p,@,Denver Nuggets,W,,103,96,35,24,W 1
2016,MEM,2016-03-02,8:00p,,Sacramento Kings,W,,104,98,36,24,W 2
2016,MEM,2016-03-04,8:00p,,Utah Jazz,W,,94,88,37,24,W 3
2016,MEM,2016-03-06,4:00p,,Phoenix Suns,L,,100,109,37,25,L 1
2016,MEM,2016-03-07,7:00p,@,Cleveland Cavaliers,W,,106,103,38,25,W 1
2016,MEM,2016-03-09,7:00p,@,Boston Celtics,L,,96,116,38,26,L 1
2016,MEM,2016-03-11,8:00p,,New Orleans Pelicans,W,OT,121,114,39,26,W 1
2016,MEM,2016-03-12,7:30p,@,Atlanta Hawks,L,,83,95,39,27,L 1
2016,MEM,2016-03-14,8:00p,@,Houston Rockets,L,,81,130,39,28,L 2
2016,MEM,2016-03-16,8:00p,,Minnesota Timberwolves,L,,108,114,39,29,L 3
2016,MEM,2016-03-17,8:00p,@,Milwaukee Bucks,L,,86,96,39,30,L 4
2016,MEM,2016-03-19,8:00p,,Los Angeles Clippers,W,,113,102,40,30,W 1
2016,MEM,2016-03-21,10:00p,@,Phoenix Suns,W,,103,97,41,30,W 2
2016,MEM,2016-03-22,10:30p,@,Los Angeles Lakers,L,,100,107,41,31,L 1
2016,MEM,2016-03-25,8:30p,@,San Antonio Spurs,L,,104,110,41,32,L 2
2016,MEM,2016-03-28,8:00p,,San Antonio Spurs,L,,87,101,41,33,L 3
2016,MEM,2016-03-30,8:00p,,Denver Nuggets,L,,105,109,41,34,L 4
2016,MEM,2016-04-01,8:00p,,Toronto Raptors,L,,95,99,41,35,L 5
2016,MEM,2016-04-03,6:00p,@,Orlando Magic,L,,107,119,41,36,L 6
2016,MEM,2016-04-05,8:00p,,Chicago Bulls,W,,108,92,42,36,W 1
2016,MEM,2016-04-08,8:30p,@,Dallas Mavericks,L,,93,103,42,37,L 1
2016,MEM,2016-04-09,8:00p,,Golden State Warriors,L,,99,100,42,38,L 2
2016,MEM,2016-04-12,10:30p,@,Los Angeles Clippers,L,,84,110,42,39,L 3
2016,MEM,2016-04-13,10:30p,@,Golden State Warriors,L,,104,125,42,40,L 4
2016,MEM,2016-04-17,8:00p,@,San Antonio Spurs,L,,74,106,0,1,L 1
2016,MEM,2016-04-19,9:30p,@,San Antonio Spurs,L,,68,94,0,2,L 2
2016,MEM,2016-04-22,9:30p,,San Antonio Spurs,L,,87,96,0,3,L 3
2016,MEM,2016-04-24,1:00p,,San Antonio Spurs,L,,95,116,0,4,L 4
2016,MIA,2015-10-28,7:30p,,Charlotte Hornets,W,,104,94,1,0,W 1
2016,MIA,2015-10-30,7:00p,@,Cleveland Cavaliers,L,,92,102,1,1,L 1
2016,MIA,2015-11-01,6:00p,,Houston Rockets,W,,109,89,2,1,W 1
2016,MIA,2015-11-03,7:30p,,Atlanta Hawks,L,,92,98,2,2,L 1
2016,MIA,2015-11-05,8:00p,@,Minnesota Timberwolves,W,,96,84,3,2,W 1
2016,MIA,2015-11-06,8:00p,@,Indiana Pacers,L,,87,90,3,3,L 1
2016,MIA,2015-11-08,6:00p,,Toronto Raptors,W,,96,76,4,3,W 1
2016,MIA,2015-11-10,7:30p,,Los Angeles Lakers,W,,101,88,5,3,W 2
2016,MIA,2015-11-12,7:30p,,Utah Jazz,W,,92,91,6,3,W 3
2016,MIA,2015-11-17,7:30p,,Minnesota Timberwolves,L,,91,103,6,4,L 1
2016,MIA,2015-11-19,7:30p,,Sacramento Kings,W,,116,109,7,4,W 1
2016,MIA,2015-11-21,8:00p,,Philadelphia 76ers,W,,96,91,8,4,W 2
2016,MIA,2015-11-23,7:30p,,New York Knicks,W,,95,78,9,4,W 3
2016,MIA,2015-11-25,7:30p,@,Detroit Pistons,L,,81,104,9,5,L 1
2016,MIA,2015-11-27,7:30p,@,New York Knicks,W,,97,78,10,5,W 1
2016,MIA,2015-11-30,7:30p,,Boston Celtics,L,,95,105,10,6,L 1
2016,MIA,2015-12-03,7:00p,,Oklahoma City Thunder,W,,97,95,11,6,W 1
2016,MIA,2015-12-05,8:00p,,Cleveland Cavaliers,W,,99,84,12,6,W 2
2016,MIA,2015-12-07,7:30p,,Washington Wizards,L,,103,114,12,7,L 1
2016,MIA,2015-12-09,7:00p,@,Charlotte Hornets,L,,81,99,12,8,L 2
2016,MIA,2015-12-11,7:00p,@,Indiana Pacers,L,,83,96,12,9,L 3
2016,MIA,2015-12-13,6:00p,,Memphis Grizzlies,W,,100,97,13,9,W 1
2016,MIA,2015-12-14,8:00p,@,Atlanta Hawks,W,,100,88,14,9,W 2
2016,MIA,2015-12-16,7:30p,@,Brooklyn Nets,W,,104,98,15,9,W 3
2016,MIA,2015-12-18,8:00p,,Toronto Raptors,L,,94,108,15,10,L 1
2016,MIA,2015-12-20,1:00p,,Portland Trail Blazers,W,,116,109,16,10,W 1
2016,MIA,2015-12-22,7:30p,,Detroit Pistons,L,,92,93,16,11,L 1
2016,MIA,2015-12-25,12:00p,,New Orleans Pelicans,W,OT,94,88,17,11,W 1
2016,MIA,2015-12-26,7:00p,@,Orlando Magic,W,,108,101,18,11,W 2
2016,MIA,2015-12-28,7:30p,,Brooklyn Nets,L,,105,111,18,12,L 1
2016,MIA,2015-12-29,8:00p,@,Memphis Grizzlies,L,OT,90,99,18,13,L 2
2016,MIA,2016-01-01,7:30p,,Dallas Mavericks,W,,106,82,19,13,W 1
2016,MIA,2016-01-03,6:00p,@,Washington Wizards,W,,97,75,20,13,W 2
2016,MIA,2016-01-04,7:30p,,Indiana Pacers,W,OT,103,100,21,13,W 3
2016,MIA,2016-01-06,7:00p,,New York Knicks,L,,90,98,21,14,L 1
2016,MIA,2016-01-08,9:30p,@,Phoenix Suns,W,,103,95,22,14,W 1
2016,MIA,2016-01-09,9:00p,@,Utah Jazz,L,,83,98,22,15,L 1
2016,MIA,2016-01-11,10:30p,@,Golden State Warriors,L,,103,111,22,16,L 2
2016,MIA,2016-01-13,10:30p,@,Los Angeles Clippers,L,,90,104,22,17,L 3
2016,MIA,2016-01-15,9:00p,@,Denver Nuggets,W,,98,95,23,17,W 1
2016,MIA,2016-01-17,7:00p,@,Oklahoma City Thunder,L,,74,99,23,18,L 1
2016,MIA,2016-01-19,7:30p,,Milwaukee Bucks,L,,79,91,23,19,L 2
2016,MIA,2016-01-20,7:00p,@,Washington Wizards,L,,87,106,23,20,L 3
2016,MIA,2016-01-22,8:00p,@,Toronto Raptors,L,,81,101,23,21,L 4
2016,MIA,2016-01-25,8:00p,@,Chicago Bulls,W,,89,84,24,21,W 1
2016,MIA,2016-01-26,7:30p,@,Brooklyn Nets,W,,102,98,25,21,W 2
2016,MIA,2016-01-29,8:00p,@,Milwaukee Bucks,W,,107,103,26,21,W 3
2016,MIA,2016-01-31,6:00p,,Atlanta Hawks,W,,105,87,27,21,W 4
2016,MIA,2016-02-02,8:00p,@,Houston Rockets,L,,102,115,27,22,L 1
2016,MIA,2016-02-03,8:30p,@,Dallas Mavericks,W,,93,90,28,22,W 1
2016,MIA,2016-02-05,7:00p,@,Charlotte Hornets,W,,98,95,29,22,W 2
2016,MIA,2016-02-07,2:00p,,Los Angeles Clippers,L,,93,100,29,23,L 1
2016,MIA,2016-02-09,8:00p,,San Antonio Spurs,L,,101,119,29,24,L 2
2016,MIA,2016-02-19,8:00p,@,Atlanta Hawks,W,,115,111,30,24,W 1
2016,MIA,2016-02-20,7:30p,,Washington Wizards,W,,114,94,31,24,W 2
2016,MIA,2016-02-22,7:30p,,Indiana Pacers,W,OT,101,93,32,24,W 3
2016,MIA,2016-02-24,7:30p,,Golden State Warriors,L,,112,118,32,25,L 1
2016,MIA,2016-02-27,3:00p,@,Boston Celtics,L,,89,101,32,26,L 2
2016,MIA,2016-02-28,7:30p,@,New York Knicks,W,,98,81,33,26,W 1
2016,MIA,2016-03-01,7:30p,,Chicago Bulls,W,,129,111,34,26,W 2
2016,MIA,2016-03-03,7:30p,,Phoenix Suns,W,,108,92,35,26,W 3
2016,MIA,2016-03-04,7:00p,@,Philadelphia 76ers,W,,112,102,36,26,W 4
2016,MIA,2016-03-06,6:00p,,Philadelphia 76ers,W,,103,98,37,26,W 5
2016,MIA,2016-03-09,8:00p,@,Milwaukee Bucks,L,,108,114,37,27,L 1
2016,MIA,2016-03-11,8:00p,@,Chicago Bulls,W,,118,96,38,27,W 1
2016,MIA,2016-03-12,7:00p,@,Toronto Raptors,L,OT,104,112,38,28,L 1
2016,MIA,2016-03-14,7:30p,,Denver Nuggets,W,,124,119,39,28,W 1
2016,MIA,2016-03-17,7:30p,,Charlotte Hornets,L,,106,109,39,29,L 1
2016,MIA,2016-03-19,7:30p,,Cleveland Cavaliers,W,,122,101,40,29,W 1
2016,MIA,2016-03-22,8:00p,@,New Orleans Pelicans,W,,113,99,41,29,W 2
2016,MIA,2016-03-23,8:30p,@,San Antonio Spurs,L,,88,112,41,30,L 1
2016,MIA,2016-03-25,8:00p,,Orlando Magic,W,,108,97,42,30,W 1
2016,MIA,2016-03-28,7:30p,,Brooklyn Nets,W,,110,99,43,30,W 2
2016,MIA,2016-03-30,10:30p,@,Los Angeles Lakers,L,OT,100,102,43,31,L 1
2016,MIA,2016-04-01,10:00p,@,Sacramento Kings,W,,112,106,44,31,W 1
2016,MIA,2016-04-02,10:00p,@,Portland Trail Blazers,L,,93,110,44,32,L 1
2016,MIA,2016-04-05,8:00p,,Detroit Pistons,W,,107,89,45,32,W 1
2016,MIA,2016-04-07,8:00p,,Chicago Bulls,W,,106,98,46,32,W 2
2016,MIA,2016-04-08,7:00p,@,Orlando Magic,L,,109,112,46,33,L 1
2016,MIA,2016-04-10,6:00p,,Orlando Magic,W,,118,96,47,33,W 1
2016,MIA,2016-04-12,7:30p,@,Detroit Pistons,W,,99,93,48,33,W 2
2016,MIA,2016-04-13,8:00p,@,Boston Celtics,L,,88,98,48,34,L 1
2016,MIA,2016-04-17,5:30p,,Charlotte Hornets,W,,123,91,1,0,W 1
2016,MIA,2016-04-20,7:00p,,Charlotte Hornets,W,,115,103,2,0,W 2
2016,MIA,2016-04-23,5:30p,@,Charlotte Hornets,L,,80,96,2,1,L 1
2016,MIA,2016-04-25,7:00p,@,Charlotte Hornets,L,,85,89,2,2,L 2
2016,MIA,2016-04-27,8:00p,,Charlotte Hornets,L,,88,90,2,3,L 3
2016,MIA,2016-04-29,8:00p,@,Charlotte Hornets,W,,97,90,3,3,W 1
2016,MIA,2016-05-01,1:00p,,Charlotte Hornets,W,,106,73,4,3,W 2
2016,MIA,2016-05-03,8:00p,@,Toronto Raptors,W,OT,102,96,5,3,W 3
2016,MIA,2016-05-05,8:00p,@,Toronto Raptors,L,OT,92,96,5,4,L 1
2016,MIA,2016-05-07,5:00p,,Toronto Raptors,L,,91,95,5,5,L 2
2016,MIA,2016-05-09,8:00p,,Toronto Raptors,W,OT,94,87,6,5,W 1
2016,MIA,2016-05-11,8:00p,@,Toronto Raptors,L,,91,99,6,6,L 1
2016,MIA,2016-05-13,8:00p,,Toronto Raptors,W,,103,91,7,6,W 1
2016,MIA,2016-05-15,3:30p,@,Toronto Raptors,L,,89,116,7,7,L 1
2016,MIL,2015-10-28,8:00p,,New York Knicks,L,,97,122,0,1,L 1
2016,MIL,2015-10-30,8:00p,,Washington Wizards,L,,113,118,0,2,L 2
2016,MIL,2015-11-01,6:00p,@,Toronto Raptors,L,,87,106,0,3,L 3
2016,MIL,2015-11-02,7:30p,@,Brooklyn Nets,W,,103,96,1,3,W 1
2016,MIL,2015-11-04,8:00p,,Philadelphia 76ers,W,,91,87,2,3,W 2
2016,MIL,2015-11-06,7:30p,@,New York Knicks,W,,99,92,3,3,W 3
2016,MIL,2015-11-07,8:30p,,Brooklyn Nets,W,,94,86,4,3,W 4
2016,MIL,2015-11-10,8:00p,,Boston Celtics,L,,83,99,4,4,L 1
2016,MIL,2015-11-11,9:00p,@,Denver Nuggets,L,,102,103,4,5,L 2
2016,MIL,2015-11-14,8:30p,,Cleveland Cavaliers,W,2OT,108,105,5,5,W 1
2016,MIL,2015-11-17,7:00p,@,Washington Wizards,L,,86,115,5,6,L 1
2016,MIL,2015-11-19,8:00p,@,Cleveland Cavaliers,L,,100,115,5,7,L 2
2016,MIL,2015-11-21,7:00p,@,Indiana Pacers,L,,86,123,5,8,L 3
2016,MIL,2015-11-23,8:00p,,Detroit Pistons,W,,109,88,6,8,W 1
2016,MIL,2015-11-25,8:00p,,Sacramento Kings,L,,118,129,6,9,L 1
2016,MIL,2015-11-27,7:00p,@,Orlando Magic,L,,90,114,6,10,L 2
2016,MIL,2015-11-29,2:00p,@,Charlotte Hornets,L,,82,87,6,11,L 3
2016,MIL,2015-11-30,8:00p,,Denver Nuggets,W,,92,74,7,11,W 1
2016,MIL,2015-12-02,8:30p,@,San Antonio Spurs,L,,70,95,7,12,L 1
2016,MIL,2015-12-04,7:30p,@,Detroit Pistons,L,,95,102,7,13,L 2
2016,MIL,2015-12-05,8:30p,,New York Knicks,W,,106,91,8,13,W 1
2016,MIL,2015-12-07,8:00p,,Portland Trail Blazers,W,,90,88,9,13,W 2
2016,MIL,2015-12-09,8:00p,,Los Angeles Clippers,L,,95,109,9,14,L 1
2016,MIL,2015-12-11,7:30p,@,Toronto Raptors,L,,83,90,9,15,L 2
2016,MIL,2015-12-12,8:30p,,Golden State Warriors,W,,108,95,10,15,W 1
2016,MIL,2015-12-15,10:30p,@,Los Angeles Lakers,L,,95,113,10,16,L 1
2016,MIL,2015-12-16,10:30p,@,Los Angeles Clippers,L,,90,103,10,17,L 2
2016,MIL,2015-12-18,10:30p,@,Golden State Warriors,L,,112,121,10,18,L 3
2016,MIL,2015-12-20,5:00p,@,Phoenix Suns,W,,101,95,11,18,W 1
2016,MIL,2015-12-23,8:00p,,Philadelphia 76ers,W,,113,100,12,18,W 2
2016,MIL,2015-12-26,5:00p,,Toronto Raptors,L,,90,111,12,19,L 1
2016,MIL,2015-12-28,8:30p,@,Dallas Mavericks,L,,93,103,12,20,L 2
2016,MIL,2015-12-29,8:00p,@,Oklahoma City Thunder,L,,123,131,12,21,L 3
2016,MIL,2015-12-31,6:00p,@,Indiana Pacers,W,,120,116,13,21,W 1
2016,MIL,2016-01-02,8:00p,@,Minnesota Timberwolves,W,,95,85,14,21,W 2
2016,MIL,2016-01-04,8:00p,,San Antonio Spurs,L,,98,123,14,22,L 1
2016,MIL,2016-01-05,8:00p,@,Chicago Bulls,L,,106,117,14,23,L 2
2016,MIL,2016-01-08,8:00p,,Dallas Mavericks,W,,96,95,15,23,W 1
2016,MIL,2016-01-10,7:30p,@,New York Knicks,L,,88,100,15,24,L 1
2016,MIL,2016-01-12,8:00p,,Chicago Bulls,W,,106,101,16,24,W 1
2016,MIL,2016-01-13,7:00p,@,Washington Wizards,L,,101,106,16,25,L 1
2016,MIL,2016-01-15,8:00p,,Atlanta Hawks,W,OT,108,101,17,25,W 1
2016,MIL,2016-01-16,7:00p,@,Charlotte Hornets,W,,105,92,18,25,W 2
2016,MIL,2016-01-19,7:30p,@,Miami Heat,W,,91,79,19,25,W 3
2016,MIL,2016-01-22,8:00p,@,Houston Rockets,L,,98,102,19,26,L 1
2016,MIL,2016-01-23,7:00p,@,New Orleans Pelicans,L,,99,116,19,27,L 2
2016,MIL,2016-01-26,8:00p,,Orlando Magic,W,,107,100,20,27,W 1
2016,MIL,2016-01-28,8:00p,@,Memphis Grizzlies,L,,83,103,20,28,L 1
2016,MIL,2016-01-29,8:00p,,Miami Heat,L,,103,107,20,29,L 2
2016,MIL,2016-02-01,10:00p,@,Sacramento Kings,L,,104,111,20,30,L 3
2016,MIL,2016-02-02,10:00p,@,Portland Trail Blazers,L,,95,107,20,31,L 4
2016,MIL,2016-02-05,9:00p,@,Utah Jazz,L,,81,84,20,32,L 5
2016,MIL,2016-02-09,8:00p,,Boston Celtics,W,,112,111,21,32,W 1
2016,MIL,2016-02-11,8:00p,,Washington Wizards,W,,99,92,22,32,W 2
2016,MIL,2016-02-19,8:00p,,Charlotte Hornets,L,,95,98,22,33,L 1
2016,MIL,2016-02-20,7:30p,@,Atlanta Hawks,W,2OT,117,109,23,33,W 1
2016,MIL,2016-02-22,8:00p,,Los Angeles Lakers,W,,108,101,24,33,W 2
2016,MIL,2016-02-25,7:30p,@,Boston Celtics,L,,107,112,24,34,L 1
2016,MIL,2016-02-27,8:30p,,Detroit Pistons,L,,91,102,24,35,L 2
2016,MIL,2016-02-29,8:00p,,Houston Rockets,W,,128,121,25,35,W 1
2016,MIL,2016-03-02,8:00p,,Indiana Pacers,L,,99,104,25,36,L 1
2016,MIL,2016-03-04,8:00p,,Minnesota Timberwolves,W,,116,101,26,36,W 1
2016,MIL,2016-03-06,3:30p,,Oklahoma City Thunder,L,,96,104,26,37,L 1
2016,MIL,2016-03-07,8:00p,@,Chicago Bulls,L,,90,100,26,38,L 2
2016,MIL,2016-03-09,8:00p,,Miami Heat,W,,114,108,27,38,W 1
2016,MIL,2016-03-12,7:30p,,New Orleans Pelicans,W,,103,92,28,38,W 2
2016,MIL,2016-03-13,8:00p,@,Brooklyn Nets,W,,109,100,29,38,W 3
2016,MIL,2016-03-15,8:00p,,Toronto Raptors,L,,89,107,29,39,L 1
2016,MIL,2016-03-17,8:00p,,Memphis Grizzlies,W,,96,86,30,39,W 1
2016,MIL,2016-03-20,7:00p,,Utah Jazz,L,,85,94,30,40,L 1
2016,MIL,2016-03-21,7:30p,@,Detroit Pistons,L,,91,92,30,41,L 2
2016,MIL,2016-03-23,7:00p,@,Cleveland Cavaliers,L,,104,113,30,42,L 3
2016,MIL,2016-03-25,8:00p,@,Atlanta Hawks,L,,90,101,30,43,L 4
2016,MIL,2016-03-26,8:30p,,Charlotte Hornets,L,,91,115,30,44,L 5
2016,MIL,2016-03-30,8:00p,,Phoenix Suns,W,,105,94,31,44,W 1
2016,MIL,2016-04-01,8:00p,,Orlando Magic,W,,113,110,32,44,W 2
2016,MIL,2016-04-03,7:00p,,Chicago Bulls,L,,98,102,32,45,L 1
2016,MIL,2016-04-05,8:00p,,Cleveland Cavaliers,L,,80,109,32,46,L 2
2016,MIL,2016-04-08,7:30p,@,Boston Celtics,L,,109,124,32,47,L 3
2016,MIL,2016-04-10,5:00p,@,Philadelphia 76ers,W,OT,109,108,33,47,W 1
2016,MIL,2016-04-11,7:00p,@,Orlando Magic,L,,98,107,33,48,L 1
2016,MIL,2016-04-13,8:00p,,Indiana Pacers,L,,92,97,33,49,L 2
2016,MIN,2015-10-28,10:30p,@,Los Angeles Lakers,W,,112,111,1,0,W 1
2016,MIN,2015-10-30,9:00p,@,Denver Nuggets,W,,95,78,2,0,W 2
2016,MIN,2015-11-02,8:00p,,Portland Trail Blazers,L,,101,106,2,1,L 1
2016,MIN,2015-11-05,8:00p,,Miami Heat,L,,84,96,2,2,L 2
2016,MIN,2015-11-07,6:00p,@,Chicago Bulls,W,OT,102,93,3,2,W 1
2016,MIN,2015-11-09,8:00p,@,Atlanta Hawks,W,,117,107,4,2,W 2
2016,MIN,2015-11-10,8:00p,,Charlotte Hornets,L,,95,104,4,3,L 1
2016,MIN,2015-11-12,8:00p,,Golden State Warriors,L,,116,129,4,4,L 2
2016,MIN,2015-11-13,7:00p,@,Indiana Pacers,L,,103,107,4,5,L 3
2016,MIN,2015-11-15,3:30p,,Memphis Grizzlies,L,,106,114,4,6,L 4
2016,MIN,2015-11-17,7:30p,@,Miami Heat,W,,103,91,5,6,W 1
2016,MIN,2015-11-18,7:00p,@,Orlando Magic,L,OT,101,104,5,7,L 1
2016,MIN,2015-11-20,8:00p,,Detroit Pistons,L,,86,96,5,8,L 2
2016,MIN,2015-11-23,8:00p,,Philadelphia 76ers,W,,100,95,6,8,W 1
2016,MIN,2015-11-25,8:00p,,Atlanta Hawks,W,,99,95,7,8,W 2
2016,MIN,2015-11-27,10:00p,@,Sacramento Kings,W,,101,91,8,8,W 3
2016,MIN,2015-11-29,3:30p,@,Los Angeles Clippers,L,,99,107,8,9,L 1
2016,MIN,2015-12-01,8:00p,,Orlando Magic,L,,93,96,8,10,L 2
2016,MIN,2015-12-05,8:00p,,Portland Trail Blazers,L,,103,109,8,11,L 3
2016,MIN,2015-12-07,8:00p,,Los Angeles Clippers,L,,106,110,8,12,L 4
2016,MIN,2015-12-09,8:00p,,Los Angeles Lakers,W,OT,123,122,9,12,W 1
2016,MIN,2015-12-11,9:00p,@,Denver Nuggets,L,OT,108,111,9,13,L 1
2016,MIN,2015-12-13,3:30p,@,Phoenix Suns,L,,101,108,9,14,L 2
2016,MIN,2015-12-15,8:00p,,Denver Nuggets,L,,100,112,9,15,L 3
2016,MIN,2015-12-16,7:30p,@,New York Knicks,L,,102,107,9,16,L 4
2016,MIN,2015-12-18,8:00p,,Sacramento Kings,W,,99,95,10,16,W 1
2016,MIN,2015-12-20,1:00p,@,Brooklyn Nets,W,,100,85,11,16,W 2
2016,MIN,2015-12-21,7:30p,@,Boston Celtics,L,,99,113,11,17,L 1
2016,MIN,2015-12-23,8:00p,,San Antonio Spurs,L,,83,108,11,18,L 2
2016,MIN,2015-12-26,8:00p,,Indiana Pacers,L,,88,102,11,19,L 3
2016,MIN,2015-12-28,8:30p,@,San Antonio Spurs,L,,95,101,11,20,L 4
2016,MIN,2015-12-30,8:00p,,Utah Jazz,W,,94,80,12,20,W 1
2016,MIN,2015-12-31,6:00p,@,Detroit Pistons,L,,90,115,12,21,L 1
2016,MIN,2016-01-02,8:00p,,Milwaukee Bucks,L,,85,95,12,22,L 2
2016,MIN,2016-01-04,7:00p,@,Philadelphia 76ers,L,,99,109,12,23,L 3
2016,MIN,2016-01-06,8:00p,,Denver Nuggets,L,,74,78,12,24,L 4
2016,MIN,2016-01-08,8:00p,,Cleveland Cavaliers,L,,99,125,12,25,L 5
2016,MIN,2016-01-10,5:00p,,Dallas Mavericks,L,,87,93,12,26,L 6
2016,MIN,2016-01-12,8:00p,,Oklahoma City Thunder,L,,96,101,12,27,L 7
2016,MIN,2016-01-13,8:00p,@,Houston Rockets,L,,104,107,12,28,L 8
2016,MIN,2016-01-15,7:00p,@,Oklahoma City Thunder,L,,93,113,12,29,L 9
2016,MIN,2016-01-17,3:30p,,Phoenix Suns,W,,117,87,13,29,W 1
2016,MIN,2016-01-19,8:00p,@,New Orleans Pelicans,L,,99,114,13,30,L 1
2016,MIN,2016-01-20,8:30p,@,Dallas Mavericks,L,OT,94,106,13,31,L 2
2016,MIN,2016-01-23,8:00p,,Memphis Grizzlies,W,,106,101,14,31,W 1
2016,MIN,2016-01-25,7:00p,@,Cleveland Cavaliers,L,,107,114,14,32,L 1
2016,MIN,2016-01-27,8:00p,,Oklahoma City Thunder,L,,123,126,14,33,L 2
2016,MIN,2016-01-29,9:00p,@,Utah Jazz,L,,90,103,14,34,L 3
2016,MIN,2016-01-31,9:00p,@,Portland Trail Blazers,L,,93,96,14,35,L 4
2016,MIN,2016-02-02,10:30p,@,Los Angeles Lakers,L,,115,119,14,36,L 5
2016,MIN,2016-02-03,10:30p,@,Los Angeles Clippers,W,,108,102,15,36,W 1
2016,MIN,2016-02-06,8:00p,,Chicago Bulls,W,,112,105,16,36,W 2
2016,MIN,2016-02-08,8:00p,,New Orleans Pelicans,L,,102,116,16,37,L 1
2016,MIN,2016-02-10,8:00p,,Toronto Raptors,W,,117,112,17,37,W 1
2016,MIN,2016-02-19,8:00p,@,Memphis Grizzlies,L,,104,109,17,38,L 1
2016,MIN,2016-02-20,8:00p,,New York Knicks,L,,95,103,17,39,L 2
2016,MIN,2016-02-22,8:00p,,Boston Celtics,W,,124,122,18,39,W 1
2016,MIN,2016-02-24,7:30p,@,Toronto Raptors,L,,105,114,18,40,L 1
2016,MIN,2016-02-27,7:00p,@,New Orleans Pelicans,W,,112,110,19,40,W 1
2016,MIN,2016-02-28,7:00p,@,Dallas Mavericks,L,,101,128,19,41,L 1
2016,MIN,2016-03-02,8:00p,,Washington Wizards,L,,98,104,19,42,L 2
2016,MIN,2016-03-04,8:00p,@,Milwaukee Bucks,L,,101,116,19,43,L 3
2016,MIN,2016-03-05,8:00p,,Brooklyn Nets,W,,132,118,20,43,W 1
2016,MIN,2016-03-07,7:00p,@,Charlotte Hornets,L,,103,108,20,44,L 1
2016,MIN,2016-03-08,8:00p,,San Antonio Spurs,L,,91,116,20,45,L 2
2016,MIN,2016-03-11,8:00p,@,Oklahoma City Thunder,W,,99,96,21,45,W 1
2016,MIN,2016-03-14,10:00p,@,Phoenix Suns,L,,104,107,21,46,L 1
2016,MIN,2016-03-16,8:00p,@,Memphis Grizzlies,W,,114,108,22,46,W 1
2016,MIN,2016-03-18,8:00p,@,Houston Rockets,L,,111,116,22,47,L 1
2016,MIN,2016-03-21,8:00p,,Golden State Warriors,L,,104,109,22,48,L 2
2016,MIN,2016-03-23,8:00p,,Sacramento Kings,W,,113,104,23,48,W 1
2016,MIN,2016-03-25,7:00p,@,Washington Wizards,W,2OT,132,129,24,48,W 2
2016,MIN,2016-03-26,8:00p,,Utah Jazz,L,,84,93,24,49,L 1
2016,MIN,2016-03-28,8:00p,,Phoenix Suns,W,,121,116,25,49,W 1
2016,MIN,2016-03-30,8:00p,,Los Angeles Clippers,L,,79,99,25,50,L 1
2016,MIN,2016-04-01,9:00p,@,Utah Jazz,L,,85,98,25,51,L 2
2016,MIN,2016-04-03,3:30p,,Dallas Mavericks,L,,78,88,25,52,L 3
2016,MIN,2016-04-05,10:30p,@,Golden State Warriors,W,OT,124,117,26,52,W 1
2016,MIN,2016-04-07,10:00p,@,Sacramento Kings,W,,105,97,27,52,W 2
2016,MIN,2016-04-09,10:30p,@,Portland Trail Blazers,W,,106,105,28,52,W 3
2016,MIN,2016-04-11,8:00p,,Houston Rockets,L,,105,129,28,53,L 1
2016,MIN,2016-04-13,8:00p,,New Orleans Pelicans,W,,144,109,29,53,W 1
2016,NOP,2015-10-27,10:30p,@,Golden State Warriors,L,,95,111,0,1,L 1
2016,NOP,2015-10-28,10:00p,@,Portland Trail Blazers,L,,94,112,0,2,L 2
2016,NOP,2015-10-31,7:30p,,Golden State Warriors,L,,120,134,0,3,L 3
2016,NOP,2015-11-03,8:00p,,Orlando Magic,L,,94,103,0,4,L 4
2016,NOP,2015-11-06,8:00p,,Atlanta Hawks,L,,115,121,0,5,L 5
2016,NOP,2015-11-07,8:30p,@,Dallas Mavericks,L,,98,107,0,6,L 6
2016,NOP,2015-11-10,8:00p,,Dallas Mavericks,W,,120,105,1,6,W 1
2016,NOP,2015-11-11,8:00p,@,Atlanta Hawks,L,,98,106,1,7,L 1
2016,NOP,2015-11-13,7:30p,@,Toronto Raptors,L,,81,100,1,8,L 2
2016,NOP,2015-11-15,12:00p,@,New York Knicks,L,,87,95,1,9,L 3
2016,NOP,2015-11-17,8:00p,,Denver Nuggets,L,,98,115,1,10,L 4
2016,NOP,2015-11-18,8:00p,@,Oklahoma City Thunder,L,,103,110,1,11,L 5
2016,NOP,2015-11-20,8:00p,,San Antonio Spurs,W,,104,90,2,11,W 1
2016,NOP,2015-11-22,6:00p,,Phoenix Suns,W,,122,116,3,11,W 2
2016,NOP,2015-11-25,9:00p,@,Phoenix Suns,W,,120,114,4,11,W 3
2016,NOP,2015-11-27,10:30p,@,Los Angeles Clippers,L,,90,111,4,12,L 1
2016,NOP,2015-11-28,9:00p,@,Utah Jazz,L,,87,101,4,13,L 2
2016,NOP,2015-12-01,8:00p,,Memphis Grizzlies,L,,104,113,4,14,L 3
2016,NOP,2015-12-02,8:00p,@,Houston Rockets,L,,101,108,4,15,L 4
2016,NOP,2015-12-04,9:30p,,Cleveland Cavaliers,W,OT,114,108,5,15,W 1
2016,NOP,2015-12-07,8:00p,,Boston Celtics,L,,93,111,5,16,L 1
2016,NOP,2015-12-11,8:00p,,Washington Wizards,W,,107,105,6,16,W 1
2016,NOP,2015-12-12,8:00p,@,Chicago Bulls,L,,94,98,6,17,L 1
2016,NOP,2015-12-14,10:00p,@,Portland Trail Blazers,L,,101,105,6,18,L 2
2016,NOP,2015-12-16,9:00p,@,Utah Jazz,W,,104,94,7,18,W 1
2016,NOP,2015-12-18,10:30p,@,Phoenix Suns,L,,88,104,7,19,L 1
2016,NOP,2015-12-20,8:00p,@,Denver Nuggets,W,,130,125,8,19,W 1
2016,NOP,2015-12-23,8:00p,,Portland Trail Blazers,W,,115,89,9,19,W 2
2016,NOP,2015-12-25,12:00p,@,Miami Heat,L,OT,88,94,9,20,L 1
2016,NOP,2015-12-26,7:00p,,Houston Rockets,W,,110,108,10,20,W 1
2016,NOP,2015-12-28,7:00p,@,Orlando Magic,L,,89,104,10,21,L 1
2016,NOP,2015-12-31,8:00p,,Los Angeles Clippers,L,,89,95,10,22,L 2
2016,NOP,2016-01-02,8:30p,@,Dallas Mavericks,W,,105,98,11,22,W 1
2016,NOP,2016-01-06,8:00p,,Dallas Mavericks,L,,91,100,11,23,L 1
2016,NOP,2016-01-08,8:00p,,Indiana Pacers,L,,86,91,11,24,L 2
2016,NOP,2016-01-10,3:30p,@,Los Angeles Clippers,L,OT,111,114,11,25,L 3
2016,NOP,2016-01-12,10:30p,@,Los Angeles Lakers,L,,91,95,11,26,L 4
2016,NOP,2016-01-13,10:00p,@,Sacramento Kings,W,,109,97,12,26,W 1
2016,NOP,2016-01-15,8:00p,,Charlotte Hornets,W,,109,107,13,26,W 2
2016,NOP,2016-01-18,2:30p,@,Memphis Grizzlies,L,,99,101,13,27,L 1
2016,NOP,2016-01-19,8:00p,,Minnesota Timberwolves,W,,114,99,14,27,W 1
2016,NOP,2016-01-21,8:00p,,Detroit Pistons,W,,115,99,15,27,W 2
2016,NOP,2016-01-23,7:00p,,Milwaukee Bucks,W,,116,99,16,27,W 3
2016,NOP,2016-01-25,8:00p,,Houston Rockets,L,,111,112,16,28,L 1
2016,NOP,2016-01-28,8:00p,,Sacramento Kings,W,,114,105,17,28,W 1
2016,NOP,2016-01-30,7:00p,,Brooklyn Nets,W,,105,103,18,28,W 2
2016,NOP,2016-02-01,8:00p,,Memphis Grizzlies,L,,95,110,18,29,L 1
2016,NOP,2016-02-03,8:30p,@,San Antonio Spurs,L,,97,110,18,30,L 2
2016,NOP,2016-02-04,9:30p,,Los Angeles Lakers,L,,96,99,18,31,L 3
2016,NOP,2016-02-06,7:30p,@,Cleveland Cavaliers,L,,84,99,18,32,L 4
2016,NOP,2016-02-08,8:00p,@,Minnesota Timberwolves,W,,116,102,19,32,W 1
2016,NOP,2016-02-10,8:00p,,Utah Jazz,W,,100,96,20,32,W 2
2016,NOP,2016-02-11,8:00p,@,Oklahoma City Thunder,L,,95,121,20,33,L 1
2016,NOP,2016-02-19,8:00p,,Philadelphia 76ers,W,,121,114,21,33,W 1
2016,NOP,2016-02-21,3:30p,@,Detroit Pistons,W,,111,106,22,33,W 2
2016,NOP,2016-02-23,7:00p,@,Washington Wizards,L,,89,109,22,34,L 1
2016,NOP,2016-02-25,8:00p,,Oklahoma City Thunder,W,,123,119,23,34,W 1
2016,NOP,2016-02-27,7:00p,,Minnesota Timberwolves,L,,110,112,23,35,L 1
2016,NOP,2016-03-02,8:00p,@,Houston Rockets,L,,95,100,23,36,L 2
2016,NOP,2016-03-03,8:00p,,San Antonio Spurs,L,,86,94,23,37,L 3
2016,NOP,2016-03-05,7:00p,,Utah Jazz,L,,94,106,23,38,L 4
2016,NOP,2016-03-07,8:00p,,Sacramento Kings,W,,115,112,24,38,W 1
2016,NOP,2016-03-09,7:00p,@,Charlotte Hornets,L,,113,122,24,39,L 1
2016,NOP,2016-03-11,8:00p,@,Memphis Grizzlies,L,OT,114,121,24,40,L 2
2016,NOP,2016-03-12,7:30p,@,Milwaukee Bucks,L,,92,103,24,41,L 3
2016,NOP,2016-03-14,10:30p,@,Golden State Warriors,L,,107,125,24,42,L 4
2016,NOP,2016-03-16,10:00p,@,Sacramento Kings,W,,123,108,25,42,W 1
2016,NOP,2016-03-18,8:00p,,Portland Trail Blazers,L,,112,117,25,43,L 1
2016,NOP,2016-03-20,6:00p,,Los Angeles Clippers,W,,109,105,26,43,W 1
2016,NOP,2016-03-22,8:00p,,Miami Heat,L,,99,113,26,44,L 1
2016,NOP,2016-03-24,7:00p,@,Indiana Pacers,L,,84,92,26,45,L 2
2016,NOP,2016-03-26,7:00p,,Toronto Raptors,L,,91,115,26,46,L 3
2016,NOP,2016-03-28,8:00p,,New York Knicks,W,,99,91,27,46,W 1
2016,NOP,2016-03-30,8:30p,@,San Antonio Spurs,L,,92,100,27,47,L 1
2016,NOP,2016-03-31,8:00p,,Denver Nuggets,W,,101,95,28,47,W 1
2016,NOP,2016-04-03,1:00p,@,Brooklyn Nets,W,,106,87,29,47,W 2
2016,NOP,2016-04-05,7:00p,@,Philadelphia 76ers,L,,93,107,29,48,L 1
2016,NOP,2016-04-06,7:30p,@,Boston Celtics,L,,97,104,29,49,L 2
2016,NOP,2016-04-08,8:00p,,Los Angeles Lakers,W,,110,102,30,49,W 1
2016,NOP,2016-04-09,7:00p,,Phoenix Suns,L,,100,121,30,50,L 1
2016,NOP,2016-04-11,8:00p,,Chicago Bulls,L,,116,121,30,51,L 2
2016,NOP,2016-04-13,8:00p,@,Minnesota Timberwolves,L,,109,144,30,52,L 3
2016,NYK,2015-10-28,8:00p,@,Milwaukee Bucks,W,,122,97,1,0,W 1
2016,NYK,2015-10-29,8:00p,,Atlanta Hawks,L,,101,112,1,1,L 1
2016,NYK,2015-10-31,7:00p,@,Washington Wizards,W,,117,110,2,1,W 1
2016,NYK,2015-11-02,7:30p,,San Antonio Spurs,L,,84,94,2,2,L 1
2016,NYK,2015-11-04,8:00p,@,Cleveland Cavaliers,L,,86,96,2,3,L 2
2016,NYK,2015-11-06,7:30p,,Milwaukee Bucks,L,,92,99,2,4,L 3
2016,NYK,2015-11-08,3:30p,,Los Angeles Lakers,W,,99,95,3,4,W 1
2016,NYK,2015-11-10,7:30p,@,Toronto Raptors,W,,111,109,4,4,W 2
2016,NYK,2015-11-11,7:00p,@,Charlotte Hornets,L,,93,95,4,5,L 1
2016,NYK,2015-11-13,7:30p,,Cleveland Cavaliers,L,,84,90,4,6,L 2
2016,NYK,2015-11-15,12:00p,,New Orleans Pelicans,W,,95,87,5,6,W 1
2016,NYK,2015-11-17,7:30p,,Charlotte Hornets,W,,102,94,6,6,W 2
2016,NYK,2015-11-20,8:00p,@,Oklahoma City Thunder,W,,93,90,7,6,W 3
2016,NYK,2015-11-21,8:00p,@,Houston Rockets,W,,107,102,8,6,W 4
2016,NYK,2015-11-23,7:30p,@,Miami Heat,L,,78,95,8,7,L 1
2016,NYK,2015-11-25,7:00p,@,Orlando Magic,L,,91,100,8,8,L 2
2016,NYK,2015-11-27,7:30p,,Miami Heat,L,,78,97,8,9,L 3
2016,NYK,2015-11-29,7:30p,,Houston Rockets,L,OT,111,116,8,10,L 4
2016,NYK,2015-12-02,7:30p,,Philadelphia 76ers,W,,99,87,9,10,W 1
2016,NYK,2015-12-04,7:00p,,Brooklyn Nets,W,,108,91,10,10,W 2
2016,NYK,2015-12-05,8:30p,@,Milwaukee Bucks,L,,91,106,10,11,L 1
2016,NYK,2015-12-07,7:30p,,Dallas Mavericks,L,,97,104,10,12,L 2
2016,NYK,2015-12-09,9:00p,@,Utah Jazz,L,,85,106,10,13,L 3
2016,NYK,2015-12-10,10:30p,@,Sacramento Kings,L,,97,99,10,14,L 4
2016,NYK,2015-12-12,10:00p,@,Portland Trail Blazers,W,,112,110,11,14,W 1
2016,NYK,2015-12-16,7:30p,,Minnesota Timberwolves,W,,107,102,12,14,W 2
2016,NYK,2015-12-18,7:00p,@,Philadelphia 76ers,W,,107,97,13,14,W 3
2016,NYK,2015-12-19,7:30p,,Chicago Bulls,W,,107,91,14,14,W 4
2016,NYK,2015-12-21,7:30p,,Orlando Magic,L,,99,107,14,15,L 1
2016,NYK,2015-12-23,7:00p,@,Cleveland Cavaliers,L,,84,91,14,16,L 2
2016,NYK,2015-12-26,7:30p,@,Atlanta Hawks,L,,98,117,14,17,L 3
2016,NYK,2015-12-27,7:00p,@,Boston Celtics,L,,91,100,14,18,L 4
2016,NYK,2015-12-29,7:30p,,Detroit Pistons,W,,108,96,15,18,W 1
2016,NYK,2016-01-01,8:00p,@,Chicago Bulls,L,,81,108,15,19,L 1
2016,NYK,2016-01-03,3:30p,,Atlanta Hawks,W,,111,97,16,19,W 1
2016,NYK,2016-01-05,8:00p,@,Atlanta Hawks,W,,107,101,17,19,W 2
2016,NYK,2016-01-06,7:00p,@,Miami Heat,W,,98,90,18,19,W 3
2016,NYK,2016-01-08,8:30p,@,San Antonio Spurs,L,,99,100,18,20,L 1
2016,NYK,2016-01-10,7:30p,,Milwaukee Bucks,W,,100,88,19,20,W 1
2016,NYK,2016-01-12,7:30p,,Boston Celtics,W,,120,114,20,20,W 2
2016,NYK,2016-01-13,7:30p,@,Brooklyn Nets,L,,104,110,20,21,L 1
2016,NYK,2016-01-16,8:00p,@,Memphis Grizzlies,L,,95,103,20,22,L 2
2016,NYK,2016-01-18,1:00p,,Philadelphia 76ers,W,2OT,119,113,21,22,W 1
2016,NYK,2016-01-20,7:30p,,Utah Jazz,W,OT,118,111,22,22,W 2
2016,NYK,2016-01-22,7:30p,,Los Angeles Clippers,L,,88,116,22,23,L 1
2016,NYK,2016-01-23,7:00p,@,Charlotte Hornets,L,,84,97,22,24,L 2
2016,NYK,2016-01-26,7:30p,,Oklahoma City Thunder,L,OT,122,128,22,25,L 3
2016,NYK,2016-01-28,8:00p,@,Toronto Raptors,L,,93,103,22,26,L 4
2016,NYK,2016-01-29,7:30p,,Phoenix Suns,W,,102,84,23,26,W 1
2016,NYK,2016-01-31,7:30p,,Golden State Warriors,L,,95,116,23,27,L 1
2016,NYK,2016-02-02,7:30p,,Boston Celtics,L,,89,97,23,28,L 2
2016,NYK,2016-02-04,7:00p,@,Detroit Pistons,L,,105,111,23,29,L 3
2016,NYK,2016-02-05,7:30p,,Memphis Grizzlies,L,,85,91,23,30,L 4
2016,NYK,2016-02-07,1:00p,,Denver Nuggets,L,,96,101,23,31,L 5
2016,NYK,2016-02-09,8:00p,,Washington Wizards,L,,108,111,23,32,L 6
2016,NYK,2016-02-19,7:30p,@,Brooklyn Nets,L,,98,109,23,33,L 7
2016,NYK,2016-02-20,8:00p,@,Minnesota Timberwolves,W,,103,95,24,33,W 1
2016,NYK,2016-02-22,7:30p,,Toronto Raptors,L,,95,122,24,34,L 1
2016,NYK,2016-02-24,7:00p,@,Indiana Pacers,L,,105,108,24,35,L 2
2016,NYK,2016-02-26,7:30p,,Orlando Magic,W,,108,95,25,35,W 1
2016,NYK,2016-02-28,7:30p,,Miami Heat,L,,81,98,25,36,L 1
2016,NYK,2016-03-01,7:30p,,Portland Trail Blazers,L,,85,104,25,37,L 2
2016,NYK,2016-03-04,7:30p,@,Boston Celtics,L,,104,105,25,38,L 3
2016,NYK,2016-03-05,7:00p,,Detroit Pistons,W,,102,89,26,38,W 1
2016,NYK,2016-03-08,9:00p,@,Denver Nuggets,L,,94,110,26,39,L 1
2016,NYK,2016-03-09,9:00p,@,Phoenix Suns,W,,128,97,27,39,W 1
2016,NYK,2016-03-11,10:30p,@,Los Angeles Clippers,L,,94,101,27,40,L 1
2016,NYK,2016-03-13,9:30p,@,Los Angeles Lakers,W,,90,87,28,40,W 1
2016,NYK,2016-03-16,10:30p,@,Golden State Warriors,L,,85,121,28,41,L 1
2016,NYK,2016-03-19,7:00p,@,Washington Wizards,L,,89,99,28,42,L 2
2016,NYK,2016-03-20,7:30p,,Sacramento Kings,L,,80,88,28,43,L 3
2016,NYK,2016-03-23,8:00p,@,Chicago Bulls,W,,115,107,29,43,W 1
2016,NYK,2016-03-24,7:30p,,Chicago Bulls,W,,106,94,30,43,W 2
2016,NYK,2016-03-26,7:30p,,Cleveland Cavaliers,L,,93,107,30,44,L 1
2016,NYK,2016-03-28,8:00p,@,New Orleans Pelicans,L,,91,99,30,45,L 2
2016,NYK,2016-03-30,8:30p,@,Dallas Mavericks,L,,89,91,30,46,L 3
2016,NYK,2016-04-01,7:30p,,Brooklyn Nets,W,,105,91,31,46,W 1
2016,NYK,2016-04-03,7:30p,,Indiana Pacers,L,,87,92,31,47,L 1
2016,NYK,2016-04-06,7:30p,,Charlotte Hornets,L,,97,111,31,48,L 2
2016,NYK,2016-04-08,7:00p,@,Philadelphia 76ers,W,,109,102,32,48,W 1
2016,NYK,2016-04-10,7:30p,,Toronto Raptors,L,,89,93,32,49,L 1
2016,NYK,2016-04-12,7:00p,@,Indiana Pacers,L,,90,102,32,50,L 2
2016,OKC,2015-10-28,8:00p,,San Antonio Spurs,W,,112,106,1,0,W 1
2016,OKC,2015-10-30,7:00p,@,Orlando Magic,W,2OT,139,136,2,0,W 2
2016,OKC,2015-11-01,7:00p,,Denver Nuggets,W,,117,93,3,0,W 3
2016,OKC,2015-11-02,8:00p,@,Houston Rockets,L,,105,110,3,1,L 1
2016,OKC,2015-11-04,8:00p,,Toronto Raptors,L,,98,103,3,2,L 2
2016,OKC,2015-11-05,8:00p,@,Chicago Bulls,L,,98,104,3,3,L 3
2016,OKC,2015-11-08,7:00p,,Phoenix Suns,W,,124,103,4,3,W 1
2016,OKC,2015-11-10,7:00p,@,Washington Wizards,W,,125,101,5,3,W 2
2016,OKC,2015-11-13,8:00p,,Philadelphia 76ers,W,,102,85,6,3,W 3
2016,OKC,2015-11-15,7:00p,,Boston Celtics,L,,85,100,6,4,L 1
2016,OKC,2015-11-16,8:00p,@,Memphis Grizzlies,L,,114,122,6,5,L 2
2016,OKC,2015-11-18,8:00p,,New Orleans Pelicans,W,,110,103,7,5,W 1
2016,OKC,2015-11-20,8:00p,,New York Knicks,L,,90,93,7,6,L 1
2016,OKC,2015-11-22,7:00p,,Dallas Mavericks,W,,117,114,8,6,W 1
2016,OKC,2015-11-23,9:00p,@,Utah Jazz,W,,111,89,9,6,W 2
2016,OKC,2015-11-25,8:00p,,Brooklyn Nets,W,,110,99,10,6,W 3
2016,OKC,2015-11-27,8:00p,,Detroit Pistons,W,,103,87,11,6,W 4
2016,OKC,2015-11-30,8:00p,@,Atlanta Hawks,L,,100,106,11,7,L 1
2016,OKC,2015-12-03,7:00p,@,Miami Heat,L,,95,97,11,8,L 2
2016,OKC,2015-12-06,7:00p,,Sacramento Kings,W,,98,95,12,8,W 1
2016,OKC,2015-12-08,8:00p,@,Memphis Grizzlies,W,,125,88,13,8,W 2
2016,OKC,2015-12-10,8:00p,,Atlanta Hawks,W,,107,94,14,8,W 3
2016,OKC,2015-12-11,9:00p,@,Utah Jazz,W,,94,90,15,8,W 4
2016,OKC,2015-12-13,7:00p,,Utah Jazz,W,OT,104,98,16,8,W 5
2016,OKC,2015-12-16,8:00p,,Portland Trail Blazers,W,,106,90,17,8,W 6
2016,OKC,2015-12-17,8:00p,@,Cleveland Cavaliers,L,,100,104,17,9,L 1
2016,OKC,2015-12-19,5:00p,,Los Angeles Lakers,W,,118,78,18,9,W 1
2016,OKC,2015-12-21,10:30p,@,Los Angeles Clippers,W,,100,99,19,9,W 2
2016,OKC,2015-12-23,10:30p,@,Los Angeles Lakers,W,,120,85,20,9,W 3
2016,OKC,2015-12-25,2:30p,,Chicago Bulls,L,,96,105,20,10,L 1
2016,OKC,2015-12-27,7:00p,,Denver Nuggets,W,,122,112,21,10,W 1
2016,OKC,2015-12-29,8:00p,,Milwaukee Bucks,W,,131,123,22,10,W 2
2016,OKC,2015-12-31,8:00p,,Phoenix Suns,W,,110,106,23,10,W 3
2016,OKC,2016-01-02,7:00p,@,Charlotte Hornets,W,,109,90,24,10,W 4
2016,OKC,2016-01-04,8:00p,,Sacramento Kings,L,,104,116,24,11,L 1
2016,OKC,2016-01-06,9:30p,,Memphis Grizzlies,W,,112,94,25,11,W 1
2016,OKC,2016-01-08,10:30p,@,Los Angeles Lakers,W,,117,113,26,11,W 2
2016,OKC,2016-01-10,9:00p,@,Portland Trail Blazers,L,,110,115,26,12,L 1
2016,OKC,2016-01-12,8:00p,@,Minnesota Timberwolves,W,,101,96,27,12,W 1
2016,OKC,2016-01-13,8:00p,,Dallas Mavericks,W,,108,89,28,12,W 2
2016,OKC,2016-01-15,7:00p,,Minnesota Timberwolves,W,,113,93,29,12,W 3
2016,OKC,2016-01-17,7:00p,,Miami Heat,W,,99,74,30,12,W 4
2016,OKC,2016-01-19,9:00p,@,Denver Nuggets,W,,110,104,31,12,W 5
2016,OKC,2016-01-20,8:00p,,Charlotte Hornets,W,,109,95,32,12,W 6
2016,OKC,2016-01-22,8:30p,@,Dallas Mavericks,W,,109,106,33,12,W 7
2016,OKC,2016-01-24,7:30p,@,Brooklyn Nets,L,,106,116,33,13,L 1
2016,OKC,2016-01-26,7:30p,@,New York Knicks,W,OT,128,122,34,13,W 1
2016,OKC,2016-01-27,8:00p,@,Minnesota Timberwolves,W,,126,123,35,13,W 2
2016,OKC,2016-01-29,8:00p,,Houston Rockets,W,,116,108,36,13,W 3
2016,OKC,2016-02-01,8:00p,,Washington Wizards,W,,114,98,37,13,W 4
2016,OKC,2016-02-03,8:00p,,Orlando Magic,W,,117,114,38,13,W 5
2016,OKC,2016-02-06,9:00p,@,Golden State Warriors,L,,108,116,38,14,L 1
2016,OKC,2016-02-08,9:00p,@,Phoenix Suns,W,,122,106,39,14,W 1
2016,OKC,2016-02-11,8:00p,,New Orleans Pelicans,W,,121,95,40,14,W 2
2016,OKC,2016-02-19,8:00p,,Indiana Pacers,L,,98,101,40,15,L 1
2016,OKC,2016-02-21,3:30p,,Cleveland Cavaliers,L,,92,115,40,16,L 2
2016,OKC,2016-02-24,8:30p,@,Dallas Mavericks,W,,116,103,41,16,W 1
2016,OKC,2016-02-25,8:00p,@,New Orleans Pelicans,L,,119,123,41,17,L 1
2016,OKC,2016-02-27,8:30p,,Golden State Warriors,L,OT,118,121,41,18,L 2
2016,OKC,2016-02-29,10:00p,@,Sacramento Kings,W,,131,116,42,18,W 1
2016,OKC,2016-03-02,10:30p,@,Los Angeles Clippers,L,,98,103,42,19,L 1
2016,OKC,2016-03-03,10:30p,@,Golden State Warriors,L,,106,121,42,20,L 2
2016,OKC,2016-03-06,3:30p,@,Milwaukee Bucks,W,,104,96,43,20,W 1
2016,OKC,2016-03-09,9:30p,,Los Angeles Clippers,W,,120,108,44,20,W 2
2016,OKC,2016-03-11,8:00p,,Minnesota Timberwolves,L,,96,99,44,21,L 1
2016,OKC,2016-03-12,8:30p,@,San Antonio Spurs,L,,85,93,44,22,L 2
2016,OKC,2016-03-14,8:00p,,Portland Trail Blazers,W,,128,94,45,22,W 1
2016,OKC,2016-03-16,7:00p,@,Boston Celtics,W,,130,109,46,22,W 2
2016,OKC,2016-03-18,7:00p,@,Philadelphia 76ers,W,,111,97,47,22,W 3
2016,OKC,2016-03-19,7:00p,@,Indiana Pacers,W,,115,111,48,22,W 4
2016,OKC,2016-03-22,8:00p,,Houston Rockets,W,,111,107,49,22,W 5
2016,OKC,2016-03-24,8:00p,,Utah Jazz,W,,113,91,50,22,W 6
2016,OKC,2016-03-26,8:00p,,San Antonio Spurs,W,,111,92,51,22,W 7
2016,OKC,2016-03-28,7:30p,@,Toronto Raptors,W,,119,100,52,22,W 8
2016,OKC,2016-03-29,7:30p,@,Detroit Pistons,L,,82,88,52,23,L 1
2016,OKC,2016-03-31,9:30p,,Los Angeles Clippers,W,,119,117,53,23,W 1
2016,OKC,2016-04-03,3:30p,@,Houston Rockets,L,,110,118,53,24,L 1
2016,OKC,2016-04-05,9:00p,@,Denver Nuggets,W,,124,102,54,24,W 1
2016,OKC,2016-04-06,10:00p,@,Portland Trail Blazers,L,,115,120,54,25,L 1
2016,OKC,2016-04-09,10:30p,@,Sacramento Kings,L,,112,114,54,26,L 2
2016,OKC,2016-04-11,8:00p,,Los Angeles Lakers,W,,112,79,55,26,W 1
2016,OKC,2016-04-12,8:00p,@,San Antonio Spurs,L,OT,98,102,55,27,L 1
2016,OKC,2016-04-16,9:30p,,Dallas Mavericks,W,,108,70,1,0,W 1
2016,OKC,2016-04-18,8:00p,,Dallas Mavericks,L,,84,85,1,1,L 1
2016,OKC,2016-04-21,7:00p,@,Dallas Mavericks,W,,131,102,2,1,W 1
2016,OKC,2016-04-23,8:00p,@,Dallas Mavericks,W,,119,108,3,1,W 2
2016,OKC,2016-04-25,8:00p,,Dallas Mavericks,W,,118,104,4,1,W 3
2016,OKC,2016-04-30,8:30p,@,San Antonio Spurs,L,,92,124,4,2,L 1
2016,OKC,2016-05-02,9:30p,@,San Antonio Spurs,W,,98,97,5,2,W 1
2016,OKC,2016-05-06,9:30p,,San Antonio Spurs,L,,96,100,5,3,L 1
2016,OKC,2016-05-08,8:00p,,San Antonio Spurs,W,,111,97,6,3,W 1
2016,OKC,2016-05-10,8:00p,@,San Antonio Spurs,W,,95,91,7,3,W 2
2016,OKC,2016-05-12,8:30p,,San Antonio Spurs,W,,113,99,8,3,W 3
2016,OKC,2016-05-16,9:00p,@,Golden State Warriors,W,,108,102,9,3,W 4
2016,OKC,2016-05-18,9:00p,@,Golden State Warriors,L,,91,118,9,4,L 1
2016,OKC,2016-05-22,8:00p,,Golden State Warriors,W,,133,105,10,4,W 1
2016,OKC,2016-05-24,9:00p,,Golden State Warriors,W,,118,94,11,4,W 2
2016,OKC,2016-05-26,9:00p,@,Golden State Warriors,L,,111,120,11,5,L 1
2016,OKC,2016-05-28,9:00p,,Golden State Warriors,L,,101,108,11,6,L 2
2016,OKC,2016-05-30,9:00p,@,Golden State Warriors,L,,88,96,11,7,L 3
2016,ORL,2015-10-28,7:00p,,Washington Wizards,L,,87,88,0,1,L 1
2016,ORL,2015-10-30,7:00p,,Oklahoma City Thunder,L,2OT,136,139,0,2,L 2
2016,ORL,2015-11-01,7:00p,@,Chicago Bulls,L,,87,92,0,3,L 3
2016,ORL,2015-11-03,8:00p,@,New Orleans Pelicans,W,,103,94,1,3,W 1
2016,ORL,2015-11-04,8:00p,@,Houston Rockets,L,OT,114,119,1,4,L 1
2016,ORL,2015-11-06,7:00p,,Toronto Raptors,W,,92,87,2,4,W 1
2016,ORL,2015-11-07,7:00p,@,Philadelphia 76ers,W,,105,97,3,4,W 2
2016,ORL,2015-11-09,7:00p,@,Indiana Pacers,L,,84,97,3,5,L 1
2016,ORL,2015-11-11,7:00p,,Los Angeles Lakers,W,,101,99,4,5,W 1
2016,ORL,2015-11-13,7:00p,,Utah Jazz,W,,102,93,5,5,W 2
2016,ORL,2015-11-14,7:00p,@,Washington Wizards,L,,99,108,5,6,L 1
2016,ORL,2015-11-18,7:00p,,Minnesota Timberwolves,W,OT,104,101,6,6,W 1
2016,ORL,2015-11-21,5:00p,,Sacramento Kings,L,,91,97,6,7,L 1
2016,ORL,2015-11-23,7:00p,@,Cleveland Cavaliers,L,,103,117,6,8,L 2
2016,ORL,2015-11-25,7:00p,,New York Knicks,W,,100,91,7,8,W 1
2016,ORL,2015-11-27,7:00p,,Milwaukee Bucks,W,,114,90,8,8,W 2
2016,ORL,2015-11-29,6:00p,,Boston Celtics,W,,110,91,9,8,W 3
2016,ORL,2015-12-01,8:00p,@,Minnesota Timberwolves,W,,96,93,10,8,W 4
2016,ORL,2015-12-03,9:00p,@,Utah Jazz,W,,103,94,11,8,W 5
2016,ORL,2015-12-05,10:30p,@,Los Angeles Clippers,L,,101,103,11,9,L 1
2016,ORL,2015-12-08,9:00p,@,Denver Nuggets,W,,85,74,12,9,W 1
2016,ORL,2015-12-09,9:00p,@,Phoenix Suns,L,,104,107,12,10,L 1
2016,ORL,2015-12-11,7:00p,,Cleveland Cavaliers,L,,76,111,12,11,L 2
2016,ORL,2015-12-14,7:30p,@,Brooklyn Nets,W,,105,82,13,11,W 1
2016,ORL,2015-12-16,7:00p,,Charlotte Hornets,W,,113,98,14,11,W 2
2016,ORL,2015-12-18,7:00p,,Portland Trail Blazers,W,,102,94,15,11,W 3
2016,ORL,2015-12-20,6:00p,,Atlanta Hawks,L,,100,103,15,12,L 1
2016,ORL,2015-12-21,7:30p,@,New York Knicks,W,,107,99,16,12,W 1
2016,ORL,2015-12-23,7:00p,,Houston Rockets,W,,104,101,17,12,W 2
2016,ORL,2015-12-26,7:00p,,Miami Heat,L,,101,108,17,13,L 1
2016,ORL,2015-12-28,7:00p,,New Orleans Pelicans,W,,104,89,18,13,W 1
2016,ORL,2015-12-30,7:00p,,Brooklyn Nets,W,,100,93,19,13,W 2
2016,ORL,2016-01-01,7:00p,@,Washington Wizards,L,,91,103,19,14,L 1
2016,ORL,2016-01-02,7:30p,@,Cleveland Cavaliers,L,,79,104,19,15,L 2
2016,ORL,2016-01-04,7:30p,@,Detroit Pistons,L,,89,115,19,16,L 3
2016,ORL,2016-01-06,7:00p,,Indiana Pacers,L,,86,95,19,17,L 4
2016,ORL,2016-01-08,7:30p,@,Brooklyn Nets,W,,83,77,20,17,W 1
2016,ORL,2016-01-09,7:00p,,Washington Wizards,L,,99,105,20,18,L 1
2016,ORL,2016-01-14,3:00p,,Toronto Raptors,L,OT,103,106,20,19,L 2
2016,ORL,2016-01-18,5:00p,@,Atlanta Hawks,L,,81,98,20,20,L 3
2016,ORL,2016-01-20,7:00p,,Philadelphia 76ers,L,,87,96,20,21,L 4
2016,ORL,2016-01-22,7:00p,,Charlotte Hornets,L,OT,116,120,20,22,L 5
2016,ORL,2016-01-25,8:00p,@,Memphis Grizzlies,L,OT,102,108,20,23,L 6
2016,ORL,2016-01-26,8:00p,@,Milwaukee Bucks,L,,100,107,20,24,L 7
2016,ORL,2016-01-29,7:30p,@,Boston Celtics,L,,94,113,20,25,L 8
2016,ORL,2016-01-31,6:00p,,Boston Celtics,W,,119,114,21,25,W 1
2016,ORL,2016-02-01,8:30p,@,San Antonio Spurs,L,,92,107,21,26,L 1
2016,ORL,2016-02-03,8:00p,@,Oklahoma City Thunder,L,,114,117,21,27,L 2
2016,ORL,2016-02-05,7:00p,,Los Angeles Clippers,L,,93,107,21,28,L 3
2016,ORL,2016-02-07,1:00p,,Atlanta Hawks,W,,96,94,22,28,W 1
2016,ORL,2016-02-08,8:00p,@,Atlanta Hawks,W,OT,117,110,23,28,W 2
2016,ORL,2016-02-10,7:00p,,San Antonio Spurs,L,,96,98,23,29,L 1
2016,ORL,2016-02-19,7:00p,,Dallas Mavericks,W,OT,110,104,24,29,W 1
2016,ORL,2016-02-21,6:00p,,Indiana Pacers,L,,102,105,24,30,L 1
2016,ORL,2016-02-23,7:00p,@,Philadelphia 76ers,W,,124,115,25,30,W 1
2016,ORL,2016-02-25,7:00p,,Golden State Warriors,L,,114,130,25,31,L 1
2016,ORL,2016-02-26,7:30p,@,New York Knicks,L,,95,108,25,32,L 2
2016,ORL,2016-02-28,6:00p,,Philadelphia 76ers,W,,130,116,26,32,W 1
2016,ORL,2016-03-01,8:30p,@,Dallas Mavericks,L,,108,121,26,33,L 1
2016,ORL,2016-03-02,7:00p,,Chicago Bulls,W,,102,89,27,33,W 1
2016,ORL,2016-03-04,7:00p,,Phoenix Suns,L,,84,102,27,34,L 1
2016,ORL,2016-03-07,10:30p,@,Golden State Warriors,L,,113,119,27,35,L 2
2016,ORL,2016-03-08,10:30p,@,Los Angeles Lakers,L,,98,107,27,36,L 3
2016,ORL,2016-03-11,10:00p,@,Sacramento Kings,W,,107,100,28,36,W 1
2016,ORL,2016-03-12,10:30p,@,Portland Trail Blazers,L,,84,121,28,37,L 1
2016,ORL,2016-03-15,7:00p,,Denver Nuggets,W,,116,110,29,37,W 1
2016,ORL,2016-03-16,7:00p,@,Charlotte Hornets,L,,99,107,29,38,L 1
2016,ORL,2016-03-18,7:00p,,Cleveland Cavaliers,L,,103,109,29,39,L 2
2016,ORL,2016-03-20,4:30p,@,Toronto Raptors,L,,100,105,29,40,L 3
2016,ORL,2016-03-21,7:30p,@,Boston Celtics,L,,96,107,29,41,L 4
2016,ORL,2016-03-23,7:30p,@,Detroit Pistons,L,,102,118,29,42,L 5
2016,ORL,2016-03-25,8:00p,@,Miami Heat,L,,97,108,29,43,L 6
2016,ORL,2016-03-26,7:00p,,Chicago Bulls,W,,111,89,30,43,W 1
2016,ORL,2016-03-29,7:00p,,Brooklyn Nets,W,,139,105,31,43,W 2
2016,ORL,2016-03-31,7:00p,@,Indiana Pacers,W,,114,94,32,43,W 3
2016,ORL,2016-04-01,8:00p,@,Milwaukee Bucks,L,,110,113,32,44,L 1
2016,ORL,2016-04-03,6:00p,,Memphis Grizzlies,W,,119,107,33,44,W 1
2016,ORL,2016-04-06,7:00p,,Detroit Pistons,L,,104,108,33,45,L 1
2016,ORL,2016-04-08,7:00p,,Miami Heat,W,,112,109,34,45,W 1
2016,ORL,2016-04-10,6:00p,@,Miami Heat,L,,96,118,34,46,L 1
2016,ORL,2016-04-11,7:00p,,Milwaukee Bucks,W,,107,98,35,46,W 1
2016,ORL,2016-04-13,8:00p,@,Charlotte Hornets,L,,103,117,35,47,L 1
2016,PHI,2015-10-28,7:30p,@,Boston Celtics,L,,95,112,0,1,L 1
2016,PHI,2015-10-30,7:00p,,Utah Jazz,L,,71,99,0,2,L 2
2016,PHI,2015-11-02,7:00p,,Cleveland Cavaliers,L,,100,107,0,3,L 3
2016,PHI,2015-11-04,8:00p,@,Milwaukee Bucks,L,,87,91,0,4,L 4
2016,PHI,2015-11-06,7:30p,@,Cleveland Cavaliers,L,,102,108,0,5,L 5
2016,PHI,2015-11-07,7:00p,,Orlando Magic,L,,97,105,0,6,L 6
2016,PHI,2015-11-09,7:00p,,Chicago Bulls,L,,88,111,0,7,L 7
2016,PHI,2015-11-11,7:00p,,Toronto Raptors,L,,103,119,0,8,L 8
2016,PHI,2015-11-13,8:00p,@,Oklahoma City Thunder,L,,85,102,0,9,L 9
2016,PHI,2015-11-14,8:30p,@,San Antonio Spurs,L,,83,92,0,10,L 10
2016,PHI,2015-11-16,7:00p,,Dallas Mavericks,L,,86,92,0,11,L 11
2016,PHI,2015-11-18,7:00p,,Indiana Pacers,L,,85,112,0,12,L 12
2016,PHI,2015-11-20,7:00p,@,Charlotte Hornets,L,,88,113,0,13,L 13
2016,PHI,2015-11-21,8:00p,@,Miami Heat,L,,91,96,0,14,L 14
2016,PHI,2015-11-23,8:00p,@,Minnesota Timberwolves,L,,95,100,0,15,L 15
2016,PHI,2015-11-25,7:30p,@,Boston Celtics,L,,80,84,0,16,L 16
2016,PHI,2015-11-27,8:00p,@,Houston Rockets,L,,114,116,0,17,L 17
2016,PHI,2015-11-29,6:00p,@,Memphis Grizzlies,L,,84,92,0,18,L 18
2016,PHI,2015-12-01,7:00p,,Los Angeles Lakers,W,,103,91,1,18,W 1
2016,PHI,2015-12-02,7:30p,@,New York Knicks,L,,87,99,1,19,L 1
2016,PHI,2015-12-05,1:00p,,Denver Nuggets,L,,105,108,1,20,L 2
2016,PHI,2015-12-07,7:00p,,San Antonio Spurs,L,,68,119,1,21,L 3
2016,PHI,2015-12-10,7:30p,@,Brooklyn Nets,L,,91,100,1,22,L 4
2016,PHI,2015-12-11,7:00p,,Detroit Pistons,L,,95,107,1,23,L 5
2016,PHI,2015-12-13,6:00p,@,Toronto Raptors,L,,76,96,1,24,L 6
2016,PHI,2015-12-14,8:00p,@,Chicago Bulls,L,,96,115,1,25,L 7
2016,PHI,2015-12-16,8:00p,@,Atlanta Hawks,L,,106,127,1,26,L 8
2016,PHI,2015-12-18,7:00p,,New York Knicks,L,,97,107,1,27,L 9
2016,PHI,2015-12-20,3:30p,@,Cleveland Cavaliers,L,,86,108,1,28,L 10
2016,PHI,2015-12-22,7:00p,,Memphis Grizzlies,L,,90,104,1,29,L 11
2016,PHI,2015-12-23,8:00p,@,Milwaukee Bucks,L,,100,113,1,30,L 12
2016,PHI,2015-12-26,9:00p,@,Phoenix Suns,W,,111,104,2,30,W 1
2016,PHI,2015-12-28,9:00p,@,Utah Jazz,L,,91,95,2,31,L 1
2016,PHI,2015-12-30,10:00p,@,Sacramento Kings,W,,110,105,3,31,W 1
2016,PHI,2016-01-01,10:30p,@,Los Angeles Lakers,L,,84,93,3,32,L 1
2016,PHI,2016-01-02,10:30p,@,Los Angeles Clippers,L,,99,130,3,33,L 2
2016,PHI,2016-01-04,7:00p,,Minnesota Timberwolves,W,,109,99,4,33,W 1
2016,PHI,2016-01-07,7:00p,,Atlanta Hawks,L,,98,126,4,34,L 1
2016,PHI,2016-01-09,7:30p,,Toronto Raptors,L,,95,108,4,35,L 2
2016,PHI,2016-01-10,6:00p,,Cleveland Cavaliers,L,,85,95,4,36,L 3
2016,PHI,2016-01-14,7:00p,,Chicago Bulls,L,OT,111,115,4,37,L 4
2016,PHI,2016-01-16,7:30p,,Portland Trail Blazers,W,,114,89,5,37,W 1
2016,PHI,2016-01-18,1:00p,@,New York Knicks,L,2OT,113,119,5,38,L 1
2016,PHI,2016-01-20,7:00p,@,Orlando Magic,W,,96,87,6,38,W 1
2016,PHI,2016-01-24,7:00p,,Boston Celtics,L,,92,112,6,39,L 1
2016,PHI,2016-01-26,7:00p,,Phoenix Suns,W,,113,103,7,39,W 1
2016,PHI,2016-01-27,7:30p,@,Detroit Pistons,L,,97,110,7,40,L 1
2016,PHI,2016-01-30,5:00p,,Golden State Warriors,L,,105,108,7,41,L 2
2016,PHI,2016-02-03,7:00p,,Atlanta Hawks,L,,86,124,7,42,L 3
2016,PHI,2016-02-05,7:00p,@,Washington Wizards,L,,94,106,7,43,L 4
2016,PHI,2016-02-06,7:30p,,Brooklyn Nets,W,,103,98,8,43,W 1
2016,PHI,2016-02-08,7:00p,,Los Angeles Clippers,L,OT,92,98,8,44,L 1
2016,PHI,2016-02-10,7:00p,,Sacramento Kings,L,,110,114,8,45,L 2
2016,PHI,2016-02-19,8:00p,@,New Orleans Pelicans,L,,114,121,8,46,L 3
2016,PHI,2016-02-21,7:00p,@,Dallas Mavericks,L,,103,129,8,47,L 4
2016,PHI,2016-02-23,7:00p,,Orlando Magic,L,,115,124,8,48,L 5
2016,PHI,2016-02-24,7:30p,@,Detroit Pistons,L,,91,111,8,49,L 6
2016,PHI,2016-02-26,7:00p,,Washington Wizards,L,,94,103,8,50,L 7
2016,PHI,2016-02-28,6:00p,@,Orlando Magic,L,,116,130,8,51,L 8
2016,PHI,2016-02-29,7:00p,@,Washington Wizards,L,,108,116,8,52,L 9
2016,PHI,2016-03-02,7:00p,,Charlotte Hornets,L,,99,119,8,53,L 10
2016,PHI,2016-03-04,7:00p,,Miami Heat,L,,102,112,8,54,L 11
2016,PHI,2016-03-06,6:00p,@,Miami Heat,L,,98,103,8,55,L 12
2016,PHI,2016-03-09,7:00p,,Houston Rockets,L,,104,118,8,56,L 13
2016,PHI,2016-03-11,7:00p,,Brooklyn Nets,W,,95,89,9,56,W 1
2016,PHI,2016-03-12,7:00p,,Detroit Pistons,L,,111,125,9,57,L 1
2016,PHI,2016-03-15,7:30p,@,Brooklyn Nets,L,,114,131,9,58,L 2
2016,PHI,2016-03-17,7:00p,,Washington Wizards,L,,94,99,9,59,L 3
2016,PHI,2016-03-18,7:00p,,Oklahoma City Thunder,L,,97,111,9,60,L 4
2016,PHI,2016-03-20,6:00p,,Boston Celtics,L,,105,120,9,61,L 5
2016,PHI,2016-03-21,7:00p,@,Indiana Pacers,L,,75,91,9,62,L 6
2016,PHI,2016-03-23,9:00p,@,Denver Nuggets,L,,103,104,9,63,L 7
2016,PHI,2016-03-26,10:00p,@,Portland Trail Blazers,L,,105,108,9,64,L 8
2016,PHI,2016-03-27,8:00p,@,Golden State Warriors,L,,105,117,9,65,L 9
2016,PHI,2016-03-29,7:00p,,Charlotte Hornets,L,,85,100,9,66,L 10
2016,PHI,2016-04-01,7:00p,@,Charlotte Hornets,L,,91,100,9,67,L 11
2016,PHI,2016-04-02,7:30p,,Indiana Pacers,L,,102,115,9,68,L 12
2016,PHI,2016-04-05,7:00p,,New Orleans Pelicans,W,,107,93,10,68,W 1
2016,PHI,2016-04-08,7:00p,,New York Knicks,L,,102,109,10,69,L 1
2016,PHI,2016-04-10,5:00p,,Milwaukee Bucks,L,OT,108,109,10,70,L 2
2016,PHI,2016-04-12,7:30p,@,Toronto Raptors,L,,98,122,10,71,L 3
2016,PHI,2016-04-13,8:00p,@,Chicago Bulls,L,,105,115,10,72,L 4
2016,PHO,2015-10-28,10:00p,,Dallas Mavericks,L,,95,111,0,1,L 1
2016,PHO,2015-10-30,10:30p,,Portland Trail Blazers,W,,110,92,1,1,W 1
2016,PHO,2015-10-31,10:00p,@,Portland Trail Blazers,W,,101,90,2,1,W 2
2016,PHO,2015-11-02,10:30p,@,Los Angeles Clippers,L,,96,102,2,2,L 1
2016,PHO,2015-11-04,9:00p,,Sacramento Kings,W,,118,97,3,2,W 1
2016,PHO,2015-11-06,9:30p,,Detroit Pistons,L,,92,100,3,3,L 1
2016,PHO,2015-11-08,7:00p,@,Oklahoma City Thunder,L,,103,124,3,4,L 2
2016,PHO,2015-11-12,10:30p,,Los Angeles Clippers,W,,118,104,4,4,W 1
2016,PHO,2015-11-14,9:00p,,Denver Nuggets,W,,105,81,5,4,W 2
2016,PHO,2015-11-16,9:00p,,Los Angeles Lakers,W,,120,101,6,4,W 3
2016,PHO,2015-11-18,10:30p,,Chicago Bulls,L,,97,103,6,5,L 1
2016,PHO,2015-11-20,9:00p,@,Denver Nuggets,W,,114,107,7,5,W 1
2016,PHO,2015-11-22,6:00p,@,New Orleans Pelicans,L,,116,122,7,6,L 1
2016,PHO,2015-11-23,8:30p,@,San Antonio Spurs,L,,84,98,7,7,L 2
2016,PHO,2015-11-25,9:00p,,New Orleans Pelicans,L,,114,120,7,8,L 3
2016,PHO,2015-11-27,9:30p,,Golden State Warriors,L,,116,135,7,9,L 4
2016,PHO,2015-11-29,6:00p,@,Toronto Raptors,W,,107,102,8,9,W 1
2016,PHO,2015-12-01,7:30p,@,Brooklyn Nets,L,,91,94,8,10,L 1
2016,PHO,2015-12-02,7:30p,@,Detroit Pistons,L,OT,122,127,8,11,L 2
2016,PHO,2015-12-04,7:00p,@,Washington Wizards,L,,106,109,8,12,L 3
2016,PHO,2015-12-06,3:30p,@,Memphis Grizzlies,L,,93,95,8,13,L 4
2016,PHO,2015-12-07,8:00p,@,Chicago Bulls,W,,103,101,9,13,W 1
2016,PHO,2015-12-09,9:00p,,Orlando Magic,W,,107,104,10,13,W 2
2016,PHO,2015-12-11,9:30p,,Portland Trail Blazers,L,,96,106,10,14,L 1
2016,PHO,2015-12-13,3:30p,,Minnesota Timberwolves,W,,108,101,11,14,W 1
2016,PHO,2015-12-14,8:30p,@,Dallas Mavericks,L,,94,104,11,15,L 1
2016,PHO,2015-12-16,10:30p,@,Golden State Warriors,L,,103,128,11,16,L 2
2016,PHO,2015-12-18,10:30p,,New Orleans Pelicans,W,,104,88,12,16,W 1
2016,PHO,2015-12-20,5:00p,,Milwaukee Bucks,L,,95,101,12,17,L 1
2016,PHO,2015-12-21,9:00p,@,Utah Jazz,L,,89,110,12,18,L 2
2016,PHO,2015-12-23,9:00p,,Denver Nuggets,L,,96,104,12,19,L 3
2016,PHO,2015-12-26,9:00p,,Philadelphia 76ers,L,,104,111,12,20,L 4
2016,PHO,2015-12-28,9:00p,,Cleveland Cavaliers,L,,97,101,12,21,L 5
2016,PHO,2015-12-30,8:30p,@,San Antonio Spurs,L,,79,112,12,22,L 6
2016,PHO,2015-12-31,8:00p,@,Oklahoma City Thunder,L,,106,110,12,23,L 7
2016,PHO,2016-01-02,5:00p,@,Sacramento Kings,L,,119,142,12,24,L 8
2016,PHO,2016-01-03,9:30p,@,Los Angeles Lakers,L,,77,97,12,25,L 9
2016,PHO,2016-01-06,9:00p,,Charlotte Hornets,W,,111,102,13,25,W 1
2016,PHO,2016-01-08,9:30p,,Miami Heat,L,,95,103,13,26,L 1
2016,PHO,2016-01-12,7:00p,@,Indiana Pacers,L,,97,116,13,27,L 2
2016,PHO,2016-01-15,7:30p,@,Boston Celtics,L,,103,117,13,28,L 3
2016,PHO,2016-01-17,3:30p,@,Minnesota Timberwolves,L,,87,117,13,29,L 4
2016,PHO,2016-01-19,9:00p,,Indiana Pacers,L,,94,97,13,30,L 5
2016,PHO,2016-01-21,10:30p,,San Antonio Spurs,L,,89,117,13,31,L 6
2016,PHO,2016-01-23,9:00p,,Atlanta Hawks,W,,98,95,14,31,W 1
2016,PHO,2016-01-26,7:00p,@,Philadelphia 76ers,L,,103,113,14,32,L 1
2016,PHO,2016-01-27,7:00p,@,Cleveland Cavaliers,L,,93,115,14,33,L 2
2016,PHO,2016-01-29,7:30p,@,New York Knicks,L,,84,102,14,34,L 3
2016,PHO,2016-01-31,7:00p,@,Dallas Mavericks,L,,78,91,14,35,L 4
2016,PHO,2016-02-02,9:00p,,Toronto Raptors,L,,97,104,14,36,L 5
2016,PHO,2016-02-04,9:00p,,Houston Rockets,L,,105,111,14,37,L 6
2016,PHO,2016-02-06,9:00p,,Utah Jazz,L,,89,98,14,38,L 7
2016,PHO,2016-02-08,9:00p,,Oklahoma City Thunder,L,,106,122,14,39,L 8
2016,PHO,2016-02-10,9:00p,,Golden State Warriors,L,,104,112,14,40,L 9
2016,PHO,2016-02-19,9:30p,,Houston Rockets,L,,100,116,14,41,L 10
2016,PHO,2016-02-21,5:00p,,San Antonio Spurs,L,,111,118,14,42,L 11
2016,PHO,2016-02-22,10:30p,@,Los Angeles Clippers,L,,84,124,14,43,L 12
2016,PHO,2016-02-25,9:00p,,Brooklyn Nets,L,,106,116,14,44,L 13
2016,PHO,2016-02-27,9:30p,,Memphis Grizzlies,W,,111,106,15,44,W 1
2016,PHO,2016-03-01,7:00p,@,Charlotte Hornets,L,,92,126,15,45,L 1
2016,PHO,2016-03-03,7:30p,@,Miami Heat,L,,92,108,15,46,L 2
2016,PHO,2016-03-04,7:00p,@,Orlando Magic,W,,102,84,16,46,W 1
2016,PHO,2016-03-06,4:00p,@,Memphis Grizzlies,W,,109,100,17,46,W 2
2016,PHO,2016-03-09,9:00p,,New York Knicks,L,,97,128,17,47,L 1
2016,PHO,2016-03-10,9:00p,@,Denver Nuggets,L,,98,116,17,48,L 2
2016,PHO,2016-03-12,10:30p,@,Golden State Warriors,L,,116,123,17,49,L 3
2016,PHO,2016-03-14,10:00p,,Minnesota Timberwolves,W,,107,104,18,49,W 1
2016,PHO,2016-03-17,9:00p,@,Utah Jazz,L,,69,103,18,50,L 1
2016,PHO,2016-03-18,10:30p,@,Los Angeles Lakers,W,,95,90,19,50,W 1
2016,PHO,2016-03-21,10:00p,,Memphis Grizzlies,L,,97,103,19,51,L 1
2016,PHO,2016-03-23,10:00p,,Los Angeles Lakers,W,,119,107,20,51,W 1
2016,PHO,2016-03-25,10:00p,@,Sacramento Kings,L,,94,116,20,52,L 1
2016,PHO,2016-03-26,10:00p,,Boston Celtics,L,,99,102,20,53,L 2
2016,PHO,2016-03-28,8:00p,@,Minnesota Timberwolves,L,,116,121,20,54,L 3
2016,PHO,2016-03-30,8:00p,@,Milwaukee Bucks,L,,94,105,20,55,L 4
2016,PHO,2016-04-01,10:30p,,Washington Wizards,L,,99,106,20,56,L 5
2016,PHO,2016-04-03,6:00p,,Utah Jazz,L,,86,101,20,57,L 6
2016,PHO,2016-04-05,8:00p,@,Atlanta Hawks,L,,90,103,20,58,L 7
2016,PHO,2016-04-07,8:00p,@,Houston Rockets,W,,124,115,21,58,W 1
2016,PHO,2016-04-09,7:00p,@,New Orleans Pelicans,W,,121,100,22,58,W 2
2016,PHO,2016-04-11,10:00p,,Sacramento Kings,L,,101,105,22,59,L 1
2016,PHO,2016-04-13,10:30p,,Los Angeles Clippers,W,,114,105,23,59,W 1
2016,POR,2015-10-28,10:00p,,New Orleans Pelicans,W,,112,94,1,0,W 1
2016,POR,2015-10-30,10:30p,@,Phoenix Suns,L,,92,110,1,1,L 1
2016,POR,2015-10-31,10:00p,,Phoenix Suns,L,,90,101,1,2,L 2
2016,POR,2015-11-02,8:00p,@,Minnesota Timberwolves,W,,106,101,2,2,W 1
2016,POR,2015-11-04,9:00p,@,Utah Jazz,W,,108,92,3,2,W 2
2016,POR,2015-11-05,10:30p,,Memphis Grizzlies,W,,115,96,4,2,W 3
2016,POR,2015-11-08,9:00p,,Detroit Pistons,L,,103,120,4,3,L 1
2016,POR,2015-11-09,9:00p,@,Denver Nuggets,L,,104,108,4,4,L 2
2016,POR,2015-11-11,10:30p,,San Antonio Spurs,L,,101,113,4,5,L 3
2016,POR,2015-11-13,8:00p,@,Memphis Grizzlies,L,,100,101,4,6,L 4
2016,POR,2015-11-15,5:00p,@,Charlotte Hornets,L,,94,106,4,7,L 5
2016,POR,2015-11-16,8:30p,@,San Antonio Spurs,L,,80,93,4,8,L 6
2016,POR,2015-11-18,8:00p,@,Houston Rockets,L,OT,103,108,4,9,L 7
2016,POR,2015-11-20,10:00p,,Los Angeles Clippers,W,,102,91,5,9,W 1
2016,POR,2015-11-22,9:30p,@,Los Angeles Lakers,W,,107,93,6,9,W 2
2016,POR,2015-11-24,10:00p,,Chicago Bulls,L,,88,93,6,10,L 1
2016,POR,2015-11-28,10:00p,,Los Angeles Lakers,W,,108,96,7,10,W 1
2016,POR,2015-11-30,10:30p,@,Los Angeles Clippers,L,,87,102,7,11,L 1
2016,POR,2015-12-01,10:00p,,Dallas Mavericks,L,OT,112,115,7,12,L 2
2016,POR,2015-12-03,10:00p,,Indiana Pacers,W,,123,111,8,12,W 1
2016,POR,2015-12-05,8:00p,@,Minnesota Timberwolves,W,,109,103,9,12,W 2
2016,POR,2015-12-07,8:00p,@,Milwaukee Bucks,L,,88,90,9,13,L 1
2016,POR,2015-12-08,7:00p,@,Cleveland Cavaliers,L,,100,105,9,14,L 2
2016,POR,2015-12-11,9:30p,@,Phoenix Suns,W,,106,96,10,14,W 1
2016,POR,2015-12-12,10:00p,,New York Knicks,L,,110,112,10,15,L 1
2016,POR,2015-12-14,10:00p,,New Orleans Pelicans,W,,105,101,11,15,W 1
2016,POR,2015-12-16,8:00p,@,Oklahoma City Thunder,L,,90,106,11,16,L 1
2016,POR,2015-12-18,7:00p,@,Orlando Magic,L,,94,102,11,17,L 2
2016,POR,2015-12-20,1:00p,@,Miami Heat,L,,109,116,11,18,L 3
2016,POR,2015-12-21,8:00p,@,Atlanta Hawks,L,,97,106,11,19,L 4
2016,POR,2015-12-23,8:00p,@,New Orleans Pelicans,L,,89,115,11,20,L 5
2016,POR,2015-12-26,10:00p,,Cleveland Cavaliers,W,,105,76,12,20,W 1
2016,POR,2015-12-27,9:00p,@,Sacramento Kings,W,,98,94,13,20,W 2
2016,POR,2015-12-30,10:00p,,Denver Nuggets,W,,110,103,14,20,W 3
2016,POR,2015-12-31,9:00p,@,Utah Jazz,L,,96,109,14,21,L 1
2016,POR,2016-01-03,9:00p,@,Denver Nuggets,W,,112,106,15,21,W 1
2016,POR,2016-01-04,10:00p,,Memphis Grizzlies,L,,78,91,15,22,L 1
2016,POR,2016-01-06,10:00p,,Los Angeles Clippers,L,,98,109,15,23,L 2
2016,POR,2016-01-08,10:00p,,Golden State Warriors,L,,108,128,15,24,L 3
2016,POR,2016-01-10,9:00p,,Oklahoma City Thunder,W,,115,110,16,24,W 1
2016,POR,2016-01-13,10:00p,,Utah Jazz,W,,99,85,17,24,W 2
2016,POR,2016-01-15,7:30p,@,Brooklyn Nets,W,,116,104,18,24,W 3
2016,POR,2016-01-16,7:30p,@,Philadelphia 76ers,L,,89,114,18,25,L 1
2016,POR,2016-01-18,2:00p,@,Washington Wizards,W,,108,98,19,25,W 1
2016,POR,2016-01-20,10:30p,,Atlanta Hawks,L,,98,104,19,26,L 1
2016,POR,2016-01-23,10:30p,,Los Angeles Lakers,W,,121,103,20,26,W 1
2016,POR,2016-01-26,10:00p,,Sacramento Kings,W,,112,97,21,26,W 2
2016,POR,2016-01-29,10:00p,,Charlotte Hornets,W,,109,91,22,26,W 3
2016,POR,2016-01-31,9:00p,,Minnesota Timberwolves,W,,96,93,23,26,W 4
2016,POR,2016-02-02,10:00p,,Milwaukee Bucks,W,,107,95,24,26,W 5
2016,POR,2016-02-04,10:00p,,Toronto Raptors,L,,103,110,24,27,L 1
2016,POR,2016-02-06,5:00p,@,Houston Rockets,W,,96,79,25,27,W 1
2016,POR,2016-02-08,8:00p,@,Memphis Grizzlies,W,OT,112,106,26,27,W 2
2016,POR,2016-02-10,10:30p,,Houston Rockets,W,,116,103,27,27,W 3
2016,POR,2016-02-19,10:00p,,Golden State Warriors,W,,137,105,28,27,W 4
2016,POR,2016-02-21,9:00p,,Utah Jazz,W,,115,111,29,27,W 5
2016,POR,2016-02-23,10:00p,,Brooklyn Nets,W,,112,104,30,27,W 6
2016,POR,2016-02-25,10:30p,,Houston Rockets,L,,105,119,30,28,L 1
2016,POR,2016-02-27,8:00p,@,Chicago Bulls,W,,103,95,31,28,W 1
2016,POR,2016-02-28,6:00p,@,Indiana Pacers,W,,111,102,32,28,W 2
2016,POR,2016-03-01,7:30p,@,New York Knicks,W,,104,85,33,28,W 3
2016,POR,2016-03-02,7:30p,@,Boston Celtics,L,,93,116,33,29,L 1
2016,POR,2016-03-04,7:30p,@,Toronto Raptors,L,,115,117,33,30,L 2
2016,POR,2016-03-06,6:00p,@,Detroit Pistons,L,,103,123,33,31,L 3
2016,POR,2016-03-08,10:00p,,Washington Wizards,W,OT,116,109,34,31,W 1
2016,POR,2016-03-11,10:30p,@,Golden State Warriors,L,,112,128,34,32,L 1
2016,POR,2016-03-12,10:30p,,Orlando Magic,W,,121,84,35,32,W 1
2016,POR,2016-03-14,8:00p,@,Oklahoma City Thunder,L,,94,128,35,33,L 1
2016,POR,2016-03-17,8:30p,@,San Antonio Spurs,L,,110,118,35,34,L 2
2016,POR,2016-03-18,8:00p,@,New Orleans Pelicans,W,,117,112,36,34,W 1
2016,POR,2016-03-20,4:00p,@,Dallas Mavericks,L,OT,120,132,36,35,L 1
2016,POR,2016-03-23,10:00p,,Dallas Mavericks,W,,109,103,37,35,W 1
2016,POR,2016-03-24,10:30p,@,Los Angeles Clippers,L,,94,96,37,36,L 1
2016,POR,2016-03-26,10:00p,,Philadelphia 76ers,W,,108,105,38,36,W 1
2016,POR,2016-03-28,10:00p,,Sacramento Kings,W,,105,93,39,36,W 2
2016,POR,2016-03-31,10:00p,,Boston Celtics,W,,116,109,40,36,W 3
2016,POR,2016-04-02,10:00p,,Miami Heat,W,,110,93,41,36,W 4
2016,POR,2016-04-03,8:00p,@,Golden State Warriors,L,,111,136,41,37,L 1
2016,POR,2016-04-05,10:00p,@,Sacramento Kings,W,,115,107,42,37,W 1
2016,POR,2016-04-06,10:00p,,Oklahoma City Thunder,W,,120,115,43,37,W 2
2016,POR,2016-04-09,10:30p,,Minnesota Timberwolves,L,,105,106,43,38,L 1
2016,POR,2016-04-13,10:30p,,Denver Nuggets,W,,107,99,44,38,W 1
2016,POR,2016-04-17,10:30p,@,Los Angeles Clippers,L,,95,115,0,1,L 1
2016,POR,2016-04-20,10:30p,@,Los Angeles Clippers,L,,81,102,0,2,L 2
2016,POR,2016-04-23,10:30p,,Los Angeles Clippers,W,,96,88,1,2,W 1
2016,POR,2016-04-25,10:30p,,Los Angeles Clippers,W,,98,84,2,2,W 2
2016,POR,2016-04-27,10:00p,@,Los Angeles Clippers,W,,108,98,3,2,W 3
2016,POR,2016-04-29,10:30p,,Los Angeles Clippers,W,,106,103,4,2,W 4
2016,POR,2016-05-01,3:30p,@,Golden State Warriors,L,,106,118,4,3,L 1
2016,POR,2016-05-03,10:30p,@,Golden State Warriors,L,,99,110,4,4,L 2
2016,POR,2016-05-07,8:30p,,Golden State Warriors,W,,120,108,5,4,W 1
2016,POR,2016-05-09,10:30p,,Golden State Warriors,L,OT,125,132,5,5,L 1
2016,POR,2016-05-11,10:30p,@,Golden State Warriors,L,,121,125,5,6,L 2
2016,SAC,2015-10-28,10:00p,,Los Angeles Clippers,L,,104,111,0,1,L 1
2016,SAC,2015-10-30,10:00p,,Los Angeles Lakers,W,,132,114,1,1,W 1
2016,SAC,2015-10-31,10:30p,@,Los Angeles Clippers,L,,109,114,1,2,L 1
2016,SAC,2015-11-03,10:00p,,Memphis Grizzlies,L,,89,103,1,3,L 2
2016,SAC,2015-11-04,9:00p,@,Phoenix Suns,L,,97,118,1,4,L 3
2016,SAC,2015-11-06,10:30p,,Houston Rockets,L,,110,116,1,5,L 4
2016,SAC,2015-11-07,10:00p,,Golden State Warriors,L,,94,103,1,6,L 5
2016,SAC,2015-11-09,10:00p,,San Antonio Spurs,L,,88,106,1,7,L 6
2016,SAC,2015-11-11,10:00p,,Detroit Pistons,W,,101,92,2,7,W 1
2016,SAC,2015-11-13,10:00p,,Brooklyn Nets,W,,111,109,3,7,W 2
2016,SAC,2015-11-15,9:00p,,Toronto Raptors,W,,107,101,4,7,W 3
2016,SAC,2015-11-18,8:00p,@,Atlanta Hawks,L,,97,103,4,8,L 1
2016,SAC,2015-11-19,7:30p,@,Miami Heat,L,,109,116,4,9,L 2
2016,SAC,2015-11-21,5:00p,@,Orlando Magic,W,,97,91,5,9,W 1
2016,SAC,2015-11-23,7:00p,@,Charlotte Hornets,L,OT,122,127,5,10,L 1
2016,SAC,2015-11-25,8:00p,@,Milwaukee Bucks,W,,129,118,6,10,W 1
2016,SAC,2015-11-27,10:00p,,Minnesota Timberwolves,L,,91,101,6,11,L 1
2016,SAC,2015-11-28,10:30p,@,Golden State Warriors,L,,101,120,6,12,L 2
2016,SAC,2015-11-30,10:00p,,Dallas Mavericks,W,,112,98,7,12,W 1
2016,SAC,2015-12-03,10:00p,,Boston Celtics,L,,97,114,7,13,L 1
2016,SAC,2015-12-05,8:00p,@,Houston Rockets,L,,113,120,7,14,L 2
2016,SAC,2015-12-06,7:00p,@,Oklahoma City Thunder,L,,95,98,7,15,L 3
2016,SAC,2015-12-08,10:00p,,Utah Jazz,W,,114,106,8,15,W 1
2016,SAC,2015-12-10,10:30p,,New York Knicks,W,,99,97,9,15,W 2
2016,SAC,2015-12-15,10:00p,,Houston Rockets,W,,107,97,10,15,W 3
2016,SAC,2015-12-18,8:00p,@,Minnesota Timberwolves,L,,95,99,10,16,L 1
2016,SAC,2015-12-20,6:00p,@,Toronto Raptors,W,,104,94,11,16,W 1
2016,SAC,2015-12-21,7:00p,@,Washington Wizards,L,,99,113,11,17,L 1
2016,SAC,2015-12-23,7:00p,@,Indiana Pacers,W,,108,106,12,17,W 1
2016,SAC,2015-12-27,9:00p,,Portland Trail Blazers,L,,94,98,12,18,L 1
2016,SAC,2015-12-28,10:30p,@,Golden State Warriors,L,,103,122,12,19,L 2
2016,SAC,2015-12-30,10:00p,,Philadelphia 76ers,L,,105,110,12,20,L 3
2016,SAC,2016-01-02,5:00p,,Phoenix Suns,W,,142,119,13,20,W 1
2016,SAC,2016-01-04,8:00p,@,Oklahoma City Thunder,W,,116,104,14,20,W 2
2016,SAC,2016-01-05,8:30p,@,Dallas Mavericks,L,2OT,116,117,14,21,L 1
2016,SAC,2016-01-07,10:30p,,Los Angeles Lakers,W,,118,115,15,21,W 1
2016,SAC,2016-01-09,10:00p,,Golden State Warriors,L,,116,128,15,22,L 1
2016,SAC,2016-01-13,10:00p,,New Orleans Pelicans,L,,97,109,15,23,L 2
2016,SAC,2016-01-14,9:00p,@,Utah Jazz,W,,103,101,16,23,W 1
2016,SAC,2016-01-16,10:30p,@,Los Angeles Clippers,W,,110,103,17,23,W 2
2016,SAC,2016-01-20,10:30p,@,Los Angeles Lakers,W,,112,93,18,23,W 3
2016,SAC,2016-01-21,10:00p,,Atlanta Hawks,W,,91,88,19,23,W 4
2016,SAC,2016-01-23,10:30p,,Indiana Pacers,W,,108,97,20,23,W 5
2016,SAC,2016-01-25,10:00p,,Charlotte Hornets,L,2OT,128,129,20,24,L 1
2016,SAC,2016-01-26,10:00p,@,Portland Trail Blazers,L,,97,112,20,25,L 2
2016,SAC,2016-01-28,8:00p,@,New Orleans Pelicans,L,,105,114,20,26,L 3
2016,SAC,2016-01-30,8:00p,@,Memphis Grizzlies,L,,117,121,20,27,L 4
2016,SAC,2016-02-01,10:00p,,Milwaukee Bucks,W,,111,104,21,27,W 1
2016,SAC,2016-02-03,10:00p,,Chicago Bulls,L,,102,107,21,28,L 1
2016,SAC,2016-02-05,7:30p,@,Brooklyn Nets,L,,119,128,21,29,L 2
2016,SAC,2016-02-07,1:00p,@,Boston Celtics,L,,119,128,21,30,L 3
2016,SAC,2016-02-08,7:00p,@,Cleveland Cavaliers,L,,100,120,21,31,L 4
2016,SAC,2016-02-10,7:00p,@,Philadelphia 76ers,W,,114,110,22,31,W 1
2016,SAC,2016-02-19,10:00p,,Denver Nuggets,W,,116,110,23,31,W 2
2016,SAC,2016-02-23,9:00p,@,Denver Nuggets,W,,114,110,24,31,W 3
2016,SAC,2016-02-24,10:30p,,San Antonio Spurs,L,,92,108,24,32,L 1
2016,SAC,2016-02-26,10:00p,,Los Angeles Clippers,L,,107,117,24,33,L 2
2016,SAC,2016-02-29,10:00p,,Oklahoma City Thunder,L,,116,131,24,34,L 3
2016,SAC,2016-03-02,8:00p,@,Memphis Grizzlies,L,,98,104,24,35,L 4
2016,SAC,2016-03-03,8:30p,@,Dallas Mavericks,W,,104,101,25,35,W 1
2016,SAC,2016-03-05,8:30p,@,San Antonio Spurs,L,,94,104,25,36,L 1
2016,SAC,2016-03-07,8:00p,@,New Orleans Pelicans,L,,112,115,25,37,L 2
2016,SAC,2016-03-09,10:00p,,Cleveland Cavaliers,L,,111,120,25,38,L 3
2016,SAC,2016-03-11,10:00p,,Orlando Magic,L,,100,107,25,39,L 4
2016,SAC,2016-03-13,6:00p,,Utah Jazz,L,,99,108,25,40,L 5
2016,SAC,2016-03-15,10:30p,@,Los Angeles Lakers,W,,106,98,26,40,W 1
2016,SAC,2016-03-16,10:00p,,New Orleans Pelicans,L,,108,123,26,41,L 1
2016,SAC,2016-03-18,7:30p,@,Detroit Pistons,L,,108,115,26,42,L 2
2016,SAC,2016-03-20,7:30p,@,New York Knicks,W,,88,80,27,42,W 1
2016,SAC,2016-03-21,8:00p,@,Chicago Bulls,L,,102,109,27,43,L 1
2016,SAC,2016-03-23,8:00p,@,Minnesota Timberwolves,L,,104,113,27,44,L 2
2016,SAC,2016-03-25,10:00p,,Phoenix Suns,W,,116,94,28,44,W 1
2016,SAC,2016-03-27,6:00p,,Dallas Mavericks,W,,133,111,29,44,W 2
2016,SAC,2016-03-28,10:00p,@,Portland Trail Blazers,L,,93,105,29,45,L 1
2016,SAC,2016-03-30,10:00p,,Washington Wizards,W,,120,111,30,45,W 1
2016,SAC,2016-04-01,10:00p,,Miami Heat,L,,106,112,30,46,L 1
2016,SAC,2016-04-02,9:00p,@,Denver Nuggets,W,,115,106,31,46,W 1
2016,SAC,2016-04-05,10:00p,,Portland Trail Blazers,L,,107,115,31,47,L 1
2016,SAC,2016-04-07,10:00p,,Minnesota Timberwolves,L,,97,105,31,48,L 2
2016,SAC,2016-04-09,10:30p,,Oklahoma City Thunder,W,,114,112,32,48,W 1
2016,SAC,2016-04-11,10:00p,@,Phoenix Suns,W,,105,101,33,48,W 2
2016,SAC,2016-04-13,8:00p,@,Houston Rockets,L,,81,116,33,49,L 1
2016,SAS,2015-10-28,8:00p,@,Oklahoma City Thunder,L,,106,112,0,1,L 1
2016,SAS,2015-10-30,8:30p,,Brooklyn Nets,W,,102,75,1,1,W 1
2016,SAS,2015-11-01,3:30p,@,Boston Celtics,W,,95,87,2,1,W 2
2016,SAS,2015-11-02,7:30p,@,New York Knicks,W,,94,84,3,1,W 3
2016,SAS,2015-11-04,7:00p,@,Washington Wizards,L,,99,102,3,2,L 1
2016,SAS,2015-11-07,8:30p,,Charlotte Hornets,W,,114,94,4,2,W 1
2016,SAS,2015-11-09,10:00p,@,Sacramento Kings,W,,106,88,5,2,W 2
2016,SAS,2015-11-11,10:30p,@,Portland Trail Blazers,W,,113,101,6,2,W 3
2016,SAS,2015-11-14,8:30p,,Philadelphia 76ers,W,,92,83,7,2,W 4
2016,SAS,2015-11-16,8:30p,,Portland Trail Blazers,W,,93,80,8,2,W 5
2016,SAS,2015-11-18,8:30p,,Denver Nuggets,W,,109,98,9,2,W 6
2016,SAS,2015-11-20,8:00p,@,New Orleans Pelicans,L,,90,104,9,3,L 1
2016,SAS,2015-11-21,8:30p,,Memphis Grizzlies,W,,92,82,10,3,W 1
2016,SAS,2015-11-23,8:30p,,Phoenix Suns,W,,98,84,11,3,W 2
2016,SAS,2015-11-25,8:30p,,Dallas Mavericks,W,,88,83,12,3,W 3
2016,SAS,2015-11-27,9:00p,@,Denver Nuggets,W,,91,80,13,3,W 4
2016,SAS,2015-11-28,8:30p,,Atlanta Hawks,W,,108,88,14,3,W 5
2016,SAS,2015-11-30,8:00p,@,Chicago Bulls,L,,89,92,14,4,L 1
2016,SAS,2015-12-02,8:30p,,Milwaukee Bucks,W,,95,70,15,4,W 1
2016,SAS,2015-12-03,9:30p,@,Memphis Grizzlies,W,,103,83,16,4,W 2
2016,SAS,2015-12-05,8:30p,,Boston Celtics,W,,108,105,17,4,W 3
2016,SAS,2015-12-07,7:00p,@,Philadelphia 76ers,W,,119,68,18,4,W 4
2016,SAS,2015-12-09,7:30p,@,Toronto Raptors,L,,94,97,18,5,L 1
2016,SAS,2015-12-11,9:30p,,Los Angeles Lakers,W,,109,87,19,5,W 1
2016,SAS,2015-12-12,8:00p,@,Atlanta Hawks,W,,103,78,20,5,W 2
2016,SAS,2015-12-14,8:30p,,Utah Jazz,W,,118,81,21,5,W 3
2016,SAS,2015-12-16,8:30p,,Washington Wizards,W,,114,95,22,5,W 4
2016,SAS,2015-12-18,8:00p,,Los Angeles Clippers,W,,115,107,23,5,W 5
2016,SAS,2015-12-21,8:30p,,Indiana Pacers,W,,106,92,24,5,W 6
2016,SAS,2015-12-23,8:00p,@,Minnesota Timberwolves,W,,108,83,25,5,W 7
2016,SAS,2015-12-25,8:00p,@,Houston Rockets,L,,84,88,25,6,L 1
2016,SAS,2015-12-26,8:30p,,Denver Nuggets,W,,101,86,26,6,W 1
2016,SAS,2015-12-28,8:30p,,Minnesota Timberwolves,W,,101,95,27,6,W 2
2016,SAS,2015-12-30,8:30p,,Phoenix Suns,W,,112,79,28,6,W 3
2016,SAS,2016-01-02,8:30p,,Houston Rockets,W,,121,103,29,6,W 4
2016,SAS,2016-01-04,8:00p,@,Milwaukee Bucks,W,,123,98,30,6,W 5
2016,SAS,2016-01-06,8:30p,,Utah Jazz,W,,123,98,31,6,W 6
2016,SAS,2016-01-08,8:30p,,New York Knicks,W,,100,99,32,6,W 7
2016,SAS,2016-01-11,7:30p,@,Brooklyn Nets,W,,106,79,33,6,W 8
2016,SAS,2016-01-12,7:30p,@,Detroit Pistons,W,,109,99,34,6,W 9
2016,SAS,2016-01-14,8:00p,,Cleveland Cavaliers,W,,99,95,35,6,W 10
2016,SAS,2016-01-17,7:00p,,Dallas Mavericks,W,,112,83,36,6,W 11
2016,SAS,2016-01-21,10:30p,@,Phoenix Suns,W,,117,89,37,6,W 12
2016,SAS,2016-01-22,10:30p,@,Los Angeles Lakers,W,,108,95,38,6,W 13
2016,SAS,2016-01-25,10:30p,@,Golden State Warriors,L,,90,120,38,7,L 1
2016,SAS,2016-01-27,8:00p,,Houston Rockets,W,,130,99,39,7,W 1
2016,SAS,2016-01-30,8:30p,@,Cleveland Cavaliers,L,,103,117,39,8,L 1
2016,SAS,2016-02-01,8:30p,,Orlando Magic,W,,107,92,40,8,W 1
2016,SAS,2016-02-03,8:30p,,New Orleans Pelicans,W,,110,97,41,8,W 2
2016,SAS,2016-02-05,9:30p,@,Dallas Mavericks,W,,116,90,42,8,W 3
2016,SAS,2016-02-06,8:30p,,Los Angeles Lakers,W,,106,102,43,8,W 4
2016,SAS,2016-02-09,8:00p,@,Miami Heat,W,,119,101,44,8,W 5
2016,SAS,2016-02-10,7:00p,@,Orlando Magic,W,,98,96,45,8,W 6
2016,SAS,2016-02-18,10:30p,@,Los Angeles Clippers,L,,86,105,45,9,L 1
2016,SAS,2016-02-19,10:30p,@,Los Angeles Lakers,W,,119,113,46,9,W 1
2016,SAS,2016-02-21,5:00p,@,Phoenix Suns,W,,118,111,47,9,W 2
2016,SAS,2016-02-24,10:30p,@,Sacramento Kings,W,,108,92,48,9,W 3
2016,SAS,2016-02-25,10:30p,@,Utah Jazz,W,,96,78,49,9,W 4
2016,SAS,2016-02-27,8:00p,@,Houston Rockets,W,,104,94,50,9,W 5
2016,SAS,2016-03-02,8:00p,,Detroit Pistons,W,,97,81,51,9,W 6
2016,SAS,2016-03-03,8:00p,@,New Orleans Pelicans,W,,94,86,52,9,W 7
2016,SAS,2016-03-05,8:30p,,Sacramento Kings,W,,104,94,53,9,W 8
2016,SAS,2016-03-07,7:00p,@,Indiana Pacers,L,,91,99,53,10,L 1
2016,SAS,2016-03-08,8:00p,@,Minnesota Timberwolves,W,,116,91,54,10,W 1
2016,SAS,2016-03-10,8:00p,,Chicago Bulls,W,,109,101,55,10,W 2
2016,SAS,2016-03-12,8:30p,,Oklahoma City Thunder,W,,93,85,56,10,W 3
2016,SAS,2016-03-15,8:30p,,Los Angeles Clippers,W,,108,87,57,10,W 4
2016,SAS,2016-03-17,8:30p,,Portland Trail Blazers,W,,118,110,58,10,W 5
2016,SAS,2016-03-19,8:30p,,Golden State Warriors,W,,87,79,59,10,W 6
2016,SAS,2016-03-21,7:00p,@,Charlotte Hornets,L,,88,91,59,11,L 1
2016,SAS,2016-03-23,8:30p,,Miami Heat,W,,112,88,60,11,W 1
2016,SAS,2016-03-25,8:30p,,Memphis Grizzlies,W,,110,104,61,11,W 2
2016,SAS,2016-03-26,8:00p,@,Oklahoma City Thunder,L,,92,111,61,12,L 1
2016,SAS,2016-03-28,8:00p,@,Memphis Grizzlies,W,,101,87,62,12,W 1
2016,SAS,2016-03-30,8:30p,,New Orleans Pelicans,W,,100,92,63,12,W 2
2016,SAS,2016-04-02,8:30p,,Toronto Raptors,W,,102,95,64,12,W 3
2016,SAS,2016-04-05,9:00p,@,Utah Jazz,W,,88,86,65,12,W 4
2016,SAS,2016-04-07,10:30p,@,Golden State Warriors,L,,101,112,65,13,L 1
2016,SAS,2016-04-08,9:00p,@,Denver Nuggets,L,,98,102,65,14,L 2
2016,SAS,2016-04-10,7:00p,,Golden State Warriors,L,,86,92,65,15,L 3
2016,SAS,2016-04-12,8:00p,,Oklahoma City Thunder,W,OT,102,98,66,15,W 1
2016,SAS,2016-04-13,8:00p,@,Dallas Mavericks,W,,96,91,67,15,W 2
2016,SAS,2016-04-17,8:00p,,Memphis Grizzlies,W,,106,74,1,0,W 1
2016,SAS,2016-04-19,9:30p,,Memphis Grizzlies,W,,94,68,2,0,W 2
2016,SAS,2016-04-22,9:30p,@,Memphis Grizzlies,W,,96,87,3,0,W 3
2016,SAS,2016-04-24,1:00p,@,Memphis Grizzlies,W,,116,95,4,0,W 4
2016,SAS,2016-04-30,8:30p,,Oklahoma City Thunder,W,,124,92,5,0,W 5
2016,SAS,2016-05-02,9:30p,,Oklahoma City Thunder,L,,97,98,5,1,L 1
2016,SAS,2016-05-06,9:30p,@,Oklahoma City Thunder,W,,100,96,6,1,W 1
2016,SAS,2016-05-08,8:00p,@,Oklahoma City Thunder,L,,97,111,6,2,L 1
2016,SAS,2016-05-10,8:00p,,Oklahoma City Thunder,L,,91,95,6,3,L 2
2016,SAS,2016-05-12,8:30p,@,Oklahoma City Thunder,L,,99,113,6,4,L 3
2016,TOR,2015-10-28,7:30p,,Indiana Pacers,W,,106,99,1,0,W 1
2016,TOR,2015-10-30,7:30p,@,Boston Celtics,W,,113,103,2,0,W 2
2016,TOR,2015-11-01,6:00p,,Milwaukee Bucks,W,,106,87,3,0,W 3
2016,TOR,2015-11-03,8:30p,@,Dallas Mavericks,W,,102,91,4,0,W 4
2016,TOR,2015-11-04,8:00p,@,Oklahoma City Thunder,W,,103,98,5,0,W 5
2016,TOR,2015-11-06,7:00p,@,Orlando Magic,L,,87,92,5,1,L 1
2016,TOR,2015-11-08,6:00p,@,Miami Heat,L,,76,96,5,2,L 2
2016,TOR,2015-11-10,7:30p,,New York Knicks,L,,109,111,5,3,L 3
2016,TOR,2015-11-11,7:00p,@,Philadelphia 76ers,W,,119,103,6,3,W 1
2016,TOR,2015-11-13,7:30p,,New Orleans Pelicans,W,,100,81,7,3,W 2
2016,TOR,2015-11-15,9:00p,@,Sacramento Kings,L,,101,107,7,4,L 1
2016,TOR,2015-11-17,10:30p,@,Golden State Warriors,L,,110,115,7,5,L 2
2016,TOR,2015-11-18,9:00p,@,Utah Jazz,L,,89,93,7,6,L 3
2016,TOR,2015-11-20,10:30p,@,Los Angeles Lakers,W,,102,91,8,6,W 1
2016,TOR,2015-11-22,3:30p,@,Los Angeles Clippers,W,,91,80,9,6,W 2
2016,TOR,2015-11-25,7:30p,,Cleveland Cavaliers,W,,103,99,10,6,W 3
2016,TOR,2015-11-28,7:00p,@,Washington Wizards,W,,84,82,11,6,W 4
2016,TOR,2015-11-29,6:00p,,Phoenix Suns,L,,102,107,11,7,L 1
2016,TOR,2015-12-02,8:00p,@,Atlanta Hawks,W,,96,86,12,7,W 1
2016,TOR,2015-12-03,7:30p,,Denver Nuggets,L,,105,106,12,8,L 1
2016,TOR,2015-12-05,5:00p,,Golden State Warriors,L,,109,112,12,9,L 2
2016,TOR,2015-12-07,7:30p,,Los Angeles Lakers,W,,102,93,13,9,W 1
2016,TOR,2015-12-09,7:30p,,San Antonio Spurs,W,,97,94,14,9,W 2
2016,TOR,2015-12-11,7:30p,,Milwaukee Bucks,W,,90,83,15,9,W 3
2016,TOR,2015-12-13,6:00p,,Philadelphia 76ers,W,,96,76,16,9,W 4
2016,TOR,2015-12-14,7:00p,@,Indiana Pacers,L,,90,106,16,10,L 1
2016,TOR,2015-12-17,7:00p,@,Charlotte Hornets,L,OT,99,109,16,11,L 2
2016,TOR,2015-12-18,8:00p,@,Miami Heat,W,,108,94,17,11,W 1
2016,TOR,2015-12-20,6:00p,,Sacramento Kings,L,,94,104,17,12,L 1
2016,TOR,2015-12-22,7:30p,,Dallas Mavericks,W,,103,99,18,12,W 1
2016,TOR,2015-12-26,5:00p,@,Milwaukee Bucks,W,,111,90,19,12,W 2
2016,TOR,2015-12-28,8:00p,@,Chicago Bulls,L,,97,104,19,13,L 1
2016,TOR,2015-12-30,7:30p,,Washington Wizards,W,,94,91,20,13,W 1
2016,TOR,2016-01-01,7:30p,,Charlotte Hornets,W,,104,94,21,13,W 2
2016,TOR,2016-01-03,3:30p,,Chicago Bulls,L,,113,115,21,14,L 1
2016,TOR,2016-01-04,7:00p,@,Cleveland Cavaliers,L,,100,122,21,15,L 2
2016,TOR,2016-01-06,7:30p,@,Brooklyn Nets,W,,91,74,22,15,W 1
2016,TOR,2016-01-08,7:00p,@,Washington Wizards,W,,97,88,23,15,W 2
2016,TOR,2016-01-09,7:30p,@,Philadelphia 76ers,W,,108,95,24,15,W 3
2016,TOR,2016-01-14,3:00p,@,Orlando Magic,W,OT,106,103,25,15,W 4
2016,TOR,2016-01-18,7:30p,,Brooklyn Nets,W,,112,100,26,15,W 5
2016,TOR,2016-01-20,7:30p,,Boston Celtics,W,,115,109,27,15,W 6
2016,TOR,2016-01-22,8:00p,,Miami Heat,W,,101,81,28,15,W 7
2016,TOR,2016-01-24,6:00p,,Los Angeles Clippers,W,,112,94,29,15,W 8
2016,TOR,2016-01-26,7:30p,,Washington Wizards,W,,106,89,30,15,W 9
2016,TOR,2016-01-28,8:00p,,New York Knicks,W,,103,93,31,15,W 10
2016,TOR,2016-01-30,6:30p,,Detroit Pistons,W,,111,107,32,15,W 11
2016,TOR,2016-02-01,9:00p,@,Denver Nuggets,L,,93,112,32,16,L 1
2016,TOR,2016-02-02,9:00p,@,Phoenix Suns,W,,104,97,33,16,W 1
2016,TOR,2016-02-04,10:00p,@,Portland Trail Blazers,W,,110,103,34,16,W 2
2016,TOR,2016-02-08,7:30p,@,Detroit Pistons,W,,103,89,35,16,W 3
2016,TOR,2016-02-10,8:00p,@,Minnesota Timberwolves,L,,112,117,35,17,L 1
2016,TOR,2016-02-19,8:00p,@,Chicago Bulls,L,,106,116,35,18,L 2
2016,TOR,2016-02-21,6:00p,,Memphis Grizzlies,W,,98,85,36,18,W 1
2016,TOR,2016-02-22,7:30p,@,New York Knicks,W,,122,95,37,18,W 2
2016,TOR,2016-02-24,7:30p,,Minnesota Timberwolves,W,,114,105,38,18,W 3
2016,TOR,2016-02-26,7:30p,,Cleveland Cavaliers,W,,99,97,39,18,W 4
2016,TOR,2016-02-28,6:00p,@,Detroit Pistons,L,,101,114,39,19,L 1
2016,TOR,2016-03-02,7:30p,,Utah Jazz,W,,104,94,40,19,W 1
2016,TOR,2016-03-04,7:30p,,Portland Trail Blazers,W,,117,115,41,19,W 2
2016,TOR,2016-03-06,6:30p,,Houston Rockets,L,,107,113,41,20,L 1
2016,TOR,2016-03-08,7:30p,,Brooklyn Nets,W,,104,99,42,20,W 1
2016,TOR,2016-03-10,7:30p,,Atlanta Hawks,W,,104,96,43,20,W 2
2016,TOR,2016-03-12,7:00p,,Miami Heat,W,OT,112,104,44,20,W 3
2016,TOR,2016-03-14,7:30p,,Chicago Bulls,L,,107,109,44,21,L 1
2016,TOR,2016-03-15,8:00p,@,Milwaukee Bucks,W,,107,89,45,21,W 1
2016,TOR,2016-03-17,7:00p,@,Indiana Pacers,W,OT,101,94,46,21,W 2
2016,TOR,2016-03-18,7:30p,,Boston Celtics,W,,105,91,47,21,W 3
2016,TOR,2016-03-20,4:30p,,Orlando Magic,W,,105,100,48,21,W 4
2016,TOR,2016-03-23,7:30p,@,Boston Celtics,L,,79,91,48,22,L 1
2016,TOR,2016-03-25,8:00p,@,Houston Rockets,L,,109,112,48,23,L 2
2016,TOR,2016-03-26,7:00p,@,New Orleans Pelicans,W,,115,91,49,23,W 1
2016,TOR,2016-03-28,7:30p,,Oklahoma City Thunder,L,,100,119,49,24,L 1
2016,TOR,2016-03-30,7:30p,,Atlanta Hawks,W,,105,97,50,24,W 1
2016,TOR,2016-04-01,8:00p,@,Memphis Grizzlies,W,,99,95,51,24,W 2
2016,TOR,2016-04-02,8:30p,@,San Antonio Spurs,L,,95,102,51,25,L 1
2016,TOR,2016-04-05,7:30p,,Charlotte Hornets,W,,96,90,52,25,W 1
2016,TOR,2016-04-07,8:00p,@,Atlanta Hawks,L,,87,95,52,26,L 1
2016,TOR,2016-04-08,7:30p,,Indiana Pacers,W,,111,98,53,26,W 1
2016,TOR,2016-04-10,7:30p,@,New York Knicks,W,,93,89,54,26,W 2
2016,TOR,2016-04-12,7:30p,,Philadelphia 76ers,W,,122,98,55,26,W 3
2016,TOR,2016-04-13,8:00p,@,Brooklyn Nets,W,,103,96,56,26,W 4
2016,TOR,2016-04-16,12:30p,,Indiana Pacers,L,,90,100,0,1,L 1
2016,TOR,2016-04-18,7:00p,,Indiana Pacers,W,,98,87,1,1,W 1
2016,TOR,2016-04-21,7:30p,@,Indiana Pacers,W,,101,85,2,1,W 2
2016,TOR,2016-04-23,3:00p,@,Indiana Pacers,L,,83,100,2,2,L 1
2016,TOR,2016-04-26,6:00p,,Indiana Pacers,W,,102,99,3,2,W 1
2016,TOR,2016-04-29,7:30p,@,Indiana Pacers,L,,83,101,3,3,L 1
2016,TOR,2016-05-01,8:00p,,Indiana Pacers,W,,89,84,4,3,W 1
2016,TOR,2016-05-03,8:00p,,Miami Heat,L,OT,96,102,4,4,L 1
2016,TOR,2016-05-05,8:00p,,Miami Heat,W,OT,96,92,5,4,W 1
2016,TOR,2016-05-07,5:00p,@,Miami Heat,W,,95,91,6,4,W 2
2016,TOR,2016-05-09,8:00p,@,Miami Heat,L,OT,87,94,6,5,L 1
2016,TOR,2016-05-11,8:00p,,Miami Heat,W,,99,91,7,5,W 1
2016,TOR,2016-05-13,8:00p,@,Miami Heat,L,,91,103,7,6,L 1
2016,TOR,2016-05-15,3:30p,,Miami Heat,W,,116,89,8,6,W 1
2016,TOR,2016-05-17,8:30p,@,Cleveland Cavaliers,L,,84,115,8,7,L 1
2016,TOR,2016-05-19,8:30p,@,Cleveland Cavaliers,L,,89,108,8,8,L 2
2016,TOR,2016-05-21,8:30p,,Cleveland Cavaliers,W,,99,84,9,8,W 1
2016,TOR,2016-05-23,8:30p,,Cleveland Cavaliers,W,,105,99,10,8,W 2
2016,TOR,2016-05-25,8:30p,@,Cleveland Cavaliers,L,,78,116,10,9,L 1
2016,TOR,2016-05-27,8:30p,,Cleveland Cavaliers,L,,87,113,10,10,L 2
2016,UTA,2015-10-28,7:30p,@,Detroit Pistons,L,,87,92,0,1,L 1
2016,UTA,2015-10-30,7:00p,@,Philadelphia 76ers,W,,99,71,1,1,W 1
2016,UTA,2015-10-31,7:00p,@,Indiana Pacers,W,,97,76,2,1,W 2
2016,UTA,2015-11-04,9:00p,,Portland Trail Blazers,L,,92,108,2,2,L 1
2016,UTA,2015-11-05,9:00p,@,Denver Nuggets,W,,96,84,3,2,W 1
2016,UTA,2015-11-07,9:00p,,Memphis Grizzlies,W,,89,79,4,2,W 2
2016,UTA,2015-11-10,7:00p,@,Cleveland Cavaliers,L,,114,118,4,3,L 1
2016,UTA,2015-11-12,7:30p,@,Miami Heat,L,,91,92,4,4,L 2
2016,UTA,2015-11-13,7:00p,@,Orlando Magic,L,,93,102,4,5,L 3
2016,UTA,2015-11-15,6:00p,@,Atlanta Hawks,W,,97,96,5,5,W 1
2016,UTA,2015-11-18,9:00p,,Toronto Raptors,W,,93,89,6,5,W 2
2016,UTA,2015-11-20,8:30p,@,Dallas Mavericks,L,,93,102,6,6,L 1
2016,UTA,2015-11-23,9:00p,,Oklahoma City Thunder,L,,89,111,6,7,L 2
2016,UTA,2015-11-25,10:30p,@,Los Angeles Clippers,W,,102,91,7,7,W 1
2016,UTA,2015-11-28,9:00p,,New Orleans Pelicans,W,,101,87,8,7,W 2
2016,UTA,2015-11-30,9:00p,,Golden State Warriors,L,,103,106,8,8,L 1
2016,UTA,2015-12-03,9:00p,,Orlando Magic,L,,94,103,8,9,L 2
2016,UTA,2015-12-05,9:00p,,Indiana Pacers,W,OT,122,119,9,9,W 1
2016,UTA,2015-12-08,10:00p,@,Sacramento Kings,L,,106,114,9,10,L 1
2016,UTA,2015-12-09,9:00p,,New York Knicks,W,,106,85,10,10,W 1
2016,UTA,2015-12-11,9:00p,,Oklahoma City Thunder,L,,90,94,10,11,L 1
2016,UTA,2015-12-13,7:00p,@,Oklahoma City Thunder,L,OT,98,104,10,12,L 2
2016,UTA,2015-12-14,8:30p,@,San Antonio Spurs,L,,81,118,10,13,L 3
2016,UTA,2015-12-16,9:00p,,New Orleans Pelicans,L,,94,104,10,14,L 4
2016,UTA,2015-12-18,9:00p,,Denver Nuggets,W,,97,88,11,14,W 1
2016,UTA,2015-12-21,9:00p,,Phoenix Suns,W,,110,89,12,14,W 2
2016,UTA,2015-12-23,10:30p,@,Golden State Warriors,L,,85,103,12,15,L 1
2016,UTA,2015-12-26,9:00p,,Los Angeles Clippers,L,,104,109,12,16,L 2
2016,UTA,2015-12-28,9:00p,,Philadelphia 76ers,W,,95,91,13,16,W 1
2016,UTA,2015-12-30,8:00p,@,Minnesota Timberwolves,L,,80,94,13,17,L 1
2016,UTA,2015-12-31,9:00p,,Portland Trail Blazers,W,,109,96,14,17,W 1
2016,UTA,2016-01-02,9:00p,,Memphis Grizzlies,W,OT,92,87,15,17,W 2
2016,UTA,2016-01-04,9:00p,,Houston Rockets,L,,91,93,15,18,L 1
2016,UTA,2016-01-06,8:30p,@,San Antonio Spurs,L,,98,123,15,19,L 2
2016,UTA,2016-01-07,8:00p,@,Houston Rockets,L,,94,103,15,20,L 3
2016,UTA,2016-01-09,9:00p,,Miami Heat,W,,98,83,16,20,W 1
2016,UTA,2016-01-10,9:30p,@,Los Angeles Lakers,W,,86,74,17,20,W 2
2016,UTA,2016-01-13,10:00p,@,Portland Trail Blazers,L,,85,99,17,21,L 1
2016,UTA,2016-01-14,9:00p,,Sacramento Kings,L,,101,103,17,22,L 2
2016,UTA,2016-01-16,9:00p,,Los Angeles Lakers,W,,109,82,18,22,W 1
2016,UTA,2016-01-18,2:00p,@,Charlotte Hornets,L,2OT,119,124,18,23,L 1
2016,UTA,2016-01-20,7:30p,@,New York Knicks,L,OT,111,118,18,24,L 2
2016,UTA,2016-01-22,7:30p,@,Brooklyn Nets,W,,108,86,19,24,W 1
2016,UTA,2016-01-25,9:00p,,Detroit Pistons,L,,92,95,19,25,L 1
2016,UTA,2016-01-27,9:00p,,Charlotte Hornets,W,,102,73,20,25,W 1
2016,UTA,2016-01-29,9:00p,,Minnesota Timberwolves,W,,103,90,21,25,W 2
2016,UTA,2016-02-01,9:00p,,Chicago Bulls,W,OT,105,96,22,25,W 3
2016,UTA,2016-02-03,9:00p,,Denver Nuggets,W,,85,81,23,25,W 4
2016,UTA,2016-02-05,9:00p,,Milwaukee Bucks,W,,84,81,24,25,W 5
2016,UTA,2016-02-06,9:00p,@,Phoenix Suns,W,,98,89,25,25,W 6
2016,UTA,2016-02-09,8:30p,@,Dallas Mavericks,W,OT,121,119,26,25,W 7
2016,UTA,2016-02-10,8:00p,@,New Orleans Pelicans,L,,96,100,26,26,L 1
2016,UTA,2016-02-18,7:00p,@,Washington Wizards,L,,89,103,26,27,L 2
2016,UTA,2016-02-19,10:30p,,Boston Celtics,W,,111,93,27,27,W 1
2016,UTA,2016-02-21,9:00p,@,Portland Trail Blazers,L,,111,115,27,28,L 1
2016,UTA,2016-02-23,9:00p,,Houston Rockets,W,OT,117,114,28,28,W 1
2016,UTA,2016-02-25,10:30p,,San Antonio Spurs,L,,78,96,28,29,L 1
2016,UTA,2016-02-27,9:30p,,Brooklyn Nets,L,,96,98,28,30,L 2
2016,UTA,2016-02-29,7:30p,@,Boston Celtics,L,,95,100,28,31,L 3
2016,UTA,2016-03-02,7:30p,@,Toronto Raptors,L,,94,104,28,32,L 4
2016,UTA,2016-03-04,8:00p,@,Memphis Grizzlies,L,,88,94,28,33,L 5
2016,UTA,2016-03-05,7:00p,@,New Orleans Pelicans,W,,106,94,29,33,W 1
2016,UTA,2016-03-08,9:00p,,Atlanta Hawks,L,,84,91,29,34,L 1
2016,UTA,2016-03-09,10:30p,@,Golden State Warriors,L,,94,115,29,35,L 2
2016,UTA,2016-03-11,9:00p,,Washington Wizards,W,,114,93,30,35,W 1
2016,UTA,2016-03-13,6:00p,@,Sacramento Kings,W,,108,99,31,35,W 2
2016,UTA,2016-03-14,10:30p,,Cleveland Cavaliers,W,,94,85,32,35,W 3
2016,UTA,2016-03-17,9:00p,,Phoenix Suns,W,,103,69,33,35,W 4
2016,UTA,2016-03-19,8:00p,@,Chicago Bulls,L,,85,92,33,36,L 1
2016,UTA,2016-03-20,7:00p,@,Milwaukee Bucks,W,,94,85,34,36,W 1
2016,UTA,2016-03-23,8:00p,@,Houston Rockets,W,,89,87,35,36,W 2
2016,UTA,2016-03-24,8:00p,@,Oklahoma City Thunder,L,,91,113,35,37,L 1
2016,UTA,2016-03-26,8:00p,@,Minnesota Timberwolves,W,,93,84,36,37,W 1
2016,UTA,2016-03-28,9:00p,,Los Angeles Lakers,W,,123,75,37,37,W 2
2016,UTA,2016-03-30,9:00p,,Golden State Warriors,L,OT,96,103,37,38,L 1
2016,UTA,2016-04-01,9:00p,,Minnesota Timberwolves,W,,98,85,38,38,W 1
2016,UTA,2016-04-03,6:00p,@,Phoenix Suns,W,,101,86,39,38,W 2
2016,UTA,2016-04-05,9:00p,,San Antonio Spurs,L,,86,88,39,39,L 1
2016,UTA,2016-04-08,9:00p,,Los Angeles Clippers,L,OT,99,102,39,40,L 2
2016,UTA,2016-04-10,5:00p,@,Denver Nuggets,W,,100,84,40,40,W 1
2016,UTA,2016-04-11,9:00p,,Dallas Mavericks,L,,92,101,40,41,L 1
2016,UTA,2016-04-13,10:30p,@,Los Angeles Lakers,L,,96,101,40,42,L 2
2016,WAS,2015-10-28,7:00p,@,Orlando Magic,W,,88,87,1,0,W 1
2016,WAS,2015-10-30,8:00p,@,Milwaukee Bucks,W,,118,113,2,0,W 2
2016,WAS,2015-10-31,7:00p,,New York Knicks,L,,110,117,2,1,L 1
2016,WAS,2015-11-04,7:00p,,San Antonio Spurs,W,,102,99,3,1,W 1
2016,WAS,2015-11-06,7:30p,@,Boston Celtics,L,,98,118,3,2,L 1
2016,WAS,2015-11-07,7:30p,@,Atlanta Hawks,L,,99,114,3,3,L 2
2016,WAS,2015-11-10,7:00p,,Oklahoma City Thunder,L,,101,125,3,4,L 3
2016,WAS,2015-11-14,7:00p,,Orlando Magic,W,,108,99,4,4,W 1
2016,WAS,2015-11-17,7:00p,,Milwaukee Bucks,W,,115,86,5,4,W 2
2016,WAS,2015-11-21,7:30p,@,Detroit Pistons,W,,97,95,6,4,W 3
2016,WAS,2015-11-24,7:00p,,Indiana Pacers,L,,106,123,6,5,L 1
2016,WAS,2015-11-25,7:00p,@,Charlotte Hornets,L,,87,101,6,6,L 2
2016,WAS,2015-11-27,7:30p,@,Boston Celtics,L,,78,111,6,7,L 3
2016,WAS,2015-11-28,7:00p,,Toronto Raptors,L,,82,84,6,8,L 4
2016,WAS,2015-12-01,7:00p,@,Cleveland Cavaliers,W,,97,85,7,8,W 1
2016,WAS,2015-12-02,7:00p,,Los Angeles Lakers,L,,104,108,7,9,L 1
2016,WAS,2015-12-04,7:00p,,Phoenix Suns,W,,109,106,8,9,W 1
2016,WAS,2015-12-06,6:00p,,Dallas Mavericks,L,,104,116,8,10,L 1
2016,WAS,2015-12-07,7:30p,@,Miami Heat,W,,114,103,9,10,W 1
2016,WAS,2015-12-09,7:00p,,Houston Rockets,L,,103,109,9,11,L 1
2016,WAS,2015-12-11,8:00p,@,New Orleans Pelicans,L,,105,107,9,12,L 2
2016,WAS,2015-12-12,8:30p,@,Dallas Mavericks,W,,114,111,10,12,W 1
2016,WAS,2015-12-14,8:00p,@,Memphis Grizzlies,L,,95,112,10,13,L 1
2016,WAS,2015-12-16,8:30p,@,San Antonio Spurs,L,,95,114,10,14,L 2
2016,WAS,2015-12-19,7:00p,,Charlotte Hornets,W,,109,101,11,14,W 1
2016,WAS,2015-12-21,7:00p,,Sacramento Kings,W,,113,99,12,14,W 2
2016,WAS,2015-12-23,7:00p,,Memphis Grizzlies,W,,100,91,13,14,W 3
2016,WAS,2015-12-26,4:00p,@,Brooklyn Nets,W,,111,96,14,14,W 4
2016,WAS,2015-12-28,7:00p,,Los Angeles Clippers,L,,91,108,14,15,L 1
2016,WAS,2015-12-30,7:30p,@,Toronto Raptors,L,,91,94,14,16,L 2
2016,WAS,2016-01-01,7:00p,,Orlando Magic,W,,103,91,15,16,W 1
2016,WAS,2016-01-03,6:00p,,Miami Heat,L,,75,97,15,17,L 1
2016,WAS,2016-01-06,7:00p,,Cleveland Cavaliers,L,,115,121,15,18,L 2
2016,WAS,2016-01-08,7:00p,,Toronto Raptors,L,,88,97,15,19,L 3
2016,WAS,2016-01-09,7:00p,@,Orlando Magic,W,,105,99,16,19,W 1
2016,WAS,2016-01-11,8:00p,@,Chicago Bulls,W,,114,100,17,19,W 2
2016,WAS,2016-01-13,7:00p,,Milwaukee Bucks,W,,106,101,18,19,W 3
2016,WAS,2016-01-15,7:00p,@,Indiana Pacers,W,,118,104,19,19,W 4
2016,WAS,2016-01-16,7:30p,,Boston Celtics,L,,117,119,19,20,L 1
2016,WAS,2016-01-18,2:00p,,Portland Trail Blazers,L,,98,108,19,21,L 2
2016,WAS,2016-01-20,7:00p,,Miami Heat,W,,106,87,20,21,W 1
2016,WAS,2016-01-25,7:00p,,Boston Celtics,L,,91,116,20,22,L 1
2016,WAS,2016-01-26,7:30p,@,Toronto Raptors,L,,89,106,20,23,L 2
2016,WAS,2016-01-28,7:00p,,Denver Nuggets,L,,113,117,20,24,L 3
2016,WAS,2016-01-30,8:00p,@,Houston Rockets,W,,123,122,21,24,W 1
2016,WAS,2016-02-01,8:00p,@,Oklahoma City Thunder,L,,98,114,21,25,L 1
2016,WAS,2016-02-03,8:00p,,Golden State Warriors,L,,121,134,21,26,L 2
2016,WAS,2016-02-05,7:00p,,Philadelphia 76ers,W,,106,94,22,26,W 1
2016,WAS,2016-02-06,7:00p,@,Charlotte Hornets,L,,104,108,22,27,L 1
2016,WAS,2016-02-09,8:00p,@,New York Knicks,W,,111,108,23,27,W 1
2016,WAS,2016-02-11,8:00p,@,Milwaukee Bucks,L,,92,99,23,28,L 1
2016,WAS,2016-02-18,7:00p,,Utah Jazz,W,,103,89,24,28,W 1
2016,WAS,2016-02-19,7:00p,,Detroit Pistons,W,,98,86,25,28,W 2
2016,WAS,2016-02-20,7:30p,@,Miami Heat,L,,94,114,25,29,L 1
2016,WAS,2016-02-23,7:00p,,New Orleans Pelicans,W,,109,89,26,29,W 1
2016,WAS,2016-02-24,8:00p,@,Chicago Bulls,L,,104,109,26,30,L 1
2016,WAS,2016-02-26,7:00p,@,Philadelphia 76ers,W,,103,94,27,30,W 1
2016,WAS,2016-02-28,1:00p,,Cleveland Cavaliers,W,,113,99,28,30,W 2
2016,WAS,2016-02-29,7:00p,,Philadelphia 76ers,W,,116,108,29,30,W 3
2016,WAS,2016-03-02,8:00p,@,Minnesota Timberwolves,W,,104,98,30,30,W 4
2016,WAS,2016-03-04,8:00p,@,Cleveland Cavaliers,L,,83,108,30,31,L 1
2016,WAS,2016-03-05,7:00p,,Indiana Pacers,L,,99,100,30,32,L 2
2016,WAS,2016-03-08,10:00p,@,Portland Trail Blazers,L,OT,109,116,30,33,L 3
2016,WAS,2016-03-11,9:00p,@,Utah Jazz,L,,93,114,30,34,L 4
2016,WAS,2016-03-12,9:30p,@,Denver Nuggets,L,,100,116,30,35,L 5
2016,WAS,2016-03-14,8:00p,,Detroit Pistons,W,,124,81,31,35,W 1
2016,WAS,2016-03-16,7:00p,,Chicago Bulls,W,,117,96,32,35,W 2
2016,WAS,2016-03-17,7:00p,@,Philadelphia 76ers,W,,99,94,33,35,W 3
2016,WAS,2016-03-19,7:00p,,New York Knicks,W,,99,89,34,35,W 4
2016,WAS,2016-03-21,8:00p,@,Atlanta Hawks,W,,117,102,35,35,W 5
2016,WAS,2016-03-23,7:00p,,Atlanta Hawks,L,,101,122,35,36,L 1
2016,WAS,2016-03-25,7:00p,,Minnesota Timberwolves,L,2OT,129,132,35,37,L 2
2016,WAS,2016-03-27,9:30p,@,Los Angeles Lakers,W,,101,88,36,37,W 1
2016,WAS,2016-03-29,10:30p,@,Golden State Warriors,L,,94,102,36,38,L 1
2016,WAS,2016-03-30,10:00p,@,Sacramento Kings,L,,111,120,36,39,L 2
2016,WAS,2016-04-01,10:30p,@,Phoenix Suns,W,,106,99,37,39,W 1
2016,WAS,2016-04-03,3:30p,@,Los Angeles Clippers,L,,109,114,37,40,L 1
2016,WAS,2016-04-06,7:00p,,Brooklyn Nets,W,,121,103,38,40,W 1
2016,WAS,2016-04-08,7:30p,@,Detroit Pistons,L,,99,112,38,41,L 1
2016,WAS,2016-04-10,12:00p,,Charlotte Hornets,W,,113,98,39,41,W 1
2016,WAS,2016-04-11,7:30p,@,Brooklyn Nets,W,,120,111,40,41,W 2
2016,WAS,2016-04-13,8:00p,,Atlanta Hawks,W,,109,98,41,41,W 3
2017,ATL,2016-10-27,7:30p,,Washington Wizards,W,,114,99,1,0,W 1
2017,ATL,2016-10-29,12:30p,@,Philadelphia 76ers,W,,104,72,2,0,W 2
2017,ATL,2016-10-31,7:30p,,Sacramento Kings,W,,106,95,3,0,W 3
2017,ATL,2016-11-02,7:30p,,Los Angeles Lakers,L,,116,123,3,1,L 1
2017,ATL,2016-11-04,7:00p,@,Washington Wizards,L,,92,95,3,2,L 2
2017,ATL,2016-11-05,7:30p,,Houston Rockets,W,,112,97,4,2,W 1
2017,ATL,2016-11-08,7:00p,@,Cleveland Cavaliers,W,,110,106,5,2,W 2
2017,ATL,2016-11-09,7:30p,,Chicago Bulls,W,,115,107,6,2,W 3
2017,ATL,2016-11-12,7:30p,,Philadelphia 76ers,W,,117,96,7,2,W 4
2017,ATL,2016-11-15,7:30p,@,Miami Heat,W,,93,90,8,2,W 5
2017,ATL,2016-11-16,7:30p,,Milwaukee Bucks,W,,107,100,9,2,W 6
2017,ATL,2016-11-18,7:00p,@,Charlotte Hornets,L,,96,100,9,3,L 1
2017,ATL,2016-11-20,12:00p,@,New York Knicks,L,,94,104,9,4,L 2
2017,ATL,2016-11-22,7:30p,,New Orleans Pelicans,L,,94,112,9,5,L 3
2017,ATL,2016-11-23,7:00p,@,Indiana Pacers,W,,96,85,10,5,W 1
2017,ATL,2016-11-25,8:00p,@,Utah Jazz,L,,68,95,10,6,L 1
2017,ATL,2016-11-27,9:30p,@,Los Angeles Lakers,L,,94,109,10,7,L 2
2017,ATL,2016-11-28,10:30p,@,Golden State Warriors,L,,100,105,10,8,L 3
2017,ATL,2016-11-30,9:00p,@,Phoenix Suns,L,,107,109,10,9,L 4
2017,ATL,2016-12-02,8:00p,,Detroit Pistons,L,,85,121,10,10,L 5
2017,ATL,2016-12-03,7:30p,@,Toronto Raptors,L,,84,128,10,11,L 6
2017,ATL,2016-12-05,7:30p,,Oklahoma City Thunder,L,,99,102,10,12,L 7
2017,ATL,2016-12-07,7:30p,,Miami Heat,W,,103,95,11,12,W 1
2017,ATL,2016-12-09,8:00p,@,Milwaukee Bucks,W,,114,110,12,12,W 2
2017,ATL,2016-12-13,7:30p,,Orlando Magic,L,,120,131,12,13,L 1
2017,ATL,2016-12-16,7:30p,@,Toronto Raptors,W,,125,121,13,13,W 1
2017,ATL,2016-12-17,7:30p,,Charlotte Hornets,L,,99,107,13,14,L 1
2017,ATL,2016-12-19,8:00p,@,Oklahoma City Thunder,W,,110,108,14,14,W 1
2017,ATL,2016-12-21,7:30p,,Minnesota Timberwolves,L,,84,92,14,15,L 1
2017,ATL,2016-12-23,9:00p,@,Denver Nuggets,W,,109,108,15,15,W 1
2017,ATL,2016-12-26,8:00p,@,Minnesota Timberwolves,L,,90,104,15,16,L 1
2017,ATL,2016-12-28,7:30p,,New York Knicks,W,OT,102,98,16,16,W 1
2017,ATL,2016-12-30,8:00p,,Detroit Pistons,W,,105,98,17,16,W 2
2017,ATL,2017-01-01,6:00p,,San Antonio Spurs,W,OT,114,112,18,16,W 3
2017,ATL,2017-01-04,7:00p,@,Orlando Magic,W,,111,92,19,16,W 4
2017,ATL,2017-01-05,8:00p,@,New Orleans Pelicans,W,,99,94,20,16,W 5
2017,ATL,2017-01-07,8:30p,@,Dallas Mavericks,W,,97,82,21,16,W 6
2017,ATL,2017-01-10,7:30p,@,Brooklyn Nets,W,,117,97,22,16,W 7
2017,ATL,2017-01-13,8:00p,,Boston Celtics,L,,101,103,22,17,L 1
2017,ATL,2017-01-15,3:00p,,Milwaukee Bucks,W,,111,98,23,17,W 1
2017,ATL,2017-01-16,1:00p,@,New York Knicks,W,,108,107,24,17,W 2
2017,ATL,2017-01-18,8:00p,@,Detroit Pistons,L,,95,118,24,18,L 1
2017,ATL,2017-01-20,8:00p,,Chicago Bulls,W,,102,93,25,18,W 1
2017,ATL,2017-01-21,7:00p,,Philadelphia 76ers,W,,110,93,26,18,W 2
2017,ATL,2017-01-23,7:30p,,Los Angeles Clippers,L,,105,115,26,19,L 1
2017,ATL,2017-01-25,8:00p,@,Chicago Bulls,W,,119,114,27,19,W 1
2017,ATL,2017-01-27,8:00p,,Washington Wizards,L,,86,112,27,20,L 1
2017,ATL,2017-01-29,3:00p,,New York Knicks,W,4OT,142,139,28,20,W 1
2017,ATL,2017-02-01,7:30p,@,Miami Heat,L,,93,116,28,21,L 1
2017,ATL,2017-02-02,8:00p,@,Houston Rockets,W,,113,108,29,21,W 1
2017,ATL,2017-02-04,7:00p,,Orlando Magic,W,,113,86,30,21,W 2
2017,ATL,2017-02-06,7:30p,,Utah Jazz,L,,95,120,30,22,L 1
2017,ATL,2017-02-08,7:30p,,Denver Nuggets,W,,117,106,31,22,W 1
2017,ATL,2017-02-10,10:30p,@,Sacramento Kings,L,,107,108,31,23,L 1
2017,ATL,2017-02-13,10:30p,@,Portland Trail Blazers,W,OT,109,104,32,23,W 1
2017,ATL,2017-02-15,10:30p,@,Los Angeles Clippers,L,,84,99,32,24,L 1
2017,ATL,2017-02-24,8:00p,,Miami Heat,L,,90,108,32,25,L 2
2017,ATL,2017-02-25,7:00p,@,Orlando Magic,L,,86,105,32,26,L 3
2017,ATL,2017-02-27,7:30p,@,Boston Celtics,W,,114,98,33,26,W 1
2017,ATL,2017-03-01,7:30p,,Dallas Mavericks,W,,100,95,34,26,W 2
2017,ATL,2017-03-03,7:00p,,Cleveland Cavaliers,L,,130,135,34,27,L 1
2017,ATL,2017-03-05,1:00p,,Indiana Pacers,L,,96,97,34,28,L 2
2017,ATL,2017-03-06,7:30p,,Golden State Warriors,L,,111,119,34,29,L 3
2017,ATL,2017-03-08,7:30p,,Brooklyn Nets,W,,110,105,35,29,W 1
2017,ATL,2017-03-10,8:00p,,Toronto Raptors,W,,105,99,36,29,W 2
2017,ATL,2017-03-11,9:00p,@,Memphis Grizzlies,W,,107,90,37,29,W 3
2017,ATL,2017-03-13,8:00p,@,San Antonio Spurs,L,,99,107,37,30,L 1
2017,ATL,2017-03-16,7:30p,,Memphis Grizzlies,L,,91,103,37,31,L 2
2017,ATL,2017-03-18,6:00p,,Portland Trail Blazers,L,,97,113,37,32,L 3
2017,ATL,2017-03-20,7:00p,@,Charlotte Hornets,L,,90,105,37,33,L 4
2017,ATL,2017-03-22,8:00p,@,Washington Wizards,L,,100,104,37,34,L 5
2017,ATL,2017-03-24,8:00p,@,Milwaukee Bucks,L,,97,100,37,35,L 6
2017,ATL,2017-03-26,1:00p,,Brooklyn Nets,L,,92,107,37,36,L 7
2017,ATL,2017-03-28,7:30p,,Phoenix Suns,W,,95,91,38,36,W 1
2017,ATL,2017-03-29,7:00p,@,Philadelphia 76ers,W,,99,92,39,36,W 2
2017,ATL,2017-04-01,5:00p,@,Chicago Bulls,L,,104,106,39,37,L 1
2017,ATL,2017-04-02,6:00p,@,Brooklyn Nets,L,,82,91,39,38,L 2
2017,ATL,2017-04-06,8:00p,,Boston Celtics,W,,123,116,40,38,W 1
2017,ATL,2017-04-07,7:30p,@,Cleveland Cavaliers,W,,114,100,41,38,W 2
2017,ATL,2017-04-09,3:30p,,Cleveland Cavaliers,W,OT,126,125,42,38,W 3
2017,ATL,2017-04-11,7:30p,,Charlotte Hornets,W,,103,76,43,38,W 4
2017,ATL,2017-04-12,8:00p,@,Indiana Pacers,L,,86,104,43,39,L 1
2017,ATL,2017-04-16,1:00p,@,Washington Wizards,L,,107,114,0,1,L 1
2017,ATL,2017-04-19,7:00p,@,Washington Wizards,L,,101,109,0,2,L 2
2017,ATL,2017-04-22,5:30p,,Washington Wizards,W,,116,98,1,2,W 1
2017,ATL,2017-04-24,8:00p,,Washington Wizards,W,,111,101,2,2,W 2
2017,ATL,2017-04-26,6:00p,@,Washington Wizards,L,,99,103,2,3,L 1
2017,ATL,2017-04-28,7:30p,,Washington Wizards,L,,99,115,2,4,L 2
2017,BOS,2016-10-26,7:30p,,Brooklyn Nets,W,,122,117,1,0,W 1
2017,BOS,2016-10-27,8:00p,@,Chicago Bulls,L,,99,105,1,1,L 1
2017,BOS,2016-10-29,7:00p,@,Charlotte Hornets,W,,104,98,2,1,W 1
2017,BOS,2016-11-02,8:00p,,Chicago Bulls,W,,107,100,3,1,W 2
2017,BOS,2016-11-03,8:00p,@,Cleveland Cavaliers,L,,122,128,3,2,L 1
2017,BOS,2016-11-06,7:30p,,Denver Nuggets,L,,107,123,3,3,L 2
2017,BOS,2016-11-09,7:00p,@,Washington Wizards,L,,93,118,3,4,L 3
2017,BOS,2016-11-11,7:30p,,New York Knicks,W,,115,87,4,4,W 1
2017,BOS,2016-11-12,7:00p,@,Indiana Pacers,W,,105,99,5,4,W 2
2017,BOS,2016-11-14,8:00p,@,New Orleans Pelicans,L,,105,106,5,5,L 1
2017,BOS,2016-11-16,7:30p,,Dallas Mavericks,W,,90,83,6,5,W 1
2017,BOS,2016-11-18,8:00p,,Golden State Warriors,L,,88,104,6,6,L 1
2017,BOS,2016-11-19,7:00p,@,Detroit Pistons,W,,94,92,7,6,W 1
2017,BOS,2016-11-21,8:00p,@,Minnesota Timberwolves,W,,99,93,8,6,W 2
2017,BOS,2016-11-23,7:30p,@,Brooklyn Nets,W,,111,92,9,6,W 3
2017,BOS,2016-11-25,1:00p,,San Antonio Spurs,L,,103,109,9,7,L 1
2017,BOS,2016-11-28,7:30p,@,Miami Heat,W,,112,104,10,7,W 1
2017,BOS,2016-11-30,7:30p,,Detroit Pistons,L,,114,121,10,8,L 1
2017,BOS,2016-12-02,7:30p,,Sacramento Kings,W,,97,92,11,8,W 1
2017,BOS,2016-12-03,7:30p,@,Philadelphia 76ers,W,,107,106,12,8,W 2
2017,BOS,2016-12-05,8:00p,@,Houston Rockets,L,,106,107,12,9,L 1
2017,BOS,2016-12-07,7:00p,@,Orlando Magic,W,,117,87,13,9,W 1
2017,BOS,2016-12-09,7:30p,,Toronto Raptors,L,,94,101,13,10,L 1
2017,BOS,2016-12-11,7:00p,@,Oklahoma City Thunder,L,,96,99,13,11,L 2
2017,BOS,2016-12-14,9:30p,@,San Antonio Spurs,L,,101,108,13,12,L 3
2017,BOS,2016-12-16,7:30p,,Charlotte Hornets,W,,96,88,14,12,W 1
2017,BOS,2016-12-18,6:00p,@,Miami Heat,W,,105,95,15,12,W 2
2017,BOS,2016-12-20,8:00p,@,Memphis Grizzlies,W,OT,112,109,16,12,W 3
2017,BOS,2016-12-22,7:00p,@,Indiana Pacers,W,,109,102,17,12,W 4
2017,BOS,2016-12-23,7:30p,,Oklahoma City Thunder,L,,112,117,17,13,L 1
2017,BOS,2016-12-25,12:00p,@,New York Knicks,W,,119,114,18,13,W 1
2017,BOS,2016-12-27,7:30p,,Memphis Grizzlies,W,,113,103,19,13,W 2
2017,BOS,2016-12-29,8:00p,@,Cleveland Cavaliers,L,,118,124,19,14,L 1
2017,BOS,2016-12-30,7:30p,,Miami Heat,W,,117,114,20,14,W 1
2017,BOS,2017-01-03,7:30p,,Utah Jazz,W,,115,104,21,14,W 2
2017,BOS,2017-01-06,7:30p,,Philadelphia 76ers,W,,110,106,22,14,W 3
2017,BOS,2017-01-07,7:30p,,New Orleans Pelicans,W,,117,108,23,14,W 4
2017,BOS,2017-01-10,7:30p,@,Toronto Raptors,L,,106,114,23,15,L 1
2017,BOS,2017-01-11,8:00p,,Washington Wizards,W,,117,108,24,15,W 1
2017,BOS,2017-01-13,8:00p,@,Atlanta Hawks,W,,103,101,25,15,W 2
2017,BOS,2017-01-16,7:30p,,Charlotte Hornets,W,,108,98,26,15,W 3
2017,BOS,2017-01-18,7:30p,,New York Knicks,L,,106,117,26,16,L 1
2017,BOS,2017-01-21,5:00p,,Portland Trail Blazers,L,OT,123,127,26,17,L 2
2017,BOS,2017-01-24,7:00p,@,Washington Wizards,L,,108,123,26,18,L 3
2017,BOS,2017-01-25,7:30p,,Houston Rockets,W,,120,109,27,18,W 1
2017,BOS,2017-01-27,7:30p,,Orlando Magic,W,,128,98,28,18,W 2
2017,BOS,2017-01-28,8:00p,@,Milwaukee Bucks,W,OT,112,108,29,18,W 3
2017,BOS,2017-01-30,8:00p,,Detroit Pistons,W,,113,109,30,18,W 4
2017,BOS,2017-02-01,7:30p,,Toronto Raptors,W,,109,104,31,18,W 5
2017,BOS,2017-02-03,8:00p,,Los Angeles Lakers,W,,113,107,32,18,W 6
2017,BOS,2017-02-05,2:00p,,Los Angeles Clippers,W,,107,102,33,18,W 7
2017,BOS,2017-02-08,10:30p,@,Sacramento Kings,L,,92,108,33,19,L 1
2017,BOS,2017-02-09,10:30p,@,Portland Trail Blazers,W,,120,111,34,19,W 1
2017,BOS,2017-02-11,10:00p,@,Utah Jazz,W,,112,104,35,19,W 2
2017,BOS,2017-02-13,8:30p,@,Dallas Mavericks,W,,111,98,36,19,W 3
2017,BOS,2017-02-15,7:30p,,Philadelphia 76ers,W,,116,108,37,19,W 4
2017,BOS,2017-02-16,8:00p,@,Chicago Bulls,L,,103,104,37,20,L 1
2017,BOS,2017-02-24,8:00p,@,Toronto Raptors,L,,97,107,37,21,L 2
2017,BOS,2017-02-26,6:00p,@,Detroit Pistons,W,,104,98,38,21,W 1
2017,BOS,2017-02-27,7:30p,,Atlanta Hawks,L,,98,114,38,22,L 1
2017,BOS,2017-03-01,8:00p,,Cleveland Cavaliers,W,,103,99,39,22,W 1
2017,BOS,2017-03-03,10:30p,@,Los Angeles Lakers,W,,115,95,40,22,W 2
2017,BOS,2017-03-05,5:00p,@,Phoenix Suns,L,,106,109,40,23,L 1
2017,BOS,2017-03-06,10:30p,@,Los Angeles Clippers,L,,102,116,40,24,L 2
2017,BOS,2017-03-08,10:30p,@,Golden State Warriors,W,,99,86,41,24,W 1
2017,BOS,2017-03-10,9:00p,@,Denver Nuggets,L,,99,119,41,25,L 1
2017,BOS,2017-03-12,3:30p,,Chicago Bulls,W,,100,80,42,25,W 1
2017,BOS,2017-03-15,7:30p,,Minnesota Timberwolves,W,,117,104,43,25,W 2
2017,BOS,2017-03-17,7:30p,@,Brooklyn Nets,W,,98,95,44,25,W 3
2017,BOS,2017-03-19,1:00p,@,Philadelphia 76ers,L,,99,105,44,26,L 1
2017,BOS,2017-03-20,7:30p,,Washington Wizards,W,,110,102,45,26,W 1
2017,BOS,2017-03-22,7:30p,,Indiana Pacers,W,,109,100,46,26,W 2
2017,BOS,2017-03-24,7:30p,,Phoenix Suns,W,,130,120,47,26,W 3
2017,BOS,2017-03-26,6:00p,,Miami Heat,W,,112,108,48,26,W 4
2017,BOS,2017-03-29,7:30p,,Milwaukee Bucks,L,,100,103,48,27,L 1
2017,BOS,2017-03-31,7:30p,,Orlando Magic,W,,117,116,49,27,W 1
2017,BOS,2017-04-02,1:00p,@,New York Knicks,W,,110,94,50,27,W 2
2017,BOS,2017-04-05,8:00p,,Cleveland Cavaliers,L,,91,114,50,28,L 1
2017,BOS,2017-04-06,8:00p,@,Atlanta Hawks,L,,116,123,50,29,L 2
2017,BOS,2017-04-08,6:00p,@,Charlotte Hornets,W,,121,114,51,29,W 1
2017,BOS,2017-04-10,7:30p,,Brooklyn Nets,W,,114,105,52,29,W 2
2017,BOS,2017-04-12,8:00p,,Milwaukee Bucks,W,,112,94,53,29,W 3
2017,BOS,2017-04-16,6:30p,,Chicago Bulls,L,,102,106,0,1,L 1
2017,BOS,2017-04-18,8:00p,,Chicago Bulls,L,,97,111,0,2,L 2
2017,BOS,2017-04-21,7:00p,@,Chicago Bulls,W,,104,87,1,2,W 1
2017,BOS,2017-04-23,6:30p,@,Chicago Bulls,W,,104,95,2,2,W 2
2017,BOS,2017-04-26,8:30p,,Chicago Bulls,W,,108,97,3,2,W 3
2017,BOS,2017-04-28,8:00p,@,Chicago Bulls,W,,105,83,4,2,W 4
2017,BOS,2017-04-30,1:00p,,Washington Wizards,W,,123,111,5,2,W 5
2017,BOS,2017-05-02,8:00p,,Washington Wizards,W,OT,129,119,6,2,W 6
2017,BOS,2017-05-04,8:00p,@,Washington Wizards,L,,89,116,6,3,L 1
2017,BOS,2017-05-07,6:30p,@,Washington Wizards,L,,102,121,6,4,L 2
2017,BOS,2017-05-10,8:00p,,Washington Wizards,W,,123,101,7,4,W 1
2017,BOS,2017-05-12,8:00p,@,Washington Wizards,L,,91,92,7,5,L 1
2017,BOS,2017-05-15,8:00p,,Washington Wizards,W,,115,105,8,5,W 1
2017,BOS,2017-05-17,8:30p,,Cleveland Cavaliers,L,,104,117,8,6,L 1
2017,BOS,2017-05-19,8:30p,,Cleveland Cavaliers,L,,86,130,8,7,L 2
2017,BOS,2017-05-21,8:30p,@,Cleveland Cavaliers,W,,111,108,9,7,W 1
2017,BOS,2017-05-23,8:30p,@,Cleveland Cavaliers,L,,99,112,9,8,L 1
2017,BOS,2017-05-25,8:30p,,Cleveland Cavaliers,L,,102,135,9,9,L 2
2017,BRK,2016-10-26,7:30p,@,Boston Celtics,L,,117,122,0,1,L 1
2017,BRK,2016-10-28,7:30p,,Indiana Pacers,W,,103,94,1,1,W 1
2017,BRK,2016-10-29,8:00p,@,Milwaukee Bucks,L,,108,110,1,2,L 1
2017,BRK,2016-10-31,7:30p,,Chicago Bulls,L,,88,118,1,3,L 2
2017,BRK,2016-11-02,7:30p,,Detroit Pistons,W,,109,101,2,3,W 1
2017,BRK,2016-11-04,7:30p,,Charlotte Hornets,L,,95,99,2,4,L 1
2017,BRK,2016-11-08,7:30p,,Minnesota Timberwolves,W,,119,110,3,4,W 1
2017,BRK,2016-11-09,7:00p,@,New York Knicks,L,,96,110,3,5,L 1
2017,BRK,2016-11-12,9:00p,@,Phoenix Suns,W,,122,104,4,5,W 1
2017,BRK,2016-11-14,10:30p,@,Los Angeles Clippers,L,,95,127,4,6,L 1
2017,BRK,2016-11-15,10:30p,@,Los Angeles Lakers,L,,118,125,4,7,L 2
2017,BRK,2016-11-18,8:00p,@,Oklahoma City Thunder,L,,105,124,4,8,L 3
2017,BRK,2016-11-20,3:30p,,Portland Trail Blazers,L,,109,129,4,9,L 4
2017,BRK,2016-11-23,7:30p,,Boston Celtics,L,,92,111,4,10,L 5
2017,BRK,2016-11-25,8:00p,@,Indiana Pacers,L,,97,118,4,11,L 6
2017,BRK,2016-11-27,6:00p,,Sacramento Kings,L,,105,122,4,12,L 7
2017,BRK,2016-11-29,7:30p,,Los Angeles Clippers,W,2OT,127,122,5,12,W 1
2017,BRK,2016-12-01,7:30p,,Milwaukee Bucks,L,,93,111,5,13,L 1
2017,BRK,2016-12-03,5:00p,@,Milwaukee Bucks,L,,103,112,5,14,L 2
2017,BRK,2016-12-05,7:30p,,Washington Wizards,L,,113,118,5,15,L 3
2017,BRK,2016-12-07,7:30p,,Denver Nuggets,W,,116,111,6,15,W 1
2017,BRK,2016-12-10,8:30p,@,San Antonio Spurs,L,,101,130,6,16,L 1
2017,BRK,2016-12-12,8:00p,@,Houston Rockets,L,,118,122,6,17,L 2
2017,BRK,2016-12-14,7:30p,,Los Angeles Lakers,W,,107,97,7,17,W 1
2017,BRK,2016-12-16,7:00p,@,Orlando Magic,L,,111,118,7,18,L 1
2017,BRK,2016-12-18,6:00p,@,Philadelphia 76ers,L,,107,108,7,19,L 2
2017,BRK,2016-12-20,7:30p,@,Toronto Raptors,L,,104,116,7,20,L 3
2017,BRK,2016-12-22,7:30p,,Golden State Warriors,L,,101,117,7,21,L 4
2017,BRK,2016-12-23,7:30p,@,Cleveland Cavaliers,L,,99,119,7,22,L 5
2017,BRK,2016-12-26,7:30p,,Charlotte Hornets,W,,120,118,8,22,W 1
2017,BRK,2016-12-28,8:00p,@,Chicago Bulls,L,,99,101,8,23,L 1
2017,BRK,2016-12-30,7:00p,@,Washington Wizards,L,,95,118,8,24,L 2
2017,BRK,2017-01-02,7:30p,,Utah Jazz,L,,89,101,8,25,L 3
2017,BRK,2017-01-05,7:00p,@,Indiana Pacers,L,,109,121,8,26,L 4
2017,BRK,2017-01-06,7:30p,,Cleveland Cavaliers,L,,108,116,8,27,L 5
2017,BRK,2017-01-08,12:00p,,Philadelphia 76ers,L,,95,105,8,28,L 6
2017,BRK,2017-01-10,7:30p,,Atlanta Hawks,L,,97,117,8,29,L 7
2017,BRK,2017-01-12,7:30p,,New Orleans Pelicans,L,,95,104,8,30,L 8
2017,BRK,2017-01-13,7:30p,@,Toronto Raptors,L,,113,132,8,31,L 9
2017,BRK,2017-01-15,6:00p,,Houston Rockets,L,,112,137,8,32,L 10
2017,BRK,2017-01-17,7:30p,,Toronto Raptors,L,,109,119,8,33,L 11
2017,BRK,2017-01-20,8:00p,@,New Orleans Pelicans,W,,143,114,9,33,W 1
2017,BRK,2017-01-21,7:00p,@,Charlotte Hornets,L,,105,112,9,34,L 1
2017,BRK,2017-01-23,7:30p,,San Antonio Spurs,L,,86,112,9,35,L 2
2017,BRK,2017-01-25,7:30p,,Miami Heat,L,,106,109,9,36,L 3
2017,BRK,2017-01-27,7:30p,@,Cleveland Cavaliers,L,,116,124,9,37,L 4
2017,BRK,2017-01-28,9:00p,@,Minnesota Timberwolves,L,,109,129,9,38,L 5
2017,BRK,2017-01-30,7:30p,@,Miami Heat,L,,96,104,9,39,L 6
2017,BRK,2017-02-01,7:30p,,New York Knicks,L,,90,95,9,40,L 7
2017,BRK,2017-02-03,7:30p,,Indiana Pacers,L,,97,106,9,41,L 8
2017,BRK,2017-02-05,12:00p,,Toronto Raptors,L,,95,103,9,42,L 9
2017,BRK,2017-02-07,7:00p,@,Charlotte Hornets,L,,107,111,9,43,L 10
2017,BRK,2017-02-08,7:30p,,Washington Wizards,L,OT,110,114,9,44,L 11
2017,BRK,2017-02-10,7:30p,,Miami Heat,L,,99,108,9,45,L 12
2017,BRK,2017-02-13,7:30p,,Memphis Grizzlies,L,,103,112,9,46,L 13
2017,BRK,2017-02-15,7:30p,,Milwaukee Bucks,L,,125,129,9,47,L 14
2017,BRK,2017-02-24,9:00p,@,Denver Nuggets,L,,109,129,9,48,L 15
2017,BRK,2017-02-25,10:30p,@,Golden State Warriors,L,,95,112,9,49,L 16
2017,BRK,2017-03-01,10:30p,@,Sacramento Kings,W,,109,100,10,49,W 1
2017,BRK,2017-03-03,9:00p,@,Utah Jazz,L,,97,112,10,50,L 1
2017,BRK,2017-03-04,10:00p,@,Portland Trail Blazers,L,,116,130,10,51,L 2
2017,BRK,2017-03-06,8:00p,@,Memphis Grizzlies,W,,122,109,11,51,W 1
2017,BRK,2017-03-08,7:30p,@,Atlanta Hawks,L,,105,110,11,52,L 1
2017,BRK,2017-03-10,9:00p,@,Dallas Mavericks,L,,96,105,11,53,L 2
2017,BRK,2017-03-12,6:00p,,New York Knicks,W,,120,112,12,53,W 1
2017,BRK,2017-03-14,7:30p,,Oklahoma City Thunder,L,,104,122,12,54,L 1
2017,BRK,2017-03-16,7:30p,@,New York Knicks,W,,121,110,13,54,W 1
2017,BRK,2017-03-17,7:30p,,Boston Celtics,L,,95,98,13,55,L 1
2017,BRK,2017-03-19,12:00p,,Dallas Mavericks,L,,104,111,13,56,L 2
2017,BRK,2017-03-21,7:30p,,Detroit Pistons,W,,98,96,14,56,W 1
2017,BRK,2017-03-23,7:30p,,Phoenix Suns,W,,126,98,15,56,W 2
2017,BRK,2017-03-24,7:00p,@,Washington Wizards,L,,108,129,15,57,L 1
2017,BRK,2017-03-26,1:00p,@,Atlanta Hawks,W,,107,92,16,57,W 1
2017,BRK,2017-03-28,7:30p,,Philadelphia 76ers,L,,101,106,16,58,L 1
2017,BRK,2017-03-30,7:30p,@,Detroit Pistons,L,,89,90,16,59,L 2
2017,BRK,2017-04-01,6:00p,,Orlando Magic,W,,121,111,17,59,W 1
2017,BRK,2017-04-02,6:00p,,Atlanta Hawks,W,,91,82,18,59,W 2
2017,BRK,2017-04-04,7:00p,@,Philadelphia 76ers,W,,141,118,19,59,W 3
2017,BRK,2017-04-06,7:00p,@,Orlando Magic,L,,107,115,19,60,L 1
2017,BRK,2017-04-08,5:00p,,Chicago Bulls,W,,107,106,20,60,W 1
2017,BRK,2017-04-10,7:30p,@,Boston Celtics,L,,105,114,20,61,L 1
2017,BRK,2017-04-12,8:00p,@,Chicago Bulls,L,,73,112,20,62,L 2
2017,CHI,2016-10-27,8:00p,,Boston Celtics,W,,105,99,1,0,W 1
2017,CHI,2016-10-29,8:00p,,Indiana Pacers,W,,118,101,2,0,W 2
2017,CHI,2016-10-31,7:30p,@,Brooklyn Nets,W,,118,88,3,0,W 3
2017,CHI,2016-11-02,8:00p,@,Boston Celtics,L,,100,107,3,1,L 1
2017,CHI,2016-11-04,8:00p,,New York Knicks,L,,104,117,3,2,L 2
2017,CHI,2016-11-05,7:00p,@,Indiana Pacers,L,,94,111,3,3,L 3
2017,CHI,2016-11-07,8:00p,,Orlando Magic,W,,112,80,4,3,W 1
2017,CHI,2016-11-09,7:30p,@,Atlanta Hawks,L,,107,115,4,4,L 1
2017,CHI,2016-11-10,8:00p,@,Miami Heat,W,,98,95,5,4,W 1
2017,CHI,2016-11-12,8:00p,,Washington Wizards,W,,106,95,6,4,W 2
2017,CHI,2016-11-15,10:00p,@,Portland Trail Blazers,W,,113,88,7,4,W 3
2017,CHI,2016-11-17,10:30p,@,Utah Jazz,W,,85,77,8,4,W 4
2017,CHI,2016-11-19,10:30p,@,Los Angeles Clippers,L,,95,102,8,5,L 1
2017,CHI,2016-11-20,9:30p,@,Los Angeles Lakers,W,,118,110,9,5,W 1
2017,CHI,2016-11-22,9:00p,@,Denver Nuggets,L,,107,110,9,6,L 1
2017,CHI,2016-11-25,7:30p,@,Philadelphia 76ers,W,,105,89,10,6,W 1
2017,CHI,2016-11-30,8:00p,,Los Angeles Lakers,L,,90,96,10,7,L 1
2017,CHI,2016-12-02,8:00p,,Cleveland Cavaliers,W,,111,105,11,7,W 1
2017,CHI,2016-12-03,8:30p,@,Dallas Mavericks,L,,82,107,11,8,L 1
2017,CHI,2016-12-05,8:00p,,Portland Trail Blazers,L,,110,112,11,9,L 2
2017,CHI,2016-12-06,7:30p,@,Detroit Pistons,L,,91,102,11,10,L 3
2017,CHI,2016-12-08,9:30p,,San Antonio Spurs,W,,95,91,12,10,W 1
2017,CHI,2016-12-10,8:00p,,Miami Heat,W,,105,100,13,10,W 2
2017,CHI,2016-12-13,8:00p,,Minnesota Timberwolves,L,,94,99,13,11,L 1
2017,CHI,2016-12-15,8:00p,@,Milwaukee Bucks,L,,97,108,13,12,L 2
2017,CHI,2016-12-16,8:00p,,Milwaukee Bucks,L,,69,95,13,13,L 3
2017,CHI,2016-12-19,8:00p,,Detroit Pistons,W,,113,82,14,13,W 1
2017,CHI,2016-12-21,8:00p,,Washington Wizards,L,,97,107,14,14,L 1
2017,CHI,2016-12-23,7:00p,@,Charlotte Hornets,L,,91,103,14,15,L 2
2017,CHI,2016-12-25,5:00p,@,San Antonio Spurs,L,,100,119,14,16,L 3
2017,CHI,2016-12-26,8:00p,,Indiana Pacers,W,,90,85,15,16,W 1
2017,CHI,2016-12-28,8:00p,,Brooklyn Nets,W,,101,99,16,16,W 2
2017,CHI,2016-12-30,4:00p,@,Indiana Pacers,L,,101,111,16,17,L 1
2017,CHI,2016-12-31,7:00p,,Milwaukee Bucks,L,,96,116,16,18,L 2
2017,CHI,2017-01-02,8:00p,,Charlotte Hornets,W,,118,111,17,18,W 1
2017,CHI,2017-01-04,8:00p,@,Cleveland Cavaliers,W,,106,94,18,18,W 2
2017,CHI,2017-01-07,8:00p,,Toronto Raptors,W,OT,123,118,19,18,W 3
2017,CHI,2017-01-09,8:00p,,Oklahoma City Thunder,L,,94,109,19,19,L 1
2017,CHI,2017-01-10,7:00p,@,Washington Wizards,L,,99,101,19,20,L 2
2017,CHI,2017-01-12,8:00p,@,New York Knicks,L,,89,104,19,21,L 3
2017,CHI,2017-01-14,5:00p,,New Orleans Pelicans,W,,107,99,20,21,W 1
2017,CHI,2017-01-15,9:00p,@,Memphis Grizzlies,W,,108,104,21,21,W 2
2017,CHI,2017-01-17,8:00p,,Dallas Mavericks,L,,98,99,21,22,L 1
2017,CHI,2017-01-20,8:00p,@,Atlanta Hawks,L,,93,102,21,23,L 2
2017,CHI,2017-01-21,9:00p,,Sacramento Kings,W,,102,99,22,23,W 1
2017,CHI,2017-01-24,7:00p,@,Orlando Magic,W,,100,92,23,23,W 2
2017,CHI,2017-01-25,8:00p,,Atlanta Hawks,L,,114,119,23,24,L 1
2017,CHI,2017-01-27,8:00p,,Miami Heat,L,,88,100,23,25,L 2
2017,CHI,2017-01-29,7:00p,,Philadelphia 76ers,W,,121,108,24,25,W 1
2017,CHI,2017-02-01,9:30p,@,Oklahoma City Thunder,W,,128,100,25,25,W 2
2017,CHI,2017-02-03,8:00p,@,Houston Rockets,L,OT,117,121,25,26,L 1
2017,CHI,2017-02-06,10:30p,@,Sacramento Kings,W,,112,107,26,26,W 1
2017,CHI,2017-02-08,10:30p,@,Golden State Warriors,L,,92,123,26,27,L 1
2017,CHI,2017-02-10,10:30p,@,Phoenix Suns,L,,97,115,26,28,L 2
2017,CHI,2017-02-12,3:30p,@,Minnesota Timberwolves,L,,89,117,26,29,L 3
2017,CHI,2017-02-14,8:00p,,Toronto Raptors,W,,105,94,27,29,W 1
2017,CHI,2017-02-16,8:00p,,Boston Celtics,W,,104,103,28,29,W 2
2017,CHI,2017-02-24,8:00p,,Phoenix Suns,W,OT,128,121,29,29,W 3
2017,CHI,2017-02-25,8:30p,@,Cleveland Cavaliers,W,,117,99,30,29,W 4
2017,CHI,2017-02-28,8:00p,,Denver Nuggets,L,,107,125,30,30,L 1
2017,CHI,2017-03-02,8:00p,,Golden State Warriors,W,,94,87,31,30,W 1
2017,CHI,2017-03-04,8:30p,,Los Angeles Clippers,L,,91,101,31,31,L 1
2017,CHI,2017-03-06,7:30p,@,Detroit Pistons,L,,95,109,31,32,L 2
2017,CHI,2017-03-08,7:00p,@,Orlando Magic,L,,91,98,31,33,L 3
2017,CHI,2017-03-10,8:00p,,Houston Rockets,L,,94,115,31,34,L 4
2017,CHI,2017-03-12,3:30p,@,Boston Celtics,L,,80,100,31,35,L 5
2017,CHI,2017-03-13,7:00p,@,Charlotte Hornets,W,,115,109,32,35,W 1
2017,CHI,2017-03-15,8:00p,,Memphis Grizzlies,L,,91,98,32,36,L 1
2017,CHI,2017-03-17,7:00p,@,Washington Wizards,L,,107,112,32,37,L 2
2017,CHI,2017-03-18,9:00p,,Utah Jazz,W,,95,86,33,37,W 1
2017,CHI,2017-03-21,7:00p,@,Toronto Raptors,L,OT,120,122,33,38,L 1
2017,CHI,2017-03-22,8:00p,,Detroit Pistons,W,,117,95,34,38,W 1
2017,CHI,2017-03-24,8:00p,,Philadelphia 76ers,L,,107,117,34,39,L 1
2017,CHI,2017-03-26,3:30p,@,Milwaukee Bucks,W,,109,94,35,39,W 1
2017,CHI,2017-03-30,8:00p,,Cleveland Cavaliers,W,,99,93,36,39,W 2
2017,CHI,2017-04-01,5:00p,,Atlanta Hawks,W,,106,104,37,39,W 3
2017,CHI,2017-04-02,6:00p,@,New Orleans Pelicans,W,,117,110,38,39,W 4
2017,CHI,2017-04-04,8:00p,@,New York Knicks,L,,91,100,38,40,L 1
2017,CHI,2017-04-06,7:00p,@,Philadelphia 76ers,W,,102,90,39,40,W 1
2017,CHI,2017-04-08,5:00p,@,Brooklyn Nets,L,,106,107,39,41,L 1
2017,CHI,2017-04-10,8:00p,,Orlando Magic,W,,122,75,40,41,W 1
2017,CHI,2017-04-12,8:00p,,Brooklyn Nets,W,,112,73,41,41,W 2
2017,CHI,2017-04-16,6:30p,@,Boston Celtics,W,,106,102,1,0,W 1
2017,CHI,2017-04-18,8:00p,@,Boston Celtics,W,,111,97,2,0,W 2
2017,CHI,2017-04-21,7:00p,,Boston Celtics,L,,87,104,2,1,L 1
2017,CHI,2017-04-23,6:30p,,Boston Celtics,L,,95,104,2,2,L 2
2017,CHI,2017-04-26,8:30p,@,Boston Celtics,L,,97,108,2,3,L 3
2017,CHI,2017-04-28,8:00p,,Boston Celtics,L,,83,105,2,4,L 4
2017,CHO,2016-10-26,8:00p,@,Milwaukee Bucks,W,,107,96,1,0,W 1
2017,CHO,2016-10-28,8:00p,@,Miami Heat,W,,97,91,2,0,W 2
2017,CHO,2016-10-29,7:00p,,Boston Celtics,L,,98,104,2,1,L 1
2017,CHO,2016-11-02,7:00p,,Philadelphia 76ers,W,,109,93,3,1,W 1
2017,CHO,2016-11-04,7:30p,@,Brooklyn Nets,W,,99,95,4,1,W 2
2017,CHO,2016-11-07,7:00p,,Indiana Pacers,W,,122,100,5,1,W 3
2017,CHO,2016-11-09,7:00p,,Utah Jazz,W,,104,98,6,1,W 4
2017,CHO,2016-11-11,7:00p,,Toronto Raptors,L,,111,113,6,2,L 1
2017,CHO,2016-11-13,3:30p,@,Cleveland Cavaliers,L,,93,100,6,3,L 2
2017,CHO,2016-11-15,8:00p,@,Minnesota Timberwolves,W,,115,108,7,3,W 1
2017,CHO,2016-11-18,7:00p,,Atlanta Hawks,W,,100,96,8,3,W 2
2017,CHO,2016-11-19,7:00p,@,New Orleans Pelicans,L,OT,116,121,8,4,L 1
2017,CHO,2016-11-21,7:00p,,Memphis Grizzlies,L,,90,105,8,5,L 2
2017,CHO,2016-11-23,7:00p,,San Antonio Spurs,L,,114,119,8,6,L 3
2017,CHO,2016-11-25,7:30p,@,New York Knicks,L,OT,111,113,8,7,L 4
2017,CHO,2016-11-26,7:00p,,New York Knicks,W,,107,102,9,7,W 1
2017,CHO,2016-11-28,8:00p,@,Memphis Grizzlies,W,,104,85,10,7,W 2
2017,CHO,2016-11-29,7:00p,,Detroit Pistons,L,,89,112,10,8,L 1
2017,CHO,2016-12-01,7:00p,,Dallas Mavericks,W,,97,87,11,8,W 1
2017,CHO,2016-12-03,7:00p,,Minnesota Timberwolves,L,OT,120,125,11,9,L 1
2017,CHO,2016-12-05,8:30p,@,Dallas Mavericks,W,,109,101,12,9,W 1
2017,CHO,2016-12-07,7:00p,,Detroit Pistons,W,,87,77,13,9,W 2
2017,CHO,2016-12-09,7:00p,,Orlando Magic,W,,109,88,14,9,W 3
2017,CHO,2016-12-10,7:30p,@,Cleveland Cavaliers,L,,105,116,14,10,L 1
2017,CHO,2016-12-12,7:00p,@,Indiana Pacers,L,,94,110,14,11,L 2
2017,CHO,2016-12-14,7:00p,@,Washington Wizards,L,,106,109,14,12,L 3
2017,CHO,2016-12-16,7:30p,@,Boston Celtics,L,,88,96,14,13,L 4
2017,CHO,2016-12-17,7:30p,@,Atlanta Hawks,W,,107,99,15,13,W 1
2017,CHO,2016-12-20,7:00p,,Los Angeles Lakers,W,,117,113,16,13,W 2
2017,CHO,2016-12-23,7:00p,,Chicago Bulls,W,,103,91,17,13,W 3
2017,CHO,2016-12-26,7:30p,@,Brooklyn Nets,L,,118,120,17,14,L 1
2017,CHO,2016-12-28,7:00p,@,Orlando Magic,W,,120,101,18,14,W 1
2017,CHO,2016-12-29,7:00p,,Miami Heat,W,,91,82,19,14,W 2
2017,CHO,2016-12-31,7:00p,,Cleveland Cavaliers,L,,109,121,19,15,L 1
2017,CHO,2017-01-02,8:00p,@,Chicago Bulls,L,,111,118,19,16,L 2
2017,CHO,2017-01-04,7:00p,,Oklahoma City Thunder,W,,123,112,20,16,W 1
2017,CHO,2017-01-05,7:30p,@,Detroit Pistons,L,,114,115,20,17,L 1
2017,CHO,2017-01-07,8:30p,@,San Antonio Spurs,L,,85,102,20,18,L 2
2017,CHO,2017-01-10,8:00p,@,Houston Rockets,L,,114,121,20,19,L 3
2017,CHO,2017-01-13,7:00p,@,Philadelphia 76ers,L,,93,102,20,20,L 4
2017,CHO,2017-01-16,7:30p,@,Boston Celtics,L,,98,108,20,21,L 5
2017,CHO,2017-01-18,7:00p,,Portland Trail Blazers,W,,107,85,21,21,W 1
2017,CHO,2017-01-20,7:00p,,Toronto Raptors,W,,113,78,22,21,W 2
2017,CHO,2017-01-21,7:00p,,Brooklyn Nets,W,,112,105,23,21,W 3
2017,CHO,2017-01-23,7:00p,,Washington Wizards,L,,99,109,23,22,L 1
2017,CHO,2017-01-25,8:00p,,Golden State Warriors,L,,103,113,23,23,L 2
2017,CHO,2017-01-27,7:30p,@,New York Knicks,L,,107,110,23,24,L 3
2017,CHO,2017-01-28,7:00p,,Sacramento Kings,L,,106,109,23,25,L 4
2017,CHO,2017-01-31,10:00p,@,Portland Trail Blazers,L,,98,115,23,26,L 5
2017,CHO,2017-02-01,10:30p,@,Golden State Warriors,L,,111,126,23,27,L 6
2017,CHO,2017-02-04,9:00p,@,Utah Jazz,L,,98,105,23,28,L 7
2017,CHO,2017-02-07,7:00p,,Brooklyn Nets,W,,111,107,24,28,W 1
2017,CHO,2017-02-09,7:00p,,Houston Rockets,L,,95,107,24,29,L 1
2017,CHO,2017-02-11,5:00p,,Los Angeles Clippers,L,,102,107,24,30,L 2
2017,CHO,2017-02-13,7:00p,,Philadelphia 76ers,L,,99,105,24,31,L 3
2017,CHO,2017-02-15,7:30p,@,Toronto Raptors,L,,85,90,24,32,L 4
2017,CHO,2017-02-23,7:30p,@,Detroit Pistons,L,OT,108,114,24,33,L 5
2017,CHO,2017-02-25,5:00p,@,Sacramento Kings,W,,99,85,25,33,W 1
2017,CHO,2017-02-26,9:30p,@,Los Angeles Clippers,L,OT,121,124,25,34,L 1
2017,CHO,2017-02-28,10:30p,@,Los Angeles Lakers,W,,109,104,26,34,W 1
2017,CHO,2017-03-02,9:00p,@,Phoenix Suns,L,,103,120,26,35,L 1
2017,CHO,2017-03-04,9:00p,@,Denver Nuggets,W,,112,102,27,35,W 1
2017,CHO,2017-03-06,8:00p,,Indiana Pacers,W,,100,88,28,35,W 2
2017,CHO,2017-03-08,7:30p,@,Miami Heat,L,,101,108,28,36,L 1
2017,CHO,2017-03-10,7:00p,,Orlando Magic,W,,121,81,29,36,W 1
2017,CHO,2017-03-11,7:00p,,New Orleans Pelicans,L,OT,122,125,29,37,L 1
2017,CHO,2017-03-13,7:00p,,Chicago Bulls,L,,109,115,29,38,L 2
2017,CHO,2017-03-15,7:00p,@,Indiana Pacers,L,,77,98,29,39,L 3
2017,CHO,2017-03-18,7:00p,,Washington Wizards,W,,98,93,30,39,W 1
2017,CHO,2017-03-20,7:00p,,Atlanta Hawks,W,,105,90,31,39,W 2
2017,CHO,2017-03-22,7:00p,@,Orlando Magic,W,,109,102,32,39,W 3
2017,CHO,2017-03-24,7:00p,,Cleveland Cavaliers,L,,105,112,32,40,L 1
2017,CHO,2017-03-26,1:00p,,Phoenix Suns,W,,120,106,33,40,W 1
2017,CHO,2017-03-28,7:00p,,Milwaukee Bucks,L,,108,118,33,41,L 1
2017,CHO,2017-03-29,7:30p,@,Toronto Raptors,W,,110,106,34,41,W 1
2017,CHO,2017-03-31,7:00p,,Denver Nuggets,W,,122,114,35,41,W 2
2017,CHO,2017-04-02,3:00p,@,Oklahoma City Thunder,W,,113,101,36,41,W 3
2017,CHO,2017-04-04,7:00p,@,Washington Wizards,L,,111,118,36,42,L 1
2017,CHO,2017-04-05,7:00p,,Miami Heat,L,,99,112,36,43,L 2
2017,CHO,2017-04-08,6:00p,,Boston Celtics,L,,114,121,36,44,L 3
2017,CHO,2017-04-10,8:00p,@,Milwaukee Bucks,L,,79,89,36,45,L 4
2017,CHO,2017-04-11,7:30p,@,Atlanta Hawks,L,,76,103,36,46,L 5
2017,CLE,2016-10-25,7:30p,,New York Knicks,W,,117,88,1,0,W 1
2017,CLE,2016-10-28,7:00p,@,Toronto Raptors,W,,94,91,2,0,W 2
2017,CLE,2016-10-29,7:30p,,Orlando Magic,W,,105,99,3,0,W 3
2017,CLE,2016-11-01,6:00p,,Houston Rockets,W,,128,120,4,0,W 4
2017,CLE,2016-11-03,8:00p,,Boston Celtics,W,,128,122,5,0,W 5
2017,CLE,2016-11-05,7:00p,@,Philadelphia 76ers,W,,102,101,6,0,W 6
2017,CLE,2016-11-08,7:00p,,Atlanta Hawks,L,,106,110,6,1,L 1
2017,CLE,2016-11-11,7:00p,@,Washington Wizards,W,,105,94,7,1,W 1
2017,CLE,2016-11-13,3:30p,,Charlotte Hornets,W,,100,93,8,1,W 2
2017,CLE,2016-11-15,7:00p,,Toronto Raptors,W,,121,117,9,1,W 3
2017,CLE,2016-11-16,7:00p,@,Indiana Pacers,L,,93,103,9,2,L 1
2017,CLE,2016-11-18,7:30p,,Detroit Pistons,W,,104,81,10,2,W 1
2017,CLE,2016-11-23,7:00p,,Portland Trail Blazers,W,,137,125,11,2,W 2
2017,CLE,2016-11-25,7:30p,,Dallas Mavericks,W,,128,90,12,2,W 3
2017,CLE,2016-11-27,1:00p,@,Philadelphia 76ers,W,,112,108,13,2,W 4
2017,CLE,2016-11-29,8:00p,@,Milwaukee Bucks,L,,101,118,13,3,L 1
2017,CLE,2016-12-01,8:00p,,Los Angeles Clippers,L,,94,113,13,4,L 2
2017,CLE,2016-12-02,8:00p,@,Chicago Bulls,L,,105,111,13,5,L 3
2017,CLE,2016-12-05,7:30p,@,Toronto Raptors,W,,116,112,14,5,W 1
2017,CLE,2016-12-07,8:00p,@,New York Knicks,W,,126,94,15,5,W 2
2017,CLE,2016-12-09,7:30p,,Miami Heat,W,,114,84,16,5,W 3
2017,CLE,2016-12-10,7:30p,,Charlotte Hornets,W,,116,105,17,5,W 4
2017,CLE,2016-12-13,7:00p,,Memphis Grizzlies,W,,103,86,18,5,W 5
2017,CLE,2016-12-14,8:00p,@,Memphis Grizzlies,L,,85,93,18,6,L 1
2017,CLE,2016-12-17,7:30p,,Los Angeles Lakers,W,,119,108,19,6,W 1
2017,CLE,2016-12-20,8:00p,@,Milwaukee Bucks,W,OT,114,108,20,6,W 2
2017,CLE,2016-12-21,7:00p,,Milwaukee Bucks,W,,113,102,21,6,W 3
2017,CLE,2016-12-23,7:30p,,Brooklyn Nets,W,,119,99,22,6,W 4
2017,CLE,2016-12-25,2:30p,,Golden State Warriors,W,,109,108,23,6,W 5
2017,CLE,2016-12-26,7:30p,@,Detroit Pistons,L,,90,106,23,7,L 1
2017,CLE,2016-12-29,8:00p,,Boston Celtics,W,,124,118,24,7,W 1
2017,CLE,2016-12-31,7:00p,@,Charlotte Hornets,W,,121,109,25,7,W 2
2017,CLE,2017-01-02,7:00p,,New Orleans Pelicans,W,,90,82,26,7,W 3
2017,CLE,2017-01-04,8:00p,,Chicago Bulls,L,,94,106,26,8,L 1
2017,CLE,2017-01-06,7:30p,@,Brooklyn Nets,W,,116,108,27,8,W 1
2017,CLE,2017-01-08,8:30p,@,Phoenix Suns,W,,120,116,28,8,W 2
2017,CLE,2017-01-10,9:00p,@,Utah Jazz,L,,92,100,28,9,L 1
2017,CLE,2017-01-11,10:30p,@,Portland Trail Blazers,L,,86,102,28,10,L 2
2017,CLE,2017-01-13,10:30p,@,Sacramento Kings,W,,120,108,29,10,W 1
2017,CLE,2017-01-16,8:00p,@,Golden State Warriors,L,,91,126,29,11,L 1
2017,CLE,2017-01-19,7:00p,,Phoenix Suns,W,,118,103,30,11,W 1
2017,CLE,2017-01-21,8:30p,,San Antonio Spurs,L,OT,115,118,30,12,L 1
2017,CLE,2017-01-23,8:00p,@,New Orleans Pelicans,L,,122,124,30,13,L 2
2017,CLE,2017-01-25,7:00p,,Sacramento Kings,L,OT,112,116,30,14,L 3
2017,CLE,2017-01-27,7:30p,,Brooklyn Nets,W,,124,116,31,14,W 1
2017,CLE,2017-01-29,3:30p,,Oklahoma City Thunder,W,,107,91,32,14,W 2
2017,CLE,2017-01-30,8:30p,@,Dallas Mavericks,L,,97,104,32,15,L 1
2017,CLE,2017-02-01,7:00p,,Minnesota Timberwolves,W,,125,97,33,15,W 1
2017,CLE,2017-02-04,8:30p,@,New York Knicks,W,,111,104,34,15,W 2
2017,CLE,2017-02-06,7:00p,@,Washington Wizards,W,OT,140,135,35,15,W 3
2017,CLE,2017-02-08,7:00p,@,Indiana Pacers,W,,132,117,36,15,W 4
2017,CLE,2017-02-09,8:00p,@,Oklahoma City Thunder,L,,109,118,36,16,L 1
2017,CLE,2017-02-11,7:30p,,Denver Nuggets,W,,125,109,37,16,W 1
2017,CLE,2017-02-14,8:00p,@,Minnesota Timberwolves,W,,116,108,38,16,W 2
2017,CLE,2017-02-15,7:00p,,Indiana Pacers,W,,113,104,39,16,W 3
2017,CLE,2017-02-23,8:00p,,New York Knicks,W,,119,104,40,16,W 4
2017,CLE,2017-02-25,8:30p,,Chicago Bulls,L,,99,117,40,17,L 1
2017,CLE,2017-02-27,7:00p,,Milwaukee Bucks,W,,102,95,41,17,W 1
2017,CLE,2017-03-01,8:00p,@,Boston Celtics,L,,99,103,41,18,L 1
2017,CLE,2017-03-03,7:00p,@,Atlanta Hawks,W,,135,130,42,18,W 1
2017,CLE,2017-03-04,8:00p,@,Miami Heat,L,,92,120,42,19,L 1
2017,CLE,2017-03-06,7:00p,,Miami Heat,L,,98,106,42,20,L 2
2017,CLE,2017-03-09,7:30p,@,Detroit Pistons,L,,101,106,42,21,L 3
2017,CLE,2017-03-11,7:00p,@,Orlando Magic,W,,116,104,43,21,W 1
2017,CLE,2017-03-12,9:00p,@,Houston Rockets,L,,112,117,43,22,L 1
2017,CLE,2017-03-14,7:00p,,Detroit Pistons,W,,128,96,44,22,W 1
2017,CLE,2017-03-16,7:00p,,Utah Jazz,W,,91,83,45,22,W 2
2017,CLE,2017-03-18,8:30p,@,Los Angeles Clippers,L,,78,108,45,23,L 1
2017,CLE,2017-03-19,9:30p,@,Los Angeles Lakers,W,,125,120,46,23,W 1
2017,CLE,2017-03-22,9:00p,@,Denver Nuggets,L,,113,126,46,24,L 1
2017,CLE,2017-03-24,7:00p,@,Charlotte Hornets,W,,112,105,47,24,W 1
2017,CLE,2017-03-25,7:30p,,Washington Wizards,L,,115,127,47,25,L 1
2017,CLE,2017-03-27,8:00p,@,San Antonio Spurs,L,,74,103,47,26,L 2
2017,CLE,2017-03-30,8:00p,@,Chicago Bulls,L,,93,99,47,27,L 3
2017,CLE,2017-03-31,7:30p,,Philadelphia 76ers,W,,122,105,48,27,W 1
2017,CLE,2017-04-02,6:00p,,Indiana Pacers,W,2OT,135,130,49,27,W 2
2017,CLE,2017-04-04,7:00p,,Orlando Magic,W,,122,102,50,27,W 3
2017,CLE,2017-04-05,8:00p,@,Boston Celtics,W,,114,91,51,27,W 4
2017,CLE,2017-04-07,7:30p,,Atlanta Hawks,L,,100,114,51,28,L 1
2017,CLE,2017-04-09,3:30p,@,Atlanta Hawks,L,OT,125,126,51,29,L 2
2017,CLE,2017-04-10,7:30p,@,Miami Heat,L,OT,121,124,51,30,L 3
2017,CLE,2017-04-12,8:00p,,Toronto Raptors,L,,83,98,51,31,L 4
2017,CLE,2017-04-15,3:00p,,Indiana Pacers,W,,109,108,1,0,W 1
2017,CLE,2017-04-17,7:00p,,Indiana Pacers,W,,117,111,2,0,W 2
2017,CLE,2017-04-20,7:00p,@,Indiana Pacers,W,,119,114,3,0,W 3
2017,CLE,2017-04-23,1:00p,@,Indiana Pacers,W,,106,102,4,0,W 4
2017,CLE,2017-05-01,7:00p,,Toronto Raptors,W,,116,105,5,0,W 5
2017,CLE,2017-05-03,7:00p,,Toronto Raptors,W,,125,103,6,0,W 6
2017,CLE,2017-05-05,7:00p,@,Toronto Raptors,W,,115,94,7,0,W 7
2017,CLE,2017-05-07,3:30p,@,Toronto Raptors,W,,109,102,8,0,W 8
2017,CLE,2017-05-17,8:30p,@,Boston Celtics,W,,117,104,9,0,W 9
2017,CLE,2017-05-19,8:30p,@,Boston Celtics,W,,130,86,10,0,W 10
2017,CLE,2017-05-21,8:30p,,Boston Celtics,L,,108,111,10,1,L 1
2017,CLE,2017-05-23,8:30p,,Boston Celtics,W,,112,99,11,1,W 1
2017,CLE,2017-05-25,8:30p,@,Boston Celtics,W,,135,102,12,1,W 2
2017,CLE,2017-06-01,9:00p,@,Golden State Warriors,L,,91,113,12,2,L 1
2017,CLE,2017-06-04,8:00p,@,Golden State Warriors,L,,113,132,12,3,L 2
2017,CLE,2017-06-07,9:00p,,Golden State Warriors,L,,113,118,12,4,L 3
2017,CLE,2017-06-09,9:00p,,Golden State Warriors,W,,137,116,13,4,W 1
2017,CLE,2017-06-12,9:00p,@,Golden State Warriors,L,,120,129,13,5,L 1
2017,DAL,2016-10-26,7:00p,@,Indiana Pacers,L,OT,121,130,0,1,L 1
2017,DAL,2016-10-28,8:30p,,Houston Rockets,L,,98,106,0,2,L 2
2017,DAL,2016-10-30,8:00p,@,Houston Rockets,L,,92,93,0,3,L 3
2017,DAL,2016-11-02,9:00p,@,Utah Jazz,L,,81,97,0,4,L 4
2017,DAL,2016-11-04,8:30p,,Portland Trail Blazers,L,,95,105,0,5,L 5
2017,DAL,2016-11-06,7:00p,,Milwaukee Bucks,W,OT,86,75,1,5,W 1
2017,DAL,2016-11-08,10:30p,@,Los Angeles Lakers,W,,109,97,2,5,W 2
2017,DAL,2016-11-09,10:30p,@,Golden State Warriors,L,,95,116,2,6,L 1
2017,DAL,2016-11-14,7:30p,@,New York Knicks,L,,77,93,2,7,L 2
2017,DAL,2016-11-16,7:30p,@,Boston Celtics,L,,83,90,2,8,L 3
2017,DAL,2016-11-18,8:30p,,Memphis Grizzlies,L,,64,80,2,9,L 4
2017,DAL,2016-11-19,7:00p,@,Orlando Magic,L,,87,95,2,10,L 5
2017,DAL,2016-11-21,8:30p,@,San Antonio Spurs,L,,91,96,2,11,L 6
2017,DAL,2016-11-23,8:30p,,Los Angeles Clippers,L,,104,124,2,12,L 7
2017,DAL,2016-11-25,7:30p,@,Cleveland Cavaliers,L,,90,128,2,13,L 8
2017,DAL,2016-11-27,7:00p,,New Orleans Pelicans,W,,91,81,3,13,W 1
2017,DAL,2016-11-30,8:30p,,San Antonio Spurs,L,,87,94,3,14,L 1
2017,DAL,2016-12-01,7:00p,@,Charlotte Hornets,L,,87,97,3,15,L 2
2017,DAL,2016-12-03,8:30p,,Chicago Bulls,W,,107,82,4,15,W 1
2017,DAL,2016-12-05,8:30p,,Charlotte Hornets,L,,101,109,4,16,L 1
2017,DAL,2016-12-07,8:30p,,Sacramento Kings,L,,89,120,4,17,L 2
2017,DAL,2016-12-09,8:30p,,Indiana Pacers,W,,111,103,5,17,W 1
2017,DAL,2016-12-10,8:00p,@,Houston Rockets,L,,87,109,5,18,L 1
2017,DAL,2016-12-12,8:30p,,Denver Nuggets,W,,112,92,6,18,W 1
2017,DAL,2016-12-14,8:30p,,Detroit Pistons,L,,85,95,6,19,L 1
2017,DAL,2016-12-16,10:30p,@,Utah Jazz,L,,100,103,6,20,L 2
2017,DAL,2016-12-18,4:00p,,Sacramento Kings,W,,99,79,7,20,W 1
2017,DAL,2016-12-19,9:00p,@,Denver Nuggets,L,,107,117,7,21,L 1
2017,DAL,2016-12-21,10:00p,@,Portland Trail Blazers,W,,96,95,8,21,W 1
2017,DAL,2016-12-23,10:30p,@,Los Angeles Clippers,W,,90,88,9,21,W 2
2017,DAL,2016-12-26,8:00p,@,New Orleans Pelicans,L,,104,111,9,22,L 1
2017,DAL,2016-12-27,8:30p,,Houston Rockets,L,,107,123,9,23,L 2
2017,DAL,2016-12-29,10:30p,@,Los Angeles Lakers,W,,101,89,10,23,W 1
2017,DAL,2016-12-30,10:30p,@,Golden State Warriors,L,,99,108,10,24,L 1
2017,DAL,2017-01-03,8:30p,,Washington Wizards,W,,113,105,11,24,W 1
2017,DAL,2017-01-05,8:30p,,Phoenix Suns,L,,95,102,11,25,L 1
2017,DAL,2017-01-07,8:30p,,Atlanta Hawks,L,,82,97,11,26,L 2
2017,DAL,2017-01-09,8:00p,@,Minnesota Timberwolves,L,,92,101,11,27,L 3
2017,DAL,2017-01-12,10:00p,@,Phoenix Suns,W,,113,108,12,27,W 1
2017,DAL,2017-01-15,2:00p,,Minnesota Timberwolves,W,,98,87,13,27,W 2
2017,DAL,2017-01-17,8:00p,@,Chicago Bulls,W,,99,98,14,27,W 3
2017,DAL,2017-01-19,7:30p,@,Miami Heat,L,,95,99,14,28,L 1
2017,DAL,2017-01-20,8:30p,,Utah Jazz,L,OT,107,112,14,29,L 2
2017,DAL,2017-01-22,3:30p,,Los Angeles Lakers,W,,122,73,15,29,W 1
2017,DAL,2017-01-25,8:30p,,New York Knicks,W,,103,95,16,29,W 2
2017,DAL,2017-01-26,8:00p,@,Oklahoma City Thunder,L,,98,109,16,30,L 1
2017,DAL,2017-01-29,7:00p,@,San Antonio Spurs,W,,105,101,17,30,W 1
2017,DAL,2017-01-30,8:30p,,Cleveland Cavaliers,W,,104,97,18,30,W 2
2017,DAL,2017-02-01,8:30p,,Philadelphia 76ers,W,,113,95,19,30,W 3
2017,DAL,2017-02-03,10:30p,@,Portland Trail Blazers,W,,108,104,20,30,W 4
2017,DAL,2017-02-06,9:00p,@,Denver Nuggets,L,,87,110,20,31,L 1
2017,DAL,2017-02-07,8:30p,,Portland Trail Blazers,L,,113,114,20,32,L 2
2017,DAL,2017-02-09,8:30p,,Utah Jazz,W,OT,112,105,21,32,W 1
2017,DAL,2017-02-11,9:00p,,Orlando Magic,W,,112,80,22,32,W 2
2017,DAL,2017-02-13,8:30p,,Boston Celtics,L,,98,111,22,33,L 1
2017,DAL,2017-02-15,7:30p,@,Detroit Pistons,L,,91,98,22,34,L 2
2017,DAL,2017-02-24,8:00p,@,Minnesota Timberwolves,L,,84,97,22,35,L 3
2017,DAL,2017-02-25,8:30p,,New Orleans Pelicans,W,,96,83,23,35,W 1
2017,DAL,2017-02-27,8:30p,,Miami Heat,W,,96,89,24,35,W 2
2017,DAL,2017-03-01,7:30p,@,Atlanta Hawks,L,,95,100,24,36,L 1
2017,DAL,2017-03-03,8:30p,,Memphis Grizzlies,W,,104,100,25,36,W 1
2017,DAL,2017-03-05,8:30p,,Oklahoma City Thunder,W,,104,89,26,36,W 2
2017,DAL,2017-03-07,8:30p,,Los Angeles Lakers,W,,122,111,27,36,W 3
2017,DAL,2017-03-10,9:00p,,Brooklyn Nets,W,,105,96,28,36,W 4
2017,DAL,2017-03-11,9:00p,,Phoenix Suns,L,,98,100,28,37,L 1
2017,DAL,2017-03-13,7:30p,@,Toronto Raptors,L,,78,100,28,38,L 2
2017,DAL,2017-03-15,7:00p,@,Washington Wizards,W,,112,107,29,38,W 1
2017,DAL,2017-03-17,7:00p,@,Philadelphia 76ers,L,,74,116,29,39,L 1
2017,DAL,2017-03-19,12:00p,@,Brooklyn Nets,W,,111,104,30,39,W 1
2017,DAL,2017-03-21,8:30p,,Golden State Warriors,L,,87,112,30,40,L 1
2017,DAL,2017-03-23,8:30p,,Los Angeles Clippers,W,,97,95,31,40,W 1
2017,DAL,2017-03-25,8:30p,,Toronto Raptors,L,,86,94,31,41,L 1
2017,DAL,2017-03-27,8:30p,,Oklahoma City Thunder,L,,91,92,31,42,L 2
2017,DAL,2017-03-29,8:00p,@,New Orleans Pelicans,L,,118,121,31,43,L 3
2017,DAL,2017-03-31,8:00p,@,Memphis Grizzlies,L,,90,99,31,44,L 4
2017,DAL,2017-04-02,3:30p,@,Milwaukee Bucks,W,,109,105,32,44,W 1
2017,DAL,2017-04-04,10:30p,@,Sacramento Kings,L,,87,98,32,45,L 1
2017,DAL,2017-04-05,10:30p,@,Los Angeles Clippers,L,,101,112,32,46,L 2
2017,DAL,2017-04-07,8:30p,,San Antonio Spurs,L,,89,102,32,47,L 3
2017,DAL,2017-04-09,6:00p,@,Phoenix Suns,L,,111,124,32,48,L 4
2017,DAL,2017-04-11,8:30p,,Denver Nuggets,L,,91,109,32,49,L 5
2017,DAL,2017-04-12,8:00p,@,Memphis Grizzlies,W,,100,93,33,49,W 1
2017,DEN,2016-10-26,8:00p,@,New Orleans Pelicans,W,,107,102,1,0,W 1
2017,DEN,2016-10-29,9:00p,,Portland Trail Blazers,L,OT,113,115,1,1,L 1
2017,DEN,2016-10-31,7:30p,@,Toronto Raptors,L,,102,105,1,2,L 2
2017,DEN,2016-11-03,8:00p,@,Minnesota Timberwolves,W,,102,99,2,2,W 1
2017,DEN,2016-11-05,7:00p,@,Detroit Pistons,L,,86,103,2,3,L 1
2017,DEN,2016-11-06,7:30p,@,Boston Celtics,W,,123,107,3,3,W 1
2017,DEN,2016-11-08,8:00p,@,Memphis Grizzlies,L,,107,108,3,4,L 1
2017,DEN,2016-11-10,9:00p,,Golden State Warriors,L,,101,125,3,5,L 2
2017,DEN,2016-11-12,9:00p,,Detroit Pistons,L,,95,106,3,6,L 3
2017,DEN,2016-11-13,9:00p,@,Portland Trail Blazers,L,,105,112,3,7,L 4
2017,DEN,2016-11-16,9:00p,,Phoenix Suns,W,,120,104,4,7,W 1
2017,DEN,2016-11-18,9:00p,,Toronto Raptors,L,OT,111,113,4,8,L 1
2017,DEN,2016-11-20,9:00p,,Utah Jazz,W,,105,91,5,8,W 1
2017,DEN,2016-11-22,9:00p,,Chicago Bulls,W,,110,107,6,8,W 2
2017,DEN,2016-11-23,9:00p,@,Utah Jazz,L,,83,108,6,9,L 1
2017,DEN,2016-11-25,9:00p,,Oklahoma City Thunder,L,OT,129,132,6,10,L 2
2017,DEN,2016-11-27,3:30p,@,Phoenix Suns,W,,120,114,7,10,W 1
2017,DEN,2016-11-30,9:00p,,Miami Heat,L,,98,106,7,11,L 1
2017,DEN,2016-12-02,10:30p,,Houston Rockets,L,,110,128,7,12,L 2
2017,DEN,2016-12-03,9:00p,@,Utah Jazz,L,,98,105,7,13,L 3
2017,DEN,2016-12-05,7:00p,@,Philadelphia 76ers,W,,106,98,8,13,W 1
2017,DEN,2016-12-07,7:30p,@,Brooklyn Nets,L,,111,116,8,14,L 1
2017,DEN,2016-12-08,7:00p,@,Washington Wizards,L,,85,92,8,15,L 2
2017,DEN,2016-12-10,7:00p,@,Orlando Magic,W,,121,113,9,15,W 1
2017,DEN,2016-12-12,8:30p,@,Dallas Mavericks,L,,92,112,9,16,L 1
2017,DEN,2016-12-15,9:00p,,Portland Trail Blazers,W,,132,120,10,16,W 1
2017,DEN,2016-12-17,9:00p,,New York Knicks,W,,127,114,11,16,W 2
2017,DEN,2016-12-19,9:00p,,Dallas Mavericks,W,,117,107,12,16,W 3
2017,DEN,2016-12-20,10:30p,@,Los Angeles Clippers,L,,102,119,12,17,L 1
2017,DEN,2016-12-23,9:00p,,Atlanta Hawks,L,,108,109,12,18,L 2
2017,DEN,2016-12-26,10:30p,@,Los Angeles Clippers,W,,106,102,13,18,W 1
2017,DEN,2016-12-28,9:00p,,Minnesota Timberwolves,W,,105,103,14,18,W 2
2017,DEN,2016-12-30,9:00p,,Philadelphia 76ers,L,,122,124,14,19,L 1
2017,DEN,2017-01-02,10:30p,@,Golden State Warriors,L,,119,127,14,20,L 2
2017,DEN,2017-01-03,9:00p,,Sacramento Kings,L,,113,120,14,21,L 3
2017,DEN,2017-01-05,9:00p,,San Antonio Spurs,L,,99,127,14,22,L 4
2017,DEN,2017-01-07,8:00p,@,Oklahoma City Thunder,L,,106,121,14,23,L 5
2017,DEN,2017-01-12,3:00p,,Indiana Pacers,W,,140,112,15,23,W 1
2017,DEN,2017-01-16,5:00p,,Orlando Magic,W,,125,112,16,23,W 2
2017,DEN,2017-01-17,10:30p,@,Los Angeles Lakers,W,,127,121,17,23,W 3
2017,DEN,2017-01-19,8:30p,@,San Antonio Spurs,L,,104,118,17,24,L 1
2017,DEN,2017-01-21,9:00p,,Los Angeles Clippers,W,,123,98,18,24,W 1
2017,DEN,2017-01-22,7:00p,@,Minnesota Timberwolves,L,,108,111,18,25,L 1
2017,DEN,2017-01-24,9:00p,,Utah Jazz,W,,103,93,19,25,W 1
2017,DEN,2017-01-26,9:00p,,Phoenix Suns,W,,127,120,20,25,W 2
2017,DEN,2017-01-28,9:00p,@,Phoenix Suns,W,,123,112,21,25,W 3
2017,DEN,2017-01-31,10:30p,@,Los Angeles Lakers,L,,116,120,21,26,L 1
2017,DEN,2017-02-01,9:00p,,Memphis Grizzlies,L,,99,119,21,27,L 2
2017,DEN,2017-02-03,9:00p,,Milwaukee Bucks,W,,121,117,22,27,W 1
2017,DEN,2017-02-04,9:00p,@,San Antonio Spurs,L,,97,121,22,28,L 1
2017,DEN,2017-02-06,9:00p,,Dallas Mavericks,W,,110,87,23,28,W 1
2017,DEN,2017-02-08,7:30p,@,Atlanta Hawks,L,,106,117,23,29,L 1
2017,DEN,2017-02-10,7:30p,@,New York Knicks,W,,131,123,24,29,W 1
2017,DEN,2017-02-11,7:30p,@,Cleveland Cavaliers,L,,109,125,24,30,L 1
2017,DEN,2017-02-13,9:00p,,Golden State Warriors,W,,132,110,25,30,W 1
2017,DEN,2017-02-15,9:00p,,Minnesota Timberwolves,L,,99,112,25,31,L 1
2017,DEN,2017-02-23,10:30p,@,Sacramento Kings,L,,100,116,25,32,L 2
2017,DEN,2017-02-24,9:00p,,Brooklyn Nets,W,,129,109,26,32,W 1
2017,DEN,2017-02-26,5:00p,,Memphis Grizzlies,L,,98,105,26,33,L 1
2017,DEN,2017-02-28,8:00p,@,Chicago Bulls,W,,125,107,27,33,W 1
2017,DEN,2017-03-01,8:00p,@,Milwaukee Bucks,W,,110,98,28,33,W 2
2017,DEN,2017-03-04,9:00p,,Charlotte Hornets,L,,102,112,28,34,L 1
2017,DEN,2017-03-06,9:00p,,Sacramento Kings,W,,108,96,29,34,W 1
2017,DEN,2017-03-08,9:00p,,Washington Wizards,L,,113,123,29,35,L 1
2017,DEN,2017-03-10,9:00p,,Boston Celtics,W,,119,99,30,35,W 1
2017,DEN,2017-03-11,10:30p,@,Sacramento Kings,W,,105,92,31,35,W 2
2017,DEN,2017-03-13,10:30p,,Los Angeles Lakers,W,,129,101,32,35,W 3
2017,DEN,2017-03-16,9:00p,,Los Angeles Clippers,W,,129,114,33,35,W 4
2017,DEN,2017-03-18,9:30p,,Houston Rockets,L,,105,109,33,36,L 1
2017,DEN,2017-03-20,8:00p,@,Houston Rockets,L,,124,125,33,37,L 2
2017,DEN,2017-03-22,9:00p,,Cleveland Cavaliers,W,,126,113,34,37,W 1
2017,DEN,2017-03-24,7:00p,@,Indiana Pacers,W,,125,117,35,37,W 2
2017,DEN,2017-03-26,8:00p,,New Orleans Pelicans,L,,90,115,35,38,L 1
2017,DEN,2017-03-28,10:00p,@,Portland Trail Blazers,L,,113,122,35,39,L 2
2017,DEN,2017-03-31,7:00p,@,Charlotte Hornets,L,,114,122,35,40,L 3
2017,DEN,2017-04-02,6:00p,@,Miami Heat,W,,116,113,36,40,W 1
2017,DEN,2017-04-04,8:00p,@,New Orleans Pelicans,W,,134,131,37,40,W 2
2017,DEN,2017-04-05,8:00p,@,Houston Rockets,L,,104,110,37,41,L 1
2017,DEN,2017-04-07,9:00p,,New Orleans Pelicans,W,,122,106,38,41,W 1
2017,DEN,2017-04-09,5:00p,,Oklahoma City Thunder,L,,105,106,38,42,L 1
2017,DEN,2017-04-11,8:30p,@,Dallas Mavericks,W,,109,91,39,42,W 1
2017,DEN,2017-04-12,8:00p,@,Oklahoma City Thunder,W,,111,105,40,42,W 2
2017,DET,2016-10-26,7:30p,@,Toronto Raptors,L,,91,109,0,1,L 1
2017,DET,2016-10-28,7:30p,,Orlando Magic,W,,108,82,1,1,W 1
2017,DET,2016-10-30,6:00p,,Milwaukee Bucks,W,,98,83,2,1,W 2
2017,DET,2016-11-01,7:30p,,New York Knicks,W,,102,89,3,1,W 3
2017,DET,2016-11-02,7:30p,@,Brooklyn Nets,L,,101,109,3,2,L 1
2017,DET,2016-11-05,7:00p,,Denver Nuggets,W,,103,86,4,2,W 1
2017,DET,2016-11-07,10:30p,@,Los Angeles Clippers,L,,82,114,4,3,L 1
2017,DET,2016-11-09,9:00p,@,Phoenix Suns,L,,100,107,4,4,L 2
2017,DET,2016-11-11,8:30p,@,San Antonio Spurs,L,,86,96,4,5,L 3
2017,DET,2016-11-12,9:00p,@,Denver Nuggets,W,,106,95,5,5,W 1
2017,DET,2016-11-14,7:30p,,Oklahoma City Thunder,W,,104,88,6,5,W 2
2017,DET,2016-11-16,7:30p,@,New York Knicks,L,,102,105,6,6,L 1
2017,DET,2016-11-18,7:30p,@,Cleveland Cavaliers,L,,81,104,6,7,L 2
2017,DET,2016-11-19,7:00p,,Boston Celtics,L,,92,94,6,8,L 3
2017,DET,2016-11-21,7:30p,,Houston Rockets,L,,96,99,6,9,L 4
2017,DET,2016-11-23,7:30p,,Miami Heat,W,,107,84,7,9,W 1
2017,DET,2016-11-25,7:30p,,Los Angeles Clippers,W,,108,97,8,9,W 2
2017,DET,2016-11-26,8:00p,@,Oklahoma City Thunder,L,,88,106,8,10,L 1
2017,DET,2016-11-29,7:00p,@,Charlotte Hornets,W,,112,89,9,10,W 1
2017,DET,2016-11-30,7:30p,@,Boston Celtics,W,,121,114,10,10,W 2
2017,DET,2016-12-02,8:00p,@,Atlanta Hawks,W,,121,85,11,10,W 3
2017,DET,2016-12-04,6:00p,,Orlando Magic,L,,92,98,11,11,L 1
2017,DET,2016-12-06,7:30p,,Chicago Bulls,W,,102,91,12,11,W 1
2017,DET,2016-12-07,7:00p,@,Charlotte Hornets,L,,77,87,12,12,L 1
2017,DET,2016-12-09,8:00p,@,Minnesota Timberwolves,W,,117,90,13,12,W 1
2017,DET,2016-12-11,6:00p,,Philadelphia 76ers,L,,79,97,13,13,L 1
2017,DET,2016-12-14,8:30p,@,Dallas Mavericks,W,,95,85,14,13,W 1
2017,DET,2016-12-16,7:00p,@,Washington Wizards,L,,108,122,14,14,L 1
2017,DET,2016-12-17,7:00p,,Indiana Pacers,L,,90,105,14,15,L 2
2017,DET,2016-12-19,8:00p,@,Chicago Bulls,L,,82,113,14,16,L 3
2017,DET,2016-12-21,7:30p,,Memphis Grizzlies,L,,86,98,14,17,L 4
2017,DET,2016-12-23,7:30p,,Golden State Warriors,L,,113,119,14,18,L 5
2017,DET,2016-12-26,7:30p,,Cleveland Cavaliers,W,,106,90,15,18,W 1
2017,DET,2016-12-28,7:30p,,Milwaukee Bucks,L,,94,119,15,19,L 1
2017,DET,2016-12-30,8:00p,@,Atlanta Hawks,L,,98,105,15,20,L 2
2017,DET,2017-01-01,6:00p,@,Miami Heat,W,,107,98,16,20,W 1
2017,DET,2017-01-03,7:30p,,Indiana Pacers,L,,116,121,16,21,L 1
2017,DET,2017-01-05,7:30p,,Charlotte Hornets,W,,115,114,17,21,W 1
2017,DET,2017-01-08,9:00p,@,Portland Trail Blazers,W,2OT,125,124,18,21,W 2
2017,DET,2017-01-10,10:30p,@,Sacramento Kings,L,,94,100,18,22,L 1
2017,DET,2017-01-12,10:30p,@,Golden State Warriors,L,,107,127,18,23,L 2
2017,DET,2017-01-13,10:30p,@,Utah Jazz,L,,77,110,18,24,L 3
2017,DET,2017-01-15,9:30p,@,Los Angeles Lakers,W,,102,97,19,24,W 1
2017,DET,2017-01-18,8:00p,,Atlanta Hawks,W,,118,95,20,24,W 2
2017,DET,2017-01-21,6:00p,,Washington Wizards,W,,113,112,21,24,W 3
2017,DET,2017-01-23,7:30p,,Sacramento Kings,L,,104,109,21,25,L 1
2017,DET,2017-01-28,7:30p,@,Miami Heat,L,,103,116,21,26,L 2
2017,DET,2017-01-30,8:00p,@,Boston Celtics,L,,109,113,21,27,L 3
2017,DET,2017-02-01,7:30p,,New Orleans Pelicans,W,,118,98,22,27,W 1
2017,DET,2017-02-03,7:30p,,Minnesota Timberwolves,W,,116,108,23,27,W 2
2017,DET,2017-02-04,7:00p,@,Indiana Pacers,L,,84,105,23,28,L 1
2017,DET,2017-02-06,7:30p,,Philadelphia 76ers,W,,113,96,24,28,W 1
2017,DET,2017-02-08,7:30p,,Los Angeles Lakers,W,,121,102,25,28,W 2
2017,DET,2017-02-10,7:30p,,San Antonio Spurs,L,,92,103,25,29,L 1
2017,DET,2017-02-12,6:00p,@,Toronto Raptors,W,,102,101,26,29,W 1
2017,DET,2017-02-13,8:00p,@,Milwaukee Bucks,L,,89,102,26,30,L 1
2017,DET,2017-02-15,7:30p,,Dallas Mavericks,W,,98,91,27,30,W 1
2017,DET,2017-02-23,7:30p,,Charlotte Hornets,W,OT,114,108,28,30,W 2
2017,DET,2017-02-26,6:00p,,Boston Celtics,L,,98,104,28,31,L 1
2017,DET,2017-02-28,7:30p,,Portland Trail Blazers,W,OT,120,113,29,31,W 1
2017,DET,2017-03-01,8:00p,@,New Orleans Pelicans,L,,86,109,29,32,L 1
2017,DET,2017-03-04,6:00p,@,Philadelphia 76ers,W,,136,106,30,32,W 1
2017,DET,2017-03-06,7:30p,,Chicago Bulls,W,,109,95,31,32,W 2
2017,DET,2017-03-08,8:00p,@,Indiana Pacers,L,,98,115,31,33,L 1
2017,DET,2017-03-09,7:30p,,Cleveland Cavaliers,W,,106,101,32,33,W 1
2017,DET,2017-03-11,5:00p,,New York Knicks,W,,112,92,33,33,W 2
2017,DET,2017-03-14,7:00p,@,Cleveland Cavaliers,L,,96,128,33,34,L 1
2017,DET,2017-03-15,7:30p,,Utah Jazz,L,,83,97,33,35,L 2
2017,DET,2017-03-17,7:30p,,Toronto Raptors,L,,75,87,33,36,L 3
2017,DET,2017-03-19,4:30p,,Phoenix Suns,W,,112,95,34,36,W 1
2017,DET,2017-03-21,7:30p,@,Brooklyn Nets,L,,96,98,34,37,L 1
2017,DET,2017-03-22,8:00p,@,Chicago Bulls,L,,95,117,34,38,L 2
2017,DET,2017-03-24,7:00p,@,Orlando Magic,L,,87,115,34,39,L 3
2017,DET,2017-03-27,7:30p,@,New York Knicks,L,,95,109,34,40,L 4
2017,DET,2017-03-28,7:30p,,Miami Heat,L,,96,97,34,41,L 5
2017,DET,2017-03-30,7:30p,,Brooklyn Nets,W,,90,89,35,41,W 1
2017,DET,2017-03-31,8:00p,@,Milwaukee Bucks,L,OT,105,108,35,42,L 1
2017,DET,2017-04-05,7:30p,,Toronto Raptors,L,,102,105,35,43,L 2
2017,DET,2017-04-07,8:00p,@,Houston Rockets,W,,114,109,36,43,W 1
2017,DET,2017-04-09,6:00p,@,Memphis Grizzlies,W,,103,90,37,43,W 2
2017,DET,2017-04-10,8:00p,,Washington Wizards,L,,101,105,37,44,L 1
2017,DET,2017-04-12,8:00p,@,Orlando Magic,L,,109,113,37,45,L 2
2017,GSW,2016-10-25,10:30p,,San Antonio Spurs,L,,100,129,0,1,L 1
2017,GSW,2016-10-28,9:30p,@,New Orleans Pelicans,W,,122,114,1,1,W 1
2017,GSW,2016-10-30,6:00p,@,Phoenix Suns,W,,106,100,2,1,W 2
2017,GSW,2016-11-01,10:00p,@,Portland Trail Blazers,W,,127,104,3,1,W 3
2017,GSW,2016-11-03,10:30p,,Oklahoma City Thunder,W,,122,96,4,1,W 4
2017,GSW,2016-11-04,10:30p,@,Los Angeles Lakers,L,,97,117,4,2,L 1
2017,GSW,2016-11-07,10:30p,,New Orleans Pelicans,W,,116,106,5,2,W 1
2017,GSW,2016-11-09,10:30p,,Dallas Mavericks,W,,116,95,6,2,W 2
2017,GSW,2016-11-10,9:00p,@,Denver Nuggets,W,,125,101,7,2,W 3
2017,GSW,2016-11-13,8:00p,,Phoenix Suns,W,,133,120,8,2,W 4
2017,GSW,2016-11-16,8:00p,@,Toronto Raptors,W,,127,121,9,2,W 5
2017,GSW,2016-11-18,8:00p,@,Boston Celtics,W,,104,88,10,2,W 6
2017,GSW,2016-11-19,8:30p,@,Milwaukee Bucks,W,,124,121,11,2,W 7
2017,GSW,2016-11-21,7:00p,@,Indiana Pacers,W,,120,83,12,2,W 8
2017,GSW,2016-11-23,10:30p,,Los Angeles Lakers,W,,149,106,13,2,W 9
2017,GSW,2016-11-25,10:30p,@,Los Angeles Lakers,W,,109,85,14,2,W 10
2017,GSW,2016-11-26,10:30p,,Minnesota Timberwolves,W,,115,102,15,2,W 11
2017,GSW,2016-11-28,10:30p,,Atlanta Hawks,W,,105,100,16,2,W 12
2017,GSW,2016-12-01,10:30p,,Houston Rockets,L,2OT,127,132,16,3,L 1
2017,GSW,2016-12-03,10:30p,,Phoenix Suns,W,,138,109,17,3,W 1
2017,GSW,2016-12-05,10:30p,,Indiana Pacers,W,,142,106,18,3,W 2
2017,GSW,2016-12-07,10:30p,@,Los Angeles Clippers,W,,115,98,19,3,W 3
2017,GSW,2016-12-08,9:00p,@,Utah Jazz,W,,106,99,20,3,W 4
2017,GSW,2016-12-10,8:00p,@,Memphis Grizzlies,L,,89,110,20,4,L 1
2017,GSW,2016-12-11,7:00p,@,Minnesota Timberwolves,W,,116,108,21,4,W 1
2017,GSW,2016-12-13,8:00p,@,New Orleans Pelicans,W,,113,109,22,4,W 2
2017,GSW,2016-12-15,10:30p,,New York Knicks,W,,103,90,23,4,W 3
2017,GSW,2016-12-17,10:30p,,Portland Trail Blazers,W,,135,90,24,4,W 4
2017,GSW,2016-12-20,10:30p,,Utah Jazz,W,,104,74,25,4,W 5
2017,GSW,2016-12-22,7:30p,@,Brooklyn Nets,W,,117,101,26,4,W 6
2017,GSW,2016-12-23,7:30p,@,Detroit Pistons,W,,119,113,27,4,W 7
2017,GSW,2016-12-25,2:30p,@,Cleveland Cavaliers,L,,108,109,27,5,L 1
2017,GSW,2016-12-28,10:30p,,Toronto Raptors,W,,121,111,28,5,W 1
2017,GSW,2016-12-30,10:30p,,Dallas Mavericks,W,,108,99,29,5,W 2
2017,GSW,2017-01-02,10:30p,,Denver Nuggets,W,,127,119,30,5,W 3
2017,GSW,2017-01-04,10:30p,,Portland Trail Blazers,W,,125,117,31,5,W 4
2017,GSW,2017-01-06,10:30p,,Memphis Grizzlies,L,OT,119,128,31,6,L 1
2017,GSW,2017-01-08,9:00p,@,Sacramento Kings,W,,117,106,32,6,W 1
2017,GSW,2017-01-10,10:30p,,Miami Heat,W,,107,95,33,6,W 2
2017,GSW,2017-01-12,10:30p,,Detroit Pistons,W,,127,107,34,6,W 3
2017,GSW,2017-01-16,8:00p,,Cleveland Cavaliers,W,,126,91,35,6,W 4
2017,GSW,2017-01-18,10:30p,,Oklahoma City Thunder,W,,121,100,36,6,W 5
2017,GSW,2017-01-20,8:00p,@,Houston Rockets,W,,125,108,37,6,W 6
2017,GSW,2017-01-22,12:00p,@,Orlando Magic,W,,118,98,38,6,W 7
2017,GSW,2017-01-23,7:30p,@,Miami Heat,L,,102,105,38,7,L 1
2017,GSW,2017-01-25,8:00p,@,Charlotte Hornets,W,,113,103,39,7,W 1
2017,GSW,2017-01-28,8:30p,,Los Angeles Clippers,W,,144,98,40,7,W 2
2017,GSW,2017-01-29,9:00p,@,Portland Trail Blazers,W,,113,111,41,7,W 3
2017,GSW,2017-02-01,10:30p,,Charlotte Hornets,W,,126,111,42,7,W 4
2017,GSW,2017-02-02,10:30p,@,Los Angeles Clippers,W,,133,120,43,7,W 5
2017,GSW,2017-02-04,10:30p,@,Sacramento Kings,L,OT,106,109,43,8,L 1
2017,GSW,2017-02-08,10:30p,,Chicago Bulls,W,,123,92,44,8,W 1
2017,GSW,2017-02-10,8:00p,@,Memphis Grizzlies,W,,122,107,45,8,W 2
2017,GSW,2017-02-11,8:30p,@,Oklahoma City Thunder,W,,130,114,46,8,W 3
2017,GSW,2017-02-13,9:00p,@,Denver Nuggets,L,,110,132,46,9,L 1
2017,GSW,2017-02-15,10:30p,,Sacramento Kings,W,,109,86,47,9,W 1
2017,GSW,2017-02-23,10:30p,,Los Angeles Clippers,W,,123,113,48,9,W 2
2017,GSW,2017-02-25,10:30p,,Brooklyn Nets,W,,112,95,49,9,W 3
2017,GSW,2017-02-27,7:00p,@,Philadelphia 76ers,W,,119,108,50,9,W 4
2017,GSW,2017-02-28,7:00p,@,Washington Wizards,L,,108,112,50,10,L 1
2017,GSW,2017-03-02,8:00p,@,Chicago Bulls,L,,87,94,50,11,L 2
2017,GSW,2017-03-05,3:30p,@,New York Knicks,W,,112,105,51,11,W 1
2017,GSW,2017-03-06,7:30p,@,Atlanta Hawks,W,,119,111,52,11,W 2
2017,GSW,2017-03-08,10:30p,,Boston Celtics,L,,86,99,52,12,L 1
2017,GSW,2017-03-10,8:00p,@,Minnesota Timberwolves,L,,102,103,52,13,L 2
2017,GSW,2017-03-11,8:30p,@,San Antonio Spurs,L,,85,107,52,14,L 3
2017,GSW,2017-03-14,10:30p,,Philadelphia 76ers,W,,106,104,53,14,W 1
2017,GSW,2017-03-16,10:30p,,Orlando Magic,W,,122,92,54,14,W 2
2017,GSW,2017-03-18,10:30p,,Milwaukee Bucks,W,,117,92,55,14,W 3
2017,GSW,2017-03-20,8:00p,@,Oklahoma City Thunder,W,,111,95,56,14,W 4
2017,GSW,2017-03-21,8:30p,@,Dallas Mavericks,W,,112,87,57,14,W 5
2017,GSW,2017-03-24,10:30p,,Sacramento Kings,W,,114,100,58,14,W 6
2017,GSW,2017-03-26,8:00p,,Memphis Grizzlies,W,,106,94,59,14,W 7
2017,GSW,2017-03-28,8:00p,@,Houston Rockets,W,,113,106,60,14,W 8
2017,GSW,2017-03-29,9:30p,@,San Antonio Spurs,W,,110,98,61,14,W 9
2017,GSW,2017-03-31,10:30p,,Houston Rockets,W,,107,98,62,14,W 10
2017,GSW,2017-04-02,8:00p,,Washington Wizards,W,,139,115,63,14,W 11
2017,GSW,2017-04-04,10:30p,,Minnesota Timberwolves,W,,121,107,64,14,W 12
2017,GSW,2017-04-05,10:00p,@,Phoenix Suns,W,,120,111,65,14,W 13
2017,GSW,2017-04-08,10:30p,,New Orleans Pelicans,W,,123,101,66,14,W 14
2017,GSW,2017-04-10,10:30p,,Utah Jazz,L,,99,105,66,15,L 1
2017,GSW,2017-04-12,10:30p,,Los Angeles Lakers,W,,109,94,67,15,W 1
2017,GSW,2017-04-16,3:30p,,Portland Trail Blazers,W,,121,109,1,0,W 1
2017,GSW,2017-04-19,10:30p,,Portland Trail Blazers,W,,110,81,2,0,W 2
2017,GSW,2017-04-22,10:30p,@,Portland Trail Blazers,W,,119,113,3,0,W 3
2017,GSW,2017-04-24,10:30p,@,Portland Trail Blazers,W,,128,103,4,0,W 4
2017,GSW,2017-05-02,10:30p,,Utah Jazz,W,,106,94,5,0,W 5
2017,GSW,2017-05-04,10:30p,,Utah Jazz,W,,115,104,6,0,W 6
2017,GSW,2017-05-06,8:30p,@,Utah Jazz,W,,102,91,7,0,W 7
2017,GSW,2017-05-08,9:00p,@,Utah Jazz,W,,121,95,8,0,W 8
2017,GSW,2017-05-14,3:30p,,San Antonio Spurs,W,,113,111,9,0,W 9
2017,GSW,2017-05-16,9:00p,,San Antonio Spurs,W,,136,100,10,0,W 10
2017,GSW,2017-05-20,9:00p,@,San Antonio Spurs,W,,120,108,11,0,W 11
2017,GSW,2017-05-22,9:00p,@,San Antonio Spurs,W,,129,115,12,0,W 12
2017,GSW,2017-06-01,9:00p,,Cleveland Cavaliers,W,,113,91,13,0,W 13
2017,GSW,2017-06-04,8:00p,,Cleveland Cavaliers,W,,132,113,14,0,W 14
2017,GSW,2017-06-07,9:00p,@,Cleveland Cavaliers,W,,118,113,15,0,W 15
2017,GSW,2017-06-09,9:00p,@,Cleveland Cavaliers,L,,116,137,15,1,L 1
2017,GSW,2017-06-12,9:00p,,Cleveland Cavaliers,W,,129,120,16,1,W 1
2017,HOU,2016-10-26,10:30p,@,Los Angeles Lakers,L,,114,120,0,1,L 1
2017,HOU,2016-10-28,8:30p,@,Dallas Mavericks,W,,106,98,1,1,W 1
2017,HOU,2016-10-30,8:00p,,Dallas Mavericks,W,,93,92,2,1,W 2
2017,HOU,2016-11-01,6:00p,@,Cleveland Cavaliers,L,,120,128,2,2,L 1
2017,HOU,2016-11-02,7:30p,@,New York Knicks,W,,118,99,3,2,W 1
2017,HOU,2016-11-05,7:30p,@,Atlanta Hawks,L,,97,112,3,3,L 1
2017,HOU,2016-11-07,7:00p,@,Washington Wizards,W,,114,106,4,3,W 1
2017,HOU,2016-11-09,9:30p,@,San Antonio Spurs,W,,101,99,5,3,W 2
2017,HOU,2016-11-12,8:00p,,San Antonio Spurs,L,,100,106,5,4,L 1
2017,HOU,2016-11-14,8:00p,,Philadelphia 76ers,W,,115,88,6,4,W 1
2017,HOU,2016-11-16,8:00p,@,Oklahoma City Thunder,L,,103,105,6,5,L 1
2017,HOU,2016-11-17,8:00p,,Portland Trail Blazers,W,,126,109,7,5,W 1
2017,HOU,2016-11-19,5:00p,,Utah Jazz,W,,111,102,8,5,W 2
2017,HOU,2016-11-21,7:30p,@,Detroit Pistons,W,,99,96,9,5,W 3
2017,HOU,2016-11-23,8:00p,,Toronto Raptors,L,,102,115,9,6,L 1
2017,HOU,2016-11-25,10:30p,@,Sacramento Kings,W,,117,104,10,6,W 1
2017,HOU,2016-11-27,9:00p,@,Portland Trail Blazers,W,,130,114,11,6,W 2
2017,HOU,2016-11-29,9:00p,@,Utah Jazz,L,,101,120,11,7,L 1
2017,HOU,2016-12-01,10:30p,@,Golden State Warriors,W,2OT,132,127,12,7,W 1
2017,HOU,2016-12-02,10:30p,@,Denver Nuggets,W,,128,110,13,7,W 2
2017,HOU,2016-12-05,8:00p,,Boston Celtics,W,,107,106,14,7,W 3
2017,HOU,2016-12-07,8:00p,,Los Angeles Lakers,W,,134,95,15,7,W 4
2017,HOU,2016-12-09,8:00p,@,Oklahoma City Thunder,W,,102,99,16,7,W 5
2017,HOU,2016-12-10,8:00p,,Dallas Mavericks,W,,109,87,17,7,W 6
2017,HOU,2016-12-12,8:00p,,Brooklyn Nets,W,,122,118,18,7,W 7
2017,HOU,2016-12-14,8:00p,,Sacramento Kings,W,,132,98,19,7,W 8
2017,HOU,2016-12-16,8:00p,,New Orleans Pelicans,W,,122,100,20,7,W 9
2017,HOU,2016-12-17,8:00p,@,Minnesota Timberwolves,W,OT,111,109,21,7,W 10
2017,HOU,2016-12-20,8:00p,,San Antonio Spurs,L,,100,102,21,8,L 1
2017,HOU,2016-12-21,9:00p,@,Phoenix Suns,W,,125,111,22,8,W 1
2017,HOU,2016-12-23,8:00p,@,Memphis Grizzlies,L,,109,115,22,9,L 1
2017,HOU,2016-12-26,8:00p,,Phoenix Suns,W,,131,115,23,9,W 1
2017,HOU,2016-12-27,8:30p,@,Dallas Mavericks,W,,123,107,24,9,W 2
2017,HOU,2016-12-30,8:00p,,Los Angeles Clippers,W,,140,116,25,9,W 3
2017,HOU,2016-12-31,8:00p,,New York Knicks,W,,129,122,26,9,W 4
2017,HOU,2017-01-02,8:00p,,Washington Wizards,W,,101,91,27,9,W 5
2017,HOU,2017-01-05,8:00p,,Oklahoma City Thunder,W,,118,116,28,9,W 6
2017,HOU,2017-01-06,7:00p,@,Orlando Magic,W,,100,93,29,9,W 7
2017,HOU,2017-01-08,6:00p,@,Toronto Raptors,W,,129,122,30,9,W 8
2017,HOU,2017-01-10,8:00p,,Charlotte Hornets,W,,121,114,31,9,W 9
2017,HOU,2017-01-11,8:00p,@,Minnesota Timberwolves,L,,105,119,31,10,L 1
2017,HOU,2017-01-13,8:00p,,Memphis Grizzlies,L,,105,110,31,11,L 2
2017,HOU,2017-01-15,6:00p,@,Brooklyn Nets,W,,137,112,32,11,W 1
2017,HOU,2017-01-17,7:30p,@,Miami Heat,L,,103,109,32,12,L 1
2017,HOU,2017-01-18,8:00p,,Milwaukee Bucks,W,,111,92,33,12,W 1
2017,HOU,2017-01-20,8:00p,,Golden State Warriors,L,,108,125,33,13,L 1
2017,HOU,2017-01-21,8:00p,@,Memphis Grizzlies,W,,119,95,34,13,W 1
2017,HOU,2017-01-23,8:00p,@,Milwaukee Bucks,L,,114,127,34,14,L 1
2017,HOU,2017-01-25,7:30p,@,Boston Celtics,L,,109,120,34,15,L 2
2017,HOU,2017-01-27,8:00p,@,Philadelphia 76ers,W,,123,118,35,15,W 1
2017,HOU,2017-01-29,6:00p,@,Indiana Pacers,L,,101,120,35,16,L 1
2017,HOU,2017-01-31,8:00p,,Sacramento Kings,W,,105,83,36,16,W 1
2017,HOU,2017-02-02,8:00p,,Atlanta Hawks,L,,108,113,36,17,L 1
2017,HOU,2017-02-03,8:00p,,Chicago Bulls,W,OT,121,117,37,17,W 1
2017,HOU,2017-02-07,8:00p,,Orlando Magic,W,,128,104,38,17,W 2
2017,HOU,2017-02-09,7:00p,@,Charlotte Hornets,W,,107,95,39,17,W 3
2017,HOU,2017-02-11,9:00p,,Phoenix Suns,W,,133,102,40,17,W 4
2017,HOU,2017-02-15,8:00p,,Miami Heat,L,,109,117,40,18,L 1
2017,HOU,2017-02-23,8:00p,@,New Orleans Pelicans,W,,129,99,41,18,W 1
2017,HOU,2017-02-25,9:00p,,Minnesota Timberwolves,W,,142,130,42,18,W 2
2017,HOU,2017-02-27,9:30p,,Indiana Pacers,L,,108,117,42,19,L 1
2017,HOU,2017-03-01,10:30p,@,Los Angeles Clippers,W,,122,103,43,19,W 1
2017,HOU,2017-03-04,9:00p,,Memphis Grizzlies,W,,123,108,44,19,W 2
2017,HOU,2017-03-06,8:30p,@,San Antonio Spurs,L,,110,112,44,20,L 1
2017,HOU,2017-03-08,8:00p,,Utah Jazz,L,,108,115,44,21,L 2
2017,HOU,2017-03-10,8:00p,@,Chicago Bulls,W,,115,94,45,21,W 1
2017,HOU,2017-03-12,9:00p,,Cleveland Cavaliers,W,,117,112,46,21,W 2
2017,HOU,2017-03-15,8:00p,,Los Angeles Lakers,W,,139,100,47,21,W 3
2017,HOU,2017-03-17,8:00p,@,New Orleans Pelicans,L,,112,128,47,22,L 1
2017,HOU,2017-03-18,9:30p,@,Denver Nuggets,W,,109,105,48,22,W 1
2017,HOU,2017-03-20,8:00p,,Denver Nuggets,W,,125,124,49,22,W 2
2017,HOU,2017-03-24,8:00p,,New Orleans Pelicans,W,,117,107,50,22,W 3
2017,HOU,2017-03-26,3:30p,,Oklahoma City Thunder,W,,137,125,51,22,W 4
2017,HOU,2017-03-28,8:00p,,Golden State Warriors,L,,106,113,51,23,L 1
2017,HOU,2017-03-30,10:30p,@,Portland Trail Blazers,L,,107,117,51,24,L 2
2017,HOU,2017-03-31,10:30p,@,Golden State Warriors,L,,98,107,51,25,L 3
2017,HOU,2017-04-02,9:00p,@,Phoenix Suns,W,,123,116,52,25,W 1
2017,HOU,2017-04-05,8:00p,,Denver Nuggets,W,,110,104,53,25,W 2
2017,HOU,2017-04-07,8:00p,,Detroit Pistons,L,,109,114,53,26,L 1
2017,HOU,2017-04-09,6:00p,@,Sacramento Kings,W,,135,128,54,26,W 1
2017,HOU,2017-04-10,10:30p,@,Los Angeles Clippers,L,,96,125,54,27,L 1
2017,HOU,2017-04-12,8:00p,,Minnesota Timberwolves,W,,123,118,55,27,W 1
2017,HOU,2017-04-16,9:00p,,Oklahoma City Thunder,W,,118,87,1,0,W 1
2017,HOU,2017-04-19,8:00p,,Oklahoma City Thunder,W,,115,111,2,0,W 2
2017,HOU,2017-04-21,9:30p,@,Oklahoma City Thunder,L,,113,115,2,1,L 1
2017,HOU,2017-04-23,3:30p,@,Oklahoma City Thunder,W,,113,109,3,1,W 1
2017,HOU,2017-04-25,8:00p,,Oklahoma City Thunder,W,,105,99,4,1,W 2
2017,HOU,2017-05-01,9:30p,@,San Antonio Spurs,W,,126,99,5,1,W 3
2017,HOU,2017-05-03,9:30p,@,San Antonio Spurs,L,,96,121,5,2,L 1
2017,HOU,2017-05-05,9:30p,,San Antonio Spurs,L,,92,103,5,3,L 2
2017,HOU,2017-05-07,9:00p,,San Antonio Spurs,W,,125,104,6,3,W 1
2017,HOU,2017-05-09,8:00p,@,San Antonio Spurs,L,OT,107,110,6,4,L 1
2017,HOU,2017-05-11,8:00p,,San Antonio Spurs,L,,75,114,6,5,L 2
2017,IND,2016-10-26,7:00p,,Dallas Mavericks,W,OT,130,121,1,0,W 1
2017,IND,2016-10-28,7:30p,@,Brooklyn Nets,L,,94,103,1,1,L 1
2017,IND,2016-10-29,8:00p,@,Chicago Bulls,L,,101,118,1,2,L 2
2017,IND,2016-11-01,7:00p,,Los Angeles Lakers,W,,115,108,2,2,W 1
2017,IND,2016-11-03,8:00p,@,Milwaukee Bucks,L,,107,125,2,3,L 1
2017,IND,2016-11-05,7:00p,,Chicago Bulls,W,,111,94,3,3,W 1
2017,IND,2016-11-07,7:00p,@,Charlotte Hornets,L,,100,122,3,4,L 1
2017,IND,2016-11-09,7:00p,,Philadelphia 76ers,W,OT,122,115,4,4,W 1
2017,IND,2016-11-11,7:00p,@,Philadelphia 76ers,L,OT,105,109,4,5,L 1
2017,IND,2016-11-12,7:00p,,Boston Celtics,L,,99,105,4,6,L 2
2017,IND,2016-11-14,7:00p,,Orlando Magic,W,,88,69,5,6,W 1
2017,IND,2016-11-16,7:00p,,Cleveland Cavaliers,W,,103,93,6,6,W 2
2017,IND,2016-11-18,7:00p,,Phoenix Suns,L,,96,116,6,7,L 1
2017,IND,2016-11-20,7:00p,@,Oklahoma City Thunder,W,OT,115,111,7,7,W 1
2017,IND,2016-11-21,7:00p,,Golden State Warriors,L,,83,120,7,8,L 1
2017,IND,2016-11-23,7:00p,,Atlanta Hawks,L,,85,96,7,9,L 2
2017,IND,2016-11-25,8:00p,,Brooklyn Nets,W,,118,97,8,9,W 1
2017,IND,2016-11-27,6:00p,,Los Angeles Clippers,W,,91,70,9,9,W 2
2017,IND,2016-11-30,10:00p,@,Portland Trail Blazers,L,,109,131,9,10,L 1
2017,IND,2016-12-04,9:30p,@,Los Angeles Clippers,W,,111,102,10,10,W 1
2017,IND,2016-12-05,10:30p,@,Golden State Warriors,L,,106,142,10,11,L 1
2017,IND,2016-12-07,9:00p,@,Phoenix Suns,W,,109,94,11,11,W 1
2017,IND,2016-12-09,8:30p,@,Dallas Mavericks,L,,103,111,11,12,L 1
2017,IND,2016-12-10,7:00p,,Portland Trail Blazers,W,,118,111,12,12,W 1
2017,IND,2016-12-12,7:00p,,Charlotte Hornets,W,,110,94,13,12,W 2
2017,IND,2016-12-14,7:00p,@,Miami Heat,L,,89,95,13,13,L 1
2017,IND,2016-12-15,8:00p,@,New Orleans Pelicans,L,,95,102,13,14,L 2
2017,IND,2016-12-17,7:00p,@,Detroit Pistons,W,,105,90,14,14,W 1
2017,IND,2016-12-19,7:00p,,Washington Wizards,W,,107,105,15,14,W 2
2017,IND,2016-12-20,7:30p,@,New York Knicks,L,,111,118,15,15,L 1
2017,IND,2016-12-22,7:00p,,Boston Celtics,L,,102,109,15,16,L 2
2017,IND,2016-12-26,8:00p,@,Chicago Bulls,L,,85,90,15,17,L 3
2017,IND,2016-12-28,7:00p,@,Washington Wizards,L,,105,111,15,18,L 4
2017,IND,2016-12-30,4:00p,,Chicago Bulls,W,,111,101,16,18,W 1
2017,IND,2017-01-01,6:00p,,Orlando Magic,W,,117,104,17,18,W 2
2017,IND,2017-01-03,7:30p,@,Detroit Pistons,W,,121,116,18,18,W 3
2017,IND,2017-01-05,7:00p,,Brooklyn Nets,W,,121,109,19,18,W 4
2017,IND,2017-01-07,7:00p,,New York Knicks,W,,123,109,20,18,W 5
2017,IND,2017-01-12,3:00p,@,Denver Nuggets,L,,112,140,20,19,L 1
2017,IND,2017-01-16,4:00p,,New Orleans Pelicans,W,,98,95,21,19,W 1
2017,IND,2017-01-18,10:30p,@,Sacramento Kings,W,,106,100,22,19,W 2
2017,IND,2017-01-20,10:30p,@,Los Angeles Lakers,L,,95,108,22,20,L 1
2017,IND,2017-01-21,9:00p,@,Utah Jazz,L,,100,109,22,21,L 2
2017,IND,2017-01-23,8:00p,,New York Knicks,L,,103,109,22,22,L 3
2017,IND,2017-01-26,8:00p,@,Minnesota Timberwolves,W,,109,103,23,22,W 1
2017,IND,2017-01-27,7:00p,,Sacramento Kings,W,OT,115,111,24,22,W 2
2017,IND,2017-01-29,6:00p,,Houston Rockets,W,,120,101,25,22,W 3
2017,IND,2017-02-01,7:00p,@,Orlando Magic,W,,98,88,26,22,W 4
2017,IND,2017-02-03,7:30p,@,Brooklyn Nets,W,,106,97,27,22,W 5
2017,IND,2017-02-04,7:00p,,Detroit Pistons,W,,105,84,28,22,W 6
2017,IND,2017-02-06,7:00p,,Oklahoma City Thunder,W,,93,90,29,22,W 7
2017,IND,2017-02-08,7:00p,,Cleveland Cavaliers,L,,117,132,29,23,L 1
2017,IND,2017-02-10,8:00p,@,Washington Wizards,L,,107,112,29,24,L 2
2017,IND,2017-02-11,7:00p,,Milwaukee Bucks,L,,100,116,29,25,L 3
2017,IND,2017-02-13,7:00p,,San Antonio Spurs,L,,106,110,29,26,L 4
2017,IND,2017-02-15,7:00p,@,Cleveland Cavaliers,L,,104,113,29,27,L 5
2017,IND,2017-02-16,7:00p,,Washington Wizards,L,,98,111,29,28,L 6
2017,IND,2017-02-24,7:00p,,Memphis Grizzlies,W,,102,92,30,28,W 1
2017,IND,2017-02-25,8:00p,@,Miami Heat,L,,95,113,30,29,L 1
2017,IND,2017-02-27,9:30p,@,Houston Rockets,W,,117,108,31,29,W 1
2017,IND,2017-03-01,8:30p,@,San Antonio Spurs,L,,99,100,31,30,L 1
2017,IND,2017-03-05,1:00p,@,Atlanta Hawks,W,,97,96,32,30,W 1
2017,IND,2017-03-06,8:00p,@,Charlotte Hornets,L,,88,100,32,31,L 1
2017,IND,2017-03-08,8:00p,,Detroit Pistons,W,,115,98,33,31,W 1
2017,IND,2017-03-10,8:00p,@,Milwaukee Bucks,L,,85,99,33,32,L 1
2017,IND,2017-03-12,6:00p,,Miami Heat,W,,102,98,34,32,W 1
2017,IND,2017-03-14,7:30p,@,New York Knicks,L,,81,87,34,33,L 1
2017,IND,2017-03-15,7:00p,,Charlotte Hornets,W,,98,77,35,33,W 1
2017,IND,2017-03-19,6:00p,@,Toronto Raptors,L,,91,116,35,34,L 1
2017,IND,2017-03-20,7:00p,,Utah Jazz,W,,107,100,36,34,W 1
2017,IND,2017-03-22,7:30p,@,Boston Celtics,L,,100,109,36,35,L 1
2017,IND,2017-03-24,7:00p,,Denver Nuggets,L,,117,125,36,36,L 2
2017,IND,2017-03-26,6:00p,,Philadelphia 76ers,W,,107,94,37,36,W 1
2017,IND,2017-03-28,7:00p,,Minnesota Timberwolves,L,,114,115,37,37,L 1
2017,IND,2017-03-29,8:00p,@,Memphis Grizzlies,L,,97,110,37,38,L 2
2017,IND,2017-03-31,7:00p,@,Toronto Raptors,L,,100,111,37,39,L 3
2017,IND,2017-04-02,6:00p,@,Cleveland Cavaliers,L,2OT,130,135,37,40,L 4
2017,IND,2017-04-04,7:00p,,Toronto Raptors,W,,108,90,38,40,W 1
2017,IND,2017-04-06,7:00p,,Milwaukee Bucks,W,,104,89,39,40,W 2
2017,IND,2017-04-08,6:00p,@,Orlando Magic,W,,127,112,40,40,W 3
2017,IND,2017-04-10,7:00p,@,Philadelphia 76ers,W,,120,111,41,40,W 4
2017,IND,2017-04-12,8:00p,,Atlanta Hawks,W,,104,86,42,40,W 5
2017,IND,2017-04-15,3:00p,@,Cleveland Cavaliers,L,,108,109,0,1,L 1
2017,IND,2017-04-17,7:00p,@,Cleveland Cavaliers,L,,111,117,0,2,L 2
2017,IND,2017-04-20,7:00p,,Cleveland Cavaliers,L,,114,119,0,3,L 3
2017,IND,2017-04-23,1:00p,,Cleveland Cavaliers,L,,102,106,0,4,L 4
2017,LAC,2016-10-27,10:30p,@,Portland Trail Blazers,W,,114,106,1,0,W 1
2017,LAC,2016-10-30,4:30p,,Utah Jazz,W,,88,75,2,0,W 2
2017,LAC,2016-10-31,10:30p,,Phoenix Suns,W,,116,98,3,0,W 3
2017,LAC,2016-11-02,10:30p,,Oklahoma City Thunder,L,,83,85,3,1,L 1
2017,LAC,2016-11-04,8:00p,@,Memphis Grizzlies,W,,99,88,4,1,W 1
2017,LAC,2016-11-05,8:30p,@,San Antonio Spurs,W,,116,92,5,1,W 2
2017,LAC,2016-11-07,10:30p,,Detroit Pistons,W,,114,82,6,1,W 3
2017,LAC,2016-11-09,10:30p,,Portland Trail Blazers,W,,111,80,7,1,W 4
2017,LAC,2016-11-11,8:00p,@,Oklahoma City Thunder,W,,110,108,8,1,W 5
2017,LAC,2016-11-12,8:00p,@,Minnesota Timberwolves,W,,119,105,9,1,W 6
2017,LAC,2016-11-14,10:30p,,Brooklyn Nets,W,,127,95,10,1,W 7
2017,LAC,2016-11-16,10:30p,,Memphis Grizzlies,L,,107,111,10,2,L 1
2017,LAC,2016-11-18,10:30p,@,Sacramento Kings,W,,121,115,11,2,W 1
2017,LAC,2016-11-19,10:30p,,Chicago Bulls,W,,102,95,12,2,W 2
2017,LAC,2016-11-21,10:30p,,Toronto Raptors,W,,123,115,13,2,W 3
2017,LAC,2016-11-23,8:30p,@,Dallas Mavericks,W,,124,104,14,2,W 4
2017,LAC,2016-11-25,7:30p,@,Detroit Pistons,L,,97,108,14,3,L 1
2017,LAC,2016-11-27,6:00p,@,Indiana Pacers,L,,70,91,14,4,L 2
2017,LAC,2016-11-29,7:30p,@,Brooklyn Nets,L,2OT,122,127,14,5,L 3
2017,LAC,2016-12-01,8:00p,@,Cleveland Cavaliers,W,,113,94,15,5,W 1
2017,LAC,2016-12-02,8:00p,@,New Orleans Pelicans,W,,114,96,16,5,W 2
2017,LAC,2016-12-04,9:30p,,Indiana Pacers,L,,102,111,16,6,L 1
2017,LAC,2016-12-07,10:30p,,Golden State Warriors,L,,98,115,16,7,L 2
2017,LAC,2016-12-10,10:30p,,New Orleans Pelicans,W,,133,105,17,7,W 1
2017,LAC,2016-12-12,10:30p,,Portland Trail Blazers,W,,121,120,18,7,W 2
2017,LAC,2016-12-14,7:00p,@,Orlando Magic,W,,113,108,19,7,W 3
2017,LAC,2016-12-16,8:00p,@,Miami Heat,W,,102,98,20,7,W 4
2017,LAC,2016-12-18,3:30p,@,Washington Wizards,L,,110,117,20,8,L 1
2017,LAC,2016-12-20,10:30p,,Denver Nuggets,W,,119,102,21,8,W 1
2017,LAC,2016-12-22,10:30p,,San Antonio Spurs,W,,106,101,22,8,W 2
2017,LAC,2016-12-23,10:30p,,Dallas Mavericks,L,,88,90,22,9,L 1
2017,LAC,2016-12-25,10:30p,@,Los Angeles Lakers,L,,102,111,22,10,L 2
2017,LAC,2016-12-26,10:30p,,Denver Nuggets,L,,102,106,22,11,L 3
2017,LAC,2016-12-28,8:00p,@,New Orleans Pelicans,L,,98,102,22,12,L 4
2017,LAC,2016-12-30,8:00p,@,Houston Rockets,L,,116,140,22,13,L 5
2017,LAC,2016-12-31,8:00p,@,Oklahoma City Thunder,L,,88,114,22,14,L 6
2017,LAC,2017-01-02,10:30p,,Phoenix Suns,W,,109,98,23,14,W 1
2017,LAC,2017-01-04,10:30p,,Memphis Grizzlies,W,,115,106,24,14,W 2
2017,LAC,2017-01-06,10:30p,@,Sacramento Kings,W,,106,98,25,14,W 3
2017,LAC,2017-01-08,3:30p,,Miami Heat,W,,98,86,26,14,W 4
2017,LAC,2017-01-11,10:30p,,Orlando Magic,W,,105,96,27,14,W 5
2017,LAC,2017-01-14,3:30p,,Los Angeles Lakers,W,,113,97,28,14,W 6
2017,LAC,2017-01-16,10:30p,,Oklahoma City Thunder,W,,120,98,29,14,W 7
2017,LAC,2017-01-19,10:30p,,Minnesota Timberwolves,L,,101,104,29,15,L 1
2017,LAC,2017-01-21,9:00p,@,Denver Nuggets,L,,98,123,29,16,L 2
2017,LAC,2017-01-23,7:30p,@,Atlanta Hawks,W,,115,105,30,16,W 1
2017,LAC,2017-01-24,7:00p,@,Philadelphia 76ers,L,,110,121,30,17,L 1
2017,LAC,2017-01-28,8:30p,@,Golden State Warriors,L,,98,144,30,18,L 2
2017,LAC,2017-02-01,9:00p,@,Phoenix Suns,W,,124,114,31,18,W 1
2017,LAC,2017-02-02,10:30p,,Golden State Warriors,L,,120,133,31,19,L 1
2017,LAC,2017-02-05,2:00p,@,Boston Celtics,L,,102,107,31,20,L 2
2017,LAC,2017-02-06,7:30p,@,Toronto Raptors,L,,109,118,31,21,L 3
2017,LAC,2017-02-08,8:00p,@,New York Knicks,W,,119,115,32,21,W 1
2017,LAC,2017-02-11,5:00p,@,Charlotte Hornets,W,,107,102,33,21,W 2
2017,LAC,2017-02-13,9:00p,@,Utah Jazz,W,,88,72,34,21,W 3
2017,LAC,2017-02-15,10:30p,,Atlanta Hawks,W,,99,84,35,21,W 4
2017,LAC,2017-02-23,10:30p,@,Golden State Warriors,L,,113,123,35,22,L 1
2017,LAC,2017-02-24,10:30p,,San Antonio Spurs,L,,97,105,35,23,L 2
2017,LAC,2017-02-26,9:30p,,Charlotte Hornets,W,OT,124,121,36,23,W 1
2017,LAC,2017-03-01,10:30p,,Houston Rockets,L,,103,122,36,24,L 1
2017,LAC,2017-03-03,8:00p,@,Milwaukee Bucks,L,,101,112,36,25,L 2
2017,LAC,2017-03-04,8:30p,@,Chicago Bulls,W,,101,91,37,25,W 1
2017,LAC,2017-03-06,10:30p,,Boston Celtics,W,,116,102,38,25,W 2
2017,LAC,2017-03-08,8:00p,@,Minnesota Timberwolves,L,,91,107,38,26,L 1
2017,LAC,2017-03-09,8:00p,@,Memphis Grizzlies,W,,114,98,39,26,W 1
2017,LAC,2017-03-11,3:30p,,Philadelphia 76ers,W,,112,100,40,26,W 2
2017,LAC,2017-03-13,9:00p,@,Utah Jazz,L,,108,114,40,27,L 1
2017,LAC,2017-03-15,10:30p,,Milwaukee Bucks,L,,96,97,40,28,L 2
2017,LAC,2017-03-16,9:00p,@,Denver Nuggets,L,,114,129,40,29,L 3
2017,LAC,2017-03-18,8:30p,,Cleveland Cavaliers,W,,108,78,41,29,W 1
2017,LAC,2017-03-20,10:30p,,New York Knicks,W,,114,105,42,29,W 2
2017,LAC,2017-03-21,10:30p,@,Los Angeles Lakers,W,,133,109,43,29,W 3
2017,LAC,2017-03-23,8:30p,@,Dallas Mavericks,L,,95,97,43,30,L 1
2017,LAC,2017-03-25,3:30p,,Utah Jazz,W,,108,95,44,30,W 1
2017,LAC,2017-03-26,3:30p,,Sacramento Kings,L,,97,98,44,31,L 1
2017,LAC,2017-03-29,10:30p,,Washington Wizards,W,,133,124,45,31,W 1
2017,LAC,2017-03-30,10:00p,@,Phoenix Suns,W,,124,118,46,31,W 2
2017,LAC,2017-04-01,3:30p,,Los Angeles Lakers,W,,115,104,47,31,W 3
2017,LAC,2017-04-05,10:30p,,Dallas Mavericks,W,,112,101,48,31,W 4
2017,LAC,2017-04-08,8:30p,@,San Antonio Spurs,W,,98,87,49,31,W 5
2017,LAC,2017-04-10,10:30p,,Houston Rockets,W,,125,96,50,31,W 6
2017,LAC,2017-04-12,10:30p,,Sacramento Kings,W,,115,95,51,31,W 7
2017,LAC,2017-04-15,10:30p,,Utah Jazz,L,,95,97,0,1,L 1
2017,LAC,2017-04-18,10:30p,,Utah Jazz,W,,99,91,1,1,W 1
2017,LAC,2017-04-21,10:00p,@,Utah Jazz,W,,111,106,2,1,W 2
2017,LAC,2017-04-23,9:00p,@,Utah Jazz,L,,98,105,2,2,L 1
2017,LAC,2017-04-25,10:30p,,Utah Jazz,L,,92,96,2,3,L 2
2017,LAC,2017-04-28,10:30p,@,Utah Jazz,W,,98,93,3,3,W 1
2017,LAC,2017-04-30,3:30p,,Utah Jazz,L,,91,104,3,4,L 1
2017,LAL,2016-10-26,10:30p,,Houston Rockets,W,,120,114,1,0,W 1
2017,LAL,2016-10-28,9:00p,@,Utah Jazz,L,,89,96,1,1,L 1
2017,LAL,2016-10-30,7:00p,@,Oklahoma City Thunder,L,,96,113,1,2,L 2
2017,LAL,2016-11-01,7:00p,@,Indiana Pacers,L,,108,115,1,3,L 3
2017,LAL,2016-11-02,7:30p,@,Atlanta Hawks,W,,123,116,2,3,W 1
2017,LAL,2016-11-04,10:30p,,Golden State Warriors,W,,117,97,3,3,W 2
2017,LAL,2016-11-06,9:30p,,Phoenix Suns,W,,119,108,4,3,W 3
2017,LAL,2016-11-08,10:30p,,Dallas Mavericks,L,,97,109,4,4,L 1
2017,LAL,2016-11-10,10:30p,@,Sacramento Kings,W,,101,91,5,4,W 1
2017,LAL,2016-11-12,7:00p,@,New Orleans Pelicans,W,,126,99,6,4,W 2
2017,LAL,2016-11-13,7:00p,@,Minnesota Timberwolves,L,,99,125,6,5,L 1
2017,LAL,2016-11-15,10:30p,,Brooklyn Nets,W,,125,118,7,5,W 1
2017,LAL,2016-11-18,10:30p,,San Antonio Spurs,L,,107,116,7,6,L 1
2017,LAL,2016-11-20,9:30p,,Chicago Bulls,L,,110,118,7,7,L 2
2017,LAL,2016-11-22,10:30p,,Oklahoma City Thunder,W,,111,109,8,7,W 1
2017,LAL,2016-11-23,10:30p,@,Golden State Warriors,L,,106,149,8,8,L 1
2017,LAL,2016-11-25,10:30p,,Golden State Warriors,L,,85,109,8,9,L 2
2017,LAL,2016-11-27,9:30p,,Atlanta Hawks,W,,109,94,9,9,W 1
2017,LAL,2016-11-29,8:00p,@,New Orleans Pelicans,L,,88,105,9,10,L 1
2017,LAL,2016-11-30,8:00p,@,Chicago Bulls,W,,96,90,10,10,W 1
2017,LAL,2016-12-02,7:30p,@,Toronto Raptors,L,,80,113,10,11,L 1
2017,LAL,2016-12-03,8:00p,@,Memphis Grizzlies,L,,100,103,10,12,L 2
2017,LAL,2016-12-05,10:30p,,Utah Jazz,L,,101,107,10,13,L 3
2017,LAL,2016-12-07,8:00p,@,Houston Rockets,L,,95,134,10,14,L 4
2017,LAL,2016-12-09,10:30p,,Phoenix Suns,L,,115,119,10,15,L 5
2017,LAL,2016-12-11,9:30p,,New York Knicks,L,,112,118,10,16,L 6
2017,LAL,2016-12-12,10:30p,@,Sacramento Kings,L,,92,116,10,17,L 7
2017,LAL,2016-12-14,7:30p,@,Brooklyn Nets,L,,97,107,10,18,L 8
2017,LAL,2016-12-16,8:00p,@,Philadelphia 76ers,W,,100,89,11,18,W 1
2017,LAL,2016-12-17,7:30p,@,Cleveland Cavaliers,L,,108,119,11,19,L 1
2017,LAL,2016-12-20,7:00p,@,Charlotte Hornets,L,,113,117,11,20,L 2
2017,LAL,2016-12-22,8:00p,@,Miami Heat,L,,107,115,11,21,L 3
2017,LAL,2016-12-23,7:00p,@,Orlando Magic,L,,90,109,11,22,L 4
2017,LAL,2016-12-25,10:30p,,Los Angeles Clippers,W,,111,102,12,22,W 1
2017,LAL,2016-12-27,10:30p,,Utah Jazz,L,,100,102,12,23,L 1
2017,LAL,2016-12-29,10:30p,,Dallas Mavericks,L,,89,101,12,24,L 2
2017,LAL,2017-01-01,9:30p,,Toronto Raptors,L,,114,123,12,25,L 3
2017,LAL,2017-01-03,10:30p,,Memphis Grizzlies,W,,116,102,13,25,W 1
2017,LAL,2017-01-05,10:30p,@,Portland Trail Blazers,L,,109,118,13,26,L 1
2017,LAL,2017-01-06,10:30p,,Miami Heat,W,,127,100,14,26,W 1
2017,LAL,2017-01-08,9:30p,,Orlando Magic,W,,111,95,15,26,W 2
2017,LAL,2017-01-10,10:30p,,Portland Trail Blazers,L,,87,108,15,27,L 1
2017,LAL,2017-01-12,8:30p,@,San Antonio Spurs,L,,94,134,15,28,L 2
2017,LAL,2017-01-14,3:30p,@,Los Angeles Clippers,L,,97,113,15,29,L 3
2017,LAL,2017-01-15,9:30p,,Detroit Pistons,L,,97,102,15,30,L 4
2017,LAL,2017-01-17,10:30p,,Denver Nuggets,L,,121,127,15,31,L 5
2017,LAL,2017-01-20,10:30p,,Indiana Pacers,W,,108,95,16,31,W 1
2017,LAL,2017-01-22,3:30p,@,Dallas Mavericks,L,,73,122,16,32,L 1
2017,LAL,2017-01-25,10:30p,@,Portland Trail Blazers,L,,98,105,16,33,L 2
2017,LAL,2017-01-26,10:30p,@,Utah Jazz,L,,88,96,16,34,L 3
2017,LAL,2017-01-31,10:30p,,Denver Nuggets,W,,120,116,17,34,W 1
2017,LAL,2017-02-02,7:00p,@,Washington Wizards,L,,108,116,17,35,L 1
2017,LAL,2017-02-03,8:00p,@,Boston Celtics,L,,107,113,17,36,L 2
2017,LAL,2017-02-06,7:00p,@,New York Knicks,W,,121,107,18,36,W 1
2017,LAL,2017-02-08,7:30p,@,Detroit Pistons,L,,102,121,18,37,L 1
2017,LAL,2017-02-10,8:00p,@,Milwaukee Bucks,W,,122,114,19,37,W 1
2017,LAL,2017-02-14,10:30p,,Sacramento Kings,L,,96,97,19,38,L 1
2017,LAL,2017-02-15,9:00p,@,Phoenix Suns,L,,101,137,19,39,L 2
2017,LAL,2017-02-24,8:00p,@,Oklahoma City Thunder,L,,93,110,19,40,L 3
2017,LAL,2017-02-26,3:30p,,San Antonio Spurs,L,,98,119,19,41,L 4
2017,LAL,2017-02-28,10:30p,,Charlotte Hornets,L,,104,109,19,42,L 5
2017,LAL,2017-03-03,10:30p,,Boston Celtics,L,,95,115,19,43,L 6
2017,LAL,2017-03-05,9:30p,,New Orleans Pelicans,L,,97,105,19,44,L 7
2017,LAL,2017-03-07,8:30p,@,Dallas Mavericks,L,,111,122,19,45,L 8
2017,LAL,2017-03-09,10:30p,@,Phoenix Suns,W,,122,110,20,45,W 1
2017,LAL,2017-03-12,9:30p,,Philadelphia 76ers,L,,116,118,20,46,L 1
2017,LAL,2017-03-13,10:30p,@,Denver Nuggets,L,,101,129,20,47,L 2
2017,LAL,2017-03-15,8:00p,@,Houston Rockets,L,,100,139,20,48,L 3
2017,LAL,2017-03-17,10:30p,,Milwaukee Bucks,L,,103,107,20,49,L 4
2017,LAL,2017-03-19,9:30p,,Cleveland Cavaliers,L,,120,125,20,50,L 5
2017,LAL,2017-03-21,10:30p,,Los Angeles Clippers,L,,109,133,20,51,L 6
2017,LAL,2017-03-24,10:30p,,Minnesota Timberwolves,W,OT,130,119,21,51,W 1
2017,LAL,2017-03-26,9:30p,,Portland Trail Blazers,L,,81,97,21,52,L 1
2017,LAL,2017-03-28,10:30p,,Washington Wizards,L,,108,119,21,53,L 2
2017,LAL,2017-03-30,8:00p,@,Minnesota Timberwolves,L,,104,119,21,54,L 3
2017,LAL,2017-04-01,3:30p,@,Los Angeles Clippers,L,,104,115,21,55,L 4
2017,LAL,2017-04-02,3:30p,,Memphis Grizzlies,W,,108,103,22,55,W 1
2017,LAL,2017-04-05,8:30p,@,San Antonio Spurs,W,,102,95,23,55,W 2
2017,LAL,2017-04-07,10:30p,,Sacramento Kings,W,,98,94,24,55,W 3
2017,LAL,2017-04-09,9:30p,,Minnesota Timberwolves,W,,110,109,25,55,W 4
2017,LAL,2017-04-11,10:30p,,New Orleans Pelicans,W,,108,96,26,55,W 5
2017,LAL,2017-04-12,10:30p,@,Golden State Warriors,L,,94,109,26,56,L 1
2017,MEM,2016-10-26,8:00p,,Minnesota Timberwolves,W,,102,98,1,0,W 1
2017,MEM,2016-10-29,7:30p,@,New York Knicks,L,,104,111,1,1,L 1
2017,MEM,2016-10-30,8:00p,,Washington Wizards,W,OT,112,103,2,1,W 1
2017,MEM,2016-11-01,8:00p,@,Minnesota Timberwolves,L,,80,116,2,2,L 1
2017,MEM,2016-11-02,8:00p,,New Orleans Pelicans,W,OT,89,83,3,2,W 1
2017,MEM,2016-11-04,8:00p,,Los Angeles Clippers,L,,88,99,3,3,L 1
2017,MEM,2016-11-06,3:30p,,Portland Trail Blazers,L,,94,100,3,4,L 2
2017,MEM,2016-11-08,8:00p,,Denver Nuggets,W,,108,107,4,4,W 1
2017,MEM,2016-11-12,8:30p,@,Milwaukee Bucks,L,,96,106,4,5,L 1
2017,MEM,2016-11-14,9:00p,@,Utah Jazz,W,,102,96,5,5,W 1
2017,MEM,2016-11-16,10:30p,@,Los Angeles Clippers,W,,111,107,6,5,W 2
2017,MEM,2016-11-18,8:30p,@,Dallas Mavericks,W,,80,64,7,5,W 3
2017,MEM,2016-11-19,8:00p,,Minnesota Timberwolves,W,,93,71,8,5,W 4
2017,MEM,2016-11-21,7:00p,@,Charlotte Hornets,W,,105,90,9,5,W 5
2017,MEM,2016-11-23,7:00p,@,Philadelphia 76ers,W,2OT,104,99,10,5,W 6
2017,MEM,2016-11-25,8:00p,,Miami Heat,L,,81,90,10,6,L 1
2017,MEM,2016-11-26,8:00p,@,Miami Heat,W,,110,107,11,6,W 1
2017,MEM,2016-11-28,8:00p,,Charlotte Hornets,L,,85,104,11,7,L 1
2017,MEM,2016-11-30,7:30p,@,Toronto Raptors,L,,105,120,11,8,L 2
2017,MEM,2016-12-01,8:00p,,Orlando Magic,W,,95,94,12,8,W 1
2017,MEM,2016-12-03,8:00p,,Los Angeles Lakers,W,,103,100,13,8,W 2
2017,MEM,2016-12-05,8:00p,@,New Orleans Pelicans,W,2OT,110,108,14,8,W 3
2017,MEM,2016-12-06,8:00p,,Philadelphia 76ers,W,,96,91,15,8,W 4
2017,MEM,2016-12-08,8:00p,,Portland Trail Blazers,W,,88,86,16,8,W 5
2017,MEM,2016-12-10,8:00p,,Golden State Warriors,W,,110,89,17,8,W 6
2017,MEM,2016-12-13,7:00p,@,Cleveland Cavaliers,L,,86,103,17,9,L 1
2017,MEM,2016-12-14,8:00p,,Cleveland Cavaliers,W,,93,85,18,9,W 1
2017,MEM,2016-12-16,8:00p,,Sacramento Kings,L,,92,96,18,10,L 1
2017,MEM,2016-12-18,6:00p,,Utah Jazz,L,,73,82,18,11,L 2
2017,MEM,2016-12-20,8:00p,,Boston Celtics,L,OT,109,112,18,12,L 3
2017,MEM,2016-12-21,7:30p,@,Detroit Pistons,W,,98,86,19,12,W 1
2017,MEM,2016-12-23,8:00p,,Houston Rockets,W,,115,109,20,12,W 2
2017,MEM,2016-12-26,7:00p,@,Orlando Magic,L,,102,112,20,13,L 1
2017,MEM,2016-12-27,7:30p,@,Boston Celtics,L,,103,113,20,14,L 2
2017,MEM,2016-12-29,8:00p,,Oklahoma City Thunder,W,,114,80,21,14,W 1
2017,MEM,2016-12-31,5:00p,@,Sacramento Kings,W,,112,98,22,14,W 2
2017,MEM,2017-01-03,10:30p,@,Los Angeles Lakers,L,,102,116,22,15,L 1
2017,MEM,2017-01-04,10:30p,@,Los Angeles Clippers,L,,106,115,22,16,L 2
2017,MEM,2017-01-06,10:30p,@,Golden State Warriors,W,OT,128,119,23,16,W 1
2017,MEM,2017-01-08,8:00p,,Utah Jazz,W,,88,79,24,16,W 2
2017,MEM,2017-01-11,8:00p,@,Oklahoma City Thunder,L,,95,103,24,17,L 1
2017,MEM,2017-01-13,8:00p,@,Houston Rockets,W,,110,105,25,17,W 1
2017,MEM,2017-01-15,9:00p,,Chicago Bulls,L,,104,108,25,18,L 1
2017,MEM,2017-01-18,7:00p,@,Washington Wizards,L,,101,104,25,19,L 2
2017,MEM,2017-01-20,8:00p,,Sacramento Kings,W,,107,91,26,19,W 1
2017,MEM,2017-01-21,8:00p,,Houston Rockets,L,,95,119,26,20,L 1
2017,MEM,2017-01-25,8:00p,,Toronto Raptors,W,,101,99,27,20,W 1
2017,MEM,2017-01-27,10:00p,@,Portland Trail Blazers,L,,109,112,27,21,L 1
2017,MEM,2017-01-28,9:00p,@,Utah Jazz,W,,102,95,28,21,W 1
2017,MEM,2017-01-30,10:30p,@,Phoenix Suns,W,,115,96,29,21,W 2
2017,MEM,2017-02-01,9:00p,@,Denver Nuggets,W,,119,99,30,21,W 3
2017,MEM,2017-02-03,8:00p,@,Oklahoma City Thunder,L,,102,114,30,22,L 1
2017,MEM,2017-02-04,9:00p,@,Minnesota Timberwolves,W,,107,99,31,22,W 1
2017,MEM,2017-02-06,9:30p,,San Antonio Spurs,W,,89,74,32,22,W 2
2017,MEM,2017-02-08,8:00p,,Phoenix Suns,W,,110,91,33,22,W 3
2017,MEM,2017-02-10,8:00p,,Golden State Warriors,L,,107,122,33,23,L 1
2017,MEM,2017-02-13,7:30p,@,Brooklyn Nets,W,,112,103,34,23,W 1
2017,MEM,2017-02-15,8:00p,,New Orleans Pelicans,L,,91,95,34,24,L 1
2017,MEM,2017-02-24,7:00p,@,Indiana Pacers,L,,92,102,34,25,L 2
2017,MEM,2017-02-26,5:00p,@,Denver Nuggets,W,,105,98,35,25,W 1
2017,MEM,2017-02-28,8:00p,,Phoenix Suns,W,,130,112,36,25,W 2
2017,MEM,2017-03-03,8:30p,@,Dallas Mavericks,L,,100,104,36,26,L 1
2017,MEM,2017-03-04,9:00p,@,Houston Rockets,L,,108,123,36,27,L 2
2017,MEM,2017-03-06,8:00p,,Brooklyn Nets,L,,109,122,36,28,L 3
2017,MEM,2017-03-09,8:00p,,Los Angeles Clippers,L,,98,114,36,29,L 4
2017,MEM,2017-03-11,9:00p,,Atlanta Hawks,L,,90,107,36,30,L 5
2017,MEM,2017-03-13,8:00p,,Milwaukee Bucks,W,,113,93,37,30,W 1
2017,MEM,2017-03-15,8:00p,@,Chicago Bulls,W,,98,91,38,30,W 2
2017,MEM,2017-03-16,7:30p,@,Atlanta Hawks,W,,103,91,39,30,W 3
2017,MEM,2017-03-18,9:00p,,San Antonio Spurs,W,,104,96,40,30,W 4
2017,MEM,2017-03-21,8:00p,@,New Orleans Pelicans,L,,82,95,40,31,L 1
2017,MEM,2017-03-23,8:30p,@,San Antonio Spurs,L,,90,97,40,32,L 2
2017,MEM,2017-03-26,8:00p,@,Golden State Warriors,L,,94,106,40,33,L 3
2017,MEM,2017-03-27,10:30p,@,Sacramento Kings,L,,90,91,40,34,L 4
2017,MEM,2017-03-29,8:00p,,Indiana Pacers,W,,110,97,41,34,W 1
2017,MEM,2017-03-31,8:00p,,Dallas Mavericks,W,,99,90,42,34,W 2
2017,MEM,2017-04-02,3:30p,@,Los Angeles Lakers,L,,103,108,42,35,L 1
2017,MEM,2017-04-04,8:30p,@,San Antonio Spurs,L,OT,89,95,42,36,L 2
2017,MEM,2017-04-05,8:00p,,Oklahoma City Thunder,L,,100,103,42,37,L 3
2017,MEM,2017-04-07,8:00p,,New York Knicks,W,,101,88,43,37,W 1
2017,MEM,2017-04-09,6:00p,,Detroit Pistons,L,,90,103,43,38,L 1
2017,MEM,2017-04-12,8:00p,,Dallas Mavericks,L,,93,100,43,39,L 2
2017,MEM,2017-04-15,8:00p,@,San Antonio Spurs,L,,82,111,0,1,L 1
2017,MEM,2017-04-17,9:30p,@,San Antonio Spurs,L,,82,96,0,2,L 2
2017,MEM,2017-04-20,9:30p,,San Antonio Spurs,W,,105,94,1,2,W 1
2017,MEM,2017-04-22,8:00p,,San Antonio Spurs,W,OT,110,108,2,2,W 2
2017,MEM,2017-04-25,9:00p,@,San Antonio Spurs,L,,103,116,2,3,L 1
2017,MEM,2017-04-27,9:30p,,San Antonio Spurs,L,,96,103,2,4,L 2
2017,MIA,2016-10-26,7:00p,@,Orlando Magic,W,,108,96,1,0,W 1
2017,MIA,2016-10-28,8:00p,,Charlotte Hornets,L,,91,97,1,1,L 1
2017,MIA,2016-10-30,6:00p,,San Antonio Spurs,L,,99,106,1,2,L 2
2017,MIA,2016-11-01,7:30p,,Sacramento Kings,W,OT,108,96,2,2,W 1
2017,MIA,2016-11-04,7:30p,@,Toronto Raptors,L,,87,96,2,3,L 1
2017,MIA,2016-11-07,8:00p,@,Oklahoma City Thunder,L,,85,97,2,4,L 2
2017,MIA,2016-11-10,8:00p,,Chicago Bulls,L,,95,98,2,5,L 3
2017,MIA,2016-11-12,8:00p,,Utah Jazz,L,,91,102,2,6,L 4
2017,MIA,2016-11-14,8:30p,@,San Antonio Spurs,L,,90,94,2,7,L 5
2017,MIA,2016-11-15,7:30p,,Atlanta Hawks,L,,90,93,2,8,L 6
2017,MIA,2016-11-17,7:30p,,Milwaukee Bucks,W,,96,73,3,8,W 1
2017,MIA,2016-11-19,7:00p,@,Washington Wizards,W,,114,111,4,8,W 2
2017,MIA,2016-11-21,7:00p,@,Philadelphia 76ers,L,,94,101,4,9,L 1
2017,MIA,2016-11-23,7:30p,@,Detroit Pistons,L,,84,107,4,10,L 2
2017,MIA,2016-11-25,8:00p,@,Memphis Grizzlies,W,,90,81,5,10,W 1
2017,MIA,2016-11-26,8:00p,,Memphis Grizzlies,L,,107,110,5,11,L 1
2017,MIA,2016-11-28,7:30p,,Boston Celtics,L,,104,112,5,12,L 2
2017,MIA,2016-11-30,9:00p,@,Denver Nuggets,W,,106,98,6,12,W 1
2017,MIA,2016-12-01,9:00p,@,Utah Jazz,W,,111,110,7,12,W 2
2017,MIA,2016-12-03,10:00p,@,Portland Trail Blazers,L,,92,99,7,13,L 1
2017,MIA,2016-12-06,7:30p,,New York Knicks,L,,103,114,7,14,L 2
2017,MIA,2016-12-07,7:30p,@,Atlanta Hawks,L,,95,103,7,15,L 3
2017,MIA,2016-12-09,7:30p,@,Cleveland Cavaliers,L,,84,114,7,16,L 4
2017,MIA,2016-12-10,8:00p,@,Chicago Bulls,L,,100,105,7,17,L 5
2017,MIA,2016-12-12,7:30p,,Washington Wizards,W,,112,101,8,17,W 1
2017,MIA,2016-12-14,7:00p,,Indiana Pacers,W,,95,89,9,17,W 2
2017,MIA,2016-12-16,8:00p,,Los Angeles Clippers,L,,98,102,9,18,L 1
2017,MIA,2016-12-18,6:00p,,Boston Celtics,L,,95,105,9,19,L 2
2017,MIA,2016-12-20,7:30p,,Orlando Magic,L,2OT,130,136,9,20,L 3
2017,MIA,2016-12-22,8:00p,,Los Angeles Lakers,W,,115,107,10,20,W 1
2017,MIA,2016-12-23,8:00p,@,New Orleans Pelicans,L,,87,91,10,21,L 1
2017,MIA,2016-12-27,7:30p,,Oklahoma City Thunder,L,,94,106,10,22,L 2
2017,MIA,2016-12-29,7:00p,@,Charlotte Hornets,L,,82,91,10,23,L 3
2017,MIA,2016-12-30,7:30p,@,Boston Celtics,L,,114,117,10,24,L 4
2017,MIA,2017-01-01,6:00p,,Detroit Pistons,L,,98,107,10,25,L 5
2017,MIA,2017-01-03,9:00p,@,Phoenix Suns,L,,90,99,10,26,L 6
2017,MIA,2017-01-04,10:30p,@,Sacramento Kings,W,,107,102,11,26,W 1
2017,MIA,2017-01-06,10:30p,@,Los Angeles Lakers,L,,100,127,11,27,L 1
2017,MIA,2017-01-08,3:30p,@,Los Angeles Clippers,L,,86,98,11,28,L 2
2017,MIA,2017-01-10,10:30p,@,Golden State Warriors,L,,95,107,11,29,L 3
2017,MIA,2017-01-13,8:00p,@,Milwaukee Bucks,L,,108,116,11,30,L 4
2017,MIA,2017-01-17,7:30p,,Houston Rockets,W,,109,103,12,30,W 1
2017,MIA,2017-01-19,7:30p,,Dallas Mavericks,W,,99,95,13,30,W 2
2017,MIA,2017-01-21,7:30p,,Milwaukee Bucks,W,,109,97,14,30,W 3
2017,MIA,2017-01-23,7:30p,,Golden State Warriors,W,,105,102,15,30,W 4
2017,MIA,2017-01-25,7:30p,@,Brooklyn Nets,W,,109,106,16,30,W 5
2017,MIA,2017-01-27,8:00p,@,Chicago Bulls,W,,100,88,17,30,W 6
2017,MIA,2017-01-28,7:30p,,Detroit Pistons,W,,116,103,18,30,W 7
2017,MIA,2017-01-30,7:30p,,Brooklyn Nets,W,,104,96,19,30,W 8
2017,MIA,2017-02-01,7:30p,,Atlanta Hawks,W,,116,93,20,30,W 9
2017,MIA,2017-02-04,7:30p,,Philadelphia 76ers,W,,125,102,21,30,W 10
2017,MIA,2017-02-06,8:00p,@,Minnesota Timberwolves,W,,115,113,22,30,W 11
2017,MIA,2017-02-08,8:00p,@,Milwaukee Bucks,W,,106,88,23,30,W 12
2017,MIA,2017-02-10,7:30p,@,Brooklyn Nets,W,,108,99,24,30,W 13
2017,MIA,2017-02-11,7:30p,@,Philadelphia 76ers,L,,109,117,24,31,L 1
2017,MIA,2017-02-13,7:30p,,Orlando Magic,L,,107,116,24,32,L 2
2017,MIA,2017-02-15,8:00p,@,Houston Rockets,W,,117,109,25,32,W 1
2017,MIA,2017-02-24,8:00p,@,Atlanta Hawks,W,,108,90,26,32,W 2
2017,MIA,2017-02-25,8:00p,,Indiana Pacers,W,,113,95,27,32,W 3
2017,MIA,2017-02-27,8:30p,@,Dallas Mavericks,L,,89,96,27,33,L 1
2017,MIA,2017-03-01,7:30p,,Philadelphia 76ers,W,,125,98,28,33,W 1
2017,MIA,2017-03-03,7:00p,@,Orlando Magic,L,,99,110,28,34,L 1
2017,MIA,2017-03-04,8:00p,,Cleveland Cavaliers,W,,120,92,29,34,W 1
2017,MIA,2017-03-06,7:00p,@,Cleveland Cavaliers,W,,106,98,30,34,W 2
2017,MIA,2017-03-08,7:30p,,Charlotte Hornets,W,,108,101,31,34,W 3
2017,MIA,2017-03-11,8:00p,,Toronto Raptors,W,,104,89,32,34,W 4
2017,MIA,2017-03-12,6:00p,@,Indiana Pacers,L,,98,102,32,35,L 1
2017,MIA,2017-03-15,7:30p,,New Orleans Pelicans,W,,120,112,33,35,W 1
2017,MIA,2017-03-17,8:00p,,Minnesota Timberwolves,W,,123,105,34,35,W 2
2017,MIA,2017-03-19,6:00p,,Portland Trail Blazers,L,,104,115,34,36,L 1
2017,MIA,2017-03-21,7:30p,,Phoenix Suns,W,,112,97,35,36,W 1
2017,MIA,2017-03-23,7:30p,,Toronto Raptors,L,,84,101,35,37,L 1
2017,MIA,2017-03-26,6:00p,@,Boston Celtics,L,,108,112,35,38,L 2
2017,MIA,2017-03-28,7:30p,@,Detroit Pistons,W,,97,96,36,38,W 1
2017,MIA,2017-03-29,7:30p,@,New York Knicks,W,,105,88,37,38,W 2
2017,MIA,2017-03-31,8:00p,,New York Knicks,L,,94,98,37,39,L 1
2017,MIA,2017-04-02,6:00p,,Denver Nuggets,L,,113,116,37,40,L 2
2017,MIA,2017-04-05,7:00p,@,Charlotte Hornets,W,,112,99,38,40,W 1
2017,MIA,2017-04-07,7:30p,@,Toronto Raptors,L,,94,96,38,41,L 1
2017,MIA,2017-04-08,7:00p,@,Washington Wizards,W,,106,103,39,41,W 1
2017,MIA,2017-04-10,7:30p,,Cleveland Cavaliers,W,OT,124,121,40,41,W 2
2017,MIA,2017-04-12,8:00p,,Washington Wizards,W,,110,102,41,41,W 3
2017,MIL,2016-10-26,8:00p,,Charlotte Hornets,L,,96,107,0,1,L 1
2017,MIL,2016-10-29,8:00p,,Brooklyn Nets,W,,110,108,1,1,W 1
2017,MIL,2016-10-30,6:00p,@,Detroit Pistons,L,,83,98,1,2,L 1
2017,MIL,2016-11-01,8:00p,@,New Orleans Pelicans,W,,117,113,2,2,W 1
2017,MIL,2016-11-03,8:00p,,Indiana Pacers,W,,125,107,3,2,W 2
2017,MIL,2016-11-05,8:00p,,Sacramento Kings,W,,117,91,4,2,W 3
2017,MIL,2016-11-06,7:00p,@,Dallas Mavericks,L,OT,75,86,4,3,L 1
2017,MIL,2016-11-10,8:00p,,New Orleans Pelicans,L,,106,112,4,4,L 2
2017,MIL,2016-11-12,8:30p,,Memphis Grizzlies,W,,106,96,5,4,W 1
2017,MIL,2016-11-16,7:30p,@,Atlanta Hawks,L,,100,107,5,5,L 1
2017,MIL,2016-11-17,7:30p,@,Miami Heat,L,,73,96,5,6,L 2
2017,MIL,2016-11-19,8:30p,,Golden State Warriors,L,,121,124,5,7,L 3
2017,MIL,2016-11-21,8:00p,,Orlando Magic,W,,93,89,6,7,W 1
2017,MIL,2016-11-25,8:00p,,Toronto Raptors,L,,99,105,6,8,L 1
2017,MIL,2016-11-27,6:00p,@,Orlando Magic,W,,104,96,7,8,W 1
2017,MIL,2016-11-29,8:00p,,Cleveland Cavaliers,W,,118,101,8,8,W 2
2017,MIL,2016-12-01,7:30p,@,Brooklyn Nets,W,,111,93,9,8,W 3
2017,MIL,2016-12-03,5:00p,,Brooklyn Nets,W,,112,103,10,8,W 4
2017,MIL,2016-12-05,8:00p,,San Antonio Spurs,L,,96,97,10,9,L 1
2017,MIL,2016-12-07,8:00p,,Portland Trail Blazers,W,,115,107,11,9,W 1
2017,MIL,2016-12-09,8:00p,,Atlanta Hawks,L,,110,114,11,10,L 1
2017,MIL,2016-12-10,7:00p,@,Washington Wizards,L,,105,110,11,11,L 2
2017,MIL,2016-12-12,7:30p,@,Toronto Raptors,L,,100,122,11,12,L 3
2017,MIL,2016-12-15,8:00p,,Chicago Bulls,W,,108,97,12,12,W 1
2017,MIL,2016-12-16,8:00p,@,Chicago Bulls,W,,95,69,13,12,W 2
2017,MIL,2016-12-20,8:00p,,Cleveland Cavaliers,L,OT,108,114,13,13,L 1
2017,MIL,2016-12-21,7:00p,@,Cleveland Cavaliers,L,,102,113,13,14,L 2
2017,MIL,2016-12-23,8:00p,,Washington Wizards,W,,123,96,14,14,W 1
2017,MIL,2016-12-26,7:00p,@,Washington Wizards,L,,102,107,14,15,L 1
2017,MIL,2016-12-28,7:30p,@,Detroit Pistons,W,,119,94,15,15,W 1
2017,MIL,2016-12-30,8:00p,@,Minnesota Timberwolves,L,,99,116,15,16,L 1
2017,MIL,2016-12-31,7:00p,@,Chicago Bulls,W,,116,96,16,16,W 1
2017,MIL,2017-01-02,7:00p,,Oklahoma City Thunder,W,,98,94,17,16,W 2
2017,MIL,2017-01-04,7:30p,@,New York Knicks,W,,105,104,18,16,W 3
2017,MIL,2017-01-06,8:00p,,New York Knicks,L,,111,116,18,17,L 1
2017,MIL,2017-01-08,2:00p,,Washington Wizards,L,,101,107,18,18,L 2
2017,MIL,2017-01-10,8:30p,@,San Antonio Spurs,W,,109,107,19,18,W 1
2017,MIL,2017-01-13,8:00p,,Miami Heat,W,,116,108,20,18,W 2
2017,MIL,2017-01-15,3:00p,@,Atlanta Hawks,L,,98,111,20,19,L 1
2017,MIL,2017-01-16,3:30p,,Philadelphia 76ers,L,,104,113,20,20,L 2
2017,MIL,2017-01-18,8:00p,@,Houston Rockets,L,,92,111,20,21,L 3
2017,MIL,2017-01-20,7:00p,@,Orlando Magic,L,,96,112,20,22,L 4
2017,MIL,2017-01-21,7:30p,@,Miami Heat,L,,97,109,20,23,L 5
2017,MIL,2017-01-23,8:00p,,Houston Rockets,W,,127,114,21,23,W 1
2017,MIL,2017-01-25,8:00p,,Philadelphia 76ers,L,,109,114,21,24,L 1
2017,MIL,2017-01-27,7:30p,@,Toronto Raptors,L,,86,102,21,25,L 2
2017,MIL,2017-01-28,8:00p,,Boston Celtics,L,OT,108,112,21,26,L 3
2017,MIL,2017-02-01,9:00p,@,Utah Jazz,L,,88,104,21,27,L 4
2017,MIL,2017-02-03,9:00p,@,Denver Nuggets,L,,117,121,21,28,L 5
2017,MIL,2017-02-04,9:00p,@,Phoenix Suns,W,,137,112,22,28,W 1
2017,MIL,2017-02-08,8:00p,,Miami Heat,L,,88,106,22,29,L 1
2017,MIL,2017-02-10,8:00p,,Los Angeles Lakers,L,,114,122,22,30,L 2
2017,MIL,2017-02-11,7:00p,@,Indiana Pacers,W,,116,100,23,30,W 1
2017,MIL,2017-02-13,8:00p,,Detroit Pistons,W,,102,89,24,30,W 2
2017,MIL,2017-02-15,7:30p,@,Brooklyn Nets,W,,129,125,25,30,W 3
2017,MIL,2017-02-24,8:00p,,Utah Jazz,L,,95,109,25,31,L 1
2017,MIL,2017-02-26,3:30p,,Phoenix Suns,W,,100,96,26,31,W 1
2017,MIL,2017-02-27,7:00p,@,Cleveland Cavaliers,L,,95,102,26,32,L 1
2017,MIL,2017-03-01,8:00p,,Denver Nuggets,L,,98,110,26,33,L 2
2017,MIL,2017-03-03,8:00p,,Los Angeles Clippers,W,,112,101,27,33,W 1
2017,MIL,2017-03-04,8:00p,,Toronto Raptors,W,,101,94,28,33,W 2
2017,MIL,2017-03-06,7:00p,@,Philadelphia 76ers,W,,112,98,29,33,W 3
2017,MIL,2017-03-08,8:00p,,New York Knicks,W,,104,93,30,33,W 4
2017,MIL,2017-03-10,8:00p,,Indiana Pacers,W,,99,85,31,33,W 5
2017,MIL,2017-03-11,8:00p,,Minnesota Timberwolves,W,,102,95,32,33,W 6
2017,MIL,2017-03-13,8:00p,@,Memphis Grizzlies,L,,93,113,32,34,L 1
2017,MIL,2017-03-15,10:30p,@,Los Angeles Clippers,W,,97,96,33,34,W 1
2017,MIL,2017-03-17,10:30p,@,Los Angeles Lakers,W,,107,103,34,34,W 2
2017,MIL,2017-03-18,10:30p,@,Golden State Warriors,L,,92,117,34,35,L 1
2017,MIL,2017-03-21,10:00p,@,Portland Trail Blazers,W,,93,90,35,35,W 1
2017,MIL,2017-03-22,10:30p,@,Sacramento Kings,W,,116,98,36,35,W 2
2017,MIL,2017-03-24,8:00p,,Atlanta Hawks,W,,100,97,37,35,W 3
2017,MIL,2017-03-26,3:30p,,Chicago Bulls,L,,94,109,37,36,L 1
2017,MIL,2017-03-28,7:00p,@,Charlotte Hornets,W,,118,108,38,36,W 1
2017,MIL,2017-03-29,7:30p,@,Boston Celtics,W,,103,100,39,36,W 2
2017,MIL,2017-03-31,8:00p,,Detroit Pistons,W,OT,108,105,40,36,W 3
2017,MIL,2017-04-02,3:30p,,Dallas Mavericks,L,,105,109,40,37,L 1
2017,MIL,2017-04-04,8:00p,@,Oklahoma City Thunder,L,,79,110,40,38,L 2
2017,MIL,2017-04-06,7:00p,@,Indiana Pacers,L,,89,104,40,39,L 3
2017,MIL,2017-04-08,7:00p,@,Philadelphia 76ers,W,,90,82,41,39,W 1
2017,MIL,2017-04-10,8:00p,,Charlotte Hornets,W,,89,79,42,39,W 2
2017,MIL,2017-04-12,8:00p,@,Boston Celtics,L,,94,112,42,40,L 1
2017,MIL,2017-04-15,5:30p,@,Toronto Raptors,W,,97,83,1,0,W 1
2017,MIL,2017-04-18,7:00p,@,Toronto Raptors,L,,100,106,1,1,L 1
2017,MIL,2017-04-20,8:00p,,Toronto Raptors,W,,104,77,2,1,W 1
2017,MIL,2017-04-22,3:00p,,Toronto Raptors,L,,76,87,2,2,L 1
2017,MIL,2017-04-24,7:00p,@,Toronto Raptors,L,,93,118,2,3,L 2
2017,MIL,2017-04-27,7:00p,,Toronto Raptors,L,,89,92,2,4,L 3
2017,MIN,2016-10-26,8:00p,@,Memphis Grizzlies,L,,98,102,0,1,L 1
2017,MIN,2016-10-29,10:30p,@,Sacramento Kings,L,,103,106,0,2,L 2
2017,MIN,2016-11-01,8:00p,,Memphis Grizzlies,W,,116,80,1,2,W 1
2017,MIN,2016-11-03,8:00p,,Denver Nuggets,L,,99,102,1,3,L 1
2017,MIN,2016-11-05,6:00p,@,Oklahoma City Thunder,L,,92,112,1,4,L 2
2017,MIN,2016-11-08,7:30p,@,Brooklyn Nets,L,,110,119,1,5,L 3
2017,MIN,2016-11-09,7:00p,@,Orlando Magic,W,,123,107,2,5,W 1
2017,MIN,2016-11-12,8:00p,,Los Angeles Clippers,L,,105,119,2,6,L 1
2017,MIN,2016-11-13,7:00p,,Los Angeles Lakers,W,,125,99,3,6,W 1
2017,MIN,2016-11-15,8:00p,,Charlotte Hornets,L,,108,115,3,7,L 1
2017,MIN,2016-11-17,8:00p,,Philadelphia 76ers,W,,110,86,4,7,W 1
2017,MIN,2016-11-19,8:00p,@,Memphis Grizzlies,L,,71,93,4,8,L 1
2017,MIN,2016-11-21,8:00p,,Boston Celtics,L,,93,99,4,9,L 2
2017,MIN,2016-11-23,9:30p,@,New Orleans Pelicans,L,,96,117,4,10,L 3
2017,MIN,2016-11-25,9:00p,@,Phoenix Suns,W,,98,85,5,10,W 1
2017,MIN,2016-11-26,10:30p,@,Golden State Warriors,L,,102,115,5,11,L 1
2017,MIN,2016-11-28,8:00p,,Utah Jazz,L,,103,112,5,12,L 2
2017,MIN,2016-11-30,8:00p,,New York Knicks,L,,104,106,5,13,L 3
2017,MIN,2016-12-02,7:30p,@,New York Knicks,L,,114,118,5,14,L 4
2017,MIN,2016-12-03,7:00p,@,Charlotte Hornets,W,OT,125,120,6,14,W 1
2017,MIN,2016-12-06,8:00p,,San Antonio Spurs,L,,91,105,6,15,L 1
2017,MIN,2016-12-08,7:00p,@,Toronto Raptors,L,,110,124,6,16,L 2
2017,MIN,2016-12-09,8:00p,,Detroit Pistons,L,,90,117,6,17,L 3
2017,MIN,2016-12-11,7:00p,,Golden State Warriors,L,,108,116,6,18,L 4
2017,MIN,2016-12-13,8:00p,@,Chicago Bulls,W,,99,94,7,18,W 1
2017,MIN,2016-12-17,8:00p,,Houston Rockets,L,OT,109,111,7,19,L 1
2017,MIN,2016-12-19,8:00p,,Phoenix Suns,W,,115,108,8,19,W 1
2017,MIN,2016-12-21,7:30p,@,Atlanta Hawks,W,,92,84,9,19,W 2
2017,MIN,2016-12-23,8:00p,,Sacramento Kings,L,,105,109,9,20,L 1
2017,MIN,2016-12-25,8:00p,@,Oklahoma City Thunder,L,,100,112,9,21,L 2
2017,MIN,2016-12-26,8:00p,,Atlanta Hawks,W,,104,90,10,21,W 1
2017,MIN,2016-12-28,9:00p,@,Denver Nuggets,L,,103,105,10,22,L 1
2017,MIN,2016-12-30,8:00p,,Milwaukee Bucks,W,,116,99,11,22,W 1
2017,MIN,2017-01-01,7:00p,,Portland Trail Blazers,L,,89,95,11,23,L 1
2017,MIN,2017-01-03,7:00p,@,Philadelphia 76ers,L,,91,93,11,24,L 2
2017,MIN,2017-01-06,7:00p,@,Washington Wizards,L,,105,112,11,25,L 3
2017,MIN,2017-01-07,8:00p,,Utah Jazz,L,,92,94,11,26,L 4
2017,MIN,2017-01-09,8:00p,,Dallas Mavericks,W,,101,92,12,26,W 1
2017,MIN,2017-01-11,8:00p,,Houston Rockets,W,,119,105,13,26,W 2
2017,MIN,2017-01-13,8:00p,,Oklahoma City Thunder,W,,96,86,14,26,W 3
2017,MIN,2017-01-15,2:00p,@,Dallas Mavericks,L,,87,98,14,27,L 1
2017,MIN,2017-01-17,8:30p,@,San Antonio Spurs,L,,114,122,14,28,L 2
2017,MIN,2017-01-19,10:30p,@,Los Angeles Clippers,W,,104,101,15,28,W 1
2017,MIN,2017-01-22,7:00p,,Denver Nuggets,W,,111,108,16,28,W 2
2017,MIN,2017-01-24,9:00p,@,Phoenix Suns,W,,112,111,17,28,W 3
2017,MIN,2017-01-26,8:00p,,Indiana Pacers,L,,103,109,17,29,L 1
2017,MIN,2017-01-28,9:00p,,Brooklyn Nets,W,,129,109,18,29,W 1
2017,MIN,2017-01-30,8:00p,,Orlando Magic,W,OT,111,105,19,29,W 2
2017,MIN,2017-02-01,7:00p,@,Cleveland Cavaliers,L,,97,125,19,30,L 1
2017,MIN,2017-02-03,7:30p,@,Detroit Pistons,L,,108,116,19,31,L 2
2017,MIN,2017-02-04,9:00p,,Memphis Grizzlies,L,,99,107,19,32,L 3
2017,MIN,2017-02-06,8:00p,,Miami Heat,L,,113,115,19,33,L 4
2017,MIN,2017-02-08,8:00p,,Toronto Raptors,W,,112,109,20,33,W 1
2017,MIN,2017-02-10,8:00p,,New Orleans Pelicans,L,,106,122,20,34,L 1
2017,MIN,2017-02-12,3:30p,,Chicago Bulls,W,,117,89,21,34,W 1
2017,MIN,2017-02-14,8:00p,,Cleveland Cavaliers,L,,108,116,21,35,L 1
2017,MIN,2017-02-15,9:00p,@,Denver Nuggets,W,,112,99,22,35,W 1
2017,MIN,2017-02-24,8:00p,,Dallas Mavericks,W,,97,84,23,35,W 2
2017,MIN,2017-02-25,9:00p,@,Houston Rockets,L,,130,142,23,36,L 1
2017,MIN,2017-02-27,10:30p,@,Sacramento Kings,W,,102,88,24,36,W 1
2017,MIN,2017-03-01,9:00p,@,Utah Jazz,W,,107,80,25,36,W 2
2017,MIN,2017-03-04,9:00p,@,San Antonio Spurs,L,OT,90,97,25,37,L 1
2017,MIN,2017-03-08,8:00p,,Los Angeles Clippers,W,,107,91,26,37,W 1
2017,MIN,2017-03-10,8:00p,,Golden State Warriors,W,,103,102,27,37,W 2
2017,MIN,2017-03-11,8:00p,@,Milwaukee Bucks,L,,95,102,27,38,L 1
2017,MIN,2017-03-13,8:00p,,Washington Wizards,W,,119,104,28,38,W 1
2017,MIN,2017-03-15,7:30p,@,Boston Celtics,L,,104,117,28,39,L 1
2017,MIN,2017-03-17,8:00p,@,Miami Heat,L,,105,123,28,40,L 2
2017,MIN,2017-03-19,6:00p,@,New Orleans Pelicans,L,,109,123,28,41,L 3
2017,MIN,2017-03-21,9:30p,,San Antonio Spurs,L,,93,100,28,42,L 4
2017,MIN,2017-03-24,10:30p,@,Los Angeles Lakers,L,OT,119,130,28,43,L 5
2017,MIN,2017-03-25,10:00p,@,Portland Trail Blazers,L,,100,112,28,44,L 6
2017,MIN,2017-03-28,7:00p,@,Indiana Pacers,W,,115,114,29,44,W 1
2017,MIN,2017-03-30,8:00p,,Los Angeles Lakers,W,,119,104,30,44,W 2
2017,MIN,2017-04-01,8:00p,,Sacramento Kings,L,,117,123,30,45,L 1
2017,MIN,2017-04-03,7:00p,,Portland Trail Blazers,W,,110,109,31,45,W 1
2017,MIN,2017-04-04,10:30p,@,Golden State Warriors,L,,107,121,31,46,L 1
2017,MIN,2017-04-06,10:30p,@,Portland Trail Blazers,L,,98,105,31,47,L 2
2017,MIN,2017-04-07,9:00p,@,Utah Jazz,L,,113,120,31,48,L 3
2017,MIN,2017-04-09,9:30p,@,Los Angeles Lakers,L,,109,110,31,49,L 4
2017,MIN,2017-04-11,8:00p,,Oklahoma City Thunder,L,,98,100,31,50,L 5
2017,MIN,2017-04-12,8:00p,@,Houston Rockets,L,,118,123,31,51,L 6
2017,NOP,2016-10-26,8:00p,,Denver Nuggets,L,,102,107,0,1,L 1
2017,NOP,2016-10-28,9:30p,,Golden State Warriors,L,,114,122,0,2,L 2
2017,NOP,2016-10-29,8:00p,@,San Antonio Spurs,L,,79,98,0,3,L 3
2017,NOP,2016-11-01,8:00p,,Milwaukee Bucks,L,,113,117,0,4,L 4
2017,NOP,2016-11-02,8:00p,@,Memphis Grizzlies,L,OT,83,89,0,5,L 5
2017,NOP,2016-11-04,8:00p,,Phoenix Suns,L,OT,111,112,0,6,L 6
2017,NOP,2016-11-07,10:30p,@,Golden State Warriors,L,,106,116,0,7,L 7
2017,NOP,2016-11-08,10:30p,@,Sacramento Kings,L,,94,102,0,8,L 8
2017,NOP,2016-11-10,8:00p,@,Milwaukee Bucks,W,,112,106,1,8,W 1
2017,NOP,2016-11-12,7:00p,,Los Angeles Lakers,L,,99,126,1,9,L 1
2017,NOP,2016-11-14,8:00p,,Boston Celtics,W,,106,105,2,9,W 1
2017,NOP,2016-11-16,7:00p,@,Orlando Magic,L,,82,89,2,10,L 1
2017,NOP,2016-11-18,8:00p,,Portland Trail Blazers,W,,113,101,3,10,W 1
2017,NOP,2016-11-19,7:00p,,Charlotte Hornets,W,OT,121,116,4,10,W 2
2017,NOP,2016-11-22,7:30p,@,Atlanta Hawks,W,,112,94,5,10,W 3
2017,NOP,2016-11-23,9:30p,,Minnesota Timberwolves,W,,117,96,6,10,W 4
2017,NOP,2016-11-25,10:00p,@,Portland Trail Blazers,L,,104,119,6,11,L 1
2017,NOP,2016-11-27,7:00p,@,Dallas Mavericks,L,,81,91,6,12,L 2
2017,NOP,2016-11-29,8:00p,,Los Angeles Lakers,W,,105,88,7,12,W 1
2017,NOP,2016-12-02,8:00p,,Los Angeles Clippers,L,,96,114,7,13,L 1
2017,NOP,2016-12-04,7:00p,@,Oklahoma City Thunder,L,,92,101,7,14,L 2
2017,NOP,2016-12-05,8:00p,,Memphis Grizzlies,L,2OT,108,110,7,15,L 3
2017,NOP,2016-12-08,8:00p,,Philadelphia 76ers,L,,88,99,7,16,L 4
2017,NOP,2016-12-10,10:30p,@,Los Angeles Clippers,L,,105,133,7,17,L 5
2017,NOP,2016-12-11,8:30p,@,Phoenix Suns,W,OT,120,119,8,17,W 1
2017,NOP,2016-12-13,8:00p,,Golden State Warriors,L,,109,113,8,18,L 1
2017,NOP,2016-12-15,8:00p,,Indiana Pacers,W,,102,95,9,18,W 1
2017,NOP,2016-12-16,8:00p,@,Houston Rockets,L,,100,122,9,19,L 1
2017,NOP,2016-12-18,7:00p,@,San Antonio Spurs,L,,100,113,9,20,L 2
2017,NOP,2016-12-20,7:00p,@,Philadelphia 76ers,W,,108,93,10,20,W 1
2017,NOP,2016-12-21,8:00p,,Oklahoma City Thunder,L,,110,121,10,21,L 1
2017,NOP,2016-12-23,8:00p,,Miami Heat,W,,91,87,11,21,W 1
2017,NOP,2016-12-26,8:00p,,Dallas Mavericks,W,,111,104,12,21,W 2
2017,NOP,2016-12-28,8:00p,,Los Angeles Clippers,W,,102,98,13,21,W 3
2017,NOP,2016-12-30,8:00p,,New York Knicks,W,,104,92,14,21,W 4
2017,NOP,2017-01-02,7:00p,@,Cleveland Cavaliers,L,,82,90,14,22,L 1
2017,NOP,2017-01-05,8:00p,,Atlanta Hawks,L,,94,99,14,23,L 2
2017,NOP,2017-01-07,7:30p,@,Boston Celtics,L,,108,117,14,24,L 3
2017,NOP,2017-01-09,7:30p,@,New York Knicks,W,,110,96,15,24,W 1
2017,NOP,2017-01-12,7:30p,@,Brooklyn Nets,W,,104,95,16,24,W 2
2017,NOP,2017-01-14,5:00p,@,Chicago Bulls,L,,99,107,16,25,L 1
2017,NOP,2017-01-16,4:00p,@,Indiana Pacers,L,,95,98,16,26,L 2
2017,NOP,2017-01-18,8:00p,,Orlando Magic,W,,118,98,17,26,W 1
2017,NOP,2017-01-20,8:00p,,Brooklyn Nets,L,,114,143,17,27,L 1
2017,NOP,2017-01-23,8:00p,,Cleveland Cavaliers,W,,124,122,18,27,W 1
2017,NOP,2017-01-25,8:00p,,Oklahoma City Thunder,L,,105,114,18,28,L 1
2017,NOP,2017-01-27,8:00p,,San Antonio Spurs,W,,119,103,19,28,W 1
2017,NOP,2017-01-29,6:00p,,Washington Wizards,L,,94,107,19,29,L 1
2017,NOP,2017-01-31,7:00p,@,Toronto Raptors,L,OT,106,108,19,30,L 2
2017,NOP,2017-02-01,7:30p,@,Detroit Pistons,L,,98,118,19,31,L 3
2017,NOP,2017-02-04,7:00p,@,Washington Wizards,L,,91,105,19,32,L 4
2017,NOP,2017-02-06,8:00p,,Phoenix Suns,W,,111,106,20,32,W 1
2017,NOP,2017-02-08,8:00p,,Utah Jazz,L,,94,127,20,33,L 1
2017,NOP,2017-02-10,8:00p,@,Minnesota Timberwolves,W,,122,106,21,33,W 1
2017,NOP,2017-02-12,9:00p,@,Sacramento Kings,L,,99,105,21,34,L 1
2017,NOP,2017-02-13,9:00p,@,Phoenix Suns,W,,110,108,22,34,W 1
2017,NOP,2017-02-15,8:00p,@,Memphis Grizzlies,W,,95,91,23,34,W 2
2017,NOP,2017-02-23,8:00p,,Houston Rockets,L,,99,129,23,35,L 1
2017,NOP,2017-02-25,8:30p,@,Dallas Mavericks,L,,83,96,23,36,L 2
2017,NOP,2017-02-26,7:00p,@,Oklahoma City Thunder,L,,110,118,23,37,L 3
2017,NOP,2017-03-01,8:00p,,Detroit Pistons,W,,109,86,24,37,W 1
2017,NOP,2017-03-03,9:30p,,San Antonio Spurs,L,OT,98,101,24,38,L 1
2017,NOP,2017-03-05,9:30p,@,Los Angeles Lakers,W,,105,97,25,38,W 1
2017,NOP,2017-03-06,9:00p,@,Utah Jazz,L,,83,88,25,39,L 1
2017,NOP,2017-03-08,8:00p,,Toronto Raptors,L,,87,94,25,40,L 2
2017,NOP,2017-03-11,7:00p,@,Charlotte Hornets,W,OT,125,122,26,40,W 1
2017,NOP,2017-03-14,8:00p,,Portland Trail Blazers,W,,100,77,27,40,W 2
2017,NOP,2017-03-15,7:30p,@,Miami Heat,L,,112,120,27,41,L 1
2017,NOP,2017-03-17,8:00p,,Houston Rockets,W,,128,112,28,41,W 1
2017,NOP,2017-03-19,6:00p,,Minnesota Timberwolves,W,,123,109,29,41,W 2
2017,NOP,2017-03-21,8:00p,,Memphis Grizzlies,W,,95,82,30,41,W 3
2017,NOP,2017-03-24,8:00p,@,Houston Rockets,L,,107,117,30,42,L 1
2017,NOP,2017-03-26,8:00p,@,Denver Nuggets,W,,115,90,31,42,W 1
2017,NOP,2017-03-27,10:30p,@,Utah Jazz,L,,100,108,31,43,L 1
2017,NOP,2017-03-29,8:00p,,Dallas Mavericks,W,,121,118,32,43,W 1
2017,NOP,2017-03-31,8:00p,,Sacramento Kings,W,,117,89,33,43,W 2
2017,NOP,2017-04-02,6:00p,,Chicago Bulls,L,,110,117,33,44,L 1
2017,NOP,2017-04-04,8:00p,,Denver Nuggets,L,,131,134,33,45,L 2
2017,NOP,2017-04-07,9:00p,@,Denver Nuggets,L,,106,122,33,46,L 3
2017,NOP,2017-04-08,10:30p,@,Golden State Warriors,L,,101,123,33,47,L 4
2017,NOP,2017-04-11,10:30p,@,Los Angeles Lakers,L,,96,108,33,48,L 5
2017,NOP,2017-04-12,10:30p,@,Portland Trail Blazers,W,,103,100,34,48,W 1
2017,NYK,2016-10-25,7:30p,@,Cleveland Cavaliers,L,,88,117,0,1,L 1
2017,NYK,2016-10-29,7:30p,,Memphis Grizzlies,W,,111,104,1,1,W 1
2017,NYK,2016-11-01,7:30p,@,Detroit Pistons,L,,89,102,1,2,L 1
2017,NYK,2016-11-02,7:30p,,Houston Rockets,L,,99,118,1,3,L 2
2017,NYK,2016-11-04,8:00p,@,Chicago Bulls,W,,117,104,2,3,W 1
2017,NYK,2016-11-06,12:00p,,Utah Jazz,L,,109,114,2,4,L 1
2017,NYK,2016-11-09,7:00p,,Brooklyn Nets,W,,110,96,3,4,W 1
2017,NYK,2016-11-11,7:30p,@,Boston Celtics,L,,87,115,3,5,L 1
2017,NYK,2016-11-12,7:30p,@,Toronto Raptors,L,,107,118,3,6,L 2
2017,NYK,2016-11-14,7:30p,,Dallas Mavericks,W,,93,77,4,6,W 1
2017,NYK,2016-11-16,7:30p,,Detroit Pistons,W,,105,102,5,6,W 2
2017,NYK,2016-11-17,7:00p,@,Washington Wizards,L,,112,119,5,7,L 1
2017,NYK,2016-11-20,12:00p,,Atlanta Hawks,W,,104,94,6,7,W 1
2017,NYK,2016-11-22,7:30p,,Portland Trail Blazers,W,,107,103,7,7,W 2
2017,NYK,2016-11-25,7:30p,,Charlotte Hornets,W,OT,113,111,8,7,W 3
2017,NYK,2016-11-26,7:00p,@,Charlotte Hornets,L,,102,107,8,8,L 1
2017,NYK,2016-11-28,7:30p,,Oklahoma City Thunder,L,,103,112,8,9,L 2
2017,NYK,2016-11-30,8:00p,@,Minnesota Timberwolves,W,,106,104,9,9,W 1
2017,NYK,2016-12-02,7:30p,,Minnesota Timberwolves,W,,118,114,10,9,W 2
2017,NYK,2016-12-04,7:30p,,Sacramento Kings,W,,106,98,11,9,W 3
2017,NYK,2016-12-06,7:30p,@,Miami Heat,W,,114,103,12,9,W 4
2017,NYK,2016-12-07,8:00p,,Cleveland Cavaliers,L,,94,126,12,10,L 1
2017,NYK,2016-12-09,10:30p,@,Sacramento Kings,W,,103,100,13,10,W 1
2017,NYK,2016-12-11,9:30p,@,Los Angeles Lakers,W,,118,112,14,10,W 2
2017,NYK,2016-12-13,9:00p,@,Phoenix Suns,L,OT,111,113,14,11,L 1
2017,NYK,2016-12-15,10:30p,@,Golden State Warriors,L,,90,103,14,12,L 2
2017,NYK,2016-12-17,9:00p,@,Denver Nuggets,L,,114,127,14,13,L 3
2017,NYK,2016-12-20,7:30p,,Indiana Pacers,W,,118,111,15,13,W 1
2017,NYK,2016-12-22,7:30p,,Orlando Magic,W,,106,95,16,13,W 2
2017,NYK,2016-12-25,12:00p,,Boston Celtics,L,,114,119,16,14,L 1
2017,NYK,2016-12-28,7:30p,@,Atlanta Hawks,L,OT,98,102,16,15,L 2
2017,NYK,2016-12-30,8:00p,@,New Orleans Pelicans,L,,92,104,16,16,L 3
2017,NYK,2016-12-31,8:00p,@,Houston Rockets,L,,122,129,16,17,L 4
2017,NYK,2017-01-02,7:30p,,Orlando Magic,L,,103,115,16,18,L 5
2017,NYK,2017-01-04,7:30p,,Milwaukee Bucks,L,,104,105,16,19,L 6
2017,NYK,2017-01-06,8:00p,@,Milwaukee Bucks,W,,116,111,17,19,W 1
2017,NYK,2017-01-07,7:00p,@,Indiana Pacers,L,,109,123,17,20,L 1
2017,NYK,2017-01-09,7:30p,,New Orleans Pelicans,L,,96,110,17,21,L 2
2017,NYK,2017-01-11,7:00p,@,Philadelphia 76ers,L,,97,98,17,22,L 3
2017,NYK,2017-01-12,8:00p,,Chicago Bulls,W,,104,89,18,22,W 1
2017,NYK,2017-01-15,3:00p,@,Toronto Raptors,L,,101,116,18,23,L 1
2017,NYK,2017-01-16,1:00p,,Atlanta Hawks,L,,107,108,18,24,L 2
2017,NYK,2017-01-18,7:30p,@,Boston Celtics,W,,117,106,19,24,W 1
2017,NYK,2017-01-19,8:00p,,Washington Wizards,L,,110,113,19,25,L 1
2017,NYK,2017-01-21,7:30p,,Phoenix Suns,L,,105,107,19,26,L 2
2017,NYK,2017-01-23,8:00p,@,Indiana Pacers,W,,109,103,20,26,W 1
2017,NYK,2017-01-25,8:30p,@,Dallas Mavericks,L,,95,103,20,27,L 1
2017,NYK,2017-01-27,7:30p,,Charlotte Hornets,W,,110,107,21,27,W 1
2017,NYK,2017-01-29,3:00p,@,Atlanta Hawks,L,4OT,139,142,21,28,L 1
2017,NYK,2017-01-31,7:00p,@,Washington Wizards,L,,101,117,21,29,L 2
2017,NYK,2017-02-01,7:30p,@,Brooklyn Nets,W,,95,90,22,29,W 1
2017,NYK,2017-02-04,8:30p,,Cleveland Cavaliers,L,,104,111,22,30,L 1
2017,NYK,2017-02-06,7:00p,,Los Angeles Lakers,L,,107,121,22,31,L 2
2017,NYK,2017-02-08,8:00p,,Los Angeles Clippers,L,,115,119,22,32,L 3
2017,NYK,2017-02-10,7:30p,,Denver Nuggets,L,,123,131,22,33,L 4
2017,NYK,2017-02-12,3:30p,,San Antonio Spurs,W,,94,90,23,33,W 1
2017,NYK,2017-02-15,9:30p,@,Oklahoma City Thunder,L,,105,116,23,34,L 1
2017,NYK,2017-02-23,8:00p,@,Cleveland Cavaliers,L,,104,119,23,35,L 2
2017,NYK,2017-02-25,7:30p,,Philadelphia 76ers,W,,110,109,24,35,W 1
2017,NYK,2017-02-27,7:00p,,Toronto Raptors,L,,91,92,24,36,L 1
2017,NYK,2017-03-01,7:00p,@,Orlando Magic,W,,101,90,25,36,W 1
2017,NYK,2017-03-03,7:00p,@,Philadelphia 76ers,L,,102,105,25,37,L 1
2017,NYK,2017-03-05,3:30p,,Golden State Warriors,L,,105,112,25,38,L 2
2017,NYK,2017-03-06,7:00p,@,Orlando Magic,W,,113,105,26,38,W 1
2017,NYK,2017-03-08,8:00p,@,Milwaukee Bucks,L,,93,104,26,39,L 1
2017,NYK,2017-03-11,5:00p,@,Detroit Pistons,L,,92,112,26,40,L 2
2017,NYK,2017-03-12,6:00p,@,Brooklyn Nets,L,,112,120,26,41,L 3
2017,NYK,2017-03-14,7:30p,,Indiana Pacers,W,,87,81,27,41,W 1
2017,NYK,2017-03-16,7:30p,,Brooklyn Nets,L,,110,121,27,42,L 1
2017,NYK,2017-03-20,10:30p,@,Los Angeles Clippers,L,,105,114,27,43,L 2
2017,NYK,2017-03-22,10:30p,@,Utah Jazz,L,,101,108,27,44,L 3
2017,NYK,2017-03-23,10:00p,@,Portland Trail Blazers,L,,95,110,27,45,L 4
2017,NYK,2017-03-25,8:30p,@,San Antonio Spurs,L,,98,106,27,46,L 5
2017,NYK,2017-03-27,7:30p,,Detroit Pistons,W,,109,95,28,46,W 1
2017,NYK,2017-03-29,7:30p,,Miami Heat,L,,88,105,28,47,L 1
2017,NYK,2017-03-31,8:00p,@,Miami Heat,W,,98,94,29,47,W 1
2017,NYK,2017-04-02,1:00p,,Boston Celtics,L,,94,110,29,48,L 1
2017,NYK,2017-04-04,8:00p,,Chicago Bulls,W,,100,91,30,48,W 1
2017,NYK,2017-04-06,7:30p,,Washington Wizards,L,,103,106,30,49,L 1
2017,NYK,2017-04-07,8:00p,@,Memphis Grizzlies,L,,88,101,30,50,L 2
2017,NYK,2017-04-09,12:00p,,Toronto Raptors,L,,97,110,30,51,L 3
2017,NYK,2017-04-12,8:00p,,Philadelphia 76ers,W,,114,113,31,51,W 1
2017,OKC,2016-10-26,8:00p,@,Philadelphia 76ers,W,,103,97,1,0,W 1
2017,OKC,2016-10-28,8:00p,,Phoenix Suns,W,OT,113,110,2,0,W 2
2017,OKC,2016-10-30,7:00p,,Los Angeles Lakers,W,,113,96,3,0,W 3
2017,OKC,2016-11-02,10:30p,@,Los Angeles Clippers,W,,85,83,4,0,W 4
2017,OKC,2016-11-03,10:30p,@,Golden State Warriors,L,,96,122,4,1,L 1
2017,OKC,2016-11-05,6:00p,,Minnesota Timberwolves,W,,112,92,5,1,W 1
2017,OKC,2016-11-07,8:00p,,Miami Heat,W,,97,85,6,1,W 2
2017,OKC,2016-11-09,8:00p,,Toronto Raptors,L,,102,112,6,2,L 1
2017,OKC,2016-11-11,8:00p,,Los Angeles Clippers,L,,108,110,6,3,L 2
2017,OKC,2016-11-13,7:00p,,Orlando Magic,L,,117,119,6,4,L 3
2017,OKC,2016-11-14,7:30p,@,Detroit Pistons,L,,88,104,6,5,L 4
2017,OKC,2016-11-16,8:00p,,Houston Rockets,W,,105,103,7,5,W 1
2017,OKC,2016-11-18,8:00p,,Brooklyn Nets,W,,124,105,8,5,W 2
2017,OKC,2016-11-20,7:00p,,Indiana Pacers,L,OT,111,115,8,6,L 1
2017,OKC,2016-11-22,10:30p,@,Los Angeles Lakers,L,,109,111,8,7,L 2
2017,OKC,2016-11-23,10:30p,@,Sacramento Kings,L,,101,116,8,8,L 3
2017,OKC,2016-11-25,9:00p,@,Denver Nuggets,W,OT,132,129,9,8,W 1
2017,OKC,2016-11-26,8:00p,,Detroit Pistons,W,,106,88,10,8,W 2
2017,OKC,2016-11-28,7:30p,@,New York Knicks,W,,112,103,11,8,W 3
2017,OKC,2016-11-30,8:00p,,Washington Wizards,W,OT,126,115,12,8,W 4
2017,OKC,2016-12-04,7:00p,,New Orleans Pelicans,W,,101,92,13,8,W 5
2017,OKC,2016-12-05,7:30p,@,Atlanta Hawks,W,,102,99,14,8,W 6
2017,OKC,2016-12-09,8:00p,,Houston Rockets,L,,99,102,14,9,L 1
2017,OKC,2016-12-11,7:00p,,Boston Celtics,W,,99,96,15,9,W 1
2017,OKC,2016-12-13,10:30p,@,Portland Trail Blazers,L,,95,114,15,10,L 1
2017,OKC,2016-12-14,9:00p,@,Utah Jazz,L,,89,109,15,11,L 2
2017,OKC,2016-12-17,5:00p,,Phoenix Suns,W,,114,101,16,11,W 1
2017,OKC,2016-12-19,8:00p,,Atlanta Hawks,L,,108,110,16,12,L 1
2017,OKC,2016-12-21,8:00p,@,New Orleans Pelicans,W,,121,110,17,12,W 1
2017,OKC,2016-12-23,7:30p,@,Boston Celtics,W,,117,112,18,12,W 2
2017,OKC,2016-12-25,8:00p,,Minnesota Timberwolves,W,,112,100,19,12,W 3
2017,OKC,2016-12-27,7:30p,@,Miami Heat,W,,106,94,20,12,W 4
2017,OKC,2016-12-29,8:00p,@,Memphis Grizzlies,L,,80,114,20,13,L 1
2017,OKC,2016-12-31,8:00p,,Los Angeles Clippers,W,,114,88,21,13,W 1
2017,OKC,2017-01-02,7:00p,@,Milwaukee Bucks,L,,94,98,21,14,L 1
2017,OKC,2017-01-04,7:00p,@,Charlotte Hornets,L,,112,123,21,15,L 2
2017,OKC,2017-01-05,8:00p,@,Houston Rockets,L,,116,118,21,16,L 3
2017,OKC,2017-01-07,8:00p,,Denver Nuggets,W,,121,106,22,16,W 1
2017,OKC,2017-01-09,8:00p,@,Chicago Bulls,W,,109,94,23,16,W 2
2017,OKC,2017-01-11,8:00p,,Memphis Grizzlies,W,,103,95,24,16,W 3
2017,OKC,2017-01-13,8:00p,@,Minnesota Timberwolves,L,,86,96,24,17,L 1
2017,OKC,2017-01-15,9:00p,@,Sacramento Kings,W,,122,118,25,17,W 1
2017,OKC,2017-01-16,10:30p,@,Los Angeles Clippers,L,,98,120,25,18,L 1
2017,OKC,2017-01-18,10:30p,@,Golden State Warriors,L,,100,121,25,19,L 2
2017,OKC,2017-01-23,9:00p,@,Utah Jazz,W,,97,95,26,19,W 1
2017,OKC,2017-01-25,8:00p,@,New Orleans Pelicans,W,,114,105,27,19,W 2
2017,OKC,2017-01-26,8:00p,,Dallas Mavericks,W,,109,98,28,19,W 3
2017,OKC,2017-01-29,3:30p,@,Cleveland Cavaliers,L,,91,107,28,20,L 1
2017,OKC,2017-01-31,8:30p,@,San Antonio Spurs,L,,94,108,28,21,L 2
2017,OKC,2017-02-01,9:30p,,Chicago Bulls,L,,100,128,28,22,L 3
2017,OKC,2017-02-03,8:00p,,Memphis Grizzlies,W,,114,102,29,22,W 1
2017,OKC,2017-02-05,3:00p,,Portland Trail Blazers,W,,105,99,30,22,W 2
2017,OKC,2017-02-06,7:00p,@,Indiana Pacers,L,,90,93,30,23,L 1
2017,OKC,2017-02-09,8:00p,,Cleveland Cavaliers,W,,118,109,31,23,W 1
2017,OKC,2017-02-11,8:30p,,Golden State Warriors,L,,114,130,31,24,L 1
2017,OKC,2017-02-13,8:00p,@,Washington Wizards,L,,98,120,31,25,L 2
2017,OKC,2017-02-15,9:30p,,New York Knicks,W,,116,105,32,25,W 1
2017,OKC,2017-02-24,8:00p,,Los Angeles Lakers,W,,110,93,33,25,W 2
2017,OKC,2017-02-26,7:00p,,New Orleans Pelicans,W,,118,110,34,25,W 3
2017,OKC,2017-02-28,8:00p,,Utah Jazz,W,,109,106,35,25,W 4
2017,OKC,2017-03-02,10:30p,@,Portland Trail Blazers,L,,109,114,35,26,L 1
2017,OKC,2017-03-03,9:00p,@,Phoenix Suns,L,,111,118,35,27,L 2
2017,OKC,2017-03-05,8:30p,@,Dallas Mavericks,L,,89,104,35,28,L 3
2017,OKC,2017-03-07,8:00p,,Portland Trail Blazers,L,,121,126,35,29,L 4
2017,OKC,2017-03-09,8:00p,,San Antonio Spurs,W,,102,92,36,29,W 1
2017,OKC,2017-03-11,3:00p,,Utah Jazz,W,,112,104,37,29,W 2
2017,OKC,2017-03-14,7:30p,@,Brooklyn Nets,W,,122,104,38,29,W 3
2017,OKC,2017-03-16,7:00p,@,Toronto Raptors,W,,123,102,39,29,W 4
2017,OKC,2017-03-18,3:00p,,Sacramento Kings,W,,110,94,40,29,W 5
2017,OKC,2017-03-20,8:00p,,Golden State Warriors,L,,95,111,40,30,L 1
2017,OKC,2017-03-22,8:00p,,Philadelphia 76ers,W,,122,97,41,30,W 1
2017,OKC,2017-03-26,3:30p,@,Houston Rockets,L,,125,137,41,31,L 1
2017,OKC,2017-03-27,8:30p,@,Dallas Mavericks,W,,92,91,42,31,W 1
2017,OKC,2017-03-29,7:00p,@,Orlando Magic,W,OT,114,106,43,31,W 2
2017,OKC,2017-03-31,8:00p,,San Antonio Spurs,L,,95,100,43,32,L 1
2017,OKC,2017-04-02,3:00p,,Charlotte Hornets,L,,101,113,43,33,L 2
2017,OKC,2017-04-04,8:00p,,Milwaukee Bucks,W,,110,79,44,33,W 1
2017,OKC,2017-04-05,8:00p,@,Memphis Grizzlies,W,,103,100,45,33,W 2
2017,OKC,2017-04-07,10:00p,@,Phoenix Suns,L,,99,120,45,34,L 1
2017,OKC,2017-04-09,5:00p,@,Denver Nuggets,W,,106,105,46,34,W 1
2017,OKC,2017-04-11,8:00p,@,Minnesota Timberwolves,W,,100,98,47,34,W 2
2017,OKC,2017-04-12,8:00p,,Denver Nuggets,L,,105,111,47,35,L 1
2017,OKC,2017-04-16,9:00p,@,Houston Rockets,L,,87,118,0,1,L 1
2017,OKC,2017-04-19,8:00p,@,Houston Rockets,L,,111,115,0,2,L 2
2017,OKC,2017-04-21,9:30p,,Houston Rockets,W,,115,113,1,2,W 1
2017,OKC,2017-04-23,3:30p,,Houston Rockets,L,,109,113,1,3,L 1
2017,OKC,2017-04-25,8:00p,@,Houston Rockets,L,,99,105,1,4,L 2
2017,ORL,2016-10-26,7:00p,,Miami Heat,L,,96,108,0,1,L 1
2017,ORL,2016-10-28,7:30p,@,Detroit Pistons,L,,82,108,0,2,L 2
2017,ORL,2016-10-29,7:30p,@,Cleveland Cavaliers,L,,99,105,0,3,L 3
2017,ORL,2016-11-01,7:00p,@,Philadelphia 76ers,W,,103,101,1,3,W 1
2017,ORL,2016-11-03,7:00p,,Sacramento Kings,W,,102,94,2,3,W 2
2017,ORL,2016-11-05,7:00p,,Washington Wizards,W,,88,86,3,3,W 3
2017,ORL,2016-11-07,8:00p,@,Chicago Bulls,L,,80,112,3,4,L 1
2017,ORL,2016-11-09,7:00p,,Minnesota Timberwolves,L,,107,123,3,5,L 2
2017,ORL,2016-11-11,7:00p,,Utah Jazz,L,,74,87,3,6,L 3
2017,ORL,2016-11-13,7:00p,@,Oklahoma City Thunder,W,,119,117,4,6,W 1
2017,ORL,2016-11-14,7:00p,@,Indiana Pacers,L,,69,88,4,7,L 1
2017,ORL,2016-11-16,7:00p,,New Orleans Pelicans,W,,89,82,5,7,W 1
2017,ORL,2016-11-19,7:00p,,Dallas Mavericks,W,,95,87,6,7,W 2
2017,ORL,2016-11-21,8:00p,@,Milwaukee Bucks,L,,89,93,6,8,L 1
2017,ORL,2016-11-23,7:00p,,Phoenix Suns,L,,87,92,6,9,L 2
2017,ORL,2016-11-25,7:00p,,Washington Wizards,L,,91,94,6,10,L 3
2017,ORL,2016-11-27,6:00p,,Milwaukee Bucks,L,,96,104,6,11,L 4
2017,ORL,2016-11-29,8:30p,@,San Antonio Spurs,W,,95,83,7,11,W 1
2017,ORL,2016-12-01,8:00p,@,Memphis Grizzlies,L,,94,95,7,12,L 1
2017,ORL,2016-12-02,7:00p,@,Philadelphia 76ers,W,,105,88,8,12,W 1
2017,ORL,2016-12-04,6:00p,@,Detroit Pistons,W,,98,92,9,12,W 2
2017,ORL,2016-12-06,7:00p,@,Washington Wizards,W,,124,116,10,12,W 3
2017,ORL,2016-12-07,7:00p,,Boston Celtics,L,,87,117,10,13,L 1
2017,ORL,2016-12-09,7:00p,@,Charlotte Hornets,L,,88,109,10,14,L 2
2017,ORL,2016-12-10,7:00p,,Denver Nuggets,L,,113,121,10,15,L 3
2017,ORL,2016-12-13,7:30p,@,Atlanta Hawks,W,,131,120,11,15,W 1
2017,ORL,2016-12-14,7:00p,,Los Angeles Clippers,L,,108,113,11,16,L 1
2017,ORL,2016-12-16,7:00p,,Brooklyn Nets,W,,118,111,12,16,W 1
2017,ORL,2016-12-18,6:00p,,Toronto Raptors,L,,79,109,12,17,L 1
2017,ORL,2016-12-20,7:30p,@,Miami Heat,W,2OT,136,130,13,17,W 1
2017,ORL,2016-12-22,7:30p,@,New York Knicks,L,,95,106,13,18,L 1
2017,ORL,2016-12-23,7:00p,,Los Angeles Lakers,W,,109,90,14,18,W 1
2017,ORL,2016-12-26,7:00p,,Memphis Grizzlies,W,,112,102,15,18,W 2
2017,ORL,2016-12-28,7:00p,,Charlotte Hornets,L,,101,120,15,19,L 1
2017,ORL,2017-01-01,6:00p,@,Indiana Pacers,L,,104,117,15,20,L 2
2017,ORL,2017-01-02,7:30p,@,New York Knicks,W,,115,103,16,20,W 1
2017,ORL,2017-01-04,7:00p,,Atlanta Hawks,L,,92,111,16,21,L 1
2017,ORL,2017-01-06,7:00p,,Houston Rockets,L,,93,100,16,22,L 2
2017,ORL,2017-01-08,9:30p,@,Los Angeles Lakers,L,,95,111,16,23,L 3
2017,ORL,2017-01-11,10:30p,@,Los Angeles Clippers,L,,96,105,16,24,L 4
2017,ORL,2017-01-13,10:00p,@,Portland Trail Blazers,W,,115,109,17,24,W 1
2017,ORL,2017-01-14,9:00p,@,Utah Jazz,L,,107,114,17,25,L 1
2017,ORL,2017-01-16,5:00p,@,Denver Nuggets,L,,112,125,17,26,L 2
2017,ORL,2017-01-18,8:00p,@,New Orleans Pelicans,L,,98,118,17,27,L 3
2017,ORL,2017-01-20,7:00p,,Milwaukee Bucks,W,,112,96,18,27,W 1
2017,ORL,2017-01-22,12:00p,,Golden State Warriors,L,,98,118,18,28,L 1
2017,ORL,2017-01-24,7:00p,,Chicago Bulls,L,,92,100,18,29,L 2
2017,ORL,2017-01-27,7:30p,@,Boston Celtics,L,,98,128,18,30,L 3
2017,ORL,2017-01-29,6:00p,@,Toronto Raptors,W,,114,113,19,30,W 1
2017,ORL,2017-01-30,8:00p,@,Minnesota Timberwolves,L,OT,105,111,19,31,L 1
2017,ORL,2017-02-01,7:00p,,Indiana Pacers,L,,88,98,19,32,L 2
2017,ORL,2017-02-03,7:00p,,Toronto Raptors,W,,102,94,20,32,W 1
2017,ORL,2017-02-04,7:00p,@,Atlanta Hawks,L,,86,113,20,33,L 1
2017,ORL,2017-02-07,8:00p,@,Houston Rockets,L,,104,128,20,34,L 2
2017,ORL,2017-02-09,7:00p,,Philadelphia 76ers,L,,111,112,20,35,L 3
2017,ORL,2017-02-11,9:00p,@,Dallas Mavericks,L,,80,112,20,36,L 4
2017,ORL,2017-02-13,7:30p,@,Miami Heat,W,,116,107,21,36,W 1
2017,ORL,2017-02-15,7:00p,,San Antonio Spurs,L,,79,107,21,37,L 1
2017,ORL,2017-02-23,7:00p,,Portland Trail Blazers,L,,103,112,21,38,L 2
2017,ORL,2017-02-25,7:00p,,Atlanta Hawks,W,,105,86,22,38,W 1
2017,ORL,2017-03-01,7:00p,,New York Knicks,L,,90,101,22,39,L 1
2017,ORL,2017-03-03,7:00p,,Miami Heat,W,,110,99,23,39,W 1
2017,ORL,2017-03-05,5:00p,@,Washington Wizards,L,,114,115,23,40,L 1
2017,ORL,2017-03-06,7:00p,,New York Knicks,L,,105,113,23,41,L 2
2017,ORL,2017-03-08,7:00p,,Chicago Bulls,W,,98,91,24,41,W 1
2017,ORL,2017-03-10,7:00p,@,Charlotte Hornets,L,,81,121,24,42,L 1
2017,ORL,2017-03-11,7:00p,,Cleveland Cavaliers,L,,104,116,24,43,L 2
2017,ORL,2017-03-13,10:30p,@,Sacramento Kings,L,,115,120,24,44,L 3
2017,ORL,2017-03-16,10:30p,@,Golden State Warriors,L,,92,122,24,45,L 4
2017,ORL,2017-03-17,10:00p,@,Phoenix Suns,W,,109,103,25,45,W 1
2017,ORL,2017-03-20,7:00p,,Philadelphia 76ers,W,OT,112,109,26,45,W 2
2017,ORL,2017-03-22,7:00p,,Charlotte Hornets,L,,102,109,26,46,L 1
2017,ORL,2017-03-24,7:00p,,Detroit Pistons,W,,115,87,27,46,W 1
2017,ORL,2017-03-27,7:30p,@,Toronto Raptors,L,,112,131,27,47,L 1
2017,ORL,2017-03-29,7:00p,,Oklahoma City Thunder,L,OT,106,114,27,48,L 2
2017,ORL,2017-03-31,7:30p,@,Boston Celtics,L,,116,117,27,49,L 3
2017,ORL,2017-04-01,6:00p,@,Brooklyn Nets,L,,111,121,27,50,L 4
2017,ORL,2017-04-04,7:00p,@,Cleveland Cavaliers,L,,102,122,27,51,L 5
2017,ORL,2017-04-06,7:00p,,Brooklyn Nets,W,,115,107,28,51,W 1
2017,ORL,2017-04-08,6:00p,,Indiana Pacers,L,,112,127,28,52,L 1
2017,ORL,2017-04-10,8:00p,@,Chicago Bulls,L,,75,122,28,53,L 2
2017,ORL,2017-04-12,8:00p,,Detroit Pistons,W,,113,109,29,53,W 1
2017,PHI,2016-10-26,8:00p,,Oklahoma City Thunder,L,,97,103,0,1,L 1
2017,PHI,2016-10-29,12:30p,,Atlanta Hawks,L,,72,104,0,2,L 2
2017,PHI,2016-11-01,7:00p,,Orlando Magic,L,,101,103,0,3,L 3
2017,PHI,2016-11-02,7:00p,@,Charlotte Hornets,L,,93,109,0,4,L 4
2017,PHI,2016-11-05,7:00p,,Cleveland Cavaliers,L,,101,102,0,5,L 5
2017,PHI,2016-11-07,7:00p,,Utah Jazz,L,,84,109,0,6,L 6
2017,PHI,2016-11-09,7:00p,@,Indiana Pacers,L,OT,115,122,0,7,L 7
2017,PHI,2016-11-11,7:00p,,Indiana Pacers,W,OT,109,105,1,7,W 1
2017,PHI,2016-11-12,7:30p,@,Atlanta Hawks,L,,96,117,1,8,L 1
2017,PHI,2016-11-14,8:00p,@,Houston Rockets,L,,88,115,1,9,L 2
2017,PHI,2016-11-16,7:00p,,Washington Wizards,W,,109,102,2,9,W 1
2017,PHI,2016-11-17,8:00p,@,Minnesota Timberwolves,L,,86,110,2,10,L 1
2017,PHI,2016-11-19,7:30p,,Phoenix Suns,W,,120,105,3,10,W 1
2017,PHI,2016-11-21,7:00p,,Miami Heat,W,,101,94,4,10,W 2
2017,PHI,2016-11-23,7:00p,,Memphis Grizzlies,L,2OT,99,104,4,11,L 1
2017,PHI,2016-11-25,7:30p,,Chicago Bulls,L,,89,105,4,12,L 2
2017,PHI,2016-11-27,1:00p,,Cleveland Cavaliers,L,,108,112,4,13,L 3
2017,PHI,2016-11-28,7:30p,@,Toronto Raptors,L,,95,122,4,14,L 4
2017,PHI,2016-12-02,7:00p,,Orlando Magic,L,,88,105,4,15,L 5
2017,PHI,2016-12-03,7:30p,,Boston Celtics,L,,106,107,4,16,L 6
2017,PHI,2016-12-05,7:00p,,Denver Nuggets,L,,98,106,4,17,L 7
2017,PHI,2016-12-06,8:00p,@,Memphis Grizzlies,L,,91,96,4,18,L 8
2017,PHI,2016-12-08,8:00p,@,New Orleans Pelicans,W,,99,88,5,18,W 1
2017,PHI,2016-12-11,6:00p,@,Detroit Pistons,W,,97,79,6,18,W 2
2017,PHI,2016-12-14,7:00p,,Toronto Raptors,L,,114,123,6,19,L 1
2017,PHI,2016-12-16,8:00p,,Los Angeles Lakers,L,,89,100,6,20,L 2
2017,PHI,2016-12-18,6:00p,,Brooklyn Nets,W,,108,107,7,20,W 1
2017,PHI,2016-12-20,7:00p,,New Orleans Pelicans,L,,93,108,7,21,L 1
2017,PHI,2016-12-23,9:00p,@,Phoenix Suns,L,,116,123,7,22,L 2
2017,PHI,2016-12-26,10:30p,@,Sacramento Kings,L,,100,102,7,23,L 3
2017,PHI,2016-12-29,9:00p,@,Utah Jazz,L,,83,100,7,24,L 4
2017,PHI,2016-12-30,9:00p,@,Denver Nuggets,W,,124,122,8,24,W 1
2017,PHI,2017-01-03,7:00p,,Minnesota Timberwolves,W,,93,91,9,24,W 2
2017,PHI,2017-01-06,7:30p,@,Boston Celtics,L,,106,110,9,25,L 1
2017,PHI,2017-01-08,12:00p,@,Brooklyn Nets,W,,105,95,10,25,W 1
2017,PHI,2017-01-11,7:00p,,New York Knicks,W,,98,97,11,25,W 2
2017,PHI,2017-01-13,7:00p,,Charlotte Hornets,W,,102,93,12,25,W 3
2017,PHI,2017-01-14,8:00p,@,Washington Wizards,L,,93,109,12,26,L 1
2017,PHI,2017-01-16,3:30p,@,Milwaukee Bucks,W,,113,104,13,26,W 1
2017,PHI,2017-01-18,7:00p,,Toronto Raptors,W,,94,89,14,26,W 2
2017,PHI,2017-01-20,7:00p,,Portland Trail Blazers,W,,93,92,15,26,W 3
2017,PHI,2017-01-21,7:00p,@,Atlanta Hawks,L,,93,110,15,27,L 1
2017,PHI,2017-01-24,7:00p,,Los Angeles Clippers,W,,121,110,16,27,W 1
2017,PHI,2017-01-25,8:00p,@,Milwaukee Bucks,W,,114,109,17,27,W 2
2017,PHI,2017-01-27,8:00p,,Houston Rockets,L,,118,123,17,28,L 1
2017,PHI,2017-01-29,7:00p,@,Chicago Bulls,L,,108,121,17,29,L 2
2017,PHI,2017-01-30,6:00p,,Sacramento Kings,W,,122,119,18,29,W 1
2017,PHI,2017-02-01,8:30p,@,Dallas Mavericks,L,,95,113,18,30,L 1
2017,PHI,2017-02-02,8:30p,@,San Antonio Spurs,L,,86,102,18,31,L 2
2017,PHI,2017-02-04,7:30p,@,Miami Heat,L,,102,125,18,32,L 3
2017,PHI,2017-02-06,7:30p,@,Detroit Pistons,L,,96,113,18,33,L 4
2017,PHI,2017-02-08,7:00p,,San Antonio Spurs,L,,103,111,18,34,L 5
2017,PHI,2017-02-09,7:00p,@,Orlando Magic,W,,112,111,19,34,W 1
2017,PHI,2017-02-11,7:30p,,Miami Heat,W,,117,109,20,34,W 2
2017,PHI,2017-02-13,7:00p,@,Charlotte Hornets,W,,105,99,21,34,W 3
2017,PHI,2017-02-15,7:30p,@,Boston Celtics,L,,108,116,21,35,L 1
2017,PHI,2017-02-24,7:00p,,Washington Wizards,W,,120,112,22,35,W 1
2017,PHI,2017-02-25,7:30p,@,New York Knicks,L,,109,110,22,36,L 1
2017,PHI,2017-02-27,7:00p,,Golden State Warriors,L,,108,119,22,37,L 2
2017,PHI,2017-03-01,7:30p,@,Miami Heat,L,,98,125,22,38,L 3
2017,PHI,2017-03-03,7:00p,,New York Knicks,W,,105,102,23,38,W 1
2017,PHI,2017-03-04,6:00p,,Detroit Pistons,L,,106,136,23,39,L 1
2017,PHI,2017-03-06,7:00p,,Milwaukee Bucks,L,,98,112,23,40,L 2
2017,PHI,2017-03-09,10:00p,@,Portland Trail Blazers,L,OT,108,114,23,41,L 3
2017,PHI,2017-03-11,3:30p,@,Los Angeles Clippers,L,,100,112,23,42,L 4
2017,PHI,2017-03-12,9:30p,@,Los Angeles Lakers,W,,118,116,24,42,W 1
2017,PHI,2017-03-14,10:30p,@,Golden State Warriors,L,,104,106,24,43,L 1
2017,PHI,2017-03-17,7:00p,,Dallas Mavericks,W,,116,74,25,43,W 1
2017,PHI,2017-03-19,1:00p,,Boston Celtics,W,,105,99,26,43,W 2
2017,PHI,2017-03-20,7:00p,@,Orlando Magic,L,OT,109,112,26,44,L 1
2017,PHI,2017-03-22,8:00p,@,Oklahoma City Thunder,L,,97,122,26,45,L 2
2017,PHI,2017-03-24,8:00p,@,Chicago Bulls,W,,117,107,27,45,W 1
2017,PHI,2017-03-26,6:00p,@,Indiana Pacers,L,,94,107,27,46,L 1
2017,PHI,2017-03-28,7:30p,@,Brooklyn Nets,W,,106,101,28,46,W 1
2017,PHI,2017-03-29,7:00p,,Atlanta Hawks,L,,92,99,28,47,L 1
2017,PHI,2017-03-31,7:30p,@,Cleveland Cavaliers,L,,105,122,28,48,L 2
2017,PHI,2017-04-02,6:00p,@,Toronto Raptors,L,,105,113,28,49,L 3
2017,PHI,2017-04-04,7:00p,,Brooklyn Nets,L,,118,141,28,50,L 4
2017,PHI,2017-04-06,7:00p,,Chicago Bulls,L,,90,102,28,51,L 5
2017,PHI,2017-04-08,7:00p,,Milwaukee Bucks,L,,82,90,28,52,L 6
2017,PHI,2017-04-10,7:00p,,Indiana Pacers,L,,111,120,28,53,L 7
2017,PHI,2017-04-12,8:00p,@,New York Knicks,L,,113,114,28,54,L 8
2017,PHO,2016-10-26,10:00p,,Sacramento Kings,L,,94,113,0,1,L 1
2017,PHO,2016-10-28,8:00p,@,Oklahoma City Thunder,L,OT,110,113,0,2,L 2
2017,PHO,2016-10-30,6:00p,,Golden State Warriors,L,,100,106,0,3,L 3
2017,PHO,2016-10-31,10:30p,@,Los Angeles Clippers,L,,98,116,0,4,L 4
2017,PHO,2016-11-02,10:00p,,Portland Trail Blazers,W,OT,118,115,1,4,W 1
2017,PHO,2016-11-04,8:00p,@,New Orleans Pelicans,W,OT,112,111,2,4,W 2
2017,PHO,2016-11-06,9:30p,@,Los Angeles Lakers,L,,108,119,2,5,L 1
2017,PHO,2016-11-08,10:00p,@,Portland Trail Blazers,L,,121,124,2,6,L 2
2017,PHO,2016-11-09,9:00p,,Detroit Pistons,W,,107,100,3,6,W 1
2017,PHO,2016-11-12,9:00p,,Brooklyn Nets,L,,104,122,3,7,L 1
2017,PHO,2016-11-13,8:00p,@,Golden State Warriors,L,,120,133,3,8,L 2
2017,PHO,2016-11-16,9:00p,@,Denver Nuggets,L,,104,120,3,9,L 3
2017,PHO,2016-11-18,7:00p,@,Indiana Pacers,W,,116,96,4,9,W 1
2017,PHO,2016-11-19,7:30p,@,Philadelphia 76ers,L,,105,120,4,10,L 1
2017,PHO,2016-11-21,7:00p,@,Washington Wizards,L,,101,106,4,11,L 2
2017,PHO,2016-11-23,7:00p,@,Orlando Magic,W,,92,87,5,11,W 1
2017,PHO,2016-11-25,9:00p,,Minnesota Timberwolves,L,,85,98,5,12,L 1
2017,PHO,2016-11-27,3:30p,,Denver Nuggets,L,,114,120,5,13,L 2
2017,PHO,2016-11-30,9:00p,,Atlanta Hawks,W,,109,107,6,13,W 1
2017,PHO,2016-12-03,10:30p,@,Golden State Warriors,L,,109,138,6,14,L 1
2017,PHO,2016-12-06,9:00p,@,Utah Jazz,L,,105,112,6,15,L 2
2017,PHO,2016-12-07,9:00p,,Indiana Pacers,L,,94,109,6,16,L 3
2017,PHO,2016-12-09,10:30p,@,Los Angeles Lakers,W,,119,115,7,16,W 1
2017,PHO,2016-12-11,8:30p,,New Orleans Pelicans,L,OT,119,120,7,17,L 1
2017,PHO,2016-12-13,9:00p,,New York Knicks,W,OT,113,111,8,17,W 1
2017,PHO,2016-12-15,9:00p,,San Antonio Spurs,L,,92,107,8,18,L 1
2017,PHO,2016-12-17,5:00p,@,Oklahoma City Thunder,L,,101,114,8,19,L 2
2017,PHO,2016-12-19,8:00p,@,Minnesota Timberwolves,L,,108,115,8,20,L 3
2017,PHO,2016-12-21,9:00p,,Houston Rockets,L,,111,125,8,21,L 4
2017,PHO,2016-12-23,9:00p,,Philadelphia 76ers,W,,123,116,9,21,W 1
2017,PHO,2016-12-26,8:00p,@,Houston Rockets,L,,115,131,9,22,L 1
2017,PHO,2016-12-28,8:30p,@,San Antonio Spurs,L,,98,119,9,23,L 2
2017,PHO,2016-12-29,9:00p,,Toronto Raptors,W,,99,91,10,23,W 1
2017,PHO,2016-12-31,8:00p,@,Utah Jazz,L,,86,91,10,24,L 1
2017,PHO,2017-01-02,10:30p,@,Los Angeles Clippers,L,,98,109,10,25,L 2
2017,PHO,2017-01-03,9:00p,,Miami Heat,W,,99,90,11,25,W 1
2017,PHO,2017-01-05,8:30p,@,Dallas Mavericks,W,,102,95,12,25,W 2
2017,PHO,2017-01-08,8:30p,,Cleveland Cavaliers,L,,116,120,12,26,L 1
2017,PHO,2017-01-12,10:00p,,Dallas Mavericks,L,,108,113,12,27,L 2
2017,PHO,2017-01-14,6:00p,,San Antonio Spurs,W,,108,105,13,27,W 1
2017,PHO,2017-01-16,9:00p,,Utah Jazz,L,,101,106,13,28,L 1
2017,PHO,2017-01-19,7:00p,@,Cleveland Cavaliers,L,,103,118,13,29,L 2
2017,PHO,2017-01-21,7:30p,@,New York Knicks,W,,107,105,14,29,W 1
2017,PHO,2017-01-22,6:00p,@,Toronto Raptors,W,,115,103,15,29,W 2
2017,PHO,2017-01-24,9:00p,,Minnesota Timberwolves,L,,111,112,15,30,L 1
2017,PHO,2017-01-26,9:00p,@,Denver Nuggets,L,,120,127,15,31,L 2
2017,PHO,2017-01-28,9:00p,,Denver Nuggets,L,,112,123,15,32,L 3
2017,PHO,2017-01-30,10:30p,,Memphis Grizzlies,L,,96,115,15,33,L 4
2017,PHO,2017-02-01,9:00p,,Los Angeles Clippers,L,,114,124,15,34,L 5
2017,PHO,2017-02-03,10:30p,@,Sacramento Kings,W,,105,103,16,34,W 1
2017,PHO,2017-02-04,9:00p,,Milwaukee Bucks,L,,112,137,16,35,L 1
2017,PHO,2017-02-06,8:00p,@,New Orleans Pelicans,L,,106,111,16,36,L 2
2017,PHO,2017-02-08,8:00p,@,Memphis Grizzlies,L,,91,110,16,37,L 3
2017,PHO,2017-02-10,10:30p,,Chicago Bulls,W,,115,97,17,37,W 1
2017,PHO,2017-02-11,9:00p,@,Houston Rockets,L,,102,133,17,38,L 1
2017,PHO,2017-02-13,9:00p,,New Orleans Pelicans,L,,108,110,17,39,L 2
2017,PHO,2017-02-15,9:00p,,Los Angeles Lakers,W,,137,101,18,39,W 1
2017,PHO,2017-02-24,8:00p,@,Chicago Bulls,L,OT,121,128,18,40,L 1
2017,PHO,2017-02-26,3:30p,@,Milwaukee Bucks,L,,96,100,18,41,L 2
2017,PHO,2017-02-28,8:00p,@,Memphis Grizzlies,L,,112,130,18,42,L 3
2017,PHO,2017-03-02,9:00p,,Charlotte Hornets,W,,120,103,19,42,W 1
2017,PHO,2017-03-03,9:00p,,Oklahoma City Thunder,W,,118,111,20,42,W 2
2017,PHO,2017-03-05,5:00p,,Boston Celtics,W,,109,106,21,42,W 3
2017,PHO,2017-03-07,9:00p,,Washington Wizards,L,,127,131,21,43,L 1
2017,PHO,2017-03-09,10:30p,,Los Angeles Lakers,L,,110,122,21,44,L 2
2017,PHO,2017-03-11,9:00p,@,Dallas Mavericks,W,,100,98,22,44,W 1
2017,PHO,2017-03-12,9:00p,,Portland Trail Blazers,L,,101,110,22,45,L 1
2017,PHO,2017-03-15,10:00p,,Sacramento Kings,L,,101,107,22,46,L 2
2017,PHO,2017-03-17,10:00p,,Orlando Magic,L,,103,109,22,47,L 3
2017,PHO,2017-03-19,4:30p,@,Detroit Pistons,L,,95,112,22,48,L 4
2017,PHO,2017-03-21,7:30p,@,Miami Heat,L,,97,112,22,49,L 5
2017,PHO,2017-03-23,7:30p,@,Brooklyn Nets,L,,98,126,22,50,L 6
2017,PHO,2017-03-24,7:30p,@,Boston Celtics,L,,120,130,22,51,L 7
2017,PHO,2017-03-26,1:00p,@,Charlotte Hornets,L,,106,120,22,52,L 8
2017,PHO,2017-03-28,7:30p,@,Atlanta Hawks,L,,91,95,22,53,L 9
2017,PHO,2017-03-30,10:00p,,Los Angeles Clippers,L,,118,124,22,54,L 10
2017,PHO,2017-04-01,10:00p,@,Portland Trail Blazers,L,,117,130,22,55,L 11
2017,PHO,2017-04-02,9:00p,,Houston Rockets,L,,116,123,22,56,L 12
2017,PHO,2017-04-05,10:00p,,Golden State Warriors,L,,111,120,22,57,L 13
2017,PHO,2017-04-07,10:00p,,Oklahoma City Thunder,W,,120,99,23,57,W 1
2017,PHO,2017-04-09,6:00p,,Dallas Mavericks,W,,124,111,24,57,W 2
2017,PHO,2017-04-11,10:30p,@,Sacramento Kings,L,,104,129,24,58,L 1
2017,POR,2016-10-25,10:00p,,Utah Jazz,W,,113,104,1,0,W 1
2017,POR,2016-10-27,10:30p,,Los Angeles Clippers,L,,106,114,1,1,L 1
2017,POR,2016-10-29,9:00p,@,Denver Nuggets,W,OT,115,113,2,1,W 1
2017,POR,2016-11-01,10:00p,,Golden State Warriors,L,,104,127,2,2,L 1
2017,POR,2016-11-02,10:00p,@,Phoenix Suns,L,OT,115,118,2,3,L 2
2017,POR,2016-11-04,8:30p,@,Dallas Mavericks,W,,105,95,3,3,W 1
2017,POR,2016-11-06,3:30p,@,Memphis Grizzlies,W,,100,94,4,3,W 2
2017,POR,2016-11-08,10:00p,,Phoenix Suns,W,,124,121,5,3,W 3
2017,POR,2016-11-09,10:30p,@,Los Angeles Clippers,L,,80,111,5,4,L 1
2017,POR,2016-11-11,10:00p,,Sacramento Kings,W,OT,122,120,6,4,W 1
2017,POR,2016-11-13,9:00p,,Denver Nuggets,W,,112,105,7,4,W 2
2017,POR,2016-11-15,10:00p,,Chicago Bulls,L,,88,113,7,5,L 1
2017,POR,2016-11-17,8:00p,@,Houston Rockets,L,,109,126,7,6,L 2
2017,POR,2016-11-18,8:00p,@,New Orleans Pelicans,L,,101,113,7,7,L 3
2017,POR,2016-11-20,3:30p,@,Brooklyn Nets,W,,129,109,8,7,W 1
2017,POR,2016-11-22,7:30p,@,New York Knicks,L,,103,107,8,8,L 1
2017,POR,2016-11-23,7:00p,@,Cleveland Cavaliers,L,,125,137,8,9,L 2
2017,POR,2016-11-25,10:00p,,New Orleans Pelicans,W,,119,104,9,9,W 1
2017,POR,2016-11-27,9:00p,,Houston Rockets,L,,114,130,9,10,L 1
2017,POR,2016-11-30,10:00p,,Indiana Pacers,W,,131,109,10,10,W 1
2017,POR,2016-12-03,10:00p,,Miami Heat,W,,99,92,11,10,W 2
2017,POR,2016-12-05,8:00p,@,Chicago Bulls,W,,112,110,12,10,W 3
2017,POR,2016-12-07,8:00p,@,Milwaukee Bucks,L,,107,115,12,11,L 1
2017,POR,2016-12-08,8:00p,@,Memphis Grizzlies,L,,86,88,12,12,L 2
2017,POR,2016-12-10,7:00p,@,Indiana Pacers,L,,111,118,12,13,L 3
2017,POR,2016-12-12,10:30p,@,Los Angeles Clippers,L,,120,121,12,14,L 4
2017,POR,2016-12-13,10:30p,,Oklahoma City Thunder,W,,114,95,13,14,W 1
2017,POR,2016-12-15,9:00p,@,Denver Nuggets,L,,120,132,13,15,L 1
2017,POR,2016-12-17,10:30p,@,Golden State Warriors,L,,90,135,13,16,L 2
2017,POR,2016-12-20,10:30p,@,Sacramento Kings,L,,121,126,13,17,L 3
2017,POR,2016-12-21,10:00p,,Dallas Mavericks,L,,95,96,13,18,L 4
2017,POR,2016-12-23,10:00p,,San Antonio Spurs,L,,90,110,13,19,L 5
2017,POR,2016-12-26,10:00p,,Toronto Raptors,L,,91,95,13,20,L 6
2017,POR,2016-12-28,10:00p,,Sacramento Kings,W,,102,89,14,20,W 1
2017,POR,2016-12-30,8:30p,@,San Antonio Spurs,L,,94,110,14,21,L 1
2017,POR,2017-01-01,7:00p,@,Minnesota Timberwolves,W,,95,89,15,21,W 1
2017,POR,2017-01-04,10:30p,@,Golden State Warriors,L,,117,125,15,22,L 1
2017,POR,2017-01-05,10:30p,,Los Angeles Lakers,W,,118,109,16,22,W 1
2017,POR,2017-01-08,9:00p,,Detroit Pistons,L,2OT,124,125,16,23,L 1
2017,POR,2017-01-10,10:30p,@,Los Angeles Lakers,W,,108,87,17,23,W 1
2017,POR,2017-01-11,10:30p,,Cleveland Cavaliers,W,,102,86,18,23,W 2
2017,POR,2017-01-13,10:00p,,Orlando Magic,L,,109,115,18,24,L 1
2017,POR,2017-01-16,2:00p,@,Washington Wizards,L,,101,120,18,25,L 2
2017,POR,2017-01-18,7:00p,@,Charlotte Hornets,L,,85,107,18,26,L 3
2017,POR,2017-01-20,7:00p,@,Philadelphia 76ers,L,,92,93,18,27,L 4
2017,POR,2017-01-21,5:00p,@,Boston Celtics,W,OT,127,123,19,27,W 1
2017,POR,2017-01-25,10:30p,,Los Angeles Lakers,W,,105,98,20,27,W 2
2017,POR,2017-01-27,10:00p,,Memphis Grizzlies,W,,112,109,21,27,W 3
2017,POR,2017-01-29,9:00p,,Golden State Warriors,L,,111,113,21,28,L 1
2017,POR,2017-01-31,10:00p,,Charlotte Hornets,W,,115,98,22,28,W 1
2017,POR,2017-02-03,10:30p,,Dallas Mavericks,L,,104,108,22,29,L 1
2017,POR,2017-02-05,3:00p,@,Oklahoma City Thunder,L,,99,105,22,30,L 2
2017,POR,2017-02-07,8:30p,@,Dallas Mavericks,W,,114,113,23,30,W 1
2017,POR,2017-02-09,10:30p,,Boston Celtics,L,,111,120,23,31,L 1
2017,POR,2017-02-13,10:30p,,Atlanta Hawks,L,OT,104,109,23,32,L 2
2017,POR,2017-02-15,9:00p,@,Utah Jazz,L,,88,111,23,33,L 3
2017,POR,2017-02-23,7:00p,@,Orlando Magic,W,,112,103,24,33,W 1
2017,POR,2017-02-26,6:00p,@,Toronto Raptors,L,,106,112,24,34,L 1
2017,POR,2017-02-28,7:30p,@,Detroit Pistons,L,OT,113,120,24,35,L 2
2017,POR,2017-03-02,10:30p,,Oklahoma City Thunder,W,,114,109,25,35,W 1
2017,POR,2017-03-04,10:00p,,Brooklyn Nets,W,,130,116,26,35,W 2
2017,POR,2017-03-07,8:00p,@,Oklahoma City Thunder,W,,126,121,27,35,W 3
2017,POR,2017-03-09,10:00p,,Philadelphia 76ers,W,OT,114,108,28,35,W 4
2017,POR,2017-03-11,10:00p,,Washington Wizards,L,OT,124,125,28,36,L 1
2017,POR,2017-03-12,9:00p,@,Phoenix Suns,W,,110,101,29,36,W 1
2017,POR,2017-03-14,8:00p,@,New Orleans Pelicans,L,,77,100,29,37,L 1
2017,POR,2017-03-15,8:00p,@,San Antonio Spurs,W,,110,106,30,37,W 1
2017,POR,2017-03-18,6:00p,@,Atlanta Hawks,W,,113,97,31,37,W 2
2017,POR,2017-03-19,6:00p,@,Miami Heat,W,,115,104,32,37,W 3
2017,POR,2017-03-21,10:00p,,Milwaukee Bucks,L,,90,93,32,38,L 1
2017,POR,2017-03-23,10:00p,,New York Knicks,W,,110,95,33,38,W 1
2017,POR,2017-03-25,10:00p,,Minnesota Timberwolves,W,,112,100,34,38,W 2
2017,POR,2017-03-26,9:30p,@,Los Angeles Lakers,W,,97,81,35,38,W 3
2017,POR,2017-03-28,10:00p,,Denver Nuggets,W,,122,113,36,38,W 4
2017,POR,2017-03-30,10:30p,,Houston Rockets,W,,117,107,37,38,W 5
2017,POR,2017-04-01,10:00p,,Phoenix Suns,W,,130,117,38,38,W 6
2017,POR,2017-04-03,7:00p,@,Minnesota Timberwolves,L,,109,110,38,39,L 1
2017,POR,2017-04-04,9:00p,@,Utah Jazz,L,,87,106,38,40,L 2
2017,POR,2017-04-06,10:30p,,Minnesota Timberwolves,W,,105,98,39,40,W 1
2017,POR,2017-04-08,10:00p,,Utah Jazz,W,,101,86,40,40,W 2
2017,POR,2017-04-10,10:00p,,San Antonio Spurs,W,,99,98,41,40,W 3
2017,POR,2017-04-12,10:30p,,New Orleans Pelicans,L,,100,103,41,41,L 1
2017,POR,2017-04-16,3:30p,@,Golden State Warriors,L,,109,121,0,1,L 1
2017,POR,2017-04-19,10:30p,@,Golden State Warriors,L,,81,110,0,2,L 2
2017,POR,2017-04-22,10:30p,,Golden State Warriors,L,,113,119,0,3,L 3
2017,POR,2017-04-24,10:30p,,Golden State Warriors,L,,103,128,0,4,L 4
2017,SAC,2016-10-26,10:00p,@,Phoenix Suns,W,,113,94,1,0,W 1
2017,SAC,2016-10-27,10:30p,,San Antonio Spurs,L,,94,102,1,1,L 1
2017,SAC,2016-10-29,10:30p,,Minnesota Timberwolves,W,,106,103,2,1,W 1
2017,SAC,2016-10-31,7:30p,@,Atlanta Hawks,L,,95,106,2,2,L 1
2017,SAC,2016-11-01,7:30p,@,Miami Heat,L,OT,96,108,2,3,L 2
2017,SAC,2016-11-03,7:00p,@,Orlando Magic,L,,94,102,2,4,L 3
2017,SAC,2016-11-05,8:00p,@,Milwaukee Bucks,L,,91,117,2,5,L 4
2017,SAC,2016-11-06,6:00p,@,Toronto Raptors,W,,96,91,3,5,W 1
2017,SAC,2016-11-08,10:30p,,New Orleans Pelicans,W,,102,94,4,5,W 2
2017,SAC,2016-11-10,10:30p,,Los Angeles Lakers,L,,91,101,4,6,L 1
2017,SAC,2016-11-11,10:00p,@,Portland Trail Blazers,L,OT,120,122,4,7,L 2
2017,SAC,2016-11-16,10:30p,,San Antonio Spurs,L,,105,110,4,8,L 3
2017,SAC,2016-11-18,10:30p,,Los Angeles Clippers,L,,115,121,4,9,L 4
2017,SAC,2016-11-20,9:00p,,Toronto Raptors,W,,102,99,5,9,W 1
2017,SAC,2016-11-23,10:30p,,Oklahoma City Thunder,W,,116,101,6,9,W 2
2017,SAC,2016-11-25,10:30p,,Houston Rockets,L,,104,117,6,10,L 1
2017,SAC,2016-11-27,6:00p,@,Brooklyn Nets,W,,122,105,7,10,W 1
2017,SAC,2016-11-28,7:00p,@,Washington Wizards,L,OT,95,101,7,11,L 1
2017,SAC,2016-12-02,7:30p,@,Boston Celtics,L,,92,97,7,12,L 2
2017,SAC,2016-12-04,7:30p,@,New York Knicks,L,,98,106,7,13,L 3
2017,SAC,2016-12-07,8:30p,@,Dallas Mavericks,W,,120,89,8,13,W 1
2017,SAC,2016-12-09,10:30p,,New York Knicks,L,,100,103,8,14,L 1
2017,SAC,2016-12-10,9:00p,@,Utah Jazz,L,,84,104,8,15,L 2
2017,SAC,2016-12-12,10:30p,,Los Angeles Lakers,W,,116,92,9,15,W 1
2017,SAC,2016-12-14,8:00p,@,Houston Rockets,L,,98,132,9,16,L 1
2017,SAC,2016-12-16,8:00p,@,Memphis Grizzlies,W,,96,92,10,16,W 1
2017,SAC,2016-12-18,4:00p,@,Dallas Mavericks,L,,79,99,10,17,L 1
2017,SAC,2016-12-20,10:30p,,Portland Trail Blazers,W,,126,121,11,17,W 1
2017,SAC,2016-12-21,9:00p,@,Utah Jazz,W,,94,93,12,17,W 2
2017,SAC,2016-12-23,8:00p,@,Minnesota Timberwolves,W,,109,105,13,17,W 3
2017,SAC,2016-12-26,10:30p,,Philadelphia 76ers,W,,102,100,14,17,W 4
2017,SAC,2016-12-28,10:00p,@,Portland Trail Blazers,L,,89,102,14,18,L 1
2017,SAC,2016-12-31,5:00p,,Memphis Grizzlies,L,,98,112,14,19,L 2
2017,SAC,2017-01-03,9:00p,@,Denver Nuggets,W,,120,113,15,19,W 1
2017,SAC,2017-01-04,10:30p,,Miami Heat,L,,102,107,15,20,L 1
2017,SAC,2017-01-06,10:30p,,Los Angeles Clippers,L,,98,106,15,21,L 2
2017,SAC,2017-01-08,9:00p,,Golden State Warriors,L,,106,117,15,22,L 3
2017,SAC,2017-01-10,10:30p,,Detroit Pistons,W,,100,94,16,22,W 1
2017,SAC,2017-01-13,10:30p,,Cleveland Cavaliers,L,,108,120,16,23,L 1
2017,SAC,2017-01-15,9:00p,,Oklahoma City Thunder,L,,118,122,16,24,L 2
2017,SAC,2017-01-18,10:30p,,Indiana Pacers,L,,100,106,16,25,L 3
2017,SAC,2017-01-20,8:00p,@,Memphis Grizzlies,L,,91,107,16,26,L 4
2017,SAC,2017-01-21,9:00p,@,Chicago Bulls,L,,99,102,16,27,L 5
2017,SAC,2017-01-23,7:30p,@,Detroit Pistons,W,,109,104,17,27,W 1
2017,SAC,2017-01-25,7:00p,@,Cleveland Cavaliers,W,OT,116,112,18,27,W 2
2017,SAC,2017-01-27,7:00p,@,Indiana Pacers,L,OT,111,115,18,28,L 1
2017,SAC,2017-01-28,7:00p,@,Charlotte Hornets,W,,109,106,19,28,W 1
2017,SAC,2017-01-30,6:00p,@,Philadelphia 76ers,L,,119,122,19,29,L 1
2017,SAC,2017-01-31,8:00p,@,Houston Rockets,L,,83,105,19,30,L 2
2017,SAC,2017-02-03,10:30p,,Phoenix Suns,L,,103,105,19,31,L 3
2017,SAC,2017-02-04,10:30p,,Golden State Warriors,W,OT,109,106,20,31,W 1
2017,SAC,2017-02-06,10:30p,,Chicago Bulls,L,,107,112,20,32,L 1
2017,SAC,2017-02-08,10:30p,,Boston Celtics,W,,108,92,21,32,W 1
2017,SAC,2017-02-10,10:30p,,Atlanta Hawks,W,,108,107,22,32,W 2
2017,SAC,2017-02-12,9:00p,,New Orleans Pelicans,W,,105,99,23,32,W 3
2017,SAC,2017-02-14,10:30p,@,Los Angeles Lakers,W,,97,96,24,32,W 4
2017,SAC,2017-02-15,10:30p,@,Golden State Warriors,L,,86,109,24,33,L 1
2017,SAC,2017-02-23,10:30p,,Denver Nuggets,W,,116,100,25,33,W 1
2017,SAC,2017-02-25,5:00p,,Charlotte Hornets,L,,85,99,25,34,L 1
2017,SAC,2017-02-27,10:30p,,Minnesota Timberwolves,L,,88,102,25,35,L 2
2017,SAC,2017-03-01,10:30p,,Brooklyn Nets,L,,100,109,25,36,L 3
2017,SAC,2017-03-05,6:00p,,Utah Jazz,L,OT,109,110,25,37,L 4
2017,SAC,2017-03-06,9:00p,@,Denver Nuggets,L,,96,108,25,38,L 5
2017,SAC,2017-03-08,8:30p,@,San Antonio Spurs,L,,104,114,25,39,L 6
2017,SAC,2017-03-10,10:30p,,Washington Wizards,L,OT,122,130,25,40,L 7
2017,SAC,2017-03-11,10:30p,,Denver Nuggets,L,,92,105,25,41,L 8
2017,SAC,2017-03-13,10:30p,,Orlando Magic,W,,120,115,26,41,W 1
2017,SAC,2017-03-15,10:00p,@,Phoenix Suns,W,,107,101,27,41,W 2
2017,SAC,2017-03-18,3:00p,@,Oklahoma City Thunder,L,,94,110,27,42,L 1
2017,SAC,2017-03-19,7:00p,@,San Antonio Spurs,L,,102,118,27,43,L 2
2017,SAC,2017-03-22,10:30p,,Milwaukee Bucks,L,,98,116,27,44,L 3
2017,SAC,2017-03-24,10:30p,@,Golden State Warriors,L,,100,114,27,45,L 4
2017,SAC,2017-03-26,3:30p,@,Los Angeles Clippers,W,,98,97,28,45,W 1
2017,SAC,2017-03-27,10:30p,,Memphis Grizzlies,W,,91,90,29,45,W 2
2017,SAC,2017-03-29,10:30p,,Utah Jazz,L,,82,112,29,46,L 1
2017,SAC,2017-03-31,8:00p,@,New Orleans Pelicans,L,,89,117,29,47,L 2
2017,SAC,2017-04-01,8:00p,@,Minnesota Timberwolves,W,,123,117,30,47,W 1
2017,SAC,2017-04-04,10:30p,,Dallas Mavericks,W,,98,87,31,47,W 2
2017,SAC,2017-04-07,10:30p,@,Los Angeles Lakers,L,,94,98,31,48,L 1
2017,SAC,2017-04-09,6:00p,,Houston Rockets,L,,128,135,31,49,L 2
2017,SAC,2017-04-11,10:30p,,Phoenix Suns,W,,129,104,32,49,W 1
2017,SAC,2017-04-12,10:30p,@,Los Angeles Clippers,L,,95,115,32,50,L 1
2017,SAS,2016-10-25,10:30p,@,Golden State Warriors,W,,129,100,1,0,W 1
2017,SAS,2016-10-27,10:30p,@,Sacramento Kings,W,,102,94,2,0,W 2
2017,SAS,2016-10-29,8:00p,,New Orleans Pelicans,W,,98,79,3,0,W 3
2017,SAS,2016-10-30,6:00p,@,Miami Heat,W,,106,99,4,0,W 4
2017,SAS,2016-11-01,8:30p,,Utah Jazz,L,,91,106,4,1,L 1
2017,SAS,2016-11-04,9:00p,@,Utah Jazz,W,,100,86,5,1,W 1
2017,SAS,2016-11-05,8:30p,,Los Angeles Clippers,L,,92,116,5,2,L 1
2017,SAS,2016-11-09,9:30p,,Houston Rockets,L,,99,101,5,3,L 2
2017,SAS,2016-11-11,8:30p,,Detroit Pistons,W,,96,86,6,3,W 1
2017,SAS,2016-11-12,8:00p,@,Houston Rockets,W,,106,100,7,3,W 2
2017,SAS,2016-11-14,8:30p,,Miami Heat,W,,94,90,8,3,W 3
2017,SAS,2016-11-16,10:30p,@,Sacramento Kings,W,,110,105,9,3,W 4
2017,SAS,2016-11-18,10:30p,@,Los Angeles Lakers,W,,116,107,10,3,W 5
2017,SAS,2016-11-21,8:30p,,Dallas Mavericks,W,,96,91,11,3,W 6
2017,SAS,2016-11-23,7:00p,@,Charlotte Hornets,W,,119,114,12,3,W 7
2017,SAS,2016-11-25,1:00p,@,Boston Celtics,W,,109,103,13,3,W 8
2017,SAS,2016-11-26,7:00p,@,Washington Wizards,W,,112,100,14,3,W 9
2017,SAS,2016-11-29,8:30p,,Orlando Magic,L,,83,95,14,4,L 1
2017,SAS,2016-11-30,8:30p,@,Dallas Mavericks,W,,94,87,15,4,W 1
2017,SAS,2016-12-02,8:30p,,Washington Wizards,W,,107,105,16,4,W 2
2017,SAS,2016-12-05,8:00p,@,Milwaukee Bucks,W,,97,96,17,4,W 3
2017,SAS,2016-12-06,8:00p,@,Minnesota Timberwolves,W,,105,91,18,4,W 4
2017,SAS,2016-12-08,9:30p,@,Chicago Bulls,L,,91,95,18,5,L 1
2017,SAS,2016-12-10,8:30p,,Brooklyn Nets,W,,130,101,19,5,W 1
2017,SAS,2016-12-14,9:30p,,Boston Celtics,W,,108,101,20,5,W 2
2017,SAS,2016-12-15,9:00p,@,Phoenix Suns,W,,107,92,21,5,W 3
2017,SAS,2016-12-18,7:00p,,New Orleans Pelicans,W,,113,100,22,5,W 4
2017,SAS,2016-12-20,8:00p,@,Houston Rockets,W,,102,100,23,5,W 5
2017,SAS,2016-12-22,10:30p,@,Los Angeles Clippers,L,,101,106,23,6,L 1
2017,SAS,2016-12-23,10:00p,@,Portland Trail Blazers,W,,110,90,24,6,W 1
2017,SAS,2016-12-25,5:00p,,Chicago Bulls,W,,119,100,25,6,W 2
2017,SAS,2016-12-28,8:30p,,Phoenix Suns,W,,119,98,26,6,W 3
2017,SAS,2016-12-30,8:30p,,Portland Trail Blazers,W,,110,94,27,6,W 4
2017,SAS,2017-01-01,6:00p,@,Atlanta Hawks,L,OT,112,114,27,7,L 1
2017,SAS,2017-01-03,8:30p,,Toronto Raptors,W,,110,82,28,7,W 1
2017,SAS,2017-01-05,9:00p,@,Denver Nuggets,W,,127,99,29,7,W 2
2017,SAS,2017-01-07,8:30p,,Charlotte Hornets,W,,102,85,30,7,W 3
2017,SAS,2017-01-10,8:30p,,Milwaukee Bucks,L,,107,109,30,8,L 1
2017,SAS,2017-01-12,8:30p,,Los Angeles Lakers,W,,134,94,31,8,W 1
2017,SAS,2017-01-14,6:00p,@,Phoenix Suns,L,,105,108,31,9,L 1
2017,SAS,2017-01-17,8:30p,,Minnesota Timberwolves,W,,122,114,32,9,W 1
2017,SAS,2017-01-19,8:30p,,Denver Nuggets,W,,118,104,33,9,W 2
2017,SAS,2017-01-21,8:30p,@,Cleveland Cavaliers,W,OT,118,115,34,9,W 3
2017,SAS,2017-01-23,7:30p,@,Brooklyn Nets,W,,112,86,35,9,W 4
2017,SAS,2017-01-24,7:00p,@,Toronto Raptors,W,,108,106,36,9,W 5
2017,SAS,2017-01-27,8:00p,@,New Orleans Pelicans,L,,103,119,36,10,L 1
2017,SAS,2017-01-29,7:00p,,Dallas Mavericks,L,,101,105,36,11,L 2
2017,SAS,2017-01-31,8:30p,,Oklahoma City Thunder,W,,108,94,37,11,W 1
2017,SAS,2017-02-02,8:30p,,Philadelphia 76ers,W,,102,86,38,11,W 2
2017,SAS,2017-02-04,9:00p,,Denver Nuggets,W,,121,97,39,11,W 3
2017,SAS,2017-02-06,9:30p,@,Memphis Grizzlies,L,,74,89,39,12,L 1
2017,SAS,2017-02-08,7:00p,@,Philadelphia 76ers,W,,111,103,40,12,W 1
2017,SAS,2017-02-10,7:30p,@,Detroit Pistons,W,,103,92,41,12,W 2
2017,SAS,2017-02-12,3:30p,@,New York Knicks,L,,90,94,41,13,L 1
2017,SAS,2017-02-13,7:00p,@,Indiana Pacers,W,,110,106,42,13,W 1
2017,SAS,2017-02-15,7:00p,@,Orlando Magic,W,,107,79,43,13,W 2
2017,SAS,2017-02-24,10:30p,@,Los Angeles Clippers,W,,105,97,44,13,W 3
2017,SAS,2017-02-26,3:30p,@,Los Angeles Lakers,W,,119,98,45,13,W 4
2017,SAS,2017-03-01,8:30p,,Indiana Pacers,W,,100,99,46,13,W 5
2017,SAS,2017-03-03,9:30p,@,New Orleans Pelicans,W,OT,101,98,47,13,W 6
2017,SAS,2017-03-04,9:00p,,Minnesota Timberwolves,W,OT,97,90,48,13,W 7
2017,SAS,2017-03-06,8:30p,,Houston Rockets,W,,112,110,49,13,W 8
2017,SAS,2017-03-08,8:30p,,Sacramento Kings,W,,114,104,50,13,W 9
2017,SAS,2017-03-09,8:00p,@,Oklahoma City Thunder,L,,92,102,50,14,L 1
2017,SAS,2017-03-11,8:30p,,Golden State Warriors,W,,107,85,51,14,W 1
2017,SAS,2017-03-13,8:00p,,Atlanta Hawks,W,,107,99,52,14,W 2
2017,SAS,2017-03-15,8:00p,,Portland Trail Blazers,L,,106,110,52,15,L 1
2017,SAS,2017-03-18,9:00p,@,Memphis Grizzlies,L,,96,104,52,16,L 2
2017,SAS,2017-03-19,7:00p,,Sacramento Kings,W,,118,102,53,16,W 1
2017,SAS,2017-03-21,9:30p,@,Minnesota Timberwolves,W,,100,93,54,16,W 2
2017,SAS,2017-03-23,8:30p,,Memphis Grizzlies,W,,97,90,55,16,W 3
2017,SAS,2017-03-25,8:30p,,New York Knicks,W,,106,98,56,16,W 4
2017,SAS,2017-03-27,8:00p,,Cleveland Cavaliers,W,,103,74,57,16,W 5
2017,SAS,2017-03-29,9:30p,,Golden State Warriors,L,,98,110,57,17,L 1
2017,SAS,2017-03-31,8:00p,@,Oklahoma City Thunder,W,,100,95,58,17,W 1
2017,SAS,2017-04-02,3:30p,,Utah Jazz,W,,109,103,59,17,W 2
2017,SAS,2017-04-04,8:30p,,Memphis Grizzlies,W,OT,95,89,60,17,W 3
2017,SAS,2017-04-05,8:30p,,Los Angeles Lakers,L,,95,102,60,18,L 1
2017,SAS,2017-04-07,8:30p,@,Dallas Mavericks,W,,102,89,61,18,W 1
2017,SAS,2017-04-08,8:30p,,Los Angeles Clippers,L,,87,98,61,19,L 1
2017,SAS,2017-04-10,10:00p,@,Portland Trail Blazers,L,,98,99,61,20,L 2
2017,SAS,2017-04-12,9:00p,@,Utah Jazz,L,,97,101,61,21,L 3
2017,SAS,2017-04-15,8:00p,,Memphis Grizzlies,W,,111,82,1,0,W 1
2017,SAS,2017-04-17,9:30p,,Memphis Grizzlies,W,,96,82,2,0,W 2
2017,SAS,2017-04-20,9:30p,@,Memphis Grizzlies,L,,94,105,2,1,L 1
2017,SAS,2017-04-22,8:00p,@,Memphis Grizzlies,L,OT,108,110,2,2,L 2
2017,SAS,2017-04-25,9:00p,,Memphis Grizzlies,W,,116,103,3,2,W 1
2017,SAS,2017-04-27,9:30p,@,Memphis Grizzlies,W,,103,96,4,2,W 2
2017,SAS,2017-05-01,9:30p,,Houston Rockets,L,,99,126,4,3,L 1
2017,SAS,2017-05-03,9:30p,,Houston Rockets,W,,121,96,5,3,W 1
2017,SAS,2017-05-05,9:30p,@,Houston Rockets,W,,103,92,6,3,W 2
2017,SAS,2017-05-07,9:00p,@,Houston Rockets,L,,104,125,6,4,L 1
2017,SAS,2017-05-09,8:00p,,Houston Rockets,W,OT,110,107,7,4,W 1
2017,SAS,2017-05-11,8:00p,@,Houston Rockets,W,,114,75,8,4,W 2
2017,SAS,2017-05-14,3:30p,@,Golden State Warriors,L,,111,113,8,5,L 1
2017,SAS,2017-05-16,9:00p,@,Golden State Warriors,L,,100,136,8,6,L 2
2017,SAS,2017-05-20,9:00p,,Golden State Warriors,L,,108,120,8,7,L 3
2017,SAS,2017-05-22,9:00p,,Golden State Warriors,L,,115,129,8,8,L 4
2017,TOR,2016-10-26,7:30p,,Detroit Pistons,W,,109,91,1,0,W 1
2017,TOR,2016-10-28,7:00p,,Cleveland Cavaliers,L,,91,94,1,1,L 1
2017,TOR,2016-10-31,7:30p,,Denver Nuggets,W,,105,102,2,1,W 1
2017,TOR,2016-11-02,7:00p,@,Washington Wizards,W,,113,103,3,1,W 2
2017,TOR,2016-11-04,7:30p,,Miami Heat,W,,96,87,4,1,W 3
2017,TOR,2016-11-06,6:00p,,Sacramento Kings,L,,91,96,4,2,L 1
2017,TOR,2016-11-09,8:00p,@,Oklahoma City Thunder,W,,112,102,5,2,W 1
2017,TOR,2016-11-11,7:00p,@,Charlotte Hornets,W,,113,111,6,2,W 2
2017,TOR,2016-11-12,7:30p,,New York Knicks,W,,118,107,7,2,W 3
2017,TOR,2016-11-15,7:00p,@,Cleveland Cavaliers,L,,117,121,7,3,L 1
2017,TOR,2016-11-16,8:00p,,Golden State Warriors,L,,121,127,7,4,L 2
2017,TOR,2016-11-18,9:00p,@,Denver Nuggets,W,OT,113,111,8,4,W 1
2017,TOR,2016-11-20,9:00p,@,Sacramento Kings,L,,99,102,8,5,L 1
2017,TOR,2016-11-21,10:30p,@,Los Angeles Clippers,L,,115,123,8,6,L 2
2017,TOR,2016-11-23,8:00p,@,Houston Rockets,W,,115,102,9,6,W 1
2017,TOR,2016-11-25,8:00p,@,Milwaukee Bucks,W,,105,99,10,6,W 2
2017,TOR,2016-11-28,7:30p,,Philadelphia 76ers,W,,122,95,11,6,W 3
2017,TOR,2016-11-30,7:30p,,Memphis Grizzlies,W,,120,105,12,6,W 4
2017,TOR,2016-12-02,7:30p,,Los Angeles Lakers,W,,113,80,13,6,W 5
2017,TOR,2016-12-03,7:30p,,Atlanta Hawks,W,,128,84,14,6,W 6
2017,TOR,2016-12-05,7:30p,,Cleveland Cavaliers,L,,112,116,14,7,L 1
2017,TOR,2016-12-08,7:00p,,Minnesota Timberwolves,W,,124,110,15,7,W 1
2017,TOR,2016-12-09,7:30p,@,Boston Celtics,W,,101,94,16,7,W 2
2017,TOR,2016-12-12,7:30p,,Milwaukee Bucks,W,,122,100,17,7,W 3
2017,TOR,2016-12-14,7:00p,@,Philadelphia 76ers,W,,123,114,18,7,W 4
2017,TOR,2016-12-16,7:30p,,Atlanta Hawks,L,,121,125,18,8,L 1
2017,TOR,2016-12-18,6:00p,@,Orlando Magic,W,,109,79,19,8,W 1
2017,TOR,2016-12-20,7:30p,,Brooklyn Nets,W,,116,104,20,8,W 2
2017,TOR,2016-12-23,9:00p,@,Utah Jazz,W,,104,98,21,8,W 3
2017,TOR,2016-12-26,10:00p,@,Portland Trail Blazers,W,,95,91,22,8,W 4
2017,TOR,2016-12-28,10:30p,@,Golden State Warriors,L,,111,121,22,9,L 1
2017,TOR,2016-12-29,9:00p,@,Phoenix Suns,L,,91,99,22,10,L 2
2017,TOR,2017-01-01,9:30p,@,Los Angeles Lakers,W,,123,114,23,10,W 1
2017,TOR,2017-01-03,8:30p,@,San Antonio Spurs,L,,82,110,23,11,L 1
2017,TOR,2017-01-05,7:30p,,Utah Jazz,W,,101,93,24,11,W 1
2017,TOR,2017-01-07,8:00p,@,Chicago Bulls,L,OT,118,123,24,12,L 1
2017,TOR,2017-01-08,6:00p,,Houston Rockets,L,,122,129,24,13,L 2
2017,TOR,2017-01-10,7:30p,,Boston Celtics,W,,114,106,25,13,W 1
2017,TOR,2017-01-13,7:30p,,Brooklyn Nets,W,,132,113,26,13,W 2
2017,TOR,2017-01-15,3:00p,,New York Knicks,W,,116,101,27,13,W 3
2017,TOR,2017-01-17,7:30p,@,Brooklyn Nets,W,,119,109,28,13,W 4
2017,TOR,2017-01-18,7:00p,@,Philadelphia 76ers,L,,89,94,28,14,L 1
2017,TOR,2017-01-20,7:00p,@,Charlotte Hornets,L,,78,113,28,15,L 2
2017,TOR,2017-01-22,6:00p,,Phoenix Suns,L,,103,115,28,16,L 3
2017,TOR,2017-01-24,7:00p,,San Antonio Spurs,L,,106,108,28,17,L 4
2017,TOR,2017-01-25,8:00p,@,Memphis Grizzlies,L,,99,101,28,18,L 5
2017,TOR,2017-01-27,7:30p,,Milwaukee Bucks,W,,102,86,29,18,W 1
2017,TOR,2017-01-29,6:00p,,Orlando Magic,L,,113,114,29,19,L 1
2017,TOR,2017-01-31,7:00p,,New Orleans Pelicans,W,OT,108,106,30,19,W 1
2017,TOR,2017-02-01,7:30p,@,Boston Celtics,L,,104,109,30,20,L 1
2017,TOR,2017-02-03,7:00p,@,Orlando Magic,L,,94,102,30,21,L 2
2017,TOR,2017-02-05,12:00p,@,Brooklyn Nets,W,,103,95,31,21,W 1
2017,TOR,2017-02-06,7:30p,,Los Angeles Clippers,W,,118,109,32,21,W 2
2017,TOR,2017-02-08,8:00p,@,Minnesota Timberwolves,L,,109,112,32,22,L 1
2017,TOR,2017-02-12,6:00p,,Detroit Pistons,L,,101,102,32,23,L 2
2017,TOR,2017-02-14,8:00p,@,Chicago Bulls,L,,94,105,32,24,L 3
2017,TOR,2017-02-15,7:30p,,Charlotte Hornets,W,,90,85,33,24,W 1
2017,TOR,2017-02-24,8:00p,,Boston Celtics,W,,107,97,34,24,W 2
2017,TOR,2017-02-26,6:00p,,Portland Trail Blazers,W,,112,106,35,24,W 3
2017,TOR,2017-02-27,7:00p,@,New York Knicks,W,,92,91,36,24,W 4
2017,TOR,2017-03-01,7:30p,,Washington Wizards,L,,96,105,36,25,L 1
2017,TOR,2017-03-03,7:00p,@,Washington Wizards,W,,114,106,37,25,W 1
2017,TOR,2017-03-04,8:00p,@,Milwaukee Bucks,L,,94,101,37,26,L 1
2017,TOR,2017-03-08,8:00p,@,New Orleans Pelicans,W,,94,87,38,26,W 1
2017,TOR,2017-03-10,8:00p,@,Atlanta Hawks,L,,99,105,38,27,L 1
2017,TOR,2017-03-11,8:00p,@,Miami Heat,L,,89,104,38,28,L 2
2017,TOR,2017-03-13,7:30p,,Dallas Mavericks,W,,100,78,39,28,W 1
2017,TOR,2017-03-16,7:00p,,Oklahoma City Thunder,L,,102,123,39,29,L 1
2017,TOR,2017-03-17,7:30p,@,Detroit Pistons,W,,87,75,40,29,W 1
2017,TOR,2017-03-19,6:00p,,Indiana Pacers,W,,116,91,41,29,W 2
2017,TOR,2017-03-21,7:00p,,Chicago Bulls,W,OT,122,120,42,29,W 3
2017,TOR,2017-03-23,7:30p,@,Miami Heat,W,,101,84,43,29,W 4
2017,TOR,2017-03-25,8:30p,@,Dallas Mavericks,W,,94,86,44,29,W 5
2017,TOR,2017-03-27,7:30p,,Orlando Magic,W,,131,112,45,29,W 6
2017,TOR,2017-03-29,7:30p,,Charlotte Hornets,L,,106,110,45,30,L 1
2017,TOR,2017-03-31,7:00p,,Indiana Pacers,W,,111,100,46,30,W 1
2017,TOR,2017-04-02,6:00p,,Philadelphia 76ers,W,,113,105,47,30,W 2
2017,TOR,2017-04-04,7:00p,@,Indiana Pacers,L,,90,108,47,31,L 1
2017,TOR,2017-04-05,7:30p,@,Detroit Pistons,W,,105,102,48,31,W 1
2017,TOR,2017-04-07,7:30p,,Miami Heat,W,,96,94,49,31,W 2
2017,TOR,2017-04-09,12:00p,@,New York Knicks,W,,110,97,50,31,W 3
2017,TOR,2017-04-12,8:00p,@,Cleveland Cavaliers,W,,98,83,51,31,W 4
2017,TOR,2017-04-15,5:30p,,Milwaukee Bucks,L,,83,97,0,1,L 1
2017,TOR,2017-04-18,7:00p,,Milwaukee Bucks,W,,106,100,1,1,W 1
2017,TOR,2017-04-20,8:00p,@,Milwaukee Bucks,L,,77,104,1,2,L 1
2017,TOR,2017-04-22,3:00p,@,Milwaukee Bucks,W,,87,76,2,2,W 1
2017,TOR,2017-04-24,7:00p,,Milwaukee Bucks,W,,118,93,3,2,W 2
2017,TOR,2017-04-27,7:00p,@,Milwaukee Bucks,W,,92,89,4,2,W 3
2017,TOR,2017-05-01,7:00p,@,Cleveland Cavaliers,L,,105,116,4,3,L 1
2017,TOR,2017-05-03,7:00p,@,Cleveland Cavaliers,L,,103,125,4,4,L 2
2017,TOR,2017-05-05,7:00p,,Cleveland Cavaliers,L,,94,115,4,5,L 3
2017,TOR,2017-05-07,3:30p,,Cleveland Cavaliers,L,,102,109,4,6,L 4
2017,UTA,2016-10-25,10:00p,@,Portland Trail Blazers,L,,104,113,0,1,L 1
2017,UTA,2016-10-28,9:00p,,Los Angeles Lakers,W,,96,89,1,1,W 1
2017,UTA,2016-10-30,4:30p,@,Los Angeles Clippers,L,,75,88,1,2,L 1
2017,UTA,2016-11-01,8:30p,@,San Antonio Spurs,W,,106,91,2,2,W 1
2017,UTA,2016-11-02,9:00p,,Dallas Mavericks,W,,97,81,3,2,W 2
2017,UTA,2016-11-04,9:00p,,San Antonio Spurs,L,,86,100,3,3,L 1
2017,UTA,2016-11-06,12:00p,@,New York Knicks,W,,114,109,4,3,W 1
2017,UTA,2016-11-07,7:00p,@,Philadelphia 76ers,W,,109,84,5,3,W 2
2017,UTA,2016-11-09,7:00p,@,Charlotte Hornets,L,,98,104,5,4,L 1
2017,UTA,2016-11-11,7:00p,@,Orlando Magic,W,,87,74,6,4,W 1
2017,UTA,2016-11-12,8:00p,@,Miami Heat,W,,102,91,7,4,W 2
2017,UTA,2016-11-14,9:00p,,Memphis Grizzlies,L,,96,102,7,5,L 1
2017,UTA,2016-11-17,10:30p,,Chicago Bulls,L,,77,85,7,6,L 2
2017,UTA,2016-11-19,5:00p,@,Houston Rockets,L,,102,111,7,7,L 3
2017,UTA,2016-11-20,9:00p,@,Denver Nuggets,L,,91,105,7,8,L 4
2017,UTA,2016-11-23,9:00p,,Denver Nuggets,W,,108,83,8,8,W 1
2017,UTA,2016-11-25,8:00p,,Atlanta Hawks,W,,95,68,9,8,W 2
2017,UTA,2016-11-28,8:00p,@,Minnesota Timberwolves,W,,112,103,10,8,W 3
2017,UTA,2016-11-29,9:00p,,Houston Rockets,W,,120,101,11,8,W 4
2017,UTA,2016-12-01,9:00p,,Miami Heat,L,,110,111,11,9,L 1
2017,UTA,2016-12-03,9:00p,,Denver Nuggets,W,,105,98,12,9,W 1
2017,UTA,2016-12-05,10:30p,@,Los Angeles Lakers,W,,107,101,13,9,W 2
2017,UTA,2016-12-06,9:00p,,Phoenix Suns,W,,112,105,14,9,W 3
2017,UTA,2016-12-08,9:00p,,Golden State Warriors,L,,99,106,14,10,L 1
2017,UTA,2016-12-10,9:00p,,Sacramento Kings,W,,104,84,15,10,W 1
2017,UTA,2016-12-14,9:00p,,Oklahoma City Thunder,W,,109,89,16,10,W 2
2017,UTA,2016-12-16,10:30p,,Dallas Mavericks,W,,103,100,17,10,W 3
2017,UTA,2016-12-18,6:00p,@,Memphis Grizzlies,W,,82,73,18,10,W 4
2017,UTA,2016-12-20,10:30p,@,Golden State Warriors,L,,74,104,18,11,L 1
2017,UTA,2016-12-21,9:00p,,Sacramento Kings,L,,93,94,18,12,L 2
2017,UTA,2016-12-23,9:00p,,Toronto Raptors,L,,98,104,18,13,L 3
2017,UTA,2016-12-27,10:30p,@,Los Angeles Lakers,W,,102,100,19,13,W 1
2017,UTA,2016-12-29,9:00p,,Philadelphia 76ers,W,,100,83,20,13,W 2
2017,UTA,2016-12-31,8:00p,,Phoenix Suns,W,,91,86,21,13,W 3
2017,UTA,2017-01-02,7:30p,@,Brooklyn Nets,W,,101,89,22,13,W 4
2017,UTA,2017-01-03,7:30p,@,Boston Celtics,L,,104,115,22,14,L 1
2017,UTA,2017-01-05,7:30p,@,Toronto Raptors,L,,93,101,22,15,L 2
2017,UTA,2017-01-07,8:00p,@,Minnesota Timberwolves,W,,94,92,23,15,W 1
2017,UTA,2017-01-08,8:00p,@,Memphis Grizzlies,L,,79,88,23,16,L 1
2017,UTA,2017-01-10,9:00p,,Cleveland Cavaliers,W,,100,92,24,16,W 1
2017,UTA,2017-01-13,10:30p,,Detroit Pistons,W,,110,77,25,16,W 2
2017,UTA,2017-01-14,9:00p,,Orlando Magic,W,,114,107,26,16,W 3
2017,UTA,2017-01-16,9:00p,@,Phoenix Suns,W,,106,101,27,16,W 4
2017,UTA,2017-01-20,8:30p,@,Dallas Mavericks,W,OT,112,107,28,16,W 5
2017,UTA,2017-01-21,9:00p,,Indiana Pacers,W,,109,100,29,16,W 6
2017,UTA,2017-01-23,9:00p,,Oklahoma City Thunder,L,,95,97,29,17,L 1
2017,UTA,2017-01-24,9:00p,@,Denver Nuggets,L,,93,103,29,18,L 2
2017,UTA,2017-01-26,10:30p,,Los Angeles Lakers,W,,96,88,30,18,W 1
2017,UTA,2017-01-28,9:00p,,Memphis Grizzlies,L,,95,102,30,19,L 1
2017,UTA,2017-02-01,9:00p,,Milwaukee Bucks,W,,104,88,31,19,W 1
2017,UTA,2017-02-04,9:00p,,Charlotte Hornets,W,,105,98,32,19,W 2
2017,UTA,2017-02-06,7:30p,@,Atlanta Hawks,W,,120,95,33,19,W 3
2017,UTA,2017-02-08,8:00p,@,New Orleans Pelicans,W,,127,94,34,19,W 4
2017,UTA,2017-02-09,8:30p,@,Dallas Mavericks,L,OT,105,112,34,20,L 1
2017,UTA,2017-02-11,10:00p,,Boston Celtics,L,,104,112,34,21,L 2
2017,UTA,2017-02-13,9:00p,,Los Angeles Clippers,L,,72,88,34,22,L 3
2017,UTA,2017-02-15,9:00p,,Portland Trail Blazers,W,,111,88,35,22,W 1
2017,UTA,2017-02-24,8:00p,@,Milwaukee Bucks,W,,109,95,36,22,W 2
2017,UTA,2017-02-26,5:00p,@,Washington Wizards,W,,102,92,37,22,W 3
2017,UTA,2017-02-28,8:00p,@,Oklahoma City Thunder,L,,106,109,37,23,L 1
2017,UTA,2017-03-01,9:00p,,Minnesota Timberwolves,L,,80,107,37,24,L 2
2017,UTA,2017-03-03,9:00p,,Brooklyn Nets,W,,112,97,38,24,W 1
2017,UTA,2017-03-05,6:00p,@,Sacramento Kings,W,OT,110,109,39,24,W 2
2017,UTA,2017-03-06,9:00p,,New Orleans Pelicans,W,,88,83,40,24,W 3
2017,UTA,2017-03-08,8:00p,@,Houston Rockets,W,,115,108,41,24,W 4
2017,UTA,2017-03-11,3:00p,@,Oklahoma City Thunder,L,,104,112,41,25,L 1
2017,UTA,2017-03-13,9:00p,,Los Angeles Clippers,W,,114,108,42,25,W 1
2017,UTA,2017-03-15,7:30p,@,Detroit Pistons,W,,97,83,43,25,W 2
2017,UTA,2017-03-16,7:00p,@,Cleveland Cavaliers,L,,83,91,43,26,L 1
2017,UTA,2017-03-18,9:00p,@,Chicago Bulls,L,,86,95,43,27,L 2
2017,UTA,2017-03-20,7:00p,@,Indiana Pacers,L,,100,107,43,28,L 3
2017,UTA,2017-03-22,10:30p,,New York Knicks,W,,108,101,44,28,W 1
2017,UTA,2017-03-25,3:30p,@,Los Angeles Clippers,L,,95,108,44,29,L 1
2017,UTA,2017-03-27,10:30p,,New Orleans Pelicans,W,,108,100,45,29,W 1
2017,UTA,2017-03-29,10:30p,@,Sacramento Kings,W,,112,82,46,29,W 2
2017,UTA,2017-03-31,9:00p,,Washington Wizards,W,,95,88,47,29,W 3
2017,UTA,2017-04-02,3:30p,@,San Antonio Spurs,L,,103,109,47,30,L 1
2017,UTA,2017-04-04,9:00p,,Portland Trail Blazers,W,,106,87,48,30,W 1
2017,UTA,2017-04-07,9:00p,,Minnesota Timberwolves,W,,120,113,49,30,W 2
2017,UTA,2017-04-08,10:00p,@,Portland Trail Blazers,L,,86,101,49,31,L 1
2017,UTA,2017-04-10,10:30p,@,Golden State Warriors,W,,105,99,50,31,W 1
2017,UTA,2017-04-12,9:00p,,San Antonio Spurs,W,,101,97,51,31,W 2
2017,UTA,2017-04-15,10:30p,@,Los Angeles Clippers,W,,97,95,1,0,W 1
2017,UTA,2017-04-18,10:30p,@,Los Angeles Clippers,L,,91,99,1,1,L 1
2017,UTA,2017-04-21,10:00p,,Los Angeles Clippers,L,,106,111,1,2,L 2
2017,UTA,2017-04-23,9:00p,,Los Angeles Clippers,W,,105,98,2,2,W 1
2017,UTA,2017-04-25,10:30p,@,Los Angeles Clippers,W,,96,92,3,2,W 2
2017,UTA,2017-04-28,10:30p,,Los Angeles Clippers,L,,93,98,3,3,L 1
2017,UTA,2017-04-30,3:30p,@,Los Angeles Clippers,W,,104,91,4,3,W 1
2017,UTA,2017-05-02,10:30p,@,Golden State Warriors,L,,94,106,4,4,L 1
2017,UTA,2017-05-04,10:30p,@,Golden State Warriors,L,,104,115,4,5,L 2
2017,UTA,2017-05-06,8:30p,,Golden State Warriors,L,,91,102,4,6,L 3
2017,UTA,2017-05-08,9:00p,,Golden State Warriors,L,,95,121,4,7,L 4
2017,WAS,2016-10-27,7:30p,@,Atlanta Hawks,L,,99,114,0,1,L 1
2017,WAS,2016-10-30,8:00p,@,Memphis Grizzlies,L,OT,103,112,0,2,L 2
2017,WAS,2016-11-02,7:00p,,Toronto Raptors,L,,103,113,0,3,L 3
2017,WAS,2016-11-04,7:00p,,Atlanta Hawks,W,,95,92,1,3,W 1
2017,WAS,2016-11-05,7:00p,@,Orlando Magic,L,,86,88,1,4,L 1
2017,WAS,2016-11-07,7:00p,,Houston Rockets,L,,106,114,1,5,L 2
2017,WAS,2016-11-09,7:00p,,Boston Celtics,W,,118,93,2,5,W 1
2017,WAS,2016-11-11,7:00p,,Cleveland Cavaliers,L,,94,105,2,6,L 1
2017,WAS,2016-11-12,8:00p,@,Chicago Bulls,L,,95,106,2,7,L 2
2017,WAS,2016-11-16,7:00p,@,Philadelphia 76ers,L,,102,109,2,8,L 3
2017,WAS,2016-11-17,7:00p,,New York Knicks,W,,119,112,3,8,W 1
2017,WAS,2016-11-19,7:00p,,Miami Heat,L,,111,114,3,9,L 1
2017,WAS,2016-11-21,7:00p,,Phoenix Suns,W,,106,101,4,9,W 1
2017,WAS,2016-11-25,7:00p,@,Orlando Magic,W,,94,91,5,9,W 2
2017,WAS,2016-11-26,7:00p,,San Antonio Spurs,L,,100,112,5,10,L 1
2017,WAS,2016-11-28,7:00p,,Sacramento Kings,W,OT,101,95,6,10,W 1
2017,WAS,2016-11-30,8:00p,@,Oklahoma City Thunder,L,OT,115,126,6,11,L 1
2017,WAS,2016-12-02,8:30p,@,San Antonio Spurs,L,,105,107,6,12,L 2
2017,WAS,2016-12-05,7:30p,@,Brooklyn Nets,W,,118,113,7,12,W 1
2017,WAS,2016-12-06,7:00p,,Orlando Magic,L,,116,124,7,13,L 1
2017,WAS,2016-12-08,7:00p,,Denver Nuggets,W,,92,85,8,13,W 1
2017,WAS,2016-12-10,7:00p,,Milwaukee Bucks,W,,110,105,9,13,W 2
2017,WAS,2016-12-12,7:30p,@,Miami Heat,L,,101,112,9,14,L 1
2017,WAS,2016-12-14,7:00p,,Charlotte Hornets,W,,109,106,10,14,W 1
2017,WAS,2016-12-16,7:00p,,Detroit Pistons,W,,122,108,11,14,W 2
2017,WAS,2016-12-18,3:30p,,Los Angeles Clippers,W,,117,110,12,14,W 3
2017,WAS,2016-12-19,7:00p,@,Indiana Pacers,L,,105,107,12,15,L 1
2017,WAS,2016-12-21,8:00p,@,Chicago Bulls,W,,107,97,13,15,W 1
2017,WAS,2016-12-23,8:00p,@,Milwaukee Bucks,L,,96,123,13,16,L 1
2017,WAS,2016-12-26,7:00p,,Milwaukee Bucks,W,,107,102,14,16,W 1
2017,WAS,2016-12-28,7:00p,,Indiana Pacers,W,,111,105,15,16,W 2
2017,WAS,2016-12-30,7:00p,,Brooklyn Nets,W,,118,95,16,16,W 3
2017,WAS,2017-01-02,8:00p,@,Houston Rockets,L,,91,101,16,17,L 1
2017,WAS,2017-01-03,8:30p,@,Dallas Mavericks,L,,105,113,16,18,L 2
2017,WAS,2017-01-06,7:00p,,Minnesota Timberwolves,W,,112,105,17,18,W 1
2017,WAS,2017-01-08,2:00p,@,Milwaukee Bucks,W,,107,101,18,18,W 2
2017,WAS,2017-01-10,7:00p,,Chicago Bulls,W,,101,99,19,18,W 3
2017,WAS,2017-01-11,8:00p,@,Boston Celtics,L,,108,117,19,19,L 1
2017,WAS,2017-01-14,8:00p,,Philadelphia 76ers,W,,109,93,20,19,W 1
2017,WAS,2017-01-16,2:00p,,Portland Trail Blazers,W,,120,101,21,19,W 2
2017,WAS,2017-01-18,7:00p,,Memphis Grizzlies,W,,104,101,22,19,W 3
2017,WAS,2017-01-19,8:00p,@,New York Knicks,W,,113,110,23,19,W 4
2017,WAS,2017-01-21,6:00p,@,Detroit Pistons,L,,112,113,23,20,L 1
2017,WAS,2017-01-23,7:00p,@,Charlotte Hornets,W,,109,99,24,20,W 1
2017,WAS,2017-01-24,7:00p,,Boston Celtics,W,,123,108,25,20,W 2
2017,WAS,2017-01-27,8:00p,@,Atlanta Hawks,W,,112,86,26,20,W 3
2017,WAS,2017-01-29,6:00p,@,New Orleans Pelicans,W,,107,94,27,20,W 4
2017,WAS,2017-01-31,7:00p,,New York Knicks,W,,117,101,28,20,W 5
2017,WAS,2017-02-02,7:00p,,Los Angeles Lakers,W,,116,108,29,20,W 6
2017,WAS,2017-02-04,7:00p,,New Orleans Pelicans,W,,105,91,30,20,W 7
2017,WAS,2017-02-06,7:00p,,Cleveland Cavaliers,L,OT,135,140,30,21,L 1
2017,WAS,2017-02-08,7:30p,@,Brooklyn Nets,W,OT,114,110,31,21,W 1
2017,WAS,2017-02-10,8:00p,,Indiana Pacers,W,,112,107,32,21,W 2
2017,WAS,2017-02-13,8:00p,,Oklahoma City Thunder,W,,120,98,33,21,W 3
2017,WAS,2017-02-16,7:00p,@,Indiana Pacers,W,,111,98,34,21,W 4
2017,WAS,2017-02-24,7:00p,@,Philadelphia 76ers,L,,112,120,34,22,L 1
2017,WAS,2017-02-26,5:00p,,Utah Jazz,L,,92,102,34,23,L 2
2017,WAS,2017-02-28,7:00p,,Golden State Warriors,W,,112,108,35,23,W 1
2017,WAS,2017-03-01,7:30p,@,Toronto Raptors,W,,105,96,36,23,W 2
2017,WAS,2017-03-03,7:00p,,Toronto Raptors,L,,106,114,36,24,L 1
2017,WAS,2017-03-05,5:00p,,Orlando Magic,W,,115,114,37,24,W 1
2017,WAS,2017-03-07,9:00p,@,Phoenix Suns,W,,131,127,38,24,W 2
2017,WAS,2017-03-08,9:00p,@,Denver Nuggets,W,,123,113,39,24,W 3
2017,WAS,2017-03-10,10:30p,@,Sacramento Kings,W,OT,130,122,40,24,W 4
2017,WAS,2017-03-11,10:00p,@,Portland Trail Blazers,W,OT,125,124,41,24,W 5
2017,WAS,2017-03-13,8:00p,@,Minnesota Timberwolves,L,,104,119,41,25,L 1
2017,WAS,2017-03-15,7:00p,,Dallas Mavericks,L,,107,112,41,26,L 2
2017,WAS,2017-03-17,7:00p,,Chicago Bulls,W,,112,107,42,26,W 1
2017,WAS,2017-03-18,7:00p,@,Charlotte Hornets,L,,93,98,42,27,L 1
2017,WAS,2017-03-20,7:30p,@,Boston Celtics,L,,102,110,42,28,L 2
2017,WAS,2017-03-22,8:00p,,Atlanta Hawks,W,,104,100,43,28,W 1
2017,WAS,2017-03-24,7:00p,,Brooklyn Nets,W,,129,108,44,28,W 2
2017,WAS,2017-03-25,7:30p,@,Cleveland Cavaliers,W,,127,115,45,28,W 3
2017,WAS,2017-03-28,10:30p,@,Los Angeles Lakers,W,,119,108,46,28,W 4
2017,WAS,2017-03-29,10:30p,@,Los Angeles Clippers,L,,124,133,46,29,L 1
2017,WAS,2017-03-31,9:00p,@,Utah Jazz,L,,88,95,46,30,L 2
2017,WAS,2017-04-02,8:00p,@,Golden State Warriors,L,,115,139,46,31,L 3
2017,WAS,2017-04-04,7:00p,,Charlotte Hornets,W,,118,111,47,31,W 1
2017,WAS,2017-04-06,7:30p,@,New York Knicks,W,,106,103,48,31,W 2
2017,WAS,2017-04-08,7:00p,,Miami Heat,L,,103,106,48,32,L 1
2017,WAS,2017-04-10,8:00p,@,Detroit Pistons,W,,105,101,49,32,W 1
2017,WAS,2017-04-12,8:00p,@,Miami Heat,L,,102,110,49,33,L 1
2017,WAS,2017-04-16,1:00p,,Atlanta Hawks,W,,114,107,1,0,W 1
2017,WAS,2017-04-19,7:00p,,Atlanta Hawks,W,,109,101,2,0,W 2
2017,WAS,2017-04-22,5:30p,@,Atlanta Hawks,L,,98,116,2,1,L 1
2017,WAS,2017-04-24,8:00p,@,Atlanta Hawks,L,,101,111,2,2,L 2
2017,WAS,2017-04-26,6:00p,,Atlanta Hawks,W,,103,99,3,2,W 1
2017,WAS,2017-04-28,7:30p,@,Atlanta Hawks,W,,115,99,4,2,W 2
2017,WAS,2017-04-30,1:00p,@,Boston Celtics,L,,111,123,4,3,L 1
2017,WAS,2017-05-02,8:00p,@,Boston Celtics,L,OT,119,129,4,4,L 2
2017,WAS,2017-05-04,8:00p,,Boston Celtics,W,,116,89,5,4,W 1
2017,WAS,2017-05-07,6:30p,,Boston Celtics,W,,121,102,6,4,W 2
2017,WAS,2017-05-10,8:00p,@,Boston Celtics,L,,101,123,6,5,L 1
2017,WAS,2017-05-12,8:00p,,Boston Celtics,W,,92,91,7,5,W 1
2017,WAS,2017-05-15,8:00p,@,Boston Celtics,L,,105,115,7,6,L 1
2018,ATL,2017-10-18,8:30p,@,Dallas Mavericks,W,,117,111,1,0,W 1
2018,ATL,2017-10-20,7:00p,@,Charlotte Hornets,L,,91,109,1,1,L 1
2018,ATL,2017-10-22,3:30p,@,Brooklyn Nets,L,,104,116,1,2,L 2
2018,ATL,2017-10-23,7:30p,@,Miami Heat,L,,93,104,1,3,L 3
2018,ATL,2017-10-26,8:00p,@,Chicago Bulls,L,,86,91,1,4,L 4
2018,ATL,2017-10-27,7:30p,,Denver Nuggets,L,,100,105,1,5,L 5
2018,ATL,2017-10-29,3:30p,,Milwaukee Bucks,L,,106,117,1,6,L 6
2018,ATL,2017-11-01,7:00p,@,Philadelphia 76ers,L,,109,119,1,7,L 7
2018,ATL,2017-11-03,7:30p,,Houston Rockets,L,,104,119,1,8,L 8
2018,ATL,2017-11-05,3:00p,@,Cleveland Cavaliers,W,,117,115,2,8,W 1
2018,ATL,2017-11-06,7:30p,,Boston Celtics,L,,107,110,2,9,L 1
2018,ATL,2017-11-10,7:00p,@,Detroit Pistons,L,,104,111,2,10,L 2
2018,ATL,2017-11-11,7:00p,@,Washington Wizards,L,,94,113,2,11,L 3
2018,ATL,2017-11-13,8:00p,@,New Orleans Pelicans,L,,105,106,2,12,L 4
2018,ATL,2017-11-15,7:30p,,Sacramento Kings,W,,126,80,3,12,W 1
2018,ATL,2017-11-18,7:30p,,Boston Celtics,L,,99,110,3,13,L 1
2018,ATL,2017-11-20,8:30p,@,San Antonio Spurs,L,,85,96,3,14,L 2
2018,ATL,2017-11-22,7:30p,,Los Angeles Clippers,L,,103,116,3,15,L 3
2018,ATL,2017-11-24,7:30p,,New York Knicks,W,,116,104,4,15,W 1
2018,ATL,2017-11-25,7:30p,,Toronto Raptors,L,,78,112,4,16,L 1
2018,ATL,2017-11-30,7:30p,,Cleveland Cavaliers,L,,114,121,4,17,L 2
2018,ATL,2017-12-02,3:00p,@,Brooklyn Nets,W,,114,102,5,17,W 1
2018,ATL,2017-12-04,7:30p,,Brooklyn Nets,L,,90,110,5,18,L 1
2018,ATL,2017-12-06,7:00p,@,Orlando Magic,L,OT,106,110,5,19,L 2
2018,ATL,2017-12-09,7:30p,,Orlando Magic,W,,117,110,6,19,W 1
2018,ATL,2017-12-10,7:30p,@,New York Knicks,L,,107,111,6,20,L 1
2018,ATL,2017-12-12,7:00p,@,Cleveland Cavaliers,L,,114,123,6,21,L 2
2018,ATL,2017-12-14,7:30p,,Detroit Pistons,L,,91,105,6,22,L 3
2018,ATL,2017-12-15,8:00p,@,Memphis Grizzlies,L,,94,96,6,23,L 4
2018,ATL,2017-12-18,7:30p,,Miami Heat,W,,110,104,7,23,W 1
2018,ATL,2017-12-20,7:30p,,Indiana Pacers,L,,95,105,7,24,L 1
2018,ATL,2017-12-22,8:00p,@,Oklahoma City Thunder,L,,117,120,7,25,L 2
2018,ATL,2017-12-23,7:30p,,Dallas Mavericks,W,,112,107,8,25,W 1
2018,ATL,2017-12-27,7:30p,,Washington Wizards,W,,113,99,9,25,W 2
2018,ATL,2017-12-29,7:30p,@,Toronto Raptors,L,,98,111,9,26,L 1
2018,ATL,2017-12-30,7:30p,,Portland Trail Blazers,W,,104,89,10,26,W 1
2018,ATL,2018-01-02,9:00p,@,Phoenix Suns,L,,103,104,10,27,L 1
2018,ATL,2018-01-05,10:00p,@,Portland Trail Blazers,L,,89,110,10,28,L 2
2018,ATL,2018-01-07,9:30p,@,Los Angeles Lakers,L,,113,132,10,29,L 3
2018,ATL,2018-01-08,10:30p,@,Los Angeles Clippers,L,,107,108,10,30,L 4
2018,ATL,2018-01-10,9:00p,@,Denver Nuggets,W,,110,97,11,30,W 1
2018,ATL,2018-01-12,7:30p,,Brooklyn Nets,L,,105,110,11,31,L 1
2018,ATL,2018-01-15,3:00p,,San Antonio Spurs,W,,102,99,12,31,W 1
2018,ATL,2018-01-17,7:30p,,New Orleans Pelicans,W,,94,93,13,31,W 2
2018,ATL,2018-01-20,5:00p,,Chicago Bulls,L,,97,113,13,32,L 1
2018,ATL,2018-01-22,7:30p,,Utah Jazz,W,,104,90,14,32,W 1
2018,ATL,2018-01-24,7:30p,,Toronto Raptors,L,,93,108,14,33,L 1
2018,ATL,2018-01-26,7:00p,@,Charlotte Hornets,L,,110,121,14,34,L 2
2018,ATL,2018-01-27,7:30p,,Washington Wizards,L,,104,129,14,35,L 3
2018,ATL,2018-01-29,7:30p,,Minnesota Timberwolves,W,,105,100,15,35,W 1
2018,ATL,2018-01-31,7:30p,,Charlotte Hornets,L,,110,123,15,36,L 1
2018,ATL,2018-02-02,7:30p,@,Boston Celtics,L,,110,119,15,37,L 2
2018,ATL,2018-02-04,12:00p,@,New York Knicks,W,,99,96,16,37,W 1
2018,ATL,2018-02-06,7:30p,,Memphis Grizzlies,W,,108,82,17,37,W 2
2018,ATL,2018-02-08,7:00p,@,Orlando Magic,L,,98,100,17,38,L 1
2018,ATL,2018-02-09,7:30p,,Cleveland Cavaliers,L,,107,123,17,39,L 2
2018,ATL,2018-02-11,3:30p,,Detroit Pistons,W,,118,115,18,39,W 1
2018,ATL,2018-02-13,8:00p,@,Milwaukee Bucks,L,,92,97,18,40,L 1
2018,ATL,2018-02-14,7:00p,@,Detroit Pistons,L,,98,104,18,41,L 2
2018,ATL,2018-02-23,7:00p,@,Indiana Pacers,L,,93,116,18,42,L 3
2018,ATL,2018-02-26,7:30p,,Los Angeles Lakers,L,,104,123,18,43,L 4
2018,ATL,2018-02-28,7:30p,,Indiana Pacers,W,,107,102,19,43,W 1
2018,ATL,2018-03-02,7:30p,,Golden State Warriors,L,,109,114,19,44,L 1
2018,ATL,2018-03-04,3:30p,,Phoenix Suns,W,,113,112,20,44,W 1
2018,ATL,2018-03-06,7:00p,@,Toronto Raptors,L,,90,106,20,45,L 1
2018,ATL,2018-03-09,7:00p,@,Indiana Pacers,L,,87,112,20,46,L 2
2018,ATL,2018-03-11,3:30p,,Chicago Bulls,L,,122,129,20,47,L 3
2018,ATL,2018-03-13,7:30p,,Oklahoma City Thunder,L,,107,119,20,48,L 4
2018,ATL,2018-03-15,7:30p,,Charlotte Hornets,L,,117,129,20,49,L 5
2018,ATL,2018-03-17,6:00p,@,Milwaukee Bucks,L,,117,122,20,50,L 6
2018,ATL,2018-03-20,9:00p,@,Utah Jazz,W,,99,94,21,50,W 1
2018,ATL,2018-03-22,10:00p,@,Sacramento Kings,L,,90,105,21,51,L 1
2018,ATL,2018-03-23,10:30p,@,Golden State Warriors,L,,94,106,21,52,L 2
2018,ATL,2018-03-25,8:00p,@,Houston Rockets,L,,99,118,21,53,L 3
2018,ATL,2018-03-28,8:00p,@,Minnesota Timberwolves,L,,114,126,21,54,L 4
2018,ATL,2018-03-30,7:30p,,Philadelphia 76ers,L,,91,101,21,55,L 5
2018,ATL,2018-04-01,6:00p,,Orlando Magic,W,,94,88,22,55,W 1
2018,ATL,2018-04-03,7:30p,@,Miami Heat,L,,98,101,22,56,L 1
2018,ATL,2018-04-04,7:30p,,Miami Heat,L,,86,115,22,57,L 2
2018,ATL,2018-04-06,7:00p,@,Washington Wizards,W,,103,97,23,57,W 1
2018,ATL,2018-04-08,1:00p,@,Boston Celtics,W,,112,106,24,57,W 2
2018,ATL,2018-04-10,7:30p,,Philadelphia 76ers,L,,113,121,24,58,L 1
2018,BOS,2017-10-17,8:01p,@,Cleveland Cavaliers,L,,99,102,0,1,L 1
2018,BOS,2017-10-18,7:30p,,Milwaukee Bucks,L,,100,108,0,2,L 2
2018,BOS,2017-10-20,7:00p,@,Philadelphia 76ers,W,,102,92,1,2,W 1
2018,BOS,2017-10-24,7:30p,,New York Knicks,W,,110,89,2,2,W 2
2018,BOS,2017-10-26,8:00p,@,Milwaukee Bucks,W,,96,89,3,2,W 3
2018,BOS,2017-10-28,8:00p,@,Miami Heat,W,,96,90,4,2,W 4
2018,BOS,2017-10-30,7:30p,,San Antonio Spurs,W,,108,94,5,2,W 5
2018,BOS,2017-11-01,7:30p,,Sacramento Kings,W,,113,86,6,2,W 6
2018,BOS,2017-11-03,9:30p,@,Oklahoma City Thunder,W,,101,94,7,2,W 7
2018,BOS,2017-11-05,6:00p,@,Orlando Magic,W,,104,88,8,2,W 8
2018,BOS,2017-11-06,7:30p,@,Atlanta Hawks,W,,110,107,9,2,W 9
2018,BOS,2017-11-08,8:00p,,Los Angeles Lakers,W,,107,96,10,2,W 10
2018,BOS,2017-11-10,7:30p,,Charlotte Hornets,W,,90,87,11,2,W 11
2018,BOS,2017-11-12,3:30p,,Toronto Raptors,W,,95,94,12,2,W 12
2018,BOS,2017-11-14,7:30p,@,Brooklyn Nets,W,,109,102,13,2,W 13
2018,BOS,2017-11-16,8:00p,,Golden State Warriors,W,,92,88,14,2,W 14
2018,BOS,2017-11-18,7:30p,@,Atlanta Hawks,W,,110,99,15,2,W 15
2018,BOS,2017-11-20,8:30p,@,Dallas Mavericks,W,OT,110,102,16,2,W 16
2018,BOS,2017-11-22,7:30p,@,Miami Heat,L,,98,104,16,3,L 1
2018,BOS,2017-11-24,7:30p,,Orlando Magic,W,,118,103,17,3,W 1
2018,BOS,2017-11-25,8:00p,@,Indiana Pacers,W,,108,98,18,3,W 2
2018,BOS,2017-11-27,7:30p,,Detroit Pistons,L,,108,118,18,4,L 1
2018,BOS,2017-11-30,7:30p,,Philadelphia 76ers,W,,108,97,19,4,W 1
2018,BOS,2017-12-02,1:00p,,Phoenix Suns,W,,116,111,20,4,W 2
2018,BOS,2017-12-04,7:30p,,Milwaukee Bucks,W,,111,100,21,4,W 3
2018,BOS,2017-12-06,7:30p,,Dallas Mavericks,W,,97,90,22,4,W 4
2018,BOS,2017-12-08,9:30p,@,San Antonio Spurs,L,,102,105,22,5,L 1
2018,BOS,2017-12-10,4:00p,@,Detroit Pistons,W,,91,81,23,5,W 1
2018,BOS,2017-12-11,8:00p,@,Chicago Bulls,L,,85,108,23,6,L 1
2018,BOS,2017-12-13,7:30p,,Denver Nuggets,W,,124,118,24,6,W 1
2018,BOS,2017-12-15,7:30p,,Utah Jazz,L,,95,107,24,7,L 1
2018,BOS,2017-12-16,9:00p,@,Memphis Grizzlies,W,,102,93,25,7,W 1
2018,BOS,2017-12-18,7:00p,@,Indiana Pacers,W,,112,111,26,7,W 2
2018,BOS,2017-12-20,7:30p,,Miami Heat,L,,89,90,26,8,L 1
2018,BOS,2017-12-21,8:00p,@,New York Knicks,L,,93,102,26,9,L 2
2018,BOS,2017-12-23,7:30p,,Chicago Bulls,W,,117,92,27,9,W 1
2018,BOS,2017-12-25,5:30p,,Washington Wizards,L,,103,111,27,10,L 1
2018,BOS,2017-12-27,7:00p,@,Charlotte Hornets,W,,102,91,28,10,W 1
2018,BOS,2017-12-28,8:00p,,Houston Rockets,W,,99,98,29,10,W 2
2018,BOS,2017-12-31,5:30p,,Brooklyn Nets,W,,108,105,30,10,W 3
2018,BOS,2018-01-03,8:00p,,Cleveland Cavaliers,W,,102,88,31,10,W 4
2018,BOS,2018-01-05,7:00p,,Minnesota Timberwolves,W,,91,84,32,10,W 5
2018,BOS,2018-01-06,6:00p,@,Brooklyn Nets,W,,87,85,33,10,W 6
2018,BOS,2018-01-11,3:00p,@,Philadelphia 76ers,W,,114,103,34,10,W 7
2018,BOS,2018-01-16,7:30p,,New Orleans Pelicans,L,OT,113,116,34,11,L 1
2018,BOS,2018-01-18,7:00p,,Philadelphia 76ers,L,,80,89,34,12,L 2
2018,BOS,2018-01-21,1:00p,,Orlando Magic,L,,95,103,34,13,L 3
2018,BOS,2018-01-23,10:30p,@,Los Angeles Lakers,L,,107,108,34,14,L 4
2018,BOS,2018-01-24,10:30p,@,Los Angeles Clippers,W,,113,102,35,14,W 1
2018,BOS,2018-01-27,8:30p,@,Golden State Warriors,L,,105,109,35,15,L 1
2018,BOS,2018-01-29,9:00p,@,Denver Nuggets,W,,111,110,36,15,W 1
2018,BOS,2018-01-31,8:00p,,New York Knicks,W,,103,73,37,15,W 2
2018,BOS,2018-02-02,7:30p,,Atlanta Hawks,W,,119,110,38,15,W 3
2018,BOS,2018-02-04,12:00p,,Portland Trail Blazers,W,,97,96,39,15,W 4
2018,BOS,2018-02-06,7:30p,@,Toronto Raptors,L,,91,111,39,16,L 1
2018,BOS,2018-02-08,8:00p,@,Washington Wizards,W,OT,110,104,40,16,W 1
2018,BOS,2018-02-09,7:30p,,Indiana Pacers,L,,91,97,40,17,L 1
2018,BOS,2018-02-11,3:30p,,Cleveland Cavaliers,L,,99,121,40,18,L 2
2018,BOS,2018-02-14,8:00p,,Los Angeles Clippers,L,,119,129,40,19,L 3
2018,BOS,2018-02-23,7:00p,@,Detroit Pistons,W,,110,98,41,19,W 1
2018,BOS,2018-02-24,7:30p,@,New York Knicks,W,,121,112,42,19,W 2
2018,BOS,2018-02-26,7:30p,,Memphis Grizzlies,W,,109,98,43,19,W 3
2018,BOS,2018-02-28,7:30p,,Charlotte Hornets,W,,134,106,44,19,W 4
2018,BOS,2018-03-03,8:30p,@,Houston Rockets,L,,120,123,44,20,L 1
2018,BOS,2018-03-05,8:00p,@,Chicago Bulls,W,,105,89,45,20,W 1
2018,BOS,2018-03-08,8:00p,@,Minnesota Timberwolves,W,,117,109,46,20,W 2
2018,BOS,2018-03-11,7:30p,,Indiana Pacers,L,,97,99,46,21,L 1
2018,BOS,2018-03-14,8:00p,,Washington Wizards,L,2OT,124,125,46,22,L 2
2018,BOS,2018-03-16,7:00p,@,Orlando Magic,W,,92,83,47,22,W 1
2018,BOS,2018-03-18,6:00p,@,New Orleans Pelicans,L,,89,108,47,23,L 1
2018,BOS,2018-03-20,8:00p,,Oklahoma City Thunder,W,,100,99,48,23,W 1
2018,BOS,2018-03-23,10:00p,@,Portland Trail Blazers,W,,105,100,49,23,W 2
2018,BOS,2018-03-25,6:00p,@,Sacramento Kings,W,,104,93,50,23,W 3
2018,BOS,2018-03-26,10:00p,@,Phoenix Suns,W,,102,94,51,23,W 4
2018,BOS,2018-03-28,9:30p,@,Utah Jazz,W,,97,94,52,23,W 5
2018,BOS,2018-03-31,7:30p,,Toronto Raptors,W,,110,99,53,23,W 6
2018,BOS,2018-04-03,8:00p,@,Milwaukee Bucks,L,,102,106,53,24,L 1
2018,BOS,2018-04-04,8:00p,@,Toronto Raptors,L,,78,96,53,25,L 2
2018,BOS,2018-04-06,7:30p,,Chicago Bulls,W,,111,104,54,25,W 1
2018,BOS,2018-04-08,1:00p,,Atlanta Hawks,L,,106,112,54,26,L 1
2018,BOS,2018-04-10,8:00p,@,Washington Wizards,L,,101,113,54,27,L 2
2018,BOS,2018-04-11,8:00p,,Brooklyn Nets,W,,110,97,55,27,W 1
2018,BOS,2018-04-15,1:00p,,Milwaukee Bucks,W,OT,113,107,1,0,W 1
2018,BOS,2018-04-17,8:00p,,Milwaukee Bucks,W,,120,106,2,0,W 2
2018,BOS,2018-04-20,9:30p,@,Milwaukee Bucks,L,,92,116,2,1,L 1
2018,BOS,2018-04-22,1:00p,@,Milwaukee Bucks,L,,102,104,2,2,L 2
2018,BOS,2018-04-24,7:00p,,Milwaukee Bucks,W,,92,87,3,2,W 1
2018,BOS,2018-04-26,8:00p,@,Milwaukee Bucks,L,,86,97,3,3,L 1
2018,BOS,2018-04-28,8:00p,,Milwaukee Bucks,W,,112,96,4,3,W 1
2018,BOS,2018-04-30,8:00p,,Philadelphia 76ers,W,,117,101,5,3,W 2
2018,BOS,2018-05-03,8:30p,,Philadelphia 76ers,W,,108,103,6,3,W 3
2018,BOS,2018-05-05,5:00p,@,Philadelphia 76ers,W,OT,101,98,7,3,W 4
2018,BOS,2018-05-07,6:00p,@,Philadelphia 76ers,L,,92,103,7,4,L 1
2018,BOS,2018-05-09,8:00p,,Philadelphia 76ers,W,,114,112,8,4,W 1
2018,BOS,2018-05-13,3:30p,,Cleveland Cavaliers,W,,108,83,9,4,W 2
2018,BOS,2018-05-15,8:30p,,Cleveland Cavaliers,W,,107,94,10,4,W 3
2018,BOS,2018-05-19,8:30p,@,Cleveland Cavaliers,L,,86,116,10,5,L 1
2018,BOS,2018-05-21,8:30p,@,Cleveland Cavaliers,L,,102,111,10,6,L 2
2018,BOS,2018-05-23,8:30p,,Cleveland Cavaliers,W,,96,83,11,6,W 1
2018,BOS,2018-05-25,8:30p,@,Cleveland Cavaliers,L,,99,109,11,7,L 1
2018,BOS,2018-05-27,8:30p,,Cleveland Cavaliers,L,,79,87,11,8,L 2
2018,BRK,2017-10-18,7:00p,@,Indiana Pacers,L,,131,140,0,1,L 1
2018,BRK,2017-10-20,7:30p,,Orlando Magic,W,,126,121,1,1,W 1
2018,BRK,2017-10-22,3:30p,,Atlanta Hawks,W,,116,104,2,1,W 2
2018,BRK,2017-10-24,7:00p,@,Orlando Magic,L,,121,125,2,2,L 1
2018,BRK,2017-10-25,7:30p,,Cleveland Cavaliers,W,,112,107,3,2,W 1
2018,BRK,2017-10-27,7:30p,@,New York Knicks,L,,86,107,3,3,L 1
2018,BRK,2017-10-29,6:00p,,Denver Nuggets,L,,111,124,3,4,L 2
2018,BRK,2017-10-31,7:30p,,Phoenix Suns,L,,114,122,3,5,L 3
2018,BRK,2017-11-03,10:30p,@,Los Angeles Lakers,L,,112,124,3,6,L 4
2018,BRK,2017-11-06,9:00p,@,Phoenix Suns,W,,98,92,4,6,W 1
2018,BRK,2017-11-07,9:00p,@,Denver Nuggets,L,,104,112,4,7,L 1
2018,BRK,2017-11-10,10:00p,@,Portland Trail Blazers,W,,101,97,5,7,W 1
2018,BRK,2017-11-11,9:00p,@,Utah Jazz,L,,106,114,5,8,L 1
2018,BRK,2017-11-14,7:30p,,Boston Celtics,L,,102,109,5,9,L 2
2018,BRK,2017-11-17,7:30p,,Utah Jazz,W,,118,107,6,9,W 1
2018,BRK,2017-11-19,6:00p,,Golden State Warriors,L,,111,118,6,10,L 1
2018,BRK,2017-11-22,7:00p,@,Cleveland Cavaliers,L,,109,119,6,11,L 2
2018,BRK,2017-11-24,12:00p,,Portland Trail Blazers,L,,125,127,6,12,L 3
2018,BRK,2017-11-26,6:00p,@,Memphis Grizzlies,W,,98,88,7,12,W 1
2018,BRK,2017-11-27,8:00p,@,Houston Rockets,L,,103,117,7,13,L 1
2018,BRK,2017-11-29,8:30p,@,Dallas Mavericks,W,,109,104,8,13,W 1
2018,BRK,2017-12-02,3:00p,,Atlanta Hawks,L,,102,114,8,14,L 1
2018,BRK,2017-12-04,7:30p,@,Atlanta Hawks,W,,110,90,9,14,W 1
2018,BRK,2017-12-07,10:00p,,Oklahoma City Thunder,W,,100,95,10,14,W 2
2018,BRK,2017-12-09,6:00p,,Miami Heat,L,,89,101,10,15,L 1
2018,BRK,2017-12-12,7:30p,,Washington Wizards,W,,103,98,11,15,W 1
2018,BRK,2017-12-14,7:30p,,New York Knicks,L,,104,111,11,16,L 1
2018,BRK,2017-12-15,7:30p,@,Toronto Raptors,L,,87,120,11,17,L 2
2018,BRK,2017-12-17,6:00p,,Indiana Pacers,L,,97,109,11,18,L 3
2018,BRK,2017-12-20,7:30p,,Sacramento Kings,L,,99,104,11,19,L 4
2018,BRK,2017-12-22,7:30p,,Washington Wizards,W,,119,84,12,19,W 1
2018,BRK,2017-12-23,7:00p,@,Indiana Pacers,L,OT,119,123,12,20,L 1
2018,BRK,2017-12-26,8:30p,@,San Antonio Spurs,L,,97,109,12,21,L 2
2018,BRK,2017-12-27,8:00p,@,New Orleans Pelicans,L,,113,128,12,22,L 3
2018,BRK,2017-12-29,8:00p,@,Miami Heat,W,,111,87,13,22,W 1
2018,BRK,2017-12-31,5:30p,@,Boston Celtics,L,,105,108,13,23,L 1
2018,BRK,2018-01-01,7:30p,,Orlando Magic,W,,98,95,14,23,W 1
2018,BRK,2018-01-03,7:30p,,Minnesota Timberwolves,W,,98,97,15,23,W 2
2018,BRK,2018-01-06,6:00p,,Boston Celtics,L,,85,87,15,24,L 1
2018,BRK,2018-01-08,7:30p,,Toronto Raptors,L,OT,113,114,15,25,L 2
2018,BRK,2018-01-10,7:30p,,Detroit Pistons,L,,80,114,15,26,L 3
2018,BRK,2018-01-12,7:30p,@,Atlanta Hawks,W,,110,105,16,26,W 1
2018,BRK,2018-01-13,7:00p,@,Washington Wizards,L,OT,113,119,16,27,L 1
2018,BRK,2018-01-15,3:00p,,New York Knicks,L,,104,119,16,28,L 2
2018,BRK,2018-01-17,7:30p,,San Antonio Spurs,L,,95,100,16,29,L 3
2018,BRK,2018-01-19,7:30p,,Miami Heat,W,,101,95,17,29,W 1
2018,BRK,2018-01-21,4:00p,@,Detroit Pistons,W,,101,100,18,29,W 2
2018,BRK,2018-01-23,8:00p,@,Oklahoma City Thunder,L,,108,109,18,30,L 1
2018,BRK,2018-01-26,8:00p,@,Milwaukee Bucks,L,,91,116,18,31,L 2
2018,BRK,2018-01-27,9:00p,@,Minnesota Timberwolves,L,,97,111,18,32,L 3
2018,BRK,2018-01-30,7:30p,@,New York Knicks,L,,95,111,18,33,L 4
2018,BRK,2018-01-31,7:30p,,Philadelphia 76ers,W,,116,108,19,33,W 1
2018,BRK,2018-02-02,7:30p,,Los Angeles Lakers,L,,99,102,19,34,L 1
2018,BRK,2018-02-04,12:00p,,Milwaukee Bucks,L,,94,109,19,35,L 2
2018,BRK,2018-02-06,7:30p,,Houston Rockets,L,,113,123,19,36,L 3
2018,BRK,2018-02-07,7:00p,@,Detroit Pistons,L,,106,115,19,37,L 4
2018,BRK,2018-02-10,6:00p,,New Orleans Pelicans,L,2OT,128,138,19,38,L 5
2018,BRK,2018-02-12,7:30p,,Los Angeles Clippers,L,,101,114,19,39,L 6
2018,BRK,2018-02-14,7:30p,,Indiana Pacers,L,,103,108,19,40,L 7
2018,BRK,2018-02-22,7:00p,@,Charlotte Hornets,L,,96,111,19,41,L 8
2018,BRK,2018-02-26,7:30p,,Chicago Bulls,W,,104,87,20,41,W 1
2018,BRK,2018-02-27,7:00p,@,Cleveland Cavaliers,L,,123,129,20,42,L 1
2018,BRK,2018-03-01,10:00p,@,Sacramento Kings,L,OT,111,116,20,43,L 2
2018,BRK,2018-03-04,9:00p,@,Los Angeles Clippers,L,,120,123,20,44,L 3
2018,BRK,2018-03-06,10:30p,@,Golden State Warriors,L,,101,114,20,45,L 4
2018,BRK,2018-03-08,7:00p,@,Charlotte Hornets,W,,125,111,21,45,W 1
2018,BRK,2018-03-11,7:30p,,Philadelphia 76ers,L,,97,120,21,46,L 1
2018,BRK,2018-03-13,7:30p,,Toronto Raptors,L,,102,116,21,47,L 2
2018,BRK,2018-03-16,7:00p,@,Philadelphia 76ers,L,,116,120,21,48,L 3
2018,BRK,2018-03-17,7:30p,,Dallas Mavericks,W,,114,106,22,48,W 1
2018,BRK,2018-03-19,7:30p,,Memphis Grizzlies,W,,118,115,23,48,W 2
2018,BRK,2018-03-21,7:30p,,Charlotte Hornets,L,,105,111,23,49,L 1
2018,BRK,2018-03-23,7:30p,@,Toronto Raptors,L,,112,116,23,50,L 2
2018,BRK,2018-03-25,1:00p,,Cleveland Cavaliers,L,,114,121,23,51,L 3
2018,BRK,2018-03-28,7:00p,@,Orlando Magic,W,,111,104,24,51,W 1
2018,BRK,2018-03-31,8:00p,@,Miami Heat,W,OT,110,109,25,51,W 2
2018,BRK,2018-04-01,6:00p,,Detroit Pistons,L,,96,108,25,52,L 1
2018,BRK,2018-04-03,7:00p,@,Philadelphia 76ers,L,,95,121,25,53,L 2
2018,BRK,2018-04-05,8:00p,@,Milwaukee Bucks,W,,119,111,26,53,W 1
2018,BRK,2018-04-07,8:00p,@,Chicago Bulls,W,,124,96,27,53,W 2
2018,BRK,2018-04-09,7:30p,,Chicago Bulls,W,,114,105,28,53,W 3
2018,BRK,2018-04-11,8:00p,@,Boston Celtics,L,,97,110,28,54,L 1
2018,CHI,2017-10-19,7:30p,@,Toronto Raptors,L,,100,117,0,1,L 1
2018,CHI,2017-10-21,8:00p,,San Antonio Spurs,L,,77,87,0,2,L 2
2018,CHI,2017-10-24,7:00p,@,Cleveland Cavaliers,L,,112,119,0,3,L 3
2018,CHI,2017-10-26,8:00p,,Atlanta Hawks,W,,91,86,1,3,W 1
2018,CHI,2017-10-28,8:00p,,Oklahoma City Thunder,L,,69,101,1,4,L 1
2018,CHI,2017-11-01,7:30p,@,Miami Heat,L,,91,97,1,5,L 2
2018,CHI,2017-11-03,7:00p,@,Orlando Magic,W,,105,83,2,5,W 1
2018,CHI,2017-11-04,8:00p,,New Orleans Pelicans,L,OT,90,96,2,6,L 1
2018,CHI,2017-11-07,7:30p,@,Toronto Raptors,L,,114,119,2,7,L 2
2018,CHI,2017-11-10,8:00p,,Indiana Pacers,L,,87,105,2,8,L 3
2018,CHI,2017-11-11,8:30p,@,San Antonio Spurs,L,,94,133,2,9,L 4
2018,CHI,2017-11-15,8:00p,@,Oklahoma City Thunder,L,,79,92,2,10,L 5
2018,CHI,2017-11-17,8:00p,,Charlotte Hornets,W,,123,120,3,10,W 1
2018,CHI,2017-11-19,8:00p,@,Phoenix Suns,L,,105,113,3,11,L 1
2018,CHI,2017-11-21,10:30p,@,Los Angeles Lakers,L,,94,103,3,12,L 2
2018,CHI,2017-11-22,9:00p,@,Utah Jazz,L,,80,110,3,13,L 3
2018,CHI,2017-11-24,10:30p,@,Golden State Warriors,L,,94,143,3,14,L 4
2018,CHI,2017-11-26,3:30p,,Miami Heat,L,,93,100,3,15,L 5
2018,CHI,2017-11-28,8:00p,,Phoenix Suns,L,,99,104,3,16,L 6
2018,CHI,2017-11-30,9:00p,@,Denver Nuggets,L,,110,111,3,17,L 7
2018,CHI,2017-12-01,8:00p,,Sacramento Kings,L,,106,107,3,18,L 8
2018,CHI,2017-12-04,8:00p,,Cleveland Cavaliers,L,,91,113,3,19,L 9
2018,CHI,2017-12-06,7:00p,@,Indiana Pacers,L,,96,98,3,20,L 10
2018,CHI,2017-12-08,7:00p,@,Charlotte Hornets,W,OT,119,111,4,20,W 1
2018,CHI,2017-12-09,8:00p,,New York Knicks,W,,104,102,5,20,W 2
2018,CHI,2017-12-11,8:00p,,Boston Celtics,W,,108,85,6,20,W 3
2018,CHI,2017-12-13,8:00p,,Utah Jazz,W,,103,100,7,20,W 4
2018,CHI,2017-12-15,8:00p,@,Milwaukee Bucks,W,,115,109,8,20,W 5
2018,CHI,2017-12-18,8:00p,,Philadelphia 76ers,W,,117,115,9,20,W 6
2018,CHI,2017-12-20,8:00p,,Orlando Magic,W,,112,94,10,20,W 7
2018,CHI,2017-12-21,7:00p,@,Cleveland Cavaliers,L,,112,115,10,21,L 1
2018,CHI,2017-12-23,7:30p,@,Boston Celtics,L,,92,117,10,22,L 2
2018,CHI,2017-12-26,8:00p,@,Milwaukee Bucks,W,,115,106,11,22,W 1
2018,CHI,2017-12-27,8:00p,,New York Knicks,W,,92,87,12,22,W 2
2018,CHI,2017-12-29,8:00p,,Indiana Pacers,W,,119,107,13,22,W 3
2018,CHI,2017-12-31,3:30p,@,Washington Wizards,L,,110,114,13,23,L 1
2018,CHI,2018-01-01,8:00p,,Portland Trail Blazers,L,OT,120,124,13,24,L 2
2018,CHI,2018-01-03,8:00p,,Toronto Raptors,L,,115,124,13,25,L 3
2018,CHI,2018-01-05,8:30p,@,Dallas Mavericks,W,,127,124,14,25,W 1
2018,CHI,2018-01-06,7:00p,@,Indiana Pacers,L,,86,125,14,26,L 1
2018,CHI,2018-01-08,8:00p,,Houston Rockets,L,,107,116,14,27,L 2
2018,CHI,2018-01-10,7:30p,@,New York Knicks,W,2OT,122,119,15,27,W 1
2018,CHI,2018-01-13,8:00p,,Detroit Pistons,W,,107,105,16,27,W 2
2018,CHI,2018-01-15,3:30p,,Miami Heat,W,,119,111,17,27,W 3
2018,CHI,2018-01-17,8:00p,,Golden State Warriors,L,,112,119,17,28,L 1
2018,CHI,2018-01-20,5:00p,@,Atlanta Hawks,W,,113,97,18,28,W 1
2018,CHI,2018-01-22,8:00p,@,New Orleans Pelicans,L,2OT,128,132,18,29,L 1
2018,CHI,2018-01-24,7:00p,@,Philadelphia 76ers,L,,101,115,18,30,L 2
2018,CHI,2018-01-26,8:00p,,Los Angeles Lakers,L,,103,108,18,31,L 3
2018,CHI,2018-01-28,3:30p,,Milwaukee Bucks,L,,96,110,18,32,L 4
2018,CHI,2018-01-31,10:00p,@,Portland Trail Blazers,L,,108,124,18,33,L 5
2018,CHI,2018-02-03,3:30p,@,Los Angeles Clippers,L,,103,113,18,34,L 6
2018,CHI,2018-02-05,10:00p,@,Sacramento Kings,L,,98,104,18,35,L 7
2018,CHI,2018-02-09,9:30p,,Minnesota Timberwolves,W,,114,113,19,35,W 1
2018,CHI,2018-02-10,8:00p,,Washington Wizards,L,,90,101,19,36,L 1
2018,CHI,2018-02-12,8:00p,,Orlando Magic,W,,105,101,20,36,W 1
2018,CHI,2018-02-14,8:00p,,Toronto Raptors,L,,98,122,20,37,L 1
2018,CHI,2018-02-22,8:00p,,Philadelphia 76ers,L,,115,116,20,38,L 2
2018,CHI,2018-02-24,9:00p,@,Minnesota Timberwolves,L,,104,122,20,39,L 3
2018,CHI,2018-02-26,7:30p,@,Brooklyn Nets,L,,87,104,20,40,L 4
2018,CHI,2018-02-27,7:00p,@,Charlotte Hornets,L,,103,118,20,41,L 5
2018,CHI,2018-03-02,8:00p,,Dallas Mavericks,W,,108,100,21,41,W 1
2018,CHI,2018-03-05,8:00p,,Boston Celtics,L,,89,105,21,42,L 1
2018,CHI,2018-03-07,8:00p,,Memphis Grizzlies,W,,119,110,22,42,W 1
2018,CHI,2018-03-09,7:00p,@,Detroit Pistons,L,,83,99,22,43,L 1
2018,CHI,2018-03-11,3:30p,@,Atlanta Hawks,W,,129,122,23,43,W 1
2018,CHI,2018-03-13,8:00p,,Los Angeles Clippers,L,,106,112,23,44,L 1
2018,CHI,2018-03-15,8:00p,@,Memphis Grizzlies,W,,111,110,24,44,W 1
2018,CHI,2018-03-17,8:00p,,Cleveland Cavaliers,L,,109,114,24,45,L 1
2018,CHI,2018-03-19,7:30p,@,New York Knicks,L,,92,110,24,46,L 2
2018,CHI,2018-03-21,8:00p,,Denver Nuggets,L,,102,135,24,47,L 3
2018,CHI,2018-03-23,8:00p,,Milwaukee Bucks,L,,105,118,24,48,L 4
2018,CHI,2018-03-24,7:00p,@,Detroit Pistons,L,,95,117,24,49,L 5
2018,CHI,2018-03-27,8:00p,@,Houston Rockets,L,,86,118,24,50,L 6
2018,CHI,2018-03-29,7:30p,@,Miami Heat,L,,92,103,24,51,L 7
2018,CHI,2018-03-30,7:00p,@,Orlando Magic,W,,90,82,25,51,W 1
2018,CHI,2018-04-01,3:30p,,Washington Wizards,W,,113,94,26,51,W 2
2018,CHI,2018-04-03,8:00p,,Charlotte Hornets,W,,120,114,27,51,W 3
2018,CHI,2018-04-06,7:30p,@,Boston Celtics,L,,104,111,27,52,L 1
2018,CHI,2018-04-07,8:00p,,Brooklyn Nets,L,,96,124,27,53,L 2
2018,CHI,2018-04-09,7:30p,@,Brooklyn Nets,L,,105,114,27,54,L 3
2018,CHI,2018-04-11,8:00p,,Detroit Pistons,L,,87,119,27,55,L 4
2018,CHO,2017-10-18,7:00p,@,Detroit Pistons,L,,90,102,0,1,L 1
2018,CHO,2017-10-20,7:00p,,Atlanta Hawks,W,,109,91,1,1,W 1
2018,CHO,2017-10-23,8:00p,@,Milwaukee Bucks,L,,94,103,1,2,L 1
2018,CHO,2017-10-25,7:00p,,Denver Nuggets,W,,110,93,2,2,W 1
2018,CHO,2017-10-27,7:00p,,Houston Rockets,L,,93,109,2,3,L 1
2018,CHO,2017-10-29,6:00p,,Orlando Magic,W,,120,113,3,3,W 1
2018,CHO,2017-10-30,8:00p,@,Memphis Grizzlies,W,,104,99,4,3,W 2
2018,CHO,2017-11-01,7:00p,,Milwaukee Bucks,W,,126,121,5,3,W 3
2018,CHO,2017-11-03,8:30p,@,San Antonio Spurs,L,,101,108,5,4,L 1
2018,CHO,2017-11-05,8:00p,@,Minnesota Timberwolves,L,,94,112,5,5,L 2
2018,CHO,2017-11-07,7:30p,@,New York Knicks,L,,113,118,5,6,L 3
2018,CHO,2017-11-10,7:30p,@,Boston Celtics,L,,87,90,5,7,L 4
2018,CHO,2017-11-15,8:00p,,Cleveland Cavaliers,L,,107,115,5,8,L 5
2018,CHO,2017-11-17,8:00p,@,Chicago Bulls,L,,120,123,5,9,L 6
2018,CHO,2017-11-18,7:00p,,Los Angeles Clippers,W,,102,87,6,9,W 1
2018,CHO,2017-11-20,7:00p,,Minnesota Timberwolves,W,,118,102,7,9,W 2
2018,CHO,2017-11-22,7:00p,,Washington Wizards,W,OT,129,124,8,9,W 3
2018,CHO,2017-11-24,8:00p,@,Cleveland Cavaliers,L,,99,100,8,10,L 1
2018,CHO,2017-11-25,7:00p,,San Antonio Spurs,L,,86,106,8,11,L 2
2018,CHO,2017-11-29,7:30p,@,Toronto Raptors,L,,113,126,8,12,L 3
2018,CHO,2017-12-01,8:00p,@,Miami Heat,L,,100,105,8,13,L 4
2018,CHO,2017-12-04,7:00p,,Orlando Magic,W,,104,94,9,13,W 1
2018,CHO,2017-12-06,8:00p,,Golden State Warriors,L,,87,101,9,14,L 1
2018,CHO,2017-12-08,7:00p,,Chicago Bulls,L,OT,111,119,9,15,L 2
2018,CHO,2017-12-09,7:00p,,Los Angeles Lakers,L,,99,110,9,16,L 3
2018,CHO,2017-12-11,8:00p,@,Oklahoma City Thunder,W,,116,103,10,16,W 1
2018,CHO,2017-12-13,9:30p,@,Houston Rockets,L,,96,108,10,17,L 1
2018,CHO,2017-12-15,7:00p,,Miami Heat,L,,98,104,10,18,L 2
2018,CHO,2017-12-16,7:00p,,Portland Trail Blazers,L,,91,93,10,19,L 3
2018,CHO,2017-12-18,7:00p,,New York Knicks,W,,109,91,11,19,W 1
2018,CHO,2017-12-20,7:00p,,Toronto Raptors,L,,111,129,11,20,L 1
2018,CHO,2017-12-22,8:00p,@,Milwaukee Bucks,L,,104,109,11,21,L 2
2018,CHO,2017-12-23,7:00p,,Milwaukee Bucks,W,,111,106,12,21,W 1
2018,CHO,2017-12-27,7:00p,,Boston Celtics,L,,91,102,12,22,L 1
2018,CHO,2017-12-29,10:30p,@,Golden State Warriors,W,,111,100,13,22,W 1
2018,CHO,2017-12-31,7:00p,@,Los Angeles Clippers,L,,98,106,13,23,L 1
2018,CHO,2018-01-02,10:00p,@,Sacramento Kings,W,,131,111,14,23,W 1
2018,CHO,2018-01-05,10:30p,@,Los Angeles Lakers,W,,108,94,15,23,W 2
2018,CHO,2018-01-10,7:00p,,Dallas Mavericks,L,,111,115,15,24,L 1
2018,CHO,2018-01-12,7:00p,,Utah Jazz,W,,99,88,16,24,W 1
2018,CHO,2018-01-13,5:00p,,Oklahoma City Thunder,L,,91,101,16,25,L 1
2018,CHO,2018-01-15,12:30p,@,Detroit Pistons,W,,118,107,17,25,W 1
2018,CHO,2018-01-17,7:00p,,Washington Wizards,W,,133,109,18,25,W 2
2018,CHO,2018-01-20,7:00p,,Miami Heat,L,,105,106,18,26,L 1
2018,CHO,2018-01-22,7:00p,,Sacramento Kings,W,,112,107,19,26,W 1
2018,CHO,2018-01-24,7:00p,,New Orleans Pelicans,L,,96,101,19,27,L 1
2018,CHO,2018-01-26,7:00p,,Atlanta Hawks,W,,121,110,20,27,W 1
2018,CHO,2018-01-27,7:30p,@,Miami Heat,L,,91,95,20,28,L 1
2018,CHO,2018-01-29,7:00p,@,Indiana Pacers,L,,96,105,20,29,L 2
2018,CHO,2018-01-31,7:30p,@,Atlanta Hawks,W,,123,110,21,29,W 1
2018,CHO,2018-02-02,7:00p,,Indiana Pacers,W,,133,126,22,29,W 2
2018,CHO,2018-02-04,3:00p,@,Phoenix Suns,W,,115,110,23,29,W 3
2018,CHO,2018-02-05,9:00p,@,Denver Nuggets,L,,104,121,23,30,L 1
2018,CHO,2018-02-08,10:00p,@,Portland Trail Blazers,L,OT,103,109,23,31,L 2
2018,CHO,2018-02-09,9:00p,@,Utah Jazz,L,,94,106,23,32,L 3
2018,CHO,2018-02-11,1:00p,,Toronto Raptors,L,,103,123,23,33,L 4
2018,CHO,2018-02-14,7:00p,@,Orlando Magic,W,,104,102,24,33,W 1
2018,CHO,2018-02-22,7:00p,,Brooklyn Nets,W,,111,96,25,33,W 2
2018,CHO,2018-02-23,7:00p,@,Washington Wizards,W,,122,105,26,33,W 3
2018,CHO,2018-02-25,1:00p,,Detroit Pistons,W,,114,98,27,33,W 4
2018,CHO,2018-02-27,7:00p,,Chicago Bulls,W,,118,103,28,33,W 5
2018,CHO,2018-02-28,7:30p,@,Boston Celtics,L,,106,134,28,34,L 1
2018,CHO,2018-03-02,7:00p,@,Philadelphia 76ers,L,,99,110,28,35,L 2
2018,CHO,2018-03-04,6:00p,@,Toronto Raptors,L,,98,103,28,36,L 3
2018,CHO,2018-03-06,7:00p,,Philadelphia 76ers,L,,114,128,28,37,L 4
2018,CHO,2018-03-08,7:00p,,Brooklyn Nets,L,,111,125,28,38,L 5
2018,CHO,2018-03-10,5:00p,,Phoenix Suns,W,,122,115,29,38,W 1
2018,CHO,2018-03-13,8:00p,@,New Orleans Pelicans,L,,115,119,29,39,L 1
2018,CHO,2018-03-15,7:30p,@,Atlanta Hawks,W,,129,117,30,39,W 1
2018,CHO,2018-03-17,7:30p,@,New York Knicks,L,,101,124,30,40,L 1
2018,CHO,2018-03-19,7:00p,@,Philadelphia 76ers,L,,94,108,30,41,L 2
2018,CHO,2018-03-21,7:30p,@,Brooklyn Nets,W,,111,105,31,41,W 1
2018,CHO,2018-03-22,7:00p,,Memphis Grizzlies,W,,140,79,32,41,W 2
2018,CHO,2018-03-24,8:30p,@,Dallas Mavericks,W,,102,98,33,41,W 3
2018,CHO,2018-03-26,7:00p,,New York Knicks,W,OT,137,128,34,41,W 4
2018,CHO,2018-03-28,7:00p,,Cleveland Cavaliers,L,,105,118,34,42,L 1
2018,CHO,2018-03-31,3:00p,@,Washington Wizards,L,,93,107,34,43,L 2
2018,CHO,2018-04-01,1:00p,,Philadelphia 76ers,L,,102,119,34,44,L 3
2018,CHO,2018-04-03,8:00p,@,Chicago Bulls,L,,114,120,34,45,L 4
2018,CHO,2018-04-06,7:00p,@,Orlando Magic,W,,137,100,35,45,W 1
2018,CHO,2018-04-08,1:00p,,Indiana Pacers,L,,117,123,35,46,L 1
2018,CHO,2018-04-10,7:00p,@,Indiana Pacers,W,,119,93,36,46,W 1
2018,CLE,2017-10-17,8:01p,,Boston Celtics,W,,102,99,1,0,W 1
2018,CLE,2017-10-20,7:00p,@,Milwaukee Bucks,W,,116,97,2,0,W 2
2018,CLE,2017-10-21,8:00p,,Orlando Magic,L,,93,114,2,1,L 1
2018,CLE,2017-10-24,7:00p,,Chicago Bulls,W,,119,112,3,1,W 1
2018,CLE,2017-10-25,7:30p,@,Brooklyn Nets,L,,107,112,3,2,L 1
2018,CLE,2017-10-28,7:00p,@,New Orleans Pelicans,L,,101,123,3,3,L 2
2018,CLE,2017-10-29,7:00p,,New York Knicks,L,,95,114,3,4,L 3
2018,CLE,2017-11-01,7:00p,,Indiana Pacers,L,,107,124,3,5,L 4
2018,CLE,2017-11-03,7:00p,@,Washington Wizards,W,,130,122,4,5,W 1
2018,CLE,2017-11-05,3:00p,,Atlanta Hawks,L,,115,117,4,6,L 1
2018,CLE,2017-11-07,7:00p,,Milwaukee Bucks,W,,124,119,5,6,W 1
2018,CLE,2017-11-09,8:00p,@,Houston Rockets,L,,113,117,5,7,L 1
2018,CLE,2017-11-11,8:30p,@,Dallas Mavericks,W,,111,104,6,7,W 1
2018,CLE,2017-11-13,7:30p,@,New York Knicks,W,,104,101,7,7,W 2
2018,CLE,2017-11-15,8:00p,@,Charlotte Hornets,W,,115,107,8,7,W 3
2018,CLE,2017-11-17,7:30p,,Los Angeles Clippers,W,OT,118,113,9,7,W 4
2018,CLE,2017-11-20,7:00p,@,Detroit Pistons,W,,116,88,10,7,W 5
2018,CLE,2017-11-22,7:00p,,Brooklyn Nets,W,,119,109,11,7,W 6
2018,CLE,2017-11-24,8:00p,,Charlotte Hornets,W,,100,99,12,7,W 7
2018,CLE,2017-11-27,7:00p,@,Philadelphia 76ers,W,,113,91,13,7,W 8
2018,CLE,2017-11-28,7:00p,,Miami Heat,W,,108,97,14,7,W 9
2018,CLE,2017-11-30,7:30p,@,Atlanta Hawks,W,,121,114,15,7,W 10
2018,CLE,2017-12-02,7:30p,,Memphis Grizzlies,W,,116,111,16,7,W 11
2018,CLE,2017-12-04,8:00p,@,Chicago Bulls,W,,113,91,17,7,W 12
2018,CLE,2017-12-06,7:00p,,Sacramento Kings,W,,101,95,18,7,W 13
2018,CLE,2017-12-08,7:00p,@,Indiana Pacers,L,,102,106,18,8,L 1
2018,CLE,2017-12-09,8:00p,,Philadelphia 76ers,W,,105,98,19,8,W 1
2018,CLE,2017-12-12,7:00p,,Atlanta Hawks,W,,123,114,20,8,W 2
2018,CLE,2017-12-14,8:00p,,Los Angeles Lakers,W,,121,112,21,8,W 3
2018,CLE,2017-12-16,7:30p,,Utah Jazz,W,,109,100,22,8,W 4
2018,CLE,2017-12-17,6:00p,@,Washington Wizards,W,,106,99,23,8,W 5
2018,CLE,2017-12-19,8:00p,@,Milwaukee Bucks,L,,116,119,23,9,L 1
2018,CLE,2017-12-21,7:00p,,Chicago Bulls,W,,115,112,24,9,W 1
2018,CLE,2017-12-25,3:00p,@,Golden State Warriors,L,,92,99,24,10,L 1
2018,CLE,2017-12-27,10:00p,@,Sacramento Kings,L,,95,109,24,11,L 2
2018,CLE,2017-12-30,8:00p,@,Utah Jazz,L,,101,104,24,12,L 3
2018,CLE,2018-01-02,7:00p,,Portland Trail Blazers,W,,127,110,25,12,W 1
2018,CLE,2018-01-03,8:00p,@,Boston Celtics,L,,88,102,25,13,L 1
2018,CLE,2018-01-06,7:00p,@,Orlando Magic,W,,131,127,26,13,W 1
2018,CLE,2018-01-08,8:00p,@,Minnesota Timberwolves,L,,99,127,26,14,L 1
2018,CLE,2018-01-11,8:00p,@,Toronto Raptors,L,,99,133,26,15,L 2
2018,CLE,2018-01-12,7:00p,@,Indiana Pacers,L,,95,97,26,16,L 3
2018,CLE,2018-01-15,8:00p,,Golden State Warriors,L,,108,118,26,17,L 4
2018,CLE,2018-01-18,7:00p,,Orlando Magic,W,,104,103,27,17,W 1
2018,CLE,2018-01-20,3:30p,,Oklahoma City Thunder,L,,124,148,27,18,L 1
2018,CLE,2018-01-23,8:00p,@,San Antonio Spurs,L,,102,114,27,19,L 2
2018,CLE,2018-01-26,7:30p,,Indiana Pacers,W,,115,108,28,19,W 1
2018,CLE,2018-01-28,6:00p,,Detroit Pistons,W,,121,104,29,19,W 2
2018,CLE,2018-01-30,8:00p,@,Detroit Pistons,L,,114,125,29,20,L 1
2018,CLE,2018-01-31,7:30p,,Miami Heat,W,,91,89,30,20,W 1
2018,CLE,2018-02-03,8:30p,,Houston Rockets,L,,88,120,30,21,L 1
2018,CLE,2018-02-06,7:00p,@,Orlando Magic,L,,98,116,30,22,L 2
2018,CLE,2018-02-07,8:00p,,Minnesota Timberwolves,W,OT,140,138,31,22,W 1
2018,CLE,2018-02-09,7:30p,@,Atlanta Hawks,W,,123,107,32,22,W 2
2018,CLE,2018-02-11,3:30p,@,Boston Celtics,W,,121,99,33,22,W 3
2018,CLE,2018-02-13,8:00p,@,Oklahoma City Thunder,W,,120,112,34,22,W 4
2018,CLE,2018-02-22,8:00p,,Washington Wizards,L,,103,110,34,23,L 1
2018,CLE,2018-02-23,8:00p,@,Memphis Grizzlies,W,,112,89,35,23,W 1
2018,CLE,2018-02-25,3:30p,,San Antonio Spurs,L,,94,110,35,24,L 1
2018,CLE,2018-02-27,7:00p,,Brooklyn Nets,W,,129,123,36,24,W 1
2018,CLE,2018-03-01,8:00p,,Philadelphia 76ers,L,,97,108,36,25,L 1
2018,CLE,2018-03-03,7:30p,,Denver Nuggets,L,,117,126,36,26,L 2
2018,CLE,2018-03-05,7:00p,,Detroit Pistons,W,,112,90,37,26,W 1
2018,CLE,2018-03-07,10:30p,@,Denver Nuggets,W,,113,108,38,26,W 2
2018,CLE,2018-03-09,10:30p,@,Los Angeles Clippers,L,,102,116,38,27,L 1
2018,CLE,2018-03-11,9:00p,@,Los Angeles Lakers,L,,113,127,38,28,L 2
2018,CLE,2018-03-13,10:00p,@,Phoenix Suns,W,,129,107,39,28,W 1
2018,CLE,2018-03-15,10:00p,@,Portland Trail Blazers,L,,105,113,39,29,L 1
2018,CLE,2018-03-17,8:00p,@,Chicago Bulls,W,,114,109,40,29,W 1
2018,CLE,2018-03-19,7:00p,,Milwaukee Bucks,W,,124,117,41,29,W 2
2018,CLE,2018-03-21,7:00p,,Toronto Raptors,W,,132,129,42,29,W 3
2018,CLE,2018-03-23,7:30p,,Phoenix Suns,W,,120,95,43,29,W 4
2018,CLE,2018-03-25,1:00p,@,Brooklyn Nets,W,,121,114,44,29,W 5
2018,CLE,2018-03-27,8:00p,@,Miami Heat,L,,79,98,44,30,L 1
2018,CLE,2018-03-28,7:00p,@,Charlotte Hornets,W,,118,105,45,30,W 1
2018,CLE,2018-03-30,8:00p,,New Orleans Pelicans,W,,107,102,46,30,W 2
2018,CLE,2018-04-01,6:00p,,Dallas Mavericks,W,,98,87,47,30,W 3
2018,CLE,2018-04-03,7:00p,,Toronto Raptors,W,,112,106,48,30,W 4
2018,CLE,2018-04-05,8:00p,,Washington Wizards,W,,119,115,49,30,W 5
2018,CLE,2018-04-06,7:00p,@,Philadelphia 76ers,L,,130,132,49,31,L 1
2018,CLE,2018-04-09,7:30p,@,New York Knicks,W,,123,109,50,31,W 1
2018,CLE,2018-04-11,8:00p,,New York Knicks,L,,98,110,50,32,L 1
2018,CLE,2018-04-15,3:30p,,Indiana Pacers,L,,80,98,0,1,L 1
2018,CLE,2018-04-18,7:00p,,Indiana Pacers,W,,100,97,1,1,W 1
2018,CLE,2018-04-20,7:00p,@,Indiana Pacers,L,,90,92,1,2,L 1
2018,CLE,2018-04-22,8:30p,@,Indiana Pacers,W,,104,100,2,2,W 1
2018,CLE,2018-04-25,7:00p,,Indiana Pacers,W,,98,95,3,2,W 2
2018,CLE,2018-04-27,8:00p,@,Indiana Pacers,L,,87,121,3,3,L 1
2018,CLE,2018-04-29,1:00p,,Indiana Pacers,W,,105,101,4,3,W 1
2018,CLE,2018-05-01,8:00p,@,Toronto Raptors,W,OT,113,112,5,3,W 2
2018,CLE,2018-05-03,6:00p,@,Toronto Raptors,W,,128,110,6,3,W 3
2018,CLE,2018-05-05,8:30p,,Toronto Raptors,W,,105,103,7,3,W 4
2018,CLE,2018-05-07,8:30p,,Toronto Raptors,W,,128,93,8,3,W 5
2018,CLE,2018-05-13,3:30p,@,Boston Celtics,L,,83,108,8,4,L 1
2018,CLE,2018-05-15,8:30p,@,Boston Celtics,L,,94,107,8,5,L 2
2018,CLE,2018-05-19,8:30p,,Boston Celtics,W,,116,86,9,5,W 1
2018,CLE,2018-05-21,8:30p,,Boston Celtics,W,,111,102,10,5,W 2
2018,CLE,2018-05-23,8:30p,@,Boston Celtics,L,,83,96,10,6,L 1
2018,CLE,2018-05-25,8:30p,,Boston Celtics,W,,109,99,11,6,W 1
2018,CLE,2018-05-27,8:30p,@,Boston Celtics,W,,87,79,12,6,W 2
2018,CLE,2018-05-31,9:00p,@,Golden State Warriors,L,OT,114,124,12,7,L 1
2018,CLE,2018-06-03,8:00p,@,Golden State Warriors,L,,103,122,12,8,L 2
2018,CLE,2018-06-06,9:00p,,Golden State Warriors,L,,102,110,12,9,L 3
2018,CLE,2018-06-08,9:00p,,Golden State Warriors,L,,85,108,12,10,L 4
2018,DAL,2017-10-18,8:30p,,Atlanta Hawks,L,,111,117,0,1,L 1
2018,DAL,2017-10-20,8:30p,,Sacramento Kings,L,,88,93,0,2,L 2
2018,DAL,2017-10-21,8:00p,@,Houston Rockets,L,,91,107,0,3,L 3
2018,DAL,2017-10-23,8:30p,,Golden State Warriors,L,,103,133,0,4,L 4
2018,DAL,2017-10-25,8:30p,,Memphis Grizzlies,W,,103,94,1,4,W 1
2018,DAL,2017-10-26,8:00p,@,Memphis Grizzlies,L,,91,96,1,5,L 1
2018,DAL,2017-10-28,8:30p,,Philadelphia 76ers,L,,110,112,1,6,L 2
2018,DAL,2017-10-30,9:00p,@,Utah Jazz,L,,89,104,1,7,L 3
2018,DAL,2017-11-01,10:30p,@,Los Angeles Clippers,L,,98,119,1,8,L 4
2018,DAL,2017-11-03,8:30p,,New Orleans Pelicans,L,,94,99,1,9,L 5
2018,DAL,2017-11-04,8:00p,@,Minnesota Timberwolves,L,,99,112,1,10,L 6
2018,DAL,2017-11-07,7:00p,@,Washington Wizards,W,,113,99,2,10,W 1
2018,DAL,2017-11-11,8:30p,,Cleveland Cavaliers,L,,104,111,2,11,L 1
2018,DAL,2017-11-12,7:00p,@,Oklahoma City Thunder,L,,99,112,2,12,L 2
2018,DAL,2017-11-14,8:30p,,San Antonio Spurs,L,,91,97,2,13,L 3
2018,DAL,2017-11-17,8:30p,,Minnesota Timberwolves,L,,87,111,2,14,L 4
2018,DAL,2017-11-18,9:00p,,Milwaukee Bucks,W,,111,79,3,14,W 1
2018,DAL,2017-11-20,8:30p,,Boston Celtics,L,OT,102,110,3,15,L 1
2018,DAL,2017-11-22,8:00p,@,Memphis Grizzlies,W,,95,94,4,15,W 1
2018,DAL,2017-11-25,8:30p,,Oklahoma City Thunder,W,,97,81,5,15,W 2
2018,DAL,2017-11-27,8:30p,@,San Antonio Spurs,L,,108,115,5,16,L 1
2018,DAL,2017-11-29,8:30p,,Brooklyn Nets,L,,104,109,5,17,L 2
2018,DAL,2017-12-02,2:00p,,Los Angeles Clippers,W,,108,82,6,17,W 1
2018,DAL,2017-12-04,8:30p,,Denver Nuggets,W,,122,105,7,17,W 2
2018,DAL,2017-12-06,7:30p,@,Boston Celtics,L,,90,97,7,18,L 1
2018,DAL,2017-12-08,8:00p,@,Milwaukee Bucks,L,,102,109,7,19,L 2
2018,DAL,2017-12-10,7:00p,@,Minnesota Timberwolves,L,,92,97,7,20,L 3
2018,DAL,2017-12-12,8:30p,,San Antonio Spurs,W,,95,89,8,20,W 1
2018,DAL,2017-12-14,10:30p,@,Golden State Warriors,L,,97,112,8,21,L 1
2018,DAL,2017-12-16,8:30p,@,San Antonio Spurs,L,,96,98,8,22,L 2
2018,DAL,2017-12-18,8:30p,,Phoenix Suns,L,,91,97,8,23,L 3
2018,DAL,2017-12-20,8:30p,,Detroit Pistons,W,,110,93,9,23,W 1
2018,DAL,2017-12-22,8:00p,@,Miami Heat,L,,101,113,9,24,L 1
2018,DAL,2017-12-23,7:30p,@,Atlanta Hawks,L,,107,112,9,25,L 2
2018,DAL,2017-12-26,7:00p,,Toronto Raptors,W,,98,93,10,25,W 1
2018,DAL,2017-12-27,7:00p,@,Indiana Pacers,W,,98,94,11,25,W 2
2018,DAL,2017-12-29,8:00p,@,New Orleans Pelicans,W,,128,120,12,25,W 3
2018,DAL,2017-12-31,7:00p,@,Oklahoma City Thunder,W,,116,113,13,25,W 4
2018,DAL,2018-01-03,8:30p,,Golden State Warriors,L,,122,125,13,26,L 1
2018,DAL,2018-01-05,8:30p,,Chicago Bulls,L,,124,127,13,27,L 2
2018,DAL,2018-01-07,7:00p,,New York Knicks,L,,96,100,13,28,L 3
2018,DAL,2018-01-09,8:30p,,Orlando Magic,W,,114,99,14,28,W 1
2018,DAL,2018-01-10,7:00p,@,Charlotte Hornets,W,,115,111,15,28,W 2
2018,DAL,2018-01-13,2:00p,,Los Angeles Lakers,L,OT,101,107,15,29,L 1
2018,DAL,2018-01-16,9:00p,@,Denver Nuggets,L,,102,105,15,30,L 2
2018,DAL,2018-01-20,10:00p,@,Portland Trail Blazers,L,,108,117,15,31,L 3
2018,DAL,2018-01-22,8:30p,,Washington Wizards,W,,98,75,16,31,W 1
2018,DAL,2018-01-24,8:00p,,Houston Rockets,L,,97,104,16,32,L 1
2018,DAL,2018-01-26,8:30p,,Portland Trail Blazers,L,,93,107,16,33,L 2
2018,DAL,2018-01-27,9:00p,@,Denver Nuggets,L,,89,91,16,34,L 3
2018,DAL,2018-01-29,8:30p,,Miami Heat,L,,88,95,16,35,L 4
2018,DAL,2018-01-31,10:30p,@,Phoenix Suns,L,,88,102,16,36,L 5
2018,DAL,2018-02-03,10:00p,@,Sacramento Kings,W,,106,99,17,36,W 1
2018,DAL,2018-02-05,10:30p,@,Los Angeles Clippers,L,,101,104,17,37,L 1
2018,DAL,2018-02-08,10:30p,@,Golden State Warriors,L,,103,121,17,38,L 2
2018,DAL,2018-02-10,8:30p,,Los Angeles Lakers,W,,130,123,18,38,W 1
2018,DAL,2018-02-11,7:00p,@,Houston Rockets,L,,97,104,18,39,L 1
2018,DAL,2018-02-13,8:30p,,Sacramento Kings,L,,109,114,18,40,L 2
2018,DAL,2018-02-23,10:30p,@,Los Angeles Lakers,L,,102,124,18,41,L 3
2018,DAL,2018-02-24,9:00p,@,Utah Jazz,L,,90,97,18,42,L 4
2018,DAL,2018-02-26,8:30p,,Indiana Pacers,W,,109,103,19,42,W 1
2018,DAL,2018-02-28,8:30p,,Oklahoma City Thunder,L,OT,110,111,19,43,L 1
2018,DAL,2018-03-02,8:00p,@,Chicago Bulls,L,,100,108,19,44,L 2
2018,DAL,2018-03-04,7:00p,,New Orleans Pelicans,L,,109,126,19,45,L 3
2018,DAL,2018-03-06,8:30p,,Denver Nuggets,W,,118,107,20,45,W 1
2018,DAL,2018-03-10,8:30p,,Memphis Grizzlies,W,,114,80,21,45,W 2
2018,DAL,2018-03-11,7:00p,,Houston Rockets,L,,82,105,21,46,L 1
2018,DAL,2018-03-13,7:30p,@,New York Knicks,W,,110,97,22,46,W 1
2018,DAL,2018-03-16,7:30p,@,Toronto Raptors,L,OT,115,122,22,47,L 1
2018,DAL,2018-03-17,7:30p,@,Brooklyn Nets,L,,106,114,22,48,L 2
2018,DAL,2018-03-20,8:00p,@,New Orleans Pelicans,L,,105,115,22,49,L 3
2018,DAL,2018-03-22,8:30p,,Utah Jazz,L,,112,119,22,50,L 4
2018,DAL,2018-03-24,8:30p,,Charlotte Hornets,L,,98,102,22,51,L 5
2018,DAL,2018-03-27,10:00p,@,Sacramento Kings,W,,103,97,23,51,W 1
2018,DAL,2018-03-28,10:30p,@,Los Angeles Lakers,L,,93,103,23,52,L 1
2018,DAL,2018-03-30,8:30p,,Minnesota Timberwolves,L,,92,93,23,53,L 2
2018,DAL,2018-04-01,6:00p,@,Cleveland Cavaliers,L,,87,98,23,54,L 3
2018,DAL,2018-04-03,8:30p,,Portland Trail Blazers,W,,115,109,24,54,W 1
2018,DAL,2018-04-04,7:00p,@,Orlando Magic,L,,100,105,24,55,L 1
2018,DAL,2018-04-06,7:00p,@,Detroit Pistons,L,OT,106,113,24,56,L 2
2018,DAL,2018-04-08,1:00p,@,Philadelphia 76ers,L,,97,109,24,57,L 3
2018,DAL,2018-04-10,8:30p,,Phoenix Suns,L,,97,124,24,58,L 4
2018,DEN,2017-10-18,9:00p,@,Utah Jazz,L,,96,106,0,1,L 1
2018,DEN,2017-10-21,9:00p,,Sacramento Kings,W,,96,79,1,1,W 1
2018,DEN,2017-10-23,9:00p,,Washington Wizards,L,,104,109,1,2,L 1
2018,DEN,2017-10-25,7:00p,@,Charlotte Hornets,L,,93,110,1,3,L 2
2018,DEN,2017-10-27,7:30p,@,Atlanta Hawks,W,,105,100,2,3,W 1
2018,DEN,2017-10-29,6:00p,@,Brooklyn Nets,W,,124,111,3,3,W 2
2018,DEN,2017-10-30,7:30p,@,New York Knicks,L,,110,116,3,4,L 1
2018,DEN,2017-11-01,9:00p,,Toronto Raptors,W,,129,111,4,4,W 1
2018,DEN,2017-11-03,9:00p,,Miami Heat,W,,95,94,5,4,W 2
2018,DEN,2017-11-04,9:00p,,Golden State Warriors,L,,108,127,5,5,L 1
2018,DEN,2017-11-07,9:00p,,Brooklyn Nets,W,,112,104,6,5,W 1
2018,DEN,2017-11-09,10:30p,,Oklahoma City Thunder,W,,102,94,7,5,W 2
2018,DEN,2017-11-11,9:00p,,Orlando Magic,W,,125,107,8,5,W 3
2018,DEN,2017-11-13,10:00p,@,Portland Trail Blazers,L,,82,99,8,6,L 1
2018,DEN,2017-11-17,10:30p,,New Orleans Pelicans,W,,146,114,9,6,W 1
2018,DEN,2017-11-19,9:30p,@,Los Angeles Lakers,L,,109,127,9,7,L 1
2018,DEN,2017-11-20,10:00p,@,Sacramento Kings,W,,114,98,10,7,W 1
2018,DEN,2017-11-22,8:00p,@,Houston Rockets,L,,95,125,10,8,L 1
2018,DEN,2017-11-24,9:00p,,Memphis Grizzlies,W,,104,92,11,8,W 1
2018,DEN,2017-11-28,10:00p,@,Utah Jazz,L,,77,106,11,9,L 1
2018,DEN,2017-11-30,9:00p,,Chicago Bulls,W,,111,110,12,9,W 1
2018,DEN,2017-12-02,9:00p,,Los Angeles Lakers,W,,115,100,13,9,W 2
2018,DEN,2017-12-04,8:30p,@,Dallas Mavericks,L,,105,122,13,10,L 1
2018,DEN,2017-12-06,8:00p,@,New Orleans Pelicans,L,,114,123,13,11,L 2
2018,DEN,2017-12-08,7:00p,@,Orlando Magic,W,,103,89,14,11,W 1
2018,DEN,2017-12-10,5:00p,@,Indiana Pacers,L,OT,116,126,14,12,L 1
2018,DEN,2017-12-12,7:00p,@,Detroit Pistons,W,,103,84,15,12,W 1
2018,DEN,2017-12-13,7:30p,@,Boston Celtics,L,,118,124,15,13,L 1
2018,DEN,2017-12-15,9:00p,,New Orleans Pelicans,W,OT,117,111,16,13,W 1
2018,DEN,2017-12-18,8:00p,@,Oklahoma City Thunder,L,,94,95,16,14,L 1
2018,DEN,2017-12-20,9:00p,,Minnesota Timberwolves,L,,104,112,16,15,L 2
2018,DEN,2017-12-22,10:00p,@,Portland Trail Blazers,W,,102,85,17,15,W 1
2018,DEN,2017-12-23,8:30p,@,Golden State Warriors,W,,96,81,18,15,W 2
2018,DEN,2017-12-26,9:00p,,Utah Jazz,W,,107,83,19,15,W 3
2018,DEN,2017-12-27,8:00p,@,Minnesota Timberwolves,L,OT,125,128,19,16,L 1
2018,DEN,2017-12-30,9:00p,,Philadelphia 76ers,L,,102,107,19,17,L 2
2018,DEN,2018-01-03,9:00p,,Phoenix Suns,W,,134,111,20,17,W 1
2018,DEN,2018-01-05,9:00p,,Utah Jazz,W,,99,91,21,17,W 2
2018,DEN,2018-01-06,10:00p,@,Sacramento Kings,L,,98,106,21,18,L 1
2018,DEN,2018-01-08,10:30p,@,Golden State Warriors,L,,114,124,21,19,L 2
2018,DEN,2018-01-10,9:00p,,Atlanta Hawks,L,,97,110,21,20,L 3
2018,DEN,2018-01-12,9:00p,,Memphis Grizzlies,W,,87,78,22,20,W 1
2018,DEN,2018-01-13,8:30p,@,San Antonio Spurs,L,,80,112,22,21,L 1
2018,DEN,2018-01-16,9:00p,,Dallas Mavericks,W,,105,102,23,21,W 1
2018,DEN,2018-01-17,10:30p,@,Los Angeles Clippers,L,,104,109,23,22,L 1
2018,DEN,2018-01-19,9:00p,,Phoenix Suns,L,,100,108,23,23,L 2
2018,DEN,2018-01-22,9:00p,,Portland Trail Blazers,W,,104,101,24,23,W 1
2018,DEN,2018-01-25,9:00p,,New York Knicks,W,,130,118,25,23,W 2
2018,DEN,2018-01-27,9:00p,,Dallas Mavericks,W,,91,89,26,23,W 3
2018,DEN,2018-01-29,9:00p,,Boston Celtics,L,,110,111,26,24,L 1
2018,DEN,2018-01-30,8:30p,@,San Antonio Spurs,L,,104,106,26,25,L 2
2018,DEN,2018-02-01,10:30p,,Oklahoma City Thunder,W,,127,124,27,25,W 1
2018,DEN,2018-02-03,9:00p,,Golden State Warriors,W,,115,108,28,25,W 2
2018,DEN,2018-02-05,9:00p,,Charlotte Hornets,W,,121,104,29,25,W 3
2018,DEN,2018-02-09,8:00p,@,Houston Rockets,L,,104,130,29,26,L 1
2018,DEN,2018-02-10,9:00p,@,Phoenix Suns,W,,123,113,30,26,W 1
2018,DEN,2018-02-13,10:30p,,San Antonio Spurs,W,,117,109,31,26,W 2
2018,DEN,2018-02-15,8:00p,@,Milwaukee Bucks,W,,134,123,32,26,W 3
2018,DEN,2018-02-23,9:00p,,San Antonio Spurs,W,,122,119,33,26,W 4
2018,DEN,2018-02-25,8:00p,,Houston Rockets,L,,114,119,33,27,L 1
2018,DEN,2018-02-27,10:30p,,Los Angeles Clippers,L,,120,122,33,28,L 2
2018,DEN,2018-03-02,8:00p,@,Memphis Grizzlies,W,,108,102,34,28,W 1
2018,DEN,2018-03-03,7:30p,@,Cleveland Cavaliers,W,,126,117,35,28,W 2
2018,DEN,2018-03-06,8:30p,@,Dallas Mavericks,L,,107,118,35,29,L 1
2018,DEN,2018-03-07,10:30p,,Cleveland Cavaliers,L,,108,113,35,30,L 2
2018,DEN,2018-03-09,9:00p,,Los Angeles Lakers,W,,125,116,36,30,W 1
2018,DEN,2018-03-11,5:00p,,Sacramento Kings,W,,130,104,37,30,W 2
2018,DEN,2018-03-13,10:30p,@,Los Angeles Lakers,L,,103,112,37,31,L 1
2018,DEN,2018-03-15,9:00p,,Detroit Pistons,W,,120,113,38,31,W 1
2018,DEN,2018-03-17,8:00p,@,Memphis Grizzlies,L,,94,101,38,32,L 1
2018,DEN,2018-03-19,7:30p,@,Miami Heat,L,2OT,141,149,38,33,L 2
2018,DEN,2018-03-21,8:00p,@,Chicago Bulls,W,,135,102,39,33,W 1
2018,DEN,2018-03-23,7:00p,@,Washington Wizards,W,,108,100,40,33,W 2
2018,DEN,2018-03-26,7:00p,@,Philadelphia 76ers,L,,104,123,40,34,L 1
2018,DEN,2018-03-27,7:30p,@,Toronto Raptors,L,,110,114,40,35,L 2
2018,DEN,2018-03-30,8:00p,@,Oklahoma City Thunder,W,OT,126,125,41,35,W 1
2018,DEN,2018-04-01,8:00p,,Milwaukee Bucks,W,OT,128,125,42,35,W 2
2018,DEN,2018-04-03,9:00p,,Indiana Pacers,W,,107,104,43,35,W 3
2018,DEN,2018-04-05,10:30p,,Minnesota Timberwolves,W,,100,96,44,35,W 4
2018,DEN,2018-04-07,3:30p,@,Los Angeles Clippers,W,,134,115,45,35,W 5
2018,DEN,2018-04-09,9:00p,,Portland Trail Blazers,W,,88,82,46,35,W 6
2018,DEN,2018-04-11,8:00p,@,Minnesota Timberwolves,L,OT,106,112,46,36,L 1
2018,DET,2017-10-18,7:00p,,Charlotte Hornets,W,,102,90,1,0,W 1
2018,DET,2017-10-20,7:00p,@,Washington Wizards,L,,111,115,1,1,L 1
2018,DET,2017-10-21,8:00p,@,New York Knicks,W,,111,107,2,1,W 1
2018,DET,2017-10-23,7:00p,,Philadelphia 76ers,L,,86,97,2,2,L 1
2018,DET,2017-10-25,7:00p,,Minnesota Timberwolves,W,,122,101,3,2,W 1
2018,DET,2017-10-28,10:30p,@,Los Angeles Clippers,W,,95,87,4,2,W 2
2018,DET,2017-10-29,8:30p,@,Golden State Warriors,W,,115,107,5,2,W 3
2018,DET,2017-10-31,10:30p,@,Los Angeles Lakers,L,,93,113,5,3,L 1
2018,DET,2017-11-03,7:00p,,Milwaukee Bucks,W,,105,96,6,3,W 1
2018,DET,2017-11-04,7:00p,,Sacramento Kings,W,,108,99,7,3,W 2
2018,DET,2017-11-08,7:00p,,Indiana Pacers,W,,114,97,8,3,W 3
2018,DET,2017-11-10,7:00p,,Atlanta Hawks,W,,111,104,9,3,W 4
2018,DET,2017-11-12,4:00p,,Miami Heat,W,,112,103,10,3,W 5
2018,DET,2017-11-15,8:00p,@,Milwaukee Bucks,L,,95,99,10,4,L 1
2018,DET,2017-11-17,7:00p,@,Indiana Pacers,L,,100,107,10,5,L 2
2018,DET,2017-11-19,7:00p,@,Minnesota Timberwolves,W,,100,97,11,5,W 1
2018,DET,2017-11-20,7:00p,,Cleveland Cavaliers,L,,88,116,11,6,L 1
2018,DET,2017-11-24,8:00p,@,Oklahoma City Thunder,W,,99,98,12,6,W 1
2018,DET,2017-11-27,7:30p,@,Boston Celtics,W,,118,108,13,6,W 2
2018,DET,2017-11-29,7:00p,,Phoenix Suns,W,,131,107,14,6,W 3
2018,DET,2017-12-01,7:00p,@,Washington Wizards,L,,91,109,14,7,L 1
2018,DET,2017-12-02,7:30p,@,Philadelphia 76ers,L,,103,108,14,8,L 2
2018,DET,2017-12-04,8:30p,@,San Antonio Spurs,L,,93,96,14,9,L 3
2018,DET,2017-12-06,8:00p,@,Milwaukee Bucks,L,,100,104,14,10,L 4
2018,DET,2017-12-08,7:00p,,Golden State Warriors,L,,98,102,14,11,L 5
2018,DET,2017-12-10,4:00p,,Boston Celtics,L,,81,91,14,12,L 6
2018,DET,2017-12-12,7:00p,,Denver Nuggets,L,,84,103,14,13,L 7
2018,DET,2017-12-14,7:30p,@,Atlanta Hawks,W,,105,91,15,13,W 1
2018,DET,2017-12-15,7:00p,@,Indiana Pacers,W,,104,98,16,13,W 2
2018,DET,2017-12-17,4:00p,,Orlando Magic,W,,114,110,17,13,W 3
2018,DET,2017-12-20,8:30p,@,Dallas Mavericks,L,,93,110,17,14,L 1
2018,DET,2017-12-22,7:00p,,New York Knicks,W,,104,101,18,14,W 1
2018,DET,2017-12-26,7:00p,,Indiana Pacers,W,,107,83,19,14,W 2
2018,DET,2017-12-28,7:00p,@,Orlando Magic,L,,89,102,19,15,L 1
2018,DET,2017-12-30,7:00p,,San Antonio Spurs,W,,93,79,20,15,W 1
2018,DET,2018-01-03,7:30p,@,Miami Heat,L,,104,111,20,16,L 1
2018,DET,2018-01-05,7:00p,@,Philadelphia 76ers,L,,78,114,20,17,L 2
2018,DET,2018-01-06,7:00p,,Houston Rockets,W,,108,101,21,17,W 1
2018,DET,2018-01-08,8:00p,@,New Orleans Pelicans,L,,109,112,21,18,L 1
2018,DET,2018-01-10,7:30p,@,Brooklyn Nets,W,,114,80,22,18,W 1
2018,DET,2018-01-13,8:00p,@,Chicago Bulls,L,,105,107,22,19,L 1
2018,DET,2018-01-15,12:30p,,Charlotte Hornets,L,,107,118,22,20,L 2
2018,DET,2018-01-17,7:30p,@,Toronto Raptors,L,,91,96,22,21,L 3
2018,DET,2018-01-19,8:00p,,Washington Wizards,L,,112,122,22,22,L 4
2018,DET,2018-01-21,4:00p,,Brooklyn Nets,L,,100,101,22,23,L 5
2018,DET,2018-01-24,7:00p,,Utah Jazz,L,OT,95,98,22,24,L 6
2018,DET,2018-01-27,5:00p,,Oklahoma City Thunder,L,,108,121,22,25,L 7
2018,DET,2018-01-28,6:00p,@,Cleveland Cavaliers,L,,104,121,22,26,L 8
2018,DET,2018-01-30,8:00p,,Cleveland Cavaliers,W,,125,114,23,26,W 1
2018,DET,2018-02-01,7:00p,,Memphis Grizzlies,W,,104,102,24,26,W 2
2018,DET,2018-02-03,7:00p,,Miami Heat,W,,111,107,25,26,W 3
2018,DET,2018-02-05,7:00p,,Portland Trail Blazers,W,,111,91,26,26,W 4
2018,DET,2018-02-07,7:00p,,Brooklyn Nets,W,,115,106,27,26,W 5
2018,DET,2018-02-09,7:00p,,Los Angeles Clippers,L,,95,108,27,27,L 1
2018,DET,2018-02-11,3:30p,@,Atlanta Hawks,L,,115,118,27,28,L 2
2018,DET,2018-02-12,7:00p,,New Orleans Pelicans,L,,103,118,27,29,L 3
2018,DET,2018-02-14,7:00p,,Atlanta Hawks,W,,104,98,28,29,W 1
2018,DET,2018-02-23,7:00p,,Boston Celtics,L,,98,110,28,30,L 1
2018,DET,2018-02-25,1:00p,@,Charlotte Hornets,L,,98,114,28,31,L 2
2018,DET,2018-02-26,7:30p,@,Toronto Raptors,L,,94,123,28,32,L 3
2018,DET,2018-02-28,7:00p,,Milwaukee Bucks,W,,110,87,29,32,W 1
2018,DET,2018-03-02,7:00p,@,Orlando Magic,L,OT,106,115,29,33,L 1
2018,DET,2018-03-03,7:30p,@,Miami Heat,L,,96,105,29,34,L 2
2018,DET,2018-03-05,7:00p,@,Cleveland Cavaliers,L,,90,112,29,35,L 3
2018,DET,2018-03-07,8:00p,,Toronto Raptors,L,OT,119,121,29,36,L 4
2018,DET,2018-03-09,7:00p,,Chicago Bulls,W,,99,83,30,36,W 1
2018,DET,2018-03-13,9:00p,@,Utah Jazz,L,,79,110,30,37,L 1
2018,DET,2018-03-15,9:00p,@,Denver Nuggets,L,,113,120,30,38,L 2
2018,DET,2018-03-17,10:00p,@,Portland Trail Blazers,L,,87,100,30,39,L 3
2018,DET,2018-03-19,10:00p,@,Sacramento Kings,W,,106,90,31,39,W 1
2018,DET,2018-03-20,10:00p,@,Phoenix Suns,W,,115,88,32,39,W 2
2018,DET,2018-03-22,8:00p,@,Houston Rockets,L,OT,96,100,32,40,L 1
2018,DET,2018-03-24,7:00p,,Chicago Bulls,W,,117,95,33,40,W 1
2018,DET,2018-03-26,7:00p,,Los Angeles Lakers,W,,112,106,34,40,W 2
2018,DET,2018-03-29,7:00p,,Washington Wizards,W,,103,92,35,40,W 3
2018,DET,2018-03-31,5:00p,@,New York Knicks,W,,115,109,36,40,W 4
2018,DET,2018-04-01,6:00p,@,Brooklyn Nets,W,,108,96,37,40,W 5
2018,DET,2018-04-04,7:00p,,Philadelphia 76ers,L,,108,115,37,41,L 1
2018,DET,2018-04-06,7:00p,,Dallas Mavericks,W,OT,113,106,38,41,W 1
2018,DET,2018-04-08,3:30p,@,Memphis Grizzlies,L,,117,130,38,42,L 1
2018,DET,2018-04-09,7:00p,,Toronto Raptors,L,,98,108,38,43,L 2
2018,DET,2018-04-11,8:00p,@,Chicago Bulls,W,,119,87,39,43,W 1
2018,GSW,2017-10-17,10:30p,,Houston Rockets,L,,121,122,0,1,L 1
2018,GSW,2017-10-20,9:30p,@,New Orleans Pelicans,W,,128,120,1,1,W 1
2018,GSW,2017-10-21,8:00p,@,Memphis Grizzlies,L,,101,111,1,2,L 1
2018,GSW,2017-10-23,8:30p,@,Dallas Mavericks,W,,133,103,2,2,W 1
2018,GSW,2017-10-25,10:30p,,Toronto Raptors,W,,117,112,3,2,W 2
2018,GSW,2017-10-27,10:30p,,Washington Wizards,W,,120,117,4,2,W 3
2018,GSW,2017-10-29,8:30p,,Detroit Pistons,L,,107,115,4,3,L 1
2018,GSW,2017-10-30,10:30p,@,Los Angeles Clippers,W,,141,113,5,3,W 1
2018,GSW,2017-11-02,8:00p,@,San Antonio Spurs,W,,112,92,6,3,W 2
2018,GSW,2017-11-04,9:00p,@,Denver Nuggets,W,,127,108,7,3,W 3
2018,GSW,2017-11-06,10:30p,,Miami Heat,W,,97,80,8,3,W 4
2018,GSW,2017-11-08,10:30p,,Minnesota Timberwolves,W,,125,101,9,3,W 5
2018,GSW,2017-11-11,8:30p,,Philadelphia 76ers,W,,135,114,10,3,W 6
2018,GSW,2017-11-13,10:30p,,Orlando Magic,W,,110,100,11,3,W 7
2018,GSW,2017-11-16,8:00p,@,Boston Celtics,L,,88,92,11,4,L 1
2018,GSW,2017-11-18,7:30p,@,Philadelphia 76ers,W,,124,116,12,4,W 1
2018,GSW,2017-11-19,6:00p,@,Brooklyn Nets,W,,118,111,13,4,W 2
2018,GSW,2017-11-22,8:00p,@,Oklahoma City Thunder,L,,91,108,13,5,L 1
2018,GSW,2017-11-24,10:30p,,Chicago Bulls,W,,143,94,14,5,W 1
2018,GSW,2017-11-25,8:30p,,New Orleans Pelicans,W,,110,95,15,5,W 2
2018,GSW,2017-11-27,10:30p,,Sacramento Kings,L,,106,110,15,6,L 1
2018,GSW,2017-11-29,10:30p,@,Los Angeles Lakers,W,OT,127,123,16,6,W 1
2018,GSW,2017-12-01,7:00p,@,Orlando Magic,W,,133,112,17,6,W 2
2018,GSW,2017-12-03,7:00p,@,Miami Heat,W,,123,95,18,6,W 3
2018,GSW,2017-12-04,8:00p,@,New Orleans Pelicans,W,,125,115,19,6,W 4
2018,GSW,2017-12-06,8:00p,@,Charlotte Hornets,W,,101,87,20,6,W 5
2018,GSW,2017-12-08,7:00p,@,Detroit Pistons,W,,102,98,21,6,W 6
2018,GSW,2017-12-11,10:30p,,Portland Trail Blazers,W,,111,104,22,6,W 7
2018,GSW,2017-12-14,10:30p,,Dallas Mavericks,W,,112,97,23,6,W 8
2018,GSW,2017-12-18,10:30p,@,Los Angeles Lakers,W,OT,116,114,24,6,W 9
2018,GSW,2017-12-20,10:30p,,Memphis Grizzlies,W,,97,84,25,6,W 10
2018,GSW,2017-12-22,10:30p,,Los Angeles Lakers,W,,113,106,26,6,W 11
2018,GSW,2017-12-23,8:30p,,Denver Nuggets,L,,81,96,26,7,L 1
2018,GSW,2017-12-25,3:00p,,Cleveland Cavaliers,W,,99,92,27,7,W 1
2018,GSW,2017-12-27,10:30p,,Utah Jazz,W,,126,101,28,7,W 2
2018,GSW,2017-12-29,10:30p,,Charlotte Hornets,L,,100,111,28,8,L 1
2018,GSW,2017-12-30,8:30p,,Memphis Grizzlies,W,,141,128,29,8,W 1
2018,GSW,2018-01-03,8:30p,@,Dallas Mavericks,W,,125,122,30,8,W 2
2018,GSW,2018-01-04,8:00p,@,Houston Rockets,W,,124,114,31,8,W 3
2018,GSW,2018-01-06,3:30p,@,Los Angeles Clippers,W,,121,105,32,8,W 4
2018,GSW,2018-01-08,10:30p,,Denver Nuggets,W,,124,114,33,8,W 5
2018,GSW,2018-01-10,10:30p,,Los Angeles Clippers,L,,106,125,33,9,L 1
2018,GSW,2018-01-12,8:00p,@,Milwaukee Bucks,W,,108,94,34,9,W 1
2018,GSW,2018-01-13,7:30p,@,Toronto Raptors,W,,127,125,35,9,W 2
2018,GSW,2018-01-15,8:00p,@,Cleveland Cavaliers,W,,118,108,36,9,W 3
2018,GSW,2018-01-17,8:00p,@,Chicago Bulls,W,,119,112,37,9,W 4
2018,GSW,2018-01-20,8:30p,@,Houston Rockets,L,,108,116,37,10,L 1
2018,GSW,2018-01-23,10:30p,,New York Knicks,W,,123,112,38,10,W 1
2018,GSW,2018-01-25,10:30p,,Minnesota Timberwolves,W,,126,113,39,10,W 2
2018,GSW,2018-01-27,8:30p,,Boston Celtics,W,,109,105,40,10,W 3
2018,GSW,2018-01-30,9:00p,@,Utah Jazz,L,,99,129,40,11,L 1
2018,GSW,2018-02-02,10:30p,@,Sacramento Kings,W,,119,104,41,11,W 1
2018,GSW,2018-02-03,9:00p,@,Denver Nuggets,L,,108,115,41,12,L 1
2018,GSW,2018-02-06,10:30p,,Oklahoma City Thunder,L,,105,125,41,13,L 2
2018,GSW,2018-02-08,10:30p,,Dallas Mavericks,W,,121,103,42,13,W 1
2018,GSW,2018-02-10,8:30p,,San Antonio Spurs,W,,122,105,43,13,W 2
2018,GSW,2018-02-12,10:30p,,Phoenix Suns,W,,129,83,44,13,W 3
2018,GSW,2018-02-14,10:30p,@,Portland Trail Blazers,L,,117,123,44,14,L 1
2018,GSW,2018-02-22,10:30p,,Los Angeles Clippers,W,,134,127,45,14,W 1
2018,GSW,2018-02-24,8:30p,,Oklahoma City Thunder,W,,112,80,46,14,W 2
2018,GSW,2018-02-26,7:30p,@,New York Knicks,W,,125,111,47,14,W 3
2018,GSW,2018-02-28,8:00p,@,Washington Wizards,W,,109,101,48,14,W 4
2018,GSW,2018-03-02,7:30p,@,Atlanta Hawks,W,,114,109,49,14,W 5
2018,GSW,2018-03-06,10:30p,,Brooklyn Nets,W,,114,101,50,14,W 6
2018,GSW,2018-03-08,10:30p,,San Antonio Spurs,W,,110,107,51,14,W 7
2018,GSW,2018-03-09,10:00p,@,Portland Trail Blazers,L,,108,125,51,15,L 1
2018,GSW,2018-03-11,3:30p,@,Minnesota Timberwolves,L,,103,109,51,16,L 2
2018,GSW,2018-03-14,10:30p,,Los Angeles Lakers,W,,117,106,52,16,W 1
2018,GSW,2018-03-16,10:30p,,Sacramento Kings,L,,93,98,52,17,L 1
2018,GSW,2018-03-17,10:00p,@,Phoenix Suns,W,,124,109,53,17,W 1
2018,GSW,2018-03-19,9:30p,@,San Antonio Spurs,L,,75,89,53,18,L 1
2018,GSW,2018-03-23,10:30p,,Atlanta Hawks,W,,106,94,54,18,W 1
2018,GSW,2018-03-25,8:30p,,Utah Jazz,L,,91,110,54,19,L 1
2018,GSW,2018-03-27,10:30p,,Indiana Pacers,L,,81,92,54,20,L 2
2018,GSW,2018-03-29,10:30p,,Milwaukee Bucks,L,,107,116,54,21,L 3
2018,GSW,2018-03-31,10:00p,@,Sacramento Kings,W,,112,96,55,21,W 1
2018,GSW,2018-04-01,8:30p,,Phoenix Suns,W,,117,107,56,21,W 2
2018,GSW,2018-04-03,8:00p,@,Oklahoma City Thunder,W,,111,107,57,21,W 3
2018,GSW,2018-04-05,7:00p,@,Indiana Pacers,L,,106,126,57,22,L 1
2018,GSW,2018-04-07,8:30p,,New Orleans Pelicans,L,,120,126,57,23,L 2
2018,GSW,2018-04-08,9:00p,@,Phoenix Suns,W,,117,100,58,23,W 1
2018,GSW,2018-04-10,9:00p,@,Utah Jazz,L,,79,119,58,24,L 1
2018,GSW,2018-04-14,3:00p,,San Antonio Spurs,W,,113,92,1,0,W 1
2018,GSW,2018-04-16,10:30p,,San Antonio Spurs,W,,116,101,2,0,W 2
2018,GSW,2018-04-19,9:30p,@,San Antonio Spurs,W,,110,97,3,0,W 3
2018,GSW,2018-04-22,3:30p,@,San Antonio Spurs,L,,90,103,3,1,L 1
2018,GSW,2018-04-24,10:30p,,San Antonio Spurs,W,,99,91,4,1,W 1
2018,GSW,2018-04-28,10:30p,,New Orleans Pelicans,W,,123,101,5,1,W 2
2018,GSW,2018-05-01,10:30p,,New Orleans Pelicans,W,,121,116,6,1,W 3
2018,GSW,2018-05-04,8:00p,@,New Orleans Pelicans,L,,100,119,6,2,L 1
2018,GSW,2018-05-06,3:30p,@,New Orleans Pelicans,W,,118,92,7,2,W 1
2018,GSW,2018-05-08,10:30p,,New Orleans Pelicans,W,,113,104,8,2,W 2
2018,GSW,2018-05-14,9:00p,@,Houston Rockets,W,,119,106,9,2,W 3
2018,GSW,2018-05-16,9:00p,@,Houston Rockets,L,,105,127,9,3,L 1
2018,GSW,2018-05-20,8:00p,,Houston Rockets,W,,126,85,10,3,W 1
2018,GSW,2018-05-22,9:00p,,Houston Rockets,L,,92,95,10,4,L 1
2018,GSW,2018-05-24,9:00p,@,Houston Rockets,L,,94,98,10,5,L 2
2018,GSW,2018-05-26,9:00p,,Houston Rockets,W,,115,86,11,5,W 1
2018,GSW,2018-05-28,9:00p,@,Houston Rockets,W,,101,92,12,5,W 2
2018,GSW,2018-05-31,9:00p,,Cleveland Cavaliers,W,OT,124,114,13,5,W 3
2018,GSW,2018-06-03,8:00p,,Cleveland Cavaliers,W,,122,103,14,5,W 4
2018,GSW,2018-06-06,9:00p,@,Cleveland Cavaliers,W,,110,102,15,5,W 5
2018,GSW,2018-06-08,9:00p,@,Cleveland Cavaliers,W,,108,85,16,5,W 6
2018,HOU,2017-10-17,10:30p,@,Golden State Warriors,W,,122,121,1,0,W 1
2018,HOU,2017-10-18,10:00p,@,Sacramento Kings,W,,105,100,2,0,W 2
2018,HOU,2017-10-21,8:00p,,Dallas Mavericks,W,,107,91,3,0,W 3
2018,HOU,2017-10-23,8:00p,,Memphis Grizzlies,L,,90,98,3,1,L 1
2018,HOU,2017-10-25,7:00p,@,Philadelphia 76ers,W,,105,104,4,1,W 1
2018,HOU,2017-10-27,7:00p,@,Charlotte Hornets,W,,109,93,5,1,W 2
2018,HOU,2017-10-28,8:00p,@,Memphis Grizzlies,L,,89,103,5,2,L 1
2018,HOU,2017-10-30,8:00p,,Philadelphia 76ers,L,,107,115,5,3,L 2
2018,HOU,2017-11-01,8:00p,@,New York Knicks,W,,119,97,6,3,W 1
2018,HOU,2017-11-03,7:30p,@,Atlanta Hawks,W,,119,104,7,3,W 2
2018,HOU,2017-11-05,7:00p,,Utah Jazz,W,,137,110,8,3,W 3
2018,HOU,2017-11-09,8:00p,,Cleveland Cavaliers,W,,117,113,9,3,W 4
2018,HOU,2017-11-11,8:00p,,Memphis Grizzlies,W,,111,96,10,3,W 5
2018,HOU,2017-11-12,6:00p,@,Indiana Pacers,W,,118,95,11,3,W 6
2018,HOU,2017-11-14,8:00p,,Toronto Raptors,L,,113,129,11,4,L 1
2018,HOU,2017-11-16,10:30p,@,Phoenix Suns,W,,142,116,12,4,W 1
2018,HOU,2017-11-18,8:00p,@,Memphis Grizzlies,W,,105,83,13,4,W 2
2018,HOU,2017-11-22,8:00p,,Denver Nuggets,W,,125,95,14,4,W 3
2018,HOU,2017-11-25,8:00p,,New York Knicks,W,,117,102,15,4,W 4
2018,HOU,2017-11-27,8:00p,,Brooklyn Nets,W,,117,103,16,4,W 5
2018,HOU,2017-11-29,8:00p,,Indiana Pacers,W,,118,97,17,4,W 6
2018,HOU,2017-12-03,9:30p,@,Los Angeles Lakers,W,,118,95,18,4,W 7
2018,HOU,2017-12-07,10:30p,@,Utah Jazz,W,,112,101,19,4,W 8
2018,HOU,2017-12-09,10:00p,@,Portland Trail Blazers,W,,124,117,20,4,W 9
2018,HOU,2017-12-11,8:00p,,New Orleans Pelicans,W,,130,123,21,4,W 10
2018,HOU,2017-12-13,9:30p,,Charlotte Hornets,W,,108,96,22,4,W 11
2018,HOU,2017-12-15,9:30p,,San Antonio Spurs,W,,124,109,23,4,W 12
2018,HOU,2017-12-16,8:00p,,Milwaukee Bucks,W,,115,111,24,4,W 13
2018,HOU,2017-12-18,8:00p,,Utah Jazz,W,,120,99,25,4,W 14
2018,HOU,2017-12-20,8:00p,,Los Angeles Lakers,L,,116,122,25,5,L 1
2018,HOU,2017-12-22,8:00p,,Los Angeles Clippers,L,,118,128,25,6,L 2
2018,HOU,2017-12-25,8:00p,@,Oklahoma City Thunder,L,,107,112,25,7,L 3
2018,HOU,2017-12-28,8:00p,@,Boston Celtics,L,,98,99,25,8,L 4
2018,HOU,2017-12-29,7:00p,@,Washington Wizards,L,,103,121,25,9,L 5
2018,HOU,2017-12-31,7:00p,,Los Angeles Lakers,W,2OT,148,142,26,9,W 1
2018,HOU,2018-01-03,7:00p,@,Orlando Magic,W,,116,98,27,9,W 2
2018,HOU,2018-01-04,8:00p,,Golden State Warriors,L,,114,124,27,10,L 1
2018,HOU,2018-01-06,7:00p,@,Detroit Pistons,L,,101,108,27,11,L 2
2018,HOU,2018-01-08,8:00p,@,Chicago Bulls,W,,116,107,28,11,W 1
2018,HOU,2018-01-10,8:00p,,Portland Trail Blazers,W,,121,112,29,11,W 2
2018,HOU,2018-01-12,10:30p,@,Phoenix Suns,W,,112,95,30,11,W 3
2018,HOU,2018-01-15,10:30p,@,Los Angeles Clippers,L,,102,113,30,12,L 1
2018,HOU,2018-01-18,9:30p,,Minnesota Timberwolves,W,,116,98,31,12,W 1
2018,HOU,2018-01-20,8:30p,,Golden State Warriors,W,,116,108,32,12,W 2
2018,HOU,2018-01-22,8:00p,,Miami Heat,W,,99,90,33,12,W 3
2018,HOU,2018-01-24,8:00p,@,Dallas Mavericks,W,,104,97,34,12,W 4
2018,HOU,2018-01-26,8:00p,@,New Orleans Pelicans,L,,113,115,34,13,L 1
2018,HOU,2018-01-28,3:30p,,Phoenix Suns,W,,113,102,35,13,W 1
2018,HOU,2018-01-30,8:00p,,Orlando Magic,W,,114,107,36,13,W 2
2018,HOU,2018-02-01,8:00p,@,San Antonio Spurs,W,,102,91,37,13,W 3
2018,HOU,2018-02-03,8:30p,@,Cleveland Cavaliers,W,,120,88,38,13,W 4
2018,HOU,2018-02-06,7:30p,@,Brooklyn Nets,W,,123,113,39,13,W 5
2018,HOU,2018-02-07,7:30p,@,Miami Heat,W,,109,101,40,13,W 6
2018,HOU,2018-02-09,8:00p,,Denver Nuggets,W,,130,104,41,13,W 7
2018,HOU,2018-02-11,7:00p,,Dallas Mavericks,W,,104,97,42,13,W 8
2018,HOU,2018-02-13,8:00p,@,Minnesota Timberwolves,W,,126,108,43,13,W 9
2018,HOU,2018-02-14,8:00p,,Sacramento Kings,W,,100,91,44,13,W 10
2018,HOU,2018-02-23,8:00p,,Minnesota Timberwolves,W,,120,102,45,13,W 11
2018,HOU,2018-02-25,8:00p,@,Denver Nuggets,W,,119,114,46,13,W 12
2018,HOU,2018-02-26,9:00p,@,Utah Jazz,W,,96,85,47,13,W 13
2018,HOU,2018-02-28,10:30p,@,Los Angeles Clippers,W,,105,92,48,13,W 14
2018,HOU,2018-03-03,8:30p,,Boston Celtics,W,,123,120,49,13,W 15
2018,HOU,2018-03-06,8:00p,@,Oklahoma City Thunder,W,,122,112,50,13,W 16
2018,HOU,2018-03-07,8:00p,@,Milwaukee Bucks,W,,110,99,51,13,W 17
2018,HOU,2018-03-09,7:30p,@,Toronto Raptors,L,,105,108,51,14,L 1
2018,HOU,2018-03-11,7:00p,@,Dallas Mavericks,W,,105,82,52,14,W 1
2018,HOU,2018-03-12,8:00p,,San Antonio Spurs,W,,109,93,53,14,W 2
2018,HOU,2018-03-15,8:00p,,Los Angeles Clippers,W,,101,96,54,14,W 3
2018,HOU,2018-03-17,7:00p,@,New Orleans Pelicans,W,,107,101,55,14,W 4
2018,HOU,2018-03-18,7:00p,@,Minnesota Timberwolves,W,,129,120,56,14,W 5
2018,HOU,2018-03-20,10:30p,@,Portland Trail Blazers,W,,115,111,57,14,W 6
2018,HOU,2018-03-22,8:00p,,Detroit Pistons,W,OT,100,96,58,14,W 7
2018,HOU,2018-03-24,8:00p,,New Orleans Pelicans,W,,114,91,59,14,W 8
2018,HOU,2018-03-25,8:00p,,Atlanta Hawks,W,,118,99,60,14,W 9
2018,HOU,2018-03-27,8:00p,,Chicago Bulls,W,,118,86,61,14,W 10
2018,HOU,2018-03-30,8:00p,,Phoenix Suns,W,,104,103,62,14,W 11
2018,HOU,2018-04-01,3:30p,@,San Antonio Spurs,L,,83,100,62,15,L 1
2018,HOU,2018-04-03,8:00p,,Washington Wizards,W,,120,104,63,15,W 1
2018,HOU,2018-04-05,8:00p,,Portland Trail Blazers,W,,96,94,64,15,W 2
2018,HOU,2018-04-07,8:30p,,Oklahoma City Thunder,L,,102,108,64,16,L 1
2018,HOU,2018-04-10,10:30p,@,Los Angeles Lakers,W,,105,99,65,16,W 1
2018,HOU,2018-04-11,10:30p,@,Sacramento Kings,L,,83,96,65,17,L 1
2018,HOU,2018-04-15,9:00p,,Minnesota Timberwolves,W,,104,101,1,0,W 1
2018,HOU,2018-04-18,9:30p,,Minnesota Timberwolves,W,,102,82,2,0,W 2
2018,HOU,2018-04-21,7:30p,@,Minnesota Timberwolves,L,,105,121,2,1,L 1
2018,HOU,2018-04-23,8:00p,@,Minnesota Timberwolves,W,,119,100,3,1,W 1
2018,HOU,2018-04-25,9:30p,,Minnesota Timberwolves,W,,122,104,4,1,W 2
2018,HOU,2018-04-29,3:30p,,Utah Jazz,W,,110,96,5,1,W 3
2018,HOU,2018-05-02,8:00p,,Utah Jazz,L,,108,116,5,2,L 1
2018,HOU,2018-05-04,10:30p,@,Utah Jazz,W,,113,92,6,2,W 1
2018,HOU,2018-05-06,8:00p,@,Utah Jazz,W,,100,87,7,2,W 2
2018,HOU,2018-05-08,8:00p,,Utah Jazz,W,,112,102,8,2,W 3
2018,HOU,2018-05-14,9:00p,,Golden State Warriors,L,,106,119,8,3,L 1
2018,HOU,2018-05-16,9:00p,,Golden State Warriors,W,,127,105,9,3,W 1
2018,HOU,2018-05-20,8:00p,@,Golden State Warriors,L,,85,126,9,4,L 1
2018,HOU,2018-05-22,9:00p,@,Golden State Warriors,W,,95,92,10,4,W 1
2018,HOU,2018-05-24,9:00p,,Golden State Warriors,W,,98,94,11,4,W 2
2018,HOU,2018-05-26,9:00p,@,Golden State Warriors,L,,86,115,11,5,L 1
2018,HOU,2018-05-28,9:00p,,Golden State Warriors,L,,92,101,11,6,L 2
2018,IND,2017-10-18,7:00p,,Brooklyn Nets,W,,140,131,1,0,W 1
2018,IND,2017-10-20,7:00p,,Portland Trail Blazers,L,,96,114,1,1,L 1
2018,IND,2017-10-21,8:00p,@,Miami Heat,L,,108,112,1,2,L 2
2018,IND,2017-10-24,8:00p,@,Minnesota Timberwolves,W,,130,107,2,2,W 1
2018,IND,2017-10-25,8:00p,@,Oklahoma City Thunder,L,,96,114,2,3,L 1
2018,IND,2017-10-29,4:30p,,San Antonio Spurs,W,,97,94,3,3,W 1
2018,IND,2017-10-31,7:00p,,Sacramento Kings,W,,101,83,4,3,W 2
2018,IND,2017-11-01,7:00p,@,Cleveland Cavaliers,W,,124,107,5,3,W 3
2018,IND,2017-11-03,7:00p,@,Philadelphia 76ers,L,,110,121,5,4,L 1
2018,IND,2017-11-05,7:30p,@,New York Knicks,L,,101,108,5,5,L 2
2018,IND,2017-11-07,7:00p,,New Orleans Pelicans,L,,112,117,5,6,L 3
2018,IND,2017-11-08,7:00p,@,Detroit Pistons,L,,97,114,5,7,L 4
2018,IND,2017-11-10,8:00p,@,Chicago Bulls,W,,105,87,6,7,W 1
2018,IND,2017-11-12,6:00p,,Houston Rockets,L,,95,118,6,8,L 1
2018,IND,2017-11-15,8:00p,@,Memphis Grizzlies,W,,116,113,7,8,W 1
2018,IND,2017-11-17,7:00p,,Detroit Pistons,W,,107,100,8,8,W 2
2018,IND,2017-11-19,5:00p,@,Miami Heat,W,,120,95,9,8,W 3
2018,IND,2017-11-20,7:00p,@,Orlando Magic,W,,105,97,10,8,W 4
2018,IND,2017-11-24,8:00p,,Toronto Raptors,W,,107,104,11,8,W 5
2018,IND,2017-11-25,8:00p,,Boston Celtics,L,,98,108,11,9,L 1
2018,IND,2017-11-27,7:00p,,Orlando Magic,W,,121,109,12,9,W 1
2018,IND,2017-11-29,8:00p,@,Houston Rockets,L,,97,118,12,10,L 1
2018,IND,2017-12-01,7:30p,@,Toronto Raptors,L,,115,120,12,11,L 2
2018,IND,2017-12-04,7:00p,,New York Knicks,W,,115,97,13,11,W 1
2018,IND,2017-12-06,7:00p,,Chicago Bulls,W,,98,96,14,11,W 2
2018,IND,2017-12-08,7:00p,,Cleveland Cavaliers,W,,106,102,15,11,W 3
2018,IND,2017-12-10,5:00p,,Denver Nuggets,W,OT,126,116,16,11,W 4
2018,IND,2017-12-13,7:00p,,Oklahoma City Thunder,L,,95,100,16,12,L 1
2018,IND,2017-12-15,7:00p,,Detroit Pistons,L,,98,104,16,13,L 2
2018,IND,2017-12-17,6:00p,@,Brooklyn Nets,W,,109,97,17,13,W 1
2018,IND,2017-12-18,7:00p,,Boston Celtics,L,,111,112,17,14,L 1
2018,IND,2017-12-20,7:30p,@,Atlanta Hawks,W,,105,95,18,14,W 1
2018,IND,2017-12-23,7:00p,,Brooklyn Nets,W,OT,123,119,19,14,W 2
2018,IND,2017-12-26,7:00p,@,Detroit Pistons,L,,83,107,19,15,L 1
2018,IND,2017-12-27,7:00p,,Dallas Mavericks,L,,94,98,19,16,L 2
2018,IND,2017-12-29,8:00p,@,Chicago Bulls,L,,107,119,19,17,L 3
2018,IND,2017-12-31,5:00p,,Minnesota Timberwolves,L,,90,107,19,18,L 4
2018,IND,2018-01-03,8:00p,@,Milwaukee Bucks,L,,101,122,19,19,L 5
2018,IND,2018-01-06,7:00p,,Chicago Bulls,W,,125,86,20,19,W 1
2018,IND,2018-01-08,7:00p,,Milwaukee Bucks,W,,109,96,21,19,W 2
2018,IND,2018-01-10,7:00p,,Miami Heat,L,,106,114,21,20,L 1
2018,IND,2018-01-12,7:00p,,Cleveland Cavaliers,W,,97,95,22,20,W 1
2018,IND,2018-01-14,8:00p,@,Phoenix Suns,W,,120,97,23,20,W 2
2018,IND,2018-01-15,9:00p,@,Utah Jazz,W,,109,94,24,20,W 3
2018,IND,2018-01-18,10:00p,@,Portland Trail Blazers,L,,86,100,24,21,L 1
2018,IND,2018-01-19,10:30p,@,Los Angeles Lakers,L,,86,99,24,22,L 2
2018,IND,2018-01-21,7:00p,@,San Antonio Spurs,W,,94,86,25,22,W 1
2018,IND,2018-01-24,7:00p,,Phoenix Suns,W,,116,101,26,22,W 2
2018,IND,2018-01-26,7:30p,@,Cleveland Cavaliers,L,,108,115,26,23,L 1
2018,IND,2018-01-27,7:00p,,Orlando Magic,W,,114,112,27,23,W 1
2018,IND,2018-01-29,7:00p,,Charlotte Hornets,W,,105,96,28,23,W 2
2018,IND,2018-01-31,7:00p,,Memphis Grizzlies,W,,105,101,29,23,W 3
2018,IND,2018-02-02,7:00p,@,Charlotte Hornets,L,,126,133,29,24,L 1
2018,IND,2018-02-03,7:00p,,Philadelphia 76ers,W,,100,92,30,24,W 1
2018,IND,2018-02-05,7:00p,,Washington Wizards,L,,102,111,30,25,L 1
2018,IND,2018-02-09,7:30p,@,Boston Celtics,W,,97,91,31,25,W 1
2018,IND,2018-02-11,5:00p,,New York Knicks,W,,121,113,32,25,W 2
2018,IND,2018-02-14,7:30p,@,Brooklyn Nets,W,,108,103,33,25,W 3
2018,IND,2018-02-23,7:00p,,Atlanta Hawks,W,,116,93,34,25,W 4
2018,IND,2018-02-26,8:30p,@,Dallas Mavericks,L,,103,109,34,26,L 1
2018,IND,2018-02-28,7:30p,@,Atlanta Hawks,L,,102,107,34,27,L 2
2018,IND,2018-03-02,8:00p,@,Milwaukee Bucks,W,,103,96,35,27,W 1
2018,IND,2018-03-04,6:00p,@,Washington Wizards,W,,98,95,36,27,W 2
2018,IND,2018-03-05,7:00p,,Milwaukee Bucks,W,,92,89,37,27,W 3
2018,IND,2018-03-07,7:00p,,Utah Jazz,L,,84,104,37,28,L 1
2018,IND,2018-03-09,7:00p,,Atlanta Hawks,W,,112,87,38,28,W 1
2018,IND,2018-03-11,7:30p,@,Boston Celtics,W,,99,97,39,28,W 2
2018,IND,2018-03-13,7:00p,@,Philadelphia 76ers,W,,101,98,40,28,W 3
2018,IND,2018-03-15,7:00p,,Toronto Raptors,L,,99,106,40,29,L 1
2018,IND,2018-03-17,7:00p,@,Washington Wizards,L,,102,109,40,30,L 2
2018,IND,2018-03-19,7:00p,,Los Angeles Lakers,W,,110,100,41,30,W 1
2018,IND,2018-03-21,8:00p,@,New Orleans Pelicans,L,,92,96,41,31,L 1
2018,IND,2018-03-23,7:00p,,Los Angeles Clippers,W,,109,104,42,31,W 1
2018,IND,2018-03-25,5:00p,,Miami Heat,W,OT,113,107,43,31,W 2
2018,IND,2018-03-27,10:30p,@,Golden State Warriors,W,,92,81,44,31,W 3
2018,IND,2018-03-29,10:00p,@,Sacramento Kings,W,,106,103,45,31,W 4
2018,IND,2018-04-01,3:30p,@,Los Angeles Clippers,W,,111,104,46,31,W 5
2018,IND,2018-04-03,9:00p,@,Denver Nuggets,L,,104,107,46,32,L 1
2018,IND,2018-04-05,7:00p,,Golden State Warriors,W,,126,106,47,32,W 1
2018,IND,2018-04-06,7:30p,@,Toronto Raptors,L,,73,92,47,33,L 1
2018,IND,2018-04-08,1:00p,@,Charlotte Hornets,W,,123,117,48,33,W 1
2018,IND,2018-04-10,7:00p,,Charlotte Hornets,L,,93,119,48,34,L 1
2018,IND,2018-04-15,3:30p,@,Cleveland Cavaliers,W,,98,80,1,0,W 1
2018,IND,2018-04-18,7:00p,@,Cleveland Cavaliers,L,,97,100,1,1,L 1
2018,IND,2018-04-20,7:00p,,Cleveland Cavaliers,W,,92,90,2,1,W 1
2018,IND,2018-04-22,8:30p,,Cleveland Cavaliers,L,,100,104,2,2,L 1
2018,IND,2018-04-25,7:00p,@,Cleveland Cavaliers,L,,95,98,2,3,L 2
2018,IND,2018-04-27,8:00p,,Cleveland Cavaliers,W,,121,87,3,3,W 1
2018,IND,2018-04-29,1:00p,@,Cleveland Cavaliers,L,,101,105,3,4,L 1
2018,LAC,2017-10-19,10:30p,@,Los Angeles Lakers,W,,108,92,1,0,W 1
2018,LAC,2017-10-21,10:30p,,Phoenix Suns,W,,130,88,2,0,W 2
2018,LAC,2017-10-24,10:30p,,Utah Jazz,W,,102,84,3,0,W 3
2018,LAC,2017-10-26,10:00p,@,Portland Trail Blazers,W,,104,103,4,0,W 4
2018,LAC,2017-10-28,10:30p,,Detroit Pistons,L,,87,95,4,1,L 1
2018,LAC,2017-10-30,10:30p,,Golden State Warriors,L,,113,141,4,2,L 2
2018,LAC,2017-11-01,10:30p,,Dallas Mavericks,W,,119,98,5,2,W 1
2018,LAC,2017-11-04,3:30p,,Memphis Grizzlies,L,,104,113,5,3,L 1
2018,LAC,2017-11-05,3:30p,,Miami Heat,L,,101,104,5,4,L 2
2018,LAC,2017-11-07,8:30p,@,San Antonio Spurs,L,,107,120,5,5,L 3
2018,LAC,2017-11-10,9:00p,@,Oklahoma City Thunder,L,,111,120,5,6,L 4
2018,LAC,2017-11-11,7:00p,@,New Orleans Pelicans,L,,103,111,5,7,L 5
2018,LAC,2017-11-13,10:30p,,Philadelphia 76ers,L,,105,109,5,8,L 6
2018,LAC,2017-11-17,7:30p,@,Cleveland Cavaliers,L,OT,113,118,5,9,L 7
2018,LAC,2017-11-18,7:00p,@,Charlotte Hornets,L,,87,102,5,10,L 8
2018,LAC,2017-11-20,7:30p,@,New York Knicks,L,,85,107,5,11,L 9
2018,LAC,2017-11-22,7:30p,@,Atlanta Hawks,W,,116,103,6,11,W 1
2018,LAC,2017-11-25,10:00p,@,Sacramento Kings,W,,97,95,7,11,W 2
2018,LAC,2017-11-27,10:30p,,Los Angeles Lakers,W,,120,115,8,11,W 3
2018,LAC,2017-11-30,10:30p,,Utah Jazz,L,,107,126,8,12,L 1
2018,LAC,2017-12-02,2:00p,@,Dallas Mavericks,L,,82,108,8,13,L 2
2018,LAC,2017-12-03,7:00p,@,Minnesota Timberwolves,L,,106,112,8,14,L 3
2018,LAC,2017-12-06,10:30p,,Minnesota Timberwolves,L,,107,113,8,15,L 4
2018,LAC,2017-12-09,3:30p,,Washington Wizards,W,,113,112,9,15,W 1
2018,LAC,2017-12-11,10:30p,,Toronto Raptors,W,,96,91,10,15,W 2
2018,LAC,2017-12-13,7:00p,@,Orlando Magic,W,,106,95,11,15,W 3
2018,LAC,2017-12-15,7:00p,@,Washington Wizards,L,,91,100,11,16,L 1
2018,LAC,2017-12-16,8:00p,@,Miami Heat,L,,85,90,11,17,L 2
2018,LAC,2017-12-18,8:30p,@,San Antonio Spurs,L,,91,109,11,18,L 3
2018,LAC,2017-12-20,10:30p,,Phoenix Suns,W,,108,95,12,18,W 1
2018,LAC,2017-12-22,8:00p,@,Houston Rockets,W,,128,118,13,18,W 2
2018,LAC,2017-12-23,8:00p,@,Memphis Grizzlies,L,,112,115,13,19,L 1
2018,LAC,2017-12-26,10:30p,,Sacramento Kings,W,,122,95,14,19,W 1
2018,LAC,2017-12-29,10:30p,@,Los Angeles Lakers,W,,121,106,15,19,W 2
2018,LAC,2017-12-31,7:00p,,Charlotte Hornets,W,,106,98,16,19,W 3
2018,LAC,2018-01-02,10:30p,,Memphis Grizzlies,W,,113,105,17,19,W 4
2018,LAC,2018-01-04,10:30p,,Oklahoma City Thunder,L,,117,127,17,20,L 1
2018,LAC,2018-01-06,3:30p,,Golden State Warriors,L,,105,121,17,21,L 2
2018,LAC,2018-01-08,10:30p,,Atlanta Hawks,W,,108,107,18,21,W 1
2018,LAC,2018-01-10,10:30p,@,Golden State Warriors,W,,125,106,19,21,W 2
2018,LAC,2018-01-11,10:00p,@,Sacramento Kings,W,,121,115,20,21,W 3
2018,LAC,2018-01-13,3:30p,,Sacramento Kings,W,,126,105,21,21,W 4
2018,LAC,2018-01-15,10:30p,,Houston Rockets,W,,113,102,22,21,W 5
2018,LAC,2018-01-17,10:30p,,Denver Nuggets,W,,109,104,23,21,W 6
2018,LAC,2018-01-20,9:00p,@,Utah Jazz,L,,113,125,23,22,L 1
2018,LAC,2018-01-22,10:30p,,Minnesota Timberwolves,L,,118,126,23,23,L 2
2018,LAC,2018-01-24,10:30p,,Boston Celtics,L,,102,113,23,24,L 3
2018,LAC,2018-01-26,8:00p,@,Memphis Grizzlies,W,,109,100,24,24,W 1
2018,LAC,2018-01-28,4:00p,@,New Orleans Pelicans,W,,112,103,25,24,W 2
2018,LAC,2018-01-30,10:30p,,Portland Trail Blazers,L,,96,104,25,25,L 1
2018,LAC,2018-02-03,3:30p,,Chicago Bulls,W,,113,103,26,25,W 1
2018,LAC,2018-02-05,10:30p,,Dallas Mavericks,W,,104,101,27,25,W 2
2018,LAC,2018-02-09,7:00p,@,Detroit Pistons,W,,108,95,28,25,W 3
2018,LAC,2018-02-10,7:00p,@,Philadelphia 76ers,L,,98,112,28,26,L 1
2018,LAC,2018-02-12,7:30p,@,Brooklyn Nets,W,,114,101,29,26,W 1
2018,LAC,2018-02-14,8:00p,@,Boston Celtics,W,,129,119,30,26,W 2
2018,LAC,2018-02-22,10:30p,@,Golden State Warriors,L,,127,134,30,27,L 1
2018,LAC,2018-02-23,9:00p,@,Phoenix Suns,W,,128,117,31,27,W 1
2018,LAC,2018-02-27,10:30p,@,Denver Nuggets,W,,122,120,32,27,W 2
2018,LAC,2018-02-28,10:30p,,Houston Rockets,L,,92,105,32,28,L 1
2018,LAC,2018-03-02,10:30p,,New York Knicks,W,,128,105,33,28,W 1
2018,LAC,2018-03-04,9:00p,,Brooklyn Nets,W,,123,120,34,28,W 2
2018,LAC,2018-03-06,10:30p,,New Orleans Pelicans,L,,116,121,34,29,L 1
2018,LAC,2018-03-09,10:30p,,Cleveland Cavaliers,W,,116,102,35,29,W 1
2018,LAC,2018-03-10,10:30p,,Orlando Magic,W,,113,105,36,29,W 2
2018,LAC,2018-03-13,8:00p,@,Chicago Bulls,W,,112,106,37,29,W 3
2018,LAC,2018-03-15,8:00p,@,Houston Rockets,L,,96,101,37,30,L 1
2018,LAC,2018-03-16,8:00p,@,Oklahoma City Thunder,L,,113,121,37,31,L 2
2018,LAC,2018-03-18,10:30p,,Portland Trail Blazers,L,,109,122,37,32,L 3
2018,LAC,2018-03-20,8:00p,@,Minnesota Timberwolves,L,,109,123,37,33,L 4
2018,LAC,2018-03-21,8:00p,@,Milwaukee Bucks,W,,127,120,38,33,W 1
2018,LAC,2018-03-23,7:00p,@,Indiana Pacers,L,,104,109,38,34,L 1
2018,LAC,2018-03-25,6:00p,@,Toronto Raptors,W,,117,106,39,34,W 1
2018,LAC,2018-03-27,10:30p,,Milwaukee Bucks,W,,105,98,40,34,W 2
2018,LAC,2018-03-28,10:00p,@,Phoenix Suns,W,,111,99,41,34,W 3
2018,LAC,2018-03-30,10:30p,@,Portland Trail Blazers,L,,96,105,41,35,L 1
2018,LAC,2018-04-01,3:30p,,Indiana Pacers,L,,104,111,41,36,L 2
2018,LAC,2018-04-03,10:30p,,San Antonio Spurs,W,,113,110,42,36,W 1
2018,LAC,2018-04-05,9:00p,@,Utah Jazz,L,,95,117,42,37,L 1
2018,LAC,2018-04-07,3:30p,,Denver Nuggets,L,,115,134,42,38,L 2
2018,LAC,2018-04-09,10:30p,,New Orleans Pelicans,L,,100,113,42,39,L 3
2018,LAC,2018-04-11,10:30p,,Los Angeles Lakers,L,,100,115,42,40,L 4
2018,LAL,2017-10-19,10:30p,,Los Angeles Clippers,L,,92,108,0,1,L 1
2018,LAL,2017-10-20,10:00p,@,Phoenix Suns,W,,132,130,1,1,W 1
2018,LAL,2017-10-22,9:30p,,New Orleans Pelicans,L,,112,119,1,2,L 1
2018,LAL,2017-10-25,10:30p,,Washington Wizards,W,OT,102,99,2,2,W 1
2018,LAL,2017-10-27,10:30p,,Toronto Raptors,L,,92,101,2,3,L 1
2018,LAL,2017-10-28,9:00p,@,Utah Jazz,L,,81,96,2,4,L 2
2018,LAL,2017-10-31,10:30p,,Detroit Pistons,W,,113,93,3,4,W 1
2018,LAL,2017-11-02,10:30p,@,Portland Trail Blazers,L,,110,113,3,5,L 1
2018,LAL,2017-11-03,10:30p,,Brooklyn Nets,W,,124,112,4,5,W 1
2018,LAL,2017-11-05,9:30p,,Memphis Grizzlies,W,,107,102,5,5,W 2
2018,LAL,2017-11-08,8:00p,@,Boston Celtics,L,,96,107,5,6,L 1
2018,LAL,2017-11-09,7:00p,@,Washington Wizards,L,,95,111,5,7,L 2
2018,LAL,2017-11-11,8:30p,@,Milwaukee Bucks,L,,90,98,5,8,L 3
2018,LAL,2017-11-13,9:00p,@,Phoenix Suns,W,,100,93,6,8,W 1
2018,LAL,2017-11-15,10:30p,,Philadelphia 76ers,L,,109,115,6,9,L 1
2018,LAL,2017-11-17,10:30p,,Phoenix Suns,L,,113,122,6,10,L 2
2018,LAL,2017-11-19,9:30p,,Denver Nuggets,W,,127,109,7,10,W 1
2018,LAL,2017-11-21,10:30p,,Chicago Bulls,W,,103,94,8,10,W 2
2018,LAL,2017-11-22,10:30p,@,Sacramento Kings,L,,102,113,8,11,L 1
2018,LAL,2017-11-27,10:30p,@,Los Angeles Clippers,L,,115,120,8,12,L 2
2018,LAL,2017-11-29,10:30p,,Golden State Warriors,L,OT,123,127,8,13,L 3
2018,LAL,2017-12-02,9:00p,@,Denver Nuggets,L,,100,115,8,14,L 4
2018,LAL,2017-12-03,9:30p,,Houston Rockets,L,,95,118,8,15,L 5
2018,LAL,2017-12-07,8:00p,@,Philadelphia 76ers,W,,107,104,9,15,W 1
2018,LAL,2017-12-09,7:00p,@,Charlotte Hornets,W,,110,99,10,15,W 2
2018,LAL,2017-12-12,7:00p,@,New York Knicks,L,OT,109,113,10,16,L 1
2018,LAL,2017-12-14,8:00p,@,Cleveland Cavaliers,L,,112,121,10,17,L 2
2018,LAL,2017-12-18,10:30p,,Golden State Warriors,L,OT,114,116,10,18,L 3
2018,LAL,2017-12-20,8:00p,@,Houston Rockets,W,,122,116,11,18,W 1
2018,LAL,2017-12-22,10:30p,@,Golden State Warriors,L,,106,113,11,19,L 1
2018,LAL,2017-12-23,9:30p,,Portland Trail Blazers,L,,92,95,11,20,L 2
2018,LAL,2017-12-25,10:30p,,Minnesota Timberwolves,L,,104,121,11,21,L 3
2018,LAL,2017-12-27,10:30p,,Memphis Grizzlies,L,,99,109,11,22,L 4
2018,LAL,2017-12-29,10:30p,,Los Angeles Clippers,L,,106,121,11,23,L 5
2018,LAL,2017-12-31,7:00p,@,Houston Rockets,L,2OT,142,148,11,24,L 6
2018,LAL,2018-01-01,8:00p,@,Minnesota Timberwolves,L,,96,114,11,25,L 7
2018,LAL,2018-01-03,10:30p,,Oklahoma City Thunder,L,,96,133,11,26,L 8
2018,LAL,2018-01-05,10:30p,,Charlotte Hornets,L,,94,108,11,27,L 9
2018,LAL,2018-01-07,9:30p,,Atlanta Hawks,W,,132,113,12,27,W 1
2018,LAL,2018-01-09,10:30p,,Sacramento Kings,W,,99,86,13,27,W 2
2018,LAL,2018-01-11,10:30p,,San Antonio Spurs,W,,93,81,14,27,W 3
2018,LAL,2018-01-13,2:00p,@,Dallas Mavericks,W,OT,107,101,15,27,W 4
2018,LAL,2018-01-15,5:30p,@,Memphis Grizzlies,L,,114,123,15,28,L 1
2018,LAL,2018-01-17,8:00p,@,Oklahoma City Thunder,L,,90,114,15,29,L 2
2018,LAL,2018-01-19,10:30p,,Indiana Pacers,W,,99,86,16,29,W 1
2018,LAL,2018-01-21,3:30p,,New York Knicks,W,,127,107,17,29,W 2
2018,LAL,2018-01-23,10:30p,,Boston Celtics,W,,108,107,18,29,W 3
2018,LAL,2018-01-26,8:00p,@,Chicago Bulls,W,,108,103,19,29,W 4
2018,LAL,2018-01-28,6:00p,@,Toronto Raptors,L,,111,123,19,30,L 1
2018,LAL,2018-01-31,7:00p,@,Orlando Magic,L,,105,127,19,31,L 2
2018,LAL,2018-02-02,7:30p,@,Brooklyn Nets,W,,102,99,20,31,W 1
2018,LAL,2018-02-04,2:00p,@,Oklahoma City Thunder,W,,108,104,21,31,W 2
2018,LAL,2018-02-06,10:30p,,Phoenix Suns,W,,112,93,22,31,W 3
2018,LAL,2018-02-08,10:30p,,Oklahoma City Thunder,W,,106,81,23,31,W 4
2018,LAL,2018-02-10,8:30p,@,Dallas Mavericks,L,,123,130,23,32,L 1
2018,LAL,2018-02-14,8:00p,@,New Orleans Pelicans,L,,117,139,23,33,L 2
2018,LAL,2018-02-15,9:00p,@,Minnesota Timberwolves,L,,111,119,23,34,L 3
2018,LAL,2018-02-23,10:30p,,Dallas Mavericks,W,,124,102,24,34,W 1
2018,LAL,2018-02-24,10:00p,@,Sacramento Kings,W,,113,108,25,34,W 2
2018,LAL,2018-02-26,7:30p,@,Atlanta Hawks,W,,123,104,26,34,W 3
2018,LAL,2018-03-01,7:30p,@,Miami Heat,W,,131,113,27,34,W 4
2018,LAL,2018-03-03,9:00p,@,San Antonio Spurs,W,,116,112,28,34,W 5
2018,LAL,2018-03-05,10:30p,,Portland Trail Blazers,L,,103,108,28,35,L 1
2018,LAL,2018-03-07,10:30p,,Orlando Magic,W,,108,107,29,35,W 1
2018,LAL,2018-03-09,9:00p,@,Denver Nuggets,L,,116,125,29,36,L 1
2018,LAL,2018-03-11,9:00p,,Cleveland Cavaliers,W,,127,113,30,36,W 1
2018,LAL,2018-03-13,10:30p,,Denver Nuggets,W,,112,103,31,36,W 2
2018,LAL,2018-03-14,10:30p,@,Golden State Warriors,L,,106,117,31,37,L 1
2018,LAL,2018-03-16,10:30p,,Miami Heat,L,,91,92,31,38,L 2
2018,LAL,2018-03-19,7:00p,@,Indiana Pacers,L,,100,110,31,39,L 3
2018,LAL,2018-03-22,8:00p,@,New Orleans Pelicans,L,,125,128,31,40,L 4
2018,LAL,2018-03-24,8:00p,@,Memphis Grizzlies,W,,100,93,32,40,W 1
2018,LAL,2018-03-26,7:00p,@,Detroit Pistons,L,,106,112,32,41,L 1
2018,LAL,2018-03-28,10:30p,,Dallas Mavericks,W,,103,93,33,41,W 1
2018,LAL,2018-03-30,10:30p,,Milwaukee Bucks,L,OT,122,124,33,42,L 1
2018,LAL,2018-04-01,9:30p,,Sacramento Kings,L,,83,84,33,43,L 2
2018,LAL,2018-04-03,9:00p,@,Utah Jazz,L,,110,117,33,44,L 3
2018,LAL,2018-04-04,10:30p,,San Antonio Spurs,W,OT,122,112,34,44,W 1
2018,LAL,2018-04-06,10:30p,,Minnesota Timberwolves,L,,96,113,34,45,L 1
2018,LAL,2018-04-08,6:00p,,Utah Jazz,L,,97,112,34,46,L 2
2018,LAL,2018-04-10,10:30p,,Houston Rockets,L,,99,105,34,47,L 3
2018,LAL,2018-04-11,10:30p,@,Los Angeles Clippers,W,,115,100,35,47,W 1
2018,MEM,2017-10-18,8:00p,,New Orleans Pelicans,W,,103,91,1,0,W 1
2018,MEM,2017-10-21,8:00p,,Golden State Warriors,W,,111,101,2,0,W 2
2018,MEM,2017-10-23,8:00p,@,Houston Rockets,W,,98,90,3,0,W 3
2018,MEM,2017-10-25,8:30p,@,Dallas Mavericks,L,,94,103,3,1,L 1
2018,MEM,2017-10-26,8:00p,,Dallas Mavericks,W,,96,91,4,1,W 1
2018,MEM,2017-10-28,8:00p,,Houston Rockets,W,,103,89,5,1,W 2
2018,MEM,2017-10-30,8:00p,,Charlotte Hornets,L,,99,104,5,2,L 1
2018,MEM,2017-11-01,8:00p,,Orlando Magic,L,,99,101,5,3,L 2
2018,MEM,2017-11-04,3:30p,@,Los Angeles Clippers,W,,113,104,6,3,W 1
2018,MEM,2017-11-05,9:30p,@,Los Angeles Lakers,L,,102,107,6,4,L 1
2018,MEM,2017-11-07,10:00p,@,Portland Trail Blazers,W,,98,97,7,4,W 1
2018,MEM,2017-11-11,8:00p,@,Houston Rockets,L,,96,111,7,5,L 1
2018,MEM,2017-11-13,8:00p,@,Milwaukee Bucks,L,,103,110,7,6,L 2
2018,MEM,2017-11-15,8:00p,,Indiana Pacers,L,,113,116,7,7,L 3
2018,MEM,2017-11-18,8:00p,,Houston Rockets,L,,83,105,7,8,L 4
2018,MEM,2017-11-20,8:00p,,Portland Trail Blazers,L,,92,100,7,9,L 5
2018,MEM,2017-11-22,8:00p,,Dallas Mavericks,L,,94,95,7,10,L 6
2018,MEM,2017-11-24,9:00p,@,Denver Nuggets,L,,92,104,7,11,L 7
2018,MEM,2017-11-26,6:00p,,Brooklyn Nets,L,,88,98,7,12,L 8
2018,MEM,2017-11-29,8:30p,@,San Antonio Spurs,L,,95,104,7,13,L 9
2018,MEM,2017-12-01,8:00p,,San Antonio Spurs,L,,79,95,7,14,L 10
2018,MEM,2017-12-02,7:30p,@,Cleveland Cavaliers,L,,111,116,7,15,L 11
2018,MEM,2017-12-04,8:00p,,Minnesota Timberwolves,W,,95,92,8,15,W 1
2018,MEM,2017-12-06,7:30p,@,New York Knicks,L,,88,99,8,16,L 1
2018,MEM,2017-12-08,8:00p,,Toronto Raptors,L,,107,116,8,17,L 2
2018,MEM,2017-12-09,9:00p,,Oklahoma City Thunder,L,OT,101,102,8,18,L 3
2018,MEM,2017-12-11,8:00p,,Miami Heat,L,,82,107,8,19,L 4
2018,MEM,2017-12-13,7:00p,@,Washington Wizards,L,,87,93,8,20,L 5
2018,MEM,2017-12-15,8:00p,,Atlanta Hawks,W,,96,94,9,20,W 1
2018,MEM,2017-12-16,9:00p,,Boston Celtics,L,,93,102,9,21,L 1
2018,MEM,2017-12-20,10:30p,@,Golden State Warriors,L,,84,97,9,22,L 2
2018,MEM,2017-12-21,9:00p,@,Phoenix Suns,L,,95,97,9,23,L 3
2018,MEM,2017-12-23,8:00p,,Los Angeles Clippers,W,,115,112,10,23,W 1
2018,MEM,2017-12-26,9:00p,@,Phoenix Suns,L,,97,99,10,24,L 1
2018,MEM,2017-12-27,10:30p,@,Los Angeles Lakers,W,,109,99,11,24,W 1
2018,MEM,2017-12-30,8:30p,@,Golden State Warriors,L,,128,141,11,25,L 1
2018,MEM,2017-12-31,7:00p,@,Sacramento Kings,W,,114,96,12,25,W 1
2018,MEM,2018-01-02,10:30p,@,Los Angeles Clippers,L,,105,113,12,26,L 1
2018,MEM,2018-01-05,9:30p,,Washington Wizards,L,,100,102,12,27,L 2
2018,MEM,2018-01-10,8:00p,,New Orleans Pelicans,W,,105,102,13,27,W 1
2018,MEM,2018-01-12,9:00p,@,Denver Nuggets,L,,78,87,13,28,L 1
2018,MEM,2018-01-15,5:30p,,Los Angeles Lakers,W,,123,114,14,28,W 1
2018,MEM,2018-01-17,8:00p,,New York Knicks,W,,105,99,15,28,W 2
2018,MEM,2018-01-19,8:00p,,Sacramento Kings,W,,106,88,16,28,W 3
2018,MEM,2018-01-20,7:00p,@,New Orleans Pelicans,L,,104,111,16,29,L 1
2018,MEM,2018-01-22,8:00p,,Philadelphia 76ers,W,,105,101,17,29,W 1
2018,MEM,2018-01-24,8:00p,,San Antonio Spurs,L,,85,108,17,30,L 1
2018,MEM,2018-01-26,8:00p,,Los Angeles Clippers,L,,100,109,17,31,L 2
2018,MEM,2018-01-29,8:00p,,Phoenix Suns,W,,120,109,18,31,W 1
2018,MEM,2018-01-31,7:00p,@,Indiana Pacers,L,,101,105,18,32,L 1
2018,MEM,2018-02-01,7:00p,@,Detroit Pistons,L,,102,104,18,33,L 2
2018,MEM,2018-02-04,12:00p,@,Toronto Raptors,L,,86,101,18,34,L 3
2018,MEM,2018-02-06,7:30p,@,Atlanta Hawks,L,,82,108,18,35,L 4
2018,MEM,2018-02-07,8:00p,,Utah Jazz,L,,88,92,18,36,L 5
2018,MEM,2018-02-11,7:00p,@,Oklahoma City Thunder,L,,92,110,18,37,L 6
2018,MEM,2018-02-14,8:00p,,Oklahoma City Thunder,L,,114,121,18,38,L 7
2018,MEM,2018-02-23,8:00p,,Cleveland Cavaliers,L,,89,112,18,39,L 8
2018,MEM,2018-02-24,7:30p,@,Miami Heat,L,,89,115,18,40,L 9
2018,MEM,2018-02-26,7:30p,@,Boston Celtics,L,,98,109,18,41,L 10
2018,MEM,2018-02-28,8:00p,,Phoenix Suns,L,,102,110,18,42,L 11
2018,MEM,2018-03-02,8:00p,,Denver Nuggets,L,,102,108,18,43,L 12
2018,MEM,2018-03-03,7:00p,@,Orlando Magic,L,,100,107,18,44,L 13
2018,MEM,2018-03-05,8:30p,@,San Antonio Spurs,L,,98,100,18,45,L 14
2018,MEM,2018-03-07,8:00p,@,Chicago Bulls,L,,110,119,18,46,L 15
2018,MEM,2018-03-09,8:00p,,Utah Jazz,L,,78,95,18,47,L 16
2018,MEM,2018-03-10,8:30p,@,Dallas Mavericks,L,,80,114,18,48,L 17
2018,MEM,2018-03-12,8:00p,,Milwaukee Bucks,L,,103,121,18,49,L 18
2018,MEM,2018-03-15,8:00p,,Chicago Bulls,L,,110,111,18,50,L 19
2018,MEM,2018-03-17,8:00p,,Denver Nuggets,W,,101,94,19,50,W 1
2018,MEM,2018-03-19,7:30p,@,Brooklyn Nets,L,,115,118,19,51,L 1
2018,MEM,2018-03-21,7:00p,@,Philadelphia 76ers,L,,105,119,19,52,L 2
2018,MEM,2018-03-22,7:00p,@,Charlotte Hornets,L,,79,140,19,53,L 3
2018,MEM,2018-03-24,8:00p,,Los Angeles Lakers,L,,93,100,19,54,L 4
2018,MEM,2018-03-26,8:00p,@,Minnesota Timberwolves,W,,101,93,20,54,W 1
2018,MEM,2018-03-28,8:00p,,Portland Trail Blazers,W,,108,103,21,54,W 2
2018,MEM,2018-03-30,9:00p,@,Utah Jazz,L,,97,107,21,55,L 1
2018,MEM,2018-04-01,9:00p,@,Portland Trail Blazers,L,,98,113,21,56,L 2
2018,MEM,2018-04-04,8:00p,@,New Orleans Pelicans,L,,95,123,21,57,L 3
2018,MEM,2018-04-06,8:00p,,Sacramento Kings,L,,93,94,21,58,L 4
2018,MEM,2018-04-08,3:30p,,Detroit Pistons,W,,130,117,22,58,W 1
2018,MEM,2018-04-09,8:00p,@,Minnesota Timberwolves,L,,94,113,22,59,L 1
2018,MEM,2018-04-11,8:00p,@,Oklahoma City Thunder,L,,123,137,22,60,L 2
2018,MIA,2017-10-18,7:00p,@,Orlando Magic,L,,109,116,0,1,L 1
2018,MIA,2017-10-21,8:00p,,Indiana Pacers,W,,112,108,1,1,W 1
2018,MIA,2017-10-23,7:30p,,Atlanta Hawks,W,,104,93,2,1,W 2
2018,MIA,2017-10-25,8:00p,,San Antonio Spurs,L,,100,117,2,2,L 1
2018,MIA,2017-10-28,8:00p,,Boston Celtics,L,,90,96,2,3,L 2
2018,MIA,2017-10-30,7:30p,,Minnesota Timberwolves,L,OT,122,125,2,4,L 3
2018,MIA,2017-11-01,7:30p,,Chicago Bulls,W,,97,91,3,4,W 1
2018,MIA,2017-11-03,9:00p,@,Denver Nuggets,L,,94,95,3,5,L 1
2018,MIA,2017-11-05,3:30p,@,Los Angeles Clippers,W,,104,101,4,5,W 1
2018,MIA,2017-11-06,10:30p,@,Golden State Warriors,L,,80,97,4,6,L 1
2018,MIA,2017-11-08,9:00p,@,Phoenix Suns,W,,126,115,5,6,W 1
2018,MIA,2017-11-10,9:00p,@,Utah Jazz,W,,84,74,6,6,W 2
2018,MIA,2017-11-12,4:00p,@,Detroit Pistons,L,,103,112,6,7,L 1
2018,MIA,2017-11-15,7:30p,,Washington Wizards,L,,93,102,6,8,L 2
2018,MIA,2017-11-17,7:00p,@,Washington Wizards,W,,91,88,7,8,W 1
2018,MIA,2017-11-19,5:00p,,Indiana Pacers,L,,95,120,7,9,L 1
2018,MIA,2017-11-22,7:30p,,Boston Celtics,W,,104,98,8,9,W 1
2018,MIA,2017-11-24,8:00p,@,Minnesota Timberwolves,W,,109,97,9,9,W 2
2018,MIA,2017-11-26,3:30p,@,Chicago Bulls,W,,100,93,10,9,W 3
2018,MIA,2017-11-28,7:00p,@,Cleveland Cavaliers,L,,97,108,10,10,L 1
2018,MIA,2017-11-29,7:30p,@,New York Knicks,L,,86,115,10,11,L 2
2018,MIA,2017-12-01,8:00p,,Charlotte Hornets,W,,105,100,11,11,W 1
2018,MIA,2017-12-03,7:00p,,Golden State Warriors,L,,95,123,11,12,L 1
2018,MIA,2017-12-06,8:30p,@,San Antonio Spurs,L,,105,117,11,13,L 2
2018,MIA,2017-12-09,6:00p,@,Brooklyn Nets,W,,101,89,12,13,W 1
2018,MIA,2017-12-11,8:00p,@,Memphis Grizzlies,W,,107,82,13,13,W 2
2018,MIA,2017-12-13,7:30p,,Portland Trail Blazers,L,,95,102,13,14,L 1
2018,MIA,2017-12-15,7:00p,@,Charlotte Hornets,W,,104,98,14,14,W 1
2018,MIA,2017-12-16,8:00p,,Los Angeles Clippers,W,,90,85,15,14,W 2
2018,MIA,2017-12-18,7:30p,@,Atlanta Hawks,L,,104,110,15,15,L 1
2018,MIA,2017-12-20,7:30p,@,Boston Celtics,W,,90,89,16,15,W 1
2018,MIA,2017-12-22,8:00p,,Dallas Mavericks,W,,113,101,17,15,W 2
2018,MIA,2017-12-23,8:00p,,New Orleans Pelicans,L,,94,109,17,16,L 1
2018,MIA,2017-12-26,7:30p,,Orlando Magic,W,,107,89,18,16,W 1
2018,MIA,2017-12-29,8:00p,,Brooklyn Nets,L,,87,111,18,17,L 1
2018,MIA,2017-12-30,7:00p,@,Orlando Magic,W,,117,111,19,17,W 1
2018,MIA,2018-01-03,7:30p,,Detroit Pistons,W,,111,104,20,17,W 2
2018,MIA,2018-01-05,8:00p,,New York Knicks,W,OT,107,103,21,17,W 3
2018,MIA,2018-01-07,3:30p,,Utah Jazz,W,,103,102,22,17,W 4
2018,MIA,2018-01-09,7:30p,@,Toronto Raptors,W,,90,89,23,17,W 5
2018,MIA,2018-01-10,7:00p,@,Indiana Pacers,W,,114,106,24,17,W 6
2018,MIA,2018-01-14,1:00p,,Milwaukee Bucks,W,,97,79,25,17,W 7
2018,MIA,2018-01-15,3:30p,@,Chicago Bulls,L,,111,119,25,18,L 1
2018,MIA,2018-01-17,8:00p,@,Milwaukee Bucks,W,,106,101,26,18,W 1
2018,MIA,2018-01-19,7:30p,@,Brooklyn Nets,L,,95,101,26,19,L 1
2018,MIA,2018-01-20,7:00p,@,Charlotte Hornets,W,,106,105,27,19,W 1
2018,MIA,2018-01-22,8:00p,@,Houston Rockets,L,,90,99,27,20,L 1
2018,MIA,2018-01-25,7:30p,,Sacramento Kings,L,,88,89,27,21,L 2
2018,MIA,2018-01-27,7:30p,,Charlotte Hornets,W,,95,91,28,21,W 1
2018,MIA,2018-01-29,8:30p,@,Dallas Mavericks,W,,95,88,29,21,W 2
2018,MIA,2018-01-31,7:30p,@,Cleveland Cavaliers,L,,89,91,29,22,L 1
2018,MIA,2018-02-02,8:00p,@,Philadelphia 76ers,L,,97,103,29,23,L 2
2018,MIA,2018-02-03,7:00p,@,Detroit Pistons,L,,107,111,29,24,L 3
2018,MIA,2018-02-05,7:30p,,Orlando Magic,L,,109,111,29,25,L 4
2018,MIA,2018-02-07,7:30p,,Houston Rockets,L,,101,109,29,26,L 5
2018,MIA,2018-02-09,8:00p,,Milwaukee Bucks,W,,91,85,30,26,W 1
2018,MIA,2018-02-13,7:00p,@,Toronto Raptors,L,,112,115,30,27,L 1
2018,MIA,2018-02-14,7:00p,@,Philadelphia 76ers,L,,102,104,30,28,L 2
2018,MIA,2018-02-23,8:00p,@,New Orleans Pelicans,L,OT,123,124,30,29,L 3
2018,MIA,2018-02-24,7:30p,,Memphis Grizzlies,W,,115,89,31,29,W 1
2018,MIA,2018-02-27,7:30p,,Philadelphia 76ers,W,,102,101,32,29,W 2
2018,MIA,2018-03-01,7:30p,,Los Angeles Lakers,L,,113,131,32,30,L 1
2018,MIA,2018-03-03,7:30p,,Detroit Pistons,W,,105,96,33,30,W 1
2018,MIA,2018-03-05,7:30p,,Phoenix Suns,W,,125,103,34,30,W 2
2018,MIA,2018-03-06,7:00p,@,Washington Wizards,L,OT,113,117,34,31,L 1
2018,MIA,2018-03-08,7:30p,,Philadelphia 76ers,W,,108,99,35,31,W 1
2018,MIA,2018-03-10,7:30p,,Washington Wizards,W,,129,102,36,31,W 2
2018,MIA,2018-03-12,10:30p,@,Portland Trail Blazers,L,,99,115,36,32,L 1
2018,MIA,2018-03-14,10:00p,@,Sacramento Kings,L,OT,119,123,36,33,L 2
2018,MIA,2018-03-16,10:30p,@,Los Angeles Lakers,W,,92,91,37,33,W 1
2018,MIA,2018-03-19,7:30p,,Denver Nuggets,W,2OT,149,141,38,33,W 2
2018,MIA,2018-03-21,7:30p,,New York Knicks,W,,119,98,39,33,W 3
2018,MIA,2018-03-23,8:00p,@,Oklahoma City Thunder,L,,99,105,39,34,L 1
2018,MIA,2018-03-25,5:00p,@,Indiana Pacers,L,OT,107,113,39,35,L 2
2018,MIA,2018-03-27,8:00p,,Cleveland Cavaliers,W,,98,79,40,35,W 1
2018,MIA,2018-03-29,7:30p,,Chicago Bulls,W,,103,92,41,35,W 2
2018,MIA,2018-03-31,8:00p,,Brooklyn Nets,L,OT,109,110,41,36,L 1
2018,MIA,2018-04-03,7:30p,,Atlanta Hawks,W,,101,98,42,36,W 1
2018,MIA,2018-04-04,7:30p,@,Atlanta Hawks,W,,115,86,43,36,W 2
2018,MIA,2018-04-06,7:30p,@,New York Knicks,L,,98,122,43,37,L 1
2018,MIA,2018-04-09,7:30p,,Oklahoma City Thunder,L,,93,115,43,38,L 2
2018,MIA,2018-04-11,8:00p,,Toronto Raptors,W,OT,116,109,44,38,W 1
2018,MIA,2018-04-14,8:00p,@,Philadelphia 76ers,L,,103,130,0,1,L 1
2018,MIA,2018-04-16,8:00p,@,Philadelphia 76ers,W,,113,103,1,1,W 1
2018,MIA,2018-04-19,7:00p,,Philadelphia 76ers,L,,108,128,1,2,L 1
2018,MIA,2018-04-21,2:30p,,Philadelphia 76ers,L,,102,106,1,3,L 2
2018,MIA,2018-04-24,8:00p,@,Philadelphia 76ers,L,,91,104,1,4,L 3
2018,MIL,2017-10-18,7:30p,@,Boston Celtics,W,,108,100,1,0,W 1
2018,MIL,2017-10-20,7:00p,,Cleveland Cavaliers,L,,97,116,1,1,L 1
2018,MIL,2017-10-21,8:30p,,Portland Trail Blazers,W,,113,110,2,1,W 1
2018,MIL,2017-10-23,8:00p,,Charlotte Hornets,W,,103,94,3,1,W 2
2018,MIL,2017-10-26,8:00p,,Boston Celtics,L,,89,96,3,2,L 1
2018,MIL,2017-10-29,3:30p,@,Atlanta Hawks,W,,117,106,4,2,W 1
2018,MIL,2017-10-31,8:00p,,Oklahoma City Thunder,L,,91,110,4,3,L 1
2018,MIL,2017-11-01,7:00p,@,Charlotte Hornets,L,,121,126,4,4,L 2
2018,MIL,2017-11-03,7:00p,@,Detroit Pistons,L,,96,105,4,5,L 3
2018,MIL,2017-11-07,7:00p,@,Cleveland Cavaliers,L,,119,124,4,6,L 4
2018,MIL,2017-11-10,9:00p,@,San Antonio Spurs,W,,94,87,5,6,W 1
2018,MIL,2017-11-11,8:30p,,Los Angeles Lakers,W,,98,90,6,6,W 2
2018,MIL,2017-11-13,8:00p,,Memphis Grizzlies,W,,110,103,7,6,W 3
2018,MIL,2017-11-15,8:00p,,Detroit Pistons,W,,99,95,8,6,W 4
2018,MIL,2017-11-18,9:00p,@,Dallas Mavericks,L,,79,111,8,7,L 1
2018,MIL,2017-11-20,8:00p,,Washington Wizards,L,,88,99,8,8,L 2
2018,MIL,2017-11-22,9:00p,@,Phoenix Suns,W,OT,113,107,9,8,W 1
2018,MIL,2017-11-25,9:00p,@,Utah Jazz,L,,108,121,9,9,L 1
2018,MIL,2017-11-28,10:00p,@,Sacramento Kings,W,,112,87,10,9,W 1
2018,MIL,2017-11-30,10:00p,@,Portland Trail Blazers,W,,103,91,11,9,W 2
2018,MIL,2017-12-02,8:30p,,Sacramento Kings,W,,109,104,12,9,W 3
2018,MIL,2017-12-04,7:30p,@,Boston Celtics,L,,100,111,12,10,L 1
2018,MIL,2017-12-06,8:00p,,Detroit Pistons,W,,104,100,13,10,W 1
2018,MIL,2017-12-08,8:00p,,Dallas Mavericks,W,,109,102,14,10,W 2
2018,MIL,2017-12-09,8:30p,,Utah Jazz,W,,117,100,15,10,W 3
2018,MIL,2017-12-13,8:00p,@,New Orleans Pelicans,L,,108,115,15,11,L 1
2018,MIL,2017-12-15,8:00p,,Chicago Bulls,L,,109,115,15,12,L 2
2018,MIL,2017-12-16,8:00p,@,Houston Rockets,L,,111,115,15,13,L 3
2018,MIL,2017-12-19,8:00p,,Cleveland Cavaliers,W,,119,116,16,13,W 1
2018,MIL,2017-12-22,8:00p,,Charlotte Hornets,W,,109,104,17,13,W 2
2018,MIL,2017-12-23,7:00p,@,Charlotte Hornets,L,,106,111,17,14,L 1
2018,MIL,2017-12-26,8:00p,,Chicago Bulls,L,,106,115,17,15,L 2
2018,MIL,2017-12-28,8:00p,,Minnesota Timberwolves,W,,102,96,18,15,W 1
2018,MIL,2017-12-29,8:00p,@,Oklahoma City Thunder,W,,97,95,19,15,W 2
2018,MIL,2018-01-01,7:30p,@,Toronto Raptors,L,OT,127,131,19,16,L 1
2018,MIL,2018-01-03,8:00p,,Indiana Pacers,W,,122,101,20,16,W 1
2018,MIL,2018-01-05,8:00p,,Toronto Raptors,L,,110,129,20,17,L 1
2018,MIL,2018-01-06,8:00p,@,Washington Wizards,W,,110,103,21,17,W 1
2018,MIL,2018-01-08,7:00p,@,Indiana Pacers,L,,96,109,21,18,L 1
2018,MIL,2018-01-10,8:00p,,Orlando Magic,W,,110,103,22,18,W 1
2018,MIL,2018-01-12,8:00p,,Golden State Warriors,L,,94,108,22,19,L 1
2018,MIL,2018-01-14,1:00p,@,Miami Heat,L,,79,97,22,20,L 2
2018,MIL,2018-01-15,2:00p,@,Washington Wizards,W,,104,95,23,20,W 1
2018,MIL,2018-01-17,8:00p,,Miami Heat,L,,101,106,23,21,L 1
2018,MIL,2018-01-20,7:30p,@,Philadelphia 76ers,L,,94,116,23,22,L 2
2018,MIL,2018-01-22,8:00p,,Phoenix Suns,W,,109,105,24,22,W 1
2018,MIL,2018-01-26,8:00p,,Brooklyn Nets,W,,116,91,25,22,W 2
2018,MIL,2018-01-28,3:30p,@,Chicago Bulls,W,,110,96,26,22,W 3
2018,MIL,2018-01-29,8:00p,,Philadelphia 76ers,W,,107,95,27,22,W 4
2018,MIL,2018-02-01,8:00p,@,Minnesota Timberwolves,L,,89,108,27,23,L 1
2018,MIL,2018-02-02,8:00p,,New York Knicks,W,,92,90,28,23,W 1
2018,MIL,2018-02-04,12:00p,@,Brooklyn Nets,W,,109,94,29,23,W 2
2018,MIL,2018-02-06,7:30p,@,New York Knicks,W,,103,89,30,23,W 3
2018,MIL,2018-02-09,8:00p,@,Miami Heat,L,,85,91,30,24,L 1
2018,MIL,2018-02-10,7:00p,@,Orlando Magic,W,,111,104,31,24,W 1
2018,MIL,2018-02-13,8:00p,,Atlanta Hawks,W,,97,92,32,24,W 2
2018,MIL,2018-02-15,8:00p,,Denver Nuggets,L,,123,134,32,25,L 1
2018,MIL,2018-02-23,7:30p,@,Toronto Raptors,W,OT,122,119,33,25,W 1
2018,MIL,2018-02-25,3:00p,,New Orleans Pelicans,L,OT,121,123,33,26,L 1
2018,MIL,2018-02-27,8:00p,,Washington Wizards,L,,104,107,33,27,L 2
2018,MIL,2018-02-28,7:00p,@,Detroit Pistons,L,,87,110,33,28,L 3
2018,MIL,2018-03-02,8:00p,,Indiana Pacers,L,,96,103,33,29,L 4
2018,MIL,2018-03-04,8:00p,,Philadelphia 76ers,W,,118,110,34,29,W 1
2018,MIL,2018-03-05,7:00p,@,Indiana Pacers,L,,89,92,34,30,L 1
2018,MIL,2018-03-07,8:00p,,Houston Rockets,L,,99,110,34,31,L 2
2018,MIL,2018-03-09,8:00p,,New York Knicks,W,,120,112,35,31,W 1
2018,MIL,2018-03-12,8:00p,@,Memphis Grizzlies,W,,121,103,36,31,W 2
2018,MIL,2018-03-14,7:00p,@,Orlando Magic,L,,117,126,36,32,L 1
2018,MIL,2018-03-17,6:00p,,Atlanta Hawks,W,,122,117,37,32,W 1
2018,MIL,2018-03-19,7:00p,@,Cleveland Cavaliers,L,,117,124,37,33,L 1
2018,MIL,2018-03-21,8:00p,,Los Angeles Clippers,L,,120,127,37,34,L 2
2018,MIL,2018-03-23,8:00p,@,Chicago Bulls,W,,118,105,38,34,W 1
2018,MIL,2018-03-25,3:30p,,San Antonio Spurs,W,,106,103,39,34,W 2
2018,MIL,2018-03-27,10:30p,@,Los Angeles Clippers,L,,98,105,39,35,L 1
2018,MIL,2018-03-29,10:30p,@,Golden State Warriors,W,,116,107,40,35,W 1
2018,MIL,2018-03-30,10:30p,@,Los Angeles Lakers,W,OT,124,122,41,35,W 2
2018,MIL,2018-04-01,8:00p,@,Denver Nuggets,L,OT,125,128,41,36,L 1
2018,MIL,2018-04-03,8:00p,,Boston Celtics,W,,106,102,42,36,W 1
2018,MIL,2018-04-05,8:00p,,Brooklyn Nets,L,,111,119,42,37,L 1
2018,MIL,2018-04-07,7:30p,@,New York Knicks,W,,115,102,43,37,W 1
2018,MIL,2018-04-09,8:00p,,Orlando Magic,W,,102,86,44,37,W 2
2018,MIL,2018-04-11,8:00p,@,Philadelphia 76ers,L,,95,130,44,38,L 1
2018,MIL,2018-04-15,1:00p,@,Boston Celtics,L,OT,107,113,0,1,L 1
2018,MIL,2018-04-17,8:00p,@,Boston Celtics,L,,106,120,0,2,L 2
2018,MIL,2018-04-20,9:30p,,Boston Celtics,W,,116,92,1,2,W 1
2018,MIL,2018-04-22,1:00p,,Boston Celtics,W,,104,102,2,2,W 2
2018,MIL,2018-04-24,7:00p,@,Boston Celtics,L,,87,92,2,3,L 1
2018,MIL,2018-04-26,8:00p,,Boston Celtics,W,,97,86,3,3,W 1
2018,MIL,2018-04-28,8:00p,@,Boston Celtics,L,,96,112,3,4,L 1
2018,MIN,2017-10-18,9:30p,@,San Antonio Spurs,L,,99,107,0,1,L 1
2018,MIN,2017-10-20,8:00p,,Utah Jazz,W,,100,97,1,1,W 1
2018,MIN,2017-10-22,7:00p,@,Oklahoma City Thunder,W,,115,113,2,1,W 2
2018,MIN,2017-10-24,8:00p,,Indiana Pacers,L,,107,130,2,2,L 1
2018,MIN,2017-10-25,7:00p,@,Detroit Pistons,L,,101,122,2,3,L 2
2018,MIN,2017-10-27,8:00p,,Oklahoma City Thunder,W,,119,116,3,3,W 1
2018,MIN,2017-10-30,7:30p,@,Miami Heat,W,OT,125,122,4,3,W 2
2018,MIN,2017-11-01,8:00p,@,New Orleans Pelicans,W,,104,98,5,3,W 3
2018,MIN,2017-11-04,8:00p,,Dallas Mavericks,W,,112,99,6,3,W 4
2018,MIN,2017-11-05,8:00p,,Charlotte Hornets,W,,112,94,7,3,W 5
2018,MIN,2017-11-08,10:30p,@,Golden State Warriors,L,,101,125,7,4,L 1
2018,MIN,2017-11-11,9:00p,@,Phoenix Suns,L,,110,118,7,5,L 2
2018,MIN,2017-11-13,9:00p,@,Utah Jazz,W,,109,98,8,5,W 1
2018,MIN,2017-11-15,8:00p,,San Antonio Spurs,W,,98,86,9,5,W 2
2018,MIN,2017-11-17,8:30p,@,Dallas Mavericks,W,,111,87,10,5,W 3
2018,MIN,2017-11-19,7:00p,,Detroit Pistons,L,,97,100,10,6,L 1
2018,MIN,2017-11-20,7:00p,@,Charlotte Hornets,L,,102,118,10,7,L 2
2018,MIN,2017-11-22,8:00p,,Orlando Magic,W,,124,118,11,7,W 1
2018,MIN,2017-11-24,8:00p,,Miami Heat,L,,97,109,11,8,L 1
2018,MIN,2017-11-26,3:30p,,Phoenix Suns,W,,119,108,12,8,W 1
2018,MIN,2017-11-28,8:00p,,Washington Wizards,L,,89,92,12,9,L 1
2018,MIN,2017-11-29,8:00p,@,New Orleans Pelicans,W,,120,102,13,9,W 1
2018,MIN,2017-12-01,8:00p,@,Oklahoma City Thunder,L,,107,111,13,10,L 1
2018,MIN,2017-12-03,7:00p,,Los Angeles Clippers,W,,112,106,14,10,W 1
2018,MIN,2017-12-04,8:00p,@,Memphis Grizzlies,L,,92,95,14,11,L 1
2018,MIN,2017-12-06,10:30p,@,Los Angeles Clippers,W,,113,107,15,11,W 1
2018,MIN,2017-12-10,7:00p,,Dallas Mavericks,W,,97,92,16,11,W 2
2018,MIN,2017-12-12,9:30p,,Philadelphia 76ers,L,OT,112,118,16,12,L 1
2018,MIN,2017-12-14,8:00p,,Sacramento Kings,W,,119,96,17,12,W 1
2018,MIN,2017-12-16,8:00p,,Phoenix Suns,L,,106,108,17,13,L 1
2018,MIN,2017-12-18,8:00p,,Portland Trail Blazers,W,,108,107,18,13,W 1
2018,MIN,2017-12-20,9:00p,@,Denver Nuggets,W,,112,104,19,13,W 2
2018,MIN,2017-12-23,9:00p,@,Phoenix Suns,W,,115,106,20,13,W 3
2018,MIN,2017-12-25,10:30p,@,Los Angeles Lakers,W,,121,104,21,13,W 4
2018,MIN,2017-12-27,8:00p,,Denver Nuggets,W,OT,128,125,22,13,W 5
2018,MIN,2017-12-28,8:00p,@,Milwaukee Bucks,L,,96,102,22,14,L 1
2018,MIN,2017-12-31,5:00p,@,Indiana Pacers,W,,107,90,23,14,W 1
2018,MIN,2018-01-01,8:00p,,Los Angeles Lakers,W,,114,96,24,14,W 2
2018,MIN,2018-01-03,7:30p,@,Brooklyn Nets,L,,97,98,24,15,L 1
2018,MIN,2018-01-05,7:00p,@,Boston Celtics,L,,84,91,24,16,L 2
2018,MIN,2018-01-06,9:00p,,New Orleans Pelicans,W,,116,98,25,16,W 1
2018,MIN,2018-01-08,8:00p,,Cleveland Cavaliers,W,,127,99,26,16,W 2
2018,MIN,2018-01-10,8:00p,,Oklahoma City Thunder,W,,104,88,27,16,W 3
2018,MIN,2018-01-12,8:00p,,New York Knicks,W,,118,108,28,16,W 4
2018,MIN,2018-01-14,9:00p,,Portland Trail Blazers,W,,120,103,29,16,W 5
2018,MIN,2018-01-16,7:00p,@,Orlando Magic,L,,102,108,29,17,L 1
2018,MIN,2018-01-18,9:30p,@,Houston Rockets,L,,98,116,29,18,L 2
2018,MIN,2018-01-20,9:00p,,Toronto Raptors,W,,115,109,30,18,W 1
2018,MIN,2018-01-22,10:30p,@,Los Angeles Clippers,W,,126,118,31,18,W 2
2018,MIN,2018-01-24,10:00p,@,Portland Trail Blazers,L,,114,123,31,19,L 1
2018,MIN,2018-01-25,10:30p,@,Golden State Warriors,L,,113,126,31,20,L 2
2018,MIN,2018-01-27,9:00p,,Brooklyn Nets,W,,111,97,32,20,W 1
2018,MIN,2018-01-29,7:30p,@,Atlanta Hawks,L,,100,105,32,21,L 1
2018,MIN,2018-01-30,7:30p,@,Toronto Raptors,L,,104,109,32,22,L 2
2018,MIN,2018-02-01,8:00p,,Milwaukee Bucks,W,,108,89,33,22,W 1
2018,MIN,2018-02-03,9:00p,,New Orleans Pelicans,W,,118,107,34,22,W 2
2018,MIN,2018-02-07,8:00p,@,Cleveland Cavaliers,L,OT,138,140,34,23,L 1
2018,MIN,2018-02-09,9:30p,@,Chicago Bulls,L,,113,114,34,24,L 2
2018,MIN,2018-02-11,7:00p,,Sacramento Kings,W,,111,106,35,24,W 1
2018,MIN,2018-02-13,8:00p,,Houston Rockets,L,,108,126,35,25,L 1
2018,MIN,2018-02-15,9:00p,,Los Angeles Lakers,W,,119,111,36,25,W 1
2018,MIN,2018-02-23,8:00p,@,Houston Rockets,L,,102,120,36,26,L 1
2018,MIN,2018-02-24,9:00p,,Chicago Bulls,W,,122,104,37,26,W 1
2018,MIN,2018-02-26,10:00p,@,Sacramento Kings,W,,118,100,38,26,W 2
2018,MIN,2018-03-01,10:30p,@,Portland Trail Blazers,L,,99,108,38,27,L 1
2018,MIN,2018-03-02,10:30p,@,Utah Jazz,L,,108,116,38,28,L 2
2018,MIN,2018-03-08,8:00p,,Boston Celtics,L,,109,117,38,29,L 3
2018,MIN,2018-03-11,3:30p,,Golden State Warriors,W,,109,103,39,29,W 1
2018,MIN,2018-03-13,7:00p,@,Washington Wizards,W,,116,111,40,29,W 2
2018,MIN,2018-03-17,8:30p,@,San Antonio Spurs,L,,101,117,40,30,L 1
2018,MIN,2018-03-18,7:00p,,Houston Rockets,L,,120,129,40,31,L 2
2018,MIN,2018-03-20,8:00p,,Los Angeles Clippers,W,,123,109,41,31,W 1
2018,MIN,2018-03-23,7:30p,@,New York Knicks,W,,108,104,42,31,W 2
2018,MIN,2018-03-24,6:00p,@,Philadelphia 76ers,L,,108,120,42,32,L 1
2018,MIN,2018-03-26,8:00p,,Memphis Grizzlies,L,,93,101,42,33,L 2
2018,MIN,2018-03-28,8:00p,,Atlanta Hawks,W,,126,114,43,33,W 1
2018,MIN,2018-03-30,8:30p,@,Dallas Mavericks,W,,93,92,44,33,W 2
2018,MIN,2018-04-01,7:00p,,Utah Jazz,L,,97,121,44,34,L 1
2018,MIN,2018-04-05,10:30p,@,Denver Nuggets,L,,96,100,44,35,L 2
2018,MIN,2018-04-06,10:30p,@,Los Angeles Lakers,W,,113,96,45,35,W 1
2018,MIN,2018-04-09,8:00p,,Memphis Grizzlies,W,,113,94,46,35,W 2
2018,MIN,2018-04-11,8:00p,,Denver Nuggets,W,OT,112,106,47,35,W 3
2018,MIN,2018-04-15,9:00p,@,Houston Rockets,L,,101,104,0,1,L 1
2018,MIN,2018-04-18,9:30p,@,Houston Rockets,L,,82,102,0,2,L 2
2018,MIN,2018-04-21,7:30p,,Houston Rockets,W,,121,105,1,2,W 1
2018,MIN,2018-04-23,8:00p,,Houston Rockets,L,,100,119,1,3,L 1
2018,MIN,2018-04-25,9:30p,@,Houston Rockets,L,,104,122,1,4,L 2
2018,NOP,2017-10-18,8:00p,@,Memphis Grizzlies,L,,91,103,0,1,L 1
2018,NOP,2017-10-20,9:30p,,Golden State Warriors,L,,120,128,0,2,L 2
2018,NOP,2017-10-22,9:30p,@,Los Angeles Lakers,W,,119,112,1,2,W 1
2018,NOP,2017-10-24,10:00p,@,Portland Trail Blazers,L,,93,103,1,3,L 1
2018,NOP,2017-10-26,10:30p,@,Sacramento Kings,W,,114,106,2,3,W 1
2018,NOP,2017-10-28,7:00p,,Cleveland Cavaliers,W,,123,101,3,3,W 2
2018,NOP,2017-10-30,8:00p,,Orlando Magic,L,,99,115,3,4,L 1
2018,NOP,2017-11-01,8:00p,,Minnesota Timberwolves,L,,98,104,3,5,L 2
2018,NOP,2017-11-03,8:30p,@,Dallas Mavericks,W,,99,94,4,5,W 1
2018,NOP,2017-11-04,8:00p,@,Chicago Bulls,W,OT,96,90,5,5,W 2
2018,NOP,2017-11-07,7:00p,@,Indiana Pacers,W,,117,112,6,5,W 3
2018,NOP,2017-11-09,7:30p,@,Toronto Raptors,L,,118,122,6,6,L 1
2018,NOP,2017-11-11,7:00p,,Los Angeles Clippers,W,,111,103,7,6,W 1
2018,NOP,2017-11-13,8:00p,,Atlanta Hawks,W,,106,105,8,6,W 2
2018,NOP,2017-11-15,8:00p,,Toronto Raptors,L,,116,125,8,7,L 1
2018,NOP,2017-11-17,10:30p,@,Denver Nuggets,L,,114,146,8,8,L 2
2018,NOP,2017-11-20,8:00p,,Oklahoma City Thunder,W,,114,107,9,8,W 1
2018,NOP,2017-11-22,8:00p,,San Antonio Spurs,W,,107,90,10,8,W 2
2018,NOP,2017-11-24,9:00p,@,Phoenix Suns,W,,115,91,11,8,W 3
2018,NOP,2017-11-25,8:30p,@,Golden State Warriors,L,,95,110,11,9,L 1
2018,NOP,2017-11-29,8:00p,,Minnesota Timberwolves,L,,102,120,11,10,L 2
2018,NOP,2017-12-01,9:00p,@,Utah Jazz,L,,108,114,11,11,L 3
2018,NOP,2017-12-02,10:00p,@,Portland Trail Blazers,W,,123,116,12,11,W 1
2018,NOP,2017-12-04,8:00p,,Golden State Warriors,L,,115,125,12,12,L 1
2018,NOP,2017-12-06,8:00p,,Denver Nuggets,W,,123,114,13,12,W 1
2018,NOP,2017-12-08,8:00p,,Sacramento Kings,L,OT,109,116,13,13,L 1
2018,NOP,2017-12-10,7:00p,,Philadelphia 76ers,W,,131,124,14,13,W 1
2018,NOP,2017-12-11,8:00p,@,Houston Rockets,L,,123,130,14,14,L 1
2018,NOP,2017-12-13,8:00p,,Milwaukee Bucks,W,,115,108,15,14,W 1
2018,NOP,2017-12-15,9:00p,@,Denver Nuggets,L,OT,111,117,15,15,L 1
2018,NOP,2017-12-19,7:00p,@,Washington Wizards,L,,106,116,15,16,L 2
2018,NOP,2017-12-22,7:00p,@,Orlando Magic,W,,111,97,16,16,W 1
2018,NOP,2017-12-23,8:00p,@,Miami Heat,W,,109,94,17,16,W 2
2018,NOP,2017-12-27,8:00p,,Brooklyn Nets,W,,128,113,18,16,W 3
2018,NOP,2017-12-29,8:00p,,Dallas Mavericks,L,,120,128,18,17,L 1
2018,NOP,2017-12-30,7:00p,,New York Knicks,L,,103,105,18,18,L 2
2018,NOP,2018-01-03,9:00p,@,Utah Jazz,W,,108,98,19,18,W 1
2018,NOP,2018-01-06,9:00p,@,Minnesota Timberwolves,L,,98,116,19,19,L 1
2018,NOP,2018-01-08,8:00p,,Detroit Pistons,W,,112,109,20,19,W 1
2018,NOP,2018-01-10,8:00p,@,Memphis Grizzlies,L,,102,105,20,20,L 1
2018,NOP,2018-01-12,8:00p,,Portland Trail Blazers,W,,119,113,21,20,W 1
2018,NOP,2018-01-14,3:30p,@,New York Knicks,W,OT,123,118,22,20,W 2
2018,NOP,2018-01-16,7:30p,@,Boston Celtics,W,OT,116,113,23,20,W 3
2018,NOP,2018-01-17,7:30p,@,Atlanta Hawks,L,,93,94,23,21,L 1
2018,NOP,2018-01-20,7:00p,,Memphis Grizzlies,W,,111,104,24,21,W 1
2018,NOP,2018-01-22,8:00p,,Chicago Bulls,W,2OT,132,128,25,21,W 2
2018,NOP,2018-01-24,7:00p,@,Charlotte Hornets,W,,101,96,26,21,W 3
2018,NOP,2018-01-26,8:00p,,Houston Rockets,W,,115,113,27,21,W 4
2018,NOP,2018-01-28,4:00p,,Los Angeles Clippers,L,,103,112,27,22,L 1
2018,NOP,2018-01-30,8:00p,,Sacramento Kings,L,,103,114,27,23,L 2
2018,NOP,2018-02-02,9:00p,@,Oklahoma City Thunder,W,,114,100,28,23,W 1
2018,NOP,2018-02-03,9:00p,@,Minnesota Timberwolves,L,,107,118,28,24,L 1
2018,NOP,2018-02-05,8:00p,,Utah Jazz,L,,109,133,28,25,L 2
2018,NOP,2018-02-09,7:00p,@,Philadelphia 76ers,L,,82,100,28,26,L 3
2018,NOP,2018-02-10,6:00p,@,Brooklyn Nets,W,2OT,138,128,29,26,W 1
2018,NOP,2018-02-12,7:00p,@,Detroit Pistons,W,,118,103,30,26,W 2
2018,NOP,2018-02-14,8:00p,,Los Angeles Lakers,W,,139,117,31,26,W 3
2018,NOP,2018-02-23,8:00p,,Miami Heat,W,OT,124,123,32,26,W 4
2018,NOP,2018-02-25,3:00p,@,Milwaukee Bucks,W,OT,123,121,33,26,W 5
2018,NOP,2018-02-26,8:00p,,Phoenix Suns,W,,125,116,34,26,W 6
2018,NOP,2018-02-28,8:30p,@,San Antonio Spurs,W,,121,116,35,26,W 7
2018,NOP,2018-03-04,7:00p,@,Dallas Mavericks,W,,126,109,36,26,W 8
2018,NOP,2018-03-06,10:30p,@,Los Angeles Clippers,W,,121,116,37,26,W 9
2018,NOP,2018-03-07,10:00p,@,Sacramento Kings,W,,114,101,38,26,W 10
2018,NOP,2018-03-09,8:00p,,Washington Wizards,L,,97,116,38,27,L 1
2018,NOP,2018-03-11,4:00p,,Utah Jazz,L,,99,116,38,28,L 2
2018,NOP,2018-03-13,8:00p,,Charlotte Hornets,W,,119,115,39,28,W 1
2018,NOP,2018-03-15,8:30p,@,San Antonio Spurs,L,,93,98,39,29,L 1
2018,NOP,2018-03-17,7:00p,,Houston Rockets,L,,101,107,39,30,L 2
2018,NOP,2018-03-18,6:00p,,Boston Celtics,W,,108,89,40,30,W 1
2018,NOP,2018-03-20,8:00p,,Dallas Mavericks,W,,115,105,41,30,W 2
2018,NOP,2018-03-21,8:00p,,Indiana Pacers,W,,96,92,42,30,W 3
2018,NOP,2018-03-22,8:00p,,Los Angeles Lakers,W,,128,125,43,30,W 4
2018,NOP,2018-03-24,8:00p,@,Houston Rockets,L,,91,114,43,31,L 1
2018,NOP,2018-03-27,8:00p,,Portland Trail Blazers,L,,103,107,43,32,L 2
2018,NOP,2018-03-30,8:00p,@,Cleveland Cavaliers,L,,102,107,43,33,L 3
2018,NOP,2018-04-01,6:00p,,Oklahoma City Thunder,L,,104,109,43,34,L 4
2018,NOP,2018-04-04,8:00p,,Memphis Grizzlies,W,,123,95,44,34,W 1
2018,NOP,2018-04-06,10:00p,@,Phoenix Suns,W,,122,103,45,34,W 2
2018,NOP,2018-04-07,8:30p,@,Golden State Warriors,W,,126,120,46,34,W 3
2018,NOP,2018-04-09,10:30p,@,Los Angeles Clippers,W,,113,100,47,34,W 4
2018,NOP,2018-04-11,8:00p,,San Antonio Spurs,W,,122,98,48,34,W 5
2018,NOP,2018-04-14,10:30p,@,Portland Trail Blazers,W,,97,95,1,0,W 1
2018,NOP,2018-04-17,10:30p,@,Portland Trail Blazers,W,,111,102,2,0,W 2
2018,NOP,2018-04-19,9:00p,,Portland Trail Blazers,W,,119,102,3,0,W 3
2018,NOP,2018-04-21,5:00p,,Portland Trail Blazers,W,,131,123,4,0,W 4
2018,NOP,2018-04-28,10:30p,@,Golden State Warriors,L,,101,123,4,1,L 1
2018,NOP,2018-05-01,10:30p,@,Golden State Warriors,L,,116,121,4,2,L 2
2018,NOP,2018-05-04,8:00p,,Golden State Warriors,W,,119,100,5,2,W 1
2018,NOP,2018-05-06,3:30p,,Golden State Warriors,L,,92,118,5,3,L 1
2018,NOP,2018-05-08,10:30p,@,Golden State Warriors,L,,104,113,5,4,L 2
2018,NYK,2017-10-19,8:00p,@,Oklahoma City Thunder,L,,84,105,0,1,L 1
2018,NYK,2017-10-21,8:00p,,Detroit Pistons,L,,107,111,0,2,L 2
2018,NYK,2017-10-24,7:30p,@,Boston Celtics,L,,89,110,0,3,L 3
2018,NYK,2017-10-27,7:30p,,Brooklyn Nets,W,,107,86,1,3,W 1
2018,NYK,2017-10-29,7:00p,@,Cleveland Cavaliers,W,,114,95,2,3,W 2
2018,NYK,2017-10-30,7:30p,,Denver Nuggets,W,,116,110,3,3,W 3
2018,NYK,2017-11-01,8:00p,,Houston Rockets,L,,97,119,3,4,L 1
2018,NYK,2017-11-03,7:30p,,Phoenix Suns,W,,120,107,4,4,W 1
2018,NYK,2017-11-05,7:30p,,Indiana Pacers,W,,108,101,5,4,W 2
2018,NYK,2017-11-07,7:30p,,Charlotte Hornets,W,,118,113,6,4,W 3
2018,NYK,2017-11-08,7:00p,@,Orlando Magic,L,,99,112,6,5,L 1
2018,NYK,2017-11-11,8:00p,,Sacramento Kings,W,,118,91,7,5,W 1
2018,NYK,2017-11-13,7:30p,,Cleveland Cavaliers,L,,101,104,7,6,L 1
2018,NYK,2017-11-15,7:30p,,Utah Jazz,W,,106,101,8,6,W 1
2018,NYK,2017-11-17,7:30p,@,Toronto Raptors,L,,84,107,8,7,L 1
2018,NYK,2017-11-20,7:30p,,Los Angeles Clippers,W,,107,85,9,7,W 1
2018,NYK,2017-11-22,7:30p,,Toronto Raptors,W,,108,100,10,7,W 2
2018,NYK,2017-11-24,7:30p,@,Atlanta Hawks,L,,104,116,10,8,L 1
2018,NYK,2017-11-25,8:00p,@,Houston Rockets,L,,102,117,10,9,L 2
2018,NYK,2017-11-27,7:30p,,Portland Trail Blazers,L,,91,103,10,10,L 3
2018,NYK,2017-11-29,7:30p,,Miami Heat,W,,115,86,11,10,W 1
2018,NYK,2017-12-03,3:30p,,Orlando Magic,L,,100,105,11,11,L 1
2018,NYK,2017-12-04,7:00p,@,Indiana Pacers,L,,97,115,11,12,L 2
2018,NYK,2017-12-06,7:30p,,Memphis Grizzlies,W,,99,88,12,12,W 1
2018,NYK,2017-12-09,8:00p,@,Chicago Bulls,L,,102,104,12,13,L 1
2018,NYK,2017-12-10,7:30p,,Atlanta Hawks,W,,111,107,13,13,W 1
2018,NYK,2017-12-12,7:00p,,Los Angeles Lakers,W,OT,113,109,14,13,W 2
2018,NYK,2017-12-14,7:30p,@,Brooklyn Nets,W,,111,104,15,13,W 3
2018,NYK,2017-12-16,7:30p,,Oklahoma City Thunder,W,,111,96,16,13,W 4
2018,NYK,2017-12-18,7:00p,@,Charlotte Hornets,L,,91,109,16,14,L 1
2018,NYK,2017-12-21,8:00p,,Boston Celtics,W,,102,93,17,14,W 1
2018,NYK,2017-12-22,7:00p,@,Detroit Pistons,L,,101,104,17,15,L 1
2018,NYK,2017-12-25,12:00p,,Philadelphia 76ers,L,,98,105,17,16,L 2
2018,NYK,2017-12-27,8:00p,@,Chicago Bulls,L,,87,92,17,17,L 3
2018,NYK,2017-12-28,8:30p,@,San Antonio Spurs,L,,107,119,17,18,L 4
2018,NYK,2017-12-30,7:00p,@,New Orleans Pelicans,W,,105,103,18,18,W 1
2018,NYK,2018-01-02,7:30p,,San Antonio Spurs,L,,91,100,18,19,L 1
2018,NYK,2018-01-03,7:00p,@,Washington Wizards,L,,103,121,18,20,L 2
2018,NYK,2018-01-05,8:00p,@,Miami Heat,L,OT,103,107,18,21,L 3
2018,NYK,2018-01-07,7:00p,@,Dallas Mavericks,W,,100,96,19,21,W 1
2018,NYK,2018-01-10,7:30p,,Chicago Bulls,L,2OT,119,122,19,22,L 1
2018,NYK,2018-01-12,8:00p,@,Minnesota Timberwolves,L,,108,118,19,23,L 2
2018,NYK,2018-01-14,3:30p,,New Orleans Pelicans,L,OT,118,123,19,24,L 3
2018,NYK,2018-01-15,3:00p,@,Brooklyn Nets,W,,119,104,20,24,W 1
2018,NYK,2018-01-17,8:00p,@,Memphis Grizzlies,L,,99,105,20,25,L 1
2018,NYK,2018-01-19,10:30p,@,Utah Jazz,W,,117,115,21,25,W 1
2018,NYK,2018-01-21,3:30p,@,Los Angeles Lakers,L,,107,127,21,26,L 1
2018,NYK,2018-01-23,10:30p,@,Golden State Warriors,L,,112,123,21,27,L 2
2018,NYK,2018-01-25,9:00p,@,Denver Nuggets,L,,118,130,21,28,L 3
2018,NYK,2018-01-26,9:00p,@,Phoenix Suns,W,,107,85,22,28,W 1
2018,NYK,2018-01-30,7:30p,,Brooklyn Nets,W,,111,95,23,28,W 2
2018,NYK,2018-01-31,8:00p,@,Boston Celtics,L,,73,103,23,29,L 1
2018,NYK,2018-02-02,8:00p,@,Milwaukee Bucks,L,,90,92,23,30,L 2
2018,NYK,2018-02-04,12:00p,,Atlanta Hawks,L,,96,99,23,31,L 3
2018,NYK,2018-02-06,7:30p,,Milwaukee Bucks,L,,89,103,23,32,L 4
2018,NYK,2018-02-08,7:30p,@,Toronto Raptors,L,,88,113,23,33,L 5
2018,NYK,2018-02-11,5:00p,@,Indiana Pacers,L,,113,121,23,34,L 6
2018,NYK,2018-02-12,7:00p,@,Philadelphia 76ers,L,,92,108,23,35,L 7
2018,NYK,2018-02-14,7:30p,,Washington Wizards,L,,113,118,23,36,L 8
2018,NYK,2018-02-22,7:00p,@,Orlando Magic,W,,120,113,24,36,W 1
2018,NYK,2018-02-24,7:30p,,Boston Celtics,L,,112,121,24,37,L 1
2018,NYK,2018-02-26,7:30p,,Golden State Warriors,L,,111,125,24,38,L 2
2018,NYK,2018-03-02,10:30p,@,Los Angeles Clippers,L,,105,128,24,39,L 3
2018,NYK,2018-03-04,9:00p,@,Sacramento Kings,L,,99,102,24,40,L 4
2018,NYK,2018-03-06,10:00p,@,Portland Trail Blazers,L,,87,111,24,41,L 5
2018,NYK,2018-03-09,8:00p,@,Milwaukee Bucks,L,,112,120,24,42,L 6
2018,NYK,2018-03-11,1:00p,,Toronto Raptors,L,,106,132,24,43,L 7
2018,NYK,2018-03-13,7:30p,,Dallas Mavericks,L,,97,110,24,44,L 8
2018,NYK,2018-03-15,7:30p,,Philadelphia 76ers,L,,110,118,24,45,L 9
2018,NYK,2018-03-17,7:30p,,Charlotte Hornets,W,,124,101,25,45,W 1
2018,NYK,2018-03-19,7:30p,,Chicago Bulls,W,,110,92,26,45,W 2
2018,NYK,2018-03-21,7:30p,@,Miami Heat,L,,98,119,26,46,L 1
2018,NYK,2018-03-23,7:30p,,Minnesota Timberwolves,L,,104,108,26,47,L 2
2018,NYK,2018-03-25,6:00p,@,Washington Wizards,W,,101,97,27,47,W 1
2018,NYK,2018-03-26,7:00p,@,Charlotte Hornets,L,OT,128,137,27,48,L 1
2018,NYK,2018-03-28,7:00p,@,Philadelphia 76ers,L,,101,118,27,49,L 2
2018,NYK,2018-03-31,5:00p,,Detroit Pistons,L,,109,115,27,50,L 3
2018,NYK,2018-04-03,7:30p,,Orlando Magic,L,,73,97,27,51,L 4
2018,NYK,2018-04-06,7:30p,,Miami Heat,W,,122,98,28,51,W 1
2018,NYK,2018-04-07,7:30p,,Milwaukee Bucks,L,,102,115,28,52,L 1
2018,NYK,2018-04-09,7:30p,,Cleveland Cavaliers,L,,109,123,28,53,L 2
2018,NYK,2018-04-11,8:00p,@,Cleveland Cavaliers,W,,110,98,29,53,W 1
2018,OKC,2017-10-19,8:00p,,New York Knicks,W,,105,84,1,0,W 1
2018,OKC,2017-10-21,9:00p,@,Utah Jazz,L,,87,96,1,1,L 1
2018,OKC,2017-10-22,7:00p,,Minnesota Timberwolves,L,,113,115,1,2,L 2
2018,OKC,2017-10-25,8:00p,,Indiana Pacers,W,,114,96,2,2,W 1
2018,OKC,2017-10-27,8:00p,@,Minnesota Timberwolves,L,,116,119,2,3,L 1
2018,OKC,2017-10-28,8:00p,@,Chicago Bulls,W,,101,69,3,3,W 1
2018,OKC,2017-10-31,8:00p,@,Milwaukee Bucks,W,,110,91,4,3,W 2
2018,OKC,2017-11-03,9:30p,,Boston Celtics,L,,94,101,4,4,L 1
2018,OKC,2017-11-05,9:00p,@,Portland Trail Blazers,L,,99,103,4,5,L 2
2018,OKC,2017-11-07,10:00p,@,Sacramento Kings,L,,86,94,4,6,L 3
2018,OKC,2017-11-09,10:30p,@,Denver Nuggets,L,,94,102,4,7,L 4
2018,OKC,2017-11-10,9:00p,,Los Angeles Clippers,W,,120,111,5,7,W 1
2018,OKC,2017-11-12,7:00p,,Dallas Mavericks,W,,112,99,6,7,W 2
2018,OKC,2017-11-15,8:00p,,Chicago Bulls,W,,92,79,7,7,W 3
2018,OKC,2017-11-17,8:00p,@,San Antonio Spurs,L,,101,104,7,8,L 1
2018,OKC,2017-11-20,8:00p,@,New Orleans Pelicans,L,,107,114,7,9,L 2
2018,OKC,2017-11-22,8:00p,,Golden State Warriors,W,,108,91,8,9,W 1
2018,OKC,2017-11-24,8:00p,,Detroit Pistons,L,,98,99,8,10,L 1
2018,OKC,2017-11-25,8:30p,@,Dallas Mavericks,L,,81,97,8,11,L 2
2018,OKC,2017-11-29,7:00p,@,Orlando Magic,L,,108,121,8,12,L 3
2018,OKC,2017-12-01,8:00p,,Minnesota Timberwolves,W,,111,107,9,12,W 1
2018,OKC,2017-12-03,7:00p,,San Antonio Spurs,W,,90,87,10,12,W 2
2018,OKC,2017-12-05,8:00p,,Utah Jazz,W,,100,94,11,12,W 3
2018,OKC,2017-12-07,10:00p,@,Brooklyn Nets,L,,95,100,11,13,L 1
2018,OKC,2017-12-09,9:00p,@,Memphis Grizzlies,W,OT,102,101,12,13,W 1
2018,OKC,2017-12-11,8:00p,,Charlotte Hornets,L,,103,116,12,14,L 1
2018,OKC,2017-12-13,7:00p,@,Indiana Pacers,W,,100,95,13,14,W 1
2018,OKC,2017-12-15,7:00p,@,Philadelphia 76ers,W,3OT,119,117,14,14,W 2
2018,OKC,2017-12-16,7:30p,@,New York Knicks,L,,96,111,14,15,L 1
2018,OKC,2017-12-18,8:00p,,Denver Nuggets,W,,95,94,15,15,W 1
2018,OKC,2017-12-20,8:00p,,Utah Jazz,W,,107,79,16,15,W 2
2018,OKC,2017-12-22,8:00p,,Atlanta Hawks,W,,120,117,17,15,W 3
2018,OKC,2017-12-23,8:00p,@,Utah Jazz,W,,103,89,18,15,W 4
2018,OKC,2017-12-25,8:00p,,Houston Rockets,W,,112,107,19,15,W 5
2018,OKC,2017-12-27,8:00p,,Toronto Raptors,W,,124,107,20,15,W 6
2018,OKC,2017-12-29,8:00p,,Milwaukee Bucks,L,,95,97,20,16,L 1
2018,OKC,2017-12-31,7:00p,,Dallas Mavericks,L,,113,116,20,17,L 2
2018,OKC,2018-01-03,10:30p,@,Los Angeles Lakers,W,,133,96,21,17,W 1
2018,OKC,2018-01-04,10:30p,@,Los Angeles Clippers,W,,127,117,22,17,W 2
2018,OKC,2018-01-07,8:00p,@,Phoenix Suns,L,,100,114,22,18,L 1
2018,OKC,2018-01-09,8:00p,,Portland Trail Blazers,L,,106,117,22,19,L 2
2018,OKC,2018-01-10,8:00p,@,Minnesota Timberwolves,L,,88,104,22,20,L 3
2018,OKC,2018-01-13,5:00p,@,Charlotte Hornets,W,,101,91,23,20,W 1
2018,OKC,2018-01-15,8:00p,,Sacramento Kings,W,,95,88,24,20,W 2
2018,OKC,2018-01-17,8:00p,,Los Angeles Lakers,W,,114,90,25,20,W 3
2018,OKC,2018-01-20,3:30p,@,Cleveland Cavaliers,W,,148,124,26,20,W 4
2018,OKC,2018-01-23,8:00p,,Brooklyn Nets,W,,109,108,27,20,W 5
2018,OKC,2018-01-25,8:00p,,Washington Wizards,W,,121,112,28,20,W 6
2018,OKC,2018-01-27,5:00p,@,Detroit Pistons,W,,121,108,29,20,W 7
2018,OKC,2018-01-28,6:00p,,Philadelphia 76ers,W,,122,112,30,20,W 8
2018,OKC,2018-01-30,7:00p,@,Washington Wizards,L,,96,102,30,21,L 1
2018,OKC,2018-02-01,10:30p,@,Denver Nuggets,L,,124,127,30,22,L 2
2018,OKC,2018-02-02,9:00p,,New Orleans Pelicans,L,,100,114,30,23,L 3
2018,OKC,2018-02-04,2:00p,,Los Angeles Lakers,L,,104,108,30,24,L 4
2018,OKC,2018-02-06,10:30p,@,Golden State Warriors,W,,125,105,31,24,W 1
2018,OKC,2018-02-08,10:30p,@,Los Angeles Lakers,L,,81,106,31,25,L 1
2018,OKC,2018-02-11,7:00p,,Memphis Grizzlies,W,,110,92,32,25,W 1
2018,OKC,2018-02-13,8:00p,,Cleveland Cavaliers,L,,112,120,32,26,L 1
2018,OKC,2018-02-14,8:00p,@,Memphis Grizzlies,W,,121,114,33,26,W 1
2018,OKC,2018-02-22,10:00p,@,Sacramento Kings,W,,110,107,34,26,W 2
2018,OKC,2018-02-24,8:30p,@,Golden State Warriors,L,,80,112,34,27,L 1
2018,OKC,2018-02-26,8:00p,,Orlando Magic,W,,112,105,35,27,W 1
2018,OKC,2018-02-28,8:30p,@,Dallas Mavericks,W,OT,111,110,36,27,W 2
2018,OKC,2018-03-02,9:00p,@,Phoenix Suns,W,,124,116,37,27,W 3
2018,OKC,2018-03-03,10:00p,@,Portland Trail Blazers,L,,100,108,37,28,L 1
2018,OKC,2018-03-06,8:00p,,Houston Rockets,L,,112,122,37,29,L 2
2018,OKC,2018-03-08,8:00p,,Phoenix Suns,W,,115,87,38,29,W 1
2018,OKC,2018-03-10,8:30p,,San Antonio Spurs,W,,104,94,39,29,W 2
2018,OKC,2018-03-12,8:00p,,Sacramento Kings,W,,106,101,40,29,W 3
2018,OKC,2018-03-13,7:30p,@,Atlanta Hawks,W,,119,107,41,29,W 4
2018,OKC,2018-03-16,8:00p,,Los Angeles Clippers,W,,121,113,42,29,W 5
2018,OKC,2018-03-18,1:00p,@,Toronto Raptors,W,,132,125,43,29,W 6
2018,OKC,2018-03-20,8:00p,@,Boston Celtics,L,,99,100,43,30,L 1
2018,OKC,2018-03-23,8:00p,,Miami Heat,W,,105,99,44,30,W 1
2018,OKC,2018-03-25,7:00p,,Portland Trail Blazers,L,,105,108,44,31,L 1
2018,OKC,2018-03-29,8:00p,@,San Antonio Spurs,L,,99,103,44,32,L 2
2018,OKC,2018-03-30,8:00p,,Denver Nuggets,L,OT,125,126,44,33,L 3
2018,OKC,2018-04-01,6:00p,@,New Orleans Pelicans,W,,109,104,45,33,W 1
2018,OKC,2018-04-03,8:00p,,Golden State Warriors,L,,107,111,45,34,L 1
2018,OKC,2018-04-07,8:30p,@,Houston Rockets,W,,108,102,46,34,W 1
2018,OKC,2018-04-09,7:30p,@,Miami Heat,W,,115,93,47,34,W 2
2018,OKC,2018-04-11,8:00p,,Memphis Grizzlies,W,,137,123,48,34,W 3
2018,OKC,2018-04-15,6:30p,,Utah Jazz,W,,116,108,1,0,W 1
2018,OKC,2018-04-18,8:00p,,Utah Jazz,L,,95,102,1,1,L 1
2018,OKC,2018-04-21,10:00p,@,Utah Jazz,L,,102,115,1,2,L 2
2018,OKC,2018-04-23,10:30p,@,Utah Jazz,L,,96,113,1,3,L 3
2018,OKC,2018-04-25,9:30p,,Utah Jazz,W,,107,99,2,3,W 1
2018,OKC,2018-04-27,10:30p,@,Utah Jazz,L,,91,96,2,4,L 1
2018,ORL,2017-10-18,7:00p,,Miami Heat,W,,116,109,1,0,W 1
2018,ORL,2017-10-20,7:30p,@,Brooklyn Nets,L,,121,126,1,1,L 1
2018,ORL,2017-10-21,8:00p,@,Cleveland Cavaliers,W,,114,93,2,1,W 1
2018,ORL,2017-10-24,7:00p,,Brooklyn Nets,W,,125,121,3,1,W 2
2018,ORL,2017-10-27,7:00p,,San Antonio Spurs,W,,114,87,4,1,W 3
2018,ORL,2017-10-29,6:00p,@,Charlotte Hornets,L,,113,120,4,2,L 1
2018,ORL,2017-10-30,8:00p,@,New Orleans Pelicans,W,,115,99,5,2,W 1
2018,ORL,2017-11-01,8:00p,@,Memphis Grizzlies,W,,101,99,6,2,W 2
2018,ORL,2017-11-03,7:00p,,Chicago Bulls,L,,83,105,6,3,L 1
2018,ORL,2017-11-05,6:00p,,Boston Celtics,L,,88,104,6,4,L 2
2018,ORL,2017-11-08,7:00p,,New York Knicks,W,,112,99,7,4,W 1
2018,ORL,2017-11-10,9:00p,@,Phoenix Suns,W,,128,112,8,4,W 2
2018,ORL,2017-11-11,9:00p,@,Denver Nuggets,L,,107,125,8,5,L 1
2018,ORL,2017-11-13,10:30p,@,Golden State Warriors,L,,100,110,8,6,L 2
2018,ORL,2017-11-15,10:00p,@,Portland Trail Blazers,L,,94,99,8,7,L 3
2018,ORL,2017-11-18,7:00p,,Utah Jazz,L,,85,125,8,8,L 4
2018,ORL,2017-11-20,7:00p,,Indiana Pacers,L,,97,105,8,9,L 5
2018,ORL,2017-11-22,8:00p,@,Minnesota Timberwolves,L,,118,124,8,10,L 6
2018,ORL,2017-11-24,7:30p,@,Boston Celtics,L,,103,118,8,11,L 7
2018,ORL,2017-11-25,7:00p,@,Philadelphia 76ers,L,,111,130,8,12,L 8
2018,ORL,2017-11-27,7:00p,@,Indiana Pacers,L,,109,121,8,13,L 9
2018,ORL,2017-11-29,7:00p,,Oklahoma City Thunder,W,,121,108,9,13,W 1
2018,ORL,2017-12-01,7:00p,,Golden State Warriors,L,,112,133,9,14,L 1
2018,ORL,2017-12-03,3:30p,@,New York Knicks,W,,105,100,10,14,W 1
2018,ORL,2017-12-04,7:00p,@,Charlotte Hornets,L,,94,104,10,15,L 1
2018,ORL,2017-12-06,7:00p,,Atlanta Hawks,W,OT,110,106,11,15,W 1
2018,ORL,2017-12-08,7:00p,,Denver Nuggets,L,,89,103,11,16,L 1
2018,ORL,2017-12-09,7:30p,@,Atlanta Hawks,L,,110,117,11,17,L 2
2018,ORL,2017-12-13,7:00p,,Los Angeles Clippers,L,,95,106,11,18,L 3
2018,ORL,2017-12-15,7:00p,,Portland Trail Blazers,L,,88,95,11,19,L 4
2018,ORL,2017-12-17,4:00p,@,Detroit Pistons,L,,110,114,11,20,L 5
2018,ORL,2017-12-20,8:00p,@,Chicago Bulls,L,,94,112,11,21,L 6
2018,ORL,2017-12-22,7:00p,,New Orleans Pelicans,L,,97,111,11,22,L 7
2018,ORL,2017-12-23,7:00p,@,Washington Wizards,L,,103,130,11,23,L 8
2018,ORL,2017-12-26,7:30p,@,Miami Heat,L,,89,107,11,24,L 9
2018,ORL,2017-12-28,7:00p,,Detroit Pistons,W,,102,89,12,24,W 1
2018,ORL,2017-12-30,7:00p,,Miami Heat,L,,111,117,12,25,L 1
2018,ORL,2018-01-01,7:30p,@,Brooklyn Nets,L,,95,98,12,26,L 2
2018,ORL,2018-01-03,7:00p,,Houston Rockets,L,,98,116,12,27,L 3
2018,ORL,2018-01-06,7:00p,,Cleveland Cavaliers,L,,127,131,12,28,L 4
2018,ORL,2018-01-09,8:30p,@,Dallas Mavericks,L,,99,114,12,29,L 5
2018,ORL,2018-01-10,8:00p,@,Milwaukee Bucks,L,,103,110,12,30,L 6
2018,ORL,2018-01-12,7:00p,@,Washington Wizards,L,,119,125,12,31,L 7
2018,ORL,2018-01-16,7:00p,,Minnesota Timberwolves,W,,108,102,13,31,W 1
2018,ORL,2018-01-18,7:00p,@,Cleveland Cavaliers,L,,103,104,13,32,L 1
2018,ORL,2018-01-21,1:00p,@,Boston Celtics,W,,103,95,14,32,W 1
2018,ORL,2018-01-23,7:00p,,Sacramento Kings,L,,99,105,14,33,L 1
2018,ORL,2018-01-27,7:00p,@,Indiana Pacers,L,,112,114,14,34,L 2
2018,ORL,2018-01-30,8:00p,@,Houston Rockets,L,,107,114,14,35,L 3
2018,ORL,2018-01-31,7:00p,,Los Angeles Lakers,W,,127,105,15,35,W 1
2018,ORL,2018-02-03,7:00p,,Washington Wizards,L,,98,115,15,36,L 1
2018,ORL,2018-02-05,7:30p,@,Miami Heat,W,,111,109,16,36,W 1
2018,ORL,2018-02-06,7:00p,,Cleveland Cavaliers,W,,116,98,17,36,W 2
2018,ORL,2018-02-08,7:00p,,Atlanta Hawks,W,,100,98,18,36,W 3
2018,ORL,2018-02-10,7:00p,,Milwaukee Bucks,L,,104,111,18,37,L 1
2018,ORL,2018-02-12,8:00p,@,Chicago Bulls,L,,101,105,18,38,L 2
2018,ORL,2018-02-14,7:00p,,Charlotte Hornets,L,,102,104,18,39,L 3
2018,ORL,2018-02-22,7:00p,,New York Knicks,L,,113,120,18,40,L 4
2018,ORL,2018-02-24,5:00p,@,Philadelphia 76ers,L,,105,116,18,41,L 5
2018,ORL,2018-02-26,8:00p,@,Oklahoma City Thunder,L,,105,112,18,42,L 6
2018,ORL,2018-02-28,7:00p,,Toronto Raptors,L,,104,117,18,43,L 7
2018,ORL,2018-03-02,7:00p,,Detroit Pistons,W,OT,115,106,19,43,W 1
2018,ORL,2018-03-03,7:00p,,Memphis Grizzlies,W,,107,100,20,43,W 2
2018,ORL,2018-03-05,9:00p,@,Utah Jazz,L,,80,94,20,44,L 1
2018,ORL,2018-03-07,10:30p,@,Los Angeles Lakers,L,,107,108,20,45,L 2
2018,ORL,2018-03-09,10:00p,@,Sacramento Kings,L,,88,94,20,46,L 3
2018,ORL,2018-03-10,10:30p,@,Los Angeles Clippers,L,,105,113,20,47,L 4
2018,ORL,2018-03-13,8:30p,@,San Antonio Spurs,L,,72,108,20,48,L 5
2018,ORL,2018-03-14,7:00p,,Milwaukee Bucks,W,,126,117,21,48,W 1
2018,ORL,2018-03-16,7:00p,,Boston Celtics,L,,83,92,21,49,L 1
2018,ORL,2018-03-20,7:00p,,Toronto Raptors,L,,86,93,21,50,L 2
2018,ORL,2018-03-22,7:00p,,Philadelphia 76ers,L,,98,118,21,51,L 3
2018,ORL,2018-03-24,7:00p,,Phoenix Suns,W,,105,99,22,51,W 1
2018,ORL,2018-03-28,7:00p,,Brooklyn Nets,L,,104,111,22,52,L 1
2018,ORL,2018-03-30,7:00p,,Chicago Bulls,L,,82,90,22,53,L 2
2018,ORL,2018-04-01,6:00p,@,Atlanta Hawks,L,,88,94,22,54,L 3
2018,ORL,2018-04-03,7:30p,@,New York Knicks,W,,97,73,23,54,W 1
2018,ORL,2018-04-04,7:00p,,Dallas Mavericks,W,,105,100,24,54,W 2
2018,ORL,2018-04-06,7:00p,,Charlotte Hornets,L,,100,137,24,55,L 1
2018,ORL,2018-04-08,6:00p,@,Toronto Raptors,L,,101,112,24,56,L 2
2018,ORL,2018-04-09,8:00p,@,Milwaukee Bucks,L,,86,102,24,57,L 3
2018,ORL,2018-04-11,8:00p,,Washington Wizards,W,,101,92,25,57,W 1
2018,PHI,2017-10-18,7:00p,@,Washington Wizards,L,,115,120,0,1,L 1
2018,PHI,2017-10-20,7:00p,,Boston Celtics,L,,92,102,0,2,L 2
2018,PHI,2017-10-21,7:30p,@,Toronto Raptors,L,,94,128,0,3,L 3
2018,PHI,2017-10-23,7:00p,@,Detroit Pistons,W,,97,86,1,3,W 1
2018,PHI,2017-10-25,7:00p,,Houston Rockets,L,,104,105,1,4,L 1
2018,PHI,2017-10-28,8:30p,@,Dallas Mavericks,W,,112,110,2,4,W 1
2018,PHI,2017-10-30,8:00p,@,Houston Rockets,W,,115,107,3,4,W 2
2018,PHI,2017-11-01,7:00p,,Atlanta Hawks,W,,119,109,4,4,W 3
2018,PHI,2017-11-03,7:00p,,Indiana Pacers,W,,121,110,5,4,W 4
2018,PHI,2017-11-07,9:00p,@,Utah Jazz,W,,104,97,6,4,W 5
2018,PHI,2017-11-09,10:00p,@,Sacramento Kings,L,,108,109,6,5,L 1
2018,PHI,2017-11-11,8:30p,@,Golden State Warriors,L,,114,135,6,6,L 2
2018,PHI,2017-11-13,10:30p,@,Los Angeles Clippers,W,,109,105,7,6,W 1
2018,PHI,2017-11-15,10:30p,@,Los Angeles Lakers,W,,115,109,8,6,W 2
2018,PHI,2017-11-18,7:30p,,Golden State Warriors,L,,116,124,8,7,L 1
2018,PHI,2017-11-20,7:00p,,Utah Jazz,W,,107,86,9,7,W 1
2018,PHI,2017-11-22,7:00p,,Portland Trail Blazers,W,,101,81,10,7,W 2
2018,PHI,2017-11-25,7:00p,,Orlando Magic,W,,130,111,11,7,W 3
2018,PHI,2017-11-27,7:00p,,Cleveland Cavaliers,L,,91,113,11,8,L 1
2018,PHI,2017-11-29,7:00p,,Washington Wizards,W,,118,113,12,8,W 1
2018,PHI,2017-11-30,7:30p,@,Boston Celtics,L,,97,108,12,9,L 1
2018,PHI,2017-12-02,7:30p,,Detroit Pistons,W,,108,103,13,9,W 1
2018,PHI,2017-12-04,7:00p,,Phoenix Suns,L,,101,115,13,10,L 1
2018,PHI,2017-12-07,8:00p,,Los Angeles Lakers,L,,104,107,13,11,L 2
2018,PHI,2017-12-09,8:00p,@,Cleveland Cavaliers,L,,98,105,13,12,L 3
2018,PHI,2017-12-10,7:00p,@,New Orleans Pelicans,L,,124,131,13,13,L 4
2018,PHI,2017-12-12,9:30p,@,Minnesota Timberwolves,W,OT,118,112,14,13,W 1
2018,PHI,2017-12-15,7:00p,,Oklahoma City Thunder,L,3OT,117,119,14,14,L 1
2018,PHI,2017-12-18,8:00p,@,Chicago Bulls,L,,115,117,14,15,L 2
2018,PHI,2017-12-19,7:00p,,Sacramento Kings,L,,95,101,14,16,L 3
2018,PHI,2017-12-21,7:00p,,Toronto Raptors,L,,109,114,14,17,L 4
2018,PHI,2017-12-23,5:00p,@,Toronto Raptors,L,,86,102,14,18,L 5
2018,PHI,2017-12-25,12:00p,@,New York Knicks,W,,105,98,15,18,W 1
2018,PHI,2017-12-28,10:30p,@,Portland Trail Blazers,L,,110,114,15,19,L 1
2018,PHI,2017-12-30,9:00p,@,Denver Nuggets,W,,107,102,16,19,W 1
2018,PHI,2017-12-31,8:00p,@,Phoenix Suns,W,,123,110,17,19,W 2
2018,PHI,2018-01-03,7:00p,,San Antonio Spurs,W,,112,106,18,19,W 3
2018,PHI,2018-01-05,7:00p,,Detroit Pistons,W,,114,78,19,19,W 4
2018,PHI,2018-01-11,3:00p,,Boston Celtics,L,,103,114,19,20,L 1
2018,PHI,2018-01-15,1:00p,,Toronto Raptors,W,,117,111,20,20,W 1
2018,PHI,2018-01-18,7:00p,@,Boston Celtics,W,,89,80,21,20,W 2
2018,PHI,2018-01-20,7:30p,,Milwaukee Bucks,W,,116,94,22,20,W 3
2018,PHI,2018-01-22,8:00p,@,Memphis Grizzlies,L,,101,105,22,21,L 1
2018,PHI,2018-01-24,7:00p,,Chicago Bulls,W,,115,101,23,21,W 1
2018,PHI,2018-01-26,8:30p,@,San Antonio Spurs,W,,97,78,24,21,W 2
2018,PHI,2018-01-28,6:00p,@,Oklahoma City Thunder,L,,112,122,24,22,L 1
2018,PHI,2018-01-29,8:00p,@,Milwaukee Bucks,L,,95,107,24,23,L 2
2018,PHI,2018-01-31,7:30p,@,Brooklyn Nets,L,,108,116,24,24,L 3
2018,PHI,2018-02-02,8:00p,,Miami Heat,W,,103,97,25,24,W 1
2018,PHI,2018-02-03,7:00p,@,Indiana Pacers,L,,92,100,25,25,L 1
2018,PHI,2018-02-06,8:00p,,Washington Wizards,W,,115,102,26,25,W 1
2018,PHI,2018-02-09,7:00p,,New Orleans Pelicans,W,,100,82,27,25,W 2
2018,PHI,2018-02-10,7:00p,,Los Angeles Clippers,W,,112,98,28,25,W 3
2018,PHI,2018-02-12,7:00p,,New York Knicks,W,,108,92,29,25,W 4
2018,PHI,2018-02-14,7:00p,,Miami Heat,W,,104,102,30,25,W 5
2018,PHI,2018-02-22,8:00p,@,Chicago Bulls,W,,116,115,31,25,W 6
2018,PHI,2018-02-24,5:00p,,Orlando Magic,W,,116,105,32,25,W 7
2018,PHI,2018-02-25,8:00p,@,Washington Wizards,L,,94,109,32,26,L 1
2018,PHI,2018-02-27,7:30p,@,Miami Heat,L,,101,102,32,27,L 2
2018,PHI,2018-03-01,8:00p,@,Cleveland Cavaliers,W,,108,97,33,27,W 1
2018,PHI,2018-03-02,7:00p,,Charlotte Hornets,W,,110,99,34,27,W 2
2018,PHI,2018-03-04,8:00p,@,Milwaukee Bucks,L,,110,118,34,28,L 1
2018,PHI,2018-03-06,7:00p,@,Charlotte Hornets,W,,128,114,35,28,W 1
2018,PHI,2018-03-08,7:30p,@,Miami Heat,L,,99,108,35,29,L 1
2018,PHI,2018-03-11,7:30p,@,Brooklyn Nets,W,,120,97,36,29,W 1
2018,PHI,2018-03-13,7:00p,,Indiana Pacers,L,,98,101,36,30,L 1
2018,PHI,2018-03-15,7:30p,@,New York Knicks,W,,118,110,37,30,W 1
2018,PHI,2018-03-16,7:00p,,Brooklyn Nets,W,,120,116,38,30,W 2
2018,PHI,2018-03-19,7:00p,,Charlotte Hornets,W,,108,94,39,30,W 3
2018,PHI,2018-03-21,7:00p,,Memphis Grizzlies,W,,119,105,40,30,W 4
2018,PHI,2018-03-22,7:00p,@,Orlando Magic,W,,118,98,41,30,W 5
2018,PHI,2018-03-24,6:00p,,Minnesota Timberwolves,W,,120,108,42,30,W 6
2018,PHI,2018-03-26,7:00p,,Denver Nuggets,W,,123,104,43,30,W 7
2018,PHI,2018-03-28,7:00p,,New York Knicks,W,,118,101,44,30,W 8
2018,PHI,2018-03-30,7:30p,@,Atlanta Hawks,W,,101,91,45,30,W 9
2018,PHI,2018-04-01,1:00p,@,Charlotte Hornets,W,,119,102,46,30,W 10
2018,PHI,2018-04-03,7:00p,,Brooklyn Nets,W,,121,95,47,30,W 11
2018,PHI,2018-04-04,7:00p,@,Detroit Pistons,W,,115,108,48,30,W 12
2018,PHI,2018-04-06,7:00p,,Cleveland Cavaliers,W,,132,130,49,30,W 13
2018,PHI,2018-04-08,1:00p,,Dallas Mavericks,W,,109,97,50,30,W 14
2018,PHI,2018-04-10,7:30p,@,Atlanta Hawks,W,,121,113,51,30,W 15
2018,PHI,2018-04-11,8:00p,,Milwaukee Bucks,W,,130,95,52,30,W 16
2018,PHI,2018-04-14,8:00p,,Miami Heat,W,,130,103,1,0,W 1
2018,PHI,2018-04-16,8:00p,,Miami Heat,L,,103,113,1,1,L 1
2018,PHI,2018-04-19,7:00p,@,Miami Heat,W,,128,108,2,1,W 1
2018,PHI,2018-04-21,2:30p,@,Miami Heat,W,,106,102,3,1,W 2
2018,PHI,2018-04-24,8:00p,,Miami Heat,W,,104,91,4,1,W 3
2018,PHI,2018-04-30,8:00p,@,Boston Celtics,L,,101,117,4,2,L 1
2018,PHI,2018-05-03,8:30p,@,Boston Celtics,L,,103,108,4,3,L 2
2018,PHI,2018-05-05,5:00p,,Boston Celtics,L,OT,98,101,4,4,L 3
2018,PHI,2018-05-07,6:00p,,Boston Celtics,W,,103,92,5,4,W 1
2018,PHI,2018-05-09,8:00p,@,Boston Celtics,L,,112,114,5,5,L 1
2018,PHO,2017-10-18,10:00p,,Portland Trail Blazers,L,,76,124,0,1,L 1
2018,PHO,2017-10-20,10:00p,,Los Angeles Lakers,L,,130,132,0,2,L 2
2018,PHO,2017-10-21,10:30p,@,Los Angeles Clippers,L,,88,130,0,3,L 3
2018,PHO,2017-10-23,10:00p,,Sacramento Kings,W,,117,115,1,3,W 1
2018,PHO,2017-10-25,10:00p,,Utah Jazz,W,,97,88,2,3,W 2
2018,PHO,2017-10-28,10:00p,@,Portland Trail Blazers,L,,107,114,2,4,L 1
2018,PHO,2017-10-31,7:30p,@,Brooklyn Nets,W,,122,114,3,4,W 1
2018,PHO,2017-11-01,7:00p,@,Washington Wizards,W,,122,116,4,4,W 2
2018,PHO,2017-11-03,7:30p,@,New York Knicks,L,,107,120,4,5,L 1
2018,PHO,2017-11-05,7:00p,@,San Antonio Spurs,L,,95,112,4,6,L 2
2018,PHO,2017-11-06,9:00p,,Brooklyn Nets,L,,92,98,4,7,L 3
2018,PHO,2017-11-08,9:00p,,Miami Heat,L,,115,126,4,8,L 4
2018,PHO,2017-11-10,9:00p,,Orlando Magic,L,,112,128,4,9,L 5
2018,PHO,2017-11-11,9:00p,,Minnesota Timberwolves,W,,118,110,5,9,W 1
2018,PHO,2017-11-13,9:00p,,Los Angeles Lakers,L,,93,100,5,10,L 1
2018,PHO,2017-11-16,10:30p,,Houston Rockets,L,,116,142,5,11,L 2
2018,PHO,2017-11-17,10:30p,@,Los Angeles Lakers,W,,122,113,6,11,W 1
2018,PHO,2017-11-19,8:00p,,Chicago Bulls,W,,113,105,7,11,W 2
2018,PHO,2017-11-22,9:00p,,Milwaukee Bucks,L,OT,107,113,7,12,L 1
2018,PHO,2017-11-24,9:00p,,New Orleans Pelicans,L,,91,115,7,13,L 2
2018,PHO,2017-11-26,3:30p,@,Minnesota Timberwolves,L,,108,119,7,14,L 3
2018,PHO,2017-11-28,8:00p,@,Chicago Bulls,W,,104,99,8,14,W 1
2018,PHO,2017-11-29,7:00p,@,Detroit Pistons,L,,107,131,8,15,L 1
2018,PHO,2017-12-02,1:00p,@,Boston Celtics,L,,111,116,8,16,L 2
2018,PHO,2017-12-04,7:00p,@,Philadelphia 76ers,W,,115,101,9,16,W 1
2018,PHO,2017-12-05,7:30p,@,Toronto Raptors,L,,113,126,9,17,L 1
2018,PHO,2017-12-07,9:00p,,Washington Wizards,L,,99,109,9,18,L 2
2018,PHO,2017-12-09,9:00p,,San Antonio Spurs,L,,101,104,9,19,L 3
2018,PHO,2017-12-12,10:00p,@,Sacramento Kings,L,,92,99,9,20,L 4
2018,PHO,2017-12-13,9:00p,,Toronto Raptors,L,,109,115,9,21,L 5
2018,PHO,2017-12-16,8:00p,@,Minnesota Timberwolves,W,,108,106,10,21,W 1
2018,PHO,2017-12-18,8:30p,@,Dallas Mavericks,W,,97,91,11,21,W 2
2018,PHO,2017-12-20,10:30p,@,Los Angeles Clippers,L,,95,108,11,22,L 1
2018,PHO,2017-12-21,9:00p,,Memphis Grizzlies,W,,97,95,12,22,W 1
2018,PHO,2017-12-23,9:00p,,Minnesota Timberwolves,L,,106,115,12,23,L 1
2018,PHO,2017-12-26,9:00p,,Memphis Grizzlies,W,,99,97,13,23,W 1
2018,PHO,2017-12-29,10:00p,@,Sacramento Kings,W,,111,101,14,23,W 2
2018,PHO,2017-12-31,8:00p,,Philadelphia 76ers,L,,110,123,14,24,L 1
2018,PHO,2018-01-02,9:00p,,Atlanta Hawks,W,,104,103,15,24,W 1
2018,PHO,2018-01-03,9:00p,@,Denver Nuggets,L,,111,134,15,25,L 1
2018,PHO,2018-01-05,8:30p,@,San Antonio Spurs,L,,89,103,15,26,L 2
2018,PHO,2018-01-07,8:00p,,Oklahoma City Thunder,W,,114,100,16,26,W 1
2018,PHO,2018-01-12,10:30p,,Houston Rockets,L,,95,112,16,27,L 1
2018,PHO,2018-01-14,8:00p,,Indiana Pacers,L,,97,120,16,28,L 2
2018,PHO,2018-01-16,10:00p,@,Portland Trail Blazers,L,,111,118,16,29,L 3
2018,PHO,2018-01-19,9:00p,@,Denver Nuggets,W,,108,100,17,29,W 1
2018,PHO,2018-01-22,8:00p,@,Milwaukee Bucks,L,,105,109,17,30,L 1
2018,PHO,2018-01-24,7:00p,@,Indiana Pacers,L,,101,116,17,31,L 2
2018,PHO,2018-01-26,9:00p,,New York Knicks,L,,85,107,17,32,L 3
2018,PHO,2018-01-28,3:30p,@,Houston Rockets,L,,102,113,17,33,L 4
2018,PHO,2018-01-29,8:00p,@,Memphis Grizzlies,L,,109,120,17,34,L 5
2018,PHO,2018-01-31,10:30p,,Dallas Mavericks,W,,102,88,18,34,W 1
2018,PHO,2018-02-02,9:00p,,Utah Jazz,L,,97,129,18,35,L 1
2018,PHO,2018-02-04,3:00p,,Charlotte Hornets,L,,110,115,18,36,L 2
2018,PHO,2018-02-06,10:30p,@,Los Angeles Lakers,L,,93,112,18,37,L 3
2018,PHO,2018-02-07,10:30p,,San Antonio Spurs,L,,81,129,18,38,L 4
2018,PHO,2018-02-10,9:00p,,Denver Nuggets,L,,113,123,18,39,L 5
2018,PHO,2018-02-12,10:30p,@,Golden State Warriors,L,,83,129,18,40,L 6
2018,PHO,2018-02-14,9:00p,@,Utah Jazz,L,,97,107,18,41,L 7
2018,PHO,2018-02-23,9:00p,,Los Angeles Clippers,L,,117,128,18,42,L 8
2018,PHO,2018-02-24,9:00p,,Portland Trail Blazers,L,,104,106,18,43,L 9
2018,PHO,2018-02-26,8:00p,@,New Orleans Pelicans,L,,116,125,18,44,L 10
2018,PHO,2018-02-28,8:00p,@,Memphis Grizzlies,W,,110,102,19,44,W 1
2018,PHO,2018-03-02,9:00p,,Oklahoma City Thunder,L,,116,124,19,45,L 1
2018,PHO,2018-03-04,3:30p,@,Atlanta Hawks,L,,112,113,19,46,L 2
2018,PHO,2018-03-05,7:30p,@,Miami Heat,L,,103,125,19,47,L 3
2018,PHO,2018-03-08,8:00p,@,Oklahoma City Thunder,L,,87,115,19,48,L 4
2018,PHO,2018-03-10,5:00p,@,Charlotte Hornets,L,,115,122,19,49,L 5
2018,PHO,2018-03-13,10:00p,,Cleveland Cavaliers,L,,107,129,19,50,L 6
2018,PHO,2018-03-15,9:00p,@,Utah Jazz,L,,88,116,19,51,L 7
2018,PHO,2018-03-17,10:00p,,Golden State Warriors,L,,109,124,19,52,L 8
2018,PHO,2018-03-20,10:00p,,Detroit Pistons,L,,88,115,19,53,L 9
2018,PHO,2018-03-23,7:30p,@,Cleveland Cavaliers,L,,95,120,19,54,L 10
2018,PHO,2018-03-24,7:00p,@,Orlando Magic,L,,99,105,19,55,L 11
2018,PHO,2018-03-26,10:00p,,Boston Celtics,L,,94,102,19,56,L 12
2018,PHO,2018-03-28,10:00p,,Los Angeles Clippers,L,,99,111,19,57,L 13
2018,PHO,2018-03-30,8:00p,@,Houston Rockets,L,,103,104,19,58,L 14
2018,PHO,2018-04-01,8:30p,@,Golden State Warriors,L,,107,117,19,59,L 15
2018,PHO,2018-04-03,10:00p,,Sacramento Kings,W,,97,94,20,59,W 1
2018,PHO,2018-04-06,10:00p,,New Orleans Pelicans,L,,103,122,20,60,L 1
2018,PHO,2018-04-08,9:00p,,Golden State Warriors,L,,100,117,20,61,L 2
2018,PHO,2018-04-10,8:30p,@,Dallas Mavericks,W,,124,97,21,61,W 1
2018,POR,2017-10-18,10:00p,@,Phoenix Suns,W,,124,76,1,0,W 1
2018,POR,2017-10-20,7:00p,@,Indiana Pacers,W,,114,96,2,0,W 2
2018,POR,2017-10-21,8:30p,@,Milwaukee Bucks,L,,110,113,2,1,L 1
2018,POR,2017-10-24,10:00p,,New Orleans Pelicans,W,,103,93,3,1,W 1
2018,POR,2017-10-26,10:00p,,Los Angeles Clippers,L,,103,104,3,2,L 1
2018,POR,2017-10-28,10:00p,,Phoenix Suns,W,,114,107,4,2,W 1
2018,POR,2017-10-30,10:00p,,Toronto Raptors,L,,85,99,4,3,L 1
2018,POR,2017-11-01,9:00p,@,Utah Jazz,L,OT,103,112,4,4,L 2
2018,POR,2017-11-02,10:30p,,Los Angeles Lakers,W,,113,110,5,4,W 1
2018,POR,2017-11-05,9:00p,,Oklahoma City Thunder,W,,103,99,6,4,W 2
2018,POR,2017-11-07,10:00p,,Memphis Grizzlies,L,,97,98,6,5,L 1
2018,POR,2017-11-10,10:00p,,Brooklyn Nets,L,,97,101,6,6,L 2
2018,POR,2017-11-13,10:00p,,Denver Nuggets,W,,99,82,7,6,W 1
2018,POR,2017-11-15,10:00p,,Orlando Magic,W,,99,94,8,6,W 2
2018,POR,2017-11-17,10:00p,@,Sacramento Kings,L,,82,86,8,7,L 1
2018,POR,2017-11-18,10:00p,,Sacramento Kings,W,,102,90,9,7,W 1
2018,POR,2017-11-20,8:00p,@,Memphis Grizzlies,W,,100,92,10,7,W 2
2018,POR,2017-11-22,7:00p,@,Philadelphia 76ers,L,,81,101,10,8,L 1
2018,POR,2017-11-24,12:00p,@,Brooklyn Nets,W,,127,125,11,8,W 1
2018,POR,2017-11-25,7:00p,@,Washington Wizards,W,,108,105,12,8,W 2
2018,POR,2017-11-27,7:30p,@,New York Knicks,W,,103,91,13,8,W 3
2018,POR,2017-11-30,10:00p,,Milwaukee Bucks,L,,91,103,13,9,L 1
2018,POR,2017-12-02,10:00p,,New Orleans Pelicans,L,,116,123,13,10,L 2
2018,POR,2017-12-05,10:00p,,Washington Wizards,L,,92,106,13,11,L 3
2018,POR,2017-12-09,10:00p,,Houston Rockets,L,,117,124,13,12,L 4
2018,POR,2017-12-11,10:30p,@,Golden State Warriors,L,,104,111,13,13,L 5
2018,POR,2017-12-13,7:30p,@,Miami Heat,W,,102,95,14,13,W 1
2018,POR,2017-12-15,7:00p,@,Orlando Magic,W,,95,88,15,13,W 2
2018,POR,2017-12-16,7:00p,@,Charlotte Hornets,W,,93,91,16,13,W 3
2018,POR,2017-12-18,8:00p,@,Minnesota Timberwolves,L,,107,108,16,14,L 1
2018,POR,2017-12-20,10:00p,,San Antonio Spurs,L,,91,93,16,15,L 2
2018,POR,2017-12-22,10:00p,,Denver Nuggets,L,,85,102,16,16,L 3
2018,POR,2017-12-23,9:30p,@,Los Angeles Lakers,W,,95,92,17,16,W 1
2018,POR,2017-12-28,10:30p,,Philadelphia 76ers,W,,114,110,18,16,W 2
2018,POR,2017-12-30,7:30p,@,Atlanta Hawks,L,,89,104,18,17,L 1
2018,POR,2018-01-01,8:00p,@,Chicago Bulls,W,OT,124,120,19,17,W 1
2018,POR,2018-01-02,7:00p,@,Cleveland Cavaliers,L,,110,127,19,18,L 1
2018,POR,2018-01-05,10:00p,,Atlanta Hawks,W,,110,89,20,18,W 1
2018,POR,2018-01-07,9:00p,,San Antonio Spurs,W,,111,110,21,18,W 2
2018,POR,2018-01-09,8:00p,@,Oklahoma City Thunder,W,,117,106,22,18,W 3
2018,POR,2018-01-10,8:00p,@,Houston Rockets,L,,112,121,22,19,L 1
2018,POR,2018-01-12,8:00p,@,New Orleans Pelicans,L,,113,119,22,20,L 2
2018,POR,2018-01-14,9:00p,@,Minnesota Timberwolves,L,,103,120,22,21,L 3
2018,POR,2018-01-16,10:00p,,Phoenix Suns,W,,118,111,23,21,W 1
2018,POR,2018-01-18,10:00p,,Indiana Pacers,W,,100,86,24,21,W 2
2018,POR,2018-01-20,10:00p,,Dallas Mavericks,W,,117,108,25,21,W 3
2018,POR,2018-01-22,9:00p,@,Denver Nuggets,L,,101,104,25,22,L 1
2018,POR,2018-01-24,10:00p,,Minnesota Timberwolves,W,,123,114,26,22,W 1
2018,POR,2018-01-26,8:30p,@,Dallas Mavericks,W,,107,93,27,22,W 2
2018,POR,2018-01-30,10:30p,@,Los Angeles Clippers,W,,104,96,28,22,W 3
2018,POR,2018-01-31,10:00p,,Chicago Bulls,W,,124,108,29,22,W 4
2018,POR,2018-02-02,7:30p,@,Toronto Raptors,L,,105,130,29,23,L 1
2018,POR,2018-02-04,12:00p,@,Boston Celtics,L,,96,97,29,24,L 2
2018,POR,2018-02-05,7:00p,@,Detroit Pistons,L,,91,111,29,25,L 3
2018,POR,2018-02-08,10:00p,,Charlotte Hornets,W,OT,109,103,30,25,W 1
2018,POR,2018-02-09,10:30p,@,Sacramento Kings,W,,118,100,31,25,W 2
2018,POR,2018-02-11,9:00p,,Utah Jazz,L,,96,115,31,26,L 1
2018,POR,2018-02-14,10:30p,,Golden State Warriors,W,,123,117,32,26,W 1
2018,POR,2018-02-23,9:00p,@,Utah Jazz,W,,100,81,33,26,W 2
2018,POR,2018-02-24,9:00p,@,Phoenix Suns,W,,106,104,34,26,W 3
2018,POR,2018-02-27,10:00p,,Sacramento Kings,W,,116,99,35,26,W 4
2018,POR,2018-03-01,10:30p,,Minnesota Timberwolves,W,,108,99,36,26,W 5
2018,POR,2018-03-03,10:00p,,Oklahoma City Thunder,W,,108,100,37,26,W 6
2018,POR,2018-03-05,10:30p,@,Los Angeles Lakers,W,,108,103,38,26,W 7
2018,POR,2018-03-06,10:00p,,New York Knicks,W,,111,87,39,26,W 8
2018,POR,2018-03-09,10:00p,,Golden State Warriors,W,,125,108,40,26,W 9
2018,POR,2018-03-12,10:30p,,Miami Heat,W,,115,99,41,26,W 10
2018,POR,2018-03-15,10:00p,,Cleveland Cavaliers,W,,113,105,42,26,W 11
2018,POR,2018-03-17,10:00p,,Detroit Pistons,W,,100,87,43,26,W 12
2018,POR,2018-03-18,10:30p,@,Los Angeles Clippers,W,,122,109,44,26,W 13
2018,POR,2018-03-20,10:30p,,Houston Rockets,L,,111,115,44,27,L 1
2018,POR,2018-03-23,10:00p,,Boston Celtics,L,,100,105,44,28,L 2
2018,POR,2018-03-25,7:00p,@,Oklahoma City Thunder,W,,108,105,45,28,W 1
2018,POR,2018-03-27,8:00p,@,New Orleans Pelicans,W,,107,103,46,28,W 2
2018,POR,2018-03-28,8:00p,@,Memphis Grizzlies,L,,103,108,46,29,L 1
2018,POR,2018-03-30,10:30p,,Los Angeles Clippers,W,,105,96,47,29,W 1
2018,POR,2018-04-01,9:00p,,Memphis Grizzlies,W,,113,98,48,29,W 2
2018,POR,2018-04-03,8:30p,@,Dallas Mavericks,L,,109,115,48,30,L 1
2018,POR,2018-04-05,8:00p,@,Houston Rockets,L,,94,96,48,31,L 2
2018,POR,2018-04-07,9:00p,@,San Antonio Spurs,L,,105,116,48,32,L 3
2018,POR,2018-04-09,9:00p,@,Denver Nuggets,L,,82,88,48,33,L 4
2018,POR,2018-04-11,10:30p,,Utah Jazz,W,,102,93,49,33,W 1
2018,POR,2018-04-14,10:30p,,New Orleans Pelicans,L,,95,97,0,1,L 1
2018,POR,2018-04-17,10:30p,,New Orleans Pelicans,L,,102,111,0,2,L 2
2018,POR,2018-04-19,9:00p,@,New Orleans Pelicans,L,,102,119,0,3,L 3
2018,POR,2018-04-21,5:00p,@,New Orleans Pelicans,L,,123,131,0,4,L 4
2018,SAC,2017-10-18,10:00p,,Houston Rockets,L,,100,105,0,1,L 1
2018,SAC,2017-10-20,8:30p,@,Dallas Mavericks,W,,93,88,1,1,W 1
2018,SAC,2017-10-21,9:00p,@,Denver Nuggets,L,,79,96,1,2,L 1
2018,SAC,2017-10-23,10:00p,@,Phoenix Suns,L,,115,117,1,3,L 2
2018,SAC,2017-10-26,10:30p,,New Orleans Pelicans,L,,106,114,1,4,L 3
2018,SAC,2017-10-29,6:00p,,Washington Wizards,L,,83,110,1,5,L 4
2018,SAC,2017-10-31,7:00p,@,Indiana Pacers,L,,83,101,1,6,L 5
2018,SAC,2017-11-01,7:30p,@,Boston Celtics,L,,86,113,1,7,L 6
2018,SAC,2017-11-04,7:00p,@,Detroit Pistons,L,,99,108,1,8,L 7
2018,SAC,2017-11-07,10:00p,,Oklahoma City Thunder,W,,94,86,2,8,W 1
2018,SAC,2017-11-09,10:00p,,Philadelphia 76ers,W,,109,108,3,8,W 2
2018,SAC,2017-11-11,8:00p,@,New York Knicks,L,,91,118,3,9,L 1
2018,SAC,2017-11-13,7:00p,@,Washington Wizards,L,,92,110,3,10,L 2
2018,SAC,2017-11-15,7:30p,@,Atlanta Hawks,L,,80,126,3,11,L 3
2018,SAC,2017-11-17,10:00p,,Portland Trail Blazers,W,,86,82,4,11,W 1
2018,SAC,2017-11-18,10:00p,@,Portland Trail Blazers,L,,90,102,4,12,L 1
2018,SAC,2017-11-20,10:00p,,Denver Nuggets,L,,98,114,4,13,L 2
2018,SAC,2017-11-22,10:30p,,Los Angeles Lakers,W,,113,102,5,13,W 1
2018,SAC,2017-11-25,10:00p,,Los Angeles Clippers,L,,95,97,5,14,L 1
2018,SAC,2017-11-27,10:30p,@,Golden State Warriors,W,,110,106,6,14,W 1
2018,SAC,2017-11-28,10:00p,,Milwaukee Bucks,L,,87,112,6,15,L 1
2018,SAC,2017-12-01,8:00p,@,Chicago Bulls,W,,107,106,7,15,W 1
2018,SAC,2017-12-02,8:30p,@,Milwaukee Bucks,L,,104,109,7,16,L 1
2018,SAC,2017-12-06,7:00p,@,Cleveland Cavaliers,L,,95,101,7,17,L 2
2018,SAC,2017-12-08,8:00p,@,New Orleans Pelicans,W,OT,116,109,8,17,W 1
2018,SAC,2017-12-10,3:30p,,Toronto Raptors,L,,87,102,8,18,L 1
2018,SAC,2017-12-12,10:00p,,Phoenix Suns,W,,99,92,9,18,W 1
2018,SAC,2017-12-14,8:00p,@,Minnesota Timberwolves,L,,96,119,9,19,L 1
2018,SAC,2017-12-17,3:30p,@,Toronto Raptors,L,,93,108,9,20,L 2
2018,SAC,2017-12-19,7:00p,@,Philadelphia 76ers,W,,101,95,10,20,W 1
2018,SAC,2017-12-20,7:30p,@,Brooklyn Nets,W,,104,99,11,20,W 2
2018,SAC,2017-12-23,10:00p,,San Antonio Spurs,L,,99,108,11,21,L 1
2018,SAC,2017-12-26,10:30p,@,Los Angeles Clippers,L,,95,122,11,22,L 2
2018,SAC,2017-12-27,10:00p,,Cleveland Cavaliers,W,,109,95,12,22,W 1
2018,SAC,2017-12-29,10:00p,,Phoenix Suns,L,,101,111,12,23,L 1
2018,SAC,2017-12-31,7:00p,,Memphis Grizzlies,L,,96,114,12,24,L 2
2018,SAC,2018-01-02,10:00p,,Charlotte Hornets,L,,111,131,12,25,L 3
2018,SAC,2018-01-06,10:00p,,Denver Nuggets,W,,106,98,13,25,W 1
2018,SAC,2018-01-08,10:00p,,San Antonio Spurs,L,,100,107,13,26,L 1
2018,SAC,2018-01-09,10:30p,@,Los Angeles Lakers,L,,86,99,13,27,L 2
2018,SAC,2018-01-11,10:00p,,Los Angeles Clippers,L,,115,121,13,28,L 3
2018,SAC,2018-01-13,3:30p,@,Los Angeles Clippers,L,,105,126,13,29,L 4
2018,SAC,2018-01-15,8:00p,@,Oklahoma City Thunder,L,,88,95,13,30,L 5
2018,SAC,2018-01-17,10:00p,,Utah Jazz,L,,105,120,13,31,L 6
2018,SAC,2018-01-19,8:00p,@,Memphis Grizzlies,L,,88,106,13,32,L 7
2018,SAC,2018-01-22,7:00p,@,Charlotte Hornets,L,,107,112,13,33,L 8
2018,SAC,2018-01-23,7:00p,@,Orlando Magic,W,,105,99,14,33,W 1
2018,SAC,2018-01-25,7:30p,@,Miami Heat,W,,89,88,15,33,W 2
2018,SAC,2018-01-28,7:00p,@,San Antonio Spurs,L,,98,113,15,34,L 1
2018,SAC,2018-01-30,8:00p,@,New Orleans Pelicans,W,,114,103,16,34,W 1
2018,SAC,2018-02-02,10:30p,,Golden State Warriors,L,,104,119,16,35,L 1
2018,SAC,2018-02-03,10:00p,,Dallas Mavericks,L,,99,106,16,36,L 2
2018,SAC,2018-02-05,10:00p,,Chicago Bulls,W,,104,98,17,36,W 1
2018,SAC,2018-02-09,10:30p,,Portland Trail Blazers,L,,100,118,17,37,L 1
2018,SAC,2018-02-11,7:00p,@,Minnesota Timberwolves,L,,106,111,17,38,L 2
2018,SAC,2018-02-13,8:30p,@,Dallas Mavericks,W,,114,109,18,38,W 1
2018,SAC,2018-02-14,8:00p,@,Houston Rockets,L,,91,100,18,39,L 1
2018,SAC,2018-02-22,10:00p,,Oklahoma City Thunder,L,,107,110,18,40,L 2
2018,SAC,2018-02-24,10:00p,,Los Angeles Lakers,L,,108,113,18,41,L 3
2018,SAC,2018-02-26,10:00p,,Minnesota Timberwolves,L,,100,118,18,42,L 4
2018,SAC,2018-02-27,10:00p,@,Portland Trail Blazers,L,,99,116,18,43,L 5
2018,SAC,2018-03-01,10:00p,,Brooklyn Nets,W,OT,116,111,19,43,W 1
2018,SAC,2018-03-03,10:00p,,Utah Jazz,L,,91,98,19,44,L 1
2018,SAC,2018-03-04,9:00p,,New York Knicks,W,,102,99,20,44,W 1
2018,SAC,2018-03-07,10:00p,,New Orleans Pelicans,L,,101,114,20,45,L 1
2018,SAC,2018-03-09,10:00p,,Orlando Magic,W,,94,88,21,45,W 1
2018,SAC,2018-03-11,5:00p,@,Denver Nuggets,L,,104,130,21,46,L 1
2018,SAC,2018-03-12,8:00p,@,Oklahoma City Thunder,L,,101,106,21,47,L 2
2018,SAC,2018-03-14,10:00p,,Miami Heat,W,OT,123,119,22,47,W 1
2018,SAC,2018-03-16,10:30p,@,Golden State Warriors,W,,98,93,23,47,W 2
2018,SAC,2018-03-17,9:00p,@,Utah Jazz,L,,97,103,23,48,L 1
2018,SAC,2018-03-19,10:00p,,Detroit Pistons,L,,90,106,23,49,L 2
2018,SAC,2018-03-22,10:00p,,Atlanta Hawks,W,,105,90,24,49,W 1
2018,SAC,2018-03-25,6:00p,,Boston Celtics,L,,93,104,24,50,L 1
2018,SAC,2018-03-27,10:00p,,Dallas Mavericks,L,,97,103,24,51,L 2
2018,SAC,2018-03-29,10:00p,,Indiana Pacers,L,,103,106,24,52,L 3
2018,SAC,2018-03-31,10:00p,,Golden State Warriors,L,,96,112,24,53,L 4
2018,SAC,2018-04-01,9:30p,@,Los Angeles Lakers,W,,84,83,25,53,W 1
2018,SAC,2018-04-03,10:00p,@,Phoenix Suns,L,,94,97,25,54,L 1
2018,SAC,2018-04-06,8:00p,@,Memphis Grizzlies,W,,94,93,26,54,W 1
2018,SAC,2018-04-09,8:30p,@,San Antonio Spurs,L,,85,98,26,55,L 1
2018,SAC,2018-04-11,10:30p,,Houston Rockets,W,,96,83,27,55,W 1
2018,SAS,2017-10-18,9:30p,,Minnesota Timberwolves,W,,107,99,1,0,W 1
2018,SAS,2017-10-21,8:00p,@,Chicago Bulls,W,,87,77,2,0,W 2
2018,SAS,2017-10-23,8:30p,,Toronto Raptors,W,,101,97,3,0,W 3
2018,SAS,2017-10-25,8:00p,@,Miami Heat,W,,117,100,4,0,W 4
2018,SAS,2017-10-27,7:00p,@,Orlando Magic,L,,87,114,4,1,L 1
2018,SAS,2017-10-29,4:30p,@,Indiana Pacers,L,,94,97,4,2,L 2
2018,SAS,2017-10-30,7:30p,@,Boston Celtics,L,,94,108,4,3,L 3
2018,SAS,2017-11-02,8:00p,,Golden State Warriors,L,,92,112,4,4,L 4
2018,SAS,2017-11-03,8:30p,,Charlotte Hornets,W,,108,101,5,4,W 1
2018,SAS,2017-11-05,7:00p,,Phoenix Suns,W,,112,95,6,4,W 2
2018,SAS,2017-11-07,8:30p,,Los Angeles Clippers,W,,120,107,7,4,W 3
2018,SAS,2017-11-10,9:00p,,Milwaukee Bucks,L,,87,94,7,5,L 1
2018,SAS,2017-11-11,8:30p,,Chicago Bulls,W,,133,94,8,5,W 1
2018,SAS,2017-11-14,8:30p,@,Dallas Mavericks,W,,97,91,9,5,W 2
2018,SAS,2017-11-15,8:00p,@,Minnesota Timberwolves,L,,86,98,9,6,L 1
2018,SAS,2017-11-17,8:00p,,Oklahoma City Thunder,W,,104,101,10,6,W 1
2018,SAS,2017-11-20,8:30p,,Atlanta Hawks,W,,96,85,11,6,W 2
2018,SAS,2017-11-22,8:00p,@,New Orleans Pelicans,L,,90,107,11,7,L 1
2018,SAS,2017-11-25,7:00p,@,Charlotte Hornets,W,,106,86,12,7,W 1
2018,SAS,2017-11-27,8:30p,,Dallas Mavericks,W,,115,108,13,7,W 2
2018,SAS,2017-11-29,8:30p,,Memphis Grizzlies,W,,104,95,14,7,W 3
2018,SAS,2017-12-01,8:00p,@,Memphis Grizzlies,W,,95,79,15,7,W 4
2018,SAS,2017-12-03,7:00p,@,Oklahoma City Thunder,L,,87,90,15,8,L 1
2018,SAS,2017-12-04,8:30p,,Detroit Pistons,W,,96,93,16,8,W 1
2018,SAS,2017-12-06,8:30p,,Miami Heat,W,,117,105,17,8,W 2
2018,SAS,2017-12-08,9:30p,,Boston Celtics,W,,105,102,18,8,W 3
2018,SAS,2017-12-09,9:00p,@,Phoenix Suns,W,,104,101,19,8,W 4
2018,SAS,2017-12-12,8:30p,@,Dallas Mavericks,L,,89,95,19,9,L 1
2018,SAS,2017-12-15,9:30p,@,Houston Rockets,L,,109,124,19,10,L 2
2018,SAS,2017-12-16,8:30p,,Dallas Mavericks,W,,98,96,20,10,W 1
2018,SAS,2017-12-18,8:30p,,Los Angeles Clippers,W,,109,91,21,10,W 2
2018,SAS,2017-12-20,10:00p,@,Portland Trail Blazers,W,,93,91,22,10,W 3
2018,SAS,2017-12-21,10:30p,@,Utah Jazz,L,,89,100,22,11,L 1
2018,SAS,2017-12-23,10:00p,@,Sacramento Kings,W,,108,99,23,11,W 1
2018,SAS,2017-12-26,8:30p,,Brooklyn Nets,W,,109,97,24,11,W 2
2018,SAS,2017-12-28,8:30p,,New York Knicks,W,,119,107,25,11,W 3
2018,SAS,2017-12-30,7:00p,@,Detroit Pistons,L,,79,93,25,12,L 1
2018,SAS,2018-01-02,7:30p,@,New York Knicks,W,,100,91,26,12,W 1
2018,SAS,2018-01-03,7:00p,@,Philadelphia 76ers,L,,106,112,26,13,L 1
2018,SAS,2018-01-05,8:30p,,Phoenix Suns,W,,103,89,27,13,W 1
2018,SAS,2018-01-07,9:00p,@,Portland Trail Blazers,L,,110,111,27,14,L 1
2018,SAS,2018-01-08,10:00p,@,Sacramento Kings,W,,107,100,28,14,W 1
2018,SAS,2018-01-11,10:30p,@,Los Angeles Lakers,L,,81,93,28,15,L 1
2018,SAS,2018-01-13,8:30p,,Denver Nuggets,W,,112,80,29,15,W 1
2018,SAS,2018-01-15,3:00p,@,Atlanta Hawks,L,,99,102,29,16,L 1
2018,SAS,2018-01-17,7:30p,@,Brooklyn Nets,W,,100,95,30,16,W 1
2018,SAS,2018-01-19,7:00p,@,Toronto Raptors,L,,83,86,30,17,L 1
2018,SAS,2018-01-21,7:00p,,Indiana Pacers,L,,86,94,30,18,L 2
2018,SAS,2018-01-23,8:00p,,Cleveland Cavaliers,W,,114,102,31,18,W 1
2018,SAS,2018-01-24,8:00p,@,Memphis Grizzlies,W,,108,85,32,18,W 2
2018,SAS,2018-01-26,8:30p,,Philadelphia 76ers,L,,78,97,32,19,L 1
2018,SAS,2018-01-28,7:00p,,Sacramento Kings,W,,113,98,33,19,W 1
2018,SAS,2018-01-30,8:30p,,Denver Nuggets,W,,106,104,34,19,W 2
2018,SAS,2018-02-01,8:00p,,Houston Rockets,L,,91,102,34,20,L 1
2018,SAS,2018-02-03,9:00p,,Utah Jazz,L,,111,120,34,21,L 2
2018,SAS,2018-02-07,10:30p,@,Phoenix Suns,W,,129,81,35,21,W 1
2018,SAS,2018-02-10,8:30p,@,Golden State Warriors,L,,105,122,35,22,L 1
2018,SAS,2018-02-12,9:00p,@,Utah Jazz,L,,99,101,35,23,L 2
2018,SAS,2018-02-13,10:30p,@,Denver Nuggets,L,,109,117,35,24,L 3
2018,SAS,2018-02-23,9:00p,@,Denver Nuggets,L,,119,122,35,25,L 4
2018,SAS,2018-02-25,3:30p,@,Cleveland Cavaliers,W,,110,94,36,25,W 1
2018,SAS,2018-02-28,8:30p,,New Orleans Pelicans,L,,116,121,36,26,L 1
2018,SAS,2018-03-03,9:00p,,Los Angeles Lakers,L,,112,116,36,27,L 2
2018,SAS,2018-03-05,8:30p,,Memphis Grizzlies,W,,100,98,37,27,W 1
2018,SAS,2018-03-08,10:30p,@,Golden State Warriors,L,,107,110,37,28,L 1
2018,SAS,2018-03-10,8:30p,@,Oklahoma City Thunder,L,,94,104,37,29,L 2
2018,SAS,2018-03-12,8:00p,@,Houston Rockets,L,,93,109,37,30,L 3
2018,SAS,2018-03-13,8:30p,,Orlando Magic,W,,108,72,38,30,W 1
2018,SAS,2018-03-15,8:30p,,New Orleans Pelicans,W,,98,93,39,30,W 2
2018,SAS,2018-03-17,8:30p,,Minnesota Timberwolves,W,,117,101,40,30,W 3
2018,SAS,2018-03-19,9:30p,,Golden State Warriors,W,,89,75,41,30,W 4
2018,SAS,2018-03-21,9:30p,,Washington Wizards,W,,98,90,42,30,W 5
2018,SAS,2018-03-23,8:30p,,Utah Jazz,W,OT,124,120,43,30,W 6
2018,SAS,2018-03-25,3:30p,@,Milwaukee Bucks,L,,103,106,43,31,L 1
2018,SAS,2018-03-27,7:00p,@,Washington Wizards,L,,106,116,43,32,L 2
2018,SAS,2018-03-29,8:00p,,Oklahoma City Thunder,W,,103,99,44,32,W 1
2018,SAS,2018-04-01,3:30p,,Houston Rockets,W,,100,83,45,32,W 2
2018,SAS,2018-04-03,10:30p,@,Los Angeles Clippers,L,,110,113,45,33,L 1
2018,SAS,2018-04-04,10:30p,@,Los Angeles Lakers,L,OT,112,122,45,34,L 2
2018,SAS,2018-04-07,9:00p,,Portland Trail Blazers,W,,116,105,46,34,W 1
2018,SAS,2018-04-09,8:30p,,Sacramento Kings,W,,98,85,47,34,W 2
2018,SAS,2018-04-11,8:00p,@,New Orleans Pelicans,L,,98,122,47,35,L 1
2018,SAS,2018-04-14,3:00p,@,Golden State Warriors,L,,92,113,0,1,L 1
2018,SAS,2018-04-16,10:30p,@,Golden State Warriors,L,,101,116,0,2,L 2
2018,SAS,2018-04-19,9:30p,,Golden State Warriors,L,,97,110,0,3,L 3
2018,SAS,2018-04-22,3:30p,,Golden State Warriors,W,,103,90,1,3,W 1
2018,SAS,2018-04-24,10:30p,@,Golden State Warriors,L,,91,99,1,4,L 1
2018,TOR,2017-10-19,7:30p,,Chicago Bulls,W,,117,100,1,0,W 1
2018,TOR,2017-10-21,7:30p,,Philadelphia 76ers,W,,128,94,2,0,W 2
2018,TOR,2017-10-23,8:30p,@,San Antonio Spurs,L,,97,101,2,1,L 1
2018,TOR,2017-10-25,10:30p,@,Golden State Warriors,L,,112,117,2,2,L 2
2018,TOR,2017-10-27,10:30p,@,Los Angeles Lakers,W,,101,92,3,2,W 1
2018,TOR,2017-10-30,10:00p,@,Portland Trail Blazers,W,,99,85,4,2,W 2
2018,TOR,2017-11-01,9:00p,@,Denver Nuggets,L,,111,129,4,3,L 1
2018,TOR,2017-11-03,9:00p,@,Utah Jazz,W,,109,100,5,3,W 1
2018,TOR,2017-11-05,6:00p,,Washington Wizards,L,,96,107,5,4,L 1
2018,TOR,2017-11-07,7:30p,,Chicago Bulls,W,,119,114,6,4,W 1
2018,TOR,2017-11-09,7:30p,,New Orleans Pelicans,W,,122,118,7,4,W 2
2018,TOR,2017-11-12,3:30p,@,Boston Celtics,L,,94,95,7,5,L 1
2018,TOR,2017-11-14,8:00p,@,Houston Rockets,W,,129,113,8,5,W 1
2018,TOR,2017-11-15,8:00p,@,New Orleans Pelicans,W,,125,116,9,5,W 2
2018,TOR,2017-11-17,7:30p,,New York Knicks,W,,107,84,10,5,W 3
2018,TOR,2017-11-19,3:30p,,Washington Wizards,W,,100,91,11,5,W 4
2018,TOR,2017-11-22,7:30p,@,New York Knicks,L,,100,108,11,6,L 1
2018,TOR,2017-11-24,8:00p,@,Indiana Pacers,L,,104,107,11,7,L 2
2018,TOR,2017-11-25,7:30p,@,Atlanta Hawks,W,,112,78,12,7,W 1
2018,TOR,2017-11-29,7:30p,,Charlotte Hornets,W,,126,113,13,7,W 2
2018,TOR,2017-12-01,7:30p,,Indiana Pacers,W,,120,115,14,7,W 3
2018,TOR,2017-12-05,7:30p,,Phoenix Suns,W,,126,113,15,7,W 4
2018,TOR,2017-12-08,8:00p,@,Memphis Grizzlies,W,,116,107,16,7,W 5
2018,TOR,2017-12-10,3:30p,@,Sacramento Kings,W,,102,87,17,7,W 6
2018,TOR,2017-12-11,10:30p,@,Los Angeles Clippers,L,,91,96,17,8,L 1
2018,TOR,2017-12-13,9:00p,@,Phoenix Suns,W,,115,109,18,8,W 1
2018,TOR,2017-12-15,7:30p,,Brooklyn Nets,W,,120,87,19,8,W 2
2018,TOR,2017-12-17,3:30p,,Sacramento Kings,W,,108,93,20,8,W 3
2018,TOR,2017-12-20,7:00p,@,Charlotte Hornets,W,,129,111,21,8,W 4
2018,TOR,2017-12-21,7:00p,@,Philadelphia 76ers,W,,114,109,22,8,W 5
2018,TOR,2017-12-23,5:00p,,Philadelphia 76ers,W,,102,86,23,8,W 6
2018,TOR,2017-12-26,7:00p,@,Dallas Mavericks,L,,93,98,23,9,L 1
2018,TOR,2017-12-27,8:00p,@,Oklahoma City Thunder,L,,107,124,23,10,L 2
2018,TOR,2017-12-29,7:30p,,Atlanta Hawks,W,,111,98,24,10,W 1
2018,TOR,2018-01-01,7:30p,,Milwaukee Bucks,W,OT,131,127,25,10,W 2
2018,TOR,2018-01-03,8:00p,@,Chicago Bulls,W,,124,115,26,10,W 3
2018,TOR,2018-01-05,8:00p,@,Milwaukee Bucks,W,,129,110,27,10,W 4
2018,TOR,2018-01-08,7:30p,@,Brooklyn Nets,W,OT,114,113,28,10,W 5
2018,TOR,2018-01-09,7:30p,,Miami Heat,L,,89,90,28,11,L 1
2018,TOR,2018-01-11,8:00p,,Cleveland Cavaliers,W,,133,99,29,11,W 1
2018,TOR,2018-01-13,7:30p,,Golden State Warriors,L,,125,127,29,12,L 1
2018,TOR,2018-01-15,1:00p,@,Philadelphia 76ers,L,,111,117,29,13,L 2
2018,TOR,2018-01-17,7:30p,,Detroit Pistons,W,,96,91,30,13,W 1
2018,TOR,2018-01-19,7:00p,,San Antonio Spurs,W,,86,83,31,13,W 2
2018,TOR,2018-01-20,9:00p,@,Minnesota Timberwolves,L,,109,115,31,14,L 1
2018,TOR,2018-01-24,7:30p,@,Atlanta Hawks,W,,108,93,32,14,W 1
2018,TOR,2018-01-26,7:30p,,Utah Jazz,L,,93,97,32,15,L 1
2018,TOR,2018-01-28,6:00p,,Los Angeles Lakers,W,,123,111,33,15,W 1
2018,TOR,2018-01-30,7:30p,,Minnesota Timberwolves,W,,109,104,34,15,W 2
2018,TOR,2018-02-01,7:00p,@,Washington Wizards,L,,119,122,34,16,L 1
2018,TOR,2018-02-02,7:30p,,Portland Trail Blazers,W,,130,105,35,16,W 1
2018,TOR,2018-02-04,12:00p,,Memphis Grizzlies,W,,101,86,36,16,W 2
2018,TOR,2018-02-06,7:30p,,Boston Celtics,W,,111,91,37,16,W 3
2018,TOR,2018-02-08,7:30p,,New York Knicks,W,,113,88,38,16,W 4
2018,TOR,2018-02-11,1:00p,@,Charlotte Hornets,W,,123,103,39,16,W 5
2018,TOR,2018-02-13,7:00p,,Miami Heat,W,,115,112,40,16,W 6
2018,TOR,2018-02-14,8:00p,@,Chicago Bulls,W,,122,98,41,16,W 7
2018,TOR,2018-02-23,7:30p,,Milwaukee Bucks,L,OT,119,122,41,17,L 1
2018,TOR,2018-02-26,7:30p,,Detroit Pistons,W,,123,94,42,17,W 1
2018,TOR,2018-02-28,7:00p,@,Orlando Magic,W,,117,104,43,17,W 2
2018,TOR,2018-03-02,8:00p,@,Washington Wizards,W,,102,95,44,17,W 3
2018,TOR,2018-03-04,6:00p,,Charlotte Hornets,W,,103,98,45,17,W 4
2018,TOR,2018-03-06,7:00p,,Atlanta Hawks,W,,106,90,46,17,W 5
2018,TOR,2018-03-07,8:00p,@,Detroit Pistons,W,OT,121,119,47,17,W 6
2018,TOR,2018-03-09,7:30p,,Houston Rockets,W,,108,105,48,17,W 7
2018,TOR,2018-03-11,1:00p,@,New York Knicks,W,,132,106,49,17,W 8
2018,TOR,2018-03-13,7:30p,@,Brooklyn Nets,W,,116,102,50,17,W 9
2018,TOR,2018-03-15,7:00p,@,Indiana Pacers,W,,106,99,51,17,W 10
2018,TOR,2018-03-16,7:30p,,Dallas Mavericks,W,OT,122,115,52,17,W 11
2018,TOR,2018-03-18,1:00p,,Oklahoma City Thunder,L,,125,132,52,18,L 1
2018,TOR,2018-03-20,7:00p,@,Orlando Magic,W,,93,86,53,18,W 1
2018,TOR,2018-03-21,7:00p,@,Cleveland Cavaliers,L,,129,132,53,19,L 1
2018,TOR,2018-03-23,7:30p,,Brooklyn Nets,W,,116,112,54,19,W 1
2018,TOR,2018-03-25,6:00p,,Los Angeles Clippers,L,,106,117,54,20,L 1
2018,TOR,2018-03-27,7:30p,,Denver Nuggets,W,,114,110,55,20,W 1
2018,TOR,2018-03-31,7:30p,@,Boston Celtics,L,,99,110,55,21,L 1
2018,TOR,2018-04-03,7:00p,@,Cleveland Cavaliers,L,,106,112,55,22,L 2
2018,TOR,2018-04-04,8:00p,,Boston Celtics,W,,96,78,56,22,W 1
2018,TOR,2018-04-06,7:30p,,Indiana Pacers,W,,92,73,57,22,W 2
2018,TOR,2018-04-08,6:00p,,Orlando Magic,W,,112,101,58,22,W 3
2018,TOR,2018-04-09,7:00p,@,Detroit Pistons,W,,108,98,59,22,W 4
2018,TOR,2018-04-11,8:00p,@,Miami Heat,L,OT,109,116,59,23,L 1
2018,TOR,2018-04-14,5:30p,,Washington Wizards,W,,114,106,1,0,W 1
2018,TOR,2018-04-17,7:00p,,Washington Wizards,W,,130,119,2,0,W 2
2018,TOR,2018-04-20,8:00p,@,Washington Wizards,L,,103,122,2,1,L 1
2018,TOR,2018-04-22,6:00p,@,Washington Wizards,L,,98,106,2,2,L 2
2018,TOR,2018-04-25,7:00p,,Washington Wizards,W,,108,98,3,2,W 1
2018,TOR,2018-04-27,7:00p,@,Washington Wizards,W,,102,92,4,2,W 2
2018,TOR,2018-05-01,8:00p,,Cleveland Cavaliers,L,OT,112,113,4,3,L 1
2018,TOR,2018-05-03,6:00p,,Cleveland Cavaliers,L,,110,128,4,4,L 2
2018,TOR,2018-05-05,8:30p,@,Cleveland Cavaliers,L,,103,105,4,5,L 3
2018,TOR,2018-05-07,8:30p,@,Cleveland Cavaliers,L,,93,128,4,6,L 4
2018,UTA,2017-10-18,9:00p,,Denver Nuggets,W,,106,96,1,0,W 1
2018,UTA,2017-10-20,8:00p,@,Minnesota Timberwolves,L,,97,100,1,1,L 1
2018,UTA,2017-10-21,9:00p,,Oklahoma City Thunder,W,,96,87,2,1,W 1
2018,UTA,2017-10-24,10:30p,@,Los Angeles Clippers,L,,84,102,2,2,L 1
2018,UTA,2017-10-25,10:00p,@,Phoenix Suns,L,,88,97,2,3,L 2
2018,UTA,2017-10-28,9:00p,,Los Angeles Lakers,W,,96,81,3,3,W 1
2018,UTA,2017-10-30,9:00p,,Dallas Mavericks,W,,104,89,4,3,W 2
2018,UTA,2017-11-01,9:00p,,Portland Trail Blazers,W,OT,112,103,5,3,W 3
2018,UTA,2017-11-03,9:00p,,Toronto Raptors,L,,100,109,5,4,L 1
2018,UTA,2017-11-05,7:00p,@,Houston Rockets,L,,110,137,5,5,L 2
2018,UTA,2017-11-07,9:00p,,Philadelphia 76ers,L,,97,104,5,6,L 3
2018,UTA,2017-11-10,9:00p,,Miami Heat,L,,74,84,5,7,L 4
2018,UTA,2017-11-11,9:00p,,Brooklyn Nets,W,,114,106,6,7,W 1
2018,UTA,2017-11-13,9:00p,,Minnesota Timberwolves,L,,98,109,6,8,L 1
2018,UTA,2017-11-15,7:30p,@,New York Knicks,L,,101,106,6,9,L 2
2018,UTA,2017-11-17,7:30p,@,Brooklyn Nets,L,,107,118,6,10,L 3
2018,UTA,2017-11-18,7:00p,@,Orlando Magic,W,,125,85,7,10,W 1
2018,UTA,2017-11-20,7:00p,@,Philadelphia 76ers,L,,86,107,7,11,L 1
2018,UTA,2017-11-22,9:00p,,Chicago Bulls,W,,110,80,8,11,W 1
2018,UTA,2017-11-25,9:00p,,Milwaukee Bucks,W,,121,108,9,11,W 2
2018,UTA,2017-11-28,10:00p,,Denver Nuggets,W,,106,77,10,11,W 3
2018,UTA,2017-11-30,10:30p,@,Los Angeles Clippers,W,,126,107,11,11,W 4
2018,UTA,2017-12-01,9:00p,,New Orleans Pelicans,W,,114,108,12,11,W 5
2018,UTA,2017-12-04,9:00p,,Washington Wizards,W,,116,69,13,11,W 6
2018,UTA,2017-12-05,8:00p,@,Oklahoma City Thunder,L,,94,100,13,12,L 1
2018,UTA,2017-12-07,10:30p,,Houston Rockets,L,,101,112,13,13,L 2
2018,UTA,2017-12-09,8:30p,@,Milwaukee Bucks,L,,100,117,13,14,L 3
2018,UTA,2017-12-13,8:00p,@,Chicago Bulls,L,,100,103,13,15,L 4
2018,UTA,2017-12-15,7:30p,@,Boston Celtics,W,,107,95,14,15,W 1
2018,UTA,2017-12-16,7:30p,@,Cleveland Cavaliers,L,,100,109,14,16,L 1
2018,UTA,2017-12-18,8:00p,@,Houston Rockets,L,,99,120,14,17,L 2
2018,UTA,2017-12-20,8:00p,@,Oklahoma City Thunder,L,,79,107,14,18,L 3
2018,UTA,2017-12-21,10:30p,,San Antonio Spurs,W,,100,89,15,18,W 1
2018,UTA,2017-12-23,8:00p,,Oklahoma City Thunder,L,,89,103,15,19,L 1
2018,UTA,2017-12-26,9:00p,@,Denver Nuggets,L,,83,107,15,20,L 2
2018,UTA,2017-12-27,10:30p,@,Golden State Warriors,L,,101,126,15,21,L 3
2018,UTA,2017-12-30,8:00p,,Cleveland Cavaliers,W,,104,101,16,21,W 1
2018,UTA,2018-01-03,9:00p,,New Orleans Pelicans,L,,98,108,16,22,L 1
2018,UTA,2018-01-05,9:00p,@,Denver Nuggets,L,,91,99,16,23,L 2
2018,UTA,2018-01-07,3:30p,@,Miami Heat,L,,102,103,16,24,L 3
2018,UTA,2018-01-10,7:00p,@,Washington Wizards,W,,107,104,17,24,W 1
2018,UTA,2018-01-12,7:00p,@,Charlotte Hornets,L,,88,99,17,25,L 1
2018,UTA,2018-01-15,9:00p,,Indiana Pacers,L,,94,109,17,26,L 2
2018,UTA,2018-01-17,10:00p,@,Sacramento Kings,W,,120,105,18,26,W 1
2018,UTA,2018-01-19,10:30p,,New York Knicks,L,,115,117,18,27,L 1
2018,UTA,2018-01-20,9:00p,,Los Angeles Clippers,W,,125,113,19,27,W 1
2018,UTA,2018-01-22,7:30p,@,Atlanta Hawks,L,,90,104,19,28,L 1
2018,UTA,2018-01-24,7:00p,@,Detroit Pistons,W,OT,98,95,20,28,W 1
2018,UTA,2018-01-26,7:30p,@,Toronto Raptors,W,,97,93,21,28,W 2
2018,UTA,2018-01-30,9:00p,,Golden State Warriors,W,,129,99,22,28,W 3
2018,UTA,2018-02-02,9:00p,@,Phoenix Suns,W,,129,97,23,28,W 4
2018,UTA,2018-02-03,9:00p,@,San Antonio Spurs,W,,120,111,24,28,W 5
2018,UTA,2018-02-05,8:00p,@,New Orleans Pelicans,W,,133,109,25,28,W 6
2018,UTA,2018-02-07,8:00p,@,Memphis Grizzlies,W,,92,88,26,28,W 7
2018,UTA,2018-02-09,9:00p,,Charlotte Hornets,W,,106,94,27,28,W 8
2018,UTA,2018-02-11,9:00p,@,Portland Trail Blazers,W,,115,96,28,28,W 9
2018,UTA,2018-02-12,9:00p,,San Antonio Spurs,W,,101,99,29,28,W 10
2018,UTA,2018-02-14,9:00p,,Phoenix Suns,W,,107,97,30,28,W 11
2018,UTA,2018-02-23,9:00p,,Portland Trail Blazers,L,,81,100,30,29,L 1
2018,UTA,2018-02-24,9:00p,,Dallas Mavericks,W,,97,90,31,29,W 1
2018,UTA,2018-02-26,9:00p,,Houston Rockets,L,,85,96,31,30,L 1
2018,UTA,2018-03-02,10:30p,,Minnesota Timberwolves,W,,116,108,32,30,W 1
2018,UTA,2018-03-03,10:00p,@,Sacramento Kings,W,,98,91,33,30,W 2
2018,UTA,2018-03-05,9:00p,,Orlando Magic,W,,94,80,34,30,W 3
2018,UTA,2018-03-07,7:00p,@,Indiana Pacers,W,,104,84,35,30,W 4
2018,UTA,2018-03-09,8:00p,@,Memphis Grizzlies,W,,95,78,36,30,W 5
2018,UTA,2018-03-11,4:00p,@,New Orleans Pelicans,W,,116,99,37,30,W 6
2018,UTA,2018-03-13,9:00p,,Detroit Pistons,W,,110,79,38,30,W 7
2018,UTA,2018-03-15,9:00p,,Phoenix Suns,W,,116,88,39,30,W 8
2018,UTA,2018-03-17,9:00p,,Sacramento Kings,W,,103,97,40,30,W 9
2018,UTA,2018-03-20,9:00p,,Atlanta Hawks,L,,94,99,40,31,L 1
2018,UTA,2018-03-22,8:30p,@,Dallas Mavericks,W,,119,112,41,31,W 1
2018,UTA,2018-03-23,8:30p,@,San Antonio Spurs,L,OT,120,124,41,32,L 1
2018,UTA,2018-03-25,8:30p,@,Golden State Warriors,W,,110,91,42,32,W 1
2018,UTA,2018-03-28,9:30p,,Boston Celtics,L,,94,97,42,33,L 1
2018,UTA,2018-03-30,9:00p,,Memphis Grizzlies,W,,107,97,43,33,W 1
2018,UTA,2018-04-01,7:00p,@,Minnesota Timberwolves,W,,121,97,44,33,W 2
2018,UTA,2018-04-03,9:00p,,Los Angeles Lakers,W,,117,110,45,33,W 3
2018,UTA,2018-04-05,9:00p,,Los Angeles Clippers,W,,117,95,46,33,W 4
2018,UTA,2018-04-08,6:00p,@,Los Angeles Lakers,W,,112,97,47,33,W 5
2018,UTA,2018-04-10,9:00p,,Golden State Warriors,W,,119,79,48,33,W 6
2018,UTA,2018-04-11,10:30p,@,Portland Trail Blazers,L,,93,102,48,34,L 1
2018,UTA,2018-04-15,6:30p,@,Oklahoma City Thunder,L,,108,116,0,1,L 1
2018,UTA,2018-04-18,8:00p,@,Oklahoma City Thunder,W,,102,95,1,1,W 1
2018,UTA,2018-04-21,10:00p,,Oklahoma City Thunder,W,,115,102,2,1,W 2
2018,UTA,2018-04-23,10:30p,,Oklahoma City Thunder,W,,113,96,3,1,W 3
2018,UTA,2018-04-25,9:30p,@,Oklahoma City Thunder,L,,99,107,3,2,L 1
2018,UTA,2018-04-27,10:30p,,Oklahoma City Thunder,W,,96,91,4,2,W 1
2018,UTA,2018-04-29,3:30p,@,Houston Rockets,L,,96,110,4,3,L 1
2018,UTA,2018-05-02,8:00p,@,Houston Rockets,W,,116,108,5,3,W 1
2018,UTA,2018-05-04,10:30p,,Houston Rockets,L,,92,113,5,4,L 1
2018,UTA,2018-05-06,8:00p,,Houston Rockets,L,,87,100,5,5,L 2
2018,UTA,2018-05-08,8:00p,@,Houston Rockets,L,,102,112,5,6,L 3
2018,WAS,2017-10-18,7:00p,,Philadelphia 76ers,W,,120,115,1,0,W 1
2018,WAS,2017-10-20,7:00p,,Detroit Pistons,W,,115,111,2,0,W 2
2018,WAS,2017-10-23,9:00p,@,Denver Nuggets,W,,109,104,3,0,W 3
2018,WAS,2017-10-25,10:30p,@,Los Angeles Lakers,L,OT,99,102,3,1,L 1
2018,WAS,2017-10-27,10:30p,@,Golden State Warriors,L,,117,120,3,2,L 2
2018,WAS,2017-10-29,6:00p,@,Sacramento Kings,W,,110,83,4,2,W 1
2018,WAS,2017-11-01,7:00p,,Phoenix Suns,L,,116,122,4,3,L 1
2018,WAS,2017-11-03,7:00p,,Cleveland Cavaliers,L,,122,130,4,4,L 2
2018,WAS,2017-11-05,6:00p,@,Toronto Raptors,W,,107,96,5,4,W 1
2018,WAS,2017-11-07,7:00p,,Dallas Mavericks,L,,99,113,5,5,L 1
2018,WAS,2017-11-09,7:00p,,Los Angeles Lakers,W,,111,95,6,5,W 1
2018,WAS,2017-11-11,7:00p,,Atlanta Hawks,W,,113,94,7,5,W 2
2018,WAS,2017-11-13,7:00p,,Sacramento Kings,W,,110,92,8,5,W 3
2018,WAS,2017-11-15,7:30p,@,Miami Heat,W,,102,93,9,5,W 4
2018,WAS,2017-11-17,7:00p,,Miami Heat,L,,88,91,9,6,L 1
2018,WAS,2017-11-19,3:30p,@,Toronto Raptors,L,,91,100,9,7,L 2
2018,WAS,2017-11-20,8:00p,@,Milwaukee Bucks,W,,99,88,10,7,W 1
2018,WAS,2017-11-22,7:00p,@,Charlotte Hornets,L,OT,124,129,10,8,L 1
2018,WAS,2017-11-25,7:00p,,Portland Trail Blazers,L,,105,108,10,9,L 2
2018,WAS,2017-11-28,8:00p,@,Minnesota Timberwolves,W,,92,89,11,9,W 1
2018,WAS,2017-11-29,7:00p,@,Philadelphia 76ers,L,,113,118,11,10,L 1
2018,WAS,2017-12-01,7:00p,,Detroit Pistons,W,,109,91,12,10,W 1
2018,WAS,2017-12-04,9:00p,@,Utah Jazz,L,,69,116,12,11,L 1
2018,WAS,2017-12-05,10:00p,@,Portland Trail Blazers,W,,106,92,13,11,W 1
2018,WAS,2017-12-07,9:00p,@,Phoenix Suns,W,,109,99,14,11,W 2
2018,WAS,2017-12-09,3:30p,@,Los Angeles Clippers,L,,112,113,14,12,L 1
2018,WAS,2017-12-12,7:30p,@,Brooklyn Nets,L,,98,103,14,13,L 2
2018,WAS,2017-12-13,7:00p,,Memphis Grizzlies,W,,93,87,15,13,W 1
2018,WAS,2017-12-15,7:00p,,Los Angeles Clippers,W,,100,91,16,13,W 2
2018,WAS,2017-12-17,6:00p,,Cleveland Cavaliers,L,,99,106,16,14,L 1
2018,WAS,2017-12-19,7:00p,,New Orleans Pelicans,W,,116,106,17,14,W 1
2018,WAS,2017-12-22,7:30p,@,Brooklyn Nets,L,,84,119,17,15,L 1
2018,WAS,2017-12-23,7:00p,,Orlando Magic,W,,130,103,18,15,W 1
2018,WAS,2017-12-25,5:30p,@,Boston Celtics,W,,111,103,19,15,W 2
2018,WAS,2017-12-27,7:30p,@,Atlanta Hawks,L,,99,113,19,16,L 1
2018,WAS,2017-12-29,7:00p,,Houston Rockets,W,,121,103,20,16,W 1
2018,WAS,2017-12-31,3:30p,,Chicago Bulls,W,,114,110,21,16,W 2
2018,WAS,2018-01-03,7:00p,,New York Knicks,W,,121,103,22,16,W 3
2018,WAS,2018-01-05,9:30p,@,Memphis Grizzlies,W,,102,100,23,16,W 4
2018,WAS,2018-01-06,8:00p,,Milwaukee Bucks,L,,103,110,23,17,L 1
2018,WAS,2018-01-10,7:00p,,Utah Jazz,L,,104,107,23,18,L 2
2018,WAS,2018-01-12,7:00p,,Orlando Magic,W,,125,119,24,18,W 1
2018,WAS,2018-01-13,7:00p,,Brooklyn Nets,W,OT,119,113,25,18,W 2
2018,WAS,2018-01-15,2:00p,,Milwaukee Bucks,L,,95,104,25,19,L 1
2018,WAS,2018-01-17,7:00p,@,Charlotte Hornets,L,,109,133,25,20,L 2
2018,WAS,2018-01-19,8:00p,@,Detroit Pistons,W,,122,112,26,20,W 1
2018,WAS,2018-01-22,8:30p,@,Dallas Mavericks,L,,75,98,26,21,L 1
2018,WAS,2018-01-25,8:00p,@,Oklahoma City Thunder,L,,112,121,26,22,L 2
2018,WAS,2018-01-27,7:30p,@,Atlanta Hawks,W,,129,104,27,22,W 1
2018,WAS,2018-01-30,7:00p,,Oklahoma City Thunder,W,,102,96,28,22,W 2
2018,WAS,2018-02-01,7:00p,,Toronto Raptors,W,,122,119,29,22,W 3
2018,WAS,2018-02-03,7:00p,@,Orlando Magic,W,,115,98,30,22,W 4
2018,WAS,2018-02-05,7:00p,@,Indiana Pacers,W,,111,102,31,22,W 5
2018,WAS,2018-02-06,8:00p,@,Philadelphia 76ers,L,,102,115,31,23,L 1
2018,WAS,2018-02-08,8:00p,,Boston Celtics,L,OT,104,110,31,24,L 2
2018,WAS,2018-02-10,8:00p,@,Chicago Bulls,W,,101,90,32,24,W 1
2018,WAS,2018-02-14,7:30p,@,New York Knicks,W,,118,113,33,24,W 2
2018,WAS,2018-02-22,8:00p,@,Cleveland Cavaliers,W,,110,103,34,24,W 3
2018,WAS,2018-02-23,7:00p,,Charlotte Hornets,L,,105,122,34,25,L 1
2018,WAS,2018-02-25,8:00p,,Philadelphia 76ers,W,,109,94,35,25,W 1
2018,WAS,2018-02-27,8:00p,@,Milwaukee Bucks,W,,107,104,36,25,W 2
2018,WAS,2018-02-28,8:00p,,Golden State Warriors,L,,101,109,36,26,L 1
2018,WAS,2018-03-02,8:00p,,Toronto Raptors,L,,95,102,36,27,L 2
2018,WAS,2018-03-04,6:00p,,Indiana Pacers,L,,95,98,36,28,L 3
2018,WAS,2018-03-06,7:00p,,Miami Heat,W,OT,117,113,37,28,W 1
2018,WAS,2018-03-09,8:00p,@,New Orleans Pelicans,W,,116,97,38,28,W 2
2018,WAS,2018-03-10,7:30p,@,Miami Heat,L,,102,129,38,29,L 1
2018,WAS,2018-03-13,7:00p,,Minnesota Timberwolves,L,,111,116,38,30,L 2
2018,WAS,2018-03-14,8:00p,@,Boston Celtics,W,2OT,125,124,39,30,W 1
2018,WAS,2018-03-17,7:00p,,Indiana Pacers,W,,109,102,40,30,W 2
2018,WAS,2018-03-21,9:30p,@,San Antonio Spurs,L,,90,98,40,31,L 1
2018,WAS,2018-03-23,7:00p,,Denver Nuggets,L,,100,108,40,32,L 2
2018,WAS,2018-03-25,6:00p,,New York Knicks,L,,97,101,40,33,L 3
2018,WAS,2018-03-27,7:00p,,San Antonio Spurs,W,,116,106,41,33,W 1
2018,WAS,2018-03-29,7:00p,@,Detroit Pistons,L,,92,103,41,34,L 1
2018,WAS,2018-03-31,3:00p,,Charlotte Hornets,W,,107,93,42,34,W 1
2018,WAS,2018-04-01,3:30p,@,Chicago Bulls,L,,94,113,42,35,L 1
2018,WAS,2018-04-03,8:00p,@,Houston Rockets,L,,104,120,42,36,L 2
2018,WAS,2018-04-05,8:00p,@,Cleveland Cavaliers,L,,115,119,42,37,L 3
2018,WAS,2018-04-06,7:00p,,Atlanta Hawks,L,,97,103,42,38,L 4
2018,WAS,2018-04-10,8:00p,,Boston Celtics,W,,113,101,43,38,W 1
2018,WAS,2018-04-11,8:00p,@,Orlando Magic,L,,92,101,43,39,L 1
2018,WAS,2018-04-14,5:30p,@,Toronto Raptors,L,,106,114,0,1,L 1
2018,WAS,2018-04-17,7:00p,@,Toronto Raptors,L,,119,130,0,2,L 2
2018,WAS,2018-04-20,8:00p,,Toronto Raptors,W,,122,103,1,2,W 1
2018,WAS,2018-04-22,6:00p,,Toronto Raptors,W,,106,98,2,2,W 2
2018,WAS,2018-04-25,7:00p,@,Toronto Raptors,L,,98,108,2,3,L 1
2018,WAS,2018-04-27,7:00p,,Toronto Raptors,L,,92,102,2,4,L 2
2019,ATL,2018-10-17,7:30p,@,New York Knicks,L,,107,126,0,1,L 1
2019,ATL,2018-10-19,8:00p,@,Memphis Grizzlies,L,,117,131,0,2,L 2
2019,ATL,2018-10-21,6:00p,@,Cleveland Cavaliers,W,,133,111,1,2,W 1
2019,ATL,2018-10-24,7:00p,,Dallas Mavericks,W,,111,104,2,2,W 2
2019,ATL,2018-10-27,7:30p,,Chicago Bulls,L,,85,97,2,3,L 1
2019,ATL,2018-10-29,7:00p,@,Philadelphia 76ers,L,,92,113,2,4,L 2
2019,ATL,2018-10-30,7:00p,@,Cleveland Cavaliers,L,,114,136,2,5,L 3
2019,ATL,2018-11-01,7:30p,,Sacramento Kings,L,,115,146,2,6,L 4
2019,ATL,2018-11-03,7:30p,,Miami Heat,W,,123,118,3,6,W 1
2019,ATL,2018-11-06,7:00p,@,Charlotte Hornets,L,,102,113,3,7,L 1
2019,ATL,2018-11-07,7:30p,,New York Knicks,L,,107,112,3,8,L 2
2019,ATL,2018-11-09,7:30p,,Detroit Pistons,L,,109,124,3,9,L 3
2019,ATL,2018-11-11,9:30p,@,Los Angeles Lakers,L,,106,107,3,10,L 4
2019,ATL,2018-11-13,10:30p,@,Golden State Warriors,L,,103,110,3,11,L 5
2019,ATL,2018-11-15,9:00p,@,Denver Nuggets,L,,93,138,3,12,L 6
2019,ATL,2018-11-17,7:00p,@,Indiana Pacers,L,,89,97,3,13,L 7
2019,ATL,2018-11-19,7:30p,,Los Angeles Clippers,L,,119,127,3,14,L 8
2019,ATL,2018-11-21,7:30p,,Toronto Raptors,L,,108,124,3,15,L 9
2019,ATL,2018-11-23,7:30p,,Boston Celtics,L,,96,114,3,16,L 10
2019,ATL,2018-11-25,6:00p,,Charlotte Hornets,W,,124,123,4,16,W 1
2019,ATL,2018-11-27,7:30p,@,Miami Heat,W,,115,113,5,16,W 2
2019,ATL,2018-11-28,7:00p,@,Charlotte Hornets,L,,94,108,5,17,L 1
2019,ATL,2018-11-30,8:00p,@,Oklahoma City Thunder,L,,109,124,5,18,L 2
2019,ATL,2018-12-03,7:30p,,Golden State Warriors,L,,111,128,5,19,L 3
2019,ATL,2018-12-05,7:30p,,Washington Wizards,L,,117,131,5,20,L 4
2019,ATL,2018-12-08,7:30p,,Denver Nuggets,W,,106,98,6,20,W 1
2019,ATL,2018-12-12,8:30p,@,Dallas Mavericks,L,,107,114,6,21,L 1
2019,ATL,2018-12-14,7:00p,@,Boston Celtics,L,,108,129,6,22,L 2
2019,ATL,2018-12-16,3:00p,@,Brooklyn Nets,L,,127,144,6,23,L 3
2019,ATL,2018-12-18,7:30p,,Washington Wizards,W,,118,110,7,23,W 1
2019,ATL,2018-12-21,7:30p,@,New York Knicks,W,,114,107,8,23,W 2
2019,ATL,2018-12-23,4:00p,@,Detroit Pistons,W,,98,95,9,23,W 3
2019,ATL,2018-12-26,7:30p,,Indiana Pacers,L,,121,129,9,24,L 1
2019,ATL,2018-12-28,8:00p,@,Minnesota Timberwolves,W,OT,123,120,10,24,W 1
2019,ATL,2018-12-29,7:30p,,Cleveland Cavaliers,W,,111,108,11,24,W 2
2019,ATL,2018-12-31,3:00p,@,Indiana Pacers,L,,108,116,11,25,L 1
2019,ATL,2019-01-02,7:00p,@,Washington Wizards,L,,98,114,11,26,L 2
2019,ATL,2019-01-04,8:30p,@,Milwaukee Bucks,L,,112,144,11,27,L 3
2019,ATL,2019-01-06,6:00p,,Miami Heat,W,,106,82,12,27,W 1
2019,ATL,2019-01-08,7:30p,@,Toronto Raptors,L,,101,104,12,28,L 1
2019,ATL,2019-01-09,7:30p,@,Brooklyn Nets,L,,100,116,12,29,L 2
2019,ATL,2019-01-11,7:00p,@,Philadelphia 76ers,W,,123,121,13,29,W 1
2019,ATL,2019-01-13,3:30p,,Milwaukee Bucks,L,,114,133,13,30,L 1
2019,ATL,2019-01-15,7:30p,,Oklahoma City Thunder,W,,142,126,14,30,W 1
2019,ATL,2019-01-19,7:30p,,Boston Celtics,L,,105,113,14,31,L 1
2019,ATL,2019-01-21,3:00p,,Orlando Magic,L,,103,122,14,32,L 2
2019,ATL,2019-01-23,8:00p,@,Chicago Bulls,W,,121,101,15,32,W 1
2019,ATL,2019-01-26,10:00p,@,Portland Trail Blazers,L,,111,120,15,33,L 1
2019,ATL,2019-01-28,10:30p,@,Los Angeles Clippers,W,,123,118,16,33,W 1
2019,ATL,2019-01-30,10:00p,@,Sacramento Kings,L,,113,135,16,34,L 1
2019,ATL,2019-02-01,9:00p,@,Utah Jazz,L,,112,128,16,35,L 2
2019,ATL,2019-02-02,9:00p,@,Phoenix Suns,W,,118,112,17,35,W 1
2019,ATL,2019-02-04,7:00p,@,Washington Wizards,W,,137,129,18,35,W 2
2019,ATL,2019-02-07,7:30p,,Toronto Raptors,L,,101,119,18,36,L 1
2019,ATL,2019-02-09,7:30p,,Charlotte Hornets,L,,120,129,18,37,L 2
2019,ATL,2019-02-10,7:30p,,Orlando Magic,L,,108,124,18,38,L 3
2019,ATL,2019-02-12,7:30p,,Los Angeles Lakers,W,,117,113,19,38,W 1
2019,ATL,2019-02-14,7:30p,,New York Knicks,L,,91,106,19,39,L 1
2019,ATL,2019-02-22,7:30p,,Detroit Pistons,L,,122,125,19,40,L 2
2019,ATL,2019-02-23,7:00p,,Phoenix Suns,W,,120,112,20,40,W 1
2019,ATL,2019-02-25,8:00p,@,Houston Rockets,L,,111,119,20,41,L 1
2019,ATL,2019-02-27,7:30p,,Minnesota Timberwolves,W,OT,131,123,21,41,W 1
2019,ATL,2019-03-01,7:30p,,Chicago Bulls,L,4OT,161,168,21,42,L 1
2019,ATL,2019-03-03,3:30p,@,Chicago Bulls,W,,123,118,22,42,W 1
2019,ATL,2019-03-04,7:30p,@,Miami Heat,L,,113,114,22,43,L 1
2019,ATL,2019-03-06,7:30p,,San Antonio Spurs,L,,104,111,22,44,L 2
2019,ATL,2019-03-09,7:00p,,Brooklyn Nets,L,,112,114,22,45,L 3
2019,ATL,2019-03-10,6:00p,,New Orleans Pelicans,W,,128,116,23,45,W 1
2019,ATL,2019-03-13,7:30p,,Memphis Grizzlies,W,,132,111,24,45,W 2
2019,ATL,2019-03-16,12:30p,@,Boston Celtics,L,,120,129,24,46,L 1
2019,ATL,2019-03-17,6:00p,@,Orlando Magic,L,,91,101,24,47,L 2
2019,ATL,2019-03-19,7:30p,,Houston Rockets,L,,105,121,24,48,L 3
2019,ATL,2019-03-21,7:30p,,Utah Jazz,W,,117,114,25,48,W 1
2019,ATL,2019-03-23,7:30p,,Philadelphia 76ers,W,,129,127,26,48,W 2
2019,ATL,2019-03-26,8:00p,@,New Orleans Pelicans,W,,130,120,27,48,W 3
2019,ATL,2019-03-29,7:30p,,Portland Trail Blazers,L,,98,118,27,49,L 1
2019,ATL,2019-03-31,12:30p,,Milwaukee Bucks,W,OT,136,135,28,49,W 1
2019,ATL,2019-04-02,8:30p,@,San Antonio Spurs,L,,111,117,28,50,L 1
2019,ATL,2019-04-03,7:30p,,Philadelphia 76ers,W,,130,122,29,50,W 1
2019,ATL,2019-04-05,7:00p,@,Orlando Magic,L,,113,149,29,51,L 1
2019,ATL,2019-04-07,7:00p,@,Milwaukee Bucks,L,,107,115,29,52,L 2
2019,ATL,2019-04-10,8:00p,,Indiana Pacers,L,,134,135,29,53,L 3
2019,BOS,2018-10-16,8:00p,,Philadelphia 76ers,W,,105,87,1,0,W 1
2019,BOS,2018-10-19,8:00p,@,Toronto Raptors,L,,101,113,1,1,L 1
2019,BOS,2018-10-20,7:30p,@,New York Knicks,W,,103,101,2,1,W 1
2019,BOS,2018-10-22,7:30p,,Orlando Magic,L,,90,93,2,2,L 1
2019,BOS,2018-10-25,8:00p,@,Oklahoma City Thunder,W,,101,95,3,2,W 1
2019,BOS,2018-10-27,7:00p,@,Detroit Pistons,W,,109,89,4,2,W 2
2019,BOS,2018-10-30,7:30p,,Detroit Pistons,W,,108,105,5,2,W 3
2019,BOS,2018-11-01,8:00p,,Milwaukee Bucks,W,,117,113,6,2,W 4
2019,BOS,2018-11-03,7:00p,@,Indiana Pacers,L,,101,102,6,3,L 1
2019,BOS,2018-11-05,9:00p,@,Denver Nuggets,L,,107,115,6,4,L 2
2019,BOS,2018-11-08,9:00p,@,Phoenix Suns,W,OT,116,109,7,4,W 1
2019,BOS,2018-11-09,9:30p,@,Utah Jazz,L,,115,123,7,5,L 1
2019,BOS,2018-11-11,9:00p,@,Portland Trail Blazers,L,,94,100,7,6,L 2
2019,BOS,2018-11-14,7:30p,,Chicago Bulls,W,,111,82,8,6,W 1
2019,BOS,2018-11-16,7:00p,,Toronto Raptors,W,OT,123,116,9,6,W 2
2019,BOS,2018-11-17,7:30p,,Utah Jazz,L,,86,98,9,7,L 1
2019,BOS,2018-11-19,7:00p,@,Charlotte Hornets,L,,112,117,9,8,L 2
2019,BOS,2018-11-21,7:30p,,New York Knicks,L,,109,117,9,9,L 3
2019,BOS,2018-11-23,7:30p,@,Atlanta Hawks,W,,114,96,10,9,W 1
2019,BOS,2018-11-24,8:30p,@,Dallas Mavericks,L,,104,113,10,10,L 1
2019,BOS,2018-11-26,8:00p,@,New Orleans Pelicans,W,,124,107,11,10,W 1
2019,BOS,2018-11-30,7:00p,,Cleveland Cavaliers,W,,128,95,12,10,W 2
2019,BOS,2018-12-01,8:00p,@,Minnesota Timberwolves,W,,118,109,13,10,W 3
2019,BOS,2018-12-06,8:00p,,New York Knicks,W,,128,100,14,10,W 4
2019,BOS,2018-12-08,8:00p,@,Chicago Bulls,W,,133,77,15,10,W 5
2019,BOS,2018-12-10,7:30p,,New Orleans Pelicans,W,,113,100,16,10,W 6
2019,BOS,2018-12-12,7:00p,@,Washington Wizards,W,OT,130,125,17,10,W 7
2019,BOS,2018-12-14,7:00p,,Atlanta Hawks,W,,129,108,18,10,W 8
2019,BOS,2018-12-15,7:00p,@,Detroit Pistons,L,,104,113,18,11,L 1
2019,BOS,2018-12-19,7:30p,,Phoenix Suns,L,,103,111,18,12,L 2
2019,BOS,2018-12-21,8:00p,,Milwaukee Bucks,L,,107,120,18,13,L 3
2019,BOS,2018-12-23,6:00p,,Charlotte Hornets,W,,119,103,19,13,W 1
2019,BOS,2018-12-25,5:30p,,Philadelphia 76ers,W,OT,121,114,20,13,W 2
2019,BOS,2018-12-27,8:00p,@,Houston Rockets,L,,113,127,20,14,L 1
2019,BOS,2018-12-29,8:00p,@,Memphis Grizzlies,W,,112,103,21,14,W 1
2019,BOS,2018-12-31,7:00p,@,San Antonio Spurs,L,,111,120,21,15,L 1
2019,BOS,2019-01-02,8:00p,,Minnesota Timberwolves,W,,115,102,22,15,W 1
2019,BOS,2019-01-04,8:00p,,Dallas Mavericks,W,,114,93,23,15,W 2
2019,BOS,2019-01-07,7:30p,,Brooklyn Nets,W,,116,95,24,15,W 3
2019,BOS,2019-01-09,7:00p,,Indiana Pacers,W,,135,108,25,15,W 4
2019,BOS,2019-01-10,7:00p,@,Miami Heat,L,,99,115,25,16,L 1
2019,BOS,2019-01-12,7:00p,@,Orlando Magic,L,,103,105,25,17,L 2
2019,BOS,2019-01-14,7:30p,@,Brooklyn Nets,L,,102,109,25,18,L 3
2019,BOS,2019-01-16,8:00p,,Toronto Raptors,W,,117,108,26,18,W 1
2019,BOS,2019-01-18,7:00p,,Memphis Grizzlies,W,,122,116,27,18,W 2
2019,BOS,2019-01-19,7:30p,@,Atlanta Hawks,W,,113,105,28,18,W 3
2019,BOS,2019-01-21,6:00p,,Miami Heat,W,,107,99,29,18,W 4
2019,BOS,2019-01-23,7:30p,,Cleveland Cavaliers,W,,123,103,30,18,W 5
2019,BOS,2019-01-26,8:30p,,Golden State Warriors,L,,111,115,30,19,L 1
2019,BOS,2019-01-28,7:30p,,Brooklyn Nets,W,,112,104,31,19,W 1
2019,BOS,2019-01-30,7:30p,,Charlotte Hornets,W,,126,94,32,19,W 2
2019,BOS,2019-02-01,7:30p,@,New York Knicks,W,,113,99,33,19,W 3
2019,BOS,2019-02-03,2:00p,,Oklahoma City Thunder,W,,134,129,34,19,W 4
2019,BOS,2019-02-05,7:00p,@,Cleveland Cavaliers,W,,103,96,35,19,W 5
2019,BOS,2019-02-07,8:00p,,Los Angeles Lakers,L,,128,129,35,20,L 1
2019,BOS,2019-02-09,8:00p,,Los Angeles Clippers,L,,112,123,35,21,L 2
2019,BOS,2019-02-12,8:00p,@,Philadelphia 76ers,W,,112,109,36,21,W 1
2019,BOS,2019-02-13,7:30p,,Detroit Pistons,W,,118,110,37,21,W 2
2019,BOS,2019-02-21,8:00p,@,Milwaukee Bucks,L,,97,98,37,22,L 1
2019,BOS,2019-02-23,8:00p,@,Chicago Bulls,L,,116,126,37,23,L 2
2019,BOS,2019-02-26,8:00p,@,Toronto Raptors,L,,95,118,37,24,L 3
2019,BOS,2019-02-27,8:00p,,Portland Trail Blazers,L,,92,97,37,25,L 4
2019,BOS,2019-03-01,8:00p,,Washington Wizards,W,,107,96,38,25,W 1
2019,BOS,2019-03-03,3:30p,,Houston Rockets,L,,104,115,38,26,L 1
2019,BOS,2019-03-05,10:30p,@,Golden State Warriors,W,,128,95,39,26,W 1
2019,BOS,2019-03-06,10:00p,@,Sacramento Kings,W,,111,109,40,26,W 2
2019,BOS,2019-03-09,8:30p,@,Los Angeles Lakers,W,,120,107,41,26,W 3
2019,BOS,2019-03-11,10:30p,@,Los Angeles Clippers,L,,115,140,41,27,L 1
2019,BOS,2019-03-14,7:30p,,Sacramento Kings,W,,126,120,42,27,W 1
2019,BOS,2019-03-16,12:30p,,Atlanta Hawks,W,,129,120,43,27,W 2
2019,BOS,2019-03-18,7:30p,,Denver Nuggets,L,,105,114,43,28,L 1
2019,BOS,2019-03-20,7:00p,@,Philadelphia 76ers,L,,115,118,43,29,L 2
2019,BOS,2019-03-23,6:00p,@,Charlotte Hornets,L,,117,124,43,30,L 3
2019,BOS,2019-03-24,7:30p,,San Antonio Spurs,L,,96,115,43,31,L 4
2019,BOS,2019-03-26,7:00p,@,Cleveland Cavaliers,W,,116,106,44,31,W 1
2019,BOS,2019-03-29,7:00p,,Indiana Pacers,W,,114,112,45,31,W 2
2019,BOS,2019-03-30,6:00p,@,Brooklyn Nets,L,,96,110,45,32,L 1
2019,BOS,2019-04-01,7:30p,,Miami Heat,W,,110,105,46,32,W 1
2019,BOS,2019-04-03,7:30p,@,Miami Heat,W,,112,102,47,32,W 2
2019,BOS,2019-04-05,8:00p,@,Indiana Pacers,W,,117,97,48,32,W 3
2019,BOS,2019-04-07,7:30p,,Orlando Magic,L,,108,116,48,33,L 1
2019,BOS,2019-04-09,7:00p,@,Washington Wizards,W,,116,110,49,33,W 1
2019,BOS,2019-04-14,1:00p,,Indiana Pacers,W,,84,74,1,0,W 1
2019,BOS,2019-04-17,7:00p,,Indiana Pacers,W,,99,91,2,0,W 2
2019,BOS,2019-04-19,8:30p,@,Indiana Pacers,W,,104,96,3,0,W 3
2019,BOS,2019-04-21,1:00p,@,Indiana Pacers,W,,110,106,4,0,W 4
2019,BOS,2019-04-28,1:00p,@,Milwaukee Bucks,W,,112,90,5,0,W 5
2019,BOS,2019-04-30,8:00p,@,Milwaukee Bucks,L,,102,123,5,1,L 1
2019,BOS,2019-05-03,8:00p,,Milwaukee Bucks,L,,116,123,5,2,L 2
2019,BOS,2019-05-06,7:00p,,Milwaukee Bucks,L,,101,113,5,3,L 3
2019,BOS,2019-05-08,8:00p,@,Milwaukee Bucks,L,,91,116,5,4,L 4
2019,BRK,2018-10-17,7:00p,@,Detroit Pistons,L,,100,103,0,1,L 1
2019,BRK,2018-10-19,7:30p,,New York Knicks,W,,107,105,1,1,W 1
2019,BRK,2018-10-20,7:00p,@,Indiana Pacers,L,,112,132,1,2,L 1
2019,BRK,2018-10-24,7:00p,@,Cleveland Cavaliers,W,,102,86,2,2,W 1
2019,BRK,2018-10-26,8:00p,@,New Orleans Pelicans,L,,115,117,2,3,L 1
2019,BRK,2018-10-28,5:00p,,Golden State Warriors,L,,114,120,2,4,L 2
2019,BRK,2018-10-29,7:30p,@,New York Knicks,L,,96,115,2,5,L 3
2019,BRK,2018-10-31,7:30p,,Detroit Pistons,W,OT,120,119,3,5,W 1
2019,BRK,2018-11-02,7:30p,,Houston Rockets,L,,111,119,3,6,L 1
2019,BRK,2018-11-04,6:00p,,Philadelphia 76ers,W,,122,97,4,6,W 1
2019,BRK,2018-11-06,9:00p,@,Phoenix Suns,W,,104,82,5,6,W 2
2019,BRK,2018-11-09,9:00p,@,Denver Nuggets,W,,112,110,6,6,W 3
2019,BRK,2018-11-10,8:30p,@,Golden State Warriors,L,,100,116,6,7,L 1
2019,BRK,2018-11-12,8:00p,@,Minnesota Timberwolves,L,,113,120,6,8,L 2
2019,BRK,2018-11-14,7:30p,,Miami Heat,L,,107,120,6,9,L 3
2019,BRK,2018-11-16,7:00p,@,Washington Wizards,W,,115,104,7,9,W 1
2019,BRK,2018-11-17,6:00p,,Los Angeles Clippers,L,,119,127,7,10,L 1
2019,BRK,2018-11-20,7:30p,@,Miami Heat,W,,104,92,8,10,W 1
2019,BRK,2018-11-21,8:30p,@,Dallas Mavericks,L,,113,119,8,11,L 1
2019,BRK,2018-11-23,12:00p,,Minnesota Timberwolves,L,,102,112,8,12,L 2
2019,BRK,2018-11-25,6:00p,,Philadelphia 76ers,L,,125,127,8,13,L 3
2019,BRK,2018-11-28,7:30p,,Utah Jazz,L,,91,101,8,14,L 4
2019,BRK,2018-11-30,7:30p,,Memphis Grizzlies,L,2OT,125,131,8,15,L 5
2019,BRK,2018-12-01,7:00p,@,Washington Wizards,L,,88,102,8,16,L 6
2019,BRK,2018-12-03,7:30p,,Cleveland Cavaliers,L,,97,99,8,17,L 7
2019,BRK,2018-12-05,7:30p,,Oklahoma City Thunder,L,,112,114,8,18,L 8
2019,BRK,2018-12-07,7:30p,,Toronto Raptors,W,OT,106,105,9,18,W 1
2019,BRK,2018-12-08,7:30p,@,New York Knicks,W,,112,104,10,18,W 2
2019,BRK,2018-12-12,7:00p,@,Philadelphia 76ers,W,,127,124,11,18,W 3
2019,BRK,2018-12-14,7:30p,,Washington Wizards,W,,125,118,12,18,W 4
2019,BRK,2018-12-16,3:00p,,Atlanta Hawks,W,,144,127,13,18,W 5
2019,BRK,2018-12-18,7:30p,,Los Angeles Lakers,W,,115,110,14,18,W 6
2019,BRK,2018-12-19,8:00p,@,Chicago Bulls,W,,96,93,15,18,W 7
2019,BRK,2018-12-21,7:30p,,Indiana Pacers,L,,106,114,15,19,L 1
2019,BRK,2018-12-23,6:00p,,Phoenix Suns,W,,111,103,16,19,W 1
2019,BRK,2018-12-26,7:30p,,Charlotte Hornets,W,2OT,134,132,17,19,W 2
2019,BRK,2018-12-28,7:00p,@,Charlotte Hornets,L,,87,100,17,20,L 1
2019,BRK,2018-12-29,5:00p,@,Milwaukee Bucks,L,,115,129,17,21,L 2
2019,BRK,2019-01-02,7:30p,,New Orleans Pelicans,W,,126,121,18,21,W 1
2019,BRK,2019-01-04,8:00p,@,Memphis Grizzlies,W,,109,100,19,21,W 2
2019,BRK,2019-01-06,3:30p,@,Chicago Bulls,W,,117,100,20,21,W 3
2019,BRK,2019-01-07,7:30p,@,Boston Celtics,L,,95,116,20,22,L 1
2019,BRK,2019-01-09,7:30p,,Atlanta Hawks,W,,116,100,21,22,W 1
2019,BRK,2019-01-11,7:30p,@,Toronto Raptors,L,,105,122,21,23,L 1
2019,BRK,2019-01-14,7:30p,,Boston Celtics,W,,109,102,22,23,W 1
2019,BRK,2019-01-16,8:00p,@,Houston Rockets,W,OT,145,142,23,23,W 2
2019,BRK,2019-01-18,7:00p,@,Orlando Magic,W,,117,115,24,23,W 3
2019,BRK,2019-01-21,3:30p,,Sacramento Kings,W,,123,94,25,23,W 4
2019,BRK,2019-01-23,7:30p,,Orlando Magic,W,,114,110,26,23,W 5
2019,BRK,2019-01-25,7:30p,,New York Knicks,W,,109,99,27,23,W 6
2019,BRK,2019-01-28,7:30p,@,Boston Celtics,L,,104,112,27,24,L 1
2019,BRK,2019-01-29,7:30p,,Chicago Bulls,W,,122,117,28,24,W 1
2019,BRK,2019-01-31,8:30p,@,San Antonio Spurs,L,,114,117,28,25,L 1
2019,BRK,2019-02-02,7:00p,@,Orlando Magic,L,,89,102,28,26,L 2
2019,BRK,2019-02-04,7:30p,,Milwaukee Bucks,L,,94,113,28,27,L 3
2019,BRK,2019-02-06,7:30p,,Denver Nuggets,W,,135,130,29,27,W 1
2019,BRK,2019-02-08,7:30p,,Chicago Bulls,L,,106,125,29,28,L 1
2019,BRK,2019-02-11,7:30p,@,Toronto Raptors,L,,125,127,29,29,L 2
2019,BRK,2019-02-13,7:00p,@,Cleveland Cavaliers,W,3OT,148,139,30,29,W 1
2019,BRK,2019-02-21,7:30p,,Portland Trail Blazers,L,,99,113,30,30,L 1
2019,BRK,2019-02-23,7:00p,@,Charlotte Hornets,W,,117,115,31,30,W 1
2019,BRK,2019-02-25,7:30p,,San Antonio Spurs,W,,101,85,32,30,W 2
2019,BRK,2019-02-27,7:30p,,Washington Wizards,L,,116,125,32,31,L 1
2019,BRK,2019-03-01,7:30p,,Charlotte Hornets,L,,112,123,32,32,L 2
2019,BRK,2019-03-02,7:30p,@,Miami Heat,L,,88,117,32,33,L 3
2019,BRK,2019-03-04,7:30p,,Dallas Mavericks,W,,127,88,33,33,W 1
2019,BRK,2019-03-06,7:30p,,Cleveland Cavaliers,W,,113,107,34,33,W 2
2019,BRK,2019-03-09,7:00p,@,Atlanta Hawks,W,,114,112,35,33,W 3
2019,BRK,2019-03-11,7:30p,,Detroit Pistons,W,,103,75,36,33,W 4
2019,BRK,2019-03-13,7:00p,@,Oklahoma City Thunder,L,,96,108,36,34,L 1
2019,BRK,2019-03-16,9:00p,@,Utah Jazz,L,,98,114,36,35,L 2
2019,BRK,2019-03-17,9:00p,@,Los Angeles Clippers,L,,116,119,36,36,L 3
2019,BRK,2019-03-19,10:00p,@,Sacramento Kings,W,,123,121,37,36,W 1
2019,BRK,2019-03-22,10:30p,@,Los Angeles Lakers,W,,111,106,38,36,W 2
2019,BRK,2019-03-25,10:00p,@,Portland Trail Blazers,L,2OT,144,148,38,37,L 1
2019,BRK,2019-03-28,7:00p,@,Philadelphia 76ers,L,,110,123,38,38,L 2
2019,BRK,2019-03-30,6:00p,,Boston Celtics,W,,110,96,39,38,W 1
2019,BRK,2019-04-01,7:30p,,Milwaukee Bucks,L,,121,131,39,39,L 1
2019,BRK,2019-04-03,7:30p,,Toronto Raptors,L,,105,115,39,40,L 2
2019,BRK,2019-04-06,5:00p,@,Milwaukee Bucks,W,,133,128,40,40,W 1
2019,BRK,2019-04-07,5:00p,@,Indiana Pacers,W,,108,96,41,40,W 2
2019,BRK,2019-04-10,8:00p,,Miami Heat,W,,113,94,42,40,W 3
2019,BRK,2019-04-13,2:30p,@,Philadelphia 76ers,W,,111,102,1,0,W 1
2019,BRK,2019-04-15,8:00p,@,Philadelphia 76ers,L,,123,145,1,1,L 1
2019,BRK,2019-04-18,8:00p,,Philadelphia 76ers,L,,115,131,1,2,L 2
2019,BRK,2019-04-20,3:00p,,Philadelphia 76ers,L,,108,112,1,3,L 3
2019,BRK,2019-04-23,8:00p,@,Philadelphia 76ers,L,,100,122,1,4,L 4
2019,CHI,2018-10-18,8:00p,@,Philadelphia 76ers,L,,108,127,0,1,L 1
2019,CHI,2018-10-20,8:00p,,Detroit Pistons,L,,116,118,0,2,L 2
2019,CHI,2018-10-22,8:30p,@,Dallas Mavericks,L,,109,115,0,3,L 3
2019,CHI,2018-10-24,8:00p,,Charlotte Hornets,W,,112,110,1,3,W 1
2019,CHI,2018-10-26,7:00p,@,Charlotte Hornets,L,,106,135,1,4,L 1
2019,CHI,2018-10-27,7:30p,@,Atlanta Hawks,W,,97,85,2,4,W 1
2019,CHI,2018-10-29,8:00p,,Golden State Warriors,L,,124,149,2,5,L 1
2019,CHI,2018-10-31,8:00p,,Denver Nuggets,L,OT,107,108,2,6,L 2
2019,CHI,2018-11-02,8:00p,,Indiana Pacers,L,,105,107,2,7,L 3
2019,CHI,2018-11-03,8:00p,,Houston Rockets,L,,88,96,2,8,L 4
2019,CHI,2018-11-05,7:30p,@,New York Knicks,W,2OT,116,115,3,8,W 1
2019,CHI,2018-11-07,8:00p,@,New Orleans Pelicans,L,,98,107,3,9,L 1
2019,CHI,2018-11-10,8:00p,,Cleveland Cavaliers,W,,99,98,4,9,W 1
2019,CHI,2018-11-12,8:00p,,Dallas Mavericks,L,,98,103,4,10,L 1
2019,CHI,2018-11-14,7:30p,@,Boston Celtics,L,,82,111,4,11,L 2
2019,CHI,2018-11-16,9:30p,@,Milwaukee Bucks,L,,104,123,4,12,L 3
2019,CHI,2018-11-17,8:00p,,Toronto Raptors,L,,83,122,4,13,L 4
2019,CHI,2018-11-21,8:00p,,Phoenix Suns,W,,124,116,5,13,W 1
2019,CHI,2018-11-23,8:00p,,Miami Heat,L,,96,103,5,14,L 1
2019,CHI,2018-11-24,8:00p,@,Minnesota Timberwolves,L,,96,111,5,15,L 2
2019,CHI,2018-11-26,8:00p,,San Antonio Spurs,L,,107,108,5,16,L 3
2019,CHI,2018-11-28,8:00p,@,Milwaukee Bucks,L,,113,116,5,17,L 4
2019,CHI,2018-11-30,7:00p,@,Detroit Pistons,L,,88,107,5,18,L 5
2019,CHI,2018-12-01,8:00p,@,Houston Rockets,L,,105,121,5,19,L 6
2019,CHI,2018-12-04,7:00p,@,Indiana Pacers,L,,90,96,5,20,L 7
2019,CHI,2018-12-07,8:00p,,Oklahoma City Thunder,W,,114,112,6,20,W 1
2019,CHI,2018-12-08,8:00p,,Boston Celtics,L,,77,133,6,21,L 1
2019,CHI,2018-12-10,8:00p,,Sacramento Kings,L,,89,108,6,22,L 2
2019,CHI,2018-12-13,9:30p,@,Orlando Magic,L,,91,97,6,23,L 3
2019,CHI,2018-12-15,8:30p,@,San Antonio Spurs,W,,98,93,7,23,W 1
2019,CHI,2018-12-17,8:00p,@,Oklahoma City Thunder,L,,96,121,7,24,L 1
2019,CHI,2018-12-19,8:00p,,Brooklyn Nets,L,,93,96,7,25,L 2
2019,CHI,2018-12-21,8:00p,,Orlando Magic,W,,90,80,8,25,W 1
2019,CHI,2018-12-23,6:00p,@,Cleveland Cavaliers,W,,112,92,9,25,W 2
2019,CHI,2018-12-26,8:00p,,Minnesota Timberwolves,L,,94,119,9,26,L 1
2019,CHI,2018-12-28,7:00p,@,Washington Wizards,W,,101,92,10,26,W 1
2019,CHI,2018-12-30,6:00p,@,Toronto Raptors,L,,89,95,10,27,L 1
2019,CHI,2019-01-02,8:00p,,Orlando Magic,L,,84,112,10,28,L 2
2019,CHI,2019-01-04,8:00p,,Indiana Pacers,L,OT,116,119,10,29,L 3
2019,CHI,2019-01-06,3:30p,,Brooklyn Nets,L,,100,117,10,30,L 4
2019,CHI,2019-01-09,10:00p,@,Portland Trail Blazers,L,,112,124,10,31,L 5
2019,CHI,2019-01-11,10:30p,@,Golden State Warriors,L,,109,146,10,32,L 6
2019,CHI,2019-01-12,10:00p,@,Utah Jazz,L,,102,110,10,33,L 7
2019,CHI,2019-01-15,10:30p,@,Los Angeles Lakers,L,,100,107,10,34,L 8
2019,CHI,2019-01-17,9:00p,@,Denver Nuggets,L,,105,135,10,35,L 9
2019,CHI,2019-01-19,8:00p,,Miami Heat,L,,103,117,10,36,L 10
2019,CHI,2019-01-21,1:00p,@,Cleveland Cavaliers,W,,104,88,11,36,W 1
2019,CHI,2019-01-23,8:00p,,Atlanta Hawks,L,,101,121,11,37,L 1
2019,CHI,2019-01-25,8:00p,,Los Angeles Clippers,L,,101,106,11,38,L 2
2019,CHI,2019-01-27,3:30p,,Cleveland Cavaliers,L,,101,104,11,39,L 3
2019,CHI,2019-01-29,7:30p,@,Brooklyn Nets,L,,117,122,11,40,L 4
2019,CHI,2019-01-30,7:30p,@,Miami Heat,W,,105,89,12,40,W 1
2019,CHI,2019-02-02,7:00p,@,Charlotte Hornets,L,,118,125,12,41,L 1
2019,CHI,2019-02-06,8:00p,,New Orleans Pelicans,L,,120,125,12,42,L 2
2019,CHI,2019-02-08,7:30p,@,Brooklyn Nets,W,,125,106,13,42,W 1
2019,CHI,2019-02-09,8:00p,,Washington Wizards,L,,125,134,13,43,L 1
2019,CHI,2019-02-11,8:00p,,Milwaukee Bucks,L,,99,112,13,44,L 2
2019,CHI,2019-02-13,8:00p,,Memphis Grizzlies,W,,122,110,14,44,W 1
2019,CHI,2019-02-22,7:00p,@,Orlando Magic,W,,110,109,15,44,W 2
2019,CHI,2019-02-23,8:00p,,Boston Celtics,W,,126,116,16,44,W 3
2019,CHI,2019-02-25,8:00p,,Milwaukee Bucks,L,,106,117,16,45,L 1
2019,CHI,2019-02-27,8:00p,@,Memphis Grizzlies,W,,109,107,17,45,W 1
2019,CHI,2019-03-01,7:30p,@,Atlanta Hawks,W,4OT,168,161,18,45,W 2
2019,CHI,2019-03-03,3:30p,,Atlanta Hawks,L,,118,123,18,46,L 1
2019,CHI,2019-03-05,7:00p,@,Indiana Pacers,L,,96,105,18,47,L 2
2019,CHI,2019-03-06,8:00p,,Philadelphia 76ers,W,,108,107,19,47,W 1
2019,CHI,2019-03-08,8:00p,,Detroit Pistons,L,,104,112,19,48,L 1
2019,CHI,2019-03-10,12:00p,@,Detroit Pistons,L,,108,131,19,49,L 2
2019,CHI,2019-03-12,8:00p,,Los Angeles Lakers,L,,107,123,19,50,L 3
2019,CHI,2019-03-15,10:30p,@,Los Angeles Clippers,L,,121,128,19,51,L 4
2019,CHI,2019-03-17,6:00p,@,Sacramento Kings,L,,102,129,19,52,L 5
2019,CHI,2019-03-18,10:00p,@,Phoenix Suns,W,,116,101,20,52,W 1
2019,CHI,2019-03-20,8:00p,,Washington Wizards,W,OT,126,120,21,52,W 2
2019,CHI,2019-03-23,8:00p,,Utah Jazz,L,,83,114,21,53,L 1
2019,CHI,2019-03-26,7:30p,@,Toronto Raptors,L,,103,112,21,54,L 2
2019,CHI,2019-03-27,8:00p,,Portland Trail Blazers,L,,98,118,21,55,L 3
2019,CHI,2019-03-30,8:00p,,Toronto Raptors,L,,101,124,21,56,L 4
2019,CHI,2019-04-01,7:30p,@,New York Knicks,L,,105,113,21,57,L 5
2019,CHI,2019-04-03,7:00p,@,Washington Wizards,W,,115,114,22,57,W 1
2019,CHI,2019-04-06,8:00p,,Philadelphia 76ers,L,,96,116,22,58,L 1
2019,CHI,2019-04-09,8:00p,,New York Knicks,L,,86,96,22,59,L 2
2019,CHI,2019-04-10,8:00p,@,Philadelphia 76ers,L,,109,125,22,60,L 3
2019,CHO,2018-10-17,7:00p,,Milwaukee Bucks,L,,112,113,0,1,L 1
2019,CHO,2018-10-19,7:00p,@,Orlando Magic,W,,120,88,1,1,W 1
2019,CHO,2018-10-20,8:00p,@,Miami Heat,W,,113,112,2,1,W 2
2019,CHO,2018-10-22,7:30p,@,Toronto Raptors,L,,106,127,2,2,L 1
2019,CHO,2018-10-24,8:00p,@,Chicago Bulls,L,,110,112,2,3,L 2
2019,CHO,2018-10-26,7:00p,,Chicago Bulls,W,,135,106,3,3,W 1
2019,CHO,2018-10-27,7:30p,@,Philadelphia 76ers,L,,103,105,3,4,L 1
2019,CHO,2018-10-30,7:00p,,Miami Heat,W,,125,113,4,4,W 1
2019,CHO,2018-11-01,7:00p,,Oklahoma City Thunder,L,,107,111,4,5,L 1
2019,CHO,2018-11-03,7:00p,,Cleveland Cavaliers,W,,126,94,5,5,W 1
2019,CHO,2018-11-06,7:00p,,Atlanta Hawks,W,,113,102,6,5,W 2
2019,CHO,2018-11-09,7:00p,@,Philadelphia 76ers,L,OT,132,133,6,6,L 1
2019,CHO,2018-11-11,3:30p,@,Detroit Pistons,W,,113,103,7,6,W 1
2019,CHO,2018-11-13,7:00p,@,Cleveland Cavaliers,L,,89,113,7,7,L 1
2019,CHO,2018-11-17,7:00p,,Philadelphia 76ers,L,OT,119,122,7,8,L 2
2019,CHO,2018-11-19,7:00p,,Boston Celtics,W,,117,112,8,8,W 1
2019,CHO,2018-11-21,7:00p,,Indiana Pacers,W,,127,109,9,8,W 2
2019,CHO,2018-11-23,8:00p,@,Oklahoma City Thunder,L,,104,109,9,9,L 1
2019,CHO,2018-11-25,6:00p,@,Atlanta Hawks,L,,123,124,9,10,L 2
2019,CHO,2018-11-26,7:00p,,Milwaukee Bucks,W,,110,107,10,10,W 1
2019,CHO,2018-11-28,7:00p,,Atlanta Hawks,W,,108,94,11,10,W 2
2019,CHO,2018-11-30,7:00p,,Utah Jazz,L,,111,119,11,11,L 1
2019,CHO,2018-12-02,5:00p,,New Orleans Pelicans,L,,109,119,11,12,L 2
2019,CHO,2018-12-05,8:00p,@,Minnesota Timberwolves,L,,104,121,11,13,L 3
2019,CHO,2018-12-07,7:00p,,Denver Nuggets,W,,113,107,12,13,W 1
2019,CHO,2018-12-09,7:30p,@,New York Knicks,W,,119,107,13,13,W 2
2019,CHO,2018-12-12,7:00p,,Detroit Pistons,W,,108,107,14,13,W 3
2019,CHO,2018-12-14,7:00p,,New York Knicks,L,OT,124,126,14,14,L 1
2019,CHO,2018-12-15,7:00p,,Los Angeles Lakers,L,,100,128,14,15,L 2
2019,CHO,2018-12-19,7:00p,,Cleveland Cavaliers,W,,110,99,15,15,W 1
2019,CHO,2018-12-21,7:00p,,Detroit Pistons,W,,98,86,16,15,W 2
2019,CHO,2018-12-23,6:00p,@,Boston Celtics,L,,103,119,16,16,L 1
2019,CHO,2018-12-26,7:30p,@,Brooklyn Nets,L,2OT,132,134,16,17,L 2
2019,CHO,2018-12-28,7:00p,,Brooklyn Nets,W,,100,87,17,17,W 1
2019,CHO,2018-12-29,7:00p,@,Washington Wizards,L,,126,130,17,18,L 1
2019,CHO,2018-12-31,6:00p,,Orlando Magic,W,,125,100,18,18,W 1
2019,CHO,2019-01-02,7:00p,,Dallas Mavericks,L,,84,122,18,19,L 1
2019,CHO,2019-01-05,5:00p,@,Denver Nuggets,L,,110,123,18,20,L 2
2019,CHO,2019-01-06,8:00p,@,Phoenix Suns,W,,119,113,19,20,W 1
2019,CHO,2019-01-08,10:30p,@,Los Angeles Clippers,L,,109,128,19,21,L 1
2019,CHO,2019-01-11,10:00p,@,Portland Trail Blazers,L,,96,127,19,22,L 2
2019,CHO,2019-01-12,10:00p,@,Sacramento Kings,L,,97,104,19,23,L 3
2019,CHO,2019-01-14,8:30p,@,San Antonio Spurs,W,,108,93,20,23,W 1
2019,CHO,2019-01-17,7:00p,,Sacramento Kings,W,,114,95,21,23,W 2
2019,CHO,2019-01-19,5:00p,,Phoenix Suns,W,,135,115,22,23,W 3
2019,CHO,2019-01-20,6:00p,@,Indiana Pacers,L,,95,120,22,24,L 1
2019,CHO,2019-01-23,8:00p,@,Memphis Grizzlies,W,,118,107,23,24,W 1
2019,CHO,2019-01-25,8:30p,@,Milwaukee Bucks,L,,99,108,23,25,L 1
2019,CHO,2019-01-28,7:00p,,New York Knicks,W,,101,92,24,25,W 1
2019,CHO,2019-01-30,7:30p,@,Boston Celtics,L,,94,126,24,26,L 1
2019,CHO,2019-02-01,7:00p,,Memphis Grizzlies,W,,100,92,25,26,W 1
2019,CHO,2019-02-02,7:00p,,Chicago Bulls,W,,125,118,26,26,W 2
2019,CHO,2019-02-05,7:00p,,Los Angeles Clippers,L,,115,117,26,27,L 1
2019,CHO,2019-02-06,8:30p,@,Dallas Mavericks,L,,93,99,26,28,L 2
2019,CHO,2019-02-09,7:30p,@,Atlanta Hawks,W,,129,120,27,28,W 1
2019,CHO,2019-02-11,7:00p,@,Indiana Pacers,L,,90,99,27,29,L 1
2019,CHO,2019-02-14,7:00p,@,Orlando Magic,L,,89,127,27,30,L 2
2019,CHO,2019-02-22,7:00p,,Washington Wizards,W,,123,110,28,30,W 1
2019,CHO,2019-02-23,7:00p,,Brooklyn Nets,L,,115,117,28,31,L 1
2019,CHO,2019-02-25,7:00p,,Golden State Warriors,L,,110,121,28,32,L 2
2019,CHO,2019-02-27,7:00p,,Houston Rockets,L,,113,118,28,33,L 3
2019,CHO,2019-03-01,7:30p,@,Brooklyn Nets,W,,123,112,29,33,W 1
2019,CHO,2019-03-03,1:00p,,Portland Trail Blazers,L,,108,118,29,34,L 1
2019,CHO,2019-03-06,7:00p,,Miami Heat,L,,84,91,29,35,L 2
2019,CHO,2019-03-08,7:00p,,Washington Wizards,W,,112,111,30,35,W 1
2019,CHO,2019-03-09,9:00p,@,Milwaukee Bucks,L,,114,131,30,36,L 1
2019,CHO,2019-03-11,8:00p,@,Houston Rockets,L,,106,118,30,37,L 2
2019,CHO,2019-03-15,7:00p,@,Washington Wizards,W,,116,110,31,37,W 1
2019,CHO,2019-03-17,1:00p,@,Miami Heat,L,,75,93,31,38,L 1
2019,CHO,2019-03-19,7:00p,,Philadelphia 76ers,L,,114,118,31,39,L 2
2019,CHO,2019-03-21,7:00p,,Minnesota Timberwolves,W,,113,106,32,39,W 1
2019,CHO,2019-03-23,6:00p,,Boston Celtics,W,,124,117,33,39,W 2
2019,CHO,2019-03-24,6:00p,@,Toronto Raptors,W,,115,114,34,39,W 3
2019,CHO,2019-03-26,7:00p,,San Antonio Spurs,W,OT,125,116,35,39,W 4
2019,CHO,2019-03-29,10:30p,@,Los Angeles Lakers,L,,115,129,35,40,L 1
2019,CHO,2019-03-31,8:30p,@,Golden State Warriors,L,,90,137,35,41,L 2
2019,CHO,2019-04-01,9:00p,@,Utah Jazz,L,,102,111,35,42,L 3
2019,CHO,2019-04-03,8:00p,@,New Orleans Pelicans,W,,115,109,36,42,W 1
2019,CHO,2019-04-05,7:00p,,Toronto Raptors,W,,113,111,37,42,W 2
2019,CHO,2019-04-07,4:00p,@,Detroit Pistons,W,,104,91,38,42,W 3
2019,CHO,2019-04-09,7:00p,@,Cleveland Cavaliers,W,,124,97,39,42,W 4
2019,CHO,2019-04-10,8:00p,,Orlando Magic,L,,114,122,39,43,L 1
2019,CLE,2018-10-17,7:30p,@,Toronto Raptors,L,,104,116,0,1,L 1
2019,CLE,2018-10-19,8:00p,@,Minnesota Timberwolves,L,,123,131,0,2,L 2
2019,CLE,2018-10-21,6:00p,,Atlanta Hawks,L,,111,133,0,3,L 3
2019,CLE,2018-10-24,7:00p,,Brooklyn Nets,L,,86,102,0,4,L 4
2019,CLE,2018-10-25,7:00p,@,Detroit Pistons,L,,103,110,0,5,L 5
2019,CLE,2018-10-27,7:30p,,Indiana Pacers,L,,107,119,0,6,L 6
2019,CLE,2018-10-30,7:00p,,Atlanta Hawks,W,,136,114,1,6,W 1
2019,CLE,2018-11-01,7:00p,,Denver Nuggets,L,,91,110,1,7,L 1
2019,CLE,2018-11-03,7:00p,@,Charlotte Hornets,L,,94,126,1,8,L 2
2019,CLE,2018-11-05,7:00p,@,Orlando Magic,L,,100,102,1,9,L 3
2019,CLE,2018-11-07,7:00p,,Oklahoma City Thunder,L,,86,95,1,10,L 4
2019,CLE,2018-11-10,8:00p,@,Chicago Bulls,L,,98,99,1,11,L 5
2019,CLE,2018-11-13,7:00p,,Charlotte Hornets,W,,113,89,2,11,W 1
2019,CLE,2018-11-14,7:00p,@,Washington Wizards,L,,95,119,2,12,L 1
2019,CLE,2018-11-19,7:00p,@,Detroit Pistons,L,,102,113,2,13,L 2
2019,CLE,2018-11-21,8:00p,,Los Angeles Lakers,L,,105,109,2,14,L 3
2019,CLE,2018-11-23,7:30p,@,Philadelphia 76ers,W,,121,112,3,14,W 1
2019,CLE,2018-11-24,7:30p,,Houston Rockets,W,,117,108,4,14,W 2
2019,CLE,2018-11-26,7:00p,,Minnesota Timberwolves,L,,95,102,4,15,L 1
2019,CLE,2018-11-28,8:00p,@,Oklahoma City Thunder,L,,83,100,4,16,L 2
2019,CLE,2018-11-30,7:00p,@,Boston Celtics,L,,95,128,4,17,L 3
2019,CLE,2018-12-01,8:00p,,Toronto Raptors,L,,95,106,4,18,L 4
2019,CLE,2018-12-03,7:30p,@,Brooklyn Nets,W,,99,97,5,18,W 1
2019,CLE,2018-12-05,7:00p,,Golden State Warriors,L,,105,129,5,19,L 1
2019,CLE,2018-12-07,7:30p,,Sacramento Kings,L,,110,129,5,20,L 2
2019,CLE,2018-12-08,7:30p,,Washington Wizards,W,,116,101,6,20,W 1
2019,CLE,2018-12-10,8:00p,@,Milwaukee Bucks,L,,92,108,6,21,L 1
2019,CLE,2018-12-12,7:00p,,New York Knicks,W,,113,106,7,21,W 1
2019,CLE,2018-12-14,7:30p,,Milwaukee Bucks,L,,102,114,7,22,L 1
2019,CLE,2018-12-16,3:30p,,Philadelphia 76ers,L,,105,128,7,23,L 2
2019,CLE,2018-12-18,7:00p,@,Indiana Pacers,W,,92,91,8,23,W 1
2019,CLE,2018-12-19,7:00p,@,Charlotte Hornets,L,,99,110,8,24,L 1
2019,CLE,2018-12-21,7:00p,@,Toronto Raptors,L,,110,126,8,25,L 2
2019,CLE,2018-12-23,6:00p,,Chicago Bulls,L,,92,112,8,26,L 3
2019,CLE,2018-12-26,8:00p,@,Memphis Grizzlies,L,,87,95,8,27,L 4
2019,CLE,2018-12-28,8:00p,@,Miami Heat,L,,94,118,8,28,L 5
2019,CLE,2018-12-29,7:30p,@,Atlanta Hawks,L,,108,111,8,29,L 6
2019,CLE,2019-01-02,7:00p,,Miami Heat,L,,92,117,8,30,L 7
2019,CLE,2019-01-04,7:30p,,Utah Jazz,L,,91,117,8,31,L 8
2019,CLE,2019-01-05,8:00p,,New Orleans Pelicans,L,,98,133,8,32,L 9
2019,CLE,2019-01-08,7:00p,,Indiana Pacers,L,,115,123,8,33,L 10
2019,CLE,2019-01-09,8:00p,@,New Orleans Pelicans,L,,124,140,8,34,L 11
2019,CLE,2019-01-11,8:00p,@,Houston Rockets,L,,113,141,8,35,L 12
2019,CLE,2019-01-13,9:30p,@,Los Angeles Lakers,W,,101,95,9,35,W 1
2019,CLE,2019-01-16,10:00p,@,Portland Trail Blazers,L,,112,129,9,36,L 1
2019,CLE,2019-01-18,9:00p,@,Utah Jazz,L,,99,115,9,37,L 2
2019,CLE,2019-01-19,10:00p,@,Denver Nuggets,L,,102,124,9,38,L 3
2019,CLE,2019-01-21,1:00p,,Chicago Bulls,L,,88,104,9,39,L 4
2019,CLE,2019-01-23,7:30p,@,Boston Celtics,L,,103,123,9,40,L 5
2019,CLE,2019-01-25,7:30p,,Miami Heat,L,,94,100,9,41,L 6
2019,CLE,2019-01-27,3:30p,@,Chicago Bulls,W,,104,101,10,41,W 1
2019,CLE,2019-01-29,7:00p,,Washington Wizards,W,,116,113,11,41,W 2
2019,CLE,2019-02-02,7:30p,,Dallas Mavericks,L,,98,111,11,42,L 1
2019,CLE,2019-02-05,7:00p,,Boston Celtics,L,,96,103,11,43,L 2
2019,CLE,2019-02-08,7:00p,@,Washington Wizards,L,,106,119,11,44,L 3
2019,CLE,2019-02-09,7:00p,@,Indiana Pacers,L,,90,105,11,45,L 4
2019,CLE,2019-02-11,7:00p,,New York Knicks,W,,107,104,12,45,W 1
2019,CLE,2019-02-13,7:00p,,Brooklyn Nets,L,3OT,139,148,12,46,L 1
2019,CLE,2019-02-21,7:00p,,Phoenix Suns,W,,111,98,13,46,W 1
2019,CLE,2019-02-23,7:00p,,Memphis Grizzlies,W,,112,107,14,46,W 2
2019,CLE,2019-02-25,7:00p,,Portland Trail Blazers,L,,110,123,14,47,L 1
2019,CLE,2019-02-28,7:30p,@,New York Knicks,W,,125,118,15,47,W 1
2019,CLE,2019-03-02,5:00p,,Detroit Pistons,L,,93,129,15,48,L 1
2019,CLE,2019-03-03,6:00p,,Orlando Magic,W,,107,93,16,48,W 1
2019,CLE,2019-03-06,7:30p,@,Brooklyn Nets,L,,107,113,16,49,L 1
2019,CLE,2019-03-08,8:00p,@,Miami Heat,L,,110,126,16,50,L 2
2019,CLE,2019-03-11,7:00p,,Toronto Raptors,W,,126,101,17,50,W 1
2019,CLE,2019-03-12,7:00p,@,Philadelphia 76ers,L,,99,106,17,51,L 1
2019,CLE,2019-03-14,7:00p,@,Orlando Magic,L,,91,120,17,52,L 2
2019,CLE,2019-03-16,8:30p,@,Dallas Mavericks,L,,116,121,17,53,L 3
2019,CLE,2019-03-18,7:00p,,Detroit Pistons,W,,126,119,18,53,W 1
2019,CLE,2019-03-20,7:00p,,Milwaukee Bucks,W,,107,102,19,53,W 2
2019,CLE,2019-03-22,7:30p,,Los Angeles Clippers,L,,108,110,19,54,L 1
2019,CLE,2019-03-24,4:30p,@,Milwaukee Bucks,L,,105,127,19,55,L 2
2019,CLE,2019-03-26,7:00p,,Boston Celtics,L,,106,116,19,56,L 3
2019,CLE,2019-03-28,8:30p,@,San Antonio Spurs,L,,110,116,19,57,L 4
2019,CLE,2019-03-30,3:30p,@,Los Angeles Clippers,L,,108,132,19,58,L 5
2019,CLE,2019-04-01,10:00p,@,Phoenix Suns,L,,113,122,19,59,L 6
2019,CLE,2019-04-04,10:00p,@,Sacramento Kings,L,,104,117,19,60,L 7
2019,CLE,2019-04-05,10:30p,@,Golden State Warriors,L,,114,120,19,61,L 8
2019,CLE,2019-04-07,3:00p,,San Antonio Spurs,L,,90,112,19,62,L 9
2019,CLE,2019-04-09,7:00p,,Charlotte Hornets,L,,97,124,19,63,L 10
2019,DAL,2018-10-17,10:30p,@,Phoenix Suns,L,,100,121,0,1,L 1
2019,DAL,2018-10-20,8:30p,,Minnesota Timberwolves,W,,140,136,1,1,W 1
2019,DAL,2018-10-22,8:30p,,Chicago Bulls,W,,115,109,2,1,W 2
2019,DAL,2018-10-24,7:00p,@,Atlanta Hawks,L,,104,111,2,2,L 1
2019,DAL,2018-10-26,7:30p,@,Toronto Raptors,L,,107,116,2,3,L 2
2019,DAL,2018-10-28,7:00p,,Utah Jazz,L,,104,113,2,4,L 3
2019,DAL,2018-10-29,8:30p,@,San Antonio Spurs,L,OT,108,113,2,5,L 4
2019,DAL,2018-10-31,10:30p,@,Los Angeles Lakers,L,,113,114,2,6,L 5
2019,DAL,2018-11-02,8:30p,,New York Knicks,L,,106,118,2,7,L 6
2019,DAL,2018-11-06,8:30p,,Washington Wizards,W,,119,100,3,7,W 1
2019,DAL,2018-11-07,9:00p,@,Utah Jazz,L,,102,117,3,8,L 1
2019,DAL,2018-11-10,9:00p,,Oklahoma City Thunder,W,,111,96,4,8,W 1
2019,DAL,2018-11-12,8:00p,@,Chicago Bulls,W,,103,98,5,8,W 2
2019,DAL,2018-11-14,8:30p,,Utah Jazz,W,,118,68,6,8,W 3
2019,DAL,2018-11-17,8:30p,,Golden State Warriors,W,,112,109,7,8,W 4
2019,DAL,2018-11-19,8:00p,@,Memphis Grizzlies,L,,88,98,7,9,L 1
2019,DAL,2018-11-21,8:30p,,Brooklyn Nets,W,,119,113,8,9,W 1
2019,DAL,2018-11-24,8:30p,,Boston Celtics,W,,113,104,9,9,W 2
2019,DAL,2018-11-28,8:00p,@,Houston Rockets,W,,128,108,10,9,W 3
2019,DAL,2018-11-30,10:30p,@,Los Angeles Lakers,L,,103,114,10,10,L 1
2019,DAL,2018-12-02,7:00p,,Los Angeles Clippers,W,,114,110,11,10,W 1
2019,DAL,2018-12-04,8:30p,,Portland Trail Blazers,W,,111,102,12,10,W 2
2019,DAL,2018-12-05,8:00p,@,New Orleans Pelicans,L,,106,132,12,11,L 1
2019,DAL,2018-12-08,6:00p,,Houston Rockets,W,,107,104,13,11,W 1
2019,DAL,2018-12-10,8:30p,,Orlando Magic,W,,101,76,14,11,W 2
2019,DAL,2018-12-12,8:30p,,Atlanta Hawks,W,,114,107,15,11,W 3
2019,DAL,2018-12-13,10:30p,@,Phoenix Suns,L,,89,99,15,12,L 1
2019,DAL,2018-12-16,7:00p,,Sacramento Kings,L,,113,120,15,13,L 2
2019,DAL,2018-12-18,9:00p,@,Denver Nuggets,L,,118,126,15,14,L 3
2019,DAL,2018-12-20,10:30p,@,Los Angeles Clippers,L,,121,125,15,15,L 4
2019,DAL,2018-12-22,8:30p,@,Golden State Warriors,L,,116,120,15,16,L 5
2019,DAL,2018-12-23,9:00p,@,Portland Trail Blazers,L,OT,118,121,15,17,L 6
2019,DAL,2018-12-26,8:30p,,New Orleans Pelicans,W,,122,119,16,17,W 1
2019,DAL,2018-12-28,8:00p,@,New Orleans Pelicans,L,,112,114,16,18,L 1
2019,DAL,2018-12-30,7:00p,,Oklahoma City Thunder,W,,105,103,17,18,W 1
2019,DAL,2018-12-31,8:00p,@,Oklahoma City Thunder,L,,102,122,17,19,L 1
2019,DAL,2019-01-02,7:00p,@,Charlotte Hornets,W,,122,84,18,19,W 1
2019,DAL,2019-01-04,8:00p,@,Boston Celtics,L,,93,114,18,20,L 1
2019,DAL,2019-01-05,7:30p,@,Philadelphia 76ers,L,,100,106,18,21,L 2
2019,DAL,2019-01-07,8:30p,,Los Angeles Lakers,L,,97,107,18,22,L 3
2019,DAL,2019-01-09,8:30p,,Phoenix Suns,W,,104,94,19,22,W 1
2019,DAL,2019-01-11,8:00p,@,Minnesota Timberwolves,W,,119,115,20,22,W 2
2019,DAL,2019-01-13,7:00p,,Golden State Warriors,L,,114,119,20,23,L 1
2019,DAL,2019-01-16,8:30p,,San Antonio Spurs,L,,101,105,20,24,L 2
2019,DAL,2019-01-19,7:00p,@,Indiana Pacers,L,,99,111,20,25,L 3
2019,DAL,2019-01-21,2:00p,@,Milwaukee Bucks,L,,106,116,20,26,L 4
2019,DAL,2019-01-22,8:30p,,Los Angeles Clippers,W,,106,98,21,26,W 1
2019,DAL,2019-01-25,8:30p,,Detroit Pistons,W,,106,101,22,26,W 2
2019,DAL,2019-01-27,7:00p,,Toronto Raptors,L,,120,123,22,27,L 1
2019,DAL,2019-01-30,7:30p,@,New York Knicks,W,,114,90,23,27,W 1
2019,DAL,2019-01-31,7:00p,@,Detroit Pistons,L,,89,93,23,28,L 1
2019,DAL,2019-02-02,7:30p,@,Cleveland Cavaliers,W,,111,98,24,28,W 1
2019,DAL,2019-02-06,8:30p,,Charlotte Hornets,W,,99,93,25,28,W 2
2019,DAL,2019-02-08,8:30p,,Milwaukee Bucks,L,,107,122,25,29,L 1
2019,DAL,2019-02-10,3:00p,,Portland Trail Blazers,W,,102,101,26,29,W 1
2019,DAL,2019-02-11,8:00p,@,Houston Rockets,L,,104,120,26,30,L 1
2019,DAL,2019-02-13,8:30p,,Miami Heat,L,,101,112,26,31,L 2
2019,DAL,2019-02-22,8:30p,,Denver Nuggets,L,,104,114,26,32,L 3
2019,DAL,2019-02-23,10:00p,@,Utah Jazz,L,,109,125,26,33,L 4
2019,DAL,2019-02-25,10:30p,@,Los Angeles Clippers,L,,112,121,26,34,L 5
2019,DAL,2019-02-27,8:30p,,Indiana Pacers,W,,110,101,27,34,W 1
2019,DAL,2019-03-02,8:30p,,Memphis Grizzlies,L,,81,111,27,35,L 1
2019,DAL,2019-03-04,7:30p,@,Brooklyn Nets,L,,88,127,27,36,L 2
2019,DAL,2019-03-06,7:00p,@,Washington Wizards,L,,123,132,27,37,L 3
2019,DAL,2019-03-08,7:00p,@,Orlando Magic,L,,106,111,27,38,L 4
2019,DAL,2019-03-10,7:00p,,Houston Rockets,L,,93,94,27,39,L 5
2019,DAL,2019-03-12,8:00p,,San Antonio Spurs,L,,105,112,27,40,L 6
2019,DAL,2019-03-14,10:30p,@,Denver Nuggets,L,,99,100,27,41,L 7
2019,DAL,2019-03-16,8:30p,,Cleveland Cavaliers,W,,121,116,28,41,W 1
2019,DAL,2019-03-18,8:30p,,New Orleans Pelicans,L,OT,125,129,28,42,L 1
2019,DAL,2019-03-20,10:00p,@,Portland Trail Blazers,L,,118,126,28,43,L 2
2019,DAL,2019-03-21,10:00p,@,Sacramento Kings,L,,100,116,28,44,L 3
2019,DAL,2019-03-23,8:30p,@,Golden State Warriors,W,,126,91,29,44,W 1
2019,DAL,2019-03-26,8:30p,,Sacramento Kings,L,,121,125,29,45,L 1
2019,DAL,2019-03-28,7:30p,@,Miami Heat,L,,99,105,29,46,L 2
2019,DAL,2019-03-31,3:30p,@,Oklahoma City Thunder,W,,106,103,30,46,W 1
2019,DAL,2019-04-01,8:30p,,Philadelphia 76ers,W,,122,102,31,46,W 2
2019,DAL,2019-04-03,8:30p,,Minnesota Timberwolves,L,,108,110,31,47,L 1
2019,DAL,2019-04-05,8:30p,,Memphis Grizzlies,L,,112,122,31,48,L 2
2019,DAL,2019-04-07,6:00p,@,Memphis Grizzlies,W,OT,129,127,32,48,W 1
2019,DAL,2019-04-09,8:30p,,Phoenix Suns,W,,120,109,33,48,W 2
2019,DAL,2019-04-10,8:00p,@,San Antonio Spurs,L,,94,105,33,49,L 1
2019,DEN,2018-10-17,10:30p,@,Los Angeles Clippers,W,,107,98,1,0,W 1
2019,DEN,2018-10-20,9:00p,,Phoenix Suns,W,,119,91,2,0,W 2
2019,DEN,2018-10-21,8:00p,,Golden State Warriors,W,,100,98,3,0,W 3
2019,DEN,2018-10-23,9:00p,,Sacramento Kings,W,,126,112,4,0,W 4
2019,DEN,2018-10-25,10:30p,@,Los Angeles Lakers,L,,114,121,4,1,L 1
2019,DEN,2018-10-29,9:00p,,New Orleans Pelicans,W,,116,111,5,1,W 1
2019,DEN,2018-10-31,8:00p,@,Chicago Bulls,W,OT,108,107,6,1,W 2
2019,DEN,2018-11-01,7:00p,@,Cleveland Cavaliers,W,,110,91,7,1,W 3
2019,DEN,2018-11-03,9:00p,,Utah Jazz,W,,103,88,8,1,W 4
2019,DEN,2018-11-05,9:00p,,Boston Celtics,W,,115,107,9,1,W 5
2019,DEN,2018-11-07,8:00p,@,Memphis Grizzlies,L,,87,89,9,2,L 1
2019,DEN,2018-11-09,9:00p,,Brooklyn Nets,L,,110,112,9,3,L 2
2019,DEN,2018-11-11,8:00p,,Milwaukee Bucks,L,,114,121,9,4,L 3
2019,DEN,2018-11-13,9:00p,,Houston Rockets,L,,99,109,9,5,L 4
2019,DEN,2018-11-15,9:00p,,Atlanta Hawks,W,,138,93,10,5,W 1
2019,DEN,2018-11-17,7:00p,@,New Orleans Pelicans,L,,115,125,10,6,L 1
2019,DEN,2018-11-19,8:00p,@,Milwaukee Bucks,L,,98,104,10,7,L 2
2019,DEN,2018-11-21,8:00p,@,Minnesota Timberwolves,W,,103,101,11,7,W 1
2019,DEN,2018-11-23,9:00p,,Orlando Magic,W,,112,87,12,7,W 2
2019,DEN,2018-11-24,8:00p,@,Oklahoma City Thunder,W,,105,98,13,7,W 3
2019,DEN,2018-11-27,9:00p,,Los Angeles Lakers,W,,117,85,14,7,W 4
2019,DEN,2018-11-30,10:30p,@,Portland Trail Blazers,W,,113,112,15,7,W 5
2019,DEN,2018-12-03,7:30p,@,Toronto Raptors,W,,106,103,16,7,W 6
2019,DEN,2018-12-05,7:00p,@,Orlando Magic,W,OT,124,118,17,7,W 7
2019,DEN,2018-12-07,7:00p,@,Charlotte Hornets,L,,107,113,17,8,L 1
2019,DEN,2018-12-08,7:30p,@,Atlanta Hawks,L,,98,106,17,9,L 2
2019,DEN,2018-12-10,9:00p,,Memphis Grizzlies,W,,105,99,18,9,W 1
2019,DEN,2018-12-14,10:00p,,Oklahoma City Thunder,W,,109,98,19,9,W 2
2019,DEN,2018-12-16,8:00p,,Toronto Raptors,W,,95,86,20,9,W 3
2019,DEN,2018-12-18,9:00p,,Dallas Mavericks,W,,126,118,21,9,W 4
2019,DEN,2018-12-22,5:00p,@,Los Angeles Clippers,L,,111,132,21,10,L 1
2019,DEN,2018-12-26,8:30p,@,San Antonio Spurs,L,,103,111,21,11,L 2
2019,DEN,2018-12-28,9:00p,,San Antonio Spurs,W,,102,99,22,11,W 1
2019,DEN,2018-12-29,9:00p,@,Phoenix Suns,W,,122,118,23,11,W 2
2019,DEN,2019-01-01,9:00p,,New York Knicks,W,,115,108,24,11,W 3
2019,DEN,2019-01-03,10:00p,@,Sacramento Kings,W,,117,113,25,11,W 4
2019,DEN,2019-01-05,5:00p,,Charlotte Hornets,W,,123,110,26,11,W 5
2019,DEN,2019-01-07,8:00p,@,Houston Rockets,L,,113,125,26,12,L 1
2019,DEN,2019-01-08,7:30p,@,Miami Heat,W,,103,99,27,12,W 1
2019,DEN,2019-01-10,9:00p,,Los Angeles Clippers,W,,121,100,28,12,W 2
2019,DEN,2019-01-12,9:00p,@,Phoenix Suns,L,,93,102,28,13,L 1
2019,DEN,2019-01-13,8:00p,,Portland Trail Blazers,W,,116,113,29,13,W 1
2019,DEN,2019-01-15,9:00p,,Golden State Warriors,L,,111,142,29,14,L 1
2019,DEN,2019-01-17,9:00p,,Chicago Bulls,W,,135,105,30,14,W 1
2019,DEN,2019-01-19,10:00p,,Cleveland Cavaliers,W,,124,102,31,14,W 2
2019,DEN,2019-01-23,10:30p,@,Utah Jazz,L,,108,114,31,15,L 1
2019,DEN,2019-01-25,9:00p,,Phoenix Suns,W,,132,95,32,15,W 1
2019,DEN,2019-01-26,9:00p,,Philadelphia 76ers,W,,126,110,33,15,W 2
2019,DEN,2019-01-28,8:00p,@,Memphis Grizzlies,W,,95,92,34,15,W 3
2019,DEN,2019-01-30,8:00p,@,New Orleans Pelicans,W,,105,99,35,15,W 4
2019,DEN,2019-02-01,10:00p,,Houston Rockets,W,,136,122,36,15,W 5
2019,DEN,2019-02-02,9:00p,@,Minnesota Timberwolves,W,,107,106,37,15,W 6
2019,DEN,2019-02-04,7:00p,@,Detroit Pistons,L,,103,129,37,16,L 1
2019,DEN,2019-02-06,7:30p,@,Brooklyn Nets,L,,130,135,37,17,L 2
2019,DEN,2019-02-08,7:00p,@,Philadelphia 76ers,L,,110,117,37,18,L 3
2019,DEN,2019-02-11,9:00p,,Miami Heat,W,,103,87,38,18,W 1
2019,DEN,2019-02-13,9:00p,,Sacramento Kings,W,,120,118,39,18,W 2
2019,DEN,2019-02-22,8:30p,@,Dallas Mavericks,W,,114,104,40,18,W 3
2019,DEN,2019-02-24,5:00p,,Los Angeles Clippers,W,,123,96,41,18,W 4
2019,DEN,2019-02-26,10:30p,,Oklahoma City Thunder,W,,121,112,42,18,W 5
2019,DEN,2019-02-28,10:30p,,Utah Jazz,L,,104,111,42,19,L 1
2019,DEN,2019-03-02,9:00p,,New Orleans Pelicans,L,,112,120,42,20,L 2
2019,DEN,2019-03-04,8:30p,@,San Antonio Spurs,L,,103,104,42,21,L 3
2019,DEN,2019-03-06,10:30p,@,Los Angeles Lakers,W,,115,99,43,21,W 1
2019,DEN,2019-03-08,10:30p,@,Golden State Warriors,L,,105,122,43,22,L 1
2019,DEN,2019-03-12,10:30p,,Minnesota Timberwolves,W,,133,107,44,22,W 1
2019,DEN,2019-03-14,10:30p,,Dallas Mavericks,W,,100,99,45,22,W 2
2019,DEN,2019-03-16,9:00p,,Indiana Pacers,W,,102,100,46,22,W 3
2019,DEN,2019-03-18,7:30p,@,Boston Celtics,W,,114,105,47,22,W 4
2019,DEN,2019-03-21,7:00p,@,Washington Wizards,W,,113,108,48,22,W 5
2019,DEN,2019-03-22,7:30p,@,New York Knicks,W,,111,93,49,22,W 6
2019,DEN,2019-03-24,5:00p,@,Indiana Pacers,L,,88,124,49,23,L 1
2019,DEN,2019-03-26,9:00p,,Detroit Pistons,W,,95,92,50,23,W 1
2019,DEN,2019-03-28,8:00p,@,Houston Rockets,L,,85,112,50,24,L 1
2019,DEN,2019-03-29,8:00p,@,Oklahoma City Thunder,W,,115,105,51,24,W 1
2019,DEN,2019-03-31,8:00p,,Washington Wizards,L,,90,95,51,25,L 1
2019,DEN,2019-04-02,10:30p,@,Golden State Warriors,L,,102,116,51,26,L 2
2019,DEN,2019-04-03,9:00p,,San Antonio Spurs,W,,113,85,52,26,W 1
2019,DEN,2019-04-05,10:30p,,Portland Trail Blazers,W,,119,110,53,26,W 2
2019,DEN,2019-04-07,9:00p,@,Portland Trail Blazers,L,,108,115,53,27,L 1
2019,DEN,2019-04-09,9:00p,@,Utah Jazz,L,,108,118,53,28,L 2
2019,DEN,2019-04-10,10:30p,,Minnesota Timberwolves,W,,99,95,54,28,W 1
2019,DEN,2019-04-13,10:30p,,San Antonio Spurs,L,,96,101,0,1,L 1
2019,DEN,2019-04-16,9:00p,,San Antonio Spurs,W,,114,105,1,1,W 1
2019,DEN,2019-04-18,9:00p,@,San Antonio Spurs,L,,108,118,1,2,L 1
2019,DEN,2019-04-20,5:30p,@,San Antonio Spurs,W,,117,103,2,2,W 1
2019,DEN,2019-04-23,9:30p,,San Antonio Spurs,W,,108,90,3,2,W 2
2019,DEN,2019-04-25,8:00p,@,San Antonio Spurs,L,,103,120,3,3,L 1
2019,DEN,2019-04-27,10:00p,,San Antonio Spurs,W,,90,86,4,3,W 1
2019,DEN,2019-04-29,10:30p,,Portland Trail Blazers,W,,121,113,5,3,W 2
2019,DEN,2019-05-01,9:00p,,Portland Trail Blazers,L,,90,97,5,4,L 1
2019,DEN,2019-05-03,10:30p,@,Portland Trail Blazers,L,4OT,137,140,5,5,L 2
2019,DEN,2019-05-05,7:00p,@,Portland Trail Blazers,W,,116,112,6,5,W 1
2019,DEN,2019-05-07,10:30p,,Portland Trail Blazers,W,,124,98,7,5,W 2
2019,DEN,2019-05-09,10:30p,@,Portland Trail Blazers,L,,108,119,7,6,L 1
2019,DEN,2019-05-12,3:30p,,Portland Trail Blazers,L,,96,100,7,7,L 2
2019,DET,2018-10-17,7:00p,,Brooklyn Nets,W,,103,100,1,0,W 1
2019,DET,2018-10-20,8:00p,@,Chicago Bulls,W,,118,116,2,0,W 2
2019,DET,2018-10-23,7:00p,,Philadelphia 76ers,W,OT,133,132,3,0,W 3
2019,DET,2018-10-25,7:00p,,Cleveland Cavaliers,W,,110,103,4,0,W 4
2019,DET,2018-10-27,7:00p,,Boston Celtics,L,,89,109,4,1,L 1
2019,DET,2018-10-30,7:30p,@,Boston Celtics,L,,105,108,4,2,L 2
2019,DET,2018-10-31,7:30p,@,Brooklyn Nets,L,OT,119,120,4,3,L 3
2019,DET,2018-11-03,1:00p,@,Philadelphia 76ers,L,,99,109,4,4,L 4
2019,DET,2018-11-05,7:00p,,Miami Heat,L,OT,115,120,4,5,L 5
2019,DET,2018-11-07,7:00p,@,Orlando Magic,W,,103,96,5,5,W 1
2019,DET,2018-11-09,7:30p,@,Atlanta Hawks,W,,124,109,6,5,W 2
2019,DET,2018-11-11,3:30p,,Charlotte Hornets,L,,103,113,6,6,L 1
2019,DET,2018-11-14,7:30p,@,Toronto Raptors,W,,106,104,7,6,W 1
2019,DET,2018-11-19,7:00p,,Cleveland Cavaliers,W,,113,102,8,6,W 2
2019,DET,2018-11-21,8:00p,@,Houston Rockets,L,,124,126,8,7,L 1
2019,DET,2018-11-23,7:00p,,Houston Rockets,W,OT,116,111,9,7,W 1
2019,DET,2018-11-25,4:00p,,Phoenix Suns,W,,118,107,10,7,W 2
2019,DET,2018-11-27,7:00p,,New York Knicks,W,,115,108,11,7,W 3
2019,DET,2018-11-30,7:00p,,Chicago Bulls,W,,107,88,12,7,W 4
2019,DET,2018-12-01,7:00p,,Golden State Warriors,W,,111,102,13,7,W 5
2019,DET,2018-12-03,7:00p,,Oklahoma City Thunder,L,,83,110,13,8,L 1
2019,DET,2018-12-05,8:00p,@,Milwaukee Bucks,L,,92,115,13,9,L 2
2019,DET,2018-12-07,7:00p,,Philadelphia 76ers,L,,111,117,13,10,L 3
2019,DET,2018-12-09,3:30p,,New Orleans Pelicans,L,,108,116,13,11,L 4
2019,DET,2018-12-10,7:00p,@,Philadelphia 76ers,L,,102,116,13,12,L 5
2019,DET,2018-12-12,7:00p,@,Charlotte Hornets,L,,107,108,13,13,L 6
2019,DET,2018-12-15,7:00p,,Boston Celtics,W,,113,104,14,13,W 1
2019,DET,2018-12-17,7:00p,,Milwaukee Bucks,L,,104,107,14,14,L 1
2019,DET,2018-12-19,8:00p,@,Minnesota Timberwolves,W,OT,129,123,15,14,W 1
2019,DET,2018-12-21,7:00p,@,Charlotte Hornets,L,,86,98,15,15,L 1
2019,DET,2018-12-23,4:00p,,Atlanta Hawks,L,,95,98,15,16,L 2
2019,DET,2018-12-26,7:00p,,Washington Wizards,W,,106,95,16,16,W 1
2019,DET,2018-12-28,7:00p,@,Indiana Pacers,L,,88,125,16,17,L 1
2019,DET,2018-12-30,3:30p,@,Orlando Magic,L,,107,109,16,18,L 2
2019,DET,2019-01-01,8:00p,@,Milwaukee Bucks,L,,98,121,16,19,L 3
2019,DET,2019-01-02,8:00p,@,Memphis Grizzlies,W,,101,94,17,19,W 1
2019,DET,2019-01-05,7:00p,,Utah Jazz,L,,105,110,17,20,L 1
2019,DET,2019-01-07,7:00p,,San Antonio Spurs,L,,107,119,17,21,L 2
2019,DET,2019-01-09,10:30p,@,Los Angeles Lakers,L,,100,113,17,22,L 3
2019,DET,2019-01-10,10:00p,@,Sacramento Kings,L,,102,112,17,23,L 4
2019,DET,2019-01-12,3:30p,@,Los Angeles Clippers,W,,109,104,18,23,W 1
2019,DET,2019-01-14,9:00p,@,Utah Jazz,L,,94,100,18,24,L 1
2019,DET,2019-01-16,7:00p,,Orlando Magic,W,OT,120,115,19,24,W 1
2019,DET,2019-01-18,7:00p,,Miami Heat,W,,98,93,20,24,W 2
2019,DET,2019-01-19,7:00p,,Sacramento Kings,L,,101,103,20,25,L 1
2019,DET,2019-01-21,2:00p,@,Washington Wizards,L,,87,101,20,26,L 2
2019,DET,2019-01-23,8:00p,@,New Orleans Pelicans,W,,98,94,21,26,W 1
2019,DET,2019-01-25,8:30p,@,Dallas Mavericks,L,,101,106,21,27,L 1
2019,DET,2019-01-29,7:00p,,Milwaukee Bucks,L,,105,115,21,28,L 2
2019,DET,2019-01-31,7:00p,,Dallas Mavericks,W,,93,89,22,28,W 1
2019,DET,2019-02-02,5:00p,,Los Angeles Clippers,L,,101,111,22,29,L 1
2019,DET,2019-02-04,7:00p,,Denver Nuggets,W,,129,103,23,29,W 1
2019,DET,2019-02-05,7:30p,@,New York Knicks,W,,105,92,24,29,W 2
2019,DET,2019-02-08,7:00p,,New York Knicks,W,,120,103,25,29,W 3
2019,DET,2019-02-11,7:00p,,Washington Wizards,W,,121,112,26,29,W 4
2019,DET,2019-02-13,7:30p,@,Boston Celtics,L,,110,118,26,30,L 1
2019,DET,2019-02-22,7:30p,@,Atlanta Hawks,W,,125,122,27,30,W 1
2019,DET,2019-02-23,7:30p,@,Miami Heat,W,,119,96,28,30,W 2
2019,DET,2019-02-25,7:00p,,Indiana Pacers,W,,113,109,29,30,W 3
2019,DET,2019-02-27,8:30p,@,San Antonio Spurs,L,,93,105,29,31,L 1
2019,DET,2019-03-02,5:00p,@,Cleveland Cavaliers,W,,129,93,30,31,W 1
2019,DET,2019-03-03,6:00p,,Toronto Raptors,W,OT,112,107,31,31,W 2
2019,DET,2019-03-06,7:00p,,Minnesota Timberwolves,W,,131,114,32,31,W 3
2019,DET,2019-03-08,8:00p,@,Chicago Bulls,W,,112,104,33,31,W 4
2019,DET,2019-03-10,12:00p,,Chicago Bulls,W,,131,108,34,31,W 5
2019,DET,2019-03-11,7:30p,@,Brooklyn Nets,L,,75,103,34,32,L 1
2019,DET,2019-03-13,7:30p,@,Miami Heat,L,,74,108,34,33,L 2
2019,DET,2019-03-15,7:00p,,Los Angeles Lakers,W,,111,97,35,33,W 1
2019,DET,2019-03-17,4:00p,,Toronto Raptors,W,,110,107,36,33,W 2
2019,DET,2019-03-18,7:00p,@,Cleveland Cavaliers,L,,119,126,36,34,L 1
2019,DET,2019-03-21,10:00p,@,Phoenix Suns,W,,118,98,37,34,W 1
2019,DET,2019-03-23,10:00p,@,Portland Trail Blazers,L,,112,117,37,35,L 1
2019,DET,2019-03-24,8:30p,@,Golden State Warriors,L,,114,121,37,36,L 2
2019,DET,2019-03-26,9:00p,@,Denver Nuggets,L,,92,95,37,37,L 3
2019,DET,2019-03-28,7:00p,,Orlando Magic,W,,115,98,38,37,W 1
2019,DET,2019-03-30,7:00p,,Portland Trail Blazers,W,,99,90,39,37,W 2
2019,DET,2019-04-01,7:00p,@,Indiana Pacers,L,,102,111,39,38,L 1
2019,DET,2019-04-03,7:00p,,Indiana Pacers,L,,89,108,39,39,L 2
2019,DET,2019-04-05,8:00p,@,Oklahoma City Thunder,L,,110,123,39,40,L 3
2019,DET,2019-04-07,4:00p,,Charlotte Hornets,L,,91,104,39,41,L 4
2019,DET,2019-04-09,7:00p,,Memphis Grizzlies,W,,100,93,40,41,W 1
2019,DET,2019-04-10,8:00p,@,New York Knicks,W,,115,89,41,41,W 2
2019,DET,2019-04-14,7:00p,@,Milwaukee Bucks,L,,86,121,0,1,L 1
2019,DET,2019-04-17,8:00p,@,Milwaukee Bucks,L,,99,120,0,2,L 2
2019,DET,2019-04-20,8:00p,,Milwaukee Bucks,L,,103,119,0,3,L 3
2019,DET,2019-04-22,8:00p,,Milwaukee Bucks,L,,104,127,0,4,L 4
2019,GSW,2018-10-16,10:30p,,Oklahoma City Thunder,W,,108,100,1,0,W 1
2019,GSW,2018-10-19,10:30p,@,Utah Jazz,W,,124,123,2,0,W 2
2019,GSW,2018-10-21,8:00p,@,Denver Nuggets,L,,98,100,2,1,L 1
2019,GSW,2018-10-22,10:30p,,Phoenix Suns,W,,123,103,3,1,W 1
2019,GSW,2018-10-24,10:30p,,Washington Wizards,W,,144,122,4,1,W 2
2019,GSW,2018-10-26,7:30p,@,New York Knicks,W,,128,100,5,1,W 3
2019,GSW,2018-10-28,5:00p,@,Brooklyn Nets,W,,120,114,6,1,W 4
2019,GSW,2018-10-29,8:00p,@,Chicago Bulls,W,,149,124,7,1,W 5
2019,GSW,2018-10-31,10:30p,,New Orleans Pelicans,W,,131,121,8,1,W 6
2019,GSW,2018-11-02,10:30p,,Minnesota Timberwolves,W,,116,99,9,1,W 7
2019,GSW,2018-11-05,10:30p,,Memphis Grizzlies,W,,117,101,10,1,W 8
2019,GSW,2018-11-08,10:30p,,Milwaukee Bucks,L,,111,134,10,2,L 1
2019,GSW,2018-11-10,8:30p,,Brooklyn Nets,W,,116,100,11,2,W 1
2019,GSW,2018-11-12,10:30p,@,Los Angeles Clippers,L,OT,116,121,11,3,L 1
2019,GSW,2018-11-13,10:30p,,Atlanta Hawks,W,,110,103,12,3,W 1
2019,GSW,2018-11-15,8:00p,@,Houston Rockets,L,,86,107,12,4,L 1
2019,GSW,2018-11-17,8:30p,@,Dallas Mavericks,L,,109,112,12,5,L 2
2019,GSW,2018-11-18,7:00p,@,San Antonio Spurs,L,,92,104,12,6,L 3
2019,GSW,2018-11-21,10:30p,,Oklahoma City Thunder,L,,95,123,12,7,L 4
2019,GSW,2018-11-23,10:30p,,Portland Trail Blazers,W,,125,97,13,7,W 1
2019,GSW,2018-11-24,8:30p,,Sacramento Kings,W,,117,116,14,7,W 2
2019,GSW,2018-11-26,10:30p,,Orlando Magic,W,,116,110,15,7,W 3
2019,GSW,2018-11-29,8:00p,@,Toronto Raptors,L,OT,128,131,15,8,L 1
2019,GSW,2018-12-01,7:00p,@,Detroit Pistons,L,,102,111,15,9,L 2
2019,GSW,2018-12-03,7:30p,@,Atlanta Hawks,W,,128,111,16,9,W 1
2019,GSW,2018-12-05,7:00p,@,Cleveland Cavaliers,W,,129,105,17,9,W 2
2019,GSW,2018-12-07,9:30p,@,Milwaukee Bucks,W,,105,95,18,9,W 3
2019,GSW,2018-12-10,10:30p,,Minnesota Timberwolves,W,,116,108,19,9,W 4
2019,GSW,2018-12-12,10:30p,,Toronto Raptors,L,,93,113,19,10,L 1
2019,GSW,2018-12-14,10:00p,@,Sacramento Kings,W,,130,125,20,10,W 1
2019,GSW,2018-12-17,10:30p,,Memphis Grizzlies,W,,110,93,21,10,W 2
2019,GSW,2018-12-19,9:00p,@,Utah Jazz,L,,103,108,21,11,L 1
2019,GSW,2018-12-22,8:30p,,Dallas Mavericks,W,,120,116,22,11,W 1
2019,GSW,2018-12-23,8:30p,,Los Angeles Clippers,W,,129,127,23,11,W 2
2019,GSW,2018-12-25,8:00p,,Los Angeles Lakers,L,,101,127,23,12,L 1
2019,GSW,2018-12-27,10:30p,,Portland Trail Blazers,L,OT,109,110,23,13,L 2
2019,GSW,2018-12-29,10:00p,@,Portland Trail Blazers,W,,115,105,24,13,W 1
2019,GSW,2018-12-31,9:00p,@,Phoenix Suns,W,,132,109,25,13,W 2
2019,GSW,2019-01-03,10:30p,,Houston Rockets,L,OT,134,135,25,14,L 1
2019,GSW,2019-01-05,10:00p,@,Sacramento Kings,W,,127,123,26,14,W 1
2019,GSW,2019-01-08,10:30p,,New York Knicks,W,,122,95,27,14,W 2
2019,GSW,2019-01-11,10:30p,,Chicago Bulls,W,,146,109,28,14,W 3
2019,GSW,2019-01-13,7:00p,@,Dallas Mavericks,W,,119,114,29,14,W 4
2019,GSW,2019-01-15,9:00p,@,Denver Nuggets,W,,142,111,30,14,W 5
2019,GSW,2019-01-16,10:30p,,New Orleans Pelicans,W,,147,140,31,14,W 6
2019,GSW,2019-01-18,10:30p,@,Los Angeles Clippers,W,,112,94,32,14,W 7
2019,GSW,2019-01-21,10:30p,@,Los Angeles Lakers,W,,130,111,33,14,W 8
2019,GSW,2019-01-24,8:00p,@,Washington Wizards,W,,126,118,34,14,W 9
2019,GSW,2019-01-26,8:30p,@,Boston Celtics,W,,115,111,35,14,W 10
2019,GSW,2019-01-28,7:00p,@,Indiana Pacers,W,,132,100,36,14,W 11
2019,GSW,2019-01-31,10:30p,,Philadelphia 76ers,L,,104,113,36,15,L 1
2019,GSW,2019-02-02,8:30p,,Los Angeles Lakers,W,,115,101,37,15,W 1
2019,GSW,2019-02-06,10:30p,,San Antonio Spurs,W,,141,102,38,15,W 2
2019,GSW,2019-02-08,9:00p,@,Phoenix Suns,W,,117,107,39,15,W 3
2019,GSW,2019-02-10,8:30p,,Miami Heat,W,,120,118,40,15,W 4
2019,GSW,2019-02-12,10:30p,,Utah Jazz,W,,115,108,41,15,W 5
2019,GSW,2019-02-13,10:30p,@,Portland Trail Blazers,L,,107,129,41,16,L 1
2019,GSW,2019-02-21,10:30p,,Sacramento Kings,W,,125,123,42,16,W 1
2019,GSW,2019-02-23,8:30p,,Houston Rockets,L,,112,118,42,17,L 1
2019,GSW,2019-02-25,7:00p,@,Charlotte Hornets,W,,121,110,43,17,W 1
2019,GSW,2019-02-27,7:30p,@,Miami Heat,L,,125,126,43,18,L 1
2019,GSW,2019-02-28,7:00p,@,Orlando Magic,L,,96,103,43,19,L 2
2019,GSW,2019-03-02,8:30p,@,Philadelphia 76ers,W,,120,117,44,19,W 1
2019,GSW,2019-03-05,10:30p,,Boston Celtics,L,,95,128,44,20,L 1
2019,GSW,2019-03-08,10:30p,,Denver Nuggets,W,,122,105,45,20,W 1
2019,GSW,2019-03-10,8:30p,,Phoenix Suns,L,,111,115,45,21,L 1
2019,GSW,2019-03-13,9:30p,@,Houston Rockets,W,,106,104,46,21,W 1
2019,GSW,2019-03-16,8:30p,@,Oklahoma City Thunder,W,,110,88,47,21,W 2
2019,GSW,2019-03-18,8:00p,@,San Antonio Spurs,L,,105,111,47,22,L 1
2019,GSW,2019-03-19,8:00p,@,Minnesota Timberwolves,W,,117,107,48,22,W 1
2019,GSW,2019-03-21,10:30p,,Indiana Pacers,W,,112,89,49,22,W 2
2019,GSW,2019-03-23,8:30p,,Dallas Mavericks,L,,91,126,49,23,L 1
2019,GSW,2019-03-24,8:30p,,Detroit Pistons,W,,121,114,50,23,W 1
2019,GSW,2019-03-27,8:00p,@,Memphis Grizzlies,W,,118,103,51,23,W 2
2019,GSW,2019-03-29,8:00p,@,Minnesota Timberwolves,L,OT,130,131,51,24,L 1
2019,GSW,2019-03-31,8:30p,,Charlotte Hornets,W,,137,90,52,24,W 1
2019,GSW,2019-04-02,10:30p,,Denver Nuggets,W,,116,102,53,24,W 2
2019,GSW,2019-04-04,10:30p,@,Los Angeles Lakers,W,,108,90,54,24,W 3
2019,GSW,2019-04-05,10:30p,,Cleveland Cavaliers,W,,120,114,55,24,W 4
2019,GSW,2019-04-07,8:30p,,Los Angeles Clippers,W,,131,104,56,24,W 5
2019,GSW,2019-04-09,8:00p,@,New Orleans Pelicans,W,,112,103,57,24,W 6
2019,GSW,2019-04-10,8:00p,@,Memphis Grizzlies,L,,117,132,57,25,L 1
2019,GSW,2019-04-13,8:00p,,Los Angeles Clippers,W,,121,104,1,0,W 1
2019,GSW,2019-04-15,10:30p,,Los Angeles Clippers,L,,131,135,1,1,L 1
2019,GSW,2019-04-18,10:30p,@,Los Angeles Clippers,W,,132,105,2,1,W 1
2019,GSW,2019-04-21,3:30p,@,Los Angeles Clippers,W,,113,105,3,1,W 2
2019,GSW,2019-04-24,10:30p,,Los Angeles Clippers,L,,121,129,3,2,L 1
2019,GSW,2019-04-26,10:00p,@,Los Angeles Clippers,W,,129,110,4,2,W 1
2019,GSW,2019-04-28,3:30p,,Houston Rockets,W,,104,100,5,2,W 2
2019,GSW,2019-04-30,10:30p,,Houston Rockets,W,,115,109,6,2,W 3
2019,GSW,2019-05-04,8:30p,@,Houston Rockets,L,OT,121,126,6,3,L 1
2019,GSW,2019-05-06,9:30p,@,Houston Rockets,L,,108,112,6,4,L 2
2019,GSW,2019-05-08,10:30p,,Houston Rockets,W,,104,99,7,4,W 1
2019,GSW,2019-05-10,9:00p,@,Houston Rockets,W,,118,113,8,4,W 2
2019,GSW,2019-05-14,9:00p,,Portland Trail Blazers,W,,116,94,9,4,W 3
2019,GSW,2019-05-16,9:00p,,Portland Trail Blazers,W,,114,111,10,4,W 4
2019,GSW,2019-05-18,9:00p,@,Portland Trail Blazers,W,,110,99,11,4,W 5
2019,GSW,2019-05-20,9:00p,@,Portland Trail Blazers,W,OT,119,117,12,4,W 6
2019,GSW,2019-05-30,9:00p,@,Toronto Raptors,L,,109,118,12,5,L 1
2019,GSW,2019-06-02,8:00p,@,Toronto Raptors,W,,109,104,13,5,W 1
2019,GSW,2019-06-05,9:00p,,Toronto Raptors,L,,109,123,13,6,L 1
2019,GSW,2019-06-07,9:00p,,Toronto Raptors,L,,92,105,13,7,L 2
2019,GSW,2019-06-10,9:00p,@,Toronto Raptors,W,,106,105,14,7,W 1
2019,GSW,2019-06-13,9:00p,,Toronto Raptors,L,,110,114,14,8,L 1
2019,HOU,2018-10-17,8:00p,,New Orleans Pelicans,L,,112,131,0,1,L 1
2019,HOU,2018-10-20,10:30p,@,Los Angeles Lakers,W,,124,115,1,1,W 1
2019,HOU,2018-10-21,9:00p,@,Los Angeles Clippers,L,,112,115,1,2,L 1
2019,HOU,2018-10-24,8:00p,,Utah Jazz,L,,89,100,1,3,L 2
2019,HOU,2018-10-26,8:00p,,Los Angeles Clippers,L,,113,133,1,4,L 3
2019,HOU,2018-10-30,8:00p,,Portland Trail Blazers,L,,85,104,1,5,L 4
2019,HOU,2018-11-02,7:30p,@,Brooklyn Nets,W,,119,111,2,5,W 1
2019,HOU,2018-11-03,8:00p,@,Chicago Bulls,W,,96,88,3,5,W 2
2019,HOU,2018-11-05,7:00p,@,Indiana Pacers,W,,98,94,4,5,W 3
2019,HOU,2018-11-08,8:00p,@,Oklahoma City Thunder,L,,80,98,4,6,L 1
2019,HOU,2018-11-10,8:30p,@,San Antonio Spurs,L,,89,96,4,7,L 2
2019,HOU,2018-11-11,7:00p,,Indiana Pacers,W,,115,103,5,7,W 1
2019,HOU,2018-11-13,9:00p,@,Denver Nuggets,W,,109,99,6,7,W 2
2019,HOU,2018-11-15,8:00p,,Golden State Warriors,W,,107,86,7,7,W 3
2019,HOU,2018-11-17,8:00p,,Sacramento Kings,W,,132,112,8,7,W 4
2019,HOU,2018-11-21,8:00p,,Detroit Pistons,W,,126,124,9,7,W 5
2019,HOU,2018-11-23,7:00p,@,Detroit Pistons,L,OT,111,116,9,8,L 1
2019,HOU,2018-11-24,7:30p,@,Cleveland Cavaliers,L,,108,117,9,9,L 2
2019,HOU,2018-11-26,7:00p,@,Washington Wizards,L,OT,131,135,9,10,L 3
2019,HOU,2018-11-28,8:00p,,Dallas Mavericks,L,,108,128,9,11,L 4
2019,HOU,2018-11-30,8:00p,@,San Antonio Spurs,W,,136,105,10,11,W 1
2019,HOU,2018-12-01,8:00p,,Chicago Bulls,W,,121,105,11,11,W 2
2019,HOU,2018-12-03,8:00p,@,Minnesota Timberwolves,L,,91,103,11,12,L 1
2019,HOU,2018-12-06,10:30p,@,Utah Jazz,L,,91,118,11,13,L 2
2019,HOU,2018-12-08,6:00p,@,Dallas Mavericks,L,,104,107,11,14,L 3
2019,HOU,2018-12-11,8:00p,,Portland Trail Blazers,W,,111,104,12,14,W 1
2019,HOU,2018-12-13,8:00p,,Los Angeles Lakers,W,,126,111,13,14,W 2
2019,HOU,2018-12-15,8:00p,@,Memphis Grizzlies,W,,105,97,14,14,W 3
2019,HOU,2018-12-17,8:00p,,Utah Jazz,W,,102,97,15,14,W 4
2019,HOU,2018-12-19,8:00p,,Washington Wizards,W,,136,118,16,14,W 5
2019,HOU,2018-12-20,8:00p,@,Miami Heat,L,,99,101,16,15,L 1
2019,HOU,2018-12-22,8:00p,,San Antonio Spurs,W,,108,101,17,15,W 1
2019,HOU,2018-12-25,3:00p,,Oklahoma City Thunder,W,,113,109,18,15,W 2
2019,HOU,2018-12-27,8:00p,,Boston Celtics,W,,127,113,19,15,W 3
2019,HOU,2018-12-29,7:00p,@,New Orleans Pelicans,W,,108,104,20,15,W 4
2019,HOU,2018-12-31,7:00p,,Memphis Grizzlies,W,,113,101,21,15,W 5
2019,HOU,2019-01-03,10:30p,@,Golden State Warriors,W,OT,135,134,22,15,W 6
2019,HOU,2019-01-05,10:00p,@,Portland Trail Blazers,L,,101,110,22,16,L 1
2019,HOU,2019-01-07,8:00p,,Denver Nuggets,W,,125,113,23,16,W 1
2019,HOU,2019-01-09,8:00p,,Milwaukee Bucks,L,,109,116,23,17,L 1
2019,HOU,2019-01-11,8:00p,,Cleveland Cavaliers,W,,141,113,24,17,W 1
2019,HOU,2019-01-13,6:00p,@,Orlando Magic,L,,109,116,24,18,L 1
2019,HOU,2019-01-14,8:00p,,Memphis Grizzlies,W,,112,94,25,18,W 1
2019,HOU,2019-01-16,8:00p,,Brooklyn Nets,L,OT,142,145,25,19,L 1
2019,HOU,2019-01-19,8:30p,,Los Angeles Lakers,W,OT,138,134,26,19,W 1
2019,HOU,2019-01-21,8:00p,@,Philadelphia 76ers,L,,93,121,26,20,L 1
2019,HOU,2019-01-23,7:30p,@,New York Knicks,W,,114,110,27,20,W 1
2019,HOU,2019-01-25,8:00p,,Toronto Raptors,W,,121,119,28,20,W 2
2019,HOU,2019-01-27,7:00p,,Orlando Magic,W,,103,98,29,20,W 3
2019,HOU,2019-01-29,8:00p,,New Orleans Pelicans,L,,116,121,29,21,L 1
2019,HOU,2019-02-01,10:00p,@,Denver Nuggets,L,,122,136,29,22,L 2
2019,HOU,2019-02-02,9:00p,@,Utah Jazz,W,,125,98,30,22,W 1
2019,HOU,2019-02-04,9:00p,@,Phoenix Suns,W,,118,110,31,22,W 2
2019,HOU,2019-02-06,10:00p,@,Sacramento Kings,W,,127,101,32,22,W 3
2019,HOU,2019-02-09,8:30p,,Oklahoma City Thunder,L,,112,117,32,23,L 1
2019,HOU,2019-02-11,8:00p,,Dallas Mavericks,W,,120,104,33,23,W 1
2019,HOU,2019-02-13,8:00p,@,Minnesota Timberwolves,L,,111,121,33,24,L 1
2019,HOU,2019-02-21,10:30p,@,Los Angeles Lakers,L,,106,111,33,25,L 2
2019,HOU,2019-02-23,8:30p,@,Golden State Warriors,W,,118,112,34,25,W 1
2019,HOU,2019-02-25,8:00p,,Atlanta Hawks,W,,119,111,35,25,W 2
2019,HOU,2019-02-27,7:00p,@,Charlotte Hornets,W,,118,113,36,25,W 3
2019,HOU,2019-02-28,8:00p,,Miami Heat,W,,121,118,37,25,W 4
2019,HOU,2019-03-03,3:30p,@,Boston Celtics,W,,115,104,38,25,W 5
2019,HOU,2019-03-05,8:00p,@,Toronto Raptors,W,,107,95,39,25,W 6
2019,HOU,2019-03-08,8:00p,,Philadelphia 76ers,W,,107,91,40,25,W 7
2019,HOU,2019-03-10,7:00p,@,Dallas Mavericks,W,,94,93,41,25,W 8
2019,HOU,2019-03-11,8:00p,,Charlotte Hornets,W,,118,106,42,25,W 9
2019,HOU,2019-03-13,9:30p,,Golden State Warriors,L,,104,106,42,26,L 1
2019,HOU,2019-03-15,8:00p,,Phoenix Suns,W,,108,102,43,26,W 1
2019,HOU,2019-03-17,9:00p,,Minnesota Timberwolves,W,,117,102,44,26,W 2
2019,HOU,2019-03-19,7:30p,@,Atlanta Hawks,W,,121,105,45,26,W 3
2019,HOU,2019-03-20,8:00p,@,Memphis Grizzlies,L,OT,125,126,45,27,L 1
2019,HOU,2019-03-22,8:00p,,San Antonio Spurs,W,,111,105,46,27,W 1
2019,HOU,2019-03-24,7:00p,@,New Orleans Pelicans,W,,113,90,47,27,W 2
2019,HOU,2019-03-26,8:00p,@,Milwaukee Bucks,L,,94,108,47,28,L 1
2019,HOU,2019-03-28,8:00p,,Denver Nuggets,W,,112,85,48,28,W 1
2019,HOU,2019-03-30,6:00p,,Sacramento Kings,W,,119,108,49,28,W 2
2019,HOU,2019-04-02,10:00p,@,Sacramento Kings,W,,130,105,50,28,W 3
2019,HOU,2019-04-03,10:30p,@,Los Angeles Clippers,W,,135,103,51,28,W 4
2019,HOU,2019-04-05,8:00p,,New York Knicks,W,,120,96,52,28,W 5
2019,HOU,2019-04-07,7:00p,,Phoenix Suns,W,,149,113,53,28,W 6
2019,HOU,2019-04-09,9:30p,@,Oklahoma City Thunder,L,,111,112,53,29,L 1
2019,HOU,2019-04-14,9:30p,,Utah Jazz,W,,122,90,1,0,W 1
2019,HOU,2019-04-17,9:30p,,Utah Jazz,W,,118,98,2,0,W 2
2019,HOU,2019-04-20,10:30p,@,Utah Jazz,W,,104,101,3,0,W 3
2019,HOU,2019-04-22,10:30p,@,Utah Jazz,L,,91,107,3,1,L 1
2019,HOU,2019-04-24,8:00p,,Utah Jazz,W,,100,93,4,1,W 1
2019,HOU,2019-04-28,3:30p,@,Golden State Warriors,L,,100,104,4,2,L 1
2019,HOU,2019-04-30,10:30p,@,Golden State Warriors,L,,109,115,4,3,L 2
2019,HOU,2019-05-04,8:30p,,Golden State Warriors,W,OT,126,121,5,3,W 1
2019,HOU,2019-05-06,9:30p,,Golden State Warriors,W,,112,108,6,3,W 2
2019,HOU,2019-05-08,10:30p,@,Golden State Warriors,L,,99,104,6,4,L 1
2019,HOU,2019-05-10,9:00p,,Golden State Warriors,L,,113,118,6,5,L 2
2019,IND,2018-10-17,7:00p,,Memphis Grizzlies,W,,111,83,1,0,W 1
2019,IND,2018-10-19,8:30p,@,Milwaukee Bucks,L,,101,118,1,1,L 1
2019,IND,2018-10-20,7:00p,,Brooklyn Nets,W,,132,112,2,1,W 1
2019,IND,2018-10-22,8:00p,@,Minnesota Timberwolves,L,,91,101,2,2,L 1
2019,IND,2018-10-24,8:30p,@,San Antonio Spurs,W,,116,96,3,2,W 1
2019,IND,2018-10-27,7:30p,@,Cleveland Cavaliers,W,,119,107,4,2,W 2
2019,IND,2018-10-29,7:00p,,Portland Trail Blazers,L,,93,103,4,3,L 1
2019,IND,2018-10-31,8:00p,@,New York Knicks,W,,107,101,5,3,W 1
2019,IND,2018-11-02,8:00p,@,Chicago Bulls,W,,107,105,6,3,W 2
2019,IND,2018-11-03,7:00p,,Boston Celtics,W,,102,101,7,3,W 3
2019,IND,2018-11-05,7:00p,,Houston Rockets,L,,94,98,7,4,L 1
2019,IND,2018-11-07,8:00p,,Philadelphia 76ers,L,,94,100,7,5,L 2
2019,IND,2018-11-09,8:00p,@,Miami Heat,W,,110,102,8,5,W 1
2019,IND,2018-11-11,7:00p,@,Houston Rockets,L,,103,115,8,6,L 1
2019,IND,2018-11-16,7:00p,,Miami Heat,W,,99,91,9,6,W 1
2019,IND,2018-11-17,7:00p,,Atlanta Hawks,W,,97,89,10,6,W 2
2019,IND,2018-11-19,7:00p,,Utah Jazz,W,,121,94,11,6,W 3
2019,IND,2018-11-21,7:00p,@,Charlotte Hornets,L,,109,127,11,7,L 1
2019,IND,2018-11-23,8:00p,,San Antonio Spurs,L,,100,111,11,8,L 2
2019,IND,2018-11-26,9:00p,@,Utah Jazz,W,,121,88,12,8,W 1
2019,IND,2018-11-27,9:00p,@,Phoenix Suns,W,,109,104,13,8,W 2
2019,IND,2018-11-29,10:30p,@,Los Angeles Lakers,L,,96,104,13,9,L 1
2019,IND,2018-12-01,10:00p,@,Sacramento Kings,L,,110,111,13,10,L 2
2019,IND,2018-12-04,7:00p,,Chicago Bulls,W,,96,90,14,10,W 1
2019,IND,2018-12-07,7:00p,@,Orlando Magic,W,,112,90,15,10,W 2
2019,IND,2018-12-08,7:00p,,Sacramento Kings,W,,107,97,16,10,W 3
2019,IND,2018-12-10,7:00p,,Washington Wizards,W,,109,101,17,10,W 4
2019,IND,2018-12-12,7:00p,,Milwaukee Bucks,W,,113,97,18,10,W 5
2019,IND,2018-12-14,7:30p,@,Philadelphia 76ers,W,,113,101,19,10,W 6
2019,IND,2018-12-16,5:00p,,New York Knicks,W,,110,99,20,10,W 7
2019,IND,2018-12-18,7:00p,,Cleveland Cavaliers,L,,91,92,20,11,L 1
2019,IND,2018-12-19,7:30p,@,Toronto Raptors,L,,96,99,20,12,L 2
2019,IND,2018-12-21,7:30p,@,Brooklyn Nets,W,,114,106,21,12,W 1
2019,IND,2018-12-23,5:00p,,Washington Wizards,W,,105,89,22,12,W 2
2019,IND,2018-12-26,7:30p,@,Atlanta Hawks,W,,129,121,23,12,W 3
2019,IND,2018-12-28,7:00p,,Detroit Pistons,W,,125,88,24,12,W 4
2019,IND,2018-12-31,3:00p,,Atlanta Hawks,W,,116,108,25,12,W 5
2019,IND,2019-01-04,8:00p,@,Chicago Bulls,W,OT,119,116,26,12,W 6
2019,IND,2019-01-06,7:30p,@,Toronto Raptors,L,,105,121,26,13,L 1
2019,IND,2019-01-08,7:00p,@,Cleveland Cavaliers,W,,123,115,27,13,W 1
2019,IND,2019-01-09,7:00p,@,Boston Celtics,L,,108,135,27,14,L 1
2019,IND,2019-01-11,7:30p,@,New York Knicks,W,,121,106,28,14,W 1
2019,IND,2019-01-15,7:00p,,Phoenix Suns,W,,131,97,29,14,W 2
2019,IND,2019-01-17,7:00p,,Philadelphia 76ers,L,,96,120,29,15,L 1
2019,IND,2019-01-19,7:00p,,Dallas Mavericks,W,,111,99,30,15,W 1
2019,IND,2019-01-20,6:00p,,Charlotte Hornets,W,,120,95,31,15,W 2
2019,IND,2019-01-23,7:00p,,Toronto Raptors,W,,110,106,32,15,W 3
2019,IND,2019-01-26,8:00p,@,Memphis Grizzlies,L,,103,106,32,16,L 1
2019,IND,2019-01-28,7:00p,,Golden State Warriors,L,,100,132,32,17,L 2
2019,IND,2019-01-30,8:00p,@,Washington Wizards,L,,89,107,32,18,L 3
2019,IND,2019-01-31,7:00p,@,Orlando Magic,L,,100,107,32,19,L 4
2019,IND,2019-02-02,7:30p,@,Miami Heat,W,,95,88,33,19,W 1
2019,IND,2019-02-04,8:00p,@,New Orleans Pelicans,W,,109,107,34,19,W 2
2019,IND,2019-02-05,7:00p,,Los Angeles Lakers,W,,136,94,35,19,W 3
2019,IND,2019-02-07,7:00p,,Los Angeles Clippers,W,,116,92,36,19,W 4
2019,IND,2019-02-09,7:00p,,Cleveland Cavaliers,W,,105,90,37,19,W 5
2019,IND,2019-02-11,7:00p,,Charlotte Hornets,W,,99,90,38,19,W 6
2019,IND,2019-02-13,7:00p,,Milwaukee Bucks,L,,97,106,38,20,L 1
2019,IND,2019-02-22,7:00p,,New Orleans Pelicans,W,,126,111,39,20,W 1
2019,IND,2019-02-23,7:00p,@,Washington Wizards,W,,119,112,40,20,W 2
2019,IND,2019-02-25,7:00p,@,Detroit Pistons,L,,109,113,40,21,L 1
2019,IND,2019-02-27,8:30p,@,Dallas Mavericks,L,,101,110,40,22,L 2
2019,IND,2019-02-28,7:00p,,Minnesota Timberwolves,W,,122,115,41,22,W 1
2019,IND,2019-03-02,7:00p,,Orlando Magic,L,,112,117,41,23,L 1
2019,IND,2019-03-05,7:00p,,Chicago Bulls,W,,105,96,42,23,W 1
2019,IND,2019-03-07,8:00p,@,Milwaukee Bucks,L,,98,117,42,24,L 1
2019,IND,2019-03-10,3:30p,@,Philadelphia 76ers,L,,89,106,42,25,L 2
2019,IND,2019-03-12,7:00p,,New York Knicks,W,,103,98,43,25,W 1
2019,IND,2019-03-14,7:00p,,Oklahoma City Thunder,W,,108,106,44,25,W 2
2019,IND,2019-03-16,9:00p,@,Denver Nuggets,L,,100,102,44,26,L 1
2019,IND,2019-03-18,10:30p,@,Portland Trail Blazers,L,,98,106,44,27,L 2
2019,IND,2019-03-19,10:30p,@,Los Angeles Clippers,L,,109,115,44,28,L 3
2019,IND,2019-03-21,10:30p,@,Golden State Warriors,L,,89,112,44,29,L 4
2019,IND,2019-03-24,5:00p,,Denver Nuggets,W,,124,88,45,29,W 1
2019,IND,2019-03-27,8:00p,@,Oklahoma City Thunder,L,,99,107,45,30,L 1
2019,IND,2019-03-29,7:00p,@,Boston Celtics,L,,112,114,45,31,L 2
2019,IND,2019-03-30,7:00p,,Orlando Magic,L,,116,121,45,32,L 3
2019,IND,2019-04-01,7:00p,,Detroit Pistons,W,,111,102,46,32,W 1
2019,IND,2019-04-03,7:00p,@,Detroit Pistons,W,,108,89,47,32,W 2
2019,IND,2019-04-05,8:00p,,Boston Celtics,L,,97,117,47,33,L 1
2019,IND,2019-04-07,5:00p,,Brooklyn Nets,L,,96,108,47,34,L 2
2019,IND,2019-04-10,8:00p,@,Atlanta Hawks,W,,135,134,48,34,W 1
2019,IND,2019-04-14,1:00p,@,Boston Celtics,L,,74,84,0,1,L 1
2019,IND,2019-04-17,7:00p,@,Boston Celtics,L,,91,99,0,2,L 2
2019,IND,2019-04-19,8:30p,,Boston Celtics,L,,96,104,0,3,L 3
2019,IND,2019-04-21,1:00p,,Boston Celtics,L,,106,110,0,4,L 4
2019,LAC,2018-10-17,10:30p,,Denver Nuggets,L,,98,107,0,1,L 1
2019,LAC,2018-10-19,10:30p,,Oklahoma City Thunder,W,,108,92,1,1,W 1
2019,LAC,2018-10-21,9:00p,,Houston Rockets,W,,115,112,2,1,W 2
2019,LAC,2018-10-23,8:00p,@,New Orleans Pelicans,L,,109,116,2,2,L 1
2019,LAC,2018-10-26,8:00p,@,Houston Rockets,W,,133,113,3,2,W 1
2019,LAC,2018-10-28,9:30p,,Washington Wizards,W,,136,104,4,2,W 2
2019,LAC,2018-10-30,8:00p,@,Oklahoma City Thunder,L,,110,128,4,3,L 1
2019,LAC,2018-11-01,7:00p,@,Philadelphia 76ers,L,,113,122,4,4,L 2
2019,LAC,2018-11-02,7:00p,@,Orlando Magic,W,,120,95,5,4,W 1
2019,LAC,2018-11-05,10:30p,,Minnesota Timberwolves,W,,120,109,6,4,W 2
2019,LAC,2018-11-08,10:00p,@,Portland Trail Blazers,L,,105,116,6,5,L 1
2019,LAC,2018-11-10,3:30p,,Milwaukee Bucks,W,OT,128,126,7,5,W 1
2019,LAC,2018-11-12,10:30p,,Golden State Warriors,W,OT,121,116,8,5,W 2
2019,LAC,2018-11-15,10:30p,,San Antonio Spurs,W,,116,111,9,5,W 3
2019,LAC,2018-11-17,6:00p,@,Brooklyn Nets,W,,127,119,10,5,W 4
2019,LAC,2018-11-19,7:30p,@,Atlanta Hawks,W,,127,119,11,5,W 5
2019,LAC,2018-11-20,7:00p,@,Washington Wizards,L,,118,125,11,6,L 1
2019,LAC,2018-11-23,3:30p,,Memphis Grizzlies,W,OT,112,107,12,6,W 1
2019,LAC,2018-11-25,9:00p,@,Portland Trail Blazers,W,,104,100,13,6,W 2
2019,LAC,2018-11-28,10:30p,,Phoenix Suns,W,,115,99,14,6,W 3
2019,LAC,2018-11-29,10:30p,@,Sacramento Kings,W,,133,121,15,6,W 4
2019,LAC,2018-12-02,7:00p,@,Dallas Mavericks,L,,110,114,15,7,L 1
2019,LAC,2018-12-03,8:00p,@,New Orleans Pelicans,W,,129,126,16,7,W 1
2019,LAC,2018-12-05,8:00p,@,Memphis Grizzlies,L,,86,96,16,8,L 1
2019,LAC,2018-12-08,10:30p,,Miami Heat,L,,98,121,16,9,L 2
2019,LAC,2018-12-10,9:00p,@,Phoenix Suns,W,OT,123,119,17,9,W 1
2019,LAC,2018-12-11,10:30p,,Toronto Raptors,L,,99,123,17,10,L 1
2019,LAC,2018-12-13,8:30p,@,San Antonio Spurs,L,,87,125,17,11,L 2
2019,LAC,2018-12-15,9:00p,@,Oklahoma City Thunder,L,,104,110,17,12,L 3
2019,LAC,2018-12-17,10:30p,,Portland Trail Blazers,L,,127,131,17,13,L 4
2019,LAC,2018-12-20,10:30p,,Dallas Mavericks,W,,125,121,18,13,W 1
2019,LAC,2018-12-22,5:00p,,Denver Nuggets,W,,132,111,19,13,W 2
2019,LAC,2018-12-23,8:30p,@,Golden State Warriors,L,,127,129,19,14,L 1
2019,LAC,2018-12-26,10:30p,,Sacramento Kings,W,,127,118,20,14,W 1
2019,LAC,2018-12-28,10:30p,@,Los Angeles Lakers,W,,118,107,21,14,W 2
2019,LAC,2018-12-29,10:30p,,San Antonio Spurs,L,,111,122,21,15,L 1
2019,LAC,2019-01-01,10:30p,,Philadelphia 76ers,L,,113,119,21,16,L 2
2019,LAC,2019-01-04,9:00p,@,Phoenix Suns,W,,121,111,22,16,W 1
2019,LAC,2019-01-06,3:30p,,Orlando Magic,W,,106,96,23,16,W 2
2019,LAC,2019-01-08,10:30p,,Charlotte Hornets,W,,128,109,24,16,W 3
2019,LAC,2019-01-10,9:00p,@,Denver Nuggets,L,,100,121,24,17,L 1
2019,LAC,2019-01-12,3:30p,,Detroit Pistons,L,,104,109,24,18,L 2
2019,LAC,2019-01-14,10:30p,,New Orleans Pelicans,L,,117,121,24,19,L 3
2019,LAC,2019-01-16,10:30p,,Utah Jazz,L,,109,129,24,20,L 4
2019,LAC,2019-01-18,10:30p,,Golden State Warriors,L,,94,112,24,21,L 5
2019,LAC,2019-01-20,7:00p,@,San Antonio Spurs,W,,103,95,25,21,W 1
2019,LAC,2019-01-22,8:30p,@,Dallas Mavericks,L,,98,106,25,22,L 1
2019,LAC,2019-01-23,7:30p,@,Miami Heat,W,,111,99,26,22,W 1
2019,LAC,2019-01-25,8:00p,@,Chicago Bulls,W,,106,101,27,22,W 2
2019,LAC,2019-01-27,3:30p,,Sacramento Kings,W,,122,108,28,22,W 3
2019,LAC,2019-01-28,10:30p,,Atlanta Hawks,L,,118,123,28,23,L 1
2019,LAC,2019-01-31,10:30p,,Los Angeles Lakers,L,OT,120,123,28,24,L 2
2019,LAC,2019-02-02,5:00p,@,Detroit Pistons,W,,111,101,29,24,W 1
2019,LAC,2019-02-03,3:00p,@,Toronto Raptors,L,,103,121,29,25,L 1
2019,LAC,2019-02-05,7:00p,@,Charlotte Hornets,W,,117,115,30,25,W 1
2019,LAC,2019-02-07,7:00p,@,Indiana Pacers,L,,92,116,30,26,L 1
2019,LAC,2019-02-09,8:00p,@,Boston Celtics,W,,123,112,31,26,W 1
2019,LAC,2019-02-11,8:00p,@,Minnesota Timberwolves,L,,120,130,31,27,L 1
2019,LAC,2019-02-13,10:30p,,Phoenix Suns,W,,134,107,32,27,W 1
2019,LAC,2019-02-22,8:00p,@,Memphis Grizzlies,W,,112,106,33,27,W 2
2019,LAC,2019-02-24,5:00p,@,Denver Nuggets,L,,96,123,33,28,L 1
2019,LAC,2019-02-25,10:30p,,Dallas Mavericks,W,,121,112,34,28,W 1
2019,LAC,2019-02-27,9:00p,@,Utah Jazz,L,,105,111,34,29,L 1
2019,LAC,2019-03-01,10:00p,@,Sacramento Kings,W,,116,109,35,29,W 1
2019,LAC,2019-03-03,3:30p,,New York Knicks,W,,128,107,36,29,W 2
2019,LAC,2019-03-04,10:30p,@,Los Angeles Lakers,W,,113,105,37,29,W 3
2019,LAC,2019-03-08,10:30p,,Oklahoma City Thunder,W,,118,110,38,29,W 4
2019,LAC,2019-03-11,10:30p,,Boston Celtics,W,,140,115,39,29,W 5
2019,LAC,2019-03-12,10:30p,,Portland Trail Blazers,L,,104,125,39,30,L 1
2019,LAC,2019-03-15,10:30p,,Chicago Bulls,W,,128,121,40,30,W 1
2019,LAC,2019-03-17,9:00p,,Brooklyn Nets,W,,119,116,41,30,W 2
2019,LAC,2019-03-19,10:30p,,Indiana Pacers,W,,115,109,42,30,W 3
2019,LAC,2019-03-22,7:30p,@,Cleveland Cavaliers,W,,110,108,43,30,W 4
2019,LAC,2019-03-24,12:00p,@,New York Knicks,W,,124,113,44,30,W 5
2019,LAC,2019-03-26,8:00p,@,Minnesota Timberwolves,W,,122,111,45,30,W 6
2019,LAC,2019-03-28,8:00p,@,Milwaukee Bucks,L,,118,128,45,31,L 1
2019,LAC,2019-03-30,3:30p,,Cleveland Cavaliers,W,,132,108,46,31,W 1
2019,LAC,2019-03-31,10:30p,,Memphis Grizzlies,W,,113,96,47,31,W 2
2019,LAC,2019-04-03,10:30p,,Houston Rockets,L,,103,135,47,32,L 1
2019,LAC,2019-04-05,10:30p,,Los Angeles Lakers,L,,117,122,47,33,L 2
2019,LAC,2019-04-07,8:30p,@,Golden State Warriors,L,,104,131,47,34,L 3
2019,LAC,2019-04-10,10:30p,,Utah Jazz,W,OT,143,137,48,34,W 1
2019,LAC,2019-04-13,8:00p,@,Golden State Warriors,L,,104,121,0,1,L 1
2019,LAC,2019-04-15,10:30p,@,Golden State Warriors,W,,135,131,1,1,W 1
2019,LAC,2019-04-18,10:30p,,Golden State Warriors,L,,105,132,1,2,L 1
2019,LAC,2019-04-21,3:30p,,Golden State Warriors,L,,105,113,1,3,L 2
2019,LAC,2019-04-24,10:30p,@,Golden State Warriors,W,,129,121,2,3,W 1
2019,LAC,2019-04-26,10:00p,,Golden State Warriors,L,,110,129,2,4,L 1
2019,LAL,2018-10-18,10:30p,@,Portland Trail Blazers,L,,119,128,0,1,L 1
2019,LAL,2018-10-20,10:30p,,Houston Rockets,L,,115,124,0,2,L 2
2019,LAL,2018-10-22,10:30p,,San Antonio Spurs,L,OT,142,143,0,3,L 3
2019,LAL,2018-10-24,10:00p,@,Phoenix Suns,W,,131,113,1,3,W 1
2019,LAL,2018-10-25,10:30p,,Denver Nuggets,W,,121,114,2,3,W 2
2019,LAL,2018-10-27,8:30p,@,San Antonio Spurs,L,,106,110,2,4,L 1
2019,LAL,2018-10-29,8:00p,@,Minnesota Timberwolves,L,,120,124,2,5,L 2
2019,LAL,2018-10-31,10:30p,,Dallas Mavericks,W,,114,113,3,5,W 1
2019,LAL,2018-11-03,10:00p,@,Portland Trail Blazers,W,,114,110,4,5,W 2
2019,LAL,2018-11-04,9:30p,,Toronto Raptors,L,,107,121,4,6,L 1
2019,LAL,2018-11-07,10:30p,,Minnesota Timberwolves,W,,114,110,5,6,W 1
2019,LAL,2018-11-10,10:00p,@,Sacramento Kings,W,,101,86,6,6,W 2
2019,LAL,2018-11-11,9:30p,,Atlanta Hawks,W,,107,106,7,6,W 3
2019,LAL,2018-11-14,10:30p,,Portland Trail Blazers,W,,126,117,8,6,W 4
2019,LAL,2018-11-17,7:00p,@,Orlando Magic,L,,117,130,8,7,L 1
2019,LAL,2018-11-18,6:00p,@,Miami Heat,W,,113,97,9,7,W 1
2019,LAL,2018-11-21,8:00p,@,Cleveland Cavaliers,W,,109,105,10,7,W 2
2019,LAL,2018-11-23,10:30p,,Utah Jazz,W,,90,83,11,7,W 3
2019,LAL,2018-11-25,3:30p,,Orlando Magic,L,,104,108,11,8,L 1
2019,LAL,2018-11-27,9:00p,@,Denver Nuggets,L,,85,117,11,9,L 2
2019,LAL,2018-11-29,10:30p,,Indiana Pacers,W,,104,96,12,9,W 1
2019,LAL,2018-11-30,10:30p,,Dallas Mavericks,W,,114,103,13,9,W 2
2019,LAL,2018-12-02,3:30p,,Phoenix Suns,W,,120,96,14,9,W 3
2019,LAL,2018-12-05,10:30p,,San Antonio Spurs,W,,121,113,15,9,W 4
2019,LAL,2018-12-07,8:30p,@,San Antonio Spurs,L,,120,133,15,10,L 1
2019,LAL,2018-12-08,8:00p,@,Memphis Grizzlies,W,,111,88,16,10,W 1
2019,LAL,2018-12-10,10:30p,,Miami Heat,W,,108,105,17,10,W 2
2019,LAL,2018-12-13,8:00p,@,Houston Rockets,L,,111,126,17,11,L 1
2019,LAL,2018-12-15,7:00p,@,Charlotte Hornets,W,,128,100,18,11,W 1
2019,LAL,2018-12-16,6:00p,@,Washington Wizards,L,,110,128,18,12,L 1
2019,LAL,2018-12-18,7:30p,@,Brooklyn Nets,L,,110,115,18,13,L 2
2019,LAL,2018-12-21,10:30p,,New Orleans Pelicans,W,,112,104,19,13,W 1
2019,LAL,2018-12-23,9:30p,,Memphis Grizzlies,L,,99,107,19,14,L 1
2019,LAL,2018-12-25,8:00p,@,Golden State Warriors,W,,127,101,20,14,W 1
2019,LAL,2018-12-27,10:00p,@,Sacramento Kings,L,,116,117,20,15,L 1
2019,LAL,2018-12-28,10:30p,,Los Angeles Clippers,L,,107,118,20,16,L 2
2019,LAL,2018-12-30,9:30p,,Sacramento Kings,W,,121,114,21,16,W 1
2019,LAL,2019-01-02,10:30p,,Oklahoma City Thunder,L,,100,107,21,17,L 1
2019,LAL,2019-01-04,10:30p,,New York Knicks,L,,112,119,21,18,L 2
2019,LAL,2019-01-06,3:30p,@,Minnesota Timberwolves,L,,86,108,21,19,L 3
2019,LAL,2019-01-07,8:30p,@,Dallas Mavericks,W,,107,97,22,19,W 1
2019,LAL,2019-01-09,10:30p,,Detroit Pistons,W,,113,100,23,19,W 2
2019,LAL,2019-01-11,10:00p,@,Utah Jazz,L,,95,113,23,20,L 1
2019,LAL,2019-01-13,9:30p,,Cleveland Cavaliers,L,,95,101,23,21,L 2
2019,LAL,2019-01-15,10:30p,,Chicago Bulls,W,,107,100,24,21,W 1
2019,LAL,2019-01-17,9:30p,@,Oklahoma City Thunder,W,OT,138,128,25,21,W 2
2019,LAL,2019-01-19,8:30p,@,Houston Rockets,L,OT,134,138,25,22,L 1
2019,LAL,2019-01-21,10:30p,,Golden State Warriors,L,,111,130,25,23,L 2
2019,LAL,2019-01-24,10:30p,,Minnesota Timberwolves,L,,105,120,25,24,L 3
2019,LAL,2019-01-27,9:30p,,Phoenix Suns,W,,116,102,26,24,W 1
2019,LAL,2019-01-29,10:30p,,Philadelphia 76ers,L,,105,121,26,25,L 1
2019,LAL,2019-01-31,10:30p,@,Los Angeles Clippers,W,OT,123,120,27,25,W 1
2019,LAL,2019-02-02,8:30p,@,Golden State Warriors,L,,101,115,27,26,L 1
2019,LAL,2019-02-05,7:00p,@,Indiana Pacers,L,,94,136,27,27,L 2
2019,LAL,2019-02-07,8:00p,@,Boston Celtics,W,,129,128,28,27,W 1
2019,LAL,2019-02-10,3:30p,@,Philadelphia 76ers,L,,120,143,28,28,L 1
2019,LAL,2019-02-12,7:30p,@,Atlanta Hawks,L,,113,117,28,29,L 2
2019,LAL,2019-02-21,10:30p,,Houston Rockets,W,,111,106,29,29,W 1
2019,LAL,2019-02-23,7:00p,@,New Orleans Pelicans,L,,115,128,29,30,L 1
2019,LAL,2019-02-25,8:00p,@,Memphis Grizzlies,L,,105,110,29,31,L 2
2019,LAL,2019-02-27,10:30p,,New Orleans Pelicans,W,,125,119,30,31,W 1
2019,LAL,2019-03-01,10:30p,,Milwaukee Bucks,L,,120,131,30,32,L 1
2019,LAL,2019-03-02,9:00p,@,Phoenix Suns,L,,109,118,30,33,L 2
2019,LAL,2019-03-04,10:30p,,Los Angeles Clippers,L,,105,113,30,34,L 3
2019,LAL,2019-03-06,10:30p,,Denver Nuggets,L,,99,115,30,35,L 4
2019,LAL,2019-03-09,8:30p,,Boston Celtics,L,,107,120,30,36,L 5
2019,LAL,2019-03-12,8:00p,@,Chicago Bulls,W,,123,107,31,36,W 1
2019,LAL,2019-03-14,8:00p,@,Toronto Raptors,L,,98,111,31,37,L 1
2019,LAL,2019-03-15,7:00p,@,Detroit Pistons,L,,97,111,31,38,L 2
2019,LAL,2019-03-17,12:00p,@,New York Knicks,L,,123,124,31,39,L 3
2019,LAL,2019-03-19,8:00p,@,Milwaukee Bucks,L,,101,115,31,40,L 4
2019,LAL,2019-03-22,10:30p,,Brooklyn Nets,L,,106,111,31,41,L 5
2019,LAL,2019-03-24,9:30p,,Sacramento Kings,W,,111,106,32,41,W 1
2019,LAL,2019-03-26,10:30p,,Washington Wizards,W,,124,106,33,41,W 2
2019,LAL,2019-03-27,10:30p,@,Utah Jazz,L,,100,115,33,42,L 1
2019,LAL,2019-03-29,10:30p,,Charlotte Hornets,W,,129,115,34,42,W 1
2019,LAL,2019-03-31,6:00p,@,New Orleans Pelicans,W,,130,102,35,42,W 2
2019,LAL,2019-04-02,8:00p,@,Oklahoma City Thunder,L,,103,119,35,43,L 1
2019,LAL,2019-04-04,10:30p,,Golden State Warriors,L,,90,108,35,44,L 2
2019,LAL,2019-04-05,10:30p,@,Los Angeles Clippers,W,,122,117,36,44,W 1
2019,LAL,2019-04-07,9:30p,,Utah Jazz,W,,113,109,37,44,W 2
2019,LAL,2019-04-09,10:30p,,Portland Trail Blazers,L,,101,104,37,45,L 1
2019,MEM,2018-10-17,7:00p,@,Indiana Pacers,L,,83,111,0,1,L 1
2019,MEM,2018-10-19,8:00p,,Atlanta Hawks,W,,131,117,1,1,W 1
2019,MEM,2018-10-22,9:00p,@,Utah Jazz,W,,92,84,2,1,W 2
2019,MEM,2018-10-24,10:00p,@,Sacramento Kings,L,,92,97,2,2,L 1
2019,MEM,2018-10-27,8:00p,,Phoenix Suns,W,,117,96,3,2,W 1
2019,MEM,2018-10-30,8:00p,,Washington Wizards,W,,107,95,4,2,W 2
2019,MEM,2018-11-02,9:00p,@,Utah Jazz,W,,110,100,5,2,W 3
2019,MEM,2018-11-04,8:00p,@,Phoenix Suns,L,,100,102,5,3,L 1
2019,MEM,2018-11-05,10:30p,@,Golden State Warriors,L,,101,117,5,4,L 2
2019,MEM,2018-11-07,8:00p,,Denver Nuggets,W,,89,87,6,4,W 1
2019,MEM,2018-11-10,8:00p,,Philadelphia 76ers,W,OT,112,106,7,4,W 2
2019,MEM,2018-11-12,8:00p,,Utah Jazz,L,,88,96,7,5,L 1
2019,MEM,2018-11-14,8:00p,@,Milwaukee Bucks,W,,116,113,8,5,W 1
2019,MEM,2018-11-16,8:00p,,Sacramento Kings,W,,112,104,9,5,W 2
2019,MEM,2018-11-18,3:30p,@,Minnesota Timberwolves,W,,100,87,10,5,W 3
2019,MEM,2018-11-19,8:00p,,Dallas Mavericks,W,,98,88,11,5,W 4
2019,MEM,2018-11-21,8:30p,@,San Antonio Spurs,W,,104,103,12,5,W 5
2019,MEM,2018-11-23,3:30p,@,Los Angeles Clippers,L,OT,107,112,12,6,L 1
2019,MEM,2018-11-25,6:00p,,New York Knicks,L,,98,103,12,7,L 2
2019,MEM,2018-11-27,8:00p,,Toronto Raptors,L,,114,122,12,8,L 3
2019,MEM,2018-11-30,7:30p,@,Brooklyn Nets,W,2OT,131,125,13,8,W 1
2019,MEM,2018-12-02,6:00p,@,Philadelphia 76ers,L,,95,103,13,9,L 1
2019,MEM,2018-12-05,8:00p,,Los Angeles Clippers,W,,96,86,14,9,W 1
2019,MEM,2018-12-07,8:00p,@,New Orleans Pelicans,W,,107,103,15,9,W 2
2019,MEM,2018-12-08,8:00p,,Los Angeles Lakers,L,,88,111,15,10,L 1
2019,MEM,2018-12-10,9:00p,@,Denver Nuggets,L,,99,105,15,11,L 2
2019,MEM,2018-12-12,8:00p,,Portland Trail Blazers,W,,92,83,16,11,W 1
2019,MEM,2018-12-14,8:00p,,Miami Heat,L,,97,100,16,12,L 1
2019,MEM,2018-12-15,8:00p,,Houston Rockets,L,,97,105,16,13,L 2
2019,MEM,2018-12-17,10:30p,@,Golden State Warriors,L,,93,110,16,14,L 3
2019,MEM,2018-12-19,10:00p,@,Portland Trail Blazers,L,,92,99,16,15,L 4
2019,MEM,2018-12-21,10:00p,@,Sacramento Kings,L,,99,102,16,16,L 5
2019,MEM,2018-12-23,9:30p,@,Los Angeles Lakers,W,,107,99,17,16,W 1
2019,MEM,2018-12-26,8:00p,,Cleveland Cavaliers,W,,95,87,18,16,W 2
2019,MEM,2018-12-29,8:00p,,Boston Celtics,L,,103,112,18,17,L 1
2019,MEM,2018-12-31,7:00p,@,Houston Rockets,L,,101,113,18,18,L 2
2019,MEM,2019-01-02,8:00p,,Detroit Pistons,L,,94,101,18,19,L 3
2019,MEM,2019-01-04,8:00p,,Brooklyn Nets,L,,100,109,18,20,L 4
2019,MEM,2019-01-05,8:30p,@,San Antonio Spurs,L,,88,108,18,21,L 5
2019,MEM,2019-01-07,8:00p,@,New Orleans Pelicans,L,,95,114,18,22,L 6
2019,MEM,2019-01-09,8:00p,,San Antonio Spurs,W,,96,86,19,22,W 1
2019,MEM,2019-01-12,5:00p,@,Miami Heat,L,,108,112,19,23,L 1
2019,MEM,2019-01-14,8:00p,@,Houston Rockets,L,,94,112,19,24,L 2
2019,MEM,2019-01-16,8:00p,,Milwaukee Bucks,L,,101,111,19,25,L 3
2019,MEM,2019-01-18,7:00p,@,Boston Celtics,L,,116,122,19,26,L 4
2019,MEM,2019-01-19,7:30p,@,Toronto Raptors,L,,90,119,19,27,L 5
2019,MEM,2019-01-21,5:30p,,New Orleans Pelicans,L,,85,105,19,28,L 6
2019,MEM,2019-01-23,8:00p,,Charlotte Hornets,L,,107,118,19,29,L 7
2019,MEM,2019-01-25,8:00p,,Sacramento Kings,L,,96,99,19,30,L 8
2019,MEM,2019-01-26,8:00p,,Indiana Pacers,W,,106,103,20,30,W 1
2019,MEM,2019-01-28,8:00p,,Denver Nuggets,L,,92,95,20,31,L 1
2019,MEM,2019-01-30,8:00p,@,Minnesota Timberwolves,L,OT,97,99,20,32,L 2
2019,MEM,2019-02-01,7:00p,@,Charlotte Hornets,L,,92,100,20,33,L 3
2019,MEM,2019-02-03,1:00p,@,New York Knicks,W,,96,84,21,33,W 1
2019,MEM,2019-02-05,8:00p,,Minnesota Timberwolves,W,,108,106,22,33,W 2
2019,MEM,2019-02-07,8:00p,@,Oklahoma City Thunder,L,,95,117,22,34,L 1
2019,MEM,2019-02-09,8:00p,,New Orleans Pelicans,W,,99,90,23,34,W 1
2019,MEM,2019-02-12,8:00p,,San Antonio Spurs,L,,107,108,23,35,L 1
2019,MEM,2019-02-13,8:00p,@,Chicago Bulls,L,,110,122,23,36,L 2
2019,MEM,2019-02-22,8:00p,,Los Angeles Clippers,L,,106,112,23,37,L 3
2019,MEM,2019-02-23,7:00p,@,Cleveland Cavaliers,L,,107,112,23,38,L 4
2019,MEM,2019-02-25,8:00p,,Los Angeles Lakers,W,,110,105,24,38,W 1
2019,MEM,2019-02-27,8:00p,,Chicago Bulls,L,,107,109,24,39,L 1
2019,MEM,2019-03-02,8:30p,@,Dallas Mavericks,W,,111,81,25,39,W 1
2019,MEM,2019-03-03,7:00p,@,Oklahoma City Thunder,L,,95,99,25,40,L 1
2019,MEM,2019-03-05,8:00p,,Portland Trail Blazers,W,,120,111,26,40,W 1
2019,MEM,2019-03-08,8:00p,,Utah Jazz,W,,114,104,27,40,W 2
2019,MEM,2019-03-10,6:00p,,Orlando Magic,W,,105,97,28,40,W 3
2019,MEM,2019-03-13,7:30p,@,Atlanta Hawks,L,,111,132,28,41,L 1
2019,MEM,2019-03-16,7:00p,@,Washington Wizards,L,,128,135,28,42,L 2
2019,MEM,2019-03-20,8:00p,,Houston Rockets,W,OT,126,125,29,42,W 1
2019,MEM,2019-03-22,7:00p,@,Orlando Magic,L,OT,119,123,29,43,L 1
2019,MEM,2019-03-23,8:00p,,Minnesota Timberwolves,L,,99,112,29,44,L 2
2019,MEM,2019-03-25,8:00p,,Oklahoma City Thunder,W,,115,103,30,44,W 1
2019,MEM,2019-03-27,8:00p,,Golden State Warriors,L,,103,118,30,45,L 1
2019,MEM,2019-03-30,10:00p,@,Phoenix Suns,W,,120,115,31,45,W 1
2019,MEM,2019-03-31,10:30p,@,Los Angeles Clippers,L,,96,113,31,46,L 1
2019,MEM,2019-04-03,10:00p,@,Portland Trail Blazers,L,,89,116,31,47,L 2
2019,MEM,2019-04-05,8:30p,@,Dallas Mavericks,W,,122,112,32,47,W 1
2019,MEM,2019-04-07,6:00p,,Dallas Mavericks,L,OT,127,129,32,48,L 1
2019,MEM,2019-04-09,7:00p,@,Detroit Pistons,L,,93,100,32,49,L 2
2019,MEM,2019-04-10,8:00p,,Golden State Warriors,W,,132,117,33,49,W 1
2019,MIA,2018-10-17,7:00p,@,Orlando Magic,L,,101,104,0,1,L 1
2019,MIA,2018-10-18,8:00p,@,Washington Wizards,W,,113,112,1,1,W 1
2019,MIA,2018-10-20,8:00p,,Charlotte Hornets,L,,112,113,1,2,L 1
2019,MIA,2018-10-24,7:30p,,New York Knicks,W,,110,87,2,2,W 1
2019,MIA,2018-10-27,8:00p,,Portland Trail Blazers,W,,120,111,3,2,W 2
2019,MIA,2018-10-29,7:30p,,Sacramento Kings,L,,113,123,3,3,L 1
2019,MIA,2018-10-30,7:00p,@,Charlotte Hornets,L,,113,125,3,4,L 2
2019,MIA,2018-11-03,7:30p,@,Atlanta Hawks,L,,118,123,3,5,L 3
2019,MIA,2018-11-05,7:00p,@,Detroit Pistons,W,OT,120,115,4,5,W 1
2019,MIA,2018-11-07,7:30p,,San Antonio Spurs,W,,95,88,5,5,W 2
2019,MIA,2018-11-09,8:00p,,Indiana Pacers,L,,102,110,5,6,L 1
2019,MIA,2018-11-10,8:00p,,Washington Wizards,L,,110,116,5,7,L 2
2019,MIA,2018-11-12,7:30p,,Philadelphia 76ers,L,,114,124,5,8,L 3
2019,MIA,2018-11-14,7:30p,@,Brooklyn Nets,W,,120,107,6,8,W 1
2019,MIA,2018-11-16,7:00p,@,Indiana Pacers,L,,91,99,6,9,L 1
2019,MIA,2018-11-18,6:00p,,Los Angeles Lakers,L,,97,113,6,10,L 2
2019,MIA,2018-11-20,7:30p,,Brooklyn Nets,L,,92,104,6,11,L 3
2019,MIA,2018-11-23,8:00p,@,Chicago Bulls,W,,103,96,7,11,W 1
2019,MIA,2018-11-25,6:00p,@,Toronto Raptors,L,,115,125,7,12,L 1
2019,MIA,2018-11-27,7:30p,,Atlanta Hawks,L,,113,115,7,13,L 2
2019,MIA,2018-11-30,8:00p,,New Orleans Pelicans,W,,106,101,8,13,W 1
2019,MIA,2018-12-02,6:00p,,Utah Jazz,W,,102,100,9,13,W 2
2019,MIA,2018-12-04,7:30p,,Orlando Magic,L,,90,105,9,14,L 1
2019,MIA,2018-12-07,9:00p,@,Phoenix Suns,W,,115,98,10,14,W 1
2019,MIA,2018-12-08,10:30p,@,Los Angeles Clippers,W,,121,98,11,14,W 2
2019,MIA,2018-12-10,10:30p,@,Los Angeles Lakers,L,,105,108,11,15,L 1
2019,MIA,2018-12-12,9:00p,@,Utah Jazz,L,,84,111,11,16,L 2
2019,MIA,2018-12-14,8:00p,@,Memphis Grizzlies,W,,100,97,12,16,W 1
2019,MIA,2018-12-16,7:00p,@,New Orleans Pelicans,W,,102,96,13,16,W 2
2019,MIA,2018-12-20,8:00p,,Houston Rockets,W,,101,99,14,16,W 3
2019,MIA,2018-12-22,8:00p,,Milwaukee Bucks,W,,94,87,15,16,W 4
2019,MIA,2018-12-23,6:00p,@,Orlando Magic,W,,115,91,16,16,W 5
2019,MIA,2018-12-26,7:30p,,Toronto Raptors,L,,104,106,16,17,L 1
2019,MIA,2018-12-28,8:00p,,Cleveland Cavaliers,W,,118,94,17,17,W 1
2019,MIA,2018-12-30,6:00p,,Minnesota Timberwolves,L,,104,113,17,18,L 1
2019,MIA,2019-01-02,7:00p,@,Cleveland Cavaliers,W,,117,92,18,18,W 1
2019,MIA,2019-01-04,8:00p,,Washington Wizards,W,,115,109,19,18,W 2
2019,MIA,2019-01-06,6:00p,@,Atlanta Hawks,L,,82,106,19,19,L 1
2019,MIA,2019-01-08,7:30p,,Denver Nuggets,L,,99,103,19,20,L 2
2019,MIA,2019-01-10,7:00p,,Boston Celtics,W,,115,99,20,20,W 1
2019,MIA,2019-01-12,5:00p,,Memphis Grizzlies,W,,112,108,21,20,W 2
2019,MIA,2019-01-15,8:00p,@,Milwaukee Bucks,L,,86,124,21,21,L 1
2019,MIA,2019-01-18,7:00p,@,Detroit Pistons,L,,93,98,21,22,L 2
2019,MIA,2019-01-19,8:00p,@,Chicago Bulls,W,,117,103,22,22,W 1
2019,MIA,2019-01-21,6:00p,@,Boston Celtics,L,,99,107,22,23,L 1
2019,MIA,2019-01-23,7:30p,,Los Angeles Clippers,L,,99,111,22,24,L 2
2019,MIA,2019-01-25,7:30p,@,Cleveland Cavaliers,W,,100,94,23,24,W 1
2019,MIA,2019-01-27,7:30p,@,New York Knicks,W,,106,97,24,24,W 2
2019,MIA,2019-01-30,7:30p,,Chicago Bulls,L,,89,105,24,25,L 1
2019,MIA,2019-02-01,8:00p,,Oklahoma City Thunder,L,,102,118,24,26,L 2
2019,MIA,2019-02-02,7:30p,,Indiana Pacers,L,,88,95,24,27,L 3
2019,MIA,2019-02-05,10:30p,@,Portland Trail Blazers,W,,118,108,25,27,W 1
2019,MIA,2019-02-08,10:00p,@,Sacramento Kings,L,,96,102,25,28,L 1
2019,MIA,2019-02-10,8:30p,@,Golden State Warriors,L,,118,120,25,29,L 2
2019,MIA,2019-02-11,9:00p,@,Denver Nuggets,L,,87,103,25,30,L 3
2019,MIA,2019-02-13,8:30p,@,Dallas Mavericks,W,,112,101,26,30,W 1
2019,MIA,2019-02-21,7:00p,@,Philadelphia 76ers,L,,102,106,26,31,L 1
2019,MIA,2019-02-23,7:30p,,Detroit Pistons,L,,96,119,26,32,L 2
2019,MIA,2019-02-25,7:30p,,Phoenix Suns,L,,121,124,26,33,L 3
2019,MIA,2019-02-27,7:30p,,Golden State Warriors,W,,126,125,27,33,W 1
2019,MIA,2019-02-28,8:00p,@,Houston Rockets,L,,118,121,27,34,L 1
2019,MIA,2019-03-02,7:30p,,Brooklyn Nets,W,,117,88,28,34,W 1
2019,MIA,2019-03-04,7:30p,,Atlanta Hawks,W,,114,113,29,34,W 2
2019,MIA,2019-03-06,7:00p,@,Charlotte Hornets,W,,91,84,30,34,W 3
2019,MIA,2019-03-08,8:00p,,Cleveland Cavaliers,W,,126,110,31,34,W 4
2019,MIA,2019-03-10,3:30p,,Toronto Raptors,L,,104,125,31,35,L 1
2019,MIA,2019-03-13,7:30p,,Detroit Pistons,W,,108,74,32,35,W 1
2019,MIA,2019-03-15,8:00p,,Milwaukee Bucks,L,,98,113,32,36,L 1
2019,MIA,2019-03-17,1:00p,,Charlotte Hornets,W,,93,75,33,36,W 1
2019,MIA,2019-03-18,8:00p,@,Oklahoma City Thunder,W,,116,107,34,36,W 2
2019,MIA,2019-03-20,8:30p,@,San Antonio Spurs,W,,110,105,35,36,W 3
2019,MIA,2019-03-22,8:30p,@,Milwaukee Bucks,L,,87,116,35,37,L 1
2019,MIA,2019-03-23,7:00p,@,Washington Wizards,W,,113,108,36,37,W 1
2019,MIA,2019-03-26,7:30p,,Orlando Magic,L,,99,104,36,38,L 1
2019,MIA,2019-03-28,7:30p,,Dallas Mavericks,W,,105,99,37,38,W 1
2019,MIA,2019-03-30,7:30p,@,New York Knicks,W,,100,92,38,38,W 2
2019,MIA,2019-04-01,7:30p,@,Boston Celtics,L,,105,110,38,39,L 1
2019,MIA,2019-04-03,7:30p,,Boston Celtics,L,,102,112,38,40,L 2
2019,MIA,2019-04-05,8:00p,@,Minnesota Timberwolves,L,,109,111,38,41,L 3
2019,MIA,2019-04-07,12:00p,@,Toronto Raptors,L,OT,109,117,38,42,L 4
2019,MIA,2019-04-09,7:30p,,Philadelphia 76ers,W,,122,99,39,42,W 1
2019,MIA,2019-04-10,8:00p,@,Brooklyn Nets,L,,94,113,39,43,L 1
2019,MIL,2018-10-17,7:00p,@,Charlotte Hornets,W,,113,112,1,0,W 1
2019,MIL,2018-10-19,8:30p,,Indiana Pacers,W,,118,101,2,0,W 2
2019,MIL,2018-10-22,8:00p,,New York Knicks,W,,124,113,3,0,W 3
2019,MIL,2018-10-24,9:30p,,Philadelphia 76ers,W,,123,108,4,0,W 4
2019,MIL,2018-10-26,8:00p,@,Minnesota Timberwolves,W,,125,95,5,0,W 5
2019,MIL,2018-10-27,8:30p,,Orlando Magic,W,,113,91,6,0,W 6
2019,MIL,2018-10-29,8:00p,,Toronto Raptors,W,,124,109,7,0,W 7
2019,MIL,2018-11-01,8:00p,@,Boston Celtics,L,,113,117,7,1,L 1
2019,MIL,2018-11-04,3:30p,,Sacramento Kings,W,,144,109,8,1,W 1
2019,MIL,2018-11-06,10:00p,@,Portland Trail Blazers,L,,103,118,8,2,L 1
2019,MIL,2018-11-08,10:30p,@,Golden State Warriors,W,,134,111,9,2,W 1
2019,MIL,2018-11-10,3:30p,@,Los Angeles Clippers,L,OT,126,128,9,3,L 1
2019,MIL,2018-11-11,8:00p,@,Denver Nuggets,W,,121,114,10,3,W 1
2019,MIL,2018-11-14,8:00p,,Memphis Grizzlies,L,,113,116,10,4,L 1
2019,MIL,2018-11-16,9:30p,,Chicago Bulls,W,,123,104,11,4,W 1
2019,MIL,2018-11-19,8:00p,,Denver Nuggets,W,,104,98,12,4,W 2
2019,MIL,2018-11-21,8:00p,,Portland Trail Blazers,W,,143,100,13,4,W 3
2019,MIL,2018-11-23,8:30p,,Phoenix Suns,L,,114,116,13,5,L 1
2019,MIL,2018-11-24,8:30p,,San Antonio Spurs,W,,135,129,14,5,W 1
2019,MIL,2018-11-26,7:00p,@,Charlotte Hornets,L,,107,110,14,6,L 1
2019,MIL,2018-11-28,8:00p,,Chicago Bulls,W,,116,113,15,6,W 1
2019,MIL,2018-12-01,5:00p,@,New York Knicks,L,OT,134,136,15,7,L 1
2019,MIL,2018-12-05,8:00p,,Detroit Pistons,W,,115,92,16,7,W 1
2019,MIL,2018-12-07,9:30p,,Golden State Warriors,L,,95,105,16,8,L 1
2019,MIL,2018-12-09,6:00p,@,Toronto Raptors,W,,104,99,17,8,W 1
2019,MIL,2018-12-10,8:00p,,Cleveland Cavaliers,W,,108,92,18,8,W 2
2019,MIL,2018-12-12,7:00p,@,Indiana Pacers,L,,97,113,18,9,L 1
2019,MIL,2018-12-14,7:30p,@,Cleveland Cavaliers,W,,114,102,19,9,W 1
2019,MIL,2018-12-17,7:00p,@,Detroit Pistons,W,,107,104,20,9,W 2
2019,MIL,2018-12-19,8:00p,,New Orleans Pelicans,W,,123,115,21,9,W 3
2019,MIL,2018-12-21,8:00p,@,Boston Celtics,W,,120,107,22,9,W 4
2019,MIL,2018-12-22,8:00p,@,Miami Heat,L,,87,94,22,10,L 1
2019,MIL,2018-12-25,12:00p,@,New York Knicks,W,,109,95,23,10,W 1
2019,MIL,2018-12-27,8:00p,,New York Knicks,W,,112,96,24,10,W 2
2019,MIL,2018-12-29,5:00p,,Brooklyn Nets,W,,129,115,25,10,W 3
2019,MIL,2019-01-01,8:00p,,Detroit Pistons,W,,121,98,26,10,W 4
2019,MIL,2019-01-04,8:30p,,Atlanta Hawks,W,,144,112,27,10,W 5
2019,MIL,2019-01-05,8:30p,,Toronto Raptors,L,,116,123,27,11,L 1
2019,MIL,2019-01-07,8:00p,,Utah Jazz,W,,114,102,28,11,W 1
2019,MIL,2019-01-09,8:00p,@,Houston Rockets,W,,116,109,29,11,W 2
2019,MIL,2019-01-11,7:00p,@,Washington Wizards,L,,106,113,29,12,L 1
2019,MIL,2019-01-13,3:30p,@,Atlanta Hawks,W,,133,114,30,12,W 1
2019,MIL,2019-01-15,8:00p,,Miami Heat,W,,124,86,31,12,W 2
2019,MIL,2019-01-16,8:00p,@,Memphis Grizzlies,W,,111,101,32,12,W 3
2019,MIL,2019-01-19,7:00p,@,Orlando Magic,W,,118,108,33,12,W 4
2019,MIL,2019-01-21,2:00p,,Dallas Mavericks,W,,116,106,34,12,W 5
2019,MIL,2019-01-25,8:30p,,Charlotte Hornets,W,,108,99,35,12,W 6
2019,MIL,2019-01-27,6:00p,@,Oklahoma City Thunder,L,,112,118,35,13,L 1
2019,MIL,2019-01-29,7:00p,@,Detroit Pistons,W,,115,105,36,13,W 1
2019,MIL,2019-01-31,8:00p,@,Toronto Raptors,W,,105,92,37,13,W 2
2019,MIL,2019-02-02,7:00p,@,Washington Wizards,W,,131,115,38,13,W 3
2019,MIL,2019-02-04,7:30p,@,Brooklyn Nets,W,,113,94,39,13,W 4
2019,MIL,2019-02-06,8:00p,,Washington Wizards,W,,148,129,40,13,W 5
2019,MIL,2019-02-08,8:30p,@,Dallas Mavericks,W,,122,107,41,13,W 6
2019,MIL,2019-02-09,9:00p,,Orlando Magic,L,,83,103,41,14,L 1
2019,MIL,2019-02-11,8:00p,@,Chicago Bulls,W,,112,99,42,14,W 1
2019,MIL,2019-02-13,7:00p,@,Indiana Pacers,W,,106,97,43,14,W 2
2019,MIL,2019-02-21,8:00p,,Boston Celtics,W,,98,97,44,14,W 3
2019,MIL,2019-02-23,8:30p,,Minnesota Timberwolves,W,,140,128,45,14,W 4
2019,MIL,2019-02-25,8:00p,@,Chicago Bulls,W,,117,106,46,14,W 5
2019,MIL,2019-02-27,10:00p,@,Sacramento Kings,W,OT,141,140,47,14,W 6
2019,MIL,2019-03-01,10:30p,@,Los Angeles Lakers,W,,131,120,48,14,W 7
2019,MIL,2019-03-02,9:00p,@,Utah Jazz,L,,111,115,48,15,L 1
2019,MIL,2019-03-04,9:00p,@,Phoenix Suns,L,,105,114,48,16,L 2
2019,MIL,2019-03-07,8:00p,,Indiana Pacers,W,,117,98,49,16,W 1
2019,MIL,2019-03-09,9:00p,,Charlotte Hornets,W,,131,114,50,16,W 2
2019,MIL,2019-03-10,8:00p,@,San Antonio Spurs,L,,114,121,50,17,L 1
2019,MIL,2019-03-12,8:00p,@,New Orleans Pelicans,W,,130,113,51,17,W 1
2019,MIL,2019-03-15,8:00p,@,Miami Heat,W,,113,98,52,17,W 2
2019,MIL,2019-03-17,3:30p,,Philadelphia 76ers,L,,125,130,52,18,L 1
2019,MIL,2019-03-19,8:00p,,Los Angeles Lakers,W,,115,101,53,18,W 1
2019,MIL,2019-03-20,7:00p,@,Cleveland Cavaliers,L,,102,107,53,19,L 1
2019,MIL,2019-03-22,8:30p,,Miami Heat,W,,116,87,54,19,W 1
2019,MIL,2019-03-24,4:30p,,Cleveland Cavaliers,W,,127,105,55,19,W 2
2019,MIL,2019-03-26,8:00p,,Houston Rockets,W,,108,94,56,19,W 3
2019,MIL,2019-03-28,8:00p,,Los Angeles Clippers,W,,128,118,57,19,W 4
2019,MIL,2019-03-31,12:30p,@,Atlanta Hawks,L,OT,135,136,57,20,L 1
2019,MIL,2019-04-01,7:30p,@,Brooklyn Nets,W,,131,121,58,20,W 1
2019,MIL,2019-04-04,8:00p,@,Philadelphia 76ers,W,,128,122,59,20,W 2
2019,MIL,2019-04-06,5:00p,,Brooklyn Nets,L,,128,133,59,21,L 1
2019,MIL,2019-04-07,7:00p,,Atlanta Hawks,W,,115,107,60,21,W 1
2019,MIL,2019-04-10,8:00p,,Oklahoma City Thunder,L,,116,127,60,22,L 1
2019,MIL,2019-04-14,7:00p,,Detroit Pistons,W,,121,86,1,0,W 1
2019,MIL,2019-04-17,8:00p,,Detroit Pistons,W,,120,99,2,0,W 2
2019,MIL,2019-04-20,8:00p,@,Detroit Pistons,W,,119,103,3,0,W 3
2019,MIL,2019-04-22,8:00p,@,Detroit Pistons,W,,127,104,4,0,W 4
2019,MIL,2019-04-28,1:00p,,Boston Celtics,L,,90,112,4,1,L 1
2019,MIL,2019-04-30,8:00p,,Boston Celtics,W,,123,102,5,1,W 1
2019,MIL,2019-05-03,8:00p,@,Boston Celtics,W,,123,116,6,1,W 2
2019,MIL,2019-05-06,7:00p,@,Boston Celtics,W,,113,101,7,1,W 3
2019,MIL,2019-05-08,8:00p,,Boston Celtics,W,,116,91,8,1,W 4
2019,MIL,2019-05-15,8:30p,,Toronto Raptors,W,,108,100,9,1,W 5
2019,MIL,2019-05-17,8:30p,,Toronto Raptors,W,,125,103,10,1,W 6
2019,MIL,2019-05-19,7:00p,@,Toronto Raptors,L,2OT,112,118,10,2,L 1
2019,MIL,2019-05-21,8:30p,@,Toronto Raptors,L,,102,120,10,3,L 2
2019,MIL,2019-05-23,8:30p,,Toronto Raptors,L,,99,105,10,4,L 3
2019,MIL,2019-05-25,8:30p,@,Toronto Raptors,L,,94,100,10,5,L 4
2019,MIN,2018-10-17,8:30p,@,San Antonio Spurs,L,,108,112,0,1,L 1
2019,MIN,2018-10-19,8:00p,,Cleveland Cavaliers,W,,131,123,1,1,W 1
2019,MIN,2018-10-20,8:30p,@,Dallas Mavericks,L,,136,140,1,2,L 1
2019,MIN,2018-10-22,8:00p,,Indiana Pacers,W,,101,91,2,2,W 1
2019,MIN,2018-10-24,7:30p,@,Toronto Raptors,L,,105,112,2,3,L 1
2019,MIN,2018-10-26,8:00p,,Milwaukee Bucks,L,,95,125,2,4,L 2
2019,MIN,2018-10-29,8:00p,,Los Angeles Lakers,W,,124,120,3,4,W 1
2019,MIN,2018-10-31,8:00p,,Utah Jazz,W,,128,125,4,4,W 2
2019,MIN,2018-11-02,10:30p,@,Golden State Warriors,L,,99,116,4,5,L 1
2019,MIN,2018-11-04,9:00p,@,Portland Trail Blazers,L,,81,111,4,6,L 2
2019,MIN,2018-11-05,10:30p,@,Los Angeles Clippers,L,,109,120,4,7,L 3
2019,MIN,2018-11-07,10:30p,@,Los Angeles Lakers,L,,110,114,4,8,L 4
2019,MIN,2018-11-09,10:00p,@,Sacramento Kings,L,,110,121,4,9,L 5
2019,MIN,2018-11-12,8:00p,,Brooklyn Nets,W,,120,113,5,9,W 1
2019,MIN,2018-11-14,8:00p,,New Orleans Pelicans,W,,107,100,6,9,W 2
2019,MIN,2018-11-16,8:00p,,Portland Trail Blazers,W,,112,96,7,9,W 3
2019,MIN,2018-11-18,3:30p,,Memphis Grizzlies,L,,87,100,7,10,L 1
2019,MIN,2018-11-21,8:00p,,Denver Nuggets,L,,101,103,7,11,L 2
2019,MIN,2018-11-23,12:00p,@,Brooklyn Nets,W,,112,102,8,11,W 1
2019,MIN,2018-11-24,8:00p,,Chicago Bulls,W,,111,96,9,11,W 2
2019,MIN,2018-11-26,7:00p,@,Cleveland Cavaliers,W,,102,95,10,11,W 3
2019,MIN,2018-11-28,8:00p,,San Antonio Spurs,W,,128,89,11,11,W 4
2019,MIN,2018-12-01,8:00p,,Boston Celtics,L,,109,118,11,12,L 1
2019,MIN,2018-12-03,8:00p,,Houston Rockets,W,,103,91,12,12,W 1
2019,MIN,2018-12-05,8:00p,,Charlotte Hornets,W,,121,104,13,12,W 2
2019,MIN,2018-12-08,10:00p,@,Portland Trail Blazers,L,,105,113,13,13,L 1
2019,MIN,2018-12-10,10:30p,@,Golden State Warriors,L,,108,116,13,14,L 2
2019,MIN,2018-12-12,10:00p,@,Sacramento Kings,L,,130,141,13,15,L 3
2019,MIN,2018-12-15,9:00p,@,Phoenix Suns,L,,99,107,13,16,L 4
2019,MIN,2018-12-17,8:00p,,Sacramento Kings,W,,132,105,14,16,W 1
2019,MIN,2018-12-19,8:00p,,Detroit Pistons,L,OT,123,129,14,17,L 1
2019,MIN,2018-12-21,8:30p,@,San Antonio Spurs,L,,98,124,14,18,L 2
2019,MIN,2018-12-23,8:00p,@,Oklahoma City Thunder,W,,114,112,15,18,W 1
2019,MIN,2018-12-26,8:00p,@,Chicago Bulls,W,,119,94,16,18,W 2
2019,MIN,2018-12-28,8:00p,,Atlanta Hawks,L,OT,120,123,16,19,L 1
2019,MIN,2018-12-30,6:00p,@,Miami Heat,W,,113,104,17,19,W 1
2019,MIN,2018-12-31,8:00p,@,New Orleans Pelicans,L,,114,123,17,20,L 1
2019,MIN,2019-01-02,8:00p,@,Boston Celtics,L,,102,115,17,21,L 2
2019,MIN,2019-01-04,8:00p,,Orlando Magic,W,,120,103,18,21,W 1
2019,MIN,2019-01-06,3:30p,,Los Angeles Lakers,W,,108,86,19,21,W 2
2019,MIN,2019-01-08,8:00p,@,Oklahoma City Thunder,W,,119,117,20,21,W 3
2019,MIN,2019-01-11,8:00p,,Dallas Mavericks,L,,115,119,20,22,L 1
2019,MIN,2019-01-12,8:00p,,New Orleans Pelicans,W,,110,106,21,22,W 1
2019,MIN,2019-01-15,7:00p,@,Philadelphia 76ers,L,,107,149,21,23,L 1
2019,MIN,2019-01-18,8:00p,,San Antonio Spurs,L,,113,116,21,24,L 2
2019,MIN,2019-01-20,7:00p,,Phoenix Suns,W,,116,114,22,24,W 1
2019,MIN,2019-01-22,9:00p,@,Phoenix Suns,W,,118,91,23,24,W 2
2019,MIN,2019-01-24,10:30p,@,Los Angeles Lakers,W,,120,105,24,24,W 3
2019,MIN,2019-01-25,9:00p,@,Utah Jazz,L,,102,106,24,25,L 1
2019,MIN,2019-01-27,7:00p,,Utah Jazz,L,,111,125,24,26,L 2
2019,MIN,2019-01-30,8:00p,,Memphis Grizzlies,W,OT,99,97,25,26,W 1
2019,MIN,2019-02-02,9:00p,,Denver Nuggets,L,,106,107,25,27,L 1
2019,MIN,2019-02-05,8:00p,@,Memphis Grizzlies,L,,106,108,25,28,L 2
2019,MIN,2019-02-07,7:00p,@,Orlando Magic,L,,112,122,25,29,L 3
2019,MIN,2019-02-08,9:30p,@,New Orleans Pelicans,L,,117,122,25,30,L 4
2019,MIN,2019-02-11,8:00p,,Los Angeles Clippers,W,,130,120,26,30,W 1
2019,MIN,2019-02-13,8:00p,,Houston Rockets,W,,121,111,27,30,W 2
2019,MIN,2019-02-22,7:30p,@,New York Knicks,W,,115,104,28,30,W 3
2019,MIN,2019-02-23,8:30p,@,Milwaukee Bucks,L,,128,140,28,31,L 1
2019,MIN,2019-02-25,8:00p,,Sacramento Kings,W,,112,105,29,31,W 1
2019,MIN,2019-02-27,7:30p,@,Atlanta Hawks,L,OT,123,131,29,32,L 1
2019,MIN,2019-02-28,7:00p,@,Indiana Pacers,L,,115,122,29,33,L 2
2019,MIN,2019-03-03,6:00p,@,Washington Wizards,L,,121,135,29,34,L 3
2019,MIN,2019-03-05,8:00p,,Oklahoma City Thunder,W,,131,120,30,34,W 1
2019,MIN,2019-03-06,7:00p,@,Detroit Pistons,L,,114,131,30,35,L 1
2019,MIN,2019-03-09,8:00p,,Washington Wizards,W,OT,135,130,31,35,W 1
2019,MIN,2019-03-10,8:00p,,New York Knicks,W,,103,92,32,35,W 2
2019,MIN,2019-03-12,10:30p,@,Denver Nuggets,L,,107,133,32,36,L 1
2019,MIN,2019-03-14,9:00p,@,Utah Jazz,L,,100,120,32,37,L 2
2019,MIN,2019-03-17,9:00p,@,Houston Rockets,L,,102,117,32,38,L 3
2019,MIN,2019-03-19,8:00p,,Golden State Warriors,L,,107,117,32,39,L 4
2019,MIN,2019-03-21,7:00p,@,Charlotte Hornets,L,,106,113,32,40,L 5
2019,MIN,2019-03-23,8:00p,@,Memphis Grizzlies,W,,112,99,33,40,W 1
2019,MIN,2019-03-26,8:00p,,Los Angeles Clippers,L,,111,122,33,41,L 1
2019,MIN,2019-03-29,8:00p,,Golden State Warriors,W,OT,131,130,34,41,W 1
2019,MIN,2019-03-30,8:00p,,Philadelphia 76ers,L,,109,118,34,42,L 1
2019,MIN,2019-04-01,8:00p,,Portland Trail Blazers,L,,122,132,34,43,L 2
2019,MIN,2019-04-03,8:30p,@,Dallas Mavericks,W,,110,108,35,43,W 1
2019,MIN,2019-04-05,8:00p,,Miami Heat,W,,111,109,36,43,W 2
2019,MIN,2019-04-07,3:30p,,Oklahoma City Thunder,L,,126,132,36,44,L 1
2019,MIN,2019-04-09,8:00p,,Toronto Raptors,L,,100,120,36,45,L 2
2019,MIN,2019-04-10,10:30p,@,Denver Nuggets,L,,95,99,36,46,L 3
2019,NOP,2018-10-17,8:00p,@,Houston Rockets,W,,131,112,1,0,W 1
2019,NOP,2018-10-19,8:00p,,Sacramento Kings,W,,149,129,2,0,W 2
2019,NOP,2018-10-23,8:00p,,Los Angeles Clippers,W,,116,109,3,0,W 3
2019,NOP,2018-10-26,8:00p,,Brooklyn Nets,W,,117,115,4,0,W 4
2019,NOP,2018-10-27,7:00p,,Utah Jazz,L,,111,132,4,1,L 1
2019,NOP,2018-10-29,9:00p,@,Denver Nuggets,L,,111,116,4,2,L 2
2019,NOP,2018-10-31,10:30p,@,Golden State Warriors,L,,121,131,4,3,L 3
2019,NOP,2018-11-01,10:30p,@,Portland Trail Blazers,L,,119,132,4,4,L 4
2019,NOP,2018-11-03,8:30p,@,San Antonio Spurs,L,,95,109,4,5,L 5
2019,NOP,2018-11-05,8:00p,@,Oklahoma City Thunder,L,,116,122,4,6,L 6
2019,NOP,2018-11-07,8:00p,,Chicago Bulls,W,,107,98,5,6,W 1
2019,NOP,2018-11-10,7:00p,,Phoenix Suns,W,,119,99,6,6,W 2
2019,NOP,2018-11-12,7:30p,@,Toronto Raptors,W,,126,110,7,6,W 3
2019,NOP,2018-11-14,8:00p,@,Minnesota Timberwolves,L,,100,107,7,7,L 1
2019,NOP,2018-11-16,8:00p,,New York Knicks,W,,129,124,8,7,W 1
2019,NOP,2018-11-17,7:00p,,Denver Nuggets,W,,125,115,9,7,W 2
2019,NOP,2018-11-19,8:00p,,San Antonio Spurs,W,,140,126,10,7,W 3
2019,NOP,2018-11-21,7:00p,@,Philadelphia 76ers,L,,120,121,10,8,L 1
2019,NOP,2018-11-23,7:30p,@,New York Knicks,L,,109,114,10,9,L 2
2019,NOP,2018-11-24,8:00p,@,Washington Wizards,L,,114,124,10,10,L 3
2019,NOP,2018-11-26,8:00p,,Boston Celtics,L,,107,124,10,11,L 4
2019,NOP,2018-11-28,8:00p,,Washington Wizards,W,,125,104,11,11,W 1
2019,NOP,2018-11-30,8:00p,@,Miami Heat,L,,101,106,11,12,L 1
2019,NOP,2018-12-02,5:00p,@,Charlotte Hornets,W,,119,109,12,12,W 1
2019,NOP,2018-12-03,8:00p,,Los Angeles Clippers,L,,126,129,12,13,L 1
2019,NOP,2018-12-05,8:00p,,Dallas Mavericks,W,,132,106,13,13,W 1
2019,NOP,2018-12-07,8:00p,,Memphis Grizzlies,L,,103,107,13,14,L 1
2019,NOP,2018-12-09,3:30p,@,Detroit Pistons,W,,116,108,14,14,W 1
2019,NOP,2018-12-10,7:30p,@,Boston Celtics,L,,100,113,14,15,L 1
2019,NOP,2018-12-12,8:00p,,Oklahoma City Thunder,W,,118,114,15,15,W 1
2019,NOP,2018-12-16,7:00p,,Miami Heat,L,,96,102,15,16,L 1
2019,NOP,2018-12-19,8:00p,@,Milwaukee Bucks,L,,115,123,15,17,L 2
2019,NOP,2018-12-21,10:30p,@,Los Angeles Lakers,L,,104,112,15,18,L 3
2019,NOP,2018-12-23,6:00p,@,Sacramento Kings,L,,117,122,15,19,L 4
2019,NOP,2018-12-26,8:30p,@,Dallas Mavericks,L,,119,122,15,20,L 5
2019,NOP,2018-12-28,8:00p,,Dallas Mavericks,W,,114,112,16,20,W 1
2019,NOP,2018-12-29,7:00p,,Houston Rockets,L,,104,108,16,21,L 1
2019,NOP,2018-12-31,8:00p,,Minnesota Timberwolves,W,,123,114,17,21,W 1
2019,NOP,2019-01-02,7:30p,@,Brooklyn Nets,L,,121,126,17,22,L 1
2019,NOP,2019-01-05,8:00p,@,Cleveland Cavaliers,W,,133,98,18,22,W 1
2019,NOP,2019-01-07,8:00p,,Memphis Grizzlies,W,,114,95,19,22,W 2
2019,NOP,2019-01-09,8:00p,,Cleveland Cavaliers,W,,140,124,20,22,W 3
2019,NOP,2019-01-12,8:00p,@,Minnesota Timberwolves,L,,106,110,20,23,L 1
2019,NOP,2019-01-14,10:30p,@,Los Angeles Clippers,W,,121,117,21,23,W 1
2019,NOP,2019-01-16,10:30p,@,Golden State Warriors,L,,140,147,21,24,L 1
2019,NOP,2019-01-18,10:30p,@,Portland Trail Blazers,L,,112,128,21,25,L 2
2019,NOP,2019-01-21,5:30p,@,Memphis Grizzlies,W,,105,85,22,25,W 1
2019,NOP,2019-01-23,8:00p,,Detroit Pistons,L,,94,98,22,26,L 1
2019,NOP,2019-01-24,8:00p,@,Oklahoma City Thunder,L,,116,122,22,27,L 2
2019,NOP,2019-01-26,6:00p,,San Antonio Spurs,L,,114,126,22,28,L 3
2019,NOP,2019-01-29,8:00p,@,Houston Rockets,W,,121,116,23,28,W 1
2019,NOP,2019-01-30,8:00p,,Denver Nuggets,L,,99,105,23,29,L 1
2019,NOP,2019-02-02,8:30p,@,San Antonio Spurs,L,,108,113,23,30,L 2
2019,NOP,2019-02-04,8:00p,,Indiana Pacers,L,,107,109,23,31,L 3
2019,NOP,2019-02-06,8:00p,@,Chicago Bulls,W,,125,120,24,31,W 1
2019,NOP,2019-02-08,9:30p,,Minnesota Timberwolves,W,,122,117,25,31,W 2
2019,NOP,2019-02-09,8:00p,@,Memphis Grizzlies,L,,90,99,25,32,L 1
2019,NOP,2019-02-12,8:00p,,Orlando Magic,L,,88,118,25,33,L 2
2019,NOP,2019-02-14,8:00p,,Oklahoma City Thunder,W,,131,122,26,33,W 1
2019,NOP,2019-02-22,7:00p,@,Indiana Pacers,L,,111,126,26,34,L 1
2019,NOP,2019-02-23,7:00p,,Los Angeles Lakers,W,,128,115,27,34,W 1
2019,NOP,2019-02-25,8:00p,,Philadelphia 76ers,L,,110,111,27,35,L 1
2019,NOP,2019-02-27,10:30p,@,Los Angeles Lakers,L,,119,125,27,36,L 2
2019,NOP,2019-03-01,9:00p,@,Phoenix Suns,W,,130,116,28,36,W 1
2019,NOP,2019-03-02,9:00p,@,Denver Nuggets,W,,120,112,29,36,W 2
2019,NOP,2019-03-04,9:00p,@,Utah Jazz,W,,115,112,30,36,W 3
2019,NOP,2019-03-06,8:00p,,Utah Jazz,L,,104,114,30,37,L 1
2019,NOP,2019-03-08,8:00p,,Toronto Raptors,L,,104,127,30,38,L 2
2019,NOP,2019-03-10,6:00p,@,Atlanta Hawks,L,,116,128,30,39,L 3
2019,NOP,2019-03-12,8:00p,,Milwaukee Bucks,L,,113,130,30,40,L 4
2019,NOP,2019-03-15,8:00p,,Portland Trail Blazers,L,,110,122,30,41,L 5
2019,NOP,2019-03-16,7:00p,,Phoenix Suns,L,OT,136,138,30,42,L 6
2019,NOP,2019-03-18,8:30p,@,Dallas Mavericks,W,OT,129,125,31,42,W 1
2019,NOP,2019-03-20,7:00p,@,Orlando Magic,L,,96,119,31,43,L 1
2019,NOP,2019-03-24,7:00p,,Houston Rockets,L,,90,113,31,44,L 2
2019,NOP,2019-03-26,8:00p,,Atlanta Hawks,L,,120,130,31,45,L 3
2019,NOP,2019-03-28,8:00p,,Sacramento Kings,W,,121,118,32,45,W 1
2019,NOP,2019-03-31,6:00p,,Los Angeles Lakers,L,,102,130,32,46,L 1
2019,NOP,2019-04-03,8:00p,,Charlotte Hornets,L,,109,115,32,47,L 2
2019,NOP,2019-04-05,10:00p,@,Phoenix Suns,L,OT,126,133,32,48,L 3
2019,NOP,2019-04-07,9:00p,@,Sacramento Kings,W,,133,129,33,48,W 1
2019,NOP,2019-04-09,8:00p,,Golden State Warriors,L,,103,112,33,49,L 1
2019,NYK,2018-10-17,7:30p,,Atlanta Hawks,W,,126,107,1,0,W 1
2019,NYK,2018-10-19,7:30p,@,Brooklyn Nets,L,,105,107,1,1,L 1
2019,NYK,2018-10-20,7:30p,,Boston Celtics,L,,101,103,1,2,L 2
2019,NYK,2018-10-22,8:00p,@,Milwaukee Bucks,L,,113,124,1,3,L 3
2019,NYK,2018-10-24,7:30p,@,Miami Heat,L,,87,110,1,4,L 4
2019,NYK,2018-10-26,7:30p,,Golden State Warriors,L,,100,128,1,5,L 5
2019,NYK,2018-10-29,7:30p,,Brooklyn Nets,W,,115,96,2,5,W 1
2019,NYK,2018-10-31,8:00p,,Indiana Pacers,L,,101,107,2,6,L 1
2019,NYK,2018-11-02,8:30p,@,Dallas Mavericks,W,,118,106,3,6,W 1
2019,NYK,2018-11-04,6:00p,@,Washington Wizards,L,,95,108,3,7,L 1
2019,NYK,2018-11-05,7:30p,,Chicago Bulls,L,2OT,115,116,3,8,L 2
2019,NYK,2018-11-07,7:30p,@,Atlanta Hawks,W,,112,107,4,8,W 1
2019,NYK,2018-11-10,3:00p,@,Toronto Raptors,L,,112,128,4,9,L 1
2019,NYK,2018-11-11,7:30p,,Orlando Magic,L,,89,115,4,10,L 2
2019,NYK,2018-11-14,8:00p,@,Oklahoma City Thunder,L,,103,128,4,11,L 3
2019,NYK,2018-11-16,8:00p,@,New Orleans Pelicans,L,,124,129,4,12,L 4
2019,NYK,2018-11-18,6:00p,@,Orlando Magic,L,,117,131,4,13,L 5
2019,NYK,2018-11-20,7:30p,,Portland Trail Blazers,L,,114,118,4,14,L 6
2019,NYK,2018-11-21,7:30p,@,Boston Celtics,W,,117,109,5,14,W 1
2019,NYK,2018-11-23,7:30p,,New Orleans Pelicans,W,,114,109,6,14,W 2
2019,NYK,2018-11-25,6:00p,@,Memphis Grizzlies,W,,103,98,7,14,W 3
2019,NYK,2018-11-27,7:00p,@,Detroit Pistons,L,,108,115,7,15,L 1
2019,NYK,2018-11-28,7:00p,@,Philadelphia 76ers,L,,91,117,7,16,L 2
2019,NYK,2018-12-01,5:00p,,Milwaukee Bucks,W,OT,136,134,8,16,W 1
2019,NYK,2018-12-03,7:30p,,Washington Wizards,L,,107,110,8,17,L 1
2019,NYK,2018-12-06,8:00p,@,Boston Celtics,L,,100,128,8,18,L 2
2019,NYK,2018-12-08,7:30p,,Brooklyn Nets,L,,104,112,8,19,L 3
2019,NYK,2018-12-09,7:30p,,Charlotte Hornets,L,,107,119,8,20,L 4
2019,NYK,2018-12-12,7:00p,@,Cleveland Cavaliers,L,,106,113,8,21,L 5
2019,NYK,2018-12-14,7:00p,@,Charlotte Hornets,W,OT,126,124,9,21,W 1
2019,NYK,2018-12-16,5:00p,@,Indiana Pacers,L,,99,110,9,22,L 1
2019,NYK,2018-12-17,7:30p,,Phoenix Suns,L,,110,128,9,23,L 2
2019,NYK,2018-12-19,7:00p,@,Philadelphia 76ers,L,,109,131,9,24,L 3
2019,NYK,2018-12-21,7:30p,,Atlanta Hawks,L,,107,114,9,25,L 4
2019,NYK,2018-12-25,12:00p,,Milwaukee Bucks,L,,95,109,9,26,L 5
2019,NYK,2018-12-27,8:00p,@,Milwaukee Bucks,L,,96,112,9,27,L 6
2019,NYK,2018-12-29,8:00p,@,Utah Jazz,L,,97,129,9,28,L 7
2019,NYK,2019-01-01,9:00p,@,Denver Nuggets,L,,108,115,9,29,L 8
2019,NYK,2019-01-04,10:30p,@,Los Angeles Lakers,W,,119,112,10,29,W 1
2019,NYK,2019-01-07,10:00p,@,Portland Trail Blazers,L,,101,111,10,30,L 1
2019,NYK,2019-01-08,10:30p,@,Golden State Warriors,L,,95,122,10,31,L 2
2019,NYK,2019-01-11,7:30p,,Indiana Pacers,L,,106,121,10,32,L 3
2019,NYK,2019-01-13,1:00p,,Philadelphia 76ers,L,,105,108,10,33,L 4
2019,NYK,2019-01-17,3:00p,@,Washington Wizards,L,,100,101,10,34,L 5
2019,NYK,2019-01-21,12:30p,,Oklahoma City Thunder,L,,109,127,10,35,L 6
2019,NYK,2019-01-23,7:30p,,Houston Rockets,L,,110,114,10,36,L 7
2019,NYK,2019-01-25,7:30p,@,Brooklyn Nets,L,,99,109,10,37,L 8
2019,NYK,2019-01-27,7:30p,,Miami Heat,L,,97,106,10,38,L 9
2019,NYK,2019-01-28,7:00p,@,Charlotte Hornets,L,,92,101,10,39,L 10
2019,NYK,2019-01-30,7:30p,,Dallas Mavericks,L,,90,114,10,40,L 11
2019,NYK,2019-02-01,7:30p,,Boston Celtics,L,,99,113,10,41,L 12
2019,NYK,2019-02-03,1:00p,,Memphis Grizzlies,L,,84,96,10,42,L 13
2019,NYK,2019-02-05,7:30p,,Detroit Pistons,L,,92,105,10,43,L 14
2019,NYK,2019-02-08,7:00p,@,Detroit Pistons,L,,103,120,10,44,L 15
2019,NYK,2019-02-09,7:30p,,Toronto Raptors,L,,99,104,10,45,L 16
2019,NYK,2019-02-11,7:00p,@,Cleveland Cavaliers,L,,104,107,10,46,L 17
2019,NYK,2019-02-13,7:30p,,Philadelphia 76ers,L,,111,126,10,47,L 18
2019,NYK,2019-02-14,7:30p,@,Atlanta Hawks,W,,106,91,11,47,W 1
2019,NYK,2019-02-22,7:30p,,Minnesota Timberwolves,L,,104,115,11,48,L 1
2019,NYK,2019-02-24,7:30p,,San Antonio Spurs,W,,130,118,12,48,W 1
2019,NYK,2019-02-26,7:30p,,Orlando Magic,W,,108,103,13,48,W 2
2019,NYK,2019-02-28,7:30p,,Cleveland Cavaliers,L,,118,125,13,49,L 1
2019,NYK,2019-03-03,3:30p,@,Los Angeles Clippers,L,,107,128,13,50,L 2
2019,NYK,2019-03-04,10:00p,@,Sacramento Kings,L,,108,115,13,51,L 3
2019,NYK,2019-03-06,9:00p,@,Phoenix Suns,L,,96,107,13,52,L 4
2019,NYK,2019-03-09,12:00p,,Sacramento Kings,L,,94,102,13,53,L 5
2019,NYK,2019-03-10,8:00p,@,Minnesota Timberwolves,L,,92,103,13,54,L 6
2019,NYK,2019-03-12,7:00p,@,Indiana Pacers,L,,98,103,13,55,L 7
2019,NYK,2019-03-15,8:30p,@,San Antonio Spurs,L,,83,109,13,56,L 8
2019,NYK,2019-03-17,12:00p,,Los Angeles Lakers,W,,124,123,14,56,W 1
2019,NYK,2019-03-18,7:30p,@,Toronto Raptors,L,,92,128,14,57,L 1
2019,NYK,2019-03-20,7:30p,,Utah Jazz,L,,116,137,14,58,L 2
2019,NYK,2019-03-22,7:30p,,Denver Nuggets,L,,93,111,14,59,L 3
2019,NYK,2019-03-24,12:00p,,Los Angeles Clippers,L,,113,124,14,60,L 4
2019,NYK,2019-03-28,7:30p,,Toronto Raptors,L,,92,117,14,61,L 5
2019,NYK,2019-03-30,7:30p,,Miami Heat,L,,92,100,14,62,L 6
2019,NYK,2019-04-01,7:30p,,Chicago Bulls,W,,113,105,15,62,W 1
2019,NYK,2019-04-03,7:00p,@,Orlando Magic,L,,100,114,15,63,L 1
2019,NYK,2019-04-05,8:00p,@,Houston Rockets,L,,96,120,15,64,L 2
2019,NYK,2019-04-07,7:30p,,Washington Wizards,W,,113,110,16,64,W 1
2019,NYK,2019-04-09,8:00p,@,Chicago Bulls,W,,96,86,17,64,W 2
2019,NYK,2019-04-10,8:00p,,Detroit Pistons,L,,89,115,17,65,L 1
2019,OKC,2018-10-16,10:30p,@,Golden State Warriors,L,,100,108,0,1,L 1
2019,OKC,2018-10-19,10:30p,@,Los Angeles Clippers,L,,92,108,0,2,L 2
2019,OKC,2018-10-21,7:00p,,Sacramento Kings,L,,120,131,0,3,L 3
2019,OKC,2018-10-25,8:00p,,Boston Celtics,L,,95,101,0,4,L 4
2019,OKC,2018-10-28,7:00p,,Phoenix Suns,W,,117,110,1,4,W 1
2019,OKC,2018-10-30,8:00p,,Los Angeles Clippers,W,,128,110,2,4,W 2
2019,OKC,2018-11-01,7:00p,@,Charlotte Hornets,W,,111,107,3,4,W 3
2019,OKC,2018-11-02,8:00p,@,Washington Wizards,W,,134,111,4,4,W 4
2019,OKC,2018-11-05,8:00p,,New Orleans Pelicans,W,,122,116,5,4,W 5
2019,OKC,2018-11-07,7:00p,@,Cleveland Cavaliers,W,,95,86,6,4,W 6
2019,OKC,2018-11-08,8:00p,,Houston Rockets,W,,98,80,7,4,W 7
2019,OKC,2018-11-10,9:00p,@,Dallas Mavericks,L,,96,111,7,5,L 1
2019,OKC,2018-11-12,8:00p,,Phoenix Suns,W,,118,101,8,5,W 1
2019,OKC,2018-11-14,8:00p,,New York Knicks,W,,128,103,9,5,W 2
2019,OKC,2018-11-17,9:00p,@,Phoenix Suns,W,,110,100,10,5,W 3
2019,OKC,2018-11-19,10:00p,@,Sacramento Kings,L,,113,117,10,6,L 1
2019,OKC,2018-11-21,10:30p,@,Golden State Warriors,W,,123,95,11,6,W 1
2019,OKC,2018-11-23,8:00p,,Charlotte Hornets,W,,109,104,12,6,W 2
2019,OKC,2018-11-24,8:00p,,Denver Nuggets,L,,98,105,12,7,L 1
2019,OKC,2018-11-28,8:00p,,Cleveland Cavaliers,W,,100,83,13,7,W 1
2019,OKC,2018-11-30,8:00p,,Atlanta Hawks,W,,124,109,14,7,W 2
2019,OKC,2018-12-03,7:00p,@,Detroit Pistons,W,,110,83,15,7,W 3
2019,OKC,2018-12-05,7:30p,@,Brooklyn Nets,W,,114,112,16,7,W 4
2019,OKC,2018-12-07,8:00p,@,Chicago Bulls,L,,112,114,16,8,L 1
2019,OKC,2018-12-10,8:00p,,Utah Jazz,W,,122,113,17,8,W 1
2019,OKC,2018-12-12,8:00p,@,New Orleans Pelicans,L,,114,118,17,9,L 1
2019,OKC,2018-12-14,10:00p,@,Denver Nuggets,L,,98,109,17,10,L 2
2019,OKC,2018-12-15,9:00p,,Los Angeles Clippers,W,,110,104,18,10,W 1
2019,OKC,2018-12-17,8:00p,,Chicago Bulls,W,,121,96,19,10,W 2
2019,OKC,2018-12-19,10:00p,@,Sacramento Kings,W,,132,113,20,10,W 3
2019,OKC,2018-12-22,9:00p,@,Utah Jazz,W,,107,106,21,10,W 4
2019,OKC,2018-12-23,8:00p,,Minnesota Timberwolves,L,,112,114,21,11,L 1
2019,OKC,2018-12-25,3:00p,@,Houston Rockets,L,,109,113,21,12,L 2
2019,OKC,2018-12-28,9:00p,@,Phoenix Suns,W,,118,102,22,12,W 1
2019,OKC,2018-12-30,7:00p,@,Dallas Mavericks,L,,103,105,22,13,L 1
2019,OKC,2018-12-31,8:00p,,Dallas Mavericks,W,,122,102,23,13,W 1
2019,OKC,2019-01-02,10:30p,@,Los Angeles Lakers,W,,107,100,24,13,W 2
2019,OKC,2019-01-04,10:30p,@,Portland Trail Blazers,W,,111,109,25,13,W 3
2019,OKC,2019-01-06,7:00p,,Washington Wizards,L,,98,116,25,14,L 1
2019,OKC,2019-01-08,8:00p,,Minnesota Timberwolves,L,,117,119,25,15,L 2
2019,OKC,2019-01-10,9:30p,@,San Antonio Spurs,L,2OT,147,154,25,16,L 3
2019,OKC,2019-01-12,8:00p,,San Antonio Spurs,W,,122,112,26,16,W 1
2019,OKC,2019-01-15,7:30p,@,Atlanta Hawks,L,,126,142,26,17,L 1
2019,OKC,2019-01-17,9:30p,,Los Angeles Lakers,L,OT,128,138,26,18,L 2
2019,OKC,2019-01-19,3:30p,@,Philadelphia 76ers,W,,117,115,27,18,W 1
2019,OKC,2019-01-21,12:30p,@,New York Knicks,W,,127,109,28,18,W 2
2019,OKC,2019-01-22,8:00p,,Portland Trail Blazers,W,,123,114,29,18,W 3
2019,OKC,2019-01-24,8:00p,,New Orleans Pelicans,W,,122,116,30,18,W 4
2019,OKC,2019-01-27,6:00p,,Milwaukee Bucks,W,,118,112,31,18,W 5
2019,OKC,2019-01-29,7:00p,@,Orlando Magic,W,,126,117,32,18,W 6
2019,OKC,2019-02-01,8:00p,@,Miami Heat,W,,118,102,33,18,W 7
2019,OKC,2019-02-03,2:00p,@,Boston Celtics,L,,129,134,33,19,L 1
2019,OKC,2019-02-05,8:00p,,Orlando Magic,W,,132,122,34,19,W 1
2019,OKC,2019-02-07,8:00p,,Memphis Grizzlies,W,,117,95,35,19,W 2
2019,OKC,2019-02-09,8:30p,@,Houston Rockets,W,,117,112,36,19,W 3
2019,OKC,2019-02-11,8:00p,,Portland Trail Blazers,W,,120,111,37,19,W 4
2019,OKC,2019-02-14,8:00p,@,New Orleans Pelicans,L,,122,131,37,20,L 1
2019,OKC,2019-02-22,9:30p,,Utah Jazz,W,2OT,148,147,38,20,W 1
2019,OKC,2019-02-23,8:00p,,Sacramento Kings,L,,116,119,38,21,L 1
2019,OKC,2019-02-26,10:30p,@,Denver Nuggets,L,,112,121,38,22,L 2
2019,OKC,2019-02-28,8:00p,,Philadelphia 76ers,L,,104,108,38,23,L 3
2019,OKC,2019-03-02,8:30p,@,San Antonio Spurs,L,,102,116,38,24,L 4
2019,OKC,2019-03-03,7:00p,,Memphis Grizzlies,W,,99,95,39,24,W 1
2019,OKC,2019-03-05,8:00p,@,Minnesota Timberwolves,L,,120,131,39,25,L 1
2019,OKC,2019-03-07,10:30p,@,Portland Trail Blazers,W,OT,129,121,40,25,W 1
2019,OKC,2019-03-08,10:30p,@,Los Angeles Clippers,L,,110,118,40,26,L 1
2019,OKC,2019-03-11,9:00p,@,Utah Jazz,W,,98,89,41,26,W 1
2019,OKC,2019-03-13,7:00p,,Brooklyn Nets,W,,108,96,42,26,W 2
2019,OKC,2019-03-14,7:00p,@,Indiana Pacers,L,,106,108,42,27,L 1
2019,OKC,2019-03-16,8:30p,,Golden State Warriors,L,,88,110,42,28,L 2
2019,OKC,2019-03-18,8:00p,,Miami Heat,L,,107,116,42,29,L 3
2019,OKC,2019-03-20,9:30p,,Toronto Raptors,L,OT,114,123,42,30,L 4
2019,OKC,2019-03-22,7:30p,@,Toronto Raptors,W,,116,109,43,30,W 1
2019,OKC,2019-03-25,8:00p,@,Memphis Grizzlies,L,,103,115,43,31,L 1
2019,OKC,2019-03-27,8:00p,,Indiana Pacers,W,,107,99,44,31,W 1
2019,OKC,2019-03-29,8:00p,,Denver Nuggets,L,,105,115,44,32,L 1
2019,OKC,2019-03-31,3:30p,,Dallas Mavericks,L,,103,106,44,33,L 2
2019,OKC,2019-04-02,8:00p,,Los Angeles Lakers,W,,119,103,45,33,W 1
2019,OKC,2019-04-05,8:00p,,Detroit Pistons,W,,123,110,46,33,W 2
2019,OKC,2019-04-07,3:30p,@,Minnesota Timberwolves,W,,132,126,47,33,W 3
2019,OKC,2019-04-09,9:30p,,Houston Rockets,W,,112,111,48,33,W 4
2019,OKC,2019-04-10,8:00p,@,Milwaukee Bucks,W,,127,116,49,33,W 5
2019,OKC,2019-04-14,3:30p,@,Portland Trail Blazers,L,,99,104,0,1,L 1
2019,OKC,2019-04-16,10:30p,@,Portland Trail Blazers,L,,94,114,0,2,L 2
2019,OKC,2019-04-19,9:30p,,Portland Trail Blazers,W,,120,108,1,2,W 1
2019,OKC,2019-04-21,9:30p,,Portland Trail Blazers,L,,98,111,1,3,L 1
2019,OKC,2019-04-23,10:30p,@,Portland Trail Blazers,L,,115,118,1,4,L 2
2019,ORL,2018-10-17,7:00p,,Miami Heat,W,,104,101,1,0,W 1
2019,ORL,2018-10-19,7:00p,,Charlotte Hornets,L,,88,120,1,1,L 1
2019,ORL,2018-10-20,7:30p,@,Philadelphia 76ers,L,,115,116,1,2,L 2
2019,ORL,2018-10-22,7:30p,@,Boston Celtics,W,,93,90,2,2,W 1
2019,ORL,2018-10-25,7:00p,,Portland Trail Blazers,L,,114,128,2,3,L 1
2019,ORL,2018-10-27,8:30p,@,Milwaukee Bucks,L,,91,113,2,4,L 2
2019,ORL,2018-10-30,7:00p,,Sacramento Kings,L,,99,107,2,5,L 3
2019,ORL,2018-11-02,7:00p,,Los Angeles Clippers,L,,95,120,2,6,L 4
2019,ORL,2018-11-04,7:00p,@,San Antonio Spurs,W,,117,110,3,6,W 1
2019,ORL,2018-11-05,7:00p,,Cleveland Cavaliers,W,,102,100,4,6,W 2
2019,ORL,2018-11-07,7:00p,,Detroit Pistons,L,,96,103,4,7,L 1
2019,ORL,2018-11-09,7:00p,,Washington Wizards,W,,117,108,5,7,W 1
2019,ORL,2018-11-11,7:30p,@,New York Knicks,W,,115,89,6,7,W 2
2019,ORL,2018-11-12,7:00p,@,Washington Wizards,L,,109,117,6,8,L 1
2019,ORL,2018-11-14,7:00p,,Philadelphia 76ers,W,,111,106,7,8,W 1
2019,ORL,2018-11-17,7:00p,,Los Angeles Lakers,W,,130,117,8,8,W 2
2019,ORL,2018-11-18,6:00p,,New York Knicks,W,,131,117,9,8,W 3
2019,ORL,2018-11-20,7:00p,,Toronto Raptors,L,,91,93,9,9,L 1
2019,ORL,2018-11-23,9:00p,@,Denver Nuggets,L,,87,112,9,10,L 2
2019,ORL,2018-11-25,3:30p,@,Los Angeles Lakers,W,,108,104,10,10,W 1
2019,ORL,2018-11-26,10:30p,@,Golden State Warriors,L,,110,116,10,11,L 1
2019,ORL,2018-11-28,10:00p,@,Portland Trail Blazers,L,,112,115,10,12,L 2
2019,ORL,2018-11-30,9:00p,@,Phoenix Suns,W,,99,85,11,12,W 1
2019,ORL,2018-12-04,7:30p,@,Miami Heat,W,,105,90,12,12,W 2
2019,ORL,2018-12-05,7:00p,,Denver Nuggets,L,OT,118,124,12,13,L 1
2019,ORL,2018-12-07,7:00p,,Indiana Pacers,L,,90,112,12,14,L 2
2019,ORL,2018-12-10,8:30p,@,Dallas Mavericks,L,,76,101,12,15,L 3
2019,ORL,2018-12-13,9:30p,,Chicago Bulls,W,,97,91,13,15,W 1
2019,ORL,2018-12-15,5:00p,,Utah Jazz,W,,96,89,14,15,W 2
2019,ORL,2018-12-19,7:00p,,San Antonio Spurs,L,,90,129,14,16,L 1
2019,ORL,2018-12-21,8:00p,@,Chicago Bulls,L,,80,90,14,17,L 2
2019,ORL,2018-12-23,6:00p,,Miami Heat,L,,91,115,14,18,L 3
2019,ORL,2018-12-26,7:00p,,Phoenix Suns,L,OT,120,122,14,19,L 4
2019,ORL,2018-12-28,7:00p,,Toronto Raptors,W,,116,87,15,19,W 1
2019,ORL,2018-12-30,3:30p,,Detroit Pistons,W,,109,107,16,19,W 2
2019,ORL,2018-12-31,6:00p,@,Charlotte Hornets,L,,100,125,16,20,L 1
2019,ORL,2019-01-02,8:00p,@,Chicago Bulls,W,,112,84,17,20,W 1
2019,ORL,2019-01-04,8:00p,@,Minnesota Timberwolves,L,,103,120,17,21,L 1
2019,ORL,2019-01-06,3:30p,@,Los Angeles Clippers,L,,96,106,17,22,L 2
2019,ORL,2019-01-07,10:00p,@,Sacramento Kings,L,,95,111,17,23,L 3
2019,ORL,2019-01-09,9:00p,@,Utah Jazz,L,,93,106,17,24,L 4
2019,ORL,2019-01-12,7:00p,,Boston Celtics,W,,105,103,18,24,W 1
2019,ORL,2019-01-13,6:00p,,Houston Rockets,W,,116,109,19,24,W 2
2019,ORL,2019-01-16,7:00p,@,Detroit Pistons,L,OT,115,120,19,25,L 1
2019,ORL,2019-01-18,7:00p,,Brooklyn Nets,L,,115,117,19,26,L 2
2019,ORL,2019-01-19,7:00p,,Milwaukee Bucks,L,,108,118,19,27,L 3
2019,ORL,2019-01-21,3:00p,@,Atlanta Hawks,W,,122,103,20,27,W 1
2019,ORL,2019-01-23,7:30p,@,Brooklyn Nets,L,,110,114,20,28,L 1
2019,ORL,2019-01-25,7:00p,,Washington Wizards,L,,91,95,20,29,L 2
2019,ORL,2019-01-27,7:00p,@,Houston Rockets,L,,98,103,20,30,L 3
2019,ORL,2019-01-29,7:00p,,Oklahoma City Thunder,L,,117,126,20,31,L 4
2019,ORL,2019-01-31,7:00p,,Indiana Pacers,W,,107,100,21,31,W 1
2019,ORL,2019-02-02,7:00p,,Brooklyn Nets,W,,102,89,22,31,W 2
2019,ORL,2019-02-05,8:00p,@,Oklahoma City Thunder,L,,122,132,22,32,L 1
2019,ORL,2019-02-07,7:00p,,Minnesota Timberwolves,W,,122,112,23,32,W 1
2019,ORL,2019-02-09,9:00p,@,Milwaukee Bucks,W,,103,83,24,32,W 2
2019,ORL,2019-02-10,7:30p,@,Atlanta Hawks,W,,124,108,25,32,W 3
2019,ORL,2019-02-12,8:00p,@,New Orleans Pelicans,W,,118,88,26,32,W 4
2019,ORL,2019-02-14,7:00p,,Charlotte Hornets,W,,127,89,27,32,W 5
2019,ORL,2019-02-22,7:00p,,Chicago Bulls,L,,109,110,27,33,L 1
2019,ORL,2019-02-24,3:30p,@,Toronto Raptors,W,,113,98,28,33,W 1
2019,ORL,2019-02-26,7:30p,@,New York Knicks,L,,103,108,28,34,L 1
2019,ORL,2019-02-28,7:00p,,Golden State Warriors,W,,103,96,29,34,W 1
2019,ORL,2019-03-02,7:00p,@,Indiana Pacers,W,,117,112,30,34,W 2
2019,ORL,2019-03-03,6:00p,@,Cleveland Cavaliers,L,,93,107,30,35,L 1
2019,ORL,2019-03-05,7:00p,@,Philadelphia 76ers,L,,106,114,30,36,L 2
2019,ORL,2019-03-08,7:00p,,Dallas Mavericks,W,,111,106,31,36,W 1
2019,ORL,2019-03-10,6:00p,@,Memphis Grizzlies,L,,97,105,31,37,L 1
2019,ORL,2019-03-13,7:00p,@,Washington Wizards,L,,90,100,31,38,L 2
2019,ORL,2019-03-14,7:00p,,Cleveland Cavaliers,W,,120,91,32,38,W 1
2019,ORL,2019-03-17,6:00p,,Atlanta Hawks,W,,101,91,33,38,W 2
2019,ORL,2019-03-20,7:00p,,New Orleans Pelicans,W,,119,96,34,38,W 3
2019,ORL,2019-03-22,7:00p,,Memphis Grizzlies,W,OT,123,119,35,38,W 4
2019,ORL,2019-03-25,7:00p,,Philadelphia 76ers,W,,119,98,36,38,W 5
2019,ORL,2019-03-26,7:30p,@,Miami Heat,W,,104,99,37,38,W 6
2019,ORL,2019-03-28,7:00p,@,Detroit Pistons,L,,98,115,37,39,L 1
2019,ORL,2019-03-30,7:00p,@,Indiana Pacers,W,,121,116,38,39,W 1
2019,ORL,2019-04-01,7:30p,@,Toronto Raptors,L,,109,121,38,40,L 1
2019,ORL,2019-04-03,7:00p,,New York Knicks,W,,114,100,39,40,W 1
2019,ORL,2019-04-05,7:00p,,Atlanta Hawks,W,,149,113,40,40,W 2
2019,ORL,2019-04-07,7:30p,@,Boston Celtics,W,,116,108,41,40,W 3
2019,ORL,2019-04-10,8:00p,@,Charlotte Hornets,W,,122,114,42,40,W 4
2019,ORL,2019-04-13,5:00p,@,Toronto Raptors,W,,104,101,1,0,W 1
2019,ORL,2019-04-16,8:00p,@,Toronto Raptors,L,,82,111,1,1,L 1
2019,ORL,2019-04-19,7:00p,,Toronto Raptors,L,,93,98,1,2,L 2
2019,ORL,2019-04-21,7:00p,,Toronto Raptors,L,,85,107,1,3,L 3
2019,ORL,2019-04-23,7:00p,@,Toronto Raptors,L,,96,115,1,4,L 4
2019,PHI,2018-10-16,8:00p,@,Boston Celtics,L,,87,105,0,1,L 1
2019,PHI,2018-10-18,8:00p,,Chicago Bulls,W,,127,108,1,1,W 1
2019,PHI,2018-10-20,7:30p,,Orlando Magic,W,,116,115,2,1,W 2
2019,PHI,2018-10-23,7:00p,@,Detroit Pistons,L,OT,132,133,2,2,L 1
2019,PHI,2018-10-24,9:30p,@,Milwaukee Bucks,L,,108,123,2,3,L 2
2019,PHI,2018-10-27,7:30p,,Charlotte Hornets,W,,105,103,3,3,W 1
2019,PHI,2018-10-29,7:00p,,Atlanta Hawks,W,,113,92,4,3,W 2
2019,PHI,2018-10-30,7:30p,@,Toronto Raptors,L,,112,129,4,4,L 1
2019,PHI,2018-11-01,7:00p,,Los Angeles Clippers,W,,122,113,5,4,W 1
2019,PHI,2018-11-03,1:00p,,Detroit Pistons,W,,109,99,6,4,W 2
2019,PHI,2018-11-04,6:00p,@,Brooklyn Nets,L,,97,122,6,5,L 1
2019,PHI,2018-11-07,8:00p,@,Indiana Pacers,W,,100,94,7,5,W 1
2019,PHI,2018-11-09,7:00p,,Charlotte Hornets,W,OT,133,132,8,5,W 2
2019,PHI,2018-11-10,8:00p,@,Memphis Grizzlies,L,OT,106,112,8,6,L 1
2019,PHI,2018-11-12,7:30p,@,Miami Heat,W,,124,114,9,6,W 1
2019,PHI,2018-11-14,7:00p,@,Orlando Magic,L,,106,111,9,7,L 1
2019,PHI,2018-11-16,7:00p,,Utah Jazz,W,,113,107,10,7,W 1
2019,PHI,2018-11-17,7:00p,@,Charlotte Hornets,W,OT,122,119,11,7,W 2
2019,PHI,2018-11-19,7:00p,,Phoenix Suns,W,,119,114,12,7,W 3
2019,PHI,2018-11-21,7:00p,,New Orleans Pelicans,W,,121,120,13,7,W 4
2019,PHI,2018-11-23,7:30p,,Cleveland Cavaliers,L,,112,121,13,8,L 1
2019,PHI,2018-11-25,6:00p,@,Brooklyn Nets,W,,127,125,14,8,W 1
2019,PHI,2018-11-28,7:00p,,New York Knicks,W,,117,91,15,8,W 2
2019,PHI,2018-11-30,7:00p,,Washington Wizards,W,,123,98,16,8,W 3
2019,PHI,2018-12-02,6:00p,,Memphis Grizzlies,W,,103,95,17,8,W 4
2019,PHI,2018-12-05,8:00p,@,Toronto Raptors,L,,102,113,17,9,L 1
2019,PHI,2018-12-07,7:00p,@,Detroit Pistons,W,,117,111,18,9,W 1
2019,PHI,2018-12-10,7:00p,,Detroit Pistons,W,,116,102,19,9,W 2
2019,PHI,2018-12-12,7:00p,,Brooklyn Nets,L,,124,127,19,10,L 1
2019,PHI,2018-12-14,7:30p,,Indiana Pacers,L,,101,113,19,11,L 2
2019,PHI,2018-12-16,3:30p,@,Cleveland Cavaliers,W,,128,105,20,11,W 1
2019,PHI,2018-12-17,8:30p,@,San Antonio Spurs,L,,96,123,20,12,L 1
2019,PHI,2018-12-19,7:00p,,New York Knicks,W,,131,109,21,12,W 1
2019,PHI,2018-12-22,7:30p,,Toronto Raptors,W,,126,101,22,12,W 2
2019,PHI,2018-12-25,5:30p,@,Boston Celtics,L,OT,114,121,22,13,L 1
2019,PHI,2018-12-27,10:30p,@,Utah Jazz,W,,114,97,23,13,W 1
2019,PHI,2018-12-30,9:00p,@,Portland Trail Blazers,L,,95,129,23,14,L 1
2019,PHI,2019-01-01,10:30p,@,Los Angeles Clippers,W,,119,113,24,14,W 1
2019,PHI,2019-01-02,9:00p,@,Phoenix Suns,W,,132,127,25,14,W 2
2019,PHI,2019-01-05,7:30p,,Dallas Mavericks,W,,106,100,26,14,W 3
2019,PHI,2019-01-08,7:00p,,Washington Wizards,W,,132,115,27,14,W 4
2019,PHI,2019-01-09,7:00p,@,Washington Wizards,L,,106,123,27,15,L 1
2019,PHI,2019-01-11,7:00p,,Atlanta Hawks,L,,121,123,27,16,L 2
2019,PHI,2019-01-13,1:00p,@,New York Knicks,W,,108,105,28,16,W 1
2019,PHI,2019-01-15,7:00p,,Minnesota Timberwolves,W,,149,107,29,16,W 2
2019,PHI,2019-01-17,7:00p,@,Indiana Pacers,W,,120,96,30,16,W 3
2019,PHI,2019-01-19,3:30p,,Oklahoma City Thunder,L,,115,117,30,17,L 1
2019,PHI,2019-01-21,8:00p,,Houston Rockets,W,,121,93,31,17,W 1
2019,PHI,2019-01-23,8:00p,,San Antonio Spurs,W,,122,120,32,17,W 2
2019,PHI,2019-01-26,9:00p,@,Denver Nuggets,L,,110,126,32,18,L 1
2019,PHI,2019-01-29,10:30p,@,Los Angeles Lakers,W,,121,105,33,18,W 1
2019,PHI,2019-01-31,10:30p,@,Golden State Warriors,W,,113,104,34,18,W 2
2019,PHI,2019-02-02,10:00p,@,Sacramento Kings,L,,108,115,34,19,L 1
2019,PHI,2019-02-05,8:00p,,Toronto Raptors,L,,107,119,34,20,L 2
2019,PHI,2019-02-08,7:00p,,Denver Nuggets,W,,117,110,35,20,W 1
2019,PHI,2019-02-10,3:30p,,Los Angeles Lakers,W,,143,120,36,20,W 2
2019,PHI,2019-02-12,8:00p,,Boston Celtics,L,,109,112,36,21,L 1
2019,PHI,2019-02-13,7:30p,@,New York Knicks,W,,126,111,37,21,W 1
2019,PHI,2019-02-21,7:00p,,Miami Heat,W,,106,102,38,21,W 2
2019,PHI,2019-02-23,1:00p,,Portland Trail Blazers,L,,115,130,38,22,L 1
2019,PHI,2019-02-25,8:00p,@,New Orleans Pelicans,W,,111,110,39,22,W 1
2019,PHI,2019-02-28,8:00p,@,Oklahoma City Thunder,W,,108,104,40,22,W 2
2019,PHI,2019-03-02,8:30p,,Golden State Warriors,L,,117,120,40,23,L 1
2019,PHI,2019-03-05,7:00p,,Orlando Magic,W,,114,106,41,23,W 1
2019,PHI,2019-03-06,8:00p,@,Chicago Bulls,L,,107,108,41,24,L 1
2019,PHI,2019-03-08,8:00p,@,Houston Rockets,L,,91,107,41,25,L 2
2019,PHI,2019-03-10,3:30p,,Indiana Pacers,W,,106,89,42,25,W 1
2019,PHI,2019-03-12,7:00p,,Cleveland Cavaliers,W,,106,99,43,25,W 2
2019,PHI,2019-03-15,7:00p,,Sacramento Kings,W,,123,114,44,25,W 3
2019,PHI,2019-03-17,3:30p,@,Milwaukee Bucks,W,,130,125,45,25,W 4
2019,PHI,2019-03-19,7:00p,@,Charlotte Hornets,W,,118,114,46,25,W 5
2019,PHI,2019-03-20,7:00p,,Boston Celtics,W,,118,115,47,25,W 6
2019,PHI,2019-03-23,7:30p,@,Atlanta Hawks,L,,127,129,47,26,L 1
2019,PHI,2019-03-25,7:00p,@,Orlando Magic,L,,98,119,47,27,L 2
2019,PHI,2019-03-28,7:00p,,Brooklyn Nets,W,,123,110,48,27,W 1
2019,PHI,2019-03-30,8:00p,@,Minnesota Timberwolves,W,,118,109,49,27,W 2
2019,PHI,2019-04-01,8:30p,@,Dallas Mavericks,L,,102,122,49,28,L 1
2019,PHI,2019-04-03,7:30p,@,Atlanta Hawks,L,,122,130,49,29,L 2
2019,PHI,2019-04-04,8:00p,,Milwaukee Bucks,L,,122,128,49,30,L 3
2019,PHI,2019-04-06,8:00p,@,Chicago Bulls,W,,116,96,50,30,W 1
2019,PHI,2019-04-09,7:30p,@,Miami Heat,L,,99,122,50,31,L 1
2019,PHI,2019-04-10,8:00p,,Chicago Bulls,W,,125,109,51,31,W 1
2019,PHI,2019-04-13,2:30p,,Brooklyn Nets,L,,102,111,0,1,L 1
2019,PHI,2019-04-15,8:00p,,Brooklyn Nets,W,,145,123,1,1,W 1
2019,PHI,2019-04-18,8:00p,@,Brooklyn Nets,W,,131,115,2,1,W 2
2019,PHI,2019-04-20,3:00p,@,Brooklyn Nets,W,,112,108,3,1,W 3
2019,PHI,2019-04-23,8:00p,,Brooklyn Nets,W,,122,100,4,1,W 4
2019,PHI,2019-04-27,7:30p,@,Toronto Raptors,L,,95,108,4,2,L 1
2019,PHI,2019-04-29,8:00p,@,Toronto Raptors,W,,94,89,5,2,W 1
2019,PHI,2019-05-02,8:00p,,Toronto Raptors,W,,116,95,6,2,W 2
2019,PHI,2019-05-05,3:30p,,Toronto Raptors,L,,96,101,6,3,L 1
2019,PHI,2019-05-07,8:00p,@,Toronto Raptors,L,,89,125,6,4,L 2
2019,PHI,2019-05-09,8:00p,,Toronto Raptors,W,,112,101,7,4,W 1
2019,PHI,2019-05-12,7:00p,@,Toronto Raptors,L,,90,92,7,5,L 1
2019,PHO,2018-10-17,10:30p,,Dallas Mavericks,W,,121,100,1,0,W 1
2019,PHO,2018-10-20,9:00p,@,Denver Nuggets,L,,91,119,1,1,L 1
2019,PHO,2018-10-22,10:30p,@,Golden State Warriors,L,,103,123,1,2,L 2
2019,PHO,2018-10-24,10:00p,,Los Angeles Lakers,L,,113,131,1,3,L 3
2019,PHO,2018-10-27,8:00p,@,Memphis Grizzlies,L,,96,117,1,4,L 4
2019,PHO,2018-10-28,7:00p,@,Oklahoma City Thunder,L,,110,117,1,5,L 5
2019,PHO,2018-10-31,10:30p,,San Antonio Spurs,L,,90,120,1,6,L 6
2019,PHO,2018-11-02,10:00p,,Toronto Raptors,L,,98,107,1,7,L 7
2019,PHO,2018-11-04,8:00p,,Memphis Grizzlies,W,,102,100,2,7,W 1
2019,PHO,2018-11-06,9:00p,,Brooklyn Nets,L,,82,104,2,8,L 1
2019,PHO,2018-11-08,9:00p,,Boston Celtics,L,OT,109,116,2,9,L 2
2019,PHO,2018-11-10,7:00p,@,New Orleans Pelicans,L,,99,119,2,10,L 3
2019,PHO,2018-11-12,8:00p,@,Oklahoma City Thunder,L,,101,118,2,11,L 4
2019,PHO,2018-11-14,9:00p,,San Antonio Spurs,W,,116,96,3,11,W 1
2019,PHO,2018-11-17,9:00p,,Oklahoma City Thunder,L,,100,110,3,12,L 1
2019,PHO,2018-11-19,7:00p,@,Philadelphia 76ers,L,,114,119,3,13,L 2
2019,PHO,2018-11-21,8:00p,@,Chicago Bulls,L,,116,124,3,14,L 3
2019,PHO,2018-11-23,8:30p,@,Milwaukee Bucks,W,,116,114,4,14,W 1
2019,PHO,2018-11-25,4:00p,@,Detroit Pistons,L,,107,118,4,15,L 1
2019,PHO,2018-11-27,9:00p,,Indiana Pacers,L,,104,109,4,16,L 2
2019,PHO,2018-11-28,10:30p,@,Los Angeles Clippers,L,,99,115,4,17,L 3
2019,PHO,2018-11-30,9:00p,,Orlando Magic,L,,85,99,4,18,L 4
2019,PHO,2018-12-02,3:30p,@,Los Angeles Lakers,L,,96,120,4,19,L 5
2019,PHO,2018-12-04,9:00p,,Sacramento Kings,L,,105,122,4,20,L 6
2019,PHO,2018-12-06,10:00p,@,Portland Trail Blazers,L,,86,108,4,21,L 7
2019,PHO,2018-12-07,9:00p,,Miami Heat,L,,98,115,4,22,L 8
2019,PHO,2018-12-10,9:00p,,Los Angeles Clippers,L,OT,119,123,4,23,L 9
2019,PHO,2018-12-11,8:30p,@,San Antonio Spurs,L,,86,111,4,24,L 10
2019,PHO,2018-12-13,10:30p,,Dallas Mavericks,W,,99,89,5,24,W 1
2019,PHO,2018-12-15,9:00p,,Minnesota Timberwolves,W,,107,99,6,24,W 2
2019,PHO,2018-12-17,7:30p,@,New York Knicks,W,,128,110,7,24,W 3
2019,PHO,2018-12-19,7:30p,@,Boston Celtics,W,,111,103,8,24,W 4
2019,PHO,2018-12-22,7:00p,@,Washington Wizards,L,3OT,146,149,8,25,L 1
2019,PHO,2018-12-23,6:00p,@,Brooklyn Nets,L,,103,111,8,26,L 2
2019,PHO,2018-12-26,7:00p,@,Orlando Magic,W,OT,122,120,9,26,W 1
2019,PHO,2018-12-28,9:00p,,Oklahoma City Thunder,L,,102,118,9,27,L 1
2019,PHO,2018-12-29,9:00p,,Denver Nuggets,L,,118,122,9,28,L 2
2019,PHO,2018-12-31,9:00p,,Golden State Warriors,L,,109,132,9,29,L 3
2019,PHO,2019-01-02,9:00p,,Philadelphia 76ers,L,,127,132,9,30,L 4
2019,PHO,2019-01-04,9:00p,,Los Angeles Clippers,L,,111,121,9,31,L 5
2019,PHO,2019-01-06,8:00p,,Charlotte Hornets,L,,113,119,9,32,L 6
2019,PHO,2019-01-08,9:00p,,Sacramento Kings,W,,115,111,10,32,W 1
2019,PHO,2019-01-09,8:30p,@,Dallas Mavericks,L,,94,104,10,33,L 1
2019,PHO,2019-01-12,9:00p,,Denver Nuggets,W,,102,93,11,33,W 1
2019,PHO,2019-01-15,7:00p,@,Indiana Pacers,L,,97,131,11,34,L 1
2019,PHO,2019-01-17,7:30p,@,Toronto Raptors,L,,109,111,11,35,L 2
2019,PHO,2019-01-19,5:00p,@,Charlotte Hornets,L,,115,135,11,36,L 3
2019,PHO,2019-01-20,7:00p,@,Minnesota Timberwolves,L,,114,116,11,37,L 4
2019,PHO,2019-01-22,9:00p,,Minnesota Timberwolves,L,,91,118,11,38,L 5
2019,PHO,2019-01-24,9:00p,,Portland Trail Blazers,L,,106,120,11,39,L 6
2019,PHO,2019-01-25,9:00p,@,Denver Nuggets,L,,95,132,11,40,L 7
2019,PHO,2019-01-27,9:30p,@,Los Angeles Lakers,L,,102,116,11,41,L 8
2019,PHO,2019-01-29,8:30p,@,San Antonio Spurs,L,,124,126,11,42,L 9
2019,PHO,2019-02-02,9:00p,,Atlanta Hawks,L,,112,118,11,43,L 10
2019,PHO,2019-02-04,9:00p,,Houston Rockets,L,,110,118,11,44,L 11
2019,PHO,2019-02-06,9:00p,@,Utah Jazz,L,,88,116,11,45,L 12
2019,PHO,2019-02-08,9:00p,,Golden State Warriors,L,,107,117,11,46,L 13
2019,PHO,2019-02-10,6:00p,@,Sacramento Kings,L,,104,117,11,47,L 14
2019,PHO,2019-02-13,10:30p,@,Los Angeles Clippers,L,,107,134,11,48,L 15
2019,PHO,2019-02-21,7:00p,@,Cleveland Cavaliers,L,,98,111,11,49,L 16
2019,PHO,2019-02-23,7:00p,@,Atlanta Hawks,L,,112,120,11,50,L 17
2019,PHO,2019-02-25,7:30p,@,Miami Heat,W,,124,121,12,50,W 1
2019,PHO,2019-03-01,9:00p,,New Orleans Pelicans,L,,116,130,12,51,L 1
2019,PHO,2019-03-02,9:00p,,Los Angeles Lakers,W,,118,109,13,51,W 1
2019,PHO,2019-03-04,9:00p,,Milwaukee Bucks,W,,114,105,14,51,W 2
2019,PHO,2019-03-06,9:00p,,New York Knicks,W,,107,96,15,51,W 3
2019,PHO,2019-03-09,10:00p,@,Portland Trail Blazers,L,,120,127,15,52,L 1
2019,PHO,2019-03-10,8:30p,@,Golden State Warriors,W,,115,111,16,52,W 1
2019,PHO,2019-03-13,10:00p,,Utah Jazz,L,,97,114,16,53,L 1
2019,PHO,2019-03-15,8:00p,@,Houston Rockets,L,,102,108,16,54,L 2
2019,PHO,2019-03-16,7:00p,@,New Orleans Pelicans,W,OT,138,136,17,54,W 1
2019,PHO,2019-03-18,10:00p,,Chicago Bulls,L,,101,116,17,55,L 1
2019,PHO,2019-03-21,10:00p,,Detroit Pistons,L,,98,118,17,56,L 2
2019,PHO,2019-03-23,10:00p,@,Sacramento Kings,L,,103,112,17,57,L 3
2019,PHO,2019-03-25,9:00p,@,Utah Jazz,L,,92,125,17,58,L 4
2019,PHO,2019-03-27,10:00p,,Washington Wizards,L,,121,124,17,59,L 5
2019,PHO,2019-03-30,10:00p,,Memphis Grizzlies,L,,115,120,17,60,L 6
2019,PHO,2019-04-01,10:00p,,Cleveland Cavaliers,W,,122,113,18,60,W 1
2019,PHO,2019-04-03,10:00p,,Utah Jazz,L,,97,118,18,61,L 1
2019,PHO,2019-04-05,10:00p,,New Orleans Pelicans,W,OT,133,126,19,61,W 1
2019,PHO,2019-04-07,7:00p,@,Houston Rockets,L,,113,149,19,62,L 1
2019,PHO,2019-04-09,8:30p,@,Dallas Mavericks,L,,109,120,19,63,L 2
2019,POR,2018-10-18,10:30p,,Los Angeles Lakers,W,,128,119,1,0,W 1
2019,POR,2018-10-20,10:00p,,San Antonio Spurs,W,,121,108,2,0,W 2
2019,POR,2018-10-22,10:00p,,Washington Wizards,L,OT,124,125,2,1,L 1
2019,POR,2018-10-25,7:00p,@,Orlando Magic,W,,128,114,3,1,W 1
2019,POR,2018-10-27,8:00p,@,Miami Heat,L,,111,120,3,2,L 1
2019,POR,2018-10-29,7:00p,@,Indiana Pacers,W,,103,93,4,2,W 1
2019,POR,2018-10-30,8:00p,@,Houston Rockets,W,,104,85,5,2,W 2
2019,POR,2018-11-01,10:30p,,New Orleans Pelicans,W,,132,119,6,2,W 3
2019,POR,2018-11-03,10:00p,,Los Angeles Lakers,L,,110,114,6,3,L 1
2019,POR,2018-11-04,9:00p,,Minnesota Timberwolves,W,,111,81,7,3,W 1
2019,POR,2018-11-06,10:00p,,Milwaukee Bucks,W,,118,103,8,3,W 2
2019,POR,2018-11-08,10:00p,,Los Angeles Clippers,W,,116,105,9,3,W 3
2019,POR,2018-11-11,9:00p,,Boston Celtics,W,,100,94,10,3,W 4
2019,POR,2018-11-14,10:30p,@,Los Angeles Lakers,L,,117,126,10,4,L 1
2019,POR,2018-11-16,8:00p,@,Minnesota Timberwolves,L,,96,112,10,5,L 2
2019,POR,2018-11-18,6:00p,@,Washington Wizards,W,,119,109,11,5,W 1
2019,POR,2018-11-20,7:30p,@,New York Knicks,W,,118,114,12,5,W 2
2019,POR,2018-11-21,8:00p,@,Milwaukee Bucks,L,,100,143,12,6,L 1
2019,POR,2018-11-23,10:30p,@,Golden State Warriors,L,,97,125,12,7,L 2
2019,POR,2018-11-25,9:00p,,Los Angeles Clippers,L,,100,104,12,8,L 3
2019,POR,2018-11-28,10:00p,,Orlando Magic,W,,115,112,13,8,W 1
2019,POR,2018-11-30,10:30p,,Denver Nuggets,L,,112,113,13,9,L 1
2019,POR,2018-12-02,7:00p,@,San Antonio Spurs,L,,118,131,13,10,L 2
2019,POR,2018-12-04,8:30p,@,Dallas Mavericks,L,,102,111,13,11,L 3
2019,POR,2018-12-06,10:00p,,Phoenix Suns,W,,108,86,14,11,W 1
2019,POR,2018-12-08,10:00p,,Minnesota Timberwolves,W,,113,105,15,11,W 2
2019,POR,2018-12-11,8:00p,@,Houston Rockets,L,,104,111,15,12,L 1
2019,POR,2018-12-12,8:00p,@,Memphis Grizzlies,L,,83,92,15,13,L 2
2019,POR,2018-12-14,10:00p,,Toronto Raptors,W,,128,122,16,13,W 1
2019,POR,2018-12-17,10:30p,@,Los Angeles Clippers,W,,131,127,17,13,W 2
2019,POR,2018-12-19,10:00p,,Memphis Grizzlies,W,,99,92,18,13,W 3
2019,POR,2018-12-21,10:00p,,Utah Jazz,L,,90,120,18,14,L 1
2019,POR,2018-12-23,9:00p,,Dallas Mavericks,W,OT,121,118,19,14,W 1
2019,POR,2018-12-25,10:30p,@,Utah Jazz,L,,96,117,19,15,L 1
2019,POR,2018-12-27,10:30p,@,Golden State Warriors,W,OT,110,109,20,15,W 1
2019,POR,2018-12-29,10:00p,,Golden State Warriors,L,,105,115,20,16,L 1
2019,POR,2018-12-30,9:00p,,Philadelphia 76ers,W,,129,95,21,16,W 1
2019,POR,2019-01-01,9:00p,@,Sacramento Kings,W,OT,113,108,22,16,W 2
2019,POR,2019-01-04,10:30p,,Oklahoma City Thunder,L,,109,111,22,17,L 1
2019,POR,2019-01-05,10:00p,,Houston Rockets,W,,110,101,23,17,W 1
2019,POR,2019-01-07,10:00p,,New York Knicks,W,,111,101,24,17,W 2
2019,POR,2019-01-09,10:00p,,Chicago Bulls,W,,124,112,25,17,W 3
2019,POR,2019-01-11,10:00p,,Charlotte Hornets,W,,127,96,26,17,W 4
2019,POR,2019-01-13,8:00p,@,Denver Nuggets,L,,113,116,26,18,L 1
2019,POR,2019-01-14,10:00p,@,Sacramento Kings,L,,107,115,26,19,L 2
2019,POR,2019-01-16,10:00p,,Cleveland Cavaliers,W,,129,112,27,19,W 1
2019,POR,2019-01-18,10:30p,,New Orleans Pelicans,W,,128,112,28,19,W 2
2019,POR,2019-01-21,9:00p,@,Utah Jazz,W,,109,104,29,19,W 3
2019,POR,2019-01-22,8:00p,@,Oklahoma City Thunder,L,,114,123,29,20,L 1
2019,POR,2019-01-24,9:00p,@,Phoenix Suns,W,,120,106,30,20,W 1
2019,POR,2019-01-26,10:00p,,Atlanta Hawks,W,,120,111,31,20,W 2
2019,POR,2019-01-30,10:30p,,Utah Jazz,W,,132,105,32,20,W 3
2019,POR,2019-02-05,10:30p,,Miami Heat,L,,108,118,32,21,L 1
2019,POR,2019-02-07,10:30p,,San Antonio Spurs,W,,127,118,33,21,W 1
2019,POR,2019-02-10,3:00p,@,Dallas Mavericks,L,,101,102,33,22,L 1
2019,POR,2019-02-11,8:00p,@,Oklahoma City Thunder,L,,111,120,33,23,L 2
2019,POR,2019-02-13,10:30p,,Golden State Warriors,W,,129,107,34,23,W 1
2019,POR,2019-02-21,7:30p,@,Brooklyn Nets,W,,113,99,35,23,W 2
2019,POR,2019-02-23,1:00p,@,Philadelphia 76ers,W,,130,115,36,23,W 3
2019,POR,2019-02-25,7:00p,@,Cleveland Cavaliers,W,,123,110,37,23,W 4
2019,POR,2019-02-27,8:00p,@,Boston Celtics,W,,97,92,38,23,W 5
2019,POR,2019-03-01,8:00p,@,Toronto Raptors,L,,117,119,38,24,L 1
2019,POR,2019-03-03,1:00p,@,Charlotte Hornets,W,,118,108,39,24,W 1
2019,POR,2019-03-05,8:00p,@,Memphis Grizzlies,L,,111,120,39,25,L 1
2019,POR,2019-03-07,10:30p,,Oklahoma City Thunder,L,OT,121,129,39,26,L 2
2019,POR,2019-03-09,10:00p,,Phoenix Suns,W,,127,120,40,26,W 1
2019,POR,2019-03-12,10:30p,@,Los Angeles Clippers,W,,125,104,41,26,W 2
2019,POR,2019-03-15,8:00p,@,New Orleans Pelicans,W,,122,110,42,26,W 3
2019,POR,2019-03-16,8:30p,@,San Antonio Spurs,L,,103,108,42,27,L 1
2019,POR,2019-03-18,10:30p,,Indiana Pacers,W,,106,98,43,27,W 1
2019,POR,2019-03-20,10:00p,,Dallas Mavericks,W,,126,118,44,27,W 2
2019,POR,2019-03-23,10:00p,,Detroit Pistons,W,,117,112,45,27,W 3
2019,POR,2019-03-25,10:00p,,Brooklyn Nets,W,2OT,148,144,46,27,W 4
2019,POR,2019-03-27,8:00p,@,Chicago Bulls,W,,118,98,47,27,W 5
2019,POR,2019-03-29,7:30p,@,Atlanta Hawks,W,,118,98,48,27,W 6
2019,POR,2019-03-30,7:00p,@,Detroit Pistons,L,,90,99,48,28,L 1
2019,POR,2019-04-01,8:00p,@,Minnesota Timberwolves,W,,132,122,49,28,W 1
2019,POR,2019-04-03,10:00p,,Memphis Grizzlies,W,,116,89,50,28,W 2
2019,POR,2019-04-05,10:30p,@,Denver Nuggets,L,,110,119,50,29,L 1
2019,POR,2019-04-07,9:00p,,Denver Nuggets,W,,115,108,51,29,W 1
2019,POR,2019-04-09,10:30p,@,Los Angeles Lakers,W,,104,101,52,29,W 2
2019,POR,2019-04-10,10:30p,,Sacramento Kings,W,,136,131,53,29,W 3
2019,POR,2019-04-14,3:30p,,Oklahoma City Thunder,W,,104,99,1,0,W 1
2019,POR,2019-04-16,10:30p,,Oklahoma City Thunder,W,,114,94,2,0,W 2
2019,POR,2019-04-19,9:30p,@,Oklahoma City Thunder,L,,108,120,2,1,L 1
2019,POR,2019-04-21,9:30p,@,Oklahoma City Thunder,W,,111,98,3,1,W 1
2019,POR,2019-04-23,10:30p,,Oklahoma City Thunder,W,,118,115,4,1,W 2
2019,POR,2019-04-29,10:30p,@,Denver Nuggets,L,,113,121,4,2,L 1
2019,POR,2019-05-01,9:00p,@,Denver Nuggets,W,,97,90,5,2,W 1
2019,POR,2019-05-03,10:30p,,Denver Nuggets,W,4OT,140,137,6,2,W 2
2019,POR,2019-05-05,7:00p,,Denver Nuggets,L,,112,116,6,3,L 1
2019,POR,2019-05-07,10:30p,@,Denver Nuggets,L,,98,124,6,4,L 2
2019,POR,2019-05-09,10:30p,,Denver Nuggets,W,,119,108,7,4,W 1
2019,POR,2019-05-12,3:30p,@,Denver Nuggets,W,,100,96,8,4,W 2
2019,POR,2019-05-14,9:00p,@,Golden State Warriors,L,,94,116,8,5,L 1
2019,POR,2019-05-16,9:00p,@,Golden State Warriors,L,,111,114,8,6,L 2
2019,POR,2019-05-18,9:00p,,Golden State Warriors,L,,99,110,8,7,L 3
2019,POR,2019-05-20,9:00p,,Golden State Warriors,L,OT,117,119,8,8,L 4
2019,SAC,2018-10-17,10:00p,,Utah Jazz,L,,117,123,0,1,L 1
2019,SAC,2018-10-19,8:00p,@,New Orleans Pelicans,L,,129,149,0,2,L 2
2019,SAC,2018-10-21,7:00p,@,Oklahoma City Thunder,W,,131,120,1,2,W 1
2019,SAC,2018-10-23,9:00p,@,Denver Nuggets,L,,112,126,1,3,L 1
2019,SAC,2018-10-24,10:00p,,Memphis Grizzlies,W,,97,92,2,3,W 1
2019,SAC,2018-10-26,10:00p,,Washington Wizards,W,,116,112,3,3,W 2
2019,SAC,2018-10-29,7:30p,@,Miami Heat,W,,123,113,4,3,W 3
2019,SAC,2018-10-30,7:00p,@,Orlando Magic,W,,107,99,5,3,W 4
2019,SAC,2018-11-01,7:30p,@,Atlanta Hawks,W,,146,115,6,3,W 5
2019,SAC,2018-11-04,3:30p,@,Milwaukee Bucks,L,,109,144,6,4,L 1
2019,SAC,2018-11-07,10:00p,,Toronto Raptors,L,,105,114,6,5,L 2
2019,SAC,2018-11-09,10:00p,,Minnesota Timberwolves,W,,121,110,7,5,W 1
2019,SAC,2018-11-10,10:00p,,Los Angeles Lakers,L,,86,101,7,6,L 1
2019,SAC,2018-11-12,10:00p,,San Antonio Spurs,W,,104,99,8,6,W 1
2019,SAC,2018-11-16,8:00p,@,Memphis Grizzlies,L,,104,112,8,7,L 1
2019,SAC,2018-11-17,8:00p,@,Houston Rockets,L,,112,132,8,8,L 2
2019,SAC,2018-11-19,10:00p,,Oklahoma City Thunder,W,,117,113,9,8,W 1
2019,SAC,2018-11-21,9:00p,@,Utah Jazz,W,,119,110,10,8,W 2
2019,SAC,2018-11-24,8:30p,@,Golden State Warriors,L,,116,117,10,9,L 1
2019,SAC,2018-11-25,8:00p,,Utah Jazz,L,,112,133,10,10,L 2
2019,SAC,2018-11-29,10:30p,,Los Angeles Clippers,L,,121,133,10,11,L 3
2019,SAC,2018-12-01,10:00p,,Indiana Pacers,W,,111,110,11,11,W 1
2019,SAC,2018-12-04,9:00p,@,Phoenix Suns,W,,122,105,12,11,W 2
2019,SAC,2018-12-07,7:30p,@,Cleveland Cavaliers,W,,129,110,13,11,W 3
2019,SAC,2018-12-08,7:00p,@,Indiana Pacers,L,,97,107,13,12,L 1
2019,SAC,2018-12-10,8:00p,@,Chicago Bulls,W,,108,89,14,12,W 1
2019,SAC,2018-12-12,10:00p,,Minnesota Timberwolves,W,,141,130,15,12,W 2
2019,SAC,2018-12-14,10:00p,,Golden State Warriors,L,,125,130,15,13,L 1
2019,SAC,2018-12-16,7:00p,@,Dallas Mavericks,W,,120,113,16,13,W 1
2019,SAC,2018-12-17,8:00p,@,Minnesota Timberwolves,L,,105,132,16,14,L 1
2019,SAC,2018-12-19,10:00p,,Oklahoma City Thunder,L,,113,132,16,15,L 2
2019,SAC,2018-12-21,10:00p,,Memphis Grizzlies,W,,102,99,17,15,W 1
2019,SAC,2018-12-23,6:00p,,New Orleans Pelicans,W,,122,117,18,15,W 2
2019,SAC,2018-12-26,10:30p,@,Los Angeles Clippers,L,,118,127,18,16,L 1
2019,SAC,2018-12-27,10:00p,,Los Angeles Lakers,W,,117,116,19,16,W 1
2019,SAC,2018-12-30,9:30p,@,Los Angeles Lakers,L,,114,121,19,17,L 1
2019,SAC,2019-01-01,9:00p,,Portland Trail Blazers,L,OT,108,113,19,18,L 2
2019,SAC,2019-01-03,10:00p,,Denver Nuggets,L,,113,117,19,19,L 3
2019,SAC,2019-01-05,10:00p,,Golden State Warriors,L,,123,127,19,20,L 4
2019,SAC,2019-01-07,10:00p,,Orlando Magic,W,,111,95,20,20,W 1
2019,SAC,2019-01-08,9:00p,@,Phoenix Suns,L,,111,115,20,21,L 1
2019,SAC,2019-01-10,10:00p,,Detroit Pistons,W,,112,102,21,21,W 1
2019,SAC,2019-01-12,10:00p,,Charlotte Hornets,W,,104,97,22,21,W 2
2019,SAC,2019-01-14,10:00p,,Portland Trail Blazers,W,,115,107,23,21,W 3
2019,SAC,2019-01-17,7:00p,@,Charlotte Hornets,L,,95,114,23,22,L 1
2019,SAC,2019-01-19,7:00p,@,Detroit Pistons,W,,103,101,24,22,W 1
2019,SAC,2019-01-21,3:30p,@,Brooklyn Nets,L,,94,123,24,23,L 1
2019,SAC,2019-01-22,7:00p,@,Toronto Raptors,L,,105,120,24,24,L 2
2019,SAC,2019-01-25,8:00p,@,Memphis Grizzlies,W,,99,96,25,24,W 1
2019,SAC,2019-01-27,3:30p,@,Los Angeles Clippers,L,,108,122,25,25,L 1
2019,SAC,2019-01-30,10:00p,,Atlanta Hawks,W,,135,113,26,25,W 1
2019,SAC,2019-02-02,10:00p,,Philadelphia 76ers,W,,115,108,27,25,W 2
2019,SAC,2019-02-04,10:00p,,San Antonio Spurs,W,,127,112,28,25,W 3
2019,SAC,2019-02-06,10:00p,,Houston Rockets,L,,101,127,28,26,L 1
2019,SAC,2019-02-08,10:00p,,Miami Heat,W,,102,96,29,26,W 1
2019,SAC,2019-02-10,6:00p,,Phoenix Suns,W,,117,104,30,26,W 2
2019,SAC,2019-02-13,9:00p,@,Denver Nuggets,L,,118,120,30,27,L 1
2019,SAC,2019-02-21,10:30p,@,Golden State Warriors,L,,123,125,30,28,L 2
2019,SAC,2019-02-23,8:00p,@,Oklahoma City Thunder,W,,119,116,31,28,W 1
2019,SAC,2019-02-25,8:00p,@,Minnesota Timberwolves,L,,105,112,31,29,L 1
2019,SAC,2019-02-27,10:00p,,Milwaukee Bucks,L,OT,140,141,31,30,L 2
2019,SAC,2019-03-01,10:00p,,Los Angeles Clippers,L,,109,116,31,31,L 3
2019,SAC,2019-03-04,10:00p,,New York Knicks,W,,115,108,32,31,W 1
2019,SAC,2019-03-06,10:00p,,Boston Celtics,L,,109,111,32,32,L 1
2019,SAC,2019-03-09,12:00p,@,New York Knicks,W,,102,94,33,32,W 1
2019,SAC,2019-03-11,7:00p,@,Washington Wizards,L,,115,121,33,33,L 1
2019,SAC,2019-03-14,7:30p,@,Boston Celtics,L,,120,126,33,34,L 2
2019,SAC,2019-03-15,7:00p,@,Philadelphia 76ers,L,,114,123,33,35,L 3
2019,SAC,2019-03-17,6:00p,,Chicago Bulls,W,,129,102,34,35,W 1
2019,SAC,2019-03-19,10:00p,,Brooklyn Nets,L,,121,123,34,36,L 1
2019,SAC,2019-03-21,10:00p,,Dallas Mavericks,W,,116,100,35,36,W 1
2019,SAC,2019-03-23,10:00p,,Phoenix Suns,W,,112,103,36,36,W 2
2019,SAC,2019-03-24,9:30p,@,Los Angeles Lakers,L,,106,111,36,37,L 1
2019,SAC,2019-03-26,8:30p,@,Dallas Mavericks,W,,125,121,37,37,W 1
2019,SAC,2019-03-28,8:00p,@,New Orleans Pelicans,L,,118,121,37,38,L 1
2019,SAC,2019-03-30,6:00p,@,Houston Rockets,L,,108,119,37,39,L 2
2019,SAC,2019-03-31,7:00p,@,San Antonio Spurs,W,,113,106,38,39,W 1
2019,SAC,2019-04-02,10:00p,,Houston Rockets,L,,105,130,38,40,L 1
2019,SAC,2019-04-04,10:00p,,Cleveland Cavaliers,W,,117,104,39,40,W 1
2019,SAC,2019-04-05,9:00p,@,Utah Jazz,L,,98,119,39,41,L 1
2019,SAC,2019-04-07,9:00p,,New Orleans Pelicans,L,,129,133,39,42,L 2
2019,SAC,2019-04-10,10:30p,@,Portland Trail Blazers,L,,131,136,39,43,L 3
2019,SAS,2018-10-17,8:30p,,Minnesota Timberwolves,W,,112,108,1,0,W 1
2019,SAS,2018-10-20,10:00p,@,Portland Trail Blazers,L,,108,121,1,1,L 1
2019,SAS,2018-10-22,10:30p,@,Los Angeles Lakers,W,OT,143,142,2,1,W 1
2019,SAS,2018-10-24,8:30p,,Indiana Pacers,L,,96,116,2,2,L 1
2019,SAS,2018-10-27,8:30p,,Los Angeles Lakers,W,,110,106,3,2,W 1
2019,SAS,2018-10-29,8:30p,,Dallas Mavericks,W,OT,113,108,4,2,W 2
2019,SAS,2018-10-31,10:30p,@,Phoenix Suns,W,,120,90,5,2,W 3
2019,SAS,2018-11-03,8:30p,,New Orleans Pelicans,W,,109,95,6,2,W 4
2019,SAS,2018-11-04,7:00p,,Orlando Magic,L,,110,117,6,3,L 1
2019,SAS,2018-11-07,7:30p,@,Miami Heat,L,,88,95,6,4,L 2
2019,SAS,2018-11-10,8:30p,,Houston Rockets,W,,96,89,7,4,W 1
2019,SAS,2018-11-12,10:00p,@,Sacramento Kings,L,,99,104,7,5,L 1
2019,SAS,2018-11-14,9:00p,@,Phoenix Suns,L,,96,116,7,6,L 2
2019,SAS,2018-11-15,10:30p,@,Los Angeles Clippers,L,,111,116,7,7,L 3
2019,SAS,2018-11-18,7:00p,,Golden State Warriors,W,,104,92,8,7,W 1
2019,SAS,2018-11-19,8:00p,@,New Orleans Pelicans,L,,126,140,8,8,L 1
2019,SAS,2018-11-21,8:30p,,Memphis Grizzlies,L,,103,104,8,9,L 2
2019,SAS,2018-11-23,8:00p,@,Indiana Pacers,W,,111,100,9,9,W 1
2019,SAS,2018-11-24,8:30p,@,Milwaukee Bucks,L,,129,135,9,10,L 1
2019,SAS,2018-11-26,8:00p,@,Chicago Bulls,W,,108,107,10,10,W 1
2019,SAS,2018-11-28,8:00p,@,Minnesota Timberwolves,L,,89,128,10,11,L 1
2019,SAS,2018-11-30,8:00p,,Houston Rockets,L,,105,136,10,12,L 2
2019,SAS,2018-12-02,7:00p,,Portland Trail Blazers,W,,131,118,11,12,W 1
2019,SAS,2018-12-04,9:00p,@,Utah Jazz,L,,105,139,11,13,L 1
2019,SAS,2018-12-05,10:30p,@,Los Angeles Lakers,L,,113,121,11,14,L 2
2019,SAS,2018-12-07,8:30p,,Los Angeles Lakers,W,,133,120,12,14,W 1
2019,SAS,2018-12-09,7:00p,,Utah Jazz,W,,110,97,13,14,W 2
2019,SAS,2018-12-11,8:30p,,Phoenix Suns,W,,111,86,14,14,W 3
2019,SAS,2018-12-13,8:30p,,Los Angeles Clippers,W,,125,87,15,14,W 4
2019,SAS,2018-12-15,8:30p,,Chicago Bulls,L,,93,98,15,15,L 1
2019,SAS,2018-12-17,8:30p,,Philadelphia 76ers,W,,123,96,16,15,W 1
2019,SAS,2018-12-19,7:00p,@,Orlando Magic,W,,129,90,17,15,W 2
2019,SAS,2018-12-21,8:30p,,Minnesota Timberwolves,W,,124,98,18,15,W 3
2019,SAS,2018-12-22,8:00p,@,Houston Rockets,L,,101,108,18,16,L 1
2019,SAS,2018-12-26,8:30p,,Denver Nuggets,W,,111,103,19,16,W 1
2019,SAS,2018-12-28,9:00p,@,Denver Nuggets,L,,99,102,19,17,L 1
2019,SAS,2018-12-29,10:30p,@,Los Angeles Clippers,W,,122,111,20,17,W 1
2019,SAS,2018-12-31,7:00p,,Boston Celtics,W,,120,111,21,17,W 2
2019,SAS,2019-01-03,8:00p,,Toronto Raptors,W,,125,107,22,17,W 3
2019,SAS,2019-01-05,8:30p,,Memphis Grizzlies,W,,108,88,23,17,W 4
2019,SAS,2019-01-07,7:00p,@,Detroit Pistons,W,,119,107,24,17,W 5
2019,SAS,2019-01-09,8:00p,@,Memphis Grizzlies,L,,86,96,24,18,L 1
2019,SAS,2019-01-10,9:30p,,Oklahoma City Thunder,W,2OT,154,147,25,18,W 1
2019,SAS,2019-01-12,8:00p,@,Oklahoma City Thunder,L,,112,122,25,19,L 1
2019,SAS,2019-01-14,8:30p,,Charlotte Hornets,L,,93,108,25,20,L 2
2019,SAS,2019-01-16,8:30p,@,Dallas Mavericks,W,,105,101,26,20,W 1
2019,SAS,2019-01-18,8:00p,@,Minnesota Timberwolves,W,,116,113,27,20,W 2
2019,SAS,2019-01-20,7:00p,,Los Angeles Clippers,L,,95,103,27,21,L 1
2019,SAS,2019-01-23,8:00p,@,Philadelphia 76ers,L,,120,122,27,22,L 2
2019,SAS,2019-01-26,6:00p,@,New Orleans Pelicans,W,,126,114,28,22,W 1
2019,SAS,2019-01-27,7:00p,,Washington Wizards,W,,132,119,29,22,W 2
2019,SAS,2019-01-29,8:30p,,Phoenix Suns,W,,126,124,30,22,W 3
2019,SAS,2019-01-31,8:30p,,Brooklyn Nets,W,,117,114,31,22,W 4
2019,SAS,2019-02-02,8:30p,,New Orleans Pelicans,W,,113,108,32,22,W 5
2019,SAS,2019-02-04,10:00p,@,Sacramento Kings,L,,112,127,32,23,L 1
2019,SAS,2019-02-06,10:30p,@,Golden State Warriors,L,,102,141,32,24,L 2
2019,SAS,2019-02-07,10:30p,@,Portland Trail Blazers,L,,118,127,32,25,L 3
2019,SAS,2019-02-09,5:00p,@,Utah Jazz,L,,105,125,32,26,L 4
2019,SAS,2019-02-12,8:00p,@,Memphis Grizzlies,W,,108,107,33,26,W 1
2019,SAS,2019-02-22,7:00p,@,Toronto Raptors,L,,117,120,33,27,L 1
2019,SAS,2019-02-24,7:30p,@,New York Knicks,L,,118,130,33,28,L 2
2019,SAS,2019-02-25,7:30p,@,Brooklyn Nets,L,,85,101,33,29,L 3
2019,SAS,2019-02-27,8:30p,,Detroit Pistons,W,,105,93,34,29,W 1
2019,SAS,2019-03-02,8:30p,,Oklahoma City Thunder,W,,116,102,35,29,W 2
2019,SAS,2019-03-04,8:30p,,Denver Nuggets,W,,104,103,36,29,W 3
2019,SAS,2019-03-06,7:30p,@,Atlanta Hawks,W,,111,104,37,29,W 4
2019,SAS,2019-03-10,8:00p,,Milwaukee Bucks,W,,121,114,38,29,W 5
2019,SAS,2019-03-12,8:00p,@,Dallas Mavericks,W,,112,105,39,29,W 6
2019,SAS,2019-03-15,8:30p,,New York Knicks,W,,109,83,40,29,W 7
2019,SAS,2019-03-16,8:30p,,Portland Trail Blazers,W,,108,103,41,29,W 8
2019,SAS,2019-03-18,8:00p,,Golden State Warriors,W,,111,105,42,29,W 9
2019,SAS,2019-03-20,8:30p,,Miami Heat,L,,105,110,42,30,L 1
2019,SAS,2019-03-22,8:00p,@,Houston Rockets,L,,105,111,42,31,L 2
2019,SAS,2019-03-24,7:30p,@,Boston Celtics,W,,115,96,43,31,W 1
2019,SAS,2019-03-26,7:00p,@,Charlotte Hornets,L,OT,116,125,43,32,L 1
2019,SAS,2019-03-28,8:30p,,Cleveland Cavaliers,W,,116,110,44,32,W 1
2019,SAS,2019-03-31,7:00p,,Sacramento Kings,L,,106,113,44,33,L 1
2019,SAS,2019-04-02,8:30p,,Atlanta Hawks,W,,117,111,45,33,W 1
2019,SAS,2019-04-03,9:00p,@,Denver Nuggets,L,,85,113,45,34,L 1
2019,SAS,2019-04-05,7:00p,@,Washington Wizards,W,,129,112,46,34,W 1
2019,SAS,2019-04-07,3:00p,@,Cleveland Cavaliers,W,,112,90,47,34,W 2
2019,SAS,2019-04-10,8:00p,,Dallas Mavericks,W,,105,94,48,34,W 3
2019,SAS,2019-04-13,10:30p,@,Denver Nuggets,W,,101,96,1,0,W 1
2019,SAS,2019-04-16,9:00p,@,Denver Nuggets,L,,105,114,1,1,L 1
2019,SAS,2019-04-18,9:00p,,Denver Nuggets,W,,118,108,2,1,W 1
2019,SAS,2019-04-20,5:30p,,Denver Nuggets,L,,103,117,2,2,L 1
2019,SAS,2019-04-23,9:30p,@,Denver Nuggets,L,,90,108,2,3,L 2
2019,SAS,2019-04-25,8:00p,,Denver Nuggets,W,,120,103,3,3,W 1
2019,SAS,2019-04-27,10:00p,@,Denver Nuggets,L,,86,90,3,4,L 1
2019,TOR,2018-10-17,7:30p,,Cleveland Cavaliers,W,,116,104,1,0,W 1
2019,TOR,2018-10-19,8:00p,,Boston Celtics,W,,113,101,2,0,W 2
2019,TOR,2018-10-20,7:00p,@,Washington Wizards,W,,117,113,3,0,W 3
2019,TOR,2018-10-22,7:30p,,Charlotte Hornets,W,,127,106,4,0,W 4
2019,TOR,2018-10-24,7:30p,,Minnesota Timberwolves,W,,112,105,5,0,W 5
2019,TOR,2018-10-26,7:30p,,Dallas Mavericks,W,,116,107,6,0,W 6
2019,TOR,2018-10-29,8:00p,@,Milwaukee Bucks,L,,109,124,6,1,L 1
2019,TOR,2018-10-30,7:30p,,Philadelphia 76ers,W,,129,112,7,1,W 1
2019,TOR,2018-11-02,10:00p,@,Phoenix Suns,W,,107,98,8,1,W 2
2019,TOR,2018-11-04,9:30p,@,Los Angeles Lakers,W,,121,107,9,1,W 3
2019,TOR,2018-11-05,9:00p,@,Utah Jazz,W,,124,111,10,1,W 4
2019,TOR,2018-11-07,10:00p,@,Sacramento Kings,W,,114,105,11,1,W 5
2019,TOR,2018-11-10,3:00p,,New York Knicks,W,,128,112,12,1,W 6
2019,TOR,2018-11-12,7:30p,,New Orleans Pelicans,L,,110,126,12,2,L 1
2019,TOR,2018-11-14,7:30p,,Detroit Pistons,L,,104,106,12,3,L 2
2019,TOR,2018-11-16,7:00p,@,Boston Celtics,L,OT,116,123,12,4,L 3
2019,TOR,2018-11-17,8:00p,@,Chicago Bulls,W,,122,83,13,4,W 1
2019,TOR,2018-11-20,7:00p,@,Orlando Magic,W,,93,91,14,4,W 2
2019,TOR,2018-11-21,7:30p,@,Atlanta Hawks,W,,124,108,15,4,W 3
2019,TOR,2018-11-23,7:30p,,Washington Wizards,W,,125,107,16,4,W 4
2019,TOR,2018-11-25,6:00p,,Miami Heat,W,,125,115,17,4,W 5
2019,TOR,2018-11-27,8:00p,@,Memphis Grizzlies,W,,122,114,18,4,W 6
2019,TOR,2018-11-29,8:00p,,Golden State Warriors,W,OT,131,128,19,4,W 7
2019,TOR,2018-12-01,8:00p,@,Cleveland Cavaliers,W,,106,95,20,4,W 8
2019,TOR,2018-12-03,7:30p,,Denver Nuggets,L,,103,106,20,5,L 1
2019,TOR,2018-12-05,8:00p,,Philadelphia 76ers,W,,113,102,21,5,W 1
2019,TOR,2018-12-07,7:30p,@,Brooklyn Nets,L,OT,105,106,21,6,L 1
2019,TOR,2018-12-09,6:00p,,Milwaukee Bucks,L,,99,104,21,7,L 2
2019,TOR,2018-12-11,10:30p,@,Los Angeles Clippers,W,,123,99,22,7,W 1
2019,TOR,2018-12-12,10:30p,@,Golden State Warriors,W,,113,93,23,7,W 2
2019,TOR,2018-12-14,10:00p,@,Portland Trail Blazers,L,,122,128,23,8,L 1
2019,TOR,2018-12-16,8:00p,@,Denver Nuggets,L,,86,95,23,9,L 2
2019,TOR,2018-12-19,7:30p,,Indiana Pacers,W,,99,96,24,9,W 1
2019,TOR,2018-12-21,7:00p,,Cleveland Cavaliers,W,,126,110,25,9,W 2
2019,TOR,2018-12-22,7:30p,@,Philadelphia 76ers,L,,101,126,25,10,L 1
2019,TOR,2018-12-26,7:30p,@,Miami Heat,W,,106,104,26,10,W 1
2019,TOR,2018-12-28,7:00p,@,Orlando Magic,L,,87,116,26,11,L 1
2019,TOR,2018-12-30,6:00p,,Chicago Bulls,W,,95,89,27,11,W 1
2019,TOR,2019-01-01,7:30p,,Utah Jazz,W,,122,116,28,11,W 2
2019,TOR,2019-01-03,8:00p,@,San Antonio Spurs,L,,107,125,28,12,L 1
2019,TOR,2019-01-05,8:30p,@,Milwaukee Bucks,W,,123,116,29,12,W 1
2019,TOR,2019-01-06,7:30p,,Indiana Pacers,W,,121,105,30,12,W 2
2019,TOR,2019-01-08,7:30p,,Atlanta Hawks,W,,104,101,31,12,W 3
2019,TOR,2019-01-11,7:30p,,Brooklyn Nets,W,,122,105,32,12,W 4
2019,TOR,2019-01-13,1:00p,@,Washington Wizards,W,2OT,140,138,33,12,W 5
2019,TOR,2019-01-16,8:00p,@,Boston Celtics,L,,108,117,33,13,L 1
2019,TOR,2019-01-17,7:30p,,Phoenix Suns,W,,111,109,34,13,W 1
2019,TOR,2019-01-19,7:30p,,Memphis Grizzlies,W,,119,90,35,13,W 2
2019,TOR,2019-01-22,7:00p,,Sacramento Kings,W,,120,105,36,13,W 3
2019,TOR,2019-01-23,7:00p,@,Indiana Pacers,L,,106,110,36,14,L 1
2019,TOR,2019-01-25,8:00p,@,Houston Rockets,L,,119,121,36,15,L 2
2019,TOR,2019-01-27,7:00p,@,Dallas Mavericks,W,,123,120,37,15,W 1
2019,TOR,2019-01-31,8:00p,,Milwaukee Bucks,L,,92,105,37,16,L 1
2019,TOR,2019-02-03,3:00p,,Los Angeles Clippers,W,,121,103,38,16,W 1
2019,TOR,2019-02-05,8:00p,@,Philadelphia 76ers,W,,119,107,39,16,W 2
2019,TOR,2019-02-07,7:30p,@,Atlanta Hawks,W,,119,101,40,16,W 3
2019,TOR,2019-02-09,7:30p,@,New York Knicks,W,,104,99,41,16,W 4
2019,TOR,2019-02-11,7:30p,,Brooklyn Nets,W,,127,125,42,16,W 5
2019,TOR,2019-02-13,7:30p,,Washington Wizards,W,,129,120,43,16,W 6
2019,TOR,2019-02-22,7:00p,,San Antonio Spurs,W,,120,117,44,16,W 7
2019,TOR,2019-02-24,3:30p,,Orlando Magic,L,,98,113,44,17,L 1
2019,TOR,2019-02-26,8:00p,,Boston Celtics,W,,118,95,45,17,W 1
2019,TOR,2019-03-01,8:00p,,Portland Trail Blazers,W,,119,117,46,17,W 2
2019,TOR,2019-03-03,6:00p,@,Detroit Pistons,L,OT,107,112,46,18,L 1
2019,TOR,2019-03-05,8:00p,,Houston Rockets,L,,95,107,46,19,L 2
2019,TOR,2019-03-08,8:00p,@,New Orleans Pelicans,W,,127,104,47,19,W 1
2019,TOR,2019-03-10,3:30p,@,Miami Heat,W,,125,104,48,19,W 2
2019,TOR,2019-03-11,7:00p,@,Cleveland Cavaliers,L,,101,126,48,20,L 1
2019,TOR,2019-03-14,8:00p,,Los Angeles Lakers,W,,111,98,49,20,W 1
2019,TOR,2019-03-17,4:00p,@,Detroit Pistons,L,,107,110,49,21,L 1
2019,TOR,2019-03-18,7:30p,,New York Knicks,W,,128,92,50,21,W 1
2019,TOR,2019-03-20,9:30p,@,Oklahoma City Thunder,W,OT,123,114,51,21,W 2
2019,TOR,2019-03-22,7:30p,,Oklahoma City Thunder,L,,109,116,51,22,L 1
2019,TOR,2019-03-24,6:00p,,Charlotte Hornets,L,,114,115,51,23,L 2
2019,TOR,2019-03-26,7:30p,,Chicago Bulls,W,,112,103,52,23,W 1
2019,TOR,2019-03-28,7:30p,@,New York Knicks,W,,117,92,53,23,W 2
2019,TOR,2019-03-30,8:00p,@,Chicago Bulls,W,,124,101,54,23,W 3
2019,TOR,2019-04-01,7:30p,,Orlando Magic,W,,121,109,55,23,W 4
2019,TOR,2019-04-03,7:30p,@,Brooklyn Nets,W,,115,105,56,23,W 5
2019,TOR,2019-04-05,7:00p,@,Charlotte Hornets,L,,111,113,56,24,L 1
2019,TOR,2019-04-07,12:00p,,Miami Heat,W,OT,117,109,57,24,W 1
2019,TOR,2019-04-09,8:00p,@,Minnesota Timberwolves,W,,120,100,58,24,W 2
2019,TOR,2019-04-13,5:00p,,Orlando Magic,L,,101,104,0,1,L 1
2019,TOR,2019-04-16,8:00p,,Orlando Magic,W,,111,82,1,1,W 1
2019,TOR,2019-04-19,7:00p,@,Orlando Magic,W,,98,93,2,1,W 2
2019,TOR,2019-04-21,7:00p,@,Orlando Magic,W,,107,85,3,1,W 3
2019,TOR,2019-04-23,7:00p,,Orlando Magic,W,,115,96,4,1,W 4
2019,TOR,2019-04-27,7:30p,,Philadelphia 76ers,W,,108,95,5,1,W 5
2019,TOR,2019-04-29,8:00p,,Philadelphia 76ers,L,,89,94,5,2,L 1
2019,TOR,2019-05-02,8:00p,@,Philadelphia 76ers,L,,95,116,5,3,L 2
2019,TOR,2019-05-05,3:30p,@,Philadelphia 76ers,W,,101,96,6,3,W 1
2019,TOR,2019-05-07,8:00p,,Philadelphia 76ers,W,,125,89,7,3,W 2
2019,TOR,2019-05-09,8:00p,@,Philadelphia 76ers,L,,101,112,7,4,L 1
2019,TOR,2019-05-12,7:00p,,Philadelphia 76ers,W,,92,90,8,4,W 1
2019,TOR,2019-05-15,8:30p,@,Milwaukee Bucks,L,,100,108,8,5,L 1
2019,TOR,2019-05-17,8:30p,@,Milwaukee Bucks,L,,103,125,8,6,L 2
2019,TOR,2019-05-19,7:00p,,Milwaukee Bucks,W,2OT,118,112,9,6,W 1
2019,TOR,2019-05-21,8:30p,,Milwaukee Bucks,W,,120,102,10,6,W 2
2019,TOR,2019-05-23,8:30p,@,Milwaukee Bucks,W,,105,99,11,6,W 3
2019,TOR,2019-05-25,8:30p,,Milwaukee Bucks,W,,100,94,12,6,W 4
2019,TOR,2019-05-30,9:00p,,Golden State Warriors,W,,118,109,13,6,W 5
2019,TOR,2019-06-02,8:00p,,Golden State Warriors,L,,104,109,13,7,L 1
2019,TOR,2019-06-05,9:00p,@,Golden State Warriors,W,,123,109,14,7,W 1
2019,TOR,2019-06-07,9:00p,@,Golden State Warriors,W,,105,92,15,7,W 2
2019,TOR,2019-06-10,9:00p,,Golden State Warriors,L,,105,106,15,8,L 1
2019,TOR,2019-06-13,9:00p,@,Golden State Warriors,W,,114,110,16,8,W 1
2019,UTA,2018-10-17,10:00p,@,Sacramento Kings,W,,123,117,1,0,W 1
2019,UTA,2018-10-19,10:30p,,Golden State Warriors,L,,123,124,1,1,L 1
2019,UTA,2018-10-22,9:00p,,Memphis Grizzlies,L,,84,92,1,2,L 2
2019,UTA,2018-10-24,8:00p,@,Houston Rockets,W,,100,89,2,2,W 1
2019,UTA,2018-10-27,7:00p,@,New Orleans Pelicans,W,,132,111,3,2,W 2
2019,UTA,2018-10-28,7:00p,@,Dallas Mavericks,W,,113,104,4,2,W 3
2019,UTA,2018-10-31,8:00p,@,Minnesota Timberwolves,L,,125,128,4,3,L 1
2019,UTA,2018-11-02,9:00p,,Memphis Grizzlies,L,,100,110,4,4,L 2
2019,UTA,2018-11-03,9:00p,@,Denver Nuggets,L,,88,103,4,5,L 3
2019,UTA,2018-11-05,9:00p,,Toronto Raptors,L,,111,124,4,6,L 4
2019,UTA,2018-11-07,9:00p,,Dallas Mavericks,W,,117,102,5,6,W 1
2019,UTA,2018-11-09,9:30p,,Boston Celtics,W,,123,115,6,6,W 2
2019,UTA,2018-11-12,8:00p,@,Memphis Grizzlies,W,,96,88,7,6,W 3
2019,UTA,2018-11-14,8:30p,@,Dallas Mavericks,L,,68,118,7,7,L 1
2019,UTA,2018-11-16,7:00p,@,Philadelphia 76ers,L,,107,113,7,8,L 2
2019,UTA,2018-11-17,7:30p,@,Boston Celtics,W,,98,86,8,8,W 1
2019,UTA,2018-11-19,7:00p,@,Indiana Pacers,L,,94,121,8,9,L 1
2019,UTA,2018-11-21,9:00p,,Sacramento Kings,L,,110,119,8,10,L 2
2019,UTA,2018-11-23,10:30p,@,Los Angeles Lakers,L,,83,90,8,11,L 3
2019,UTA,2018-11-25,8:00p,@,Sacramento Kings,W,,133,112,9,11,W 1
2019,UTA,2018-11-26,9:00p,,Indiana Pacers,L,,88,121,9,12,L 1
2019,UTA,2018-11-28,7:30p,@,Brooklyn Nets,W,,101,91,10,12,W 1
2019,UTA,2018-11-30,7:00p,@,Charlotte Hornets,W,,119,111,11,12,W 2
2019,UTA,2018-12-02,6:00p,@,Miami Heat,L,,100,102,11,13,L 1
2019,UTA,2018-12-04,9:00p,,San Antonio Spurs,W,,139,105,12,13,W 1
2019,UTA,2018-12-06,10:30p,,Houston Rockets,W,,118,91,13,13,W 2
2019,UTA,2018-12-09,7:00p,@,San Antonio Spurs,L,,97,110,13,14,L 1
2019,UTA,2018-12-10,8:00p,@,Oklahoma City Thunder,L,,113,122,13,15,L 2
2019,UTA,2018-12-12,9:00p,,Miami Heat,W,,111,84,14,15,W 1
2019,UTA,2018-12-15,5:00p,@,Orlando Magic,L,,89,96,14,16,L 1
2019,UTA,2018-12-17,8:00p,@,Houston Rockets,L,,97,102,14,17,L 2
2019,UTA,2018-12-19,9:00p,,Golden State Warriors,W,,108,103,15,17,W 1
2019,UTA,2018-12-21,10:00p,@,Portland Trail Blazers,W,,120,90,16,17,W 2
2019,UTA,2018-12-22,9:00p,,Oklahoma City Thunder,L,,106,107,16,18,L 1
2019,UTA,2018-12-25,10:30p,,Portland Trail Blazers,W,,117,96,17,18,W 1
2019,UTA,2018-12-27,10:30p,,Philadelphia 76ers,L,,97,114,17,19,L 1
2019,UTA,2018-12-29,8:00p,,New York Knicks,W,,129,97,18,19,W 1
2019,UTA,2019-01-01,7:30p,@,Toronto Raptors,L,,116,122,18,20,L 1
2019,UTA,2019-01-04,7:30p,@,Cleveland Cavaliers,W,,117,91,19,20,W 1
2019,UTA,2019-01-05,7:00p,@,Detroit Pistons,W,,110,105,20,20,W 2
2019,UTA,2019-01-07,8:00p,@,Milwaukee Bucks,L,,102,114,20,21,L 1
2019,UTA,2019-01-09,9:00p,,Orlando Magic,W,,106,93,21,21,W 1
2019,UTA,2019-01-11,10:00p,,Los Angeles Lakers,W,,113,95,22,21,W 2
2019,UTA,2019-01-12,10:00p,,Chicago Bulls,W,,110,102,23,21,W 3
2019,UTA,2019-01-14,9:00p,,Detroit Pistons,W,,100,94,24,21,W 4
2019,UTA,2019-01-16,10:30p,@,Los Angeles Clippers,W,,129,109,25,21,W 5
2019,UTA,2019-01-18,9:00p,,Cleveland Cavaliers,W,,115,99,26,21,W 6
2019,UTA,2019-01-21,9:00p,,Portland Trail Blazers,L,,104,109,26,22,L 1
2019,UTA,2019-01-23,10:30p,,Denver Nuggets,W,,114,108,27,22,W 1
2019,UTA,2019-01-25,9:00p,,Minnesota Timberwolves,W,,106,102,28,22,W 2
2019,UTA,2019-01-27,7:00p,@,Minnesota Timberwolves,W,,125,111,29,22,W 3
2019,UTA,2019-01-30,10:30p,@,Portland Trail Blazers,L,,105,132,29,23,L 1
2019,UTA,2019-02-01,9:00p,,Atlanta Hawks,W,,128,112,30,23,W 1
2019,UTA,2019-02-02,9:00p,,Houston Rockets,L,,98,125,30,24,L 1
2019,UTA,2019-02-06,9:00p,,Phoenix Suns,W,,116,88,31,24,W 1
2019,UTA,2019-02-09,5:00p,,San Antonio Spurs,W,,125,105,32,24,W 2
2019,UTA,2019-02-12,10:30p,@,Golden State Warriors,L,,108,115,32,25,L 1
2019,UTA,2019-02-22,9:30p,@,Oklahoma City Thunder,L,2OT,147,148,32,26,L 2
2019,UTA,2019-02-23,10:00p,,Dallas Mavericks,W,,125,109,33,26,W 1
2019,UTA,2019-02-27,9:00p,,Los Angeles Clippers,W,,111,105,34,26,W 2
2019,UTA,2019-02-28,10:30p,@,Denver Nuggets,W,,111,104,35,26,W 3
2019,UTA,2019-03-02,9:00p,,Milwaukee Bucks,W,,115,111,36,26,W 4
2019,UTA,2019-03-04,9:00p,,New Orleans Pelicans,L,,112,115,36,27,L 1
2019,UTA,2019-03-06,8:00p,@,New Orleans Pelicans,W,,114,104,37,27,W 1
2019,UTA,2019-03-08,8:00p,@,Memphis Grizzlies,L,,104,114,37,28,L 1
2019,UTA,2019-03-11,9:00p,,Oklahoma City Thunder,L,,89,98,37,29,L 2
2019,UTA,2019-03-13,10:00p,@,Phoenix Suns,W,,114,97,38,29,W 1
2019,UTA,2019-03-14,9:00p,,Minnesota Timberwolves,W,,120,100,39,29,W 2
2019,UTA,2019-03-16,9:00p,,Brooklyn Nets,W,,114,98,40,29,W 3
2019,UTA,2019-03-18,7:00p,@,Washington Wizards,W,,116,95,41,29,W 4
2019,UTA,2019-03-20,7:30p,@,New York Knicks,W,,137,116,42,29,W 5
2019,UTA,2019-03-21,7:30p,@,Atlanta Hawks,L,,114,117,42,30,L 1
2019,UTA,2019-03-23,8:00p,@,Chicago Bulls,W,,114,83,43,30,W 1
2019,UTA,2019-03-25,9:00p,,Phoenix Suns,W,,125,92,44,30,W 2
2019,UTA,2019-03-27,10:30p,,Los Angeles Lakers,W,,115,100,45,30,W 3
2019,UTA,2019-03-29,9:00p,,Washington Wizards,W,,128,124,46,30,W 4
2019,UTA,2019-04-01,9:00p,,Charlotte Hornets,W,,111,102,47,30,W 5
2019,UTA,2019-04-03,10:00p,@,Phoenix Suns,W,,118,97,48,30,W 6
2019,UTA,2019-04-05,9:00p,,Sacramento Kings,W,,119,98,49,30,W 7
2019,UTA,2019-04-07,9:30p,@,Los Angeles Lakers,L,,109,113,49,31,L 1
2019,UTA,2019-04-09,9:00p,,Denver Nuggets,W,,118,108,50,31,W 1
2019,UTA,2019-04-10,10:30p,@,Los Angeles Clippers,L,OT,137,143,50,32,L 1
2019,UTA,2019-04-14,9:30p,@,Houston Rockets,L,,90,122,0,1,L 1
2019,UTA,2019-04-17,9:30p,@,Houston Rockets,L,,98,118,0,2,L 2
2019,UTA,2019-04-20,10:30p,,Houston Rockets,L,,101,104,0,3,L 3
2019,UTA,2019-04-22,10:30p,,Houston Rockets,W,,107,91,1,3,W 1
2019,UTA,2019-04-24,8:00p,@,Houston Rockets,L,,93,100,1,4,L 1
2019,WAS,2018-10-18,8:00p,,Miami Heat,L,,112,113,0,1,L 1
2019,WAS,2018-10-20,7:00p,,Toronto Raptors,L,,113,117,0,2,L 2
2019,WAS,2018-10-22,10:00p,@,Portland Trail Blazers,W,OT,125,124,1,2,W 1
2019,WAS,2018-10-24,10:30p,@,Golden State Warriors,L,,122,144,1,3,L 1
2019,WAS,2018-10-26,10:00p,@,Sacramento Kings,L,,112,116,1,4,L 2
2019,WAS,2018-10-28,9:30p,@,Los Angeles Clippers,L,,104,136,1,5,L 3
2019,WAS,2018-10-30,8:00p,@,Memphis Grizzlies,L,,95,107,1,6,L 4
2019,WAS,2018-11-02,8:00p,,Oklahoma City Thunder,L,,111,134,1,7,L 5
2019,WAS,2018-11-04,6:00p,,New York Knicks,W,,108,95,2,7,W 1
2019,WAS,2018-11-06,8:30p,@,Dallas Mavericks,L,,100,119,2,8,L 1
2019,WAS,2018-11-09,7:00p,@,Orlando Magic,L,,108,117,2,9,L 2
2019,WAS,2018-11-10,8:00p,@,Miami Heat,W,,116,110,3,9,W 1
2019,WAS,2018-11-12,7:00p,,Orlando Magic,W,,117,109,4,9,W 2
2019,WAS,2018-11-14,7:00p,,Cleveland Cavaliers,W,,119,95,5,9,W 3
2019,WAS,2018-11-16,7:00p,,Brooklyn Nets,L,,104,115,5,10,L 1
2019,WAS,2018-11-18,6:00p,,Portland Trail Blazers,L,,109,119,5,11,L 2
2019,WAS,2018-11-20,7:00p,,Los Angeles Clippers,W,,125,118,6,11,W 1
2019,WAS,2018-11-23,7:30p,@,Toronto Raptors,L,,107,125,6,12,L 1
2019,WAS,2018-11-24,8:00p,,New Orleans Pelicans,W,,124,114,7,12,W 1
2019,WAS,2018-11-26,7:00p,,Houston Rockets,W,OT,135,131,8,12,W 2
2019,WAS,2018-11-28,8:00p,@,New Orleans Pelicans,L,,104,125,8,13,L 1
2019,WAS,2018-11-30,7:00p,@,Philadelphia 76ers,L,,98,123,8,14,L 2
2019,WAS,2018-12-01,7:00p,,Brooklyn Nets,W,,102,88,9,14,W 1
2019,WAS,2018-12-03,7:30p,@,New York Knicks,W,,110,107,10,14,W 2
2019,WAS,2018-12-05,7:30p,@,Atlanta Hawks,W,,131,117,11,14,W 3
2019,WAS,2018-12-08,7:30p,@,Cleveland Cavaliers,L,,101,116,11,15,L 1
2019,WAS,2018-12-10,7:00p,@,Indiana Pacers,L,,101,109,11,16,L 2
2019,WAS,2018-12-12,7:00p,,Boston Celtics,L,OT,125,130,11,17,L 3
2019,WAS,2018-12-14,7:30p,@,Brooklyn Nets,L,,118,125,11,18,L 4
2019,WAS,2018-12-16,6:00p,,Los Angeles Lakers,W,,128,110,12,18,W 1
2019,WAS,2018-12-18,7:30p,@,Atlanta Hawks,L,,110,118,12,19,L 1
2019,WAS,2018-12-19,8:00p,@,Houston Rockets,L,,118,136,12,20,L 2
2019,WAS,2018-12-22,7:00p,,Phoenix Suns,W,3OT,149,146,13,20,W 1
2019,WAS,2018-12-23,5:00p,@,Indiana Pacers,L,,89,105,13,21,L 1
2019,WAS,2018-12-26,7:00p,@,Detroit Pistons,L,,95,106,13,22,L 2
2019,WAS,2018-12-28,7:00p,,Chicago Bulls,L,,92,101,13,23,L 3
2019,WAS,2018-12-29,7:00p,,Charlotte Hornets,W,,130,126,14,23,W 1
2019,WAS,2019-01-02,7:00p,,Atlanta Hawks,W,,114,98,15,23,W 2
2019,WAS,2019-01-04,8:00p,@,Miami Heat,L,,109,115,15,24,L 1
2019,WAS,2019-01-06,7:00p,@,Oklahoma City Thunder,W,,116,98,16,24,W 1
2019,WAS,2019-01-08,7:00p,@,Philadelphia 76ers,L,,115,132,16,25,L 1
2019,WAS,2019-01-09,7:00p,,Philadelphia 76ers,W,,123,106,17,25,W 1
2019,WAS,2019-01-11,7:00p,,Milwaukee Bucks,W,,113,106,18,25,W 2
2019,WAS,2019-01-13,1:00p,,Toronto Raptors,L,2OT,138,140,18,26,L 1
2019,WAS,2019-01-17,3:00p,,New York Knicks,W,,101,100,19,26,W 1
2019,WAS,2019-01-21,2:00p,,Detroit Pistons,W,,101,87,20,26,W 2
2019,WAS,2019-01-24,8:00p,,Golden State Warriors,L,,118,126,20,27,L 1
2019,WAS,2019-01-25,7:00p,@,Orlando Magic,W,,95,91,21,27,W 1
2019,WAS,2019-01-27,7:00p,@,San Antonio Spurs,L,,119,132,21,28,L 1
2019,WAS,2019-01-29,7:00p,@,Cleveland Cavaliers,L,,113,116,21,29,L 2
2019,WAS,2019-01-30,8:00p,,Indiana Pacers,W,,107,89,22,29,W 1
2019,WAS,2019-02-02,7:00p,,Milwaukee Bucks,L,,115,131,22,30,L 1
2019,WAS,2019-02-04,7:00p,,Atlanta Hawks,L,,129,137,22,31,L 2
2019,WAS,2019-02-06,8:00p,@,Milwaukee Bucks,L,,129,148,22,32,L 3
2019,WAS,2019-02-08,7:00p,,Cleveland Cavaliers,W,,119,106,23,32,W 1
2019,WAS,2019-02-09,8:00p,@,Chicago Bulls,W,,134,125,24,32,W 2
2019,WAS,2019-02-11,7:00p,@,Detroit Pistons,L,,112,121,24,33,L 1
2019,WAS,2019-02-13,7:30p,@,Toronto Raptors,L,,120,129,24,34,L 2
2019,WAS,2019-02-22,7:00p,@,Charlotte Hornets,L,,110,123,24,35,L 3
2019,WAS,2019-02-23,7:00p,,Indiana Pacers,L,,112,119,24,36,L 4
2019,WAS,2019-02-27,7:30p,@,Brooklyn Nets,W,,125,116,25,36,W 1
2019,WAS,2019-03-01,8:00p,@,Boston Celtics,L,,96,107,25,37,L 1
2019,WAS,2019-03-03,6:00p,,Minnesota Timberwolves,W,,135,121,26,37,W 1
2019,WAS,2019-03-06,7:00p,,Dallas Mavericks,W,,132,123,27,37,W 2
2019,WAS,2019-03-08,7:00p,@,Charlotte Hornets,L,,111,112,27,38,L 1
2019,WAS,2019-03-09,8:00p,@,Minnesota Timberwolves,L,OT,130,135,27,39,L 2
2019,WAS,2019-03-11,7:00p,,Sacramento Kings,W,,121,115,28,39,W 1
2019,WAS,2019-03-13,7:00p,,Orlando Magic,W,,100,90,29,39,W 2
2019,WAS,2019-03-15,7:00p,,Charlotte Hornets,L,,110,116,29,40,L 1
2019,WAS,2019-03-16,7:00p,,Memphis Grizzlies,W,,135,128,30,40,W 1
2019,WAS,2019-03-18,7:00p,,Utah Jazz,L,,95,116,30,41,L 1
2019,WAS,2019-03-20,8:00p,@,Chicago Bulls,L,OT,120,126,30,42,L 2
2019,WAS,2019-03-21,7:00p,,Denver Nuggets,L,,108,113,30,43,L 3
2019,WAS,2019-03-23,7:00p,,Miami Heat,L,,108,113,30,44,L 4
2019,WAS,2019-03-26,10:30p,@,Los Angeles Lakers,L,,106,124,30,45,L 5
2019,WAS,2019-03-27,10:00p,@,Phoenix Suns,W,,124,121,31,45,W 1
2019,WAS,2019-03-29,9:00p,@,Utah Jazz,L,,124,128,31,46,L 1
2019,WAS,2019-03-31,8:00p,@,Denver Nuggets,W,,95,90,32,46,W 1
2019,WAS,2019-04-03,7:00p,,Chicago Bulls,L,,114,115,32,47,L 1
2019,WAS,2019-04-05,7:00p,,San Antonio Spurs,L,,112,129,32,48,L 2
2019,WAS,2019-04-07,7:30p,@,New York Knicks,L,,110,113,32,49,L 3
2019,WAS,2019-04-09,7:00p,,Boston Celtics,L,,110,116,32,50,L 4
2020,ATL,2019-10-24,7:00p,@,Detroit Pistons,W,,117,100,1,0,W 1
2020,ATL,2019-10-26,7:30p,,Orlando Magic,W,,103,99,2,0,W 2
2020,ATL,2019-10-28,7:30p,,Philadelphia 76ers,L,,103,105,2,1,L 1
2020,ATL,2019-10-29,7:30p,@,Miami Heat,L,,97,112,2,2,L 2
2020,ATL,2019-10-31,7:00p,,Miami Heat,L,,97,106,2,3,L 3
2020,ATL,2019-11-05,7:30p,,San Antonio Spurs,W,,108,100,3,3,W 1
2020,ATL,2019-11-06,7:30p,,Chicago Bulls,L,,93,113,3,4,L 1
2020,ATL,2019-11-08,7:30p,,Sacramento Kings,L,,109,121,3,5,L 2
2020,ATL,2019-11-10,9:00p,@,Portland Trail Blazers,L,OT,113,124,3,6,L 3
2020,ATL,2019-11-12,9:00p,@,Denver Nuggets,W,,125,121,4,6,W 1
2020,ATL,2019-11-14,9:00p,@,Phoenix Suns,L,,112,128,4,7,L 1
2020,ATL,2019-11-16,10:30p,@,Los Angeles Clippers,L,,101,150,4,8,L 2
2020,ATL,2019-11-17,9:30p,@,Los Angeles Lakers,L,,101,122,4,9,L 3
2020,ATL,2019-11-20,7:30p,,Milwaukee Bucks,L,,127,135,4,10,L 4
2020,ATL,2019-11-22,7:00p,@,Detroit Pistons,L,,103,128,4,11,L 5
2020,ATL,2019-11-23,7:30p,,Toronto Raptors,L,,116,119,4,12,L 6
2020,ATL,2019-11-25,7:30p,,Minnesota Timberwolves,L,,113,125,4,13,L 7
2020,ATL,2019-11-27,8:00p,@,Milwaukee Bucks,L,,102,111,4,14,L 8
2020,ATL,2019-11-29,8:00p,@,Indiana Pacers,L,OT,104,105,4,15,L 9
2020,ATL,2019-11-30,8:00p,@,Houston Rockets,L,,111,158,4,16,L 10
2020,ATL,2019-12-02,7:30p,,Golden State Warriors,W,,104,79,5,16,W 1
2020,ATL,2019-12-04,7:30p,,Brooklyn Nets,L,,118,130,5,17,L 1
2020,ATL,2019-12-08,5:00p,@,Charlotte Hornets,W,,122,107,6,17,W 1
2020,ATL,2019-12-10,8:00p,@,Miami Heat,L,OT,121,135,6,18,L 1
2020,ATL,2019-12-11,8:00p,@,Chicago Bulls,L,,102,136,6,19,L 2
2020,ATL,2019-12-13,7:30p,,Indiana Pacers,L,,100,110,6,20,L 3
2020,ATL,2019-12-15,6:00p,,Los Angeles Lakers,L,,96,101,6,21,L 4
2020,ATL,2019-12-17,7:30p,@,New York Knicks,L,,120,143,6,22,L 5
2020,ATL,2019-12-19,7:30p,,Utah Jazz,L,,106,111,6,23,L 6
2020,ATL,2019-12-21,6:00p,@,Brooklyn Nets,L,,112,122,6,24,L 7
2020,ATL,2019-12-23,7:00p,@,Cleveland Cavaliers,L,,118,121,6,25,L 8
2020,ATL,2019-12-27,7:30p,,Milwaukee Bucks,L,,86,112,6,26,L 9
2020,ATL,2019-12-28,8:00p,@,Chicago Bulls,L,,81,116,6,27,L 10
2020,ATL,2019-12-30,7:00p,@,Orlando Magic,W,,101,93,7,27,W 1
2020,ATL,2020-01-03,7:00p,@,Boston Celtics,L,,106,109,7,28,L 1
2020,ATL,2020-01-04,7:30p,,Indiana Pacers,W,,116,111,8,28,W 1
2020,ATL,2020-01-06,7:30p,,Denver Nuggets,L,,115,123,8,29,L 1
2020,ATL,2020-01-08,7:30p,,Houston Rockets,L,,115,122,8,30,L 2
2020,ATL,2020-01-10,7:00p,@,Washington Wizards,L,,101,111,8,31,L 3
2020,ATL,2020-01-12,6:00p,@,Brooklyn Nets,L,,86,108,8,32,L 4
2020,ATL,2020-01-14,7:30p,,Phoenix Suns,W,,123,110,9,32,W 1
2020,ATL,2020-01-17,8:30p,@,San Antonio Spurs,W,,121,120,10,32,W 2
2020,ATL,2020-01-18,7:30p,,Detroit Pistons,L,,103,136,10,33,L 1
2020,ATL,2020-01-20,2:30p,,Toronto Raptors,L,,117,122,10,34,L 2
2020,ATL,2020-01-22,7:30p,,Los Angeles Clippers,W,,102,95,11,34,W 1
2020,ATL,2020-01-24,8:00p,@,Oklahoma City Thunder,L,,111,140,11,35,L 1
2020,ATL,2020-01-26,6:00p,,Washington Wizards,W,,152,133,12,35,W 1
2020,ATL,2020-01-28,7:30p,@,Toronto Raptors,L,,114,130,12,36,L 1
2020,ATL,2020-01-30,7:30p,,Philadelphia 76ers,W,,127,117,13,36,W 1
2020,ATL,2020-02-01,8:30p,@,Dallas Mavericks,L,,100,123,13,37,L 1
2020,ATL,2020-02-03,7:30p,,Boston Celtics,L,,115,123,13,38,L 2
2020,ATL,2020-02-05,8:00p,@,Minnesota Timberwolves,W,,127,120,14,38,W 1
2020,ATL,2020-02-07,7:30p,@,Boston Celtics,L,,107,112,14,39,L 1
2020,ATL,2020-02-09,6:00p,,New York Knicks,W,2OT,140,135,15,39,W 1
2020,ATL,2020-02-10,7:00p,@,Orlando Magic,L,,126,135,15,40,L 1
2020,ATL,2020-02-12,7:00p,@,Cleveland Cavaliers,L,,105,127,15,41,L 2
2020,ATL,2020-02-20,7:30p,,Miami Heat,W,,129,124,16,41,W 1
2020,ATL,2020-02-22,7:30p,,Dallas Mavericks,W,,111,107,17,41,W 2
2020,ATL,2020-02-24,7:00p,@,Philadelphia 76ers,L,,112,129,17,42,L 1
2020,ATL,2020-02-26,7:30p,,Orlando Magic,L,,120,130,17,43,L 2
2020,ATL,2020-02-28,7:30p,,Brooklyn Nets,W,,141,118,18,43,W 1
2020,ATL,2020-02-29,7:30p,,Portland Trail Blazers,W,,129,117,19,43,W 2
2020,ATL,2020-03-02,7:30p,,Memphis Grizzlies,L,,88,127,19,44,L 1
2020,ATL,2020-03-06,7:00p,@,Washington Wizards,L,,112,118,19,45,L 2
2020,ATL,2020-03-07,8:00p,@,Memphis Grizzlies,L,,101,118,19,46,L 3
2020,ATL,2020-03-09,7:30p,,Charlotte Hornets,W,2OT,143,138,20,46,W 1
2020,ATL,2020-03-11,7:30p,,New York Knicks,L,OT,131,136,20,47,L 1
2020,BOS,2019-10-23,7:30p,@,Philadelphia 76ers,L,,93,107,0,1,L 1
2020,BOS,2019-10-25,7:00p,,Toronto Raptors,W,,112,106,1,1,W 1
2020,BOS,2019-10-26,7:30p,@,New York Knicks,W,,118,95,2,1,W 2
2020,BOS,2019-10-30,7:30p,,Milwaukee Bucks,W,,116,105,3,1,W 3
2020,BOS,2019-11-01,7:30p,,New York Knicks,W,,104,102,4,1,W 4
2020,BOS,2019-11-05,7:00p,@,Cleveland Cavaliers,W,,119,113,5,1,W 5
2020,BOS,2019-11-07,8:00p,@,Charlotte Hornets,W,,108,87,6,1,W 6
2020,BOS,2019-11-09,5:00p,@,San Antonio Spurs,W,,135,115,7,1,W 7
2020,BOS,2019-11-11,7:30p,,Dallas Mavericks,W,,116,106,8,1,W 8
2020,BOS,2019-11-13,7:30p,,Washington Wizards,W,,140,133,9,1,W 9
2020,BOS,2019-11-15,10:30p,@,Golden State Warriors,W,,105,100,10,1,W 10
2020,BOS,2019-11-17,3:30p,@,Sacramento Kings,L,,99,100,10,2,L 1
2020,BOS,2019-11-18,9:00p,@,Phoenix Suns,W,,99,85,11,2,W 1
2020,BOS,2019-11-20,10:00p,@,Los Angeles Clippers,L,OT,104,107,11,3,L 1
2020,BOS,2019-11-22,9:00p,@,Denver Nuggets,L,,92,96,11,4,L 2
2020,BOS,2019-11-25,7:30p,,Sacramento Kings,W,,103,102,12,4,W 1
2020,BOS,2019-11-27,7:00p,,Brooklyn Nets,W,,121,110,13,4,W 2
2020,BOS,2019-11-29,12:00p,@,Brooklyn Nets,L,,107,112,13,5,L 1
2020,BOS,2019-12-01,3:30p,@,New York Knicks,W,,113,104,14,5,W 1
2020,BOS,2019-12-04,7:30p,,Miami Heat,W,,112,93,15,5,W 2
2020,BOS,2019-12-06,8:00p,,Denver Nuggets,W,,108,95,16,5,W 3
2020,BOS,2019-12-09,7:30p,,Cleveland Cavaliers,W,,110,88,17,5,W 4
2020,BOS,2019-12-11,7:00p,@,Indiana Pacers,L,,117,122,17,6,L 1
2020,BOS,2019-12-12,8:00p,,Philadelphia 76ers,L,,109,115,17,7,L 2
2020,BOS,2019-12-18,9:30p,@,Dallas Mavericks,W,,109,103,18,7,W 1
2020,BOS,2019-12-20,7:30p,,Detroit Pistons,W,,114,93,19,7,W 2
2020,BOS,2019-12-22,6:00p,,Charlotte Hornets,W,,119,93,20,7,W 3
2020,BOS,2019-12-25,12:00p,@,Toronto Raptors,W,,118,102,21,7,W 4
2020,BOS,2019-12-27,4:00p,,Cleveland Cavaliers,W,,129,117,22,7,W 5
2020,BOS,2019-12-28,7:00p,,Toronto Raptors,L,,97,113,22,8,L 1
2020,BOS,2019-12-31,3:00p,@,Charlotte Hornets,W,,109,92,23,8,W 1
2020,BOS,2020-01-03,7:00p,,Atlanta Hawks,W,,109,106,24,8,W 2
2020,BOS,2020-01-04,8:00p,@,Chicago Bulls,W,,111,104,25,8,W 3
2020,BOS,2020-01-06,7:00p,@,Washington Wizards,L,,94,99,25,9,L 1
2020,BOS,2020-01-08,7:00p,,San Antonio Spurs,L,,114,129,25,10,L 2
2020,BOS,2020-01-09,7:00p,@,Philadelphia 76ers,L,,98,109,25,11,L 3
2020,BOS,2020-01-11,7:00p,,New Orleans Pelicans,W,,140,105,26,11,W 1
2020,BOS,2020-01-13,7:30p,,Chicago Bulls,W,,113,101,27,11,W 2
2020,BOS,2020-01-15,7:00p,,Detroit Pistons,L,,103,116,27,12,L 1
2020,BOS,2020-01-16,8:00p,@,Milwaukee Bucks,L,,123,128,27,13,L 2
2020,BOS,2020-01-18,7:00p,,Phoenix Suns,L,,119,123,27,14,L 3
2020,BOS,2020-01-20,7:30p,,Los Angeles Lakers,W,,139,107,28,14,W 1
2020,BOS,2020-01-22,7:30p,,Memphis Grizzlies,W,,119,95,29,14,W 2
2020,BOS,2020-01-24,7:00p,@,Orlando Magic,W,,109,98,30,14,W 3
2020,BOS,2020-01-26,6:00p,@,New Orleans Pelicans,L,,108,123,30,15,L 1
2020,BOS,2020-01-28,8:00p,@,Miami Heat,W,,109,101,31,15,W 1
2020,BOS,2020-01-30,8:00p,,Golden State Warriors,W,,119,104,32,15,W 2
2020,BOS,2020-02-01,8:30p,,Philadelphia 76ers,W,,116,95,33,15,W 3
2020,BOS,2020-02-03,7:30p,@,Atlanta Hawks,W,,123,115,34,15,W 4
2020,BOS,2020-02-05,7:30p,,Orlando Magic,W,,116,100,35,15,W 5
2020,BOS,2020-02-07,7:30p,,Atlanta Hawks,W,,112,107,36,15,W 6
2020,BOS,2020-02-09,3:30p,@,Oklahoma City Thunder,W,,112,111,37,15,W 7
2020,BOS,2020-02-11,9:30p,@,Houston Rockets,L,,105,116,37,16,L 1
2020,BOS,2020-02-13,8:00p,,Los Angeles Clippers,W,2OT,141,133,38,16,W 1
2020,BOS,2020-02-21,8:00p,@,Minnesota Timberwolves,W,,127,117,39,16,W 2
2020,BOS,2020-02-23,3:30p,@,Los Angeles Lakers,L,,112,114,39,17,L 1
2020,BOS,2020-02-25,10:00p,@,Portland Trail Blazers,W,,118,106,40,17,W 1
2020,BOS,2020-02-26,10:30p,@,Utah Jazz,W,,114,103,41,17,W 2
2020,BOS,2020-02-29,8:30p,,Houston Rockets,L,OT,110,111,41,18,L 1
2020,BOS,2020-03-03,7:30p,,Brooklyn Nets,L,OT,120,129,41,19,L 2
2020,BOS,2020-03-04,7:00p,@,Cleveland Cavaliers,W,,112,106,42,19,W 1
2020,BOS,2020-03-06,8:00p,,Utah Jazz,L,,94,99,42,20,L 1
2020,BOS,2020-03-08,6:00p,,Oklahoma City Thunder,L,,104,105,42,21,L 2
2020,BOS,2020-03-10,7:00p,@,Indiana Pacers,W,,114,111,43,21,W 1
2020,BOS,2020-07-31,6:30p,@,Milwaukee Bucks,L,,112,119,43,22,L 1
2020,BOS,2020-08-02,3:30p,,Portland Trail Blazers,W,,128,124,44,22,W 1
2020,BOS,2020-08-04,6:30p,@,Miami Heat,L,,106,112,44,23,L 1
2020,BOS,2020-08-05,9:00p,,Brooklyn Nets,W,,149,115,45,23,W 1
2020,BOS,2020-08-07,9:00p,@,Toronto Raptors,W,,122,100,46,23,W 2
2020,BOS,2020-08-09,5:00p,,Orlando Magic,W,OT,122,119,47,23,W 3
2020,BOS,2020-08-11,5:00p,@,Memphis Grizzlies,W,,122,107,48,23,W 4
2020,BOS,2020-08-13,12:00p,,Washington Wizards,L,,90,96,48,24,L 1
2020,BOS,2020-08-17,6:30p,,Philadelphia 76ers,W,,109,101,1,0,W 1
2020,BOS,2020-08-19,6:30p,,Philadelphia 76ers,W,,128,101,2,0,W 2
2020,BOS,2020-08-21,6:30p,@,Philadelphia 76ers,W,,102,94,3,0,W 3
2020,BOS,2020-08-23,1:00p,@,Philadelphia 76ers,W,,110,106,4,0,W 4
2020,BOS,2020-08-30,1:00p,@,Toronto Raptors,W,,112,94,5,0,W 5
2020,BOS,2020-09-01,5:30p,@,Toronto Raptors,W,,102,99,6,0,W 6
2020,BOS,2020-09-03,6:30p,,Toronto Raptors,L,,103,104,6,1,L 1
2020,BOS,2020-09-05,6:30p,,Toronto Raptors,L,,93,100,6,2,L 2
2020,BOS,2020-09-07,6:30p,@,Toronto Raptors,W,,111,89,7,2,W 1
2020,BOS,2020-09-09,6:30p,,Toronto Raptors,L,2OT,122,125,7,3,L 1
2020,BOS,2020-09-11,9:00p,@,Toronto Raptors,W,,92,87,8,3,W 1
2020,BOS,2020-09-15,6:30p,,Miami Heat,L,OT,114,117,8,4,L 1
2020,BOS,2020-09-17,7:00p,,Miami Heat,L,,101,106,8,5,L 2
2020,BOS,2020-09-19,8:30p,@,Miami Heat,W,,117,106,9,5,W 1
2020,BOS,2020-09-23,8:30p,@,Miami Heat,L,,109,112,9,6,L 1
2020,BOS,2020-09-25,8:30p,,Miami Heat,W,,121,108,10,6,W 1
2020,BOS,2020-09-27,7:30p,@,Miami Heat,L,,113,125,10,7,L 1
2020,BRK,2019-10-23,7:30p,,Minnesota Timberwolves,L,OT,126,127,0,1,L 1
2020,BRK,2019-10-25,7:30p,,New York Knicks,W,,113,109,1,1,W 1
2020,BRK,2019-10-27,6:00p,@,Memphis Grizzlies,L,OT,133,134,1,2,L 1
2020,BRK,2019-10-30,7:30p,,Indiana Pacers,L,,108,118,1,3,L 2
2020,BRK,2019-11-01,7:00p,,Houston Rockets,W,,123,116,2,3,W 1
2020,BRK,2019-11-02,7:00p,@,Detroit Pistons,L,,109,113,2,4,L 1
2020,BRK,2019-11-04,7:30p,,New Orleans Pelicans,W,,135,125,3,4,W 1
2020,BRK,2019-11-08,10:00p,@,Portland Trail Blazers,W,,119,115,4,4,W 2
2020,BRK,2019-11-10,8:00p,@,Phoenix Suns,L,,112,138,4,5,L 1
2020,BRK,2019-11-12,9:00p,@,Utah Jazz,L,,114,119,4,6,L 2
2020,BRK,2019-11-14,10:30p,@,Denver Nuggets,L,,93,101,4,7,L 3
2020,BRK,2019-11-16,6:00p,@,Chicago Bulls,W,,117,111,5,7,W 1
2020,BRK,2019-11-18,7:30p,,Indiana Pacers,L,,86,115,5,8,L 1
2020,BRK,2019-11-20,7:30p,,Charlotte Hornets,W,,101,91,6,8,W 1
2020,BRK,2019-11-22,7:30p,,Sacramento Kings,W,,116,97,7,8,W 2
2020,BRK,2019-11-24,6:00p,@,New York Knicks,W,,103,101,8,8,W 3
2020,BRK,2019-11-25,7:00p,@,Cleveland Cavaliers,W,,108,106,9,8,W 4
2020,BRK,2019-11-27,7:00p,@,Boston Celtics,L,,110,121,9,9,L 1
2020,BRK,2019-11-29,12:00p,,Boston Celtics,W,,112,107,10,9,W 1
2020,BRK,2019-12-01,3:00p,,Miami Heat,L,,106,109,10,10,L 1
2020,BRK,2019-12-04,7:30p,@,Atlanta Hawks,W,,130,118,11,10,W 1
2020,BRK,2019-12-06,7:00p,@,Charlotte Hornets,W,,111,104,12,10,W 2
2020,BRK,2019-12-08,3:00p,,Denver Nuggets,W,,105,102,13,10,W 3
2020,BRK,2019-12-11,7:30p,,Charlotte Hornets,L,,108,113,13,11,L 1
2020,BRK,2019-12-14,7:30p,@,Toronto Raptors,L,,102,110,13,12,L 2
2020,BRK,2019-12-15,6:00p,,Philadelphia 76ers,W,,109,89,14,12,W 1
2020,BRK,2019-12-17,8:00p,@,New Orleans Pelicans,W,OT,108,101,15,12,W 2
2020,BRK,2019-12-19,8:30p,@,San Antonio Spurs,L,,105,118,15,13,L 1
2020,BRK,2019-12-21,6:00p,,Atlanta Hawks,W,,122,112,16,13,W 1
2020,BRK,2019-12-26,7:30p,,New York Knicks,L,,82,94,16,14,L 1
2020,BRK,2019-12-28,8:00p,@,Houston Rockets,L,,98,108,16,15,L 2
2020,BRK,2019-12-30,8:00p,@,Minnesota Timberwolves,L,OT,115,122,16,16,L 3
2020,BRK,2020-01-02,8:30p,@,Dallas Mavericks,L,,111,123,16,17,L 4
2020,BRK,2020-01-04,6:00p,,Toronto Raptors,L,,102,121,16,18,L 5
2020,BRK,2020-01-06,7:00p,@,Orlando Magic,L,,89,101,16,19,L 6
2020,BRK,2020-01-07,7:30p,,Oklahoma City Thunder,L,OT,103,111,16,20,L 7
2020,BRK,2020-01-10,7:30p,,Miami Heat,W,,117,113,17,20,W 1
2020,BRK,2020-01-12,6:00p,,Atlanta Hawks,W,,108,86,18,20,W 2
2020,BRK,2020-01-14,7:30p,,Utah Jazz,L,,107,118,18,21,L 1
2020,BRK,2020-01-15,7:00p,@,Philadelphia 76ers,L,,106,117,18,22,L 2
2020,BRK,2020-01-18,6:00p,,Milwaukee Bucks,L,,97,117,18,23,L 3
2020,BRK,2020-01-20,3:00p,,Philadelphia 76ers,L,,111,117,18,24,L 4
2020,BRK,2020-01-23,8:00p,,Los Angeles Lakers,L,,113,128,18,25,L 5
2020,BRK,2020-01-25,7:00p,@,Detroit Pistons,W,OT,121,111,19,25,W 1
2020,BRK,2020-01-26,6:00p,@,New York Knicks,L,,97,110,19,26,L 1
2020,BRK,2020-01-29,7:30p,,Detroit Pistons,W,,125,115,20,26,W 1
2020,BRK,2020-01-31,7:30p,,Chicago Bulls,W,,133,118,21,26,W 2
2020,BRK,2020-02-01,8:00p,@,Washington Wizards,L,,107,113,21,27,L 1
2020,BRK,2020-02-03,7:30p,,Phoenix Suns,W,,119,97,22,27,W 1
2020,BRK,2020-02-05,7:30p,,Golden State Warriors,W,,129,88,23,27,W 2
2020,BRK,2020-02-08,7:30p,@,Toronto Raptors,L,,118,119,23,28,L 1
2020,BRK,2020-02-10,7:00p,@,Indiana Pacers,W,,106,105,24,28,W 1
2020,BRK,2020-02-12,7:30p,,Toronto Raptors,W,,101,91,25,28,W 2
2020,BRK,2020-02-20,8:00p,@,Philadelphia 76ers,L,OT,104,112,25,29,L 1
2020,BRK,2020-02-22,7:00p,@,Charlotte Hornets,W,,115,86,26,29,W 1
2020,BRK,2020-02-24,7:30p,,Orlando Magic,L,,113,115,26,30,L 1
2020,BRK,2020-02-26,7:00p,@,Washington Wizards,L,,106,110,26,31,L 2
2020,BRK,2020-02-28,7:30p,@,Atlanta Hawks,L,,118,141,26,32,L 3
2020,BRK,2020-02-29,7:30p,@,Miami Heat,L,,113,116,26,33,L 4
2020,BRK,2020-03-03,7:30p,@,Boston Celtics,W,OT,129,120,27,33,W 1
2020,BRK,2020-03-04,7:30p,,Memphis Grizzlies,L,,79,118,27,34,L 1
2020,BRK,2020-03-06,7:30p,,San Antonio Spurs,W,,139,120,28,34,W 1
2020,BRK,2020-03-08,3:00p,,Chicago Bulls,W,,110,107,29,34,W 2
2020,BRK,2020-03-10,10:30p,@,Los Angeles Lakers,W,,104,102,30,34,W 3
2020,BRK,2020-07-31,2:30p,,Orlando Magic,L,,118,128,30,35,L 1
2020,BRK,2020-08-02,2:00p,,Washington Wizards,W,,118,110,31,35,W 1
2020,BRK,2020-08-04,1:30p,@,Milwaukee Bucks,W,,119,116,32,35,W 2
2020,BRK,2020-08-05,9:00p,@,Boston Celtics,L,,115,149,32,36,L 1
2020,BRK,2020-08-07,5:00p,,Sacramento Kings,W,,119,106,33,36,W 1
2020,BRK,2020-08-09,9:00p,@,Los Angeles Clippers,W,,129,120,34,36,W 2
2020,BRK,2020-08-11,1:00p,@,Orlando Magic,W,,108,96,35,36,W 3
2020,BRK,2020-08-13,9:00p,,Portland Trail Blazers,L,,133,134,35,37,L 1
2020,BRK,2020-08-17,4:00p,@,Toronto Raptors,L,,110,134,0,1,L 1
2020,BRK,2020-08-19,1:30p,@,Toronto Raptors,L,,99,104,0,2,L 2
2020,BRK,2020-08-21,1:30p,,Toronto Raptors,L,,92,117,0,3,L 3
2020,BRK,2020-08-23,6:30p,,Toronto Raptors,L,,122,150,0,4,L 4
2020,CHI,2019-10-23,7:00p,@,Charlotte Hornets,L,,125,126,0,1,L 1
2020,CHI,2019-10-25,8:00p,@,Memphis Grizzlies,W,,110,102,1,1,W 1
2020,CHI,2019-10-26,8:00p,,Toronto Raptors,L,,84,108,1,2,L 1
2020,CHI,2019-10-28,7:00p,@,New York Knicks,L,,98,105,1,3,L 2
2020,CHI,2019-10-30,7:00p,@,Cleveland Cavaliers,L,,111,117,1,4,L 3
2020,CHI,2019-11-01,8:00p,,Detroit Pistons,W,,112,106,2,4,W 1
2020,CHI,2019-11-03,5:00p,@,Indiana Pacers,L,,95,108,2,5,L 1
2020,CHI,2019-11-05,8:00p,,Los Angeles Lakers,L,,112,118,2,6,L 2
2020,CHI,2019-11-06,7:30p,@,Atlanta Hawks,W,,113,93,3,6,W 1
2020,CHI,2019-11-09,8:00p,,Houston Rockets,L,,94,117,3,7,L 1
2020,CHI,2019-11-12,8:00p,,New York Knicks,W,,120,102,4,7,W 1
2020,CHI,2019-11-14,8:00p,@,Milwaukee Bucks,L,,115,124,4,8,L 1
2020,CHI,2019-11-16,6:00p,,Brooklyn Nets,L,,111,117,4,9,L 2
2020,CHI,2019-11-18,8:00p,,Milwaukee Bucks,L,,101,115,4,10,L 3
2020,CHI,2019-11-20,8:00p,,Detroit Pistons,W,,109,89,5,10,W 1
2020,CHI,2019-11-22,8:00p,,Miami Heat,L,,108,116,5,11,L 1
2020,CHI,2019-11-23,7:00p,@,Charlotte Hornets,W,,116,115,6,11,W 1
2020,CHI,2019-11-25,8:00p,,Portland Trail Blazers,L,,94,117,6,12,L 1
2020,CHI,2019-11-27,10:30p,@,Golden State Warriors,L,,90,104,6,13,L 2
2020,CHI,2019-11-29,10:00p,@,Portland Trail Blazers,L,,103,107,6,14,L 3
2020,CHI,2019-12-02,10:00p,@,Sacramento Kings,W,,113,106,7,14,W 1
2020,CHI,2019-12-04,8:00p,,Memphis Grizzlies,W,,106,99,8,14,W 2
2020,CHI,2019-12-06,8:00p,,Golden State Warriors,L,,98,100,8,15,L 1
2020,CHI,2019-12-08,6:00p,@,Miami Heat,L,OT,105,110,8,16,L 2
2020,CHI,2019-12-09,8:00p,,Toronto Raptors,L,,92,93,8,17,L 3
2020,CHI,2019-12-11,8:00p,,Atlanta Hawks,W,,136,102,9,17,W 1
2020,CHI,2019-12-13,8:00p,,Charlotte Hornets,L,,73,83,9,18,L 1
2020,CHI,2019-12-14,8:00p,,Los Angeles Clippers,W,,109,106,10,18,W 1
2020,CHI,2019-12-16,8:00p,@,Oklahoma City Thunder,L,,106,109,10,19,L 1
2020,CHI,2019-12-18,7:00p,@,Washington Wizards,W,OT,110,109,11,19,W 1
2020,CHI,2019-12-21,7:00p,@,Detroit Pistons,W,,119,107,12,19,W 2
2020,CHI,2019-12-23,7:00p,@,Orlando Magic,L,,95,103,12,20,L 1
2020,CHI,2019-12-28,8:00p,,Atlanta Hawks,W,,116,81,13,20,W 1
2020,CHI,2019-12-30,8:00p,,Milwaukee Bucks,L,,102,123,13,21,L 1
2020,CHI,2020-01-02,8:00p,,Utah Jazz,L,,98,102,13,22,L 2
2020,CHI,2020-01-04,8:00p,,Boston Celtics,L,,104,111,13,23,L 3
2020,CHI,2020-01-06,8:30p,@,Dallas Mavericks,L,,110,118,13,24,L 4
2020,CHI,2020-01-08,8:00p,@,New Orleans Pelicans,L,,108,123,13,25,L 5
2020,CHI,2020-01-10,8:00p,,Indiana Pacers,L,,105,116,13,26,L 6
2020,CHI,2020-01-11,7:00p,@,Detroit Pistons,W,,108,99,14,26,W 1
2020,CHI,2020-01-13,7:30p,@,Boston Celtics,L,,101,113,14,27,L 1
2020,CHI,2020-01-15,8:00p,,Washington Wizards,W,,115,106,15,27,W 1
2020,CHI,2020-01-17,7:00p,@,Philadelphia 76ers,L,,89,100,15,28,L 1
2020,CHI,2020-01-18,8:00p,,Cleveland Cavaliers,W,,118,116,16,28,W 1
2020,CHI,2020-01-20,5:00p,@,Milwaukee Bucks,L,,98,111,16,29,L 1
2020,CHI,2020-01-22,8:00p,,Minnesota Timberwolves,W,,117,110,17,29,W 1
2020,CHI,2020-01-24,8:00p,,Sacramento Kings,L,,81,98,17,30,L 1
2020,CHI,2020-01-25,8:00p,@,Cleveland Cavaliers,W,,118,106,18,30,W 1
2020,CHI,2020-01-27,8:00p,,San Antonio Spurs,W,,110,109,19,30,W 2
2020,CHI,2020-01-29,7:00p,@,Indiana Pacers,L,OT,106,115,19,31,L 1
2020,CHI,2020-01-31,7:30p,@,Brooklyn Nets,L,,118,133,19,32,L 2
2020,CHI,2020-02-02,3:00p,@,Toronto Raptors,L,,102,129,19,33,L 3
2020,CHI,2020-02-06,8:00p,,New Orleans Pelicans,L,,119,125,19,34,L 4
2020,CHI,2020-02-09,6:00p,@,Philadelphia 76ers,L,,111,118,19,35,L 5
2020,CHI,2020-02-11,7:00p,@,Washington Wizards,L,,114,126,19,36,L 6
2020,CHI,2020-02-20,8:00p,,Charlotte Hornets,L,,93,103,19,37,L 7
2020,CHI,2020-02-22,8:00p,,Phoenix Suns,L,,104,112,19,38,L 8
2020,CHI,2020-02-23,7:00p,,Washington Wizards,W,,126,117,20,38,W 1
2020,CHI,2020-02-25,8:00p,,Oklahoma City Thunder,L,,122,124,20,39,L 1
2020,CHI,2020-02-29,5:00p,@,New York Knicks,L,,115,125,20,40,L 2
2020,CHI,2020-03-02,8:00p,,Dallas Mavericks,W,,109,107,21,40,W 1
2020,CHI,2020-03-04,8:00p,@,Minnesota Timberwolves,L,,108,115,21,41,L 1
2020,CHI,2020-03-06,8:00p,,Indiana Pacers,L,,102,108,21,42,L 2
2020,CHI,2020-03-08,3:00p,@,Brooklyn Nets,L,,107,110,21,43,L 3
2020,CHI,2020-03-10,8:00p,,Cleveland Cavaliers,W,,108,103,22,43,W 1
2020,CHO,2019-10-23,7:00p,,Chicago Bulls,W,,126,125,1,0,W 1
2020,CHO,2019-10-25,7:00p,,Minnesota Timberwolves,L,,99,121,1,1,L 1
2020,CHO,2019-10-27,9:30p,@,Los Angeles Lakers,L,,101,120,1,2,L 2
2020,CHO,2019-10-28,10:30p,@,Los Angeles Clippers,L,,96,111,1,3,L 3
2020,CHO,2019-10-30,10:00p,@,Sacramento Kings,W,,118,111,2,3,W 1
2020,CHO,2019-11-02,8:30p,@,Golden State Warriors,W,,93,87,3,3,W 2
2020,CHO,2019-11-05,7:00p,,Indiana Pacers,W,OT,122,120,4,3,W 3
2020,CHO,2019-11-07,8:00p,,Boston Celtics,L,,87,108,4,4,L 1
2020,CHO,2019-11-09,7:00p,,New Orleans Pelicans,L,,110,115,4,5,L 2
2020,CHO,2019-11-10,6:00p,@,Philadelphia 76ers,L,,106,114,4,6,L 3
2020,CHO,2019-11-13,7:00p,,Memphis Grizzlies,L,,117,119,4,7,L 4
2020,CHO,2019-11-15,7:00p,,Detroit Pistons,W,,109,106,5,7,W 1
2020,CHO,2019-11-16,7:30p,@,New York Knicks,W,,103,102,6,7,W 2
2020,CHO,2019-11-18,7:30p,@,Toronto Raptors,L,,96,132,6,8,L 1
2020,CHO,2019-11-20,7:30p,@,Brooklyn Nets,L,,91,101,6,9,L 2
2020,CHO,2019-11-22,7:00p,@,Washington Wizards,L,,118,125,6,10,L 3
2020,CHO,2019-11-23,7:00p,,Chicago Bulls,L,,115,116,6,11,L 4
2020,CHO,2019-11-25,7:30p,@,Miami Heat,L,,100,117,6,12,L 5
2020,CHO,2019-11-27,7:00p,,Detroit Pistons,W,,102,101,7,12,W 1
2020,CHO,2019-11-29,7:00p,@,Detroit Pistons,W,,110,107,8,12,W 2
2020,CHO,2019-11-30,8:00p,@,Milwaukee Bucks,L,,96,137,8,13,L 1
2020,CHO,2019-12-02,7:00p,,Phoenix Suns,L,,104,109,8,14,L 2
2020,CHO,2019-12-04,7:00p,,Golden State Warriors,W,,106,91,9,14,W 1
2020,CHO,2019-12-06,7:00p,,Brooklyn Nets,L,,104,111,9,15,L 1
2020,CHO,2019-12-08,5:00p,,Atlanta Hawks,L,,107,122,9,16,L 2
2020,CHO,2019-12-10,7:00p,,Washington Wizards,W,,114,107,10,16,W 1
2020,CHO,2019-12-11,7:30p,@,Brooklyn Nets,W,,113,108,11,16,W 2
2020,CHO,2019-12-13,8:00p,@,Chicago Bulls,W,,83,73,12,16,W 3
2020,CHO,2019-12-15,5:00p,@,Indiana Pacers,L,,85,107,12,17,L 1
2020,CHO,2019-12-17,7:00p,,Sacramento Kings,W,,110,102,13,17,W 1
2020,CHO,2019-12-18,7:00p,@,Cleveland Cavaliers,L,,98,100,13,18,L 1
2020,CHO,2019-12-21,5:00p,,Utah Jazz,L,,107,114,13,19,L 2
2020,CHO,2019-12-22,6:00p,@,Boston Celtics,L,,93,119,13,20,L 3
2020,CHO,2019-12-27,7:00p,,Oklahoma City Thunder,L,OT,102,104,13,21,L 4
2020,CHO,2019-12-29,8:00p,@,Memphis Grizzlies,L,,104,117,13,22,L 5
2020,CHO,2019-12-31,3:00p,,Boston Celtics,L,,92,109,13,23,L 6
2020,CHO,2020-01-02,7:00p,@,Cleveland Cavaliers,W,,109,106,14,23,W 1
2020,CHO,2020-01-04,8:30p,@,Dallas Mavericks,W,OT,123,120,15,23,W 2
2020,CHO,2020-01-06,7:00p,,Indiana Pacers,L,,104,115,15,24,L 1
2020,CHO,2020-01-08,7:00p,,Toronto Raptors,L,OT,110,112,15,25,L 2
2020,CHO,2020-01-10,9:00p,@,Utah Jazz,L,,92,109,15,26,L 3
2020,CHO,2020-01-12,8:00p,@,Phoenix Suns,L,,92,100,15,27,L 4
2020,CHO,2020-01-13,10:00p,@,Portland Trail Blazers,L,,112,115,15,28,L 5
2020,CHO,2020-01-15,9:00p,@,Denver Nuggets,L,,86,100,15,29,L 6
2020,CHO,2020-01-20,5:00p,,Orlando Magic,L,,83,106,15,30,L 7
2020,CHO,2020-01-24,3:00p,,Milwaukee Bucks,L,,103,116,15,31,L 8
2020,CHO,2020-01-28,7:00p,,New York Knicks,W,,97,92,16,31,W 1
2020,CHO,2020-01-30,7:00p,@,Washington Wizards,L,,107,121,16,32,L 1
2020,CHO,2020-02-01,9:00p,@,San Antonio Spurs,L,,90,114,16,33,L 2
2020,CHO,2020-02-03,7:00p,,Orlando Magic,L,,100,112,16,34,L 3
2020,CHO,2020-02-04,8:00p,@,Houston Rockets,L,,110,125,16,35,L 4
2020,CHO,2020-02-08,7:00p,,Dallas Mavericks,L,,100,116,16,36,L 5
2020,CHO,2020-02-10,7:00p,@,Detroit Pistons,W,,87,76,17,36,W 1
2020,CHO,2020-02-12,8:00p,@,Minnesota Timberwolves,W,,115,108,18,36,W 2
2020,CHO,2020-02-20,8:00p,@,Chicago Bulls,W,,103,93,19,36,W 3
2020,CHO,2020-02-22,7:00p,,Brooklyn Nets,L,,86,115,19,37,L 1
2020,CHO,2020-02-25,7:00p,@,Indiana Pacers,L,,80,119,19,38,L 2
2020,CHO,2020-02-26,7:00p,,New York Knicks,W,,107,101,20,38,W 1
2020,CHO,2020-02-28,7:30p,@,Toronto Raptors,W,,99,96,21,38,W 2
2020,CHO,2020-03-01,1:00p,,Milwaukee Bucks,L,,85,93,21,39,L 1
2020,CHO,2020-03-03,7:00p,,San Antonio Spurs,L,,103,104,21,40,L 2
2020,CHO,2020-03-05,7:00p,,Denver Nuggets,L,,112,114,21,41,L 3
2020,CHO,2020-03-07,5:00p,,Houston Rockets,W,,108,99,22,41,W 1
2020,CHO,2020-03-09,7:30p,@,Atlanta Hawks,L,2OT,138,143,22,42,L 1
2020,CHO,2020-03-11,7:30p,@,Miami Heat,W,,109,98,23,42,W 1
2020,CLE,2019-10-23,7:00p,@,Orlando Magic,L,,85,94,0,1,L 1
2020,CLE,2019-10-26,8:00p,,Indiana Pacers,W,,110,99,1,1,W 1
2020,CLE,2019-10-28,8:00p,@,Milwaukee Bucks,L,,112,129,1,2,L 1
2020,CLE,2019-10-30,7:00p,,Chicago Bulls,W,,117,111,2,2,W 1
2020,CLE,2019-11-01,7:00p,@,Indiana Pacers,L,,95,102,2,3,L 1
2020,CLE,2019-11-03,7:30p,,Dallas Mavericks,L,,111,131,2,4,L 2
2020,CLE,2019-11-05,7:00p,,Boston Celtics,L,,113,119,2,5,L 3
2020,CLE,2019-11-08,7:00p,@,Washington Wizards,W,,113,100,3,5,W 1
2020,CLE,2019-11-10,7:30p,@,New York Knicks,W,,108,87,4,5,W 2
2020,CLE,2019-11-12,7:00p,@,Philadelphia 76ers,L,,97,98,4,6,L 1
2020,CLE,2019-11-14,6:00p,,Miami Heat,L,,97,108,4,7,L 2
2020,CLE,2019-11-17,3:00p,,Philadelphia 76ers,L,,95,114,4,8,L 3
2020,CLE,2019-11-18,7:00p,@,New York Knicks,L,,105,123,4,9,L 4
2020,CLE,2019-11-20,7:30p,@,Miami Heat,L,,100,124,4,10,L 5
2020,CLE,2019-11-22,8:30p,@,Dallas Mavericks,L,,101,143,4,11,L 6
2020,CLE,2019-11-23,8:00p,,Portland Trail Blazers,W,,110,104,5,11,W 1
2020,CLE,2019-11-25,7:00p,,Brooklyn Nets,L,,106,108,5,12,L 1
2020,CLE,2019-11-27,7:00p,,Orlando Magic,L,,104,116,5,13,L 2
2020,CLE,2019-11-29,7:30p,,Milwaukee Bucks,L,,110,119,5,14,L 3
2020,CLE,2019-12-03,7:00p,,Detroit Pistons,L,,94,127,5,15,L 4
2020,CLE,2019-12-06,7:00p,,Orlando Magic,L,,87,93,5,16,L 5
2020,CLE,2019-12-07,7:30p,@,Philadelphia 76ers,L,,94,141,5,17,L 6
2020,CLE,2019-12-09,7:30p,@,Boston Celtics,L,,88,110,5,18,L 7
2020,CLE,2019-12-11,7:00p,,Houston Rockets,L,,110,116,5,19,L 8
2020,CLE,2019-12-12,8:30p,@,San Antonio Spurs,W,OT,117,109,6,19,W 1
2020,CLE,2019-12-14,8:30p,@,Milwaukee Bucks,L,,108,125,6,20,L 1
2020,CLE,2019-12-16,7:30p,@,Toronto Raptors,L,,113,133,6,21,L 2
2020,CLE,2019-12-18,7:00p,,Charlotte Hornets,W,,100,98,7,21,W 1
2020,CLE,2019-12-20,7:00p,,Memphis Grizzlies,W,,114,107,8,21,W 2
2020,CLE,2019-12-23,7:00p,,Atlanta Hawks,W,,121,118,9,21,W 3
2020,CLE,2019-12-27,4:00p,@,Boston Celtics,L,,117,129,9,22,L 1
2020,CLE,2019-12-28,8:00p,@,Minnesota Timberwolves,W,,94,88,10,22,W 1
2020,CLE,2019-12-31,7:00p,@,Toronto Raptors,L,,97,117,10,23,L 1
2020,CLE,2020-01-02,7:00p,,Charlotte Hornets,L,,106,109,10,24,L 2
2020,CLE,2020-01-04,7:30p,,Oklahoma City Thunder,L,,106,121,10,25,L 3
2020,CLE,2020-01-05,7:30p,,Minnesota Timberwolves,L,,103,118,10,26,L 4
2020,CLE,2020-01-07,7:00p,,Detroit Pistons,L,,113,115,10,27,L 5
2020,CLE,2020-01-09,7:00p,@,Detroit Pistons,W,OT,115,112,11,27,W 1
2020,CLE,2020-01-11,9:00p,@,Denver Nuggets,W,,111,103,12,27,W 2
2020,CLE,2020-01-13,10:30p,@,Los Angeles Lakers,L,,99,128,12,28,L 1
2020,CLE,2020-01-14,10:30p,@,Los Angeles Clippers,L,,103,128,12,29,L 2
2020,CLE,2020-01-17,8:00p,@,Memphis Grizzlies,L,,109,113,12,30,L 3
2020,CLE,2020-01-18,8:00p,@,Chicago Bulls,L,,116,118,12,31,L 4
2020,CLE,2020-01-20,5:00p,,New York Knicks,L,,86,106,12,32,L 5
2020,CLE,2020-01-23,7:00p,,Washington Wizards,L,,112,124,12,33,L 6
2020,CLE,2020-01-25,8:00p,,Chicago Bulls,L,,106,118,12,34,L 7
2020,CLE,2020-01-27,7:00p,@,Detroit Pistons,W,,115,100,13,34,W 1
2020,CLE,2020-01-28,7:30p,,New Orleans Pelicans,L,,111,125,13,35,L 1
2020,CLE,2020-01-30,7:00p,,Toronto Raptors,L,,109,115,13,36,L 2
2020,CLE,2020-02-01,8:00p,,Golden State Warriors,L,,112,131,13,37,L 3
2020,CLE,2020-02-03,7:00p,,New York Knicks,L,OT,134,139,13,38,L 4
2020,CLE,2020-02-05,8:00p,@,Oklahoma City Thunder,L,,103,109,13,39,L 5
2020,CLE,2020-02-09,7:30p,,Los Angeles Clippers,L,,92,133,13,40,L 6
2020,CLE,2020-02-12,7:00p,,Atlanta Hawks,W,,127,105,14,40,W 1
2020,CLE,2020-02-21,7:00p,@,Washington Wizards,W,,113,108,15,40,W 2
2020,CLE,2020-02-22,8:00p,@,Miami Heat,L,,105,124,15,41,L 1
2020,CLE,2020-02-24,7:00p,,Miami Heat,W,OT,125,119,16,41,W 1
2020,CLE,2020-02-26,7:00p,,Philadelphia 76ers,W,,108,94,17,41,W 2
2020,CLE,2020-02-28,8:00p,@,New Orleans Pelicans,L,,104,116,17,42,L 1
2020,CLE,2020-02-29,8:00p,,Indiana Pacers,L,,104,113,17,43,L 2
2020,CLE,2020-03-02,7:00p,,Utah Jazz,L,,113,126,17,44,L 3
2020,CLE,2020-03-04,7:00p,,Boston Celtics,L,,106,112,17,45,L 4
2020,CLE,2020-03-07,7:30p,,Denver Nuggets,W,,104,102,18,45,W 1
2020,CLE,2020-03-08,7:30p,,San Antonio Spurs,W,OT,132,129,19,45,W 2
2020,CLE,2020-03-10,8:00p,@,Chicago Bulls,L,,103,108,19,46,L 1
2020,DAL,2019-10-23,8:30p,,Washington Wizards,W,,108,100,1,0,W 1
2020,DAL,2019-10-25,8:00p,@,New Orleans Pelicans,W,,123,116,2,0,W 2
2020,DAL,2019-10-27,7:00p,,Portland Trail Blazers,L,,119,121,2,1,L 1
2020,DAL,2019-10-29,9:00p,@,Denver Nuggets,W,,109,106,3,1,W 1
2020,DAL,2019-11-01,9:30p,,Los Angeles Lakers,L,OT,110,119,3,2,L 1
2020,DAL,2019-11-03,7:30p,@,Cleveland Cavaliers,W,,131,111,4,2,W 1
2020,DAL,2019-11-06,8:30p,,Orlando Magic,W,,107,106,5,2,W 2
2020,DAL,2019-11-08,8:30p,,New York Knicks,L,,102,106,5,3,L 1
2020,DAL,2019-11-09,8:00p,@,Memphis Grizzlies,W,,138,122,6,3,W 1
2020,DAL,2019-11-11,7:30p,@,Boston Celtics,L,,106,116,6,4,L 1
2020,DAL,2019-11-14,8:00p,@,New York Knicks,L,,103,106,6,5,L 2
2020,DAL,2019-11-16,8:30p,,Toronto Raptors,W,,110,102,7,5,W 1
2020,DAL,2019-11-18,8:30p,,San Antonio Spurs,W,,117,110,8,5,W 2
2020,DAL,2019-11-20,7:30p,,Golden State Warriors,W,,142,94,9,5,W 3
2020,DAL,2019-11-22,8:30p,,Cleveland Cavaliers,W,,143,101,10,5,W 4
2020,DAL,2019-11-24,3:30p,@,Houston Rockets,W,,137,123,11,5,W 5
2020,DAL,2019-11-26,8:30p,,Los Angeles Clippers,L,,99,114,11,6,L 1
2020,DAL,2019-11-29,9:00p,@,Phoenix Suns,W,,120,113,12,6,W 1
2020,DAL,2019-12-01,4:00p,@,Los Angeles Lakers,W,,114,100,13,6,W 2
2020,DAL,2019-12-03,7:30p,@,New Orleans Pelicans,W,,118,97,14,6,W 3
2020,DAL,2019-12-04,8:30p,,Minnesota Timberwolves,W,,121,114,15,6,W 4
2020,DAL,2019-12-07,2:00p,,New Orleans Pelicans,W,,130,84,16,6,W 5
2020,DAL,2019-12-08,7:00p,,Sacramento Kings,L,,106,110,16,7,L 1
2020,DAL,2019-12-12,9:00p,@,Detroit Pistons,W,,122,111,17,7,W 1
2020,DAL,2019-12-14,8:30p,,Miami Heat,L,OT,118,122,17,8,L 1
2020,DAL,2019-12-16,8:00p,@,Milwaukee Bucks,W,,120,116,18,8,W 1
2020,DAL,2019-12-18,9:30p,,Boston Celtics,L,,103,109,18,9,L 1
2020,DAL,2019-12-20,8:00p,@,Philadelphia 76ers,W,,117,98,19,9,W 1
2020,DAL,2019-12-22,3:30p,@,Toronto Raptors,L,,107,110,19,10,L 1
2020,DAL,2019-12-26,8:00p,,San Antonio Spurs,W,,102,98,20,10,W 1
2020,DAL,2019-12-28,8:30p,@,Golden State Warriors,W,,141,121,21,10,W 2
2020,DAL,2019-12-29,9:30p,@,Los Angeles Lakers,L,,95,108,21,11,L 1
2020,DAL,2019-12-31,8:00p,@,Oklahoma City Thunder,L,,101,106,21,12,L 2
2020,DAL,2020-01-02,8:30p,,Brooklyn Nets,W,,123,111,22,12,W 1
2020,DAL,2020-01-04,8:30p,,Charlotte Hornets,L,OT,120,123,22,13,L 1
2020,DAL,2020-01-06,8:30p,,Chicago Bulls,W,,118,110,23,13,W 1
2020,DAL,2020-01-08,7:30p,,Denver Nuggets,L,,106,107,23,14,L 1
2020,DAL,2020-01-10,9:45p,,Los Angeles Lakers,L,,114,129,23,15,L 2
2020,DAL,2020-01-11,8:30p,,Philadelphia 76ers,W,,109,91,24,15,W 1
2020,DAL,2020-01-14,10:30p,@,Golden State Warriors,W,,124,97,25,15,W 2
2020,DAL,2020-01-15,10:00p,@,Sacramento Kings,W,,127,123,26,15,W 3
2020,DAL,2020-01-17,9:30p,,Portland Trail Blazers,W,,120,112,27,15,W 4
2020,DAL,2020-01-21,8:30p,,Los Angeles Clippers,L,,107,110,27,16,L 1
2020,DAL,2020-01-23,10:30p,@,Portland Trail Blazers,W,,133,125,28,16,W 1
2020,DAL,2020-01-25,5:00p,@,Utah Jazz,L,,107,112,28,17,L 1
2020,DAL,2020-01-27,8:00p,@,Oklahoma City Thunder,W,,107,97,29,17,W 1
2020,DAL,2020-01-28,8:30p,,Phoenix Suns,L,,104,133,29,18,L 1
2020,DAL,2020-01-31,7:30p,@,Houston Rockets,L,,121,128,29,19,L 2
2020,DAL,2020-02-01,8:30p,,Atlanta Hawks,W,,123,100,30,19,W 1
2020,DAL,2020-02-03,7:00p,@,Indiana Pacers,W,,112,103,31,19,W 2
2020,DAL,2020-02-05,8:30p,,Memphis Grizzlies,L,,107,121,31,20,L 1
2020,DAL,2020-02-07,7:00p,@,Washington Wizards,L,,118,119,31,21,L 2
2020,DAL,2020-02-08,7:00p,@,Charlotte Hornets,W,,116,100,32,21,W 1
2020,DAL,2020-02-10,8:30p,,Utah Jazz,L,,119,123,32,22,L 1
2020,DAL,2020-02-12,8:30p,,Sacramento Kings,W,,130,111,33,22,W 1
2020,DAL,2020-02-21,7:00p,@,Orlando Magic,W,,122,106,34,22,W 2
2020,DAL,2020-02-22,7:30p,@,Atlanta Hawks,L,,107,111,34,23,L 1
2020,DAL,2020-02-24,8:30p,,Minnesota Timberwolves,W,,139,123,35,23,W 1
2020,DAL,2020-02-26,8:30p,@,San Antonio Spurs,W,,109,103,36,23,W 2
2020,DAL,2020-02-28,8:00p,@,Miami Heat,L,,118,126,36,24,L 1
2020,DAL,2020-03-01,3:30p,@,Minnesota Timberwolves,W,,111,91,37,24,W 1
2020,DAL,2020-03-02,8:00p,@,Chicago Bulls,L,,107,109,37,25,L 1
2020,DAL,2020-03-04,9:30p,,New Orleans Pelicans,W,OT,127,123,38,25,W 1
2020,DAL,2020-03-06,8:30p,,Memphis Grizzlies,W,,121,96,39,25,W 2
2020,DAL,2020-03-08,7:00p,,Indiana Pacers,L,,109,112,39,26,L 1
2020,DAL,2020-03-10,8:00p,@,San Antonio Spurs,L,,109,119,39,27,L 2
2020,DAL,2020-03-11,8:00p,,Denver Nuggets,W,,113,97,40,27,W 1
2020,DAL,2020-07-31,9:00p,,Houston Rockets,L,OT,149,153,40,28,L 1
2020,DAL,2020-08-02,9:00p,@,Phoenix Suns,L,,115,117,40,29,L 2
2020,DAL,2020-08-04,2:30p,@,Sacramento Kings,W,OT,114,110,41,29,W 1
2020,DAL,2020-08-06,6:30p,,Los Angeles Clippers,L,,111,126,41,30,L 1
2020,DAL,2020-08-08,8:30p,,Milwaukee Bucks,W,OT,136,132,42,30,W 1
2020,DAL,2020-08-10,3:00p,@,Utah Jazz,W,,122,114,43,30,W 2
2020,DAL,2020-08-11,6:30p,,Portland Trail Blazers,L,,131,134,43,31,L 1
2020,DAL,2020-08-13,4:00p,@,Phoenix Suns,L,,102,128,43,32,L 2
2020,DAL,2020-08-17,9:00p,@,Los Angeles Clippers,L,,110,118,0,1,L 1
2020,DAL,2020-08-19,9:00p,@,Los Angeles Clippers,W,,127,114,1,1,W 1
2020,DAL,2020-08-21,9:00p,,Los Angeles Clippers,L,,122,130,1,2,L 1
2020,DAL,2020-08-23,3:30p,,Los Angeles Clippers,W,OT,135,133,2,2,W 1
2020,DAL,2020-08-25,9:00p,@,Los Angeles Clippers,L,,111,154,2,3,L 1
2020,DAL,2020-08-30,3:30p,,Los Angeles Clippers,L,,97,111,2,4,L 2
2020,DEN,2019-10-23,10:00p,@,Portland Trail Blazers,W,,108,100,1,0,W 1
2020,DEN,2019-10-25,9:00p,,Phoenix Suns,W,OT,108,107,2,0,W 2
2020,DEN,2019-10-28,10:00p,@,Sacramento Kings,W,,101,94,3,0,W 3
2020,DEN,2019-10-29,9:00p,,Dallas Mavericks,L,,106,109,3,1,L 1
2020,DEN,2019-10-31,9:30p,@,New Orleans Pelicans,L,,107,122,3,2,L 2
2020,DEN,2019-11-02,7:00p,@,Orlando Magic,W,,91,87,4,2,W 1
2020,DEN,2019-11-05,9:00p,,Miami Heat,W,,109,89,5,2,W 2
2020,DEN,2019-11-08,9:00p,,Philadelphia 76ers,W,,100,97,6,2,W 3
2020,DEN,2019-11-10,3:30p,@,Minnesota Timberwolves,W,OT,100,98,7,2,W 4
2020,DEN,2019-11-12,9:00p,,Atlanta Hawks,L,,121,125,7,3,L 1
2020,DEN,2019-11-14,10:30p,,Brooklyn Nets,W,,101,93,8,3,W 1
2020,DEN,2019-11-17,6:00p,@,Memphis Grizzlies,W,,131,114,9,3,W 2
2020,DEN,2019-11-20,9:00p,,Houston Rockets,W,,105,95,10,3,W 3
2020,DEN,2019-11-22,9:00p,,Boston Celtics,W,,96,92,11,3,W 4
2020,DEN,2019-11-24,8:00p,,Phoenix Suns,W,,116,104,12,3,W 5
2020,DEN,2019-11-26,9:00p,,Washington Wizards,W,,117,104,13,3,W 6
2020,DEN,2019-11-30,5:00p,@,Sacramento Kings,L,OT,97,100,13,4,L 1
2020,DEN,2019-12-03,9:00p,,Los Angeles Lakers,L,,96,105,13,5,L 2
2020,DEN,2019-12-05,7:30p,@,New York Knicks,W,,129,92,14,5,W 1
2020,DEN,2019-12-06,8:00p,@,Boston Celtics,L,,95,108,14,6,L 1
2020,DEN,2019-12-08,3:00p,@,Brooklyn Nets,L,,102,105,14,7,L 2
2020,DEN,2019-12-10,8:00p,@,Philadelphia 76ers,L,,92,97,14,8,L 3
2020,DEN,2019-12-12,10:30p,,Portland Trail Blazers,W,,114,99,15,8,W 1
2020,DEN,2019-12-14,9:00p,,Oklahoma City Thunder,W,,110,102,16,8,W 2
2020,DEN,2019-12-15,8:00p,,New York Knicks,W,,111,105,17,8,W 3
2020,DEN,2019-12-18,9:00p,,Orlando Magic,W,,113,104,18,8,W 4
2020,DEN,2019-12-20,9:00p,,Minnesota Timberwolves,W,,109,100,19,8,W 5
2020,DEN,2019-12-22,9:30p,@,Los Angeles Lakers,W,,128,104,20,8,W 6
2020,DEN,2019-12-23,9:00p,@,Phoenix Suns,W,,113,111,21,8,W 7
2020,DEN,2019-12-25,10:30p,,New Orleans Pelicans,L,,100,112,21,9,L 1
2020,DEN,2019-12-28,5:00p,,Memphis Grizzlies,W,,119,110,22,9,W 1
2020,DEN,2019-12-29,8:00p,,Sacramento Kings,W,,120,115,23,9,W 2
2020,DEN,2019-12-31,7:00p,@,Houston Rockets,L,,104,130,23,10,L 1
2020,DEN,2020-01-02,7:00p,@,Indiana Pacers,W,,124,116,24,10,W 1
2020,DEN,2020-01-04,8:00p,@,Washington Wizards,L,,114,128,24,11,L 1
2020,DEN,2020-01-06,7:30p,@,Atlanta Hawks,W,,123,115,25,11,W 1
2020,DEN,2020-01-08,7:30p,@,Dallas Mavericks,W,,107,106,26,11,W 2
2020,DEN,2020-01-11,9:00p,,Cleveland Cavaliers,L,,103,111,26,12,L 1
2020,DEN,2020-01-12,8:00p,,Los Angeles Clippers,W,,114,104,27,12,W 1
2020,DEN,2020-01-15,9:00p,,Charlotte Hornets,W,,100,86,28,12,W 2
2020,DEN,2020-01-16,10:30p,@,Golden State Warriors,W,OT,134,131,29,12,W 3
2020,DEN,2020-01-19,8:00p,,Indiana Pacers,L,,107,115,29,13,L 1
2020,DEN,2020-01-20,8:00p,@,Minnesota Timberwolves,W,,107,100,30,13,W 1
2020,DEN,2020-01-22,8:00p,@,Houston Rockets,L,,105,121,30,14,L 1
2020,DEN,2020-01-24,8:00p,@,New Orleans Pelicans,W,,113,106,31,14,W 1
2020,DEN,2020-01-26,3:30p,,Houston Rockets,W,,117,110,32,14,W 2
2020,DEN,2020-01-28,8:00p,@,Memphis Grizzlies,L,,96,104,32,15,L 1
2020,DEN,2020-01-30,10:30p,,Utah Jazz,W,,106,100,33,15,W 1
2020,DEN,2020-01-31,9:00p,@,Milwaukee Bucks,W,,127,115,34,15,W 2
2020,DEN,2020-02-02,12:30p,@,Detroit Pistons,L,OT,123,128,34,16,L 1
2020,DEN,2020-02-04,9:00p,,Portland Trail Blazers,W,,127,99,35,16,W 1
2020,DEN,2020-02-05,9:00p,@,Utah Jazz,W,,98,95,36,16,W 2
2020,DEN,2020-02-08,9:00p,@,Phoenix Suns,W,,117,108,37,16,W 3
2020,DEN,2020-02-10,9:00p,,San Antonio Spurs,W,,127,120,38,16,W 4
2020,DEN,2020-02-12,10:00p,,Los Angeles Lakers,L,OT,116,120,38,17,L 1
2020,DEN,2020-02-21,8:00p,@,Oklahoma City Thunder,L,,101,113,38,18,L 2
2020,DEN,2020-02-23,6:00p,,Minnesota Timberwolves,W,,128,116,39,18,W 1
2020,DEN,2020-02-25,9:00p,,Detroit Pistons,W,,115,98,40,18,W 2
2020,DEN,2020-02-28,10:30p,@,Los Angeles Clippers,L,,103,132,40,19,L 1
2020,DEN,2020-03-01,6:00p,,Toronto Raptors,W,,133,118,41,19,W 1
2020,DEN,2020-03-03,9:00p,,Golden State Warriors,L,,100,116,41,20,L 1
2020,DEN,2020-03-05,7:00p,@,Charlotte Hornets,W,,114,112,42,20,W 1
2020,DEN,2020-03-07,7:30p,@,Cleveland Cavaliers,L,,102,104,42,21,L 1
2020,DEN,2020-03-09,9:00p,,Milwaukee Bucks,W,,109,95,43,21,W 1
2020,DEN,2020-03-11,8:00p,@,Dallas Mavericks,L,,97,113,43,22,L 1
2020,DEN,2020-08-01,1:00p,,Miami Heat,L,,105,125,43,23,L 2
2020,DEN,2020-08-03,4:00p,@,Oklahoma City Thunder,W,OT,121,113,44,23,W 1
2020,DEN,2020-08-05,4:00p,@,San Antonio Spurs,W,,132,126,45,23,W 2
2020,DEN,2020-08-06,8:00p,,Portland Trail Blazers,L,,115,125,45,24,L 1
2020,DEN,2020-08-08,3:30p,,Utah Jazz,W,2OT,134,132,46,24,W 1
2020,DEN,2020-08-10,9:00p,@,Los Angeles Lakers,L,,121,124,46,25,L 1
2020,DEN,2020-08-12,9:00p,,Los Angeles Clippers,L,,111,124,46,26,L 2
2020,DEN,2020-08-14,1:30p,@,Toronto Raptors,L,,109,117,46,27,L 3
2020,DEN,2020-08-17,1:30p,,Utah Jazz,W,OT,135,125,1,0,W 1
2020,DEN,2020-08-19,4:00p,,Utah Jazz,L,,105,124,1,1,L 1
2020,DEN,2020-08-21,4:00p,@,Utah Jazz,L,,87,124,1,2,L 2
2020,DEN,2020-08-23,9:00p,@,Utah Jazz,L,,127,129,1,3,L 3
2020,DEN,2020-08-25,6:30p,,Utah Jazz,W,,117,107,2,3,W 1
2020,DEN,2020-08-30,8:30p,@,Utah Jazz,W,,119,107,3,3,W 2
2020,DEN,2020-09-01,8:30p,,Utah Jazz,W,,80,78,4,3,W 3
2020,DEN,2020-09-03,9:00p,@,Los Angeles Clippers,L,,97,120,4,4,L 1
2020,DEN,2020-09-05,9:00p,@,Los Angeles Clippers,W,,110,101,5,4,W 1
2020,DEN,2020-09-07,9:00p,,Los Angeles Clippers,L,,107,113,5,5,L 1
2020,DEN,2020-09-09,9:00p,,Los Angeles Clippers,L,,85,96,5,6,L 2
2020,DEN,2020-09-11,6:30p,@,Los Angeles Clippers,W,,111,105,6,6,W 1
2020,DEN,2020-09-13,1:00p,,Los Angeles Clippers,W,,111,98,7,6,W 2
2020,DEN,2020-09-15,9:00p,@,Los Angeles Clippers,W,,104,89,8,6,W 3
2020,DEN,2020-09-18,9:00p,@,Los Angeles Lakers,L,,114,126,8,7,L 1
2020,DEN,2020-09-20,7:30p,@,Los Angeles Lakers,L,,103,105,8,8,L 2
2020,DEN,2020-09-22,9:00p,,Los Angeles Lakers,W,,114,106,9,8,W 1
2020,DEN,2020-09-24,9:00p,,Los Angeles Lakers,L,,108,114,9,9,L 1
2020,DEN,2020-09-26,9:00p,@,Los Angeles Lakers,L,,107,117,9,10,L 2
2020,DET,2019-10-23,7:00p,@,Indiana Pacers,W,,119,110,1,0,W 1
2020,DET,2019-10-24,7:00p,,Atlanta Hawks,L,,100,117,1,1,L 1
2020,DET,2019-10-26,7:00p,,Philadelphia 76ers,L,,111,117,1,2,L 2
2020,DET,2019-10-28,7:00p,,Indiana Pacers,W,,96,94,2,2,W 1
2020,DET,2019-10-30,7:30p,@,Toronto Raptors,L,,113,125,2,3,L 1
2020,DET,2019-11-01,8:00p,@,Chicago Bulls,L,,106,112,2,4,L 2
2020,DET,2019-11-02,7:00p,,Brooklyn Nets,W,,113,109,3,4,W 1
2020,DET,2019-11-04,7:00p,@,Washington Wizards,L,,99,115,3,5,L 1
2020,DET,2019-11-06,7:00p,,New York Knicks,W,,122,102,4,5,W 1
2020,DET,2019-11-08,7:00p,@,Indiana Pacers,L,,106,112,4,6,L 1
2020,DET,2019-11-11,7:00p,,Minnesota Timberwolves,L,,114,120,4,7,L 2
2020,DET,2019-11-12,7:30p,@,Miami Heat,L,,108,117,4,8,L 3
2020,DET,2019-11-15,7:00p,@,Charlotte Hornets,L,,106,109,4,9,L 4
2020,DET,2019-11-20,8:00p,@,Chicago Bulls,L,,89,109,4,10,L 5
2020,DET,2019-11-22,7:00p,,Atlanta Hawks,W,,128,103,5,10,W 1
2020,DET,2019-11-23,8:30p,@,Milwaukee Bucks,L,,90,104,5,11,L 1
2020,DET,2019-11-25,7:00p,,Orlando Magic,W,,103,88,6,11,W 1
2020,DET,2019-11-27,7:00p,@,Charlotte Hornets,L,,101,102,6,12,L 1
2020,DET,2019-11-29,7:00p,,Charlotte Hornets,L,,107,110,6,13,L 2
2020,DET,2019-12-01,5:00p,,San Antonio Spurs,W,,132,98,7,13,W 1
2020,DET,2019-12-03,7:00p,@,Cleveland Cavaliers,W,,127,94,8,13,W 2
2020,DET,2019-12-04,7:00p,,Milwaukee Bucks,L,,103,127,8,14,L 1
2020,DET,2019-12-06,7:00p,,Indiana Pacers,W,,108,101,9,14,W 1
2020,DET,2019-12-09,8:00p,@,New Orleans Pelicans,W,,105,103,10,14,W 2
2020,DET,2019-12-12,9:00p,,Dallas Mavericks,L,,111,122,10,15,L 1
2020,DET,2019-12-14,9:00p,@,Houston Rockets,W,,115,107,11,15,W 1
2020,DET,2019-12-16,7:00p,,Washington Wizards,L,,119,133,11,16,L 1
2020,DET,2019-12-18,7:00p,,Toronto Raptors,L,,99,112,11,17,L 2
2020,DET,2019-12-20,7:30p,@,Boston Celtics,L,,93,114,11,18,L 3
2020,DET,2019-12-21,7:00p,,Chicago Bulls,L,,107,119,11,19,L 4
2020,DET,2019-12-23,7:00p,,Philadelphia 76ers,L,,109,125,11,20,L 5
2020,DET,2019-12-26,7:00p,,Washington Wizards,W,,132,102,12,20,W 1
2020,DET,2019-12-28,8:30p,@,San Antonio Spurs,L,,109,136,12,21,L 1
2020,DET,2019-12-30,9:00p,@,Utah Jazz,L,,81,104,12,22,L 2
2020,DET,2020-01-02,10:30p,@,Los Angeles Clippers,L,,112,126,12,23,L 3
2020,DET,2020-01-04,8:30p,@,Golden State Warriors,W,,111,104,13,23,W 1
2020,DET,2020-01-05,10:00p,@,Los Angeles Lakers,L,,99,106,13,24,L 1
2020,DET,2020-01-07,7:00p,@,Cleveland Cavaliers,W,,115,113,14,24,W 1
2020,DET,2020-01-09,7:00p,,Cleveland Cavaliers,L,OT,112,115,14,25,L 1
2020,DET,2020-01-11,7:00p,,Chicago Bulls,L,,99,108,14,26,L 2
2020,DET,2020-01-13,7:00p,,New Orleans Pelicans,L,OT,110,117,14,27,L 3
2020,DET,2020-01-15,7:00p,@,Boston Celtics,W,,116,103,15,27,W 1
2020,DET,2020-01-18,7:30p,@,Atlanta Hawks,W,,136,103,16,27,W 2
2020,DET,2020-01-20,2:00p,@,Washington Wizards,L,,100,106,16,28,L 1
2020,DET,2020-01-22,7:00p,,Sacramento Kings,W,,127,106,17,28,W 1
2020,DET,2020-01-24,7:00p,,Memphis Grizzlies,L,,112,125,17,29,L 1
2020,DET,2020-01-25,7:00p,,Brooklyn Nets,L,OT,111,121,17,30,L 2
2020,DET,2020-01-27,7:00p,,Cleveland Cavaliers,L,,100,115,17,31,L 3
2020,DET,2020-01-29,7:30p,@,Brooklyn Nets,L,,115,125,17,32,L 4
2020,DET,2020-01-31,7:00p,,Toronto Raptors,L,,92,105,17,33,L 5
2020,DET,2020-02-02,12:30p,,Denver Nuggets,W,OT,128,123,18,33,W 1
2020,DET,2020-02-03,8:00p,@,Memphis Grizzlies,L,,82,96,18,34,L 1
2020,DET,2020-02-05,7:00p,,Phoenix Suns,W,,116,108,19,34,W 1
2020,DET,2020-02-07,8:00p,@,Oklahoma City Thunder,L,,101,108,19,35,L 1
2020,DET,2020-02-08,7:00p,,New York Knicks,L,,92,95,19,36,L 2
2020,DET,2020-02-10,7:00p,,Charlotte Hornets,L,,76,87,19,37,L 3
2020,DET,2020-02-12,7:00p,@,Orlando Magic,L,OT,112,116,19,38,L 4
2020,DET,2020-02-20,7:00p,,Milwaukee Bucks,L,,106,126,19,39,L 5
2020,DET,2020-02-23,9:00p,@,Portland Trail Blazers,L,,104,107,19,40,L 6
2020,DET,2020-02-25,9:00p,@,Denver Nuggets,L,,98,115,19,41,L 7
2020,DET,2020-02-28,9:00p,@,Phoenix Suns,W,,113,111,20,41,W 1
2020,DET,2020-03-01,6:00p,@,Sacramento Kings,L,,100,106,20,42,L 1
2020,DET,2020-03-04,7:00p,,Oklahoma City Thunder,L,,107,114,20,43,L 2
2020,DET,2020-03-07,7:00p,,Utah Jazz,L,,105,111,20,44,L 3
2020,DET,2020-03-08,7:30p,@,New York Knicks,L,,84,96,20,45,L 4
2020,DET,2020-03-11,7:00p,@,Philadelphia 76ers,L,,106,124,20,46,L 5
2020,GSW,2019-10-24,10:30p,,Los Angeles Clippers,L,,122,141,0,1,L 1
2020,GSW,2019-10-27,3:30p,@,Oklahoma City Thunder,L,,92,120,0,2,L 2
2020,GSW,2019-10-28,8:00p,@,New Orleans Pelicans,W,,134,123,1,2,W 1
2020,GSW,2019-10-30,10:30p,,Phoenix Suns,L,,110,121,1,3,L 1
2020,GSW,2019-11-01,10:30p,,San Antonio Spurs,L,,110,127,1,4,L 2
2020,GSW,2019-11-02,8:30p,,Charlotte Hornets,L,,87,93,1,5,L 3
2020,GSW,2019-11-04,10:30p,,Portland Trail Blazers,W,,127,118,2,5,W 1
2020,GSW,2019-11-06,7:30p,@,Houston Rockets,L,,112,129,2,6,L 1
2020,GSW,2019-11-08,8:00p,@,Minnesota Timberwolves,L,OT,119,125,2,7,L 2
2020,GSW,2019-11-09,8:00p,@,Oklahoma City Thunder,L,,108,114,2,8,L 3
2020,GSW,2019-11-11,10:30p,,Utah Jazz,L,,108,122,2,9,L 4
2020,GSW,2019-11-13,10:00p,@,Los Angeles Lakers,L,,94,120,2,10,L 5
2020,GSW,2019-11-15,10:30p,,Boston Celtics,L,,100,105,2,11,L 6
2020,GSW,2019-11-17,7:00p,@,New Orleans Pelicans,L,,100,108,2,12,L 7
2020,GSW,2019-11-19,8:00p,@,Memphis Grizzlies,W,,114,95,3,12,W 1
2020,GSW,2019-11-20,7:30p,@,Dallas Mavericks,L,,94,142,3,13,L 1
2020,GSW,2019-11-22,9:00p,@,Utah Jazz,L,,109,113,3,14,L 2
2020,GSW,2019-11-25,10:30p,,Oklahoma City Thunder,L,,97,100,3,15,L 3
2020,GSW,2019-11-27,10:30p,,Chicago Bulls,W,,104,90,4,15,W 1
2020,GSW,2019-11-29,8:00p,@,Miami Heat,L,,105,122,4,16,L 1
2020,GSW,2019-12-01,6:00p,@,Orlando Magic,L,,96,100,4,17,L 2
2020,GSW,2019-12-02,7:30p,@,Atlanta Hawks,L,,79,104,4,18,L 3
2020,GSW,2019-12-04,7:00p,@,Charlotte Hornets,L,,91,106,4,19,L 4
2020,GSW,2019-12-06,8:00p,@,Chicago Bulls,W,,100,98,5,19,W 1
2020,GSW,2019-12-09,10:30p,,Memphis Grizzlies,L,,102,110,5,20,L 1
2020,GSW,2019-12-11,10:30p,,New York Knicks,L,OT,122,124,5,21,L 2
2020,GSW,2019-12-13,9:00p,@,Utah Jazz,L,,106,114,5,22,L 3
2020,GSW,2019-12-15,8:30p,,Sacramento Kings,L,,79,100,5,23,L 4
2020,GSW,2019-12-18,10:00p,@,Portland Trail Blazers,L,,112,122,5,24,L 5
2020,GSW,2019-12-20,10:30p,,New Orleans Pelicans,W,,106,102,6,24,W 1
2020,GSW,2019-12-23,10:30p,,Minnesota Timberwolves,W,,113,104,7,24,W 2
2020,GSW,2019-12-25,5:00p,,Houston Rockets,W,,116,104,8,24,W 3
2020,GSW,2019-12-27,10:30p,,Phoenix Suns,W,,105,96,9,24,W 4
2020,GSW,2019-12-28,8:30p,,Dallas Mavericks,L,,121,141,9,25,L 1
2020,GSW,2019-12-31,7:00p,@,San Antonio Spurs,L,OT,113,117,9,26,L 2
2020,GSW,2020-01-02,8:00p,@,Minnesota Timberwolves,L,,84,99,9,27,L 3
2020,GSW,2020-01-04,8:30p,,Detroit Pistons,L,,104,111,9,28,L 4
2020,GSW,2020-01-06,10:00p,@,Sacramento Kings,L,,98,111,9,29,L 5
2020,GSW,2020-01-08,10:00p,,Milwaukee Bucks,L,,98,107,9,30,L 6
2020,GSW,2020-01-10,10:30p,@,Los Angeles Clippers,L,,100,109,9,31,L 7
2020,GSW,2020-01-12,6:00p,@,Memphis Grizzlies,L,,102,122,9,32,L 8
2020,GSW,2020-01-14,10:30p,,Dallas Mavericks,L,,97,124,9,33,L 9
2020,GSW,2020-01-16,10:30p,,Denver Nuggets,L,OT,131,134,9,34,L 10
2020,GSW,2020-01-18,8:30p,,Orlando Magic,W,,109,95,10,34,W 1
2020,GSW,2020-01-20,10:00p,@,Portland Trail Blazers,L,OT,124,129,10,35,L 1
2020,GSW,2020-01-22,10:00p,,Utah Jazz,L,,96,129,10,36,L 2
2020,GSW,2020-01-24,10:30p,,Indiana Pacers,L,,118,129,10,37,L 3
2020,GSW,2020-01-28,7:00p,@,Philadelphia 76ers,L,,104,115,10,38,L 4
2020,GSW,2020-01-30,8:00p,@,Boston Celtics,L,,104,119,10,39,L 5
2020,GSW,2020-02-01,8:00p,@,Cleveland Cavaliers,W,,131,112,11,39,W 1
2020,GSW,2020-02-03,7:00p,@,Washington Wizards,W,,125,117,12,39,W 2
2020,GSW,2020-02-05,7:30p,@,Brooklyn Nets,L,,88,129,12,40,L 1
2020,GSW,2020-02-08,8:30p,,Los Angeles Lakers,L,,120,125,12,41,L 2
2020,GSW,2020-02-10,10:30p,,Miami Heat,L,,101,113,12,42,L 3
2020,GSW,2020-02-12,9:00p,@,Phoenix Suns,L,,106,112,12,43,L 4
2020,GSW,2020-02-20,10:30p,,Houston Rockets,L,,105,135,12,44,L 5
2020,GSW,2020-02-23,8:30p,,New Orleans Pelicans,L,,101,115,12,45,L 6
2020,GSW,2020-02-25,10:30p,,Sacramento Kings,L,,94,112,12,46,L 7
2020,GSW,2020-02-27,10:30p,,Los Angeles Lakers,L,,86,116,12,47,L 8
2020,GSW,2020-02-29,9:00p,@,Phoenix Suns,W,,115,99,13,47,W 1
2020,GSW,2020-03-01,8:30p,,Washington Wizards,L,,110,124,13,48,L 1
2020,GSW,2020-03-03,9:00p,@,Denver Nuggets,W,,116,100,14,48,W 1
2020,GSW,2020-03-05,10:30p,,Toronto Raptors,L,,113,121,14,49,L 1
2020,GSW,2020-03-07,8:30p,,Philadelphia 76ers,W,,118,114,15,49,W 1
2020,GSW,2020-03-10,10:30p,,Los Angeles Clippers,L,,107,131,15,50,L 1
2020,HOU,2019-10-24,8:00p,,Milwaukee Bucks,L,,111,117,0,1,L 1
2020,HOU,2019-10-26,8:00p,,New Orleans Pelicans,W,,126,123,1,1,W 1
2020,HOU,2019-10-28,8:00p,,Oklahoma City Thunder,W,,116,112,2,1,W 2
2020,HOU,2019-10-30,8:00p,@,Washington Wizards,W,,159,158,3,1,W 3
2020,HOU,2019-11-01,7:00p,@,Brooklyn Nets,L,,116,123,3,2,L 1
2020,HOU,2019-11-03,6:00p,@,Miami Heat,L,,100,129,3,3,L 2
2020,HOU,2019-11-04,8:00p,@,Memphis Grizzlies,W,,107,100,4,3,W 1
2020,HOU,2019-11-06,7:30p,,Golden State Warriors,W,,129,112,5,3,W 2
2020,HOU,2019-11-09,8:00p,@,Chicago Bulls,W,,117,94,6,3,W 3
2020,HOU,2019-11-11,8:00p,@,New Orleans Pelicans,W,,122,116,7,3,W 4
2020,HOU,2019-11-13,7:30p,,Los Angeles Clippers,W,,102,93,8,3,W 5
2020,HOU,2019-11-15,8:00p,,Indiana Pacers,W,,111,102,9,3,W 6
2020,HOU,2019-11-16,8:00p,@,Minnesota Timberwolves,W,,125,105,10,3,W 7
2020,HOU,2019-11-18,8:00p,,Portland Trail Blazers,W,,132,108,11,3,W 8
2020,HOU,2019-11-20,9:00p,@,Denver Nuggets,L,,95,105,11,4,L 1
2020,HOU,2019-11-22,10:30p,@,Los Angeles Clippers,L,,119,122,11,5,L 2
2020,HOU,2019-11-24,3:30p,,Dallas Mavericks,L,,123,137,11,6,L 3
2020,HOU,2019-11-27,8:00p,,Miami Heat,W,,117,108,12,6,W 1
2020,HOU,2019-11-30,8:00p,,Atlanta Hawks,W,,158,111,13,6,W 2
2020,HOU,2019-12-03,8:30p,@,San Antonio Spurs,L,2OT,133,135,13,7,L 1
2020,HOU,2019-12-05,7:30p,@,Toronto Raptors,W,,119,109,14,7,W 1
2020,HOU,2019-12-07,8:00p,,Phoenix Suns,W,,115,109,15,7,W 2
2020,HOU,2019-12-09,8:00p,,Sacramento Kings,L,,118,119,15,8,L 1
2020,HOU,2019-12-11,7:00p,@,Cleveland Cavaliers,W,,116,110,16,8,W 1
2020,HOU,2019-12-13,7:00p,@,Orlando Magic,W,,130,107,17,8,W 2
2020,HOU,2019-12-14,9:00p,,Detroit Pistons,L,,107,115,17,9,L 1
2020,HOU,2019-12-16,8:00p,,San Antonio Spurs,W,,109,107,18,9,W 1
2020,HOU,2019-12-19,10:30p,@,Los Angeles Clippers,W,,122,117,19,9,W 2
2020,HOU,2019-12-21,9:00p,@,Phoenix Suns,W,,139,125,20,9,W 3
2020,HOU,2019-12-23,10:00p,@,Sacramento Kings,W,,113,104,21,9,W 4
2020,HOU,2019-12-25,5:00p,@,Golden State Warriors,L,,104,116,21,10,L 1
2020,HOU,2019-12-28,8:00p,,Brooklyn Nets,W,,108,98,22,10,W 1
2020,HOU,2019-12-29,8:00p,@,New Orleans Pelicans,L,,112,127,22,11,L 1
2020,HOU,2019-12-31,7:00p,,Denver Nuggets,W,,130,104,23,11,W 1
2020,HOU,2020-01-03,8:00p,,Philadelphia 76ers,W,,118,108,24,11,W 2
2020,HOU,2020-01-08,7:30p,@,Atlanta Hawks,W,,122,115,25,11,W 3
2020,HOU,2020-01-09,9:30p,@,Oklahoma City Thunder,L,,92,113,25,12,L 1
2020,HOU,2020-01-11,5:00p,,Minnesota Timberwolves,W,,139,109,26,12,W 1
2020,HOU,2020-01-14,8:00p,@,Memphis Grizzlies,L,,110,121,26,13,L 1
2020,HOU,2020-01-15,9:30p,,Portland Trail Blazers,L,,107,117,26,14,L 2
2020,HOU,2020-01-18,8:30p,,Los Angeles Lakers,L,,115,124,26,15,L 3
2020,HOU,2020-01-20,5:00p,,Oklahoma City Thunder,L,,107,112,26,16,L 4
2020,HOU,2020-01-22,8:00p,,Denver Nuggets,W,,121,105,27,16,W 1
2020,HOU,2020-01-24,8:00p,@,Minnesota Timberwolves,W,,131,124,28,16,W 2
2020,HOU,2020-01-26,3:30p,@,Denver Nuggets,L,,110,117,28,17,L 1
2020,HOU,2020-01-27,9:00p,@,Utah Jazz,W,,126,117,29,17,W 1
2020,HOU,2020-01-29,10:00p,@,Portland Trail Blazers,L,,112,125,29,18,L 1
2020,HOU,2020-01-31,7:30p,,Dallas Mavericks,W,,128,121,30,18,W 1
2020,HOU,2020-02-02,2:00p,,New Orleans Pelicans,W,,117,109,31,18,W 2
2020,HOU,2020-02-04,8:00p,,Charlotte Hornets,W,,125,110,32,18,W 3
2020,HOU,2020-02-06,10:30p,@,Los Angeles Lakers,W,,121,111,33,18,W 4
2020,HOU,2020-02-07,9:00p,@,Phoenix Suns,L,,91,127,33,19,L 1
2020,HOU,2020-02-09,7:00p,,Utah Jazz,L,,113,114,33,20,L 2
2020,HOU,2020-02-11,9:30p,,Boston Celtics,W,,116,105,34,20,W 1
2020,HOU,2020-02-20,10:30p,@,Golden State Warriors,W,,135,105,35,20,W 2
2020,HOU,2020-02-22,9:00p,@,Utah Jazz,W,,120,110,36,20,W 3
2020,HOU,2020-02-24,8:00p,,New York Knicks,W,,123,112,37,20,W 4
2020,HOU,2020-02-26,8:00p,,Memphis Grizzlies,W,,140,112,38,20,W 5
2020,HOU,2020-02-29,8:30p,@,Boston Celtics,W,OT,111,110,39,20,W 6
2020,HOU,2020-03-02,7:00p,@,New York Knicks,L,,123,125,39,21,L 1
2020,HOU,2020-03-05,8:00p,,Los Angeles Clippers,L,,105,120,39,22,L 2
2020,HOU,2020-03-07,5:00p,@,Charlotte Hornets,L,,99,108,39,23,L 3
2020,HOU,2020-03-08,7:00p,,Orlando Magic,L,,106,126,39,24,L 4
2020,HOU,2020-03-10,8:00p,,Minnesota Timberwolves,W,,117,111,40,24,W 1
2020,HOU,2020-07-31,9:00p,@,Dallas Mavericks,W,OT,153,149,41,24,W 2
2020,HOU,2020-08-02,8:30p,,Milwaukee Bucks,W,,120,116,42,24,W 3
2020,HOU,2020-08-04,9:00p,@,Portland Trail Blazers,L,,102,110,42,25,L 1
2020,HOU,2020-08-06,9:00p,,Los Angeles Lakers,W,,113,97,43,25,W 1
2020,HOU,2020-08-09,8:00p,@,Sacramento Kings,W,,129,112,44,25,W 2
2020,HOU,2020-08-11,2:00p,@,San Antonio Spurs,L,,105,123,44,26,L 1
2020,HOU,2020-08-12,4:00p,,Indiana Pacers,L,,104,108,44,27,L 2
2020,HOU,2020-08-14,9:00p,,Philadelphia 76ers,L,,96,134,44,28,L 3
2020,HOU,2020-08-18,6:30p,,Oklahoma City Thunder,W,,123,108,1,0,W 1
2020,HOU,2020-08-20,3:30p,,Oklahoma City Thunder,W,,111,98,2,0,W 2
2020,HOU,2020-08-22,6:00p,@,Oklahoma City Thunder,L,OT,107,119,2,1,L 1
2020,HOU,2020-08-24,4:00p,@,Oklahoma City Thunder,L,,114,117,2,2,L 2
2020,HOU,2020-08-29,6:30p,,Oklahoma City Thunder,W,,114,80,3,2,W 1
2020,HOU,2020-08-31,9:00p,@,Oklahoma City Thunder,L,,100,104,3,3,L 1
2020,HOU,2020-09-02,9:00p,,Oklahoma City Thunder,W,,104,102,4,3,W 1
2020,HOU,2020-09-04,9:00p,@,Los Angeles Lakers,W,,112,97,5,3,W 2
2020,HOU,2020-09-06,8:30p,@,Los Angeles Lakers,L,,109,117,5,4,L 1
2020,HOU,2020-09-08,9:00p,,Los Angeles Lakers,L,,102,112,5,5,L 2
2020,HOU,2020-09-10,7:00p,,Los Angeles Lakers,L,,100,110,5,6,L 3
2020,HOU,2020-09-12,8:00p,@,Los Angeles Lakers,L,,96,119,5,7,L 4
2020,IND,2019-10-23,7:00p,,Detroit Pistons,L,,110,119,0,1,L 1
2020,IND,2019-10-26,8:00p,@,Cleveland Cavaliers,L,,99,110,0,2,L 2
2020,IND,2019-10-28,7:00p,@,Detroit Pistons,L,,94,96,0,3,L 3
2020,IND,2019-10-30,7:30p,@,Brooklyn Nets,W,,118,108,1,3,W 1
2020,IND,2019-11-01,7:00p,,Cleveland Cavaliers,W,,102,95,2,3,W 2
2020,IND,2019-11-03,5:00p,,Chicago Bulls,W,,108,95,3,3,W 3
2020,IND,2019-11-05,7:00p,@,Charlotte Hornets,L,OT,120,122,3,4,L 1
2020,IND,2019-11-06,7:00p,,Washington Wizards,W,,121,106,4,4,W 1
2020,IND,2019-11-08,7:00p,,Detroit Pistons,W,,112,106,5,4,W 2
2020,IND,2019-11-10,6:00p,@,Orlando Magic,W,,109,102,6,4,W 3
2020,IND,2019-11-12,7:00p,,Oklahoma City Thunder,W,,111,85,7,4,W 4
2020,IND,2019-11-15,8:00p,@,Houston Rockets,L,,102,111,7,5,L 1
2020,IND,2019-11-16,7:00p,,Milwaukee Bucks,L,,83,102,7,6,L 2
2020,IND,2019-11-18,7:30p,@,Brooklyn Nets,W,,115,86,8,6,W 1
2020,IND,2019-11-23,7:00p,,Orlando Magic,W,,111,106,9,6,W 2
2020,IND,2019-11-25,7:00p,,Memphis Grizzlies,W,,126,114,10,6,W 3
2020,IND,2019-11-27,7:00p,,Utah Jazz,W,,121,102,11,6,W 4
2020,IND,2019-11-29,8:00p,,Atlanta Hawks,W,OT,105,104,12,6,W 5
2020,IND,2019-11-30,7:00p,@,Philadelphia 76ers,L,,116,119,12,7,L 1
2020,IND,2019-12-02,8:00p,@,Memphis Grizzlies,W,,117,104,13,7,W 1
2020,IND,2019-12-04,8:00p,@,Oklahoma City Thunder,W,,107,100,14,7,W 2
2020,IND,2019-12-06,7:00p,@,Detroit Pistons,L,,101,108,14,8,L 1
2020,IND,2019-12-07,7:30p,@,New York Knicks,W,,104,103,15,8,W 1
2020,IND,2019-12-09,7:00p,,Los Angeles Clippers,L,,99,110,15,9,L 1
2020,IND,2019-12-11,7:00p,,Boston Celtics,W,,122,117,16,9,W 1
2020,IND,2019-12-13,7:30p,@,Atlanta Hawks,W,,110,100,17,9,W 2
2020,IND,2019-12-15,5:00p,,Charlotte Hornets,W,,107,85,18,9,W 3
2020,IND,2019-12-17,7:00p,,Los Angeles Lakers,W,,105,102,19,9,W 4
2020,IND,2019-12-20,7:00p,,Sacramento Kings,W,,119,105,20,9,W 5
2020,IND,2019-12-22,7:00p,@,Milwaukee Bucks,L,,89,117,20,10,L 1
2020,IND,2019-12-23,7:00p,,Toronto Raptors,W,OT,120,115,21,10,W 1
2020,IND,2019-12-27,8:00p,@,Miami Heat,L,,112,113,21,11,L 1
2020,IND,2019-12-28,7:00p,@,New Orleans Pelicans,L,,98,120,21,12,L 2
2020,IND,2019-12-31,3:00p,,Philadelphia 76ers,W,,115,97,22,12,W 1
2020,IND,2020-01-02,7:00p,,Denver Nuggets,L,,116,124,22,13,L 1
2020,IND,2020-01-04,7:30p,@,Atlanta Hawks,L,,111,116,22,14,L 2
2020,IND,2020-01-06,7:00p,@,Charlotte Hornets,W,,115,104,23,14,W 1
2020,IND,2020-01-08,7:00p,,Miami Heat,L,,108,122,23,15,L 1
2020,IND,2020-01-10,8:00p,@,Chicago Bulls,W,,116,105,24,15,W 1
2020,IND,2020-01-13,7:00p,,Philadelphia 76ers,W,,101,95,25,15,W 2
2020,IND,2020-01-15,8:00p,@,Minnesota Timberwolves,W,,104,99,26,15,W 3
2020,IND,2020-01-17,7:00p,,Minnesota Timberwolves,W,,116,114,27,15,W 4
2020,IND,2020-01-19,8:00p,@,Denver Nuggets,W,,115,107,28,15,W 5
2020,IND,2020-01-20,9:00p,@,Utah Jazz,L,,88,118,28,16,L 1
2020,IND,2020-01-22,9:00p,@,Phoenix Suns,W,,112,87,29,16,W 1
2020,IND,2020-01-24,10:30p,@,Golden State Warriors,W,,129,118,30,16,W 2
2020,IND,2020-01-26,9:00p,@,Portland Trail Blazers,L,,129,139,30,17,L 1
2020,IND,2020-01-29,7:00p,,Chicago Bulls,W,OT,115,106,31,17,W 1
2020,IND,2020-02-01,7:00p,,New York Knicks,L,,85,92,31,18,L 1
2020,IND,2020-02-03,7:00p,,Dallas Mavericks,L,,103,112,31,19,L 2
2020,IND,2020-02-05,7:30p,@,Toronto Raptors,L,,118,119,31,20,L 3
2020,IND,2020-02-07,8:00p,,Toronto Raptors,L,,106,115,31,21,L 4
2020,IND,2020-02-08,7:30p,,New Orleans Pelicans,L,,117,124,31,22,L 5
2020,IND,2020-02-10,7:00p,,Brooklyn Nets,L,,105,106,31,23,L 6
2020,IND,2020-02-12,7:30p,,Milwaukee Bucks,W,,118,111,32,23,W 1
2020,IND,2020-02-21,7:30p,@,New York Knicks,W,,106,98,33,23,W 2
2020,IND,2020-02-23,6:00p,@,Toronto Raptors,L,,81,127,33,24,L 1
2020,IND,2020-02-25,7:00p,,Charlotte Hornets,W,,119,80,34,24,W 1
2020,IND,2020-02-27,8:00p,,Portland Trail Blazers,W,,106,100,35,24,W 2
2020,IND,2020-02-29,8:00p,@,Cleveland Cavaliers,W,,113,104,36,24,W 3
2020,IND,2020-03-02,8:30p,@,San Antonio Spurs,W,,116,111,37,24,W 4
2020,IND,2020-03-04,7:00p,@,Milwaukee Bucks,L,,100,119,37,25,L 1
2020,IND,2020-03-06,8:00p,@,Chicago Bulls,W,,108,102,38,25,W 1
2020,IND,2020-03-08,7:00p,@,Dallas Mavericks,W,,112,109,39,25,W 2
2020,IND,2020-03-10,7:00p,,Boston Celtics,L,,111,114,39,26,L 1
2020,IND,2020-08-01,7:00p,,Philadelphia 76ers,W,,127,121,40,26,W 1
2020,IND,2020-08-03,4:00p,@,Washington Wizards,W,,111,100,41,26,W 2
2020,IND,2020-08-04,6:00p,,Orlando Magic,W,,120,109,42,26,W 3
2020,IND,2020-08-06,4:00p,@,Phoenix Suns,L,,99,114,42,27,L 1
2020,IND,2020-08-08,6:00p,,Los Angeles Lakers,W,,116,111,43,27,W 1
2020,IND,2020-08-10,8:00p,@,Miami Heat,L,,92,114,43,28,L 1
2020,IND,2020-08-12,4:00p,@,Houston Rockets,W,,108,104,44,28,W 1
2020,IND,2020-08-14,4:00p,,Miami Heat,W,,109,92,45,28,W 2
2020,IND,2020-08-18,4:00p,,Miami Heat,L,,101,113,0,1,L 1
2020,IND,2020-08-20,1:00p,,Miami Heat,L,,100,109,0,2,L 2
2020,IND,2020-08-22,3:30p,@,Miami Heat,L,,115,124,0,3,L 3
2020,IND,2020-08-24,6:30p,@,Miami Heat,L,,87,99,0,4,L 4
2020,LAC,2019-10-22,10:30p,,Los Angeles Lakers,W,,112,102,1,0,W 1
2020,LAC,2019-10-24,10:30p,@,Golden State Warriors,W,,141,122,2,0,W 2
2020,LAC,2019-10-26,10:00p,@,Phoenix Suns,L,,122,130,2,1,L 1
2020,LAC,2019-10-28,10:30p,,Charlotte Hornets,W,,111,96,3,1,W 1
2020,LAC,2019-10-30,10:00p,@,Utah Jazz,L,,96,110,3,2,L 1
2020,LAC,2019-10-31,10:30p,,San Antonio Spurs,W,,103,97,4,2,W 1
2020,LAC,2019-11-03,9:00p,,Utah Jazz,W,,105,94,5,2,W 2
2020,LAC,2019-11-06,10:00p,,Milwaukee Bucks,L,,124,129,5,3,L 1
2020,LAC,2019-11-07,10:30p,,Portland Trail Blazers,W,,107,101,6,3,W 1
2020,LAC,2019-11-11,10:30p,,Toronto Raptors,W,,98,88,7,3,W 2
2020,LAC,2019-11-13,7:30p,@,Houston Rockets,L,,93,102,7,4,L 1
2020,LAC,2019-11-14,8:00p,@,New Orleans Pelicans,L,,127,132,7,5,L 2
2020,LAC,2019-11-16,10:30p,,Atlanta Hawks,W,,150,101,8,5,W 1
2020,LAC,2019-11-18,10:30p,,Oklahoma City Thunder,W,,90,88,9,5,W 2
2020,LAC,2019-11-20,10:00p,,Boston Celtics,W,OT,107,104,10,5,W 3
2020,LAC,2019-11-22,10:30p,,Houston Rockets,W,,122,119,11,5,W 4
2020,LAC,2019-11-24,9:00p,,New Orleans Pelicans,W,,134,109,12,5,W 5
2020,LAC,2019-11-26,8:30p,@,Dallas Mavericks,W,,114,99,13,5,W 6
2020,LAC,2019-11-27,8:00p,@,Memphis Grizzlies,W,,121,119,14,5,W 7
2020,LAC,2019-11-29,8:30p,@,San Antonio Spurs,L,,97,107,14,6,L 1
2020,LAC,2019-12-01,10:30p,,Washington Wizards,W,,150,125,15,6,W 1
2020,LAC,2019-12-03,10:00p,,Portland Trail Blazers,W,,117,97,16,6,W 2
2020,LAC,2019-12-06,8:30p,@,Milwaukee Bucks,L,,91,119,16,7,L 1
2020,LAC,2019-12-08,6:00p,@,Washington Wizards,W,,135,119,17,7,W 1
2020,LAC,2019-12-09,7:00p,@,Indiana Pacers,W,,110,99,18,7,W 2
2020,LAC,2019-12-11,7:00p,@,Toronto Raptors,W,,112,92,19,7,W 3
2020,LAC,2019-12-13,9:30p,@,Minnesota Timberwolves,W,,124,117,20,7,W 4
2020,LAC,2019-12-14,8:00p,@,Chicago Bulls,L,,106,109,20,8,L 1
2020,LAC,2019-12-17,10:30p,,Phoenix Suns,W,,120,99,21,8,W 1
2020,LAC,2019-12-19,10:30p,,Houston Rockets,L,,117,122,21,9,L 1
2020,LAC,2019-12-21,8:30p,@,San Antonio Spurs,W,,134,109,22,9,W 1
2020,LAC,2019-12-22,7:00p,@,Oklahoma City Thunder,L,,112,118,22,10,L 1
2020,LAC,2019-12-25,8:00p,@,Los Angeles Lakers,W,,111,106,23,10,W 1
2020,LAC,2019-12-28,10:30p,,Utah Jazz,L,,107,120,23,11,L 1
2020,LAC,2019-12-31,5:00p,@,Sacramento Kings,W,,105,87,24,11,W 1
2020,LAC,2020-01-02,10:30p,,Detroit Pistons,W,,126,112,25,11,W 2
2020,LAC,2020-01-04,3:30p,,Memphis Grizzlies,L,,114,140,25,12,L 1
2020,LAC,2020-01-05,3:30p,,New York Knicks,W,,135,132,26,12,W 1
2020,LAC,2020-01-10,10:30p,,Golden State Warriors,W,,109,100,27,12,W 2
2020,LAC,2020-01-12,8:00p,@,Denver Nuggets,L,,104,114,27,13,L 1
2020,LAC,2020-01-14,10:30p,,Cleveland Cavaliers,W,,128,103,28,13,W 1
2020,LAC,2020-01-16,10:30p,,Orlando Magic,W,,122,95,29,13,W 2
2020,LAC,2020-01-18,3:30p,@,New Orleans Pelicans,W,,133,130,30,13,W 3
2020,LAC,2020-01-21,8:30p,@,Dallas Mavericks,W,,110,107,31,13,W 4
2020,LAC,2020-01-22,7:30p,@,Atlanta Hawks,L,,95,102,31,14,L 1
2020,LAC,2020-01-24,8:00p,@,Miami Heat,W,,122,117,32,14,W 1
2020,LAC,2020-01-26,6:00p,@,Orlando Magic,W,,112,97,33,14,W 2
2020,LAC,2020-01-30,10:30p,,Sacramento Kings,L,,103,124,33,15,L 1
2020,LAC,2020-02-01,3:30p,,Minnesota Timberwolves,W,,118,106,34,15,W 1
2020,LAC,2020-02-03,10:30p,,San Antonio Spurs,W,,108,105,35,15,W 2
2020,LAC,2020-02-05,10:00p,,Miami Heat,W,,128,111,36,15,W 3
2020,LAC,2020-02-08,8:00p,@,Minnesota Timberwolves,L,,115,142,36,16,L 1
2020,LAC,2020-02-09,7:30p,@,Cleveland Cavaliers,W,,133,92,37,16,W 1
2020,LAC,2020-02-11,7:00p,@,Philadelphia 76ers,L,,103,110,37,17,L 1
2020,LAC,2020-02-13,8:00p,@,Boston Celtics,L,2OT,133,141,37,18,L 2
2020,LAC,2020-02-22,3:30p,,Sacramento Kings,L,,103,112,37,19,L 3
2020,LAC,2020-02-24,10:30p,,Memphis Grizzlies,W,,124,97,38,19,W 1
2020,LAC,2020-02-26,9:00p,@,Phoenix Suns,W,,102,92,39,19,W 2
2020,LAC,2020-02-28,10:30p,,Denver Nuggets,W,,132,103,40,19,W 3
2020,LAC,2020-03-01,3:30p,,Philadelphia 76ers,W,,136,130,41,19,W 4
2020,LAC,2020-03-03,8:00p,@,Oklahoma City Thunder,W,,109,94,42,19,W 5
2020,LAC,2020-03-05,8:00p,@,Houston Rockets,W,,120,105,43,19,W 6
2020,LAC,2020-03-08,3:30p,,Los Angeles Lakers,L,,103,112,43,20,L 1
2020,LAC,2020-03-10,10:30p,@,Golden State Warriors,W,,131,107,44,20,W 1
2020,LAC,2020-07-30,9:00p,@,Los Angeles Lakers,L,,101,103,44,21,L 1
2020,LAC,2020-08-01,6:00p,,New Orleans Pelicans,W,,126,103,45,21,W 1
2020,LAC,2020-08-04,4:00p,,Phoenix Suns,L,,115,117,45,22,L 1
2020,LAC,2020-08-06,6:30p,@,Dallas Mavericks,W,,126,111,46,22,W 1
2020,LAC,2020-08-08,1:00p,@,Portland Trail Blazers,W,,122,117,47,22,W 2
2020,LAC,2020-08-09,9:00p,,Brooklyn Nets,L,,120,129,47,23,L 1
2020,LAC,2020-08-12,9:00p,@,Denver Nuggets,W,,124,111,48,23,W 1
2020,LAC,2020-08-14,6:30p,,Oklahoma City Thunder,W,OT,107,103,49,23,W 2
2020,LAC,2020-08-17,9:00p,,Dallas Mavericks,W,,118,110,1,0,W 1
2020,LAC,2020-08-19,9:00p,,Dallas Mavericks,L,,114,127,1,1,L 1
2020,LAC,2020-08-21,9:00p,@,Dallas Mavericks,W,,130,122,2,1,W 1
2020,LAC,2020-08-23,3:30p,@,Dallas Mavericks,L,OT,133,135,2,2,L 1
2020,LAC,2020-08-25,9:00p,,Dallas Mavericks,W,,154,111,3,2,W 1
2020,LAC,2020-08-30,3:30p,@,Dallas Mavericks,W,,111,97,4,2,W 2
2020,LAC,2020-09-03,9:00p,,Denver Nuggets,W,,120,97,5,2,W 3
2020,LAC,2020-09-05,9:00p,,Denver Nuggets,L,,101,110,5,3,L 1
2020,LAC,2020-09-07,9:00p,@,Denver Nuggets,W,,113,107,6,3,W 1
2020,LAC,2020-09-09,9:00p,@,Denver Nuggets,W,,96,85,7,3,W 2
2020,LAC,2020-09-11,6:30p,,Denver Nuggets,L,,105,111,7,4,L 1
2020,LAC,2020-09-13,1:00p,@,Denver Nuggets,L,,98,111,7,5,L 2
2020,LAC,2020-09-15,9:00p,,Denver Nuggets,L,,89,104,7,6,L 3
2020,LAL,2019-10-22,10:30p,@,Los Angeles Clippers,L,,102,112,0,1,L 1
2020,LAL,2019-10-25,10:30p,,Utah Jazz,W,,95,86,1,1,W 1
2020,LAL,2019-10-27,9:30p,,Charlotte Hornets,W,,120,101,2,1,W 2
2020,LAL,2019-10-29,10:30p,,Memphis Grizzlies,W,,120,91,3,1,W 3
2020,LAL,2019-11-01,9:30p,@,Dallas Mavericks,W,OT,119,110,4,1,W 4
2020,LAL,2019-11-03,7:00p,@,San Antonio Spurs,W,,103,96,5,1,W 5
2020,LAL,2019-11-05,8:00p,@,Chicago Bulls,W,,118,112,6,1,W 6
2020,LAL,2019-11-08,10:30p,,Miami Heat,W,,95,80,7,1,W 7
2020,LAL,2019-11-10,9:30p,,Toronto Raptors,L,,104,113,7,2,L 1
2020,LAL,2019-11-12,9:00p,@,Phoenix Suns,W,,123,115,8,2,W 1
2020,LAL,2019-11-13,10:00p,,Golden State Warriors,W,,120,94,9,2,W 2
2020,LAL,2019-11-15,10:30p,,Sacramento Kings,W,,99,97,10,2,W 3
2020,LAL,2019-11-17,9:30p,,Atlanta Hawks,W,,122,101,11,2,W 4
2020,LAL,2019-11-19,10:30p,,Oklahoma City Thunder,W,,112,107,12,2,W 5
2020,LAL,2019-11-22,8:00p,@,Oklahoma City Thunder,W,,130,127,13,2,W 6
2020,LAL,2019-11-23,8:00p,@,Memphis Grizzlies,W,,109,108,14,2,W 7
2020,LAL,2019-11-25,8:30p,@,San Antonio Spurs,W,,114,104,15,2,W 8
2020,LAL,2019-11-27,9:30p,@,New Orleans Pelicans,W,,114,110,16,2,W 9
2020,LAL,2019-11-29,10:30p,,Washington Wizards,W,,125,103,17,2,W 10
2020,LAL,2019-12-01,4:00p,,Dallas Mavericks,L,,100,114,17,3,L 1
2020,LAL,2019-12-03,9:00p,@,Denver Nuggets,W,,105,96,18,3,W 1
2020,LAL,2019-12-04,9:00p,@,Utah Jazz,W,,121,96,19,3,W 2
2020,LAL,2019-12-06,10:30p,@,Portland Trail Blazers,W,,136,113,20,3,W 3
2020,LAL,2019-12-08,9:30p,,Minnesota Timberwolves,W,,142,125,21,3,W 4
2020,LAL,2019-12-11,7:00p,@,Orlando Magic,W,,96,87,22,3,W 5
2020,LAL,2019-12-13,7:00p,@,Miami Heat,W,,113,110,23,3,W 6
2020,LAL,2019-12-15,6:00p,@,Atlanta Hawks,W,,101,96,24,3,W 7
2020,LAL,2019-12-17,7:00p,@,Indiana Pacers,L,,102,105,24,4,L 1
2020,LAL,2019-12-19,8:00p,@,Milwaukee Bucks,L,,104,111,24,5,L 2
2020,LAL,2019-12-22,9:30p,,Denver Nuggets,L,,104,128,24,6,L 3
2020,LAL,2019-12-25,8:00p,,Los Angeles Clippers,L,,106,111,24,7,L 4
2020,LAL,2019-12-28,10:00p,@,Portland Trail Blazers,W,,128,120,25,7,W 1
2020,LAL,2019-12-29,9:30p,,Dallas Mavericks,W,,108,95,26,7,W 2
2020,LAL,2020-01-01,10:30p,,Phoenix Suns,W,,117,107,27,7,W 3
2020,LAL,2020-01-03,10:30p,,New Orleans Pelicans,W,,123,113,28,7,W 4
2020,LAL,2020-01-05,10:00p,,Detroit Pistons,W,,106,99,29,7,W 5
2020,LAL,2020-01-07,10:30p,,New York Knicks,W,,117,87,30,7,W 6
2020,LAL,2020-01-10,9:45p,@,Dallas Mavericks,W,,129,114,31,7,W 7
2020,LAL,2020-01-11,8:00p,@,Oklahoma City Thunder,W,,125,110,32,7,W 8
2020,LAL,2020-01-13,10:30p,,Cleveland Cavaliers,W,,128,99,33,7,W 9
2020,LAL,2020-01-15,10:30p,,Orlando Magic,L,,118,119,33,8,L 1
2020,LAL,2020-01-18,8:30p,@,Houston Rockets,W,,124,115,34,8,W 1
2020,LAL,2020-01-20,7:30p,@,Boston Celtics,L,,107,139,34,9,L 1
2020,LAL,2020-01-22,7:30p,@,New York Knicks,W,,100,92,35,9,W 1
2020,LAL,2020-01-23,8:00p,@,Brooklyn Nets,W,,128,113,36,9,W 2
2020,LAL,2020-01-25,8:30p,@,Philadelphia 76ers,L,,91,108,36,10,L 1
2020,LAL,2020-01-31,10:30p,,Portland Trail Blazers,L,,119,127,36,11,L 2
2020,LAL,2020-02-01,10:00p,@,Sacramento Kings,W,,129,113,37,11,W 1
2020,LAL,2020-02-04,10:00p,,San Antonio Spurs,W,,129,102,38,11,W 2
2020,LAL,2020-02-06,10:30p,,Houston Rockets,L,,111,121,38,12,L 1
2020,LAL,2020-02-08,8:30p,@,Golden State Warriors,W,,125,120,39,12,W 1
2020,LAL,2020-02-10,10:30p,,Phoenix Suns,W,,125,100,40,12,W 2
2020,LAL,2020-02-12,10:00p,@,Denver Nuggets,W,OT,120,116,41,12,W 3
2020,LAL,2020-02-21,10:30p,,Memphis Grizzlies,W,,117,105,42,12,W 4
2020,LAL,2020-02-23,3:30p,,Boston Celtics,W,,114,112,43,12,W 5
2020,LAL,2020-02-25,10:00p,,New Orleans Pelicans,W,,118,109,44,12,W 6
2020,LAL,2020-02-27,10:30p,@,Golden State Warriors,W,,116,86,45,12,W 7
2020,LAL,2020-02-29,8:00p,@,Memphis Grizzlies,L,,88,105,45,13,L 1
2020,LAL,2020-03-01,8:00p,@,New Orleans Pelicans,W,,122,114,46,13,W 1
2020,LAL,2020-03-03,10:00p,,Philadelphia 76ers,W,,120,107,47,13,W 2
2020,LAL,2020-03-06,10:30p,,Milwaukee Bucks,W,,113,103,48,13,W 3
2020,LAL,2020-03-08,3:30p,@,Los Angeles Clippers,W,,112,103,49,13,W 4
2020,LAL,2020-03-10,10:30p,,Brooklyn Nets,L,,102,104,49,14,L 1
2020,LAL,2020-07-30,9:00p,,Los Angeles Clippers,W,,103,101,50,14,W 1
2020,LAL,2020-08-01,8:30p,@,Toronto Raptors,L,,92,107,50,15,L 1
2020,LAL,2020-08-03,9:00p,@,Utah Jazz,W,,116,108,51,15,W 1
2020,LAL,2020-08-05,6:30p,,Oklahoma City Thunder,L,,86,105,51,16,L 1
2020,LAL,2020-08-06,9:00p,@,Houston Rockets,L,,97,113,51,17,L 2
2020,LAL,2020-08-08,6:00p,@,Indiana Pacers,L,,111,116,51,18,L 3
2020,LAL,2020-08-10,9:00p,,Denver Nuggets,W,,124,121,52,18,W 1
2020,LAL,2020-08-13,1:30p,,Sacramento Kings,L,,122,136,52,19,L 1
2020,LAL,2020-08-18,9:00p,,Portland Trail Blazers,L,,93,100,0,1,L 1
2020,LAL,2020-08-20,9:00p,,Portland Trail Blazers,W,,111,88,1,1,W 1
2020,LAL,2020-08-22,8:30p,@,Portland Trail Blazers,W,,116,108,2,1,W 2
2020,LAL,2020-08-24,9:00p,@,Portland Trail Blazers,W,,135,115,3,1,W 3
2020,LAL,2020-08-29,9:00p,,Portland Trail Blazers,W,,131,122,4,1,W 4
2020,LAL,2020-09-04,9:00p,,Houston Rockets,L,,97,112,4,2,L 1
2020,LAL,2020-09-06,8:30p,,Houston Rockets,W,,117,109,5,2,W 1
2020,LAL,2020-09-08,9:00p,@,Houston Rockets,W,,112,102,6,2,W 2
2020,LAL,2020-09-10,7:00p,@,Houston Rockets,W,,110,100,7,2,W 3
2020,LAL,2020-09-12,8:00p,,Houston Rockets,W,,119,96,8,2,W 4
2020,LAL,2020-09-18,9:00p,,Denver Nuggets,W,,126,114,9,2,W 5
2020,LAL,2020-09-20,7:30p,,Denver Nuggets,W,,105,103,10,2,W 6
2020,LAL,2020-09-22,9:00p,@,Denver Nuggets,L,,106,114,10,3,L 1
2020,LAL,2020-09-24,9:00p,@,Denver Nuggets,W,,114,108,11,3,W 1
2020,LAL,2020-09-26,9:00p,,Denver Nuggets,W,,117,107,12,3,W 2
2020,LAL,2020-09-30,9:00p,,Miami Heat,W,,116,98,13,3,W 3
2020,LAL,2020-10-02,9:00p,,Miami Heat,W,,124,114,14,3,W 4
2020,LAL,2020-10-04,7:30p,@,Miami Heat,L,,104,115,14,4,L 1
2020,LAL,2020-10-06,9:00p,@,Miami Heat,W,,102,96,15,4,W 1
2020,LAL,2020-10-09,9:00p,,Miami Heat,L,,108,111,15,5,L 1
2020,LAL,2020-10-11,7:30p,@,Miami Heat,W,,106,93,16,5,W 1
2020,MEM,2019-10-23,7:30p,@,Miami Heat,L,,101,120,0,1,L 1
2020,MEM,2019-10-25,8:00p,,Chicago Bulls,L,,102,110,0,2,L 2
2020,MEM,2019-10-27,6:00p,,Brooklyn Nets,W,OT,134,133,1,2,W 1
2020,MEM,2019-10-29,10:30p,@,Los Angeles Lakers,L,,91,120,1,3,L 1
2020,MEM,2019-11-02,8:00p,,Phoenix Suns,L,,105,114,1,4,L 2
2020,MEM,2019-11-04,8:00p,,Houston Rockets,L,,100,107,1,5,L 3
2020,MEM,2019-11-06,8:00p,,Minnesota Timberwolves,W,,137,121,2,5,W 1
2020,MEM,2019-11-08,7:00p,@,Orlando Magic,L,,86,118,2,6,L 1
2020,MEM,2019-11-09,8:00p,,Dallas Mavericks,L,,122,138,2,7,L 2
2020,MEM,2019-11-11,7:30p,@,San Antonio Spurs,W,,113,109,3,7,W 1
2020,MEM,2019-11-13,7:00p,@,Charlotte Hornets,W,,119,117,4,7,W 2
2020,MEM,2019-11-15,8:00p,,Utah Jazz,W,,107,106,5,7,W 3
2020,MEM,2019-11-17,6:00p,,Denver Nuggets,L,,114,131,5,8,L 1
2020,MEM,2019-11-19,8:00p,,Golden State Warriors,L,,95,114,5,9,L 2
2020,MEM,2019-11-23,8:00p,,Los Angeles Lakers,L,,108,109,5,10,L 3
2020,MEM,2019-11-25,7:00p,@,Indiana Pacers,L,,114,126,5,11,L 4
2020,MEM,2019-11-27,8:00p,,Los Angeles Clippers,L,,119,121,5,12,L 5
2020,MEM,2019-11-29,8:00p,,Utah Jazz,L,,94,103,5,13,L 6
2020,MEM,2019-12-01,3:30p,@,Minnesota Timberwolves,W,,115,107,6,13,W 1
2020,MEM,2019-12-02,8:00p,,Indiana Pacers,L,,104,117,6,14,L 1
2020,MEM,2019-12-04,8:00p,@,Chicago Bulls,L,,99,106,6,15,L 2
2020,MEM,2019-12-07,10:00p,@,Utah Jazz,L,,112,126,6,16,L 3
2020,MEM,2019-12-09,10:30p,@,Golden State Warriors,W,,110,102,7,16,W 1
2020,MEM,2019-12-11,9:00p,@,Phoenix Suns,W,,115,108,8,16,W 2
2020,MEM,2019-12-13,8:00p,,Milwaukee Bucks,L,,114,127,8,17,L 1
2020,MEM,2019-12-14,8:00p,,Washington Wizards,W,,128,111,9,17,W 1
2020,MEM,2019-12-16,8:00p,,Miami Heat,W,,118,111,10,17,W 2
2020,MEM,2019-12-18,8:00p,@,Oklahoma City Thunder,L,,122,126,10,18,L 1
2020,MEM,2019-12-20,7:00p,@,Cleveland Cavaliers,L,,107,114,10,19,L 2
2020,MEM,2019-12-21,8:00p,,Sacramento Kings,W,,119,115,11,19,W 1
2020,MEM,2019-12-23,8:00p,,San Antonio Spurs,L,,115,145,11,20,L 1
2020,MEM,2019-12-26,8:00p,@,Oklahoma City Thunder,W,,110,97,12,20,W 1
2020,MEM,2019-12-28,5:00p,@,Denver Nuggets,L,,110,119,12,21,L 1
2020,MEM,2019-12-29,8:00p,,Charlotte Hornets,W,,117,104,13,21,W 1
2020,MEM,2020-01-02,10:00p,@,Sacramento Kings,L,,123,128,13,22,L 1
2020,MEM,2020-01-04,3:30p,@,Los Angeles Clippers,W,,140,114,14,22,W 1
2020,MEM,2020-01-05,8:00p,@,Phoenix Suns,W,,121,114,15,22,W 2
2020,MEM,2020-01-07,8:00p,,Minnesota Timberwolves,W,,119,112,16,22,W 3
2020,MEM,2020-01-10,8:00p,,San Antonio Spurs,W,,134,121,17,22,W 4
2020,MEM,2020-01-12,6:00p,,Golden State Warriors,W,,122,102,18,22,W 5
2020,MEM,2020-01-14,8:00p,,Houston Rockets,W,,121,110,19,22,W 6
2020,MEM,2020-01-17,8:00p,,Cleveland Cavaliers,W,,113,109,20,22,W 7
2020,MEM,2020-01-20,5:00p,,New Orleans Pelicans,L,,116,126,20,23,L 1
2020,MEM,2020-01-22,7:30p,@,Boston Celtics,L,,95,119,20,24,L 2
2020,MEM,2020-01-24,7:00p,@,Detroit Pistons,W,,125,112,21,24,W 1
2020,MEM,2020-01-26,6:00p,,Phoenix Suns,W,,114,109,22,24,W 2
2020,MEM,2020-01-28,8:00p,,Denver Nuggets,W,,104,96,23,24,W 3
2020,MEM,2020-01-29,7:30p,@,New York Knicks,W,,127,106,24,24,W 4
2020,MEM,2020-01-31,8:00p,@,New Orleans Pelicans,L,,111,139,24,25,L 1
2020,MEM,2020-02-03,8:00p,,Detroit Pistons,W,,96,82,25,25,W 1
2020,MEM,2020-02-05,8:30p,@,Dallas Mavericks,W,,121,107,26,25,W 2
2020,MEM,2020-02-07,7:00p,@,Philadelphia 76ers,L,,107,119,26,26,L 1
2020,MEM,2020-02-09,6:00p,@,Washington Wizards,W,,106,99,27,26,W 1
2020,MEM,2020-02-12,8:00p,,Portland Trail Blazers,W,,111,104,28,26,W 2
2020,MEM,2020-02-20,10:00p,@,Sacramento Kings,L,,125,129,28,27,L 1
2020,MEM,2020-02-21,10:30p,@,Los Angeles Lakers,L,,105,117,28,28,L 2
2020,MEM,2020-02-24,10:30p,@,Los Angeles Clippers,L,,97,124,28,29,L 3
2020,MEM,2020-02-26,8:00p,@,Houston Rockets,L,,112,140,28,30,L 4
2020,MEM,2020-02-28,8:00p,,Sacramento Kings,L,,101,104,28,31,L 5
2020,MEM,2020-02-29,8:00p,,Los Angeles Lakers,W,,105,88,29,31,W 1
2020,MEM,2020-03-02,7:30p,@,Atlanta Hawks,W,,127,88,30,31,W 2
2020,MEM,2020-03-04,7:30p,@,Brooklyn Nets,W,,118,79,31,31,W 3
2020,MEM,2020-03-06,8:30p,@,Dallas Mavericks,L,,96,121,31,32,L 1
2020,MEM,2020-03-07,8:00p,,Atlanta Hawks,W,,118,101,32,32,W 1
2020,MEM,2020-03-10,8:00p,,Orlando Magic,L,,115,120,32,33,L 1
2020,MEM,2020-07-31,4:00p,@,Portland Trail Blazers,L,OT,135,140,32,34,L 2
2020,MEM,2020-08-02,4:00p,,San Antonio Spurs,L,,106,108,32,35,L 3
2020,MEM,2020-08-03,6:30p,@,New Orleans Pelicans,L,,99,109,32,36,L 4
2020,MEM,2020-08-05,2:30p,@,Utah Jazz,L,,115,124,32,37,L 5
2020,MEM,2020-08-07,4:00p,,Oklahoma City Thunder,W,,121,92,33,37,W 1
2020,MEM,2020-08-09,2:00p,@,Toronto Raptors,L,,99,108,33,38,L 1
2020,MEM,2020-08-11,5:00p,,Boston Celtics,L,,107,122,33,39,L 2
2020,MEM,2020-08-13,4:00p,,Milwaukee Bucks,W,,119,106,34,39,W 1
2020,MEM,2020-08-15,2:30p,@,Portland Trail Blazers,L,,122,126,34,40,L 1
2020,MIA,2019-10-23,7:30p,,Memphis Grizzlies,W,,120,101,1,0,W 1
2020,MIA,2019-10-26,5:00p,@,Milwaukee Bucks,W,OT,131,126,2,0,W 2
2020,MIA,2019-10-27,7:00p,@,Minnesota Timberwolves,L,,109,116,2,1,L 1
2020,MIA,2019-10-29,7:30p,,Atlanta Hawks,W,,112,97,3,1,W 1
2020,MIA,2019-10-31,7:00p,@,Atlanta Hawks,W,,106,97,4,1,W 2
2020,MIA,2019-11-03,6:00p,,Houston Rockets,W,,129,100,5,1,W 3
2020,MIA,2019-11-05,9:00p,@,Denver Nuggets,L,,89,109,5,2,L 1
2020,MIA,2019-11-07,9:00p,@,Phoenix Suns,W,,124,108,6,2,W 1
2020,MIA,2019-11-08,10:30p,@,Los Angeles Lakers,L,,80,95,6,3,L 1
2020,MIA,2019-11-12,7:30p,,Detroit Pistons,W,,117,108,7,3,W 1
2020,MIA,2019-11-14,6:00p,@,Cleveland Cavaliers,W,,108,97,8,3,W 2
2020,MIA,2019-11-16,8:00p,,New Orleans Pelicans,W,,109,94,9,3,W 3
2020,MIA,2019-11-20,7:30p,,Cleveland Cavaliers,W,,124,100,10,3,W 4
2020,MIA,2019-11-22,8:00p,@,Chicago Bulls,W,,116,108,11,3,W 5
2020,MIA,2019-11-23,7:30p,@,Philadelphia 76ers,L,,86,113,11,4,L 1
2020,MIA,2019-11-25,7:30p,,Charlotte Hornets,W,,117,100,12,4,W 1
2020,MIA,2019-11-27,8:00p,@,Houston Rockets,L,,108,117,12,5,L 1
2020,MIA,2019-11-29,8:00p,,Golden State Warriors,W,,122,105,13,5,W 1
2020,MIA,2019-12-01,3:00p,@,Brooklyn Nets,W,,109,106,14,5,W 2
2020,MIA,2019-12-03,7:30p,@,Toronto Raptors,W,OT,121,110,15,5,W 3
2020,MIA,2019-12-04,7:30p,@,Boston Celtics,L,,93,112,15,6,L 1
2020,MIA,2019-12-06,8:00p,,Washington Wizards,W,,112,103,16,6,W 1
2020,MIA,2019-12-08,6:00p,,Chicago Bulls,W,OT,110,105,17,6,W 2
2020,MIA,2019-12-10,8:00p,,Atlanta Hawks,W,OT,135,121,18,6,W 3
2020,MIA,2019-12-13,7:00p,,Los Angeles Lakers,L,,110,113,18,7,L 1
2020,MIA,2019-12-14,8:30p,@,Dallas Mavericks,W,OT,122,118,19,7,W 1
2020,MIA,2019-12-16,8:00p,@,Memphis Grizzlies,L,,111,118,19,8,L 1
2020,MIA,2019-12-18,7:00p,@,Philadelphia 76ers,W,,108,104,20,8,W 1
2020,MIA,2019-12-20,8:00p,,New York Knicks,W,,129,114,21,8,W 2
2020,MIA,2019-12-23,7:30p,,Utah Jazz,W,,107,104,22,8,W 3
2020,MIA,2019-12-27,8:00p,,Indiana Pacers,W,,113,112,23,8,W 4
2020,MIA,2019-12-28,8:00p,,Philadelphia 76ers,W,OT,117,116,24,8,W 5
2020,MIA,2019-12-30,7:00p,@,Washington Wizards,L,,105,123,24,9,L 1
2020,MIA,2020-01-02,7:30p,,Toronto Raptors,W,,84,76,25,9,W 1
2020,MIA,2020-01-03,7:00p,@,Orlando Magic,L,,85,105,25,10,L 1
2020,MIA,2020-01-05,6:00p,,Portland Trail Blazers,W,,122,111,26,10,W 1
2020,MIA,2020-01-08,7:00p,@,Indiana Pacers,W,,122,108,27,10,W 2
2020,MIA,2020-01-10,7:30p,@,Brooklyn Nets,L,,113,117,27,11,L 1
2020,MIA,2020-01-12,3:30p,@,New York Knicks,L,,121,124,27,12,L 2
2020,MIA,2020-01-15,7:30p,,San Antonio Spurs,W,,106,100,28,12,W 1
2020,MIA,2020-01-17,8:00p,@,Oklahoma City Thunder,W,,115,108,29,12,W 2
2020,MIA,2020-01-19,3:00p,@,San Antonio Spurs,L,,102,107,29,13,L 1
2020,MIA,2020-01-20,5:00p,,Sacramento Kings,W,OT,118,113,30,13,W 1
2020,MIA,2020-01-22,7:30p,,Washington Wizards,W,OT,134,129,31,13,W 2
2020,MIA,2020-01-24,8:00p,,Los Angeles Clippers,L,,117,122,31,14,L 1
2020,MIA,2020-01-27,7:30p,,Orlando Magic,W,,113,92,32,14,W 1
2020,MIA,2020-01-28,8:00p,,Boston Celtics,L,,101,109,32,15,L 1
2020,MIA,2020-02-01,7:00p,@,Orlando Magic,W,,102,89,33,15,W 1
2020,MIA,2020-02-03,7:30p,,Philadelphia 76ers,W,,137,106,34,15,W 2
2020,MIA,2020-02-05,10:00p,@,Los Angeles Clippers,L,,111,128,34,16,L 1
2020,MIA,2020-02-07,10:00p,@,Sacramento Kings,L,,97,105,34,17,L 2
2020,MIA,2020-02-09,9:00p,@,Portland Trail Blazers,L,,109,115,34,18,L 3
2020,MIA,2020-02-10,10:30p,@,Golden State Warriors,W,,113,101,35,18,W 1
2020,MIA,2020-02-12,9:00p,@,Utah Jazz,L,,101,116,35,19,L 1
2020,MIA,2020-02-20,7:30p,@,Atlanta Hawks,L,,124,129,35,20,L 2
2020,MIA,2020-02-22,8:00p,,Cleveland Cavaliers,W,,124,105,36,20,W 1
2020,MIA,2020-02-24,7:00p,@,Cleveland Cavaliers,L,OT,119,125,36,21,L 1
2020,MIA,2020-02-26,7:30p,,Minnesota Timberwolves,L,,126,129,36,22,L 2
2020,MIA,2020-02-28,8:00p,,Dallas Mavericks,W,,126,118,37,22,W 1
2020,MIA,2020-02-29,7:30p,,Brooklyn Nets,W,,116,113,38,22,W 2
2020,MIA,2020-03-02,7:30p,,Milwaukee Bucks,W,,105,89,39,22,W 3
2020,MIA,2020-03-04,7:30p,,Orlando Magic,W,,116,113,40,22,W 4
2020,MIA,2020-03-06,8:00p,@,New Orleans Pelicans,L,,104,110,40,23,L 1
2020,MIA,2020-03-08,7:00p,@,Washington Wizards,W,,100,89,41,23,W 1
2020,MIA,2020-03-11,7:30p,,Charlotte Hornets,L,,98,109,41,24,L 1
2020,MIA,2020-08-01,1:00p,@,Denver Nuggets,W,,125,105,42,24,W 1
2020,MIA,2020-08-03,1:30p,,Toronto Raptors,L,,103,107,42,25,L 1
2020,MIA,2020-08-04,6:30p,,Boston Celtics,W,,112,106,43,25,W 1
2020,MIA,2020-08-06,4:00p,@,Milwaukee Bucks,L,,116,130,43,26,L 1
2020,MIA,2020-08-08,7:30p,,Phoenix Suns,L,,112,119,43,27,L 2
2020,MIA,2020-08-10,8:00p,,Indiana Pacers,W,,114,92,44,27,W 1
2020,MIA,2020-08-12,8:00p,@,Oklahoma City Thunder,L,,115,116,44,28,L 1
2020,MIA,2020-08-14,4:00p,@,Indiana Pacers,L,,92,109,44,29,L 2
2020,MIA,2020-08-18,4:00p,@,Indiana Pacers,W,,113,101,1,0,W 1
2020,MIA,2020-08-20,1:00p,@,Indiana Pacers,W,,109,100,2,0,W 2
2020,MIA,2020-08-22,3:30p,,Indiana Pacers,W,,124,115,3,0,W 3
2020,MIA,2020-08-24,6:30p,,Indiana Pacers,W,,99,87,4,0,W 4
2020,MIA,2020-08-31,6:30p,@,Milwaukee Bucks,W,,115,104,5,0,W 5
2020,MIA,2020-09-02,6:30p,@,Milwaukee Bucks,W,,116,114,6,0,W 6
2020,MIA,2020-09-04,6:30p,,Milwaukee Bucks,W,,115,100,7,0,W 7
2020,MIA,2020-09-06,3:30p,,Milwaukee Bucks,L,OT,115,118,7,1,L 1
2020,MIA,2020-09-08,6:30p,@,Milwaukee Bucks,W,,103,94,8,1,W 1
2020,MIA,2020-09-15,6:30p,@,Boston Celtics,W,OT,117,114,9,1,W 2
2020,MIA,2020-09-17,7:00p,@,Boston Celtics,W,,106,101,10,1,W 3
2020,MIA,2020-09-19,8:30p,,Boston Celtics,L,,106,117,10,2,L 1
2020,MIA,2020-09-23,8:30p,,Boston Celtics,W,,112,109,11,2,W 1
2020,MIA,2020-09-25,8:30p,@,Boston Celtics,L,,108,121,11,3,L 1
2020,MIA,2020-09-27,7:30p,,Boston Celtics,W,,125,113,12,3,W 1
2020,MIA,2020-09-30,9:00p,@,Los Angeles Lakers,L,,98,116,12,4,L 1
2020,MIA,2020-10-02,9:00p,@,Los Angeles Lakers,L,,114,124,12,5,L 2
2020,MIA,2020-10-04,7:30p,,Los Angeles Lakers,W,,115,104,13,5,W 1
2020,MIA,2020-10-06,9:00p,,Los Angeles Lakers,L,,96,102,13,6,L 1
2020,MIA,2020-10-09,9:00p,@,Los Angeles Lakers,W,,111,108,14,6,W 1
2020,MIA,2020-10-11,7:30p,,Los Angeles Lakers,L,,93,106,14,7,L 1
2020,MIL,2019-10-24,8:00p,@,Houston Rockets,W,,117,111,1,0,W 1
2020,MIL,2019-10-26,5:00p,,Miami Heat,L,OT,126,131,1,1,L 1
2020,MIL,2019-10-28,8:00p,,Cleveland Cavaliers,W,,129,112,2,1,W 1
2020,MIL,2019-10-30,7:30p,@,Boston Celtics,L,,105,116,2,2,L 1
2020,MIL,2019-11-01,7:00p,@,Orlando Magic,W,,123,91,3,2,W 1
2020,MIL,2019-11-02,8:00p,,Toronto Raptors,W,,115,105,4,2,W 2
2020,MIL,2019-11-04,8:00p,@,Minnesota Timberwolves,W,,134,106,5,2,W 3
2020,MIL,2019-11-06,10:00p,@,Los Angeles Clippers,W,,129,124,6,2,W 4
2020,MIL,2019-11-08,9:00p,@,Utah Jazz,L,,100,103,6,3,L 1
2020,MIL,2019-11-10,7:00p,@,Oklahoma City Thunder,W,,121,119,7,3,W 1
2020,MIL,2019-11-14,8:00p,,Chicago Bulls,W,,124,115,8,3,W 2
2020,MIL,2019-11-16,7:00p,@,Indiana Pacers,W,,102,83,9,3,W 3
2020,MIL,2019-11-18,8:00p,@,Chicago Bulls,W,,115,101,10,3,W 4
2020,MIL,2019-11-20,7:30p,@,Atlanta Hawks,W,,135,127,11,3,W 5
2020,MIL,2019-11-21,8:00p,,Portland Trail Blazers,W,,137,129,12,3,W 6
2020,MIL,2019-11-23,8:30p,,Detroit Pistons,W,,104,90,13,3,W 7
2020,MIL,2019-11-25,8:00p,,Utah Jazz,W,,122,118,14,3,W 8
2020,MIL,2019-11-27,8:00p,,Atlanta Hawks,W,,111,102,15,3,W 9
2020,MIL,2019-11-29,7:30p,@,Cleveland Cavaliers,W,,119,110,16,3,W 10
2020,MIL,2019-11-30,8:00p,,Charlotte Hornets,W,,137,96,17,3,W 11
2020,MIL,2019-12-02,8:00p,,New York Knicks,W,,132,88,18,3,W 12
2020,MIL,2019-12-04,7:00p,@,Detroit Pistons,W,,127,103,19,3,W 13
2020,MIL,2019-12-06,8:30p,,Los Angeles Clippers,W,,119,91,20,3,W 14
2020,MIL,2019-12-09,8:00p,,Orlando Magic,W,,110,101,21,3,W 15
2020,MIL,2019-12-11,9:30p,,New Orleans Pelicans,W,,127,112,22,3,W 16
2020,MIL,2019-12-13,8:00p,@,Memphis Grizzlies,W,,127,114,23,3,W 17
2020,MIL,2019-12-14,8:30p,,Cleveland Cavaliers,W,,125,108,24,3,W 18
2020,MIL,2019-12-16,8:00p,,Dallas Mavericks,L,,116,120,24,4,L 1
2020,MIL,2019-12-19,8:00p,,Los Angeles Lakers,W,,111,104,25,4,W 1
2020,MIL,2019-12-21,7:30p,@,New York Knicks,W,,123,102,26,4,W 2
2020,MIL,2019-12-22,7:00p,,Indiana Pacers,W,,117,89,27,4,W 3
2020,MIL,2019-12-25,2:30p,@,Philadelphia 76ers,L,,109,121,27,5,L 1
2020,MIL,2019-12-27,7:30p,@,Atlanta Hawks,W,,112,86,28,5,W 1
2020,MIL,2019-12-28,8:30p,,Orlando Magic,W,,111,100,29,5,W 2
2020,MIL,2019-12-30,8:00p,@,Chicago Bulls,W,,123,102,30,5,W 3
2020,MIL,2020-01-01,8:00p,,Minnesota Timberwolves,W,,106,104,31,5,W 4
2020,MIL,2020-01-04,8:30p,,San Antonio Spurs,W,,127,118,32,5,W 5
2020,MIL,2020-01-06,8:30p,@,San Antonio Spurs,L,,104,126,32,6,L 1
2020,MIL,2020-01-08,10:00p,@,Golden State Warriors,W,,107,98,33,6,W 1
2020,MIL,2020-01-10,10:00p,@,Sacramento Kings,W,,127,106,34,6,W 2
2020,MIL,2020-01-11,10:00p,@,Portland Trail Blazers,W,,122,101,35,6,W 3
2020,MIL,2020-01-14,8:00p,,New York Knicks,W,,128,102,36,6,W 4
2020,MIL,2020-01-16,8:00p,,Boston Celtics,W,,128,123,37,6,W 5
2020,MIL,2020-01-18,6:00p,@,Brooklyn Nets,W,,117,97,38,6,W 6
2020,MIL,2020-01-20,5:00p,,Chicago Bulls,W,,111,98,39,6,W 7
2020,MIL,2020-01-24,3:00p,@,Charlotte Hornets,W,,116,103,40,6,W 8
2020,MIL,2020-01-28,8:00p,,Washington Wizards,W,,151,131,41,6,W 9
2020,MIL,2020-01-31,9:00p,,Denver Nuggets,L,,115,127,41,7,L 1
2020,MIL,2020-02-02,2:00p,,Phoenix Suns,W,,129,108,42,7,W 1
2020,MIL,2020-02-04,7:30p,@,New Orleans Pelicans,W,,120,108,43,7,W 2
2020,MIL,2020-02-06,8:00p,,Philadelphia 76ers,W,,112,101,44,7,W 3
2020,MIL,2020-02-08,5:00p,@,Orlando Magic,W,,111,95,45,7,W 4
2020,MIL,2020-02-10,8:00p,,Sacramento Kings,W,,123,111,46,7,W 5
2020,MIL,2020-02-12,7:30p,@,Indiana Pacers,L,,111,118,46,8,L 1
2020,MIL,2020-02-20,7:00p,@,Detroit Pistons,W,,126,106,47,8,W 1
2020,MIL,2020-02-22,8:30p,,Philadelphia 76ers,W,,119,98,48,8,W 2
2020,MIL,2020-02-24,7:00p,@,Washington Wizards,W,OT,137,134,49,8,W 3
2020,MIL,2020-02-25,7:30p,@,Toronto Raptors,W,,108,97,50,8,W 4
2020,MIL,2020-02-28,8:00p,,Oklahoma City Thunder,W,,133,86,51,8,W 5
2020,MIL,2020-03-01,1:00p,@,Charlotte Hornets,W,,93,85,52,8,W 6
2020,MIL,2020-03-02,7:30p,@,Miami Heat,L,,89,105,52,9,L 1
2020,MIL,2020-03-04,7:00p,,Indiana Pacers,W,,119,100,53,9,W 1
2020,MIL,2020-03-06,10:30p,@,Los Angeles Lakers,L,,103,113,53,10,L 1
2020,MIL,2020-03-08,6:00p,@,Phoenix Suns,L,,131,140,53,11,L 2
2020,MIL,2020-03-09,9:00p,@,Denver Nuggets,L,,95,109,53,12,L 3
2020,MIL,2020-07-31,6:30p,,Boston Celtics,W,,119,112,54,12,W 1
2020,MIL,2020-08-02,8:30p,@,Houston Rockets,L,,116,120,54,13,L 1
2020,MIL,2020-08-04,1:30p,,Brooklyn Nets,L,,116,119,54,14,L 2
2020,MIL,2020-08-06,4:00p,,Miami Heat,W,,130,116,55,14,W 1
2020,MIL,2020-08-08,8:30p,@,Dallas Mavericks,L,OT,132,136,55,15,L 1
2020,MIL,2020-08-10,6:30p,,Toronto Raptors,L,,106,114,55,16,L 2
2020,MIL,2020-08-11,9:00p,@,Washington Wizards,W,,126,113,56,16,W 1
2020,MIL,2020-08-13,4:00p,@,Memphis Grizzlies,L,,106,119,56,17,L 1
2020,MIL,2020-08-18,1:30p,,Orlando Magic,L,,110,122,0,1,L 1
2020,MIL,2020-08-20,6:00p,,Orlando Magic,W,,111,96,1,1,W 1
2020,MIL,2020-08-22,1:00p,@,Orlando Magic,W,,121,107,2,1,W 2
2020,MIL,2020-08-24,1:30p,@,Orlando Magic,W,,121,106,3,1,W 3
2020,MIL,2020-08-29,3:30p,,Orlando Magic,W,,118,104,4,1,W 4
2020,MIL,2020-08-31,6:30p,,Miami Heat,L,,104,115,4,2,L 1
2020,MIL,2020-09-02,6:30p,,Miami Heat,L,,114,116,4,3,L 2
2020,MIL,2020-09-04,6:30p,@,Miami Heat,L,,100,115,4,4,L 3
2020,MIL,2020-09-06,3:30p,@,Miami Heat,W,OT,118,115,5,4,W 1
2020,MIL,2020-09-08,6:30p,,Miami Heat,L,,94,103,5,5,L 1
2020,MIN,2019-10-23,7:30p,@,Brooklyn Nets,W,OT,127,126,1,0,W 1
2020,MIN,2019-10-25,7:00p,@,Charlotte Hornets,W,,121,99,2,0,W 2
2020,MIN,2019-10-27,7:00p,,Miami Heat,W,,116,109,3,0,W 3
2020,MIN,2019-10-30,7:00p,@,Philadelphia 76ers,L,,95,117,3,1,L 1
2020,MIN,2019-11-02,8:00p,@,Washington Wizards,W,,131,109,4,1,W 1
2020,MIN,2019-11-04,8:00p,,Milwaukee Bucks,L,,106,134,4,2,L 1
2020,MIN,2019-11-06,8:00p,@,Memphis Grizzlies,L,,121,137,4,3,L 2
2020,MIN,2019-11-08,8:00p,,Golden State Warriors,W,OT,125,119,5,3,W 1
2020,MIN,2019-11-10,3:30p,,Denver Nuggets,L,OT,98,100,5,4,L 1
2020,MIN,2019-11-11,7:00p,@,Detroit Pistons,W,,120,114,6,4,W 1
2020,MIN,2019-11-13,8:00p,,San Antonio Spurs,W,,129,114,7,4,W 2
2020,MIN,2019-11-15,8:00p,,Washington Wizards,L,,116,137,7,5,L 1
2020,MIN,2019-11-16,8:00p,,Houston Rockets,L,,105,125,7,6,L 2
2020,MIN,2019-11-18,9:00p,@,Utah Jazz,W,,112,102,8,6,W 1
2020,MIN,2019-11-20,8:00p,,Utah Jazz,L,,95,103,8,7,L 1
2020,MIN,2019-11-23,5:00p,,Phoenix Suns,L,,98,100,8,8,L 2
2020,MIN,2019-11-25,7:30p,@,Atlanta Hawks,W,,125,113,9,8,W 1
2020,MIN,2019-11-27,8:30p,@,San Antonio Spurs,W,,113,101,10,8,W 2
2020,MIN,2019-12-01,3:30p,,Memphis Grizzlies,L,,107,115,10,9,L 1
2020,MIN,2019-12-04,8:30p,@,Dallas Mavericks,L,,114,121,10,10,L 2
2020,MIN,2019-12-06,8:00p,@,Oklahoma City Thunder,L,OT,127,139,10,11,L 3
2020,MIN,2019-12-08,9:30p,@,Los Angeles Lakers,L,,125,142,10,12,L 4
2020,MIN,2019-12-09,9:00p,@,Phoenix Suns,L,,109,125,10,13,L 5
2020,MIN,2019-12-11,8:00p,,Utah Jazz,L,,116,127,10,14,L 6
2020,MIN,2019-12-13,9:30p,,Los Angeles Clippers,L,,117,124,10,15,L 7
2020,MIN,2019-12-18,8:00p,,New Orleans Pelicans,L,,99,107,10,16,L 8
2020,MIN,2019-12-20,9:00p,@,Denver Nuggets,L,,100,109,10,17,L 9
2020,MIN,2019-12-21,10:00p,@,Portland Trail Blazers,L,,106,113,10,18,L 10
2020,MIN,2019-12-23,10:30p,@,Golden State Warriors,L,,104,113,10,19,L 11
2020,MIN,2019-12-26,10:00p,@,Sacramento Kings,W,2OT,105,104,11,19,W 1
2020,MIN,2019-12-28,8:00p,,Cleveland Cavaliers,L,,88,94,11,20,L 1
2020,MIN,2019-12-30,8:00p,,Brooklyn Nets,W,OT,122,115,12,20,W 1
2020,MIN,2020-01-01,8:00p,@,Milwaukee Bucks,L,,104,106,12,21,L 1
2020,MIN,2020-01-02,8:00p,,Golden State Warriors,W,,99,84,13,21,W 1
2020,MIN,2020-01-05,7:30p,@,Cleveland Cavaliers,W,,118,103,14,21,W 2
2020,MIN,2020-01-07,8:00p,@,Memphis Grizzlies,L,,112,119,14,22,L 1
2020,MIN,2020-01-09,8:00p,,Portland Trail Blazers,W,,116,102,15,22,W 1
2020,MIN,2020-01-11,5:00p,@,Houston Rockets,L,,109,139,15,23,L 1
2020,MIN,2020-01-13,8:00p,,Oklahoma City Thunder,L,,104,117,15,24,L 2
2020,MIN,2020-01-15,8:00p,,Indiana Pacers,L,,99,104,15,25,L 3
2020,MIN,2020-01-17,7:00p,@,Indiana Pacers,L,,114,116,15,26,L 4
2020,MIN,2020-01-18,8:00p,,Toronto Raptors,L,,112,122,15,27,L 5
2020,MIN,2020-01-20,8:00p,,Denver Nuggets,L,,100,107,15,28,L 6
2020,MIN,2020-01-22,8:00p,@,Chicago Bulls,L,,110,117,15,29,L 7
2020,MIN,2020-01-24,8:00p,,Houston Rockets,L,,124,131,15,30,L 8
2020,MIN,2020-01-25,8:00p,,Oklahoma City Thunder,L,,104,113,15,31,L 9
2020,MIN,2020-01-27,8:00p,,Sacramento Kings,L,OT,129,133,15,32,L 10
2020,MIN,2020-02-01,3:30p,@,Los Angeles Clippers,L,,106,118,15,33,L 11
2020,MIN,2020-02-03,10:00p,@,Sacramento Kings,L,,109,113,15,34,L 12
2020,MIN,2020-02-05,8:00p,,Atlanta Hawks,L,,120,127,15,35,L 13
2020,MIN,2020-02-08,8:00p,,Los Angeles Clippers,W,,142,115,16,35,W 1
2020,MIN,2020-02-10,7:30p,@,Toronto Raptors,L,,126,137,16,36,L 1
2020,MIN,2020-02-12,8:00p,,Charlotte Hornets,L,,108,115,16,37,L 2
2020,MIN,2020-02-21,8:00p,,Boston Celtics,L,,117,127,16,38,L 3
2020,MIN,2020-02-23,6:00p,@,Denver Nuggets,L,,116,128,16,39,L 4
2020,MIN,2020-02-24,8:30p,@,Dallas Mavericks,L,,123,139,16,40,L 5
2020,MIN,2020-02-26,7:30p,@,Miami Heat,W,,129,126,17,40,W 1
2020,MIN,2020-02-28,7:00p,@,Orlando Magic,L,,125,136,17,41,L 1
2020,MIN,2020-03-01,3:30p,,Dallas Mavericks,L,,91,111,17,42,L 2
2020,MIN,2020-03-03,8:00p,@,New Orleans Pelicans,W,,139,134,18,42,W 1
2020,MIN,2020-03-04,8:00p,,Chicago Bulls,W,,115,108,19,42,W 2
2020,MIN,2020-03-06,8:00p,,Orlando Magic,L,,118,132,19,43,L 1
2020,MIN,2020-03-08,3:30p,,New Orleans Pelicans,L,,107,120,19,44,L 2
2020,MIN,2020-03-10,8:00p,@,Houston Rockets,L,,111,117,19,45,L 3
2020,NOP,2019-10-22,8:00p,@,Toronto Raptors,L,OT,122,130,0,1,L 1
2020,NOP,2019-10-25,8:00p,,Dallas Mavericks,L,,116,123,0,2,L 2
2020,NOP,2019-10-26,8:00p,@,Houston Rockets,L,,123,126,0,3,L 3
2020,NOP,2019-10-28,8:00p,,Golden State Warriors,L,,123,134,0,4,L 4
2020,NOP,2019-10-31,9:30p,,Denver Nuggets,W,,122,107,1,4,W 1
2020,NOP,2019-11-02,5:00p,@,Oklahoma City Thunder,L,,104,115,1,5,L 1
2020,NOP,2019-11-04,7:30p,@,Brooklyn Nets,L,,125,135,1,6,L 2
2020,NOP,2019-11-08,8:00p,,Toronto Raptors,L,,104,122,1,7,L 3
2020,NOP,2019-11-09,7:00p,@,Charlotte Hornets,W,,115,110,2,7,W 1
2020,NOP,2019-11-11,8:00p,,Houston Rockets,L,,116,122,2,8,L 1
2020,NOP,2019-11-14,8:00p,,Los Angeles Clippers,W,,132,127,3,8,W 1
2020,NOP,2019-11-16,8:00p,@,Miami Heat,L,,94,109,3,9,L 1
2020,NOP,2019-11-17,7:00p,,Golden State Warriors,W,,108,100,4,9,W 1
2020,NOP,2019-11-19,8:00p,,Portland Trail Blazers,W,,115,104,5,9,W 2
2020,NOP,2019-11-21,10:30p,@,Phoenix Suns,W,,124,121,6,9,W 3
2020,NOP,2019-11-23,9:00p,@,Utah Jazz,L,,120,128,6,10,L 1
2020,NOP,2019-11-24,9:00p,@,Los Angeles Clippers,L,,109,134,6,11,L 2
2020,NOP,2019-11-27,9:30p,,Los Angeles Lakers,L,,110,114,6,12,L 3
2020,NOP,2019-11-29,8:00p,@,Oklahoma City Thunder,L,,104,109,6,13,L 4
2020,NOP,2019-12-01,5:00p,,Oklahoma City Thunder,L,,104,107,6,14,L 5
2020,NOP,2019-12-03,7:30p,,Dallas Mavericks,L,,97,118,6,15,L 6
2020,NOP,2019-12-05,8:00p,,Phoenix Suns,L,OT,132,139,6,16,L 7
2020,NOP,2019-12-07,2:00p,@,Dallas Mavericks,L,,84,130,6,17,L 8
2020,NOP,2019-12-09,8:00p,,Detroit Pistons,L,,103,105,6,18,L 9
2020,NOP,2019-12-11,9:30p,@,Milwaukee Bucks,L,,112,127,6,19,L 10
2020,NOP,2019-12-13,7:00p,@,Philadelphia 76ers,L,,109,116,6,20,L 11
2020,NOP,2019-12-15,3:30p,,Orlando Magic,L,,119,130,6,21,L 12
2020,NOP,2019-12-17,8:00p,,Brooklyn Nets,L,OT,101,108,6,22,L 13
2020,NOP,2019-12-18,8:00p,@,Minnesota Timberwolves,W,,107,99,7,22,W 1
2020,NOP,2019-12-20,10:30p,@,Golden State Warriors,L,,102,106,7,23,L 1
2020,NOP,2019-12-23,10:00p,@,Portland Trail Blazers,W,,102,94,8,23,W 1
2020,NOP,2019-12-25,10:30p,@,Denver Nuggets,W,,112,100,9,23,W 2
2020,NOP,2019-12-28,7:00p,,Indiana Pacers,W,,120,98,10,23,W 3
2020,NOP,2019-12-29,8:00p,,Houston Rockets,W,,127,112,11,23,W 4
2020,NOP,2020-01-03,10:30p,@,Los Angeles Lakers,L,,113,123,11,24,L 1
2020,NOP,2020-01-04,10:00p,@,Sacramento Kings,W,,117,115,12,24,W 1
2020,NOP,2020-01-06,8:00p,,Utah Jazz,L,,126,128,12,25,L 1
2020,NOP,2020-01-08,8:00p,,Chicago Bulls,W,,123,108,13,25,W 1
2020,NOP,2020-01-10,7:15p,@,New York Knicks,W,,123,111,14,25,W 2
2020,NOP,2020-01-11,7:00p,@,Boston Celtics,L,,105,140,14,26,L 1
2020,NOP,2020-01-13,7:00p,@,Detroit Pistons,W,OT,117,110,15,26,W 1
2020,NOP,2020-01-16,8:00p,,Utah Jazz,W,OT,138,132,16,26,W 2
2020,NOP,2020-01-18,3:30p,,Los Angeles Clippers,L,,130,133,16,27,L 1
2020,NOP,2020-01-20,5:00p,@,Memphis Grizzlies,W,,126,116,17,27,W 1
2020,NOP,2020-01-22,9:30p,,San Antonio Spurs,L,,117,121,17,28,L 1
2020,NOP,2020-01-24,8:00p,,Denver Nuggets,L,,106,113,17,29,L 2
2020,NOP,2020-01-26,6:00p,,Boston Celtics,W,,123,108,18,29,W 1
2020,NOP,2020-01-28,7:30p,@,Cleveland Cavaliers,W,,125,111,19,29,W 2
2020,NOP,2020-01-31,8:00p,,Memphis Grizzlies,W,,139,111,20,29,W 3
2020,NOP,2020-02-02,2:00p,@,Houston Rockets,L,,109,117,20,30,L 1
2020,NOP,2020-02-04,7:30p,,Milwaukee Bucks,L,,108,120,20,31,L 2
2020,NOP,2020-02-06,8:00p,@,Chicago Bulls,W,,125,119,21,31,W 1
2020,NOP,2020-02-08,7:30p,@,Indiana Pacers,W,,124,117,22,31,W 2
2020,NOP,2020-02-11,8:00p,,Portland Trail Blazers,W,,138,117,23,31,W 3
2020,NOP,2020-02-13,8:00p,,Oklahoma City Thunder,L,,118,123,23,32,L 1
2020,NOP,2020-02-21,10:30p,@,Portland Trail Blazers,W,,128,115,24,32,W 1
2020,NOP,2020-02-23,8:30p,@,Golden State Warriors,W,,115,101,25,32,W 2
2020,NOP,2020-02-25,10:00p,@,Los Angeles Lakers,L,,109,118,25,33,L 1
2020,NOP,2020-02-28,8:00p,,Cleveland Cavaliers,W,,116,104,26,33,W 1
2020,NOP,2020-03-01,8:00p,,Los Angeles Lakers,L,,114,122,26,34,L 1
2020,NOP,2020-03-03,8:00p,,Minnesota Timberwolves,L,,134,139,26,35,L 2
2020,NOP,2020-03-04,9:30p,@,Dallas Mavericks,L,OT,123,127,26,36,L 3
2020,NOP,2020-03-06,8:00p,,Miami Heat,W,,110,104,27,36,W 1
2020,NOP,2020-03-08,3:30p,@,Minnesota Timberwolves,W,,120,107,28,36,W 2
2020,NOP,2020-07-30,6:30p,,Utah Jazz,L,,104,106,28,37,L 1
2020,NOP,2020-08-01,6:00p,@,Los Angeles Clippers,L,,103,126,28,38,L 2
2020,NOP,2020-08-03,6:30p,,Memphis Grizzlies,W,,109,99,29,38,W 1
2020,NOP,2020-08-06,1:30p,@,Sacramento Kings,L,,125,140,29,39,L 1
2020,NOP,2020-08-07,8:00p,,Washington Wizards,W,,118,107,30,39,W 1
2020,NOP,2020-08-09,3:00p,,San Antonio Spurs,L,,113,122,30,40,L 1
2020,NOP,2020-08-11,9:00p,@,Sacramento Kings,L,,106,112,30,41,L 2
2020,NOP,2020-08-13,9:00p,@,Orlando Magic,L,,127,133,30,42,L 3
2020,NYK,2019-10-23,8:30p,@,San Antonio Spurs,L,,111,120,0,1,L 1
2020,NYK,2019-10-25,7:30p,@,Brooklyn Nets,L,,109,113,0,2,L 2
2020,NYK,2019-10-26,7:30p,,Boston Celtics,L,,95,118,0,3,L 3
2020,NYK,2019-10-28,7:00p,,Chicago Bulls,W,,105,98,1,3,W 1
2020,NYK,2019-10-30,7:00p,@,Orlando Magic,L,,83,95,1,4,L 1
2020,NYK,2019-11-01,7:30p,@,Boston Celtics,L,,102,104,1,5,L 2
2020,NYK,2019-11-03,6:00p,,Sacramento Kings,L,,92,113,1,6,L 3
2020,NYK,2019-11-06,7:00p,@,Detroit Pistons,L,,102,122,1,7,L 4
2020,NYK,2019-11-08,8:30p,@,Dallas Mavericks,W,,106,102,2,7,W 1
2020,NYK,2019-11-10,7:30p,,Cleveland Cavaliers,L,,87,108,2,8,L 1
2020,NYK,2019-11-12,8:00p,@,Chicago Bulls,L,,102,120,2,9,L 2
2020,NYK,2019-11-14,8:00p,,Dallas Mavericks,W,,106,103,3,9,W 1
2020,NYK,2019-11-16,7:30p,,Charlotte Hornets,L,,102,103,3,10,L 1
2020,NYK,2019-11-18,7:00p,,Cleveland Cavaliers,W,,123,105,4,10,W 1
2020,NYK,2019-11-20,7:00p,@,Philadelphia 76ers,L,,104,109,4,11,L 1
2020,NYK,2019-11-23,7:30p,,San Antonio Spurs,L,,104,111,4,12,L 2
2020,NYK,2019-11-24,6:00p,,Brooklyn Nets,L,,101,103,4,13,L 3
2020,NYK,2019-11-27,7:30p,@,Toronto Raptors,L,,98,126,4,14,L 4
2020,NYK,2019-11-29,7:30p,,Philadelphia 76ers,L,,95,101,4,15,L 5
2020,NYK,2019-12-01,3:30p,,Boston Celtics,L,,104,113,4,16,L 6
2020,NYK,2019-12-02,8:00p,@,Milwaukee Bucks,L,,88,132,4,17,L 7
2020,NYK,2019-12-05,7:30p,,Denver Nuggets,L,,92,129,4,18,L 8
2020,NYK,2019-12-07,7:30p,,Indiana Pacers,L,,103,104,4,19,L 9
2020,NYK,2019-12-10,10:00p,@,Portland Trail Blazers,L,,87,115,4,20,L 10
2020,NYK,2019-12-11,10:30p,@,Golden State Warriors,W,OT,124,122,5,20,W 1
2020,NYK,2019-12-13,10:00p,@,Sacramento Kings,W,,103,101,6,20,W 2
2020,NYK,2019-12-15,8:00p,@,Denver Nuggets,L,,105,111,6,21,L 1
2020,NYK,2019-12-17,7:30p,,Atlanta Hawks,W,,143,120,7,21,W 1
2020,NYK,2019-12-20,8:00p,@,Miami Heat,L,,114,129,7,22,L 1
2020,NYK,2019-12-21,7:30p,,Milwaukee Bucks,L,,102,123,7,23,L 2
2020,NYK,2019-12-23,7:00p,,Washington Wizards,L,,115,121,7,24,L 3
2020,NYK,2019-12-26,7:30p,@,Brooklyn Nets,W,,94,82,8,24,W 1
2020,NYK,2019-12-28,8:00p,@,Washington Wizards,W,,107,100,9,24,W 2
2020,NYK,2020-01-01,7:30p,,Portland Trail Blazers,W,,117,93,10,24,W 3
2020,NYK,2020-01-03,9:00p,@,Phoenix Suns,L,,112,120,10,25,L 1
2020,NYK,2020-01-05,3:30p,@,Los Angeles Clippers,L,,132,135,10,26,L 2
2020,NYK,2020-01-07,10:30p,@,Los Angeles Lakers,L,,87,117,10,27,L 3
2020,NYK,2020-01-08,9:00p,@,Utah Jazz,L,,104,128,10,28,L 4
2020,NYK,2020-01-10,7:15p,,New Orleans Pelicans,L,,111,123,10,29,L 5
2020,NYK,2020-01-12,3:30p,,Miami Heat,W,,124,121,11,29,W 1
2020,NYK,2020-01-14,8:00p,@,Milwaukee Bucks,L,,102,128,11,30,L 1
2020,NYK,2020-01-16,7:30p,,Phoenix Suns,L,,98,121,11,31,L 2
2020,NYK,2020-01-18,7:30p,,Philadelphia 76ers,L,,87,90,11,32,L 3
2020,NYK,2020-01-20,5:00p,@,Cleveland Cavaliers,W,,106,86,12,32,W 1
2020,NYK,2020-01-22,7:30p,,Los Angeles Lakers,L,,92,100,12,33,L 1
2020,NYK,2020-01-24,7:30p,,Toronto Raptors,L,,112,118,12,34,L 2
2020,NYK,2020-01-26,6:00p,,Brooklyn Nets,W,,110,97,13,34,W 1
2020,NYK,2020-01-28,7:00p,@,Charlotte Hornets,L,,92,97,13,35,L 1
2020,NYK,2020-01-29,7:30p,,Memphis Grizzlies,L,,106,127,13,36,L 2
2020,NYK,2020-02-01,7:00p,@,Indiana Pacers,W,,92,85,14,36,W 1
2020,NYK,2020-02-03,7:00p,@,Cleveland Cavaliers,W,OT,139,134,15,36,W 2
2020,NYK,2020-02-06,7:30p,,Orlando Magic,W,,105,103,16,36,W 3
2020,NYK,2020-02-08,7:00p,@,Detroit Pistons,W,,95,92,17,36,W 4
2020,NYK,2020-02-09,6:00p,@,Atlanta Hawks,L,2OT,135,140,17,37,L 1
2020,NYK,2020-02-12,7:30p,,Washington Wizards,L,,96,114,17,38,L 2
2020,NYK,2020-02-21,7:30p,,Indiana Pacers,L,,98,106,17,39,L 3
2020,NYK,2020-02-24,8:00p,@,Houston Rockets,L,,112,123,17,40,L 4
2020,NYK,2020-02-26,7:00p,@,Charlotte Hornets,L,,101,107,17,41,L 5
2020,NYK,2020-02-27,7:00p,@,Philadelphia 76ers,L,,106,115,17,42,L 6
2020,NYK,2020-02-29,5:00p,,Chicago Bulls,W,,125,115,18,42,W 1
2020,NYK,2020-03-02,7:00p,,Houston Rockets,W,,125,123,19,42,W 2
2020,NYK,2020-03-04,7:30p,,Utah Jazz,L,,104,112,19,43,L 1
2020,NYK,2020-03-06,7:30p,,Oklahoma City Thunder,L,,103,126,19,44,L 2
2020,NYK,2020-03-08,7:30p,,Detroit Pistons,W,,96,84,20,44,W 1
2020,NYK,2020-03-10,7:00p,@,Washington Wizards,L,,115,122,20,45,L 1
2020,NYK,2020-03-11,7:30p,@,Atlanta Hawks,W,OT,136,131,21,45,W 1
2020,OKC,2019-10-23,9:00p,@,Utah Jazz,L,,95,100,0,1,L 1
2020,OKC,2019-10-25,8:00p,,Washington Wizards,L,,85,97,0,2,L 2
2020,OKC,2019-10-27,3:30p,,Golden State Warriors,W,,120,92,1,2,W 1
2020,OKC,2019-10-28,8:00p,@,Houston Rockets,L,,112,116,1,3,L 1
2020,OKC,2019-10-30,8:00p,,Portland Trail Blazers,L,,99,102,1,4,L 2
2020,OKC,2019-11-02,5:00p,,New Orleans Pelicans,W,,115,104,2,4,W 1
2020,OKC,2019-11-05,8:00p,,Orlando Magic,W,,102,94,3,4,W 2
2020,OKC,2019-11-07,8:30p,@,San Antonio Spurs,L,,112,121,3,5,L 1
2020,OKC,2019-11-09,8:00p,,Golden State Warriors,W,,114,108,4,5,W 1
2020,OKC,2019-11-10,7:00p,,Milwaukee Bucks,L,,119,121,4,6,L 1
2020,OKC,2019-11-12,7:00p,@,Indiana Pacers,L,,85,111,4,7,L 2
2020,OKC,2019-11-15,8:00p,,Philadelphia 76ers,W,OT,127,119,5,7,W 1
2020,OKC,2019-11-18,10:30p,@,Los Angeles Clippers,L,,88,90,5,8,L 1
2020,OKC,2019-11-19,10:30p,@,Los Angeles Lakers,L,,107,112,5,9,L 2
2020,OKC,2019-11-22,8:00p,,Los Angeles Lakers,L,,127,130,5,10,L 3
2020,OKC,2019-11-25,10:30p,@,Golden State Warriors,W,,100,97,6,10,W 1
2020,OKC,2019-11-27,10:00p,@,Portland Trail Blazers,L,,119,136,6,11,L 1
2020,OKC,2019-11-29,8:00p,,New Orleans Pelicans,W,,109,104,7,11,W 1
2020,OKC,2019-12-01,5:00p,@,New Orleans Pelicans,W,,107,104,8,11,W 2
2020,OKC,2019-12-04,8:00p,,Indiana Pacers,L,,100,107,8,12,L 1
2020,OKC,2019-12-06,8:00p,,Minnesota Timberwolves,W,OT,139,127,9,12,W 1
2020,OKC,2019-12-08,9:00p,@,Portland Trail Blazers,W,,108,96,10,12,W 2
2020,OKC,2019-12-09,9:00p,@,Utah Jazz,W,,104,90,11,12,W 3
2020,OKC,2019-12-11,10:00p,@,Sacramento Kings,L,,93,94,11,13,L 1
2020,OKC,2019-12-14,9:00p,@,Denver Nuggets,L,,102,110,11,14,L 2
2020,OKC,2019-12-16,8:00p,,Chicago Bulls,W,,109,106,12,14,W 1
2020,OKC,2019-12-18,8:00p,,Memphis Grizzlies,W,,126,122,13,14,W 2
2020,OKC,2019-12-20,8:00p,,Phoenix Suns,W,,126,108,14,14,W 3
2020,OKC,2019-12-22,7:00p,,Los Angeles Clippers,W,,118,112,15,14,W 4
2020,OKC,2019-12-26,8:00p,,Memphis Grizzlies,L,,97,110,15,15,L 1
2020,OKC,2019-12-27,7:00p,@,Charlotte Hornets,W,OT,104,102,16,15,W 1
2020,OKC,2019-12-29,6:00p,@,Toronto Raptors,W,,98,97,17,15,W 2
2020,OKC,2019-12-31,8:00p,,Dallas Mavericks,W,,106,101,18,15,W 3
2020,OKC,2020-01-02,8:30p,@,San Antonio Spurs,W,,109,103,19,15,W 4
2020,OKC,2020-01-04,7:30p,@,Cleveland Cavaliers,W,,121,106,20,15,W 5
2020,OKC,2020-01-06,7:00p,@,Philadelphia 76ers,L,,113,120,20,16,L 1
2020,OKC,2020-01-07,7:30p,@,Brooklyn Nets,W,OT,111,103,21,16,W 1
2020,OKC,2020-01-09,9:30p,,Houston Rockets,W,,113,92,22,16,W 2
2020,OKC,2020-01-11,8:00p,,Los Angeles Lakers,L,,110,125,22,17,L 1
2020,OKC,2020-01-13,8:00p,@,Minnesota Timberwolves,W,,117,104,23,17,W 1
2020,OKC,2020-01-15,8:00p,,Toronto Raptors,L,,121,130,23,18,L 1
2020,OKC,2020-01-17,8:00p,,Miami Heat,L,,108,115,23,19,L 2
2020,OKC,2020-01-18,9:00p,,Portland Trail Blazers,W,,119,106,24,19,W 1
2020,OKC,2020-01-20,5:00p,@,Houston Rockets,W,,112,107,25,19,W 2
2020,OKC,2020-01-22,7:00p,@,Orlando Magic,W,,120,114,26,19,W 3
2020,OKC,2020-01-24,8:00p,,Atlanta Hawks,W,,140,111,27,19,W 4
2020,OKC,2020-01-25,8:00p,@,Minnesota Timberwolves,W,,113,104,28,19,W 5
2020,OKC,2020-01-27,8:00p,,Dallas Mavericks,L,,97,107,28,20,L 1
2020,OKC,2020-01-29,10:00p,@,Sacramento Kings,W,,120,100,29,20,W 1
2020,OKC,2020-01-31,9:00p,@,Phoenix Suns,W,,111,107,30,20,W 2
2020,OKC,2020-02-05,8:00p,,Cleveland Cavaliers,W,,109,103,31,20,W 3
2020,OKC,2020-02-07,8:00p,,Detroit Pistons,W,,108,101,32,20,W 4
2020,OKC,2020-02-09,3:30p,,Boston Celtics,L,,111,112,32,21,L 1
2020,OKC,2020-02-11,8:00p,,San Antonio Spurs,L,,106,114,32,22,L 2
2020,OKC,2020-02-13,8:00p,@,New Orleans Pelicans,W,,123,118,33,22,W 1
2020,OKC,2020-02-21,8:00p,,Denver Nuggets,W,,113,101,34,22,W 2
2020,OKC,2020-02-23,7:00p,,San Antonio Spurs,W,,131,103,35,22,W 3
2020,OKC,2020-02-25,8:00p,@,Chicago Bulls,W,,124,122,36,22,W 4
2020,OKC,2020-02-27,8:00p,,Sacramento Kings,W,,112,108,37,22,W 5
2020,OKC,2020-02-28,8:00p,@,Milwaukee Bucks,L,,86,133,37,23,L 1
2020,OKC,2020-03-03,8:00p,,Los Angeles Clippers,L,,94,109,37,24,L 2
2020,OKC,2020-03-04,7:00p,@,Detroit Pistons,W,,114,107,38,24,W 1
2020,OKC,2020-03-06,7:30p,@,New York Knicks,W,,126,103,39,24,W 2
2020,OKC,2020-03-08,6:00p,@,Boston Celtics,W,,105,104,40,24,W 3
2020,OKC,2020-08-01,3:30p,,Utah Jazz,W,,110,94,41,24,W 4
2020,OKC,2020-08-03,4:00p,,Denver Nuggets,L,OT,113,121,41,25,L 1
2020,OKC,2020-08-05,6:30p,@,Los Angeles Lakers,W,,105,86,42,25,W 1
2020,OKC,2020-08-07,4:00p,@,Memphis Grizzlies,L,,92,121,42,26,L 1
2020,OKC,2020-08-09,12:30p,,Washington Wizards,W,,121,103,43,26,W 1
2020,OKC,2020-08-10,2:30p,@,Phoenix Suns,L,,101,128,43,27,L 1
2020,OKC,2020-08-12,8:00p,,Miami Heat,W,,116,115,44,27,W 1
2020,OKC,2020-08-14,6:30p,@,Los Angeles Clippers,L,OT,103,107,44,28,L 1
2020,OKC,2020-08-18,6:30p,@,Houston Rockets,L,,108,123,0,1,L 1
2020,OKC,2020-08-20,3:30p,@,Houston Rockets,L,,98,111,0,2,L 2
2020,OKC,2020-08-22,6:00p,,Houston Rockets,W,OT,119,107,1,2,W 1
2020,OKC,2020-08-24,4:00p,,Houston Rockets,W,,117,114,2,2,W 2
2020,OKC,2020-08-29,6:30p,@,Houston Rockets,L,,80,114,2,3,L 1
2020,OKC,2020-08-31,9:00p,,Houston Rockets,W,,104,100,3,3,W 1
2020,OKC,2020-09-02,9:00p,@,Houston Rockets,L,,102,104,3,4,L 1
2020,ORL,2019-10-23,7:00p,,Cleveland Cavaliers,W,,94,85,1,0,W 1
2020,ORL,2019-10-26,7:30p,@,Atlanta Hawks,L,,99,103,1,1,L 1
2020,ORL,2019-10-28,7:30p,@,Toronto Raptors,L,,95,104,1,2,L 2
2020,ORL,2019-10-30,7:00p,,New York Knicks,W,,95,83,2,2,W 1
2020,ORL,2019-11-01,7:00p,,Milwaukee Bucks,L,,91,123,2,3,L 1
2020,ORL,2019-11-02,7:00p,,Denver Nuggets,L,,87,91,2,4,L 2
2020,ORL,2019-11-05,8:00p,@,Oklahoma City Thunder,L,,94,102,2,5,L 3
2020,ORL,2019-11-06,8:30p,@,Dallas Mavericks,L,,106,107,2,6,L 4
2020,ORL,2019-11-08,7:00p,,Memphis Grizzlies,W,,118,86,3,6,W 1
2020,ORL,2019-11-10,6:00p,,Indiana Pacers,L,,102,109,3,7,L 1
2020,ORL,2019-11-13,7:00p,,Philadelphia 76ers,W,,112,97,4,7,W 1
2020,ORL,2019-11-15,7:00p,,San Antonio Spurs,W,,111,109,5,7,W 2
2020,ORL,2019-11-17,6:00p,,Washington Wizards,W,,125,121,6,7,W 3
2020,ORL,2019-11-20,7:30p,@,Toronto Raptors,L,,97,113,6,8,L 1
2020,ORL,2019-11-23,7:00p,@,Indiana Pacers,L,,106,111,6,9,L 2
2020,ORL,2019-11-25,7:00p,@,Detroit Pistons,L,,88,103,6,10,L 3
2020,ORL,2019-11-27,7:00p,@,Cleveland Cavaliers,W,,116,104,7,10,W 1
2020,ORL,2019-11-29,7:00p,,Toronto Raptors,L,,83,90,7,11,L 1
2020,ORL,2019-12-01,6:00p,,Golden State Warriors,W,,100,96,8,11,W 1
2020,ORL,2019-12-03,7:00p,@,Washington Wizards,W,,127,120,9,11,W 2
2020,ORL,2019-12-04,7:00p,,Phoenix Suns,W,,128,114,10,11,W 3
2020,ORL,2019-12-06,7:00p,@,Cleveland Cavaliers,W,,93,87,11,11,W 4
2020,ORL,2019-12-09,8:00p,@,Milwaukee Bucks,L,,101,110,11,12,L 1
2020,ORL,2019-12-11,7:00p,,Los Angeles Lakers,L,,87,96,11,13,L 2
2020,ORL,2019-12-13,7:00p,,Houston Rockets,L,,107,130,11,14,L 3
2020,ORL,2019-12-15,3:30p,@,New Orleans Pelicans,W,,130,119,12,14,W 1
2020,ORL,2019-12-17,9:00p,@,Utah Jazz,L,,102,109,12,15,L 1
2020,ORL,2019-12-18,9:00p,@,Denver Nuggets,L,,104,113,12,16,L 2
2020,ORL,2019-12-20,10:00p,@,Portland Trail Blazers,L,,103,118,12,17,L 3
2020,ORL,2019-12-23,7:00p,,Chicago Bulls,W,,103,95,13,17,W 1
2020,ORL,2019-12-27,7:00p,,Philadelphia 76ers,W,,98,97,14,17,W 2
2020,ORL,2019-12-28,8:30p,@,Milwaukee Bucks,L,,100,111,14,18,L 1
2020,ORL,2019-12-30,7:00p,,Atlanta Hawks,L,,93,101,14,19,L 2
2020,ORL,2020-01-01,6:00p,@,Washington Wizards,W,,122,101,15,19,W 1
2020,ORL,2020-01-03,7:00p,,Miami Heat,W,,105,85,16,19,W 2
2020,ORL,2020-01-04,7:00p,,Utah Jazz,L,,96,109,16,20,L 1
2020,ORL,2020-01-06,7:00p,,Brooklyn Nets,W,,101,89,17,20,W 1
2020,ORL,2020-01-08,7:00p,,Washington Wizards,W,,123,89,18,20,W 2
2020,ORL,2020-01-10,9:00p,@,Phoenix Suns,L,,94,98,18,21,L 1
2020,ORL,2020-01-13,10:00p,@,Sacramento Kings,W,,114,112,19,21,W 1
2020,ORL,2020-01-15,10:30p,@,Los Angeles Lakers,W,,119,118,20,21,W 2
2020,ORL,2020-01-16,10:30p,@,Los Angeles Clippers,L,,95,122,20,22,L 1
2020,ORL,2020-01-18,8:30p,@,Golden State Warriors,L,,95,109,20,23,L 2
2020,ORL,2020-01-20,5:00p,@,Charlotte Hornets,W,,106,83,21,23,W 1
2020,ORL,2020-01-22,7:00p,,Oklahoma City Thunder,L,,114,120,21,24,L 1
2020,ORL,2020-01-24,7:00p,,Boston Celtics,L,,98,109,21,25,L 2
2020,ORL,2020-01-26,6:00p,,Los Angeles Clippers,L,,97,112,21,26,L 3
2020,ORL,2020-01-27,7:30p,@,Miami Heat,L,,92,113,21,27,L 4
2020,ORL,2020-02-01,7:00p,,Miami Heat,L,,89,102,21,28,L 5
2020,ORL,2020-02-03,7:00p,@,Charlotte Hornets,W,,112,100,22,28,W 1
2020,ORL,2020-02-05,7:30p,@,Boston Celtics,L,,100,116,22,29,L 1
2020,ORL,2020-02-06,7:30p,@,New York Knicks,L,,103,105,22,30,L 2
2020,ORL,2020-02-08,5:00p,,Milwaukee Bucks,L,,95,111,22,31,L 3
2020,ORL,2020-02-10,7:00p,,Atlanta Hawks,W,,135,126,23,31,W 1
2020,ORL,2020-02-12,7:00p,,Detroit Pistons,W,OT,116,112,24,31,W 2
2020,ORL,2020-02-21,7:00p,,Dallas Mavericks,L,,106,122,24,32,L 1
2020,ORL,2020-02-24,7:30p,@,Brooklyn Nets,W,,115,113,25,32,W 1
2020,ORL,2020-02-26,7:30p,@,Atlanta Hawks,W,,130,120,26,32,W 2
2020,ORL,2020-02-28,7:00p,,Minnesota Timberwolves,W,,136,125,27,32,W 3
2020,ORL,2020-02-29,8:30p,@,San Antonio Spurs,L,,113,114,27,33,L 1
2020,ORL,2020-03-02,7:00p,,Portland Trail Blazers,L,,107,130,27,34,L 2
2020,ORL,2020-03-04,7:30p,@,Miami Heat,L,,113,116,27,35,L 3
2020,ORL,2020-03-06,8:00p,@,Minnesota Timberwolves,W,,132,118,28,35,W 1
2020,ORL,2020-03-08,7:00p,@,Houston Rockets,W,,126,106,29,35,W 2
2020,ORL,2020-03-10,8:00p,@,Memphis Grizzlies,W,,120,115,30,35,W 3
2020,ORL,2020-07-31,2:30p,@,Brooklyn Nets,W,,128,118,31,35,W 4
2020,ORL,2020-08-02,6:00p,,Sacramento Kings,W,,132,116,32,35,W 5
2020,ORL,2020-08-04,6:00p,@,Indiana Pacers,L,,109,120,32,36,L 1
2020,ORL,2020-08-05,8:00p,,Toronto Raptors,L,,99,109,32,37,L 2
2020,ORL,2020-08-07,6:30p,@,Philadelphia 76ers,L,,101,108,32,38,L 3
2020,ORL,2020-08-09,5:00p,@,Boston Celtics,L,OT,119,122,32,39,L 4
2020,ORL,2020-08-11,1:00p,,Brooklyn Nets,L,,96,108,32,40,L 5
2020,ORL,2020-08-13,9:00p,,New Orleans Pelicans,W,,133,127,33,40,W 1
2020,ORL,2020-08-18,1:30p,@,Milwaukee Bucks,W,,122,110,1,0,W 1
2020,ORL,2020-08-20,6:00p,@,Milwaukee Bucks,L,,96,111,1,1,L 1
2020,ORL,2020-08-22,1:00p,,Milwaukee Bucks,L,,107,121,1,2,L 2
2020,ORL,2020-08-24,1:30p,,Milwaukee Bucks,L,,106,121,1,3,L 3
2020,ORL,2020-08-29,3:30p,@,Milwaukee Bucks,L,,104,118,1,4,L 4
2020,PHI,2019-10-23,7:30p,,Boston Celtics,W,,107,93,1,0,W 1
2020,PHI,2019-10-26,7:00p,@,Detroit Pistons,W,,117,111,2,0,W 2
2020,PHI,2019-10-28,7:30p,@,Atlanta Hawks,W,,105,103,3,0,W 3
2020,PHI,2019-10-30,7:00p,,Minnesota Timberwolves,W,,117,95,4,0,W 4
2020,PHI,2019-11-02,10:00p,@,Portland Trail Blazers,W,,129,128,5,0,W 5
2020,PHI,2019-11-04,9:00p,@,Phoenix Suns,L,,109,114,5,1,L 1
2020,PHI,2019-11-06,9:00p,@,Utah Jazz,L,,104,106,5,2,L 2
2020,PHI,2019-11-08,9:00p,@,Denver Nuggets,L,,97,100,5,3,L 3
2020,PHI,2019-11-10,6:00p,,Charlotte Hornets,W,,114,106,6,3,W 1
2020,PHI,2019-11-12,7:00p,,Cleveland Cavaliers,W,,98,97,7,3,W 2
2020,PHI,2019-11-13,7:00p,@,Orlando Magic,L,,97,112,7,4,L 1
2020,PHI,2019-11-15,8:00p,@,Oklahoma City Thunder,L,OT,119,127,7,5,L 2
2020,PHI,2019-11-17,3:00p,@,Cleveland Cavaliers,W,,114,95,8,5,W 1
2020,PHI,2019-11-20,7:00p,,New York Knicks,W,,109,104,9,5,W 2
2020,PHI,2019-11-22,8:00p,,San Antonio Spurs,W,,115,104,10,5,W 3
2020,PHI,2019-11-23,7:30p,,Miami Heat,W,,113,86,11,5,W 4
2020,PHI,2019-11-25,7:30p,@,Toronto Raptors,L,,96,101,11,6,L 1
2020,PHI,2019-11-27,7:00p,,Sacramento Kings,W,,97,91,12,6,W 1
2020,PHI,2019-11-29,7:30p,@,New York Knicks,W,,101,95,13,6,W 2
2020,PHI,2019-11-30,7:00p,,Indiana Pacers,W,,119,116,14,6,W 3
2020,PHI,2019-12-02,7:00p,,Utah Jazz,W,,103,94,15,6,W 4
2020,PHI,2019-12-05,7:00p,@,Washington Wizards,L,,113,119,15,7,L 1
2020,PHI,2019-12-07,7:30p,,Cleveland Cavaliers,W,,141,94,16,7,W 1
2020,PHI,2019-12-08,6:00p,,Toronto Raptors,W,,110,104,17,7,W 2
2020,PHI,2019-12-10,8:00p,,Denver Nuggets,W,,97,92,18,7,W 3
2020,PHI,2019-12-12,8:00p,@,Boston Celtics,W,,115,109,19,7,W 4
2020,PHI,2019-12-13,7:00p,,New Orleans Pelicans,W,,116,109,20,7,W 5
2020,PHI,2019-12-15,6:00p,@,Brooklyn Nets,L,,89,109,20,8,L 1
2020,PHI,2019-12-18,7:00p,,Miami Heat,L,,104,108,20,9,L 2
2020,PHI,2019-12-20,8:00p,,Dallas Mavericks,L,,98,117,20,10,L 3
2020,PHI,2019-12-21,7:00p,,Washington Wizards,W,,125,108,21,10,W 1
2020,PHI,2019-12-23,7:00p,@,Detroit Pistons,W,,125,109,22,10,W 2
2020,PHI,2019-12-25,2:30p,,Milwaukee Bucks,W,,121,109,23,10,W 3
2020,PHI,2019-12-27,7:00p,@,Orlando Magic,L,,97,98,23,11,L 1
2020,PHI,2019-12-28,8:00p,@,Miami Heat,L,OT,116,117,23,12,L 2
2020,PHI,2019-12-31,3:00p,@,Indiana Pacers,L,,97,115,23,13,L 3
2020,PHI,2020-01-03,8:00p,@,Houston Rockets,L,,108,118,23,14,L 4
2020,PHI,2020-01-06,7:00p,,Oklahoma City Thunder,W,,120,113,24,14,W 1
2020,PHI,2020-01-09,7:00p,,Boston Celtics,W,,109,98,25,14,W 2
2020,PHI,2020-01-11,8:30p,@,Dallas Mavericks,L,,91,109,25,15,L 1
2020,PHI,2020-01-13,7:00p,@,Indiana Pacers,L,,95,101,25,16,L 2
2020,PHI,2020-01-15,7:00p,,Brooklyn Nets,W,,117,106,26,16,W 1
2020,PHI,2020-01-17,7:00p,,Chicago Bulls,W,,100,89,27,16,W 2
2020,PHI,2020-01-18,7:30p,@,New York Knicks,W,,90,87,28,16,W 3
2020,PHI,2020-01-20,3:00p,@,Brooklyn Nets,W,,117,111,29,16,W 4
2020,PHI,2020-01-22,7:00p,@,Toronto Raptors,L,,95,107,29,17,L 1
2020,PHI,2020-01-25,8:30p,,Los Angeles Lakers,W,,108,91,30,17,W 1
2020,PHI,2020-01-28,7:00p,,Golden State Warriors,W,,115,104,31,17,W 2
2020,PHI,2020-01-30,7:30p,@,Atlanta Hawks,L,,117,127,31,18,L 1
2020,PHI,2020-02-01,8:30p,@,Boston Celtics,L,,95,116,31,19,L 2
2020,PHI,2020-02-03,7:30p,@,Miami Heat,L,,106,137,31,20,L 3
2020,PHI,2020-02-06,8:00p,@,Milwaukee Bucks,L,,101,112,31,21,L 4
2020,PHI,2020-02-07,7:00p,,Memphis Grizzlies,W,,119,107,32,21,W 1
2020,PHI,2020-02-09,6:00p,,Chicago Bulls,W,,118,111,33,21,W 2
2020,PHI,2020-02-11,7:00p,,Los Angeles Clippers,W,,110,103,34,21,W 3
2020,PHI,2020-02-20,8:00p,,Brooklyn Nets,W,OT,112,104,35,21,W 4
2020,PHI,2020-02-22,8:30p,@,Milwaukee Bucks,L,,98,119,35,22,L 1
2020,PHI,2020-02-24,7:00p,,Atlanta Hawks,W,,129,112,36,22,W 1
2020,PHI,2020-02-26,7:00p,@,Cleveland Cavaliers,L,,94,108,36,23,L 1
2020,PHI,2020-02-27,7:00p,,New York Knicks,W,,115,106,37,23,W 1
2020,PHI,2020-03-01,3:30p,@,Los Angeles Clippers,L,,130,136,37,24,L 1
2020,PHI,2020-03-03,10:00p,@,Los Angeles Lakers,L,,107,120,37,25,L 2
2020,PHI,2020-03-05,10:00p,@,Sacramento Kings,W,,125,108,38,25,W 1
2020,PHI,2020-03-07,8:30p,@,Golden State Warriors,L,,114,118,38,26,L 1
2020,PHI,2020-03-11,7:00p,,Detroit Pistons,W,,124,106,39,26,W 1
2020,PHI,2020-08-01,7:00p,@,Indiana Pacers,L,,121,127,39,27,L 1
2020,PHI,2020-08-03,8:00p,,San Antonio Spurs,W,,132,130,40,27,W 1
2020,PHI,2020-08-05,4:00p,@,Washington Wizards,W,,107,98,41,27,W 2
2020,PHI,2020-08-07,6:30p,,Orlando Magic,W,,108,101,42,27,W 3
2020,PHI,2020-08-09,6:30p,@,Portland Trail Blazers,L,,121,124,42,28,L 1
2020,PHI,2020-08-11,4:30p,,Phoenix Suns,L,,117,130,42,29,L 2
2020,PHI,2020-08-12,6:30p,,Toronto Raptors,L,,121,125,42,30,L 3
2020,PHI,2020-08-14,9:00p,@,Houston Rockets,W,,134,96,43,30,W 1
2020,PHI,2020-08-17,6:30p,@,Boston Celtics,L,,101,109,0,1,L 1
2020,PHI,2020-08-19,6:30p,@,Boston Celtics,L,,101,128,0,2,L 2
2020,PHI,2020-08-21,6:30p,,Boston Celtics,L,,94,102,0,3,L 3
2020,PHI,2020-08-23,1:00p,,Boston Celtics,L,,106,110,0,4,L 4
2020,PHO,2019-10-23,10:00p,,Sacramento Kings,W,,124,95,1,0,W 1
2020,PHO,2019-10-25,9:00p,@,Denver Nuggets,L,OT,107,108,1,1,L 1
2020,PHO,2019-10-26,10:00p,,Los Angeles Clippers,W,,130,122,2,1,W 1
2020,PHO,2019-10-28,10:00p,,Utah Jazz,L,,95,96,2,2,L 1
2020,PHO,2019-10-30,10:30p,@,Golden State Warriors,W,,121,110,3,2,W 1
2020,PHO,2019-11-02,8:00p,@,Memphis Grizzlies,W,,114,105,4,2,W 2
2020,PHO,2019-11-04,9:00p,,Philadelphia 76ers,W,,114,109,5,2,W 3
2020,PHO,2019-11-07,9:00p,,Miami Heat,L,,108,124,5,3,L 1
2020,PHO,2019-11-10,8:00p,,Brooklyn Nets,W,,138,112,6,3,W 1
2020,PHO,2019-11-12,9:00p,,Los Angeles Lakers,L,,115,123,6,4,L 1
2020,PHO,2019-11-14,9:00p,,Atlanta Hawks,W,,128,112,7,4,W 1
2020,PHO,2019-11-18,9:00p,,Boston Celtics,L,,85,99,7,5,L 1
2020,PHO,2019-11-19,10:00p,@,Sacramento Kings,L,,116,120,7,6,L 2
2020,PHO,2019-11-21,10:30p,,New Orleans Pelicans,L,,121,124,7,7,L 3
2020,PHO,2019-11-23,5:00p,@,Minnesota Timberwolves,W,,100,98,8,7,W 1
2020,PHO,2019-11-24,8:00p,@,Denver Nuggets,L,,104,116,8,8,L 1
2020,PHO,2019-11-27,9:00p,,Washington Wizards,L,,132,140,8,9,L 2
2020,PHO,2019-11-29,9:00p,,Dallas Mavericks,L,,113,120,8,10,L 3
2020,PHO,2019-12-02,7:00p,@,Charlotte Hornets,W,,109,104,9,10,W 1
2020,PHO,2019-12-04,7:00p,@,Orlando Magic,L,,114,128,9,11,L 1
2020,PHO,2019-12-05,8:00p,@,New Orleans Pelicans,W,OT,139,132,10,11,W 1
2020,PHO,2019-12-07,8:00p,@,Houston Rockets,L,,109,115,10,12,L 1
2020,PHO,2019-12-09,9:00p,,Minnesota Timberwolves,W,,125,109,11,12,W 1
2020,PHO,2019-12-11,9:00p,,Memphis Grizzlies,L,,108,115,11,13,L 1
2020,PHO,2019-12-14,5:00p,,San Antonio Spurs,L,OT,119,121,11,14,L 2
2020,PHO,2019-12-16,9:00p,,Portland Trail Blazers,L,,110,111,11,15,L 3
2020,PHO,2019-12-17,10:30p,@,Los Angeles Clippers,L,,99,120,11,16,L 4
2020,PHO,2019-12-20,8:00p,@,Oklahoma City Thunder,L,,108,126,11,17,L 5
2020,PHO,2019-12-21,9:00p,,Houston Rockets,L,,125,139,11,18,L 6
2020,PHO,2019-12-23,9:00p,,Denver Nuggets,L,,111,113,11,19,L 7
2020,PHO,2019-12-27,10:30p,@,Golden State Warriors,L,,96,105,11,20,L 8
2020,PHO,2019-12-28,9:00p,@,Sacramento Kings,W,,112,110,12,20,W 1
2020,PHO,2019-12-30,10:00p,@,Portland Trail Blazers,W,,122,116,13,20,W 2
2020,PHO,2020-01-01,10:30p,@,Los Angeles Lakers,L,,107,117,13,21,L 1
2020,PHO,2020-01-03,9:00p,,New York Knicks,W,,120,112,14,21,W 1
2020,PHO,2020-01-05,8:00p,,Memphis Grizzlies,L,,114,121,14,22,L 1
2020,PHO,2020-01-07,9:00p,,Sacramento Kings,L,,103,114,14,23,L 2
2020,PHO,2020-01-10,9:00p,,Orlando Magic,W,,98,94,15,23,W 1
2020,PHO,2020-01-12,8:00p,,Charlotte Hornets,W,,100,92,16,23,W 2
2020,PHO,2020-01-14,7:30p,@,Atlanta Hawks,L,,110,123,16,24,L 1
2020,PHO,2020-01-16,7:30p,@,New York Knicks,W,,121,98,17,24,W 1
2020,PHO,2020-01-18,7:00p,@,Boston Celtics,W,,123,119,18,24,W 2
2020,PHO,2020-01-20,9:00p,,San Antonio Spurs,L,,118,120,18,25,L 1
2020,PHO,2020-01-22,9:00p,,Indiana Pacers,L,,87,112,18,26,L 2
2020,PHO,2020-01-24,8:30p,@,San Antonio Spurs,W,,103,99,19,26,W 1
2020,PHO,2020-01-26,6:00p,@,Memphis Grizzlies,L,,109,114,19,27,L 1
2020,PHO,2020-01-28,8:30p,@,Dallas Mavericks,W,,133,104,20,27,W 1
2020,PHO,2020-01-31,9:00p,,Oklahoma City Thunder,L,,107,111,20,28,L 1
2020,PHO,2020-02-02,2:00p,@,Milwaukee Bucks,L,,108,129,20,29,L 2
2020,PHO,2020-02-03,7:30p,@,Brooklyn Nets,L,,97,119,20,30,L 3
2020,PHO,2020-02-05,7:00p,@,Detroit Pistons,L,,108,116,20,31,L 4
2020,PHO,2020-02-07,9:00p,,Houston Rockets,W,,127,91,21,31,W 1
2020,PHO,2020-02-08,9:00p,,Denver Nuggets,L,,108,117,21,32,L 1
2020,PHO,2020-02-10,10:30p,@,Los Angeles Lakers,L,,100,125,21,33,L 2
2020,PHO,2020-02-12,9:00p,,Golden State Warriors,W,,112,106,22,33,W 1
2020,PHO,2020-02-21,7:30p,@,Toronto Raptors,L,,101,118,22,34,L 1
2020,PHO,2020-02-22,8:00p,@,Chicago Bulls,W,,112,104,23,34,W 1
2020,PHO,2020-02-24,9:00p,@,Utah Jazz,W,,131,111,24,34,W 2
2020,PHO,2020-02-26,9:00p,,Los Angeles Clippers,L,,92,102,24,35,L 1
2020,PHO,2020-02-28,9:00p,,Detroit Pistons,L,,111,113,24,36,L 2
2020,PHO,2020-02-29,9:00p,,Golden State Warriors,L,,99,115,24,37,L 3
2020,PHO,2020-03-03,9:00p,,Toronto Raptors,L,,114,123,24,38,L 4
2020,PHO,2020-03-06,9:00p,,Portland Trail Blazers,W,,127,117,25,38,W 1
2020,PHO,2020-03-08,6:00p,,Milwaukee Bucks,W,,140,131,26,38,W 2
2020,PHO,2020-03-10,10:00p,@,Portland Trail Blazers,L,,105,121,26,39,L 1
2020,PHO,2020-07-31,4:00p,@,Washington Wizards,W,,125,112,27,39,W 1
2020,PHO,2020-08-02,9:00p,,Dallas Mavericks,W,,117,115,28,39,W 2
2020,PHO,2020-08-04,4:00p,@,Los Angeles Clippers,W,,117,115,29,39,W 3
2020,PHO,2020-08-06,4:00p,,Indiana Pacers,W,,114,99,30,39,W 4
2020,PHO,2020-08-08,7:30p,@,Miami Heat,W,,119,112,31,39,W 5
2020,PHO,2020-08-10,2:30p,,Oklahoma City Thunder,W,,128,101,32,39,W 6
2020,PHO,2020-08-11,4:30p,@,Philadelphia 76ers,W,,130,117,33,39,W 7
2020,PHO,2020-08-13,4:00p,,Dallas Mavericks,W,,128,102,34,39,W 8
2020,POR,2019-10-23,10:00p,,Denver Nuggets,L,,100,108,0,1,L 1
2020,POR,2019-10-25,10:00p,@,Sacramento Kings,W,,122,112,1,1,W 1
2020,POR,2019-10-27,7:00p,@,Dallas Mavericks,W,,121,119,2,1,W 2
2020,POR,2019-10-28,8:30p,@,San Antonio Spurs,L,,110,113,2,2,L 1
2020,POR,2019-10-30,8:00p,@,Oklahoma City Thunder,W,,102,99,3,2,W 1
2020,POR,2019-11-02,10:00p,,Philadelphia 76ers,L,,128,129,3,3,L 1
2020,POR,2019-11-04,10:30p,@,Golden State Warriors,L,,118,127,3,4,L 2
2020,POR,2019-11-07,10:30p,@,Los Angeles Clippers,L,,101,107,3,5,L 3
2020,POR,2019-11-08,10:00p,,Brooklyn Nets,L,,115,119,3,6,L 4
2020,POR,2019-11-10,9:00p,,Atlanta Hawks,W,OT,124,113,4,6,W 1
2020,POR,2019-11-12,10:00p,@,Sacramento Kings,L,,99,107,4,7,L 1
2020,POR,2019-11-13,10:00p,,Toronto Raptors,L,,106,114,4,8,L 2
2020,POR,2019-11-16,8:30p,@,San Antonio Spurs,W,,121,116,5,8,W 1
2020,POR,2019-11-18,8:00p,@,Houston Rockets,L,,108,132,5,9,L 1
2020,POR,2019-11-19,8:00p,@,New Orleans Pelicans,L,,104,115,5,10,L 2
2020,POR,2019-11-21,8:00p,@,Milwaukee Bucks,L,,129,137,5,11,L 3
2020,POR,2019-11-23,8:00p,@,Cleveland Cavaliers,L,,104,110,5,12,L 4
2020,POR,2019-11-25,8:00p,@,Chicago Bulls,W,,117,94,6,12,W 1
2020,POR,2019-11-27,10:00p,,Oklahoma City Thunder,W,,136,119,7,12,W 2
2020,POR,2019-11-29,10:00p,,Chicago Bulls,W,,107,103,8,12,W 3
2020,POR,2019-12-03,10:00p,@,Los Angeles Clippers,L,,97,117,8,13,L 1
2020,POR,2019-12-04,10:00p,,Sacramento Kings,W,,127,116,9,13,W 1
2020,POR,2019-12-06,10:30p,,Los Angeles Lakers,L,,113,136,9,14,L 1
2020,POR,2019-12-08,9:00p,,Oklahoma City Thunder,L,,96,108,9,15,L 2
2020,POR,2019-12-10,10:00p,,New York Knicks,W,,115,87,10,15,W 1
2020,POR,2019-12-12,10:30p,@,Denver Nuggets,L,,99,114,10,16,L 1
2020,POR,2019-12-16,9:00p,@,Phoenix Suns,W,,111,110,11,16,W 1
2020,POR,2019-12-18,10:00p,,Golden State Warriors,W,,122,112,12,16,W 2
2020,POR,2019-12-20,10:00p,,Orlando Magic,W,,118,103,13,16,W 3
2020,POR,2019-12-21,10:00p,,Minnesota Timberwolves,W,,113,106,14,16,W 4
2020,POR,2019-12-23,10:00p,,New Orleans Pelicans,L,,94,102,14,17,L 1
2020,POR,2019-12-26,10:30p,@,Utah Jazz,L,,115,121,14,18,L 2
2020,POR,2019-12-28,10:00p,,Los Angeles Lakers,L,,120,128,14,19,L 3
2020,POR,2019-12-30,10:00p,,Phoenix Suns,L,,116,122,14,20,L 4
2020,POR,2020-01-01,7:30p,@,New York Knicks,L,,93,117,14,21,L 5
2020,POR,2020-01-03,7:00p,@,Washington Wizards,W,,122,103,15,21,W 1
2020,POR,2020-01-05,6:00p,@,Miami Heat,L,,111,122,15,22,L 1
2020,POR,2020-01-07,7:00p,@,Toronto Raptors,W,,101,99,16,22,W 1
2020,POR,2020-01-09,8:00p,@,Minnesota Timberwolves,L,,102,116,16,23,L 1
2020,POR,2020-01-11,10:00p,,Milwaukee Bucks,L,,101,122,16,24,L 2
2020,POR,2020-01-13,10:00p,,Charlotte Hornets,W,,115,112,17,24,W 1
2020,POR,2020-01-15,9:30p,@,Houston Rockets,W,,117,107,18,24,W 2
2020,POR,2020-01-17,9:30p,@,Dallas Mavericks,L,,112,120,18,25,L 1
2020,POR,2020-01-18,9:00p,@,Oklahoma City Thunder,L,,106,119,18,26,L 2
2020,POR,2020-01-20,10:00p,,Golden State Warriors,W,OT,129,124,19,26,W 1
2020,POR,2020-01-23,10:30p,,Dallas Mavericks,L,,125,133,19,27,L 1
2020,POR,2020-01-26,9:00p,,Indiana Pacers,W,,139,129,20,27,W 1
2020,POR,2020-01-29,10:00p,,Houston Rockets,W,,125,112,21,27,W 2
2020,POR,2020-01-31,10:30p,@,Los Angeles Lakers,W,,127,119,22,27,W 3
2020,POR,2020-02-01,10:30p,,Utah Jazz,W,,124,107,23,27,W 4
2020,POR,2020-02-04,9:00p,@,Denver Nuggets,L,,99,127,23,28,L 1
2020,POR,2020-02-06,10:00p,,San Antonio Spurs,W,,125,117,24,28,W 1
2020,POR,2020-02-07,10:30p,@,Utah Jazz,L,,114,117,24,29,L 1
2020,POR,2020-02-09,9:00p,,Miami Heat,W,,115,109,25,29,W 1
2020,POR,2020-02-11,8:00p,@,New Orleans Pelicans,L,,117,138,25,30,L 1
2020,POR,2020-02-12,8:00p,@,Memphis Grizzlies,L,,104,111,25,31,L 2
2020,POR,2020-02-21,10:30p,,New Orleans Pelicans,L,,115,128,25,32,L 3
2020,POR,2020-02-23,9:00p,,Detroit Pistons,W,,107,104,26,32,W 1
2020,POR,2020-02-25,10:00p,,Boston Celtics,L,,106,118,26,33,L 1
2020,POR,2020-02-27,8:00p,@,Indiana Pacers,L,,100,106,26,34,L 2
2020,POR,2020-02-29,7:30p,@,Atlanta Hawks,L,,117,129,26,35,L 3
2020,POR,2020-03-02,7:00p,@,Orlando Magic,W,,130,107,27,35,W 1
2020,POR,2020-03-04,10:00p,,Washington Wizards,W,,125,104,28,35,W 2
2020,POR,2020-03-06,9:00p,@,Phoenix Suns,L,,117,127,28,36,L 1
2020,POR,2020-03-07,10:00p,,Sacramento Kings,L,,111,123,28,37,L 2
2020,POR,2020-03-10,10:00p,,Phoenix Suns,W,,121,105,29,37,W 1
2020,POR,2020-07-31,4:00p,,Memphis Grizzlies,W,OT,140,135,30,37,W 2
2020,POR,2020-08-02,3:30p,@,Boston Celtics,L,,124,128,30,38,L 1
2020,POR,2020-08-04,9:00p,,Houston Rockets,W,,110,102,31,38,W 1
2020,POR,2020-08-06,8:00p,@,Denver Nuggets,W,,125,115,32,38,W 2
2020,POR,2020-08-08,1:00p,,Los Angeles Clippers,L,,117,122,32,39,L 1
2020,POR,2020-08-09,6:30p,,Philadelphia 76ers,W,,124,121,33,39,W 1
2020,POR,2020-08-11,6:30p,@,Dallas Mavericks,W,,134,131,34,39,W 2
2020,POR,2020-08-13,9:00p,@,Brooklyn Nets,W,,134,133,35,39,W 3
2020,POR,2020-08-15,2:30p,,Memphis Grizzlies,W,,126,122,36,39,W 4
2020,POR,2020-08-18,9:00p,@,Los Angeles Lakers,W,,100,93,1,0,W 1
2020,POR,2020-08-20,9:00p,@,Los Angeles Lakers,L,,88,111,1,1,L 1
2020,POR,2020-08-22,8:30p,,Los Angeles Lakers,L,,108,116,1,2,L 2
2020,POR,2020-08-24,9:00p,,Los Angeles Lakers,L,,115,135,1,3,L 3
2020,POR,2020-08-29,9:00p,@,Los Angeles Lakers,L,,122,131,1,4,L 4
2020,SAC,2019-10-23,10:00p,@,Phoenix Suns,L,,95,124,0,1,L 1
2020,SAC,2019-10-25,10:00p,,Portland Trail Blazers,L,,112,122,0,2,L 2
2020,SAC,2019-10-26,9:00p,@,Utah Jazz,L,,81,113,0,3,L 3
2020,SAC,2019-10-28,10:00p,,Denver Nuggets,L,,94,101,0,4,L 4
2020,SAC,2019-10-30,10:00p,,Charlotte Hornets,L,,111,118,0,5,L 5
2020,SAC,2019-11-01,10:00p,,Utah Jazz,W,,102,101,1,5,W 1
2020,SAC,2019-11-03,6:00p,@,New York Knicks,W,,113,92,2,5,W 2
2020,SAC,2019-11-06,7:30p,@,Toronto Raptors,L,,120,124,2,6,L 1
2020,SAC,2019-11-08,7:30p,@,Atlanta Hawks,W,,121,109,3,6,W 1
2020,SAC,2019-11-12,10:00p,,Portland Trail Blazers,W,,107,99,4,6,W 2
2020,SAC,2019-11-15,10:30p,@,Los Angeles Lakers,L,,97,99,4,7,L 1
2020,SAC,2019-11-17,3:30p,,Boston Celtics,W,,100,99,5,7,W 1
2020,SAC,2019-11-19,10:00p,,Phoenix Suns,W,,120,116,6,7,W 2
2020,SAC,2019-11-22,7:30p,@,Brooklyn Nets,L,,97,116,6,8,L 1
2020,SAC,2019-11-24,6:00p,@,Washington Wizards,W,,113,106,7,8,W 1
2020,SAC,2019-11-25,7:30p,@,Boston Celtics,L,,102,103,7,9,L 1
2020,SAC,2019-11-27,7:00p,@,Philadelphia 76ers,L,,91,97,7,10,L 2
2020,SAC,2019-11-30,5:00p,,Denver Nuggets,W,OT,100,97,8,10,W 1
2020,SAC,2019-12-02,10:00p,,Chicago Bulls,L,,106,113,8,11,L 1
2020,SAC,2019-12-04,10:00p,@,Portland Trail Blazers,L,,116,127,8,12,L 2
2020,SAC,2019-12-06,8:30p,@,San Antonio Spurs,L,OT,104,105,8,13,L 3
2020,SAC,2019-12-08,7:00p,@,Dallas Mavericks,W,,110,106,9,13,W 1
2020,SAC,2019-12-09,8:00p,@,Houston Rockets,W,,119,118,10,13,W 2
2020,SAC,2019-12-11,10:00p,,Oklahoma City Thunder,W,,94,93,11,13,W 3
2020,SAC,2019-12-13,10:00p,,New York Knicks,L,,101,103,11,14,L 1
2020,SAC,2019-12-15,8:30p,@,Golden State Warriors,W,,100,79,12,14,W 1
2020,SAC,2019-12-17,7:00p,@,Charlotte Hornets,L,,102,110,12,15,L 1
2020,SAC,2019-12-20,7:00p,@,Indiana Pacers,L,,105,119,12,16,L 2
2020,SAC,2019-12-21,8:00p,@,Memphis Grizzlies,L,,115,119,12,17,L 3
2020,SAC,2019-12-23,10:00p,,Houston Rockets,L,,104,113,12,18,L 4
2020,SAC,2019-12-26,10:00p,,Minnesota Timberwolves,L,2OT,104,105,12,19,L 5
2020,SAC,2019-12-28,9:00p,,Phoenix Suns,L,,110,112,12,20,L 6
2020,SAC,2019-12-29,8:00p,@,Denver Nuggets,L,,115,120,12,21,L 7
2020,SAC,2019-12-31,5:00p,,Los Angeles Clippers,L,,87,105,12,22,L 8
2020,SAC,2020-01-02,10:00p,,Memphis Grizzlies,W,,128,123,13,22,W 1
2020,SAC,2020-01-04,10:00p,,New Orleans Pelicans,L,,115,117,13,23,L 1
2020,SAC,2020-01-06,10:00p,,Golden State Warriors,W,,111,98,14,23,W 1
2020,SAC,2020-01-07,9:00p,@,Phoenix Suns,W,,114,103,15,23,W 2
2020,SAC,2020-01-10,10:00p,,Milwaukee Bucks,L,,106,127,15,24,L 1
2020,SAC,2020-01-13,10:00p,,Orlando Magic,L,,112,114,15,25,L 2
2020,SAC,2020-01-15,10:00p,,Dallas Mavericks,L,,123,127,15,26,L 3
2020,SAC,2020-01-18,9:00p,@,Utah Jazz,L,,101,123,15,27,L 4
2020,SAC,2020-01-20,5:00p,@,Miami Heat,L,OT,113,118,15,28,L 5
2020,SAC,2020-01-22,7:00p,@,Detroit Pistons,L,,106,127,15,29,L 6
2020,SAC,2020-01-24,8:00p,@,Chicago Bulls,W,,98,81,16,29,W 1
2020,SAC,2020-01-27,8:00p,@,Minnesota Timberwolves,W,OT,133,129,17,29,W 2
2020,SAC,2020-01-29,10:00p,,Oklahoma City Thunder,L,,100,120,17,30,L 1
2020,SAC,2020-01-30,10:30p,@,Los Angeles Clippers,W,,124,103,18,30,W 1
2020,SAC,2020-02-01,10:00p,,Los Angeles Lakers,L,,113,129,18,31,L 1
2020,SAC,2020-02-03,10:00p,,Minnesota Timberwolves,W,,113,109,19,31,W 1
2020,SAC,2020-02-07,10:00p,,Miami Heat,W,,105,97,20,31,W 2
2020,SAC,2020-02-08,10:00p,,San Antonio Spurs,W,,122,102,21,31,W 3
2020,SAC,2020-02-10,8:00p,@,Milwaukee Bucks,L,,111,123,21,32,L 1
2020,SAC,2020-02-12,8:30p,@,Dallas Mavericks,L,,111,130,21,33,L 2
2020,SAC,2020-02-20,10:00p,,Memphis Grizzlies,W,,129,125,22,33,W 1
2020,SAC,2020-02-22,3:30p,@,Los Angeles Clippers,W,,112,103,23,33,W 2
2020,SAC,2020-02-25,10:30p,@,Golden State Warriors,W,,112,94,24,33,W 3
2020,SAC,2020-02-27,8:00p,@,Oklahoma City Thunder,L,,108,112,24,34,L 1
2020,SAC,2020-02-28,8:00p,@,Memphis Grizzlies,W,,104,101,25,34,W 1
2020,SAC,2020-03-01,6:00p,,Detroit Pistons,W,,106,100,26,34,W 2
2020,SAC,2020-03-03,10:00p,,Washington Wizards,W,,133,126,27,34,W 3
2020,SAC,2020-03-05,10:00p,,Philadelphia 76ers,L,,108,125,27,35,L 1
2020,SAC,2020-03-07,10:00p,@,Portland Trail Blazers,W,,123,111,28,35,W 1
2020,SAC,2020-03-08,9:00p,,Toronto Raptors,L,,113,118,28,36,L 1
2020,SAC,2020-07-31,8:00p,@,San Antonio Spurs,L,,120,129,28,37,L 2
2020,SAC,2020-08-02,6:00p,@,Orlando Magic,L,,116,132,28,38,L 3
2020,SAC,2020-08-04,2:30p,,Dallas Mavericks,L,OT,110,114,28,39,L 4
2020,SAC,2020-08-06,1:30p,,New Orleans Pelicans,W,,140,125,29,39,W 1
2020,SAC,2020-08-07,5:00p,@,Brooklyn Nets,L,,106,119,29,40,L 1
2020,SAC,2020-08-09,8:00p,,Houston Rockets,L,,112,129,29,41,L 2
2020,SAC,2020-08-11,9:00p,,New Orleans Pelicans,W,,112,106,30,41,W 1
2020,SAC,2020-08-13,1:30p,@,Los Angeles Lakers,W,,136,122,31,41,W 2
2020,SAS,2019-10-23,8:30p,,New York Knicks,W,,120,111,1,0,W 1
2020,SAS,2019-10-26,8:30p,,Washington Wizards,W,,124,122,2,0,W 2
2020,SAS,2019-10-28,8:30p,,Portland Trail Blazers,W,,113,110,3,0,W 3
2020,SAS,2019-10-31,10:30p,@,Los Angeles Clippers,L,,97,103,3,1,L 1
2020,SAS,2019-11-01,10:30p,@,Golden State Warriors,W,,127,110,4,1,W 1
2020,SAS,2019-11-03,7:00p,,Los Angeles Lakers,L,,96,103,4,2,L 1
2020,SAS,2019-11-05,7:30p,@,Atlanta Hawks,L,,100,108,4,3,L 2
2020,SAS,2019-11-07,8:30p,,Oklahoma City Thunder,W,,121,112,5,3,W 1
2020,SAS,2019-11-09,5:00p,,Boston Celtics,L,,115,135,5,4,L 1
2020,SAS,2019-11-11,7:30p,,Memphis Grizzlies,L,,109,113,5,5,L 2
2020,SAS,2019-11-13,8:00p,@,Minnesota Timberwolves,L,,114,129,5,6,L 3
2020,SAS,2019-11-15,7:00p,@,Orlando Magic,L,,109,111,5,7,L 4
2020,SAS,2019-11-16,8:30p,,Portland Trail Blazers,L,,116,121,5,8,L 5
2020,SAS,2019-11-18,8:30p,@,Dallas Mavericks,L,,110,117,5,9,L 6
2020,SAS,2019-11-20,7:00p,@,Washington Wizards,L,,132,138,5,10,L 7
2020,SAS,2019-11-22,8:00p,@,Philadelphia 76ers,L,,104,115,5,11,L 8
2020,SAS,2019-11-23,7:30p,@,New York Knicks,W,,111,104,6,11,W 1
2020,SAS,2019-11-25,8:30p,,Los Angeles Lakers,L,,104,114,6,12,L 1
2020,SAS,2019-11-27,8:30p,,Minnesota Timberwolves,L,,101,113,6,13,L 2
2020,SAS,2019-11-29,8:30p,,Los Angeles Clippers,W,,107,97,7,13,W 1
2020,SAS,2019-12-01,5:00p,@,Detroit Pistons,L,,98,132,7,14,L 1
2020,SAS,2019-12-03,8:30p,,Houston Rockets,W,2OT,135,133,8,14,W 1
2020,SAS,2019-12-06,8:30p,,Sacramento Kings,W,OT,105,104,9,14,W 2
2020,SAS,2019-12-12,8:30p,,Cleveland Cavaliers,L,OT,109,117,9,15,L 1
2020,SAS,2019-12-14,5:00p,@,Phoenix Suns,W,OT,121,119,10,15,W 1
2020,SAS,2019-12-16,8:00p,@,Houston Rockets,L,,107,109,10,16,L 1
2020,SAS,2019-12-19,8:30p,,Brooklyn Nets,W,,118,105,11,16,W 1
2020,SAS,2019-12-21,8:30p,,Los Angeles Clippers,L,,109,134,11,17,L 1
2020,SAS,2019-12-23,8:00p,@,Memphis Grizzlies,W,,145,115,12,17,W 1
2020,SAS,2019-12-26,8:00p,@,Dallas Mavericks,L,,98,102,12,18,L 1
2020,SAS,2019-12-28,8:30p,,Detroit Pistons,W,,136,109,13,18,W 1
2020,SAS,2019-12-31,7:00p,,Golden State Warriors,W,OT,117,113,14,18,W 2
2020,SAS,2020-01-02,8:30p,,Oklahoma City Thunder,L,,103,109,14,19,L 1
2020,SAS,2020-01-04,8:30p,@,Milwaukee Bucks,L,,118,127,14,20,L 2
2020,SAS,2020-01-06,8:30p,,Milwaukee Bucks,W,,126,104,15,20,W 1
2020,SAS,2020-01-08,7:00p,@,Boston Celtics,W,,129,114,16,20,W 2
2020,SAS,2020-01-10,8:00p,@,Memphis Grizzlies,L,,121,134,16,21,L 1
2020,SAS,2020-01-12,6:00p,@,Toronto Raptors,W,,105,104,17,21,W 1
2020,SAS,2020-01-15,7:30p,@,Miami Heat,L,,100,106,17,22,L 1
2020,SAS,2020-01-17,8:30p,,Atlanta Hawks,L,,120,121,17,23,L 2
2020,SAS,2020-01-19,3:00p,,Miami Heat,W,,107,102,18,23,W 1
2020,SAS,2020-01-20,9:00p,@,Phoenix Suns,W,,120,118,19,23,W 2
2020,SAS,2020-01-22,9:30p,@,New Orleans Pelicans,W,,121,117,20,23,W 3
2020,SAS,2020-01-24,8:30p,,Phoenix Suns,L,,99,103,20,24,L 1
2020,SAS,2020-01-26,4:00p,,Toronto Raptors,L,,106,110,20,25,L 2
2020,SAS,2020-01-27,8:00p,@,Chicago Bulls,L,,109,110,20,26,L 3
2020,SAS,2020-01-29,8:30p,,Utah Jazz,W,,127,120,21,26,W 1
2020,SAS,2020-02-01,9:00p,,Charlotte Hornets,W,,114,90,22,26,W 2
2020,SAS,2020-02-03,10:30p,@,Los Angeles Clippers,L,,105,108,22,27,L 1
2020,SAS,2020-02-04,10:00p,@,Los Angeles Lakers,L,,102,129,22,28,L 2
2020,SAS,2020-02-06,10:00p,@,Portland Trail Blazers,L,,117,125,22,29,L 3
2020,SAS,2020-02-08,10:00p,@,Sacramento Kings,L,,102,122,22,30,L 4
2020,SAS,2020-02-10,9:00p,@,Denver Nuggets,L,,120,127,22,31,L 5
2020,SAS,2020-02-11,8:00p,@,Oklahoma City Thunder,W,,114,106,23,31,W 1
2020,SAS,2020-02-21,9:00p,@,Utah Jazz,W,,113,104,24,31,W 2
2020,SAS,2020-02-23,7:00p,@,Oklahoma City Thunder,L,,103,131,24,32,L 1
2020,SAS,2020-02-26,8:30p,,Dallas Mavericks,L,,103,109,24,33,L 2
2020,SAS,2020-02-29,8:30p,,Orlando Magic,W,,114,113,25,33,W 1
2020,SAS,2020-03-02,8:30p,,Indiana Pacers,L,,111,116,25,34,L 1
2020,SAS,2020-03-03,7:00p,@,Charlotte Hornets,W,,104,103,26,34,W 1
2020,SAS,2020-03-06,7:30p,@,Brooklyn Nets,L,,120,139,26,35,L 1
2020,SAS,2020-03-08,7:30p,@,Cleveland Cavaliers,L,OT,129,132,26,36,L 2
2020,SAS,2020-03-10,8:00p,,Dallas Mavericks,W,,119,109,27,36,W 1
2020,SAS,2020-07-31,8:00p,,Sacramento Kings,W,,129,120,28,36,W 2
2020,SAS,2020-08-02,4:00p,@,Memphis Grizzlies,W,,108,106,29,36,W 3
2020,SAS,2020-08-03,8:00p,@,Philadelphia 76ers,L,,130,132,29,37,L 1
2020,SAS,2020-08-05,4:00p,,Denver Nuggets,L,,126,132,29,38,L 2
2020,SAS,2020-08-07,1:00p,,Utah Jazz,W,,119,111,30,38,W 1
2020,SAS,2020-08-09,3:00p,@,New Orleans Pelicans,W,,122,113,31,38,W 2
2020,SAS,2020-08-11,2:00p,,Houston Rockets,W,,123,105,32,38,W 3
2020,SAS,2020-08-13,6:30p,@,Utah Jazz,L,,112,118,32,39,L 1
2020,TOR,2019-10-22,8:00p,,New Orleans Pelicans,W,OT,130,122,1,0,W 1
2020,TOR,2019-10-25,7:00p,@,Boston Celtics,L,,106,112,1,1,L 1
2020,TOR,2019-10-26,8:00p,@,Chicago Bulls,W,,108,84,2,1,W 1
2020,TOR,2019-10-28,7:30p,,Orlando Magic,W,,104,95,3,1,W 2
2020,TOR,2019-10-30,7:30p,,Detroit Pistons,W,,125,113,4,1,W 3
2020,TOR,2019-11-02,8:00p,@,Milwaukee Bucks,L,,105,115,4,2,L 1
2020,TOR,2019-11-06,7:30p,,Sacramento Kings,W,,124,120,5,2,W 1
2020,TOR,2019-11-08,8:00p,@,New Orleans Pelicans,W,,122,104,6,2,W 2
2020,TOR,2019-11-10,9:30p,@,Los Angeles Lakers,W,,113,104,7,2,W 3
2020,TOR,2019-11-11,10:30p,@,Los Angeles Clippers,L,,88,98,7,3,L 1
2020,TOR,2019-11-13,10:00p,@,Portland Trail Blazers,W,,114,106,8,3,W 1
2020,TOR,2019-11-16,8:30p,@,Dallas Mavericks,L,,102,110,8,4,L 1
2020,TOR,2019-11-18,7:30p,,Charlotte Hornets,W,,132,96,9,4,W 1
2020,TOR,2019-11-20,7:30p,,Orlando Magic,W,,113,97,10,4,W 2
2020,TOR,2019-11-23,7:30p,@,Atlanta Hawks,W,,119,116,11,4,W 3
2020,TOR,2019-11-25,7:30p,,Philadelphia 76ers,W,,101,96,12,4,W 4
2020,TOR,2019-11-27,7:30p,,New York Knicks,W,,126,98,13,4,W 5
2020,TOR,2019-11-29,7:00p,@,Orlando Magic,W,,90,83,14,4,W 6
2020,TOR,2019-12-01,6:00p,,Utah Jazz,W,,130,110,15,4,W 7
2020,TOR,2019-12-03,7:30p,,Miami Heat,L,OT,110,121,15,5,L 1
2020,TOR,2019-12-05,7:30p,,Houston Rockets,L,,109,119,15,6,L 2
2020,TOR,2019-12-08,6:00p,@,Philadelphia 76ers,L,,104,110,15,7,L 3
2020,TOR,2019-12-09,8:00p,@,Chicago Bulls,W,,93,92,16,7,W 1
2020,TOR,2019-12-11,7:00p,,Los Angeles Clippers,L,,92,112,16,8,L 1
2020,TOR,2019-12-14,7:30p,,Brooklyn Nets,W,,110,102,17,8,W 1
2020,TOR,2019-12-16,7:30p,,Cleveland Cavaliers,W,,133,113,18,8,W 2
2020,TOR,2019-12-18,7:00p,@,Detroit Pistons,W,,112,99,19,8,W 3
2020,TOR,2019-12-20,7:30p,,Washington Wizards,W,,122,118,20,8,W 4
2020,TOR,2019-12-22,3:30p,,Dallas Mavericks,W,,110,107,21,8,W 5
2020,TOR,2019-12-23,7:00p,@,Indiana Pacers,L,OT,115,120,21,9,L 1
2020,TOR,2019-12-25,12:00p,,Boston Celtics,L,,102,118,21,10,L 2
2020,TOR,2019-12-28,7:00p,@,Boston Celtics,W,,113,97,22,10,W 1
2020,TOR,2019-12-29,6:00p,,Oklahoma City Thunder,L,,97,98,22,11,L 1
2020,TOR,2019-12-31,7:00p,,Cleveland Cavaliers,W,,117,97,23,11,W 1
2020,TOR,2020-01-02,7:30p,@,Miami Heat,L,,76,84,23,12,L 1
2020,TOR,2020-01-04,6:00p,@,Brooklyn Nets,W,,121,102,24,12,W 1
2020,TOR,2020-01-07,7:00p,,Portland Trail Blazers,L,,99,101,24,13,L 1
2020,TOR,2020-01-08,7:00p,@,Charlotte Hornets,W,OT,112,110,25,13,W 1
2020,TOR,2020-01-12,6:00p,,San Antonio Spurs,L,,104,105,25,14,L 1
2020,TOR,2020-01-15,8:00p,@,Oklahoma City Thunder,W,,130,121,26,14,W 1
2020,TOR,2020-01-17,7:00p,,Washington Wizards,W,,140,111,27,14,W 2
2020,TOR,2020-01-18,8:00p,@,Minnesota Timberwolves,W,,122,112,28,14,W 3
2020,TOR,2020-01-20,2:30p,@,Atlanta Hawks,W,,122,117,29,14,W 4
2020,TOR,2020-01-22,7:00p,,Philadelphia 76ers,W,,107,95,30,14,W 5
2020,TOR,2020-01-24,7:30p,@,New York Knicks,W,,118,112,31,14,W 6
2020,TOR,2020-01-26,4:00p,@,San Antonio Spurs,W,,110,106,32,14,W 7
2020,TOR,2020-01-28,7:30p,,Atlanta Hawks,W,,130,114,33,14,W 8
2020,TOR,2020-01-30,7:00p,@,Cleveland Cavaliers,W,,115,109,34,14,W 9
2020,TOR,2020-01-31,7:00p,@,Detroit Pistons,W,,105,92,35,14,W 10
2020,TOR,2020-02-02,3:00p,,Chicago Bulls,W,,129,102,36,14,W 11
2020,TOR,2020-02-05,7:30p,,Indiana Pacers,W,,119,118,37,14,W 12
2020,TOR,2020-02-07,8:00p,@,Indiana Pacers,W,,115,106,38,14,W 13
2020,TOR,2020-02-08,7:30p,,Brooklyn Nets,W,,119,118,39,14,W 14
2020,TOR,2020-02-10,7:30p,,Minnesota Timberwolves,W,,137,126,40,14,W 15
2020,TOR,2020-02-12,7:30p,@,Brooklyn Nets,L,,91,101,40,15,L 1
2020,TOR,2020-02-21,7:30p,,Phoenix Suns,W,,118,101,41,15,W 1
2020,TOR,2020-02-23,6:00p,,Indiana Pacers,W,,127,81,42,15,W 2
2020,TOR,2020-02-25,7:30p,,Milwaukee Bucks,L,,97,108,42,16,L 1
2020,TOR,2020-02-28,7:30p,,Charlotte Hornets,L,,96,99,42,17,L 2
2020,TOR,2020-03-01,6:00p,@,Denver Nuggets,L,,118,133,42,18,L 3
2020,TOR,2020-03-03,9:00p,@,Phoenix Suns,W,,123,114,43,18,W 1
2020,TOR,2020-03-05,10:30p,@,Golden State Warriors,W,,121,113,44,18,W 2
2020,TOR,2020-03-08,9:00p,@,Sacramento Kings,W,,118,113,45,18,W 3
2020,TOR,2020-03-09,9:00p,@,Utah Jazz,W,,101,92,46,18,W 4
2020,TOR,2020-08-01,8:30p,,Los Angeles Lakers,W,,107,92,47,18,W 5
2020,TOR,2020-08-03,1:30p,@,Miami Heat,W,,107,103,48,18,W 6
2020,TOR,2020-08-05,8:00p,@,Orlando Magic,W,,109,99,49,18,W 7
2020,TOR,2020-08-07,9:00p,,Boston Celtics,L,,100,122,49,19,L 1
2020,TOR,2020-08-09,2:00p,,Memphis Grizzlies,W,,108,99,50,19,W 1
2020,TOR,2020-08-10,6:30p,@,Milwaukee Bucks,W,,114,106,51,19,W 2
2020,TOR,2020-08-12,6:30p,@,Philadelphia 76ers,W,,125,121,52,19,W 3
2020,TOR,2020-08-14,1:30p,,Denver Nuggets,W,,117,109,53,19,W 4
2020,TOR,2020-08-17,4:00p,,Brooklyn Nets,W,,134,110,1,0,W 1
2020,TOR,2020-08-19,1:30p,,Brooklyn Nets,W,,104,99,2,0,W 2
2020,TOR,2020-08-21,1:30p,@,Brooklyn Nets,W,,117,92,3,0,W 3
2020,TOR,2020-08-23,6:30p,@,Brooklyn Nets,W,,150,122,4,0,W 4
2020,TOR,2020-08-30,1:00p,,Boston Celtics,L,,94,112,4,1,L 1
2020,TOR,2020-09-01,5:30p,,Boston Celtics,L,,99,102,4,2,L 2
2020,TOR,2020-09-03,6:30p,@,Boston Celtics,W,,104,103,5,2,W 1
2020,TOR,2020-09-05,6:30p,@,Boston Celtics,W,,100,93,6,2,W 2
2020,TOR,2020-09-07,6:30p,,Boston Celtics,L,,89,111,6,3,L 1
2020,TOR,2020-09-09,6:30p,@,Boston Celtics,W,2OT,125,122,7,3,W 1
2020,TOR,2020-09-11,9:00p,,Boston Celtics,L,,87,92,7,4,L 1
2020,UTA,2019-10-23,9:00p,,Oklahoma City Thunder,W,,100,95,1,0,W 1
2020,UTA,2019-10-25,10:30p,@,Los Angeles Lakers,L,,86,95,1,1,L 1
2020,UTA,2019-10-26,9:00p,,Sacramento Kings,W,,113,81,2,1,W 1
2020,UTA,2019-10-28,10:00p,@,Phoenix Suns,W,,96,95,3,1,W 2
2020,UTA,2019-10-30,10:00p,,Los Angeles Clippers,W,,110,96,4,1,W 3
2020,UTA,2019-11-01,10:00p,@,Sacramento Kings,L,,101,102,4,2,L 1
2020,UTA,2019-11-03,9:00p,@,Los Angeles Clippers,L,,94,105,4,3,L 2
2020,UTA,2019-11-06,9:00p,,Philadelphia 76ers,W,,106,104,5,3,W 1
2020,UTA,2019-11-08,9:00p,,Milwaukee Bucks,W,,103,100,6,3,W 2
2020,UTA,2019-11-11,10:30p,@,Golden State Warriors,W,,122,108,7,3,W 3
2020,UTA,2019-11-12,9:00p,,Brooklyn Nets,W,,119,114,8,3,W 4
2020,UTA,2019-11-15,8:00p,@,Memphis Grizzlies,L,,106,107,8,4,L 1
2020,UTA,2019-11-18,9:00p,,Minnesota Timberwolves,L,,102,112,8,5,L 2
2020,UTA,2019-11-20,8:00p,@,Minnesota Timberwolves,W,,103,95,9,5,W 1
2020,UTA,2019-11-22,9:00p,,Golden State Warriors,W,,113,109,10,5,W 2
2020,UTA,2019-11-23,9:00p,,New Orleans Pelicans,W,,128,120,11,5,W 3
2020,UTA,2019-11-25,8:00p,@,Milwaukee Bucks,L,,118,122,11,6,L 1
2020,UTA,2019-11-27,7:00p,@,Indiana Pacers,L,,102,121,11,7,L 2
2020,UTA,2019-11-29,8:00p,@,Memphis Grizzlies,W,,103,94,12,7,W 1
2020,UTA,2019-12-01,6:00p,@,Toronto Raptors,L,,110,130,12,8,L 1
2020,UTA,2019-12-02,7:00p,@,Philadelphia 76ers,L,,94,103,12,9,L 2
2020,UTA,2019-12-04,9:00p,,Los Angeles Lakers,L,,96,121,12,10,L 3
2020,UTA,2019-12-07,10:00p,,Memphis Grizzlies,W,,126,112,13,10,W 1
2020,UTA,2019-12-09,9:00p,,Oklahoma City Thunder,L,,90,104,13,11,L 1
2020,UTA,2019-12-11,8:00p,@,Minnesota Timberwolves,W,,127,116,14,11,W 1
2020,UTA,2019-12-13,9:00p,,Golden State Warriors,W,,114,106,15,11,W 2
2020,UTA,2019-12-17,9:00p,,Orlando Magic,W,,109,102,16,11,W 3
2020,UTA,2019-12-19,7:30p,@,Atlanta Hawks,W,,111,106,17,11,W 4
2020,UTA,2019-12-21,5:00p,@,Charlotte Hornets,W,,114,107,18,11,W 5
2020,UTA,2019-12-23,7:30p,@,Miami Heat,L,,104,107,18,12,L 1
2020,UTA,2019-12-26,10:30p,,Portland Trail Blazers,W,,121,115,19,12,W 1
2020,UTA,2019-12-28,10:30p,@,Los Angeles Clippers,W,,120,107,20,12,W 2
2020,UTA,2019-12-30,9:00p,,Detroit Pistons,W,,104,81,21,12,W 3
2020,UTA,2020-01-02,8:00p,@,Chicago Bulls,W,,102,98,22,12,W 4
2020,UTA,2020-01-04,7:00p,@,Orlando Magic,W,,109,96,23,12,W 5
2020,UTA,2020-01-06,8:00p,@,New Orleans Pelicans,W,,128,126,24,12,W 6
2020,UTA,2020-01-08,9:00p,,New York Knicks,W,,128,104,25,12,W 7
2020,UTA,2020-01-10,9:00p,,Charlotte Hornets,W,,109,92,26,12,W 8
2020,UTA,2020-01-12,3:30p,@,Washington Wizards,W,,127,116,27,12,W 9
2020,UTA,2020-01-14,7:30p,@,Brooklyn Nets,W,,118,107,28,12,W 10
2020,UTA,2020-01-16,8:00p,@,New Orleans Pelicans,L,OT,132,138,28,13,L 1
2020,UTA,2020-01-18,9:00p,,Sacramento Kings,W,,123,101,29,13,W 1
2020,UTA,2020-01-20,9:00p,,Indiana Pacers,W,,118,88,30,13,W 2
2020,UTA,2020-01-22,10:00p,@,Golden State Warriors,W,,129,96,31,13,W 3
2020,UTA,2020-01-25,5:00p,,Dallas Mavericks,W,,112,107,32,13,W 4
2020,UTA,2020-01-27,9:00p,,Houston Rockets,L,,117,126,32,14,L 1
2020,UTA,2020-01-29,8:30p,@,San Antonio Spurs,L,,120,127,32,15,L 2
2020,UTA,2020-01-30,10:30p,@,Denver Nuggets,L,,100,106,32,16,L 3
2020,UTA,2020-02-01,10:30p,@,Portland Trail Blazers,L,,107,124,32,17,L 4
2020,UTA,2020-02-05,9:00p,,Denver Nuggets,L,,95,98,32,18,L 5
2020,UTA,2020-02-07,10:30p,,Portland Trail Blazers,W,,117,114,33,18,W 1
2020,UTA,2020-02-09,7:00p,@,Houston Rockets,W,,114,113,34,18,W 2
2020,UTA,2020-02-10,8:30p,@,Dallas Mavericks,W,,123,119,35,18,W 3
2020,UTA,2020-02-12,9:00p,,Miami Heat,W,,116,101,36,18,W 4
2020,UTA,2020-02-21,9:00p,,San Antonio Spurs,L,,104,113,36,19,L 1
2020,UTA,2020-02-22,9:00p,,Houston Rockets,L,,110,120,36,20,L 2
2020,UTA,2020-02-24,9:00p,,Phoenix Suns,L,,111,131,36,21,L 3
2020,UTA,2020-02-26,10:30p,,Boston Celtics,L,,103,114,36,22,L 4
2020,UTA,2020-02-28,9:00p,,Washington Wizards,W,,129,119,37,22,W 1
2020,UTA,2020-03-02,7:00p,@,Cleveland Cavaliers,W,,126,113,38,22,W 2
2020,UTA,2020-03-04,7:30p,@,New York Knicks,W,,112,104,39,22,W 3
2020,UTA,2020-03-06,8:00p,@,Boston Celtics,W,,99,94,40,22,W 4
2020,UTA,2020-03-07,7:00p,@,Detroit Pistons,W,,111,105,41,22,W 5
2020,UTA,2020-03-09,9:00p,,Toronto Raptors,L,,92,101,41,23,L 1
2020,UTA,2020-07-30,6:30p,@,New Orleans Pelicans,W,,106,104,42,23,W 1
2020,UTA,2020-08-01,3:30p,@,Oklahoma City Thunder,L,,94,110,42,24,L 1
2020,UTA,2020-08-03,9:00p,,Los Angeles Lakers,L,,108,116,42,25,L 2
2020,UTA,2020-08-05,2:30p,,Memphis Grizzlies,W,,124,115,43,25,W 1
2020,UTA,2020-08-07,1:00p,@,San Antonio Spurs,L,,111,119,43,26,L 1
2020,UTA,2020-08-08,3:30p,@,Denver Nuggets,L,2OT,132,134,43,27,L 2
2020,UTA,2020-08-10,3:00p,,Dallas Mavericks,L,,114,122,43,28,L 3
2020,UTA,2020-08-13,6:30p,,San Antonio Spurs,W,,118,112,44,28,W 1
2020,UTA,2020-08-17,1:30p,@,Denver Nuggets,L,OT,125,135,0,1,L 1
2020,UTA,2020-08-19,4:00p,@,Denver Nuggets,W,,124,105,1,1,W 1
2020,UTA,2020-08-21,4:00p,,Denver Nuggets,W,,124,87,2,1,W 2
2020,UTA,2020-08-23,9:00p,,Denver Nuggets,W,,129,127,3,1,W 3
2020,UTA,2020-08-25,6:30p,@,Denver Nuggets,L,,107,117,3,2,L 1
2020,UTA,2020-08-30,8:30p,,Denver Nuggets,L,,107,119,3,3,L 2
2020,UTA,2020-09-01,8:30p,@,Denver Nuggets,L,,78,80,3,4,L 3
2020,WAS,2019-10-23,8:30p,@,Dallas Mavericks,L,,100,108,0,1,L 1
2020,WAS,2019-10-25,8:00p,@,Oklahoma City Thunder,W,,97,85,1,1,W 1
2020,WAS,2019-10-26,8:30p,@,San Antonio Spurs,L,,122,124,1,2,L 1
2020,WAS,2019-10-30,8:00p,,Houston Rockets,L,,158,159,1,3,L 2
2020,WAS,2019-11-02,8:00p,,Minnesota Timberwolves,L,,109,131,1,4,L 3
2020,WAS,2019-11-04,7:00p,,Detroit Pistons,W,,115,99,2,4,W 1
2020,WAS,2019-11-06,7:00p,@,Indiana Pacers,L,,106,121,2,5,L 1
2020,WAS,2019-11-08,7:00p,,Cleveland Cavaliers,L,,100,113,2,6,L 2
2020,WAS,2019-11-13,7:30p,@,Boston Celtics,L,,133,140,2,7,L 3
2020,WAS,2019-11-15,8:00p,@,Minnesota Timberwolves,W,,137,116,3,7,W 1
2020,WAS,2019-11-17,6:00p,@,Orlando Magic,L,,121,125,3,8,L 1
2020,WAS,2019-11-20,7:00p,,San Antonio Spurs,W,,138,132,4,8,W 1
2020,WAS,2019-11-22,7:00p,,Charlotte Hornets,W,,125,118,5,8,W 2
2020,WAS,2019-11-24,6:00p,,Sacramento Kings,L,,106,113,5,9,L 1
2020,WAS,2019-11-26,9:00p,@,Denver Nuggets,L,,104,117,5,10,L 2
2020,WAS,2019-11-27,9:00p,@,Phoenix Suns,W,,140,132,6,10,W 1
2020,WAS,2019-11-29,10:30p,@,Los Angeles Lakers,L,,103,125,6,11,L 1
2020,WAS,2019-12-01,10:30p,@,Los Angeles Clippers,L,,125,150,6,12,L 2
2020,WAS,2019-12-03,7:00p,,Orlando Magic,L,,120,127,6,13,L 3
2020,WAS,2019-12-05,7:00p,,Philadelphia 76ers,W,,119,113,7,13,W 1
2020,WAS,2019-12-06,8:00p,@,Miami Heat,L,,103,112,7,14,L 1
2020,WAS,2019-12-08,6:00p,,Los Angeles Clippers,L,,119,135,7,15,L 2
2020,WAS,2019-12-10,7:00p,@,Charlotte Hornets,L,,107,114,7,16,L 3
2020,WAS,2019-12-14,8:00p,@,Memphis Grizzlies,L,,111,128,7,17,L 4
2020,WAS,2019-12-16,7:00p,@,Detroit Pistons,W,,133,119,8,17,W 1
2020,WAS,2019-12-18,7:00p,,Chicago Bulls,L,OT,109,110,8,18,L 1
2020,WAS,2019-12-20,7:30p,@,Toronto Raptors,L,,118,122,8,19,L 2
2020,WAS,2019-12-21,7:00p,@,Philadelphia 76ers,L,,108,125,8,20,L 3
2020,WAS,2019-12-23,7:00p,@,New York Knicks,W,,121,115,9,20,W 1
2020,WAS,2019-12-26,7:00p,@,Detroit Pistons,L,,102,132,9,21,L 1
2020,WAS,2019-12-28,8:00p,,New York Knicks,L,,100,107,9,22,L 2
2020,WAS,2019-12-30,7:00p,,Miami Heat,W,,123,105,10,22,W 1
2020,WAS,2020-01-01,6:00p,,Orlando Magic,L,,101,122,10,23,L 1
2020,WAS,2020-01-03,7:00p,,Portland Trail Blazers,L,,103,122,10,24,L 2
2020,WAS,2020-01-04,8:00p,,Denver Nuggets,W,,128,114,11,24,W 1
2020,WAS,2020-01-06,7:00p,,Boston Celtics,W,,99,94,12,24,W 2
2020,WAS,2020-01-08,7:00p,@,Orlando Magic,L,,89,123,12,25,L 1
2020,WAS,2020-01-10,7:00p,,Atlanta Hawks,W,,111,101,13,25,W 1
2020,WAS,2020-01-12,3:30p,,Utah Jazz,L,,116,127,13,26,L 1
2020,WAS,2020-01-15,8:00p,@,Chicago Bulls,L,,106,115,13,27,L 2
2020,WAS,2020-01-17,7:00p,@,Toronto Raptors,L,,111,140,13,28,L 3
2020,WAS,2020-01-20,2:00p,,Detroit Pistons,W,,106,100,14,28,W 1
2020,WAS,2020-01-22,7:30p,@,Miami Heat,L,OT,129,134,14,29,L 1
2020,WAS,2020-01-23,7:00p,@,Cleveland Cavaliers,W,,124,112,15,29,W 1
2020,WAS,2020-01-26,6:00p,@,Atlanta Hawks,L,,133,152,15,30,L 1
2020,WAS,2020-01-28,8:00p,@,Milwaukee Bucks,L,,131,151,15,31,L 2
2020,WAS,2020-01-30,7:00p,,Charlotte Hornets,W,,121,107,16,31,W 1
2020,WAS,2020-02-01,8:00p,,Brooklyn Nets,W,,113,107,17,31,W 2
2020,WAS,2020-02-03,7:00p,,Golden State Warriors,L,,117,125,17,32,L 1
2020,WAS,2020-02-07,7:00p,,Dallas Mavericks,W,,119,118,18,32,W 1
2020,WAS,2020-02-09,6:00p,,Memphis Grizzlies,L,,99,106,18,33,L 1
2020,WAS,2020-02-11,7:00p,,Chicago Bulls,W,,126,114,19,33,W 1
2020,WAS,2020-02-12,7:30p,@,New York Knicks,W,,114,96,20,33,W 2
2020,WAS,2020-02-21,7:00p,,Cleveland Cavaliers,L,,108,113,20,34,L 1
2020,WAS,2020-02-23,7:00p,@,Chicago Bulls,L,,117,126,20,35,L 2
2020,WAS,2020-02-24,7:00p,,Milwaukee Bucks,L,OT,134,137,20,36,L 3
2020,WAS,2020-02-26,7:00p,,Brooklyn Nets,W,,110,106,21,36,W 1
2020,WAS,2020-02-28,9:00p,@,Utah Jazz,L,,119,129,21,37,L 1
2020,WAS,2020-03-01,8:30p,@,Golden State Warriors,W,,124,110,22,37,W 1
2020,WAS,2020-03-03,10:00p,@,Sacramento Kings,L,,126,133,22,38,L 1
2020,WAS,2020-03-04,10:00p,@,Portland Trail Blazers,L,,104,125,22,39,L 2
2020,WAS,2020-03-06,7:00p,,Atlanta Hawks,W,,118,112,23,39,W 1
2020,WAS,2020-03-08,7:00p,,Miami Heat,L,,89,100,23,40,L 1
2020,WAS,2020-03-10,7:00p,,New York Knicks,W,,122,115,24,40,W 1
2020,WAS,2020-07-31,4:00p,,Phoenix Suns,L,,112,125,24,41,L 1
2020,WAS,2020-08-02,2:00p,@,Brooklyn Nets,L,,110,118,24,42,L 2
2020,WAS,2020-08-03,4:00p,,Indiana Pacers,L,,100,111,24,43,L 3
2020,WAS,2020-08-05,4:00p,,Philadelphia 76ers,L,,98,107,24,44,L 4
2020,WAS,2020-08-07,8:00p,@,New Orleans Pelicans,L,,107,118,24,45,L 5
2020,WAS,2020-08-09,12:30p,@,Oklahoma City Thunder,L,,103,121,24,46,L 6
2020,WAS,2020-08-11,9:00p,,Milwaukee Bucks,L,,113,126,24,47,L 7
2020,WAS,2020-08-13,12:00p,@,Boston Celtics,W,,96,90,25,47,W 1
2021,ATL,2020-12-23,8:00p,@,Chicago Bulls,W,,124,104,1,0,W 1
2021,ATL,2020-12-26,5:00p,@,Memphis Grizzlies,W,,122,112,2,0,W 2
2021,ATL,2020-12-28,7:30p,,Detroit Pistons,W,,128,120,3,0,W 3
2021,ATL,2020-12-30,7:30p,@,Brooklyn Nets,L,,141,145,3,1,L 1
2021,ATL,2021-01-01,7:30p,@,Brooklyn Nets,W,,114,96,4,1,W 1
2021,ATL,2021-01-02,7:30p,,Cleveland Cavaliers,L,,91,96,4,2,L 1
2021,ATL,2021-01-04,7:30p,,New York Knicks,L,,108,113,4,3,L 2
2021,ATL,2021-01-06,7:30p,,Charlotte Hornets,L,,94,102,4,4,L 3
2021,ATL,2021-01-09,7:00p,@,Charlotte Hornets,L,,105,113,4,5,L 4
2021,ATL,2021-01-11,7:30p,,Philadelphia 76ers,W,,112,94,5,5,W 1
2021,ATL,2021-01-15,9:00p,@,Utah Jazz,L,,92,116,5,6,L 1
2021,ATL,2021-01-16,10:00p,@,Portland Trail Blazers,L,,106,112,5,7,L 2
2021,ATL,2021-01-18,2:30p,,Minnesota Timberwolves,W,,108,97,6,7,W 1
2021,ATL,2021-01-20,7:30p,,Detroit Pistons,W,OT,123,115,7,7,W 2
2021,ATL,2021-01-22,8:00p,@,Minnesota Timberwolves,W,,116,98,8,7,W 3
2021,ATL,2021-01-24,8:00p,@,Milwaukee Bucks,L,,115,129,8,8,L 1
2021,ATL,2021-01-26,7:30p,,Los Angeles Clippers,W,,108,99,9,8,W 1
2021,ATL,2021-01-27,7:30p,,Brooklyn Nets,L,OT,128,132,9,9,L 1
2021,ATL,2021-01-29,7:00p,@,Washington Wizards,W,,116,100,10,9,W 1
2021,ATL,2021-02-01,7:30p,,Los Angeles Lakers,L,,99,107,10,10,L 1
2021,ATL,2021-02-03,7:30p,,Dallas Mavericks,L,,116,122,10,11,L 2
2021,ATL,2021-02-04,7:30p,,Utah Jazz,L,,91,112,10,12,L 3
2021,ATL,2021-02-06,8:00p,,Toronto Raptors,W,,132,121,11,12,W 1
2021,ATL,2021-02-10,7:30p,@,Dallas Mavericks,L,,117,118,11,13,L 1
2021,ATL,2021-02-12,7:30p,,San Antonio Spurs,L,,114,125,11,14,L 2
2021,ATL,2021-02-13,7:30p,,Indiana Pacers,L,,113,125,11,15,L 3
2021,ATL,2021-02-15,7:30p,@,New York Knicks,L,,112,123,11,16,L 4
2021,ATL,2021-02-17,7:30p,@,Boston Celtics,W,,122,114,12,16,W 1
2021,ATL,2021-02-19,7:30p,@,Boston Celtics,L,,109,121,12,17,L 1
2021,ATL,2021-02-21,7:30p,,Denver Nuggets,W,,123,115,13,17,W 1
2021,ATL,2021-02-23,7:00p,@,Cleveland Cavaliers,L,,111,112,13,18,L 1
2021,ATL,2021-02-24,7:30p,,Boston Celtics,W,,127,112,14,18,W 1
2021,ATL,2021-02-26,8:00p,@,Oklahoma City Thunder,L,,109,118,14,19,L 1
2021,ATL,2021-02-28,8:00p,@,Miami Heat,L,,99,109,14,20,L 2
2021,ATL,2021-03-02,7:30p,@,Miami Heat,W,,94,80,15,20,W 1
2021,ATL,2021-03-03,8:00p,@,Orlando Magic,W,,115,112,16,20,W 2
2021,ATL,2021-03-11,7:30p,@,Toronto Raptors,W,,121,120,17,20,W 3
2021,ATL,2021-03-13,7:30p,,Sacramento Kings,W,,121,106,18,20,W 4
2021,ATL,2021-03-14,7:30p,,Cleveland Cavaliers,W,,100,82,19,20,W 5
2021,ATL,2021-03-16,8:00p,@,Houston Rockets,W,,119,107,20,20,W 6
2021,ATL,2021-03-18,7:30p,,Oklahoma City Thunder,W,,116,93,21,20,W 7
2021,ATL,2021-03-20,3:30p,@,Los Angeles Lakers,W,,99,94,22,20,W 8
2021,ATL,2021-03-22,10:00p,@,Los Angeles Clippers,L,,110,119,22,21,L 1
2021,ATL,2021-03-24,10:00p,@,Sacramento Kings,L,,108,110,22,22,L 2
2021,ATL,2021-03-26,10:00p,@,Golden State Warriors,W,,124,108,23,22,W 1
2021,ATL,2021-03-28,9:00p,@,Denver Nuggets,L,,102,126,23,23,L 1
2021,ATL,2021-03-30,10:00p,@,Phoenix Suns,L,,110,117,23,24,L 2
2021,ATL,2021-04-01,8:30p,@,San Antonio Spurs,W,2OT,134,129,24,24,W 1
2021,ATL,2021-04-02,9:00p,@,New Orleans Pelicans,W,,126,103,25,24,W 2
2021,ATL,2021-04-04,7:30p,,Golden State Warriors,W,,117,111,26,24,W 3
2021,ATL,2021-04-06,7:30p,,New Orleans Pelicans,W,,123,107,27,24,W 4
2021,ATL,2021-04-07,8:00p,,Memphis Grizzlies,L,,113,131,27,25,L 1
2021,ATL,2021-04-09,8:00p,,Chicago Bulls,W,,120,108,28,25,W 1
2021,ATL,2021-04-11,1:00p,@,Charlotte Hornets,W,,105,101,29,25,W 2
2021,ATL,2021-04-13,7:30p,@,Toronto Raptors,W,,108,103,30,25,W 3
2021,ATL,2021-04-15,7:30p,,Milwaukee Bucks,L,,109,120,30,26,L 1
2021,ATL,2021-04-18,1:00p,,Indiana Pacers,W,,129,117,31,26,W 1
2021,ATL,2021-04-20,7:30p,,Orlando Magic,W,,112,96,32,26,W 2
2021,ATL,2021-04-21,8:00p,@,New York Knicks,L,OT,127,137,32,27,L 1
2021,ATL,2021-04-23,7:30p,,Miami Heat,W,,118,103,33,27,W 1
2021,ATL,2021-04-25,7:30p,,Milwaukee Bucks,W,,111,104,34,27,W 2
2021,ATL,2021-04-26,7:00p,@,Detroit Pistons,L,,86,100,34,28,L 1
2021,ATL,2021-04-28,7:00p,@,Philadelphia 76ers,L,,83,127,34,29,L 2
2021,ATL,2021-04-30,7:00p,@,Philadelphia 76ers,L,,104,126,34,30,L 3
2021,ATL,2021-05-01,8:00p,,Chicago Bulls,W,,108,97,35,30,W 1
2021,ATL,2021-05-03,8:00p,,Portland Trail Blazers,W,,123,114,36,30,W 2
2021,ATL,2021-05-05,8:00p,,Phoenix Suns,W,,135,103,37,30,W 3
2021,ATL,2021-05-06,8:00p,@,Indiana Pacers,L,,126,133,37,31,L 1
2021,ATL,2021-05-10,7:30p,,Washington Wizards,W,,125,124,38,31,W 1
2021,ATL,2021-05-12,7:00p,,Washington Wizards,W,,120,116,39,31,W 2
2021,ATL,2021-05-13,7:30p,,Orlando Magic,W,,116,93,40,31,W 3
2021,ATL,2021-05-16,7:00p,,Houston Rockets,W,,124,95,41,31,W 4
2021,ATL,2021-05-23,7:00p,@,New York Knicks,W,,107,105,1,0,W 1
2021,ATL,2021-05-26,7:30p,@,New York Knicks,L,,92,101,1,1,L 1
2021,ATL,2021-05-28,7:00p,,New York Knicks,W,,105,94,2,1,W 1
2021,ATL,2021-05-30,1:00p,,New York Knicks,W,,113,96,3,1,W 2
2021,ATL,2021-06-02,7:30p,@,New York Knicks,W,,103,89,4,1,W 3
2021,ATL,2021-06-06,1:00p,@,Philadelphia 76ers,W,,128,124,5,1,W 4
2021,ATL,2021-06-08,7:30p,@,Philadelphia 76ers,L,,102,118,5,2,L 1
2021,ATL,2021-06-11,7:30p,,Philadelphia 76ers,L,,111,127,5,3,L 2
2021,ATL,2021-06-14,7:30p,,Philadelphia 76ers,W,,103,100,6,3,W 1
2021,ATL,2021-06-16,7:30p,@,Philadelphia 76ers,W,,109,106,7,3,W 2
2021,ATL,2021-06-18,7:30p,,Philadelphia 76ers,L,,99,104,7,4,L 1
2021,ATL,2021-06-20,8:00p,@,Philadelphia 76ers,W,,103,96,8,4,W 1
2021,ATL,2021-06-23,8:30p,@,Milwaukee Bucks,W,,116,113,9,4,W 2
2021,ATL,2021-06-25,8:30p,@,Milwaukee Bucks,L,,91,125,9,5,L 1
2021,ATL,2021-06-27,8:30p,,Milwaukee Bucks,L,,102,113,9,6,L 2
2021,ATL,2021-06-29,8:30p,,Milwaukee Bucks,W,,110,88,10,6,W 1
2021,ATL,2021-07-01,8:30p,@,Milwaukee Bucks,L,,112,123,10,7,L 1
2021,ATL,2021-07-03,8:30p,,Milwaukee Bucks,L,,107,118,10,8,L 2
2021,BOS,2020-12-23,7:30p,,Milwaukee Bucks,W,,122,121,1,0,W 1
2021,BOS,2020-12-25,5:00p,,Brooklyn Nets,L,,95,123,1,1,L 1
2021,BOS,2020-12-27,8:00p,@,Indiana Pacers,L,,107,108,1,2,L 2
2021,BOS,2020-12-29,7:00p,@,Indiana Pacers,W,,116,111,2,2,W 1
2021,BOS,2020-12-30,7:30p,,Memphis Grizzlies,W,,126,107,3,2,W 2
2021,BOS,2021-01-01,7:00p,@,Detroit Pistons,L,,93,96,3,3,L 1
2021,BOS,2021-01-03,3:00p,@,Detroit Pistons,W,,122,120,4,3,W 1
2021,BOS,2021-01-04,7:30p,@,Toronto Raptors,W,,126,114,5,3,W 2
2021,BOS,2021-01-06,7:30p,@,Miami Heat,W,,107,105,6,3,W 3
2021,BOS,2021-01-08,7:30p,,Washington Wizards,W,,116,107,7,3,W 4
2021,BOS,2021-01-15,7:30p,,Orlando Magic,W,,124,97,8,3,W 5
2021,BOS,2021-01-17,1:00p,,New York Knicks,L,,75,105,8,4,L 1
2021,BOS,2021-01-20,7:00p,@,Philadelphia 76ers,L,,109,117,8,5,L 2
2021,BOS,2021-01-22,7:30p,@,Philadelphia 76ers,L,,110,122,8,6,L 3
2021,BOS,2021-01-24,7:00p,,Cleveland Cavaliers,W,,141,103,9,6,W 1
2021,BOS,2021-01-25,9:00p,@,Chicago Bulls,W,,119,103,10,6,W 2
2021,BOS,2021-01-27,8:30p,@,San Antonio Spurs,L,,106,110,10,7,L 1
2021,BOS,2021-01-30,8:30p,,Los Angeles Lakers,L,,95,96,10,8,L 2
2021,BOS,2021-02-02,10:00p,@,Golden State Warriors,W,,111,107,11,8,W 1
2021,BOS,2021-02-03,10:00p,@,Sacramento Kings,L,,111,116,11,9,L 1
2021,BOS,2021-02-05,10:00p,@,Los Angeles Clippers,W,,119,115,12,9,W 1
2021,BOS,2021-02-07,2:00p,@,Phoenix Suns,L,,91,100,12,10,L 1
2021,BOS,2021-02-09,10:00p,@,Utah Jazz,L,,108,122,12,11,L 2
2021,BOS,2021-02-11,7:30p,,Toronto Raptors,W,,120,106,13,11,W 1
2021,BOS,2021-02-12,8:00p,,Detroit Pistons,L,,102,108,13,12,L 1
2021,BOS,2021-02-14,1:00p,@,Washington Wizards,L,,91,104,13,13,L 2
2021,BOS,2021-02-16,7:00p,,Denver Nuggets,W,,112,99,14,13,W 1
2021,BOS,2021-02-17,7:30p,,Atlanta Hawks,L,,114,122,14,14,L 1
2021,BOS,2021-02-19,7:30p,,Atlanta Hawks,W,,121,109,15,14,W 1
2021,BOS,2021-02-21,3:30p,@,New Orleans Pelicans,L,OT,115,120,15,15,L 1
2021,BOS,2021-02-23,7:30p,@,Dallas Mavericks,L,,107,110,15,16,L 2
2021,BOS,2021-02-24,7:30p,@,Atlanta Hawks,L,,112,127,15,17,L 3
2021,BOS,2021-02-26,7:30p,,Indiana Pacers,W,,118,112,16,17,W 1
2021,BOS,2021-02-28,7:00p,,Washington Wizards,W,,111,110,17,17,W 2
2021,BOS,2021-03-02,7:30p,,Los Angeles Clippers,W,,117,112,18,17,W 3
2021,BOS,2021-03-04,7:00p,,Toronto Raptors,W,,132,125,19,17,W 4
2021,BOS,2021-03-11,7:30p,@,Brooklyn Nets,L,,109,121,19,18,L 1
2021,BOS,2021-03-14,8:00p,@,Houston Rockets,W,,134,107,20,18,W 1
2021,BOS,2021-03-16,7:30p,,Utah Jazz,L,,109,117,20,19,L 1
2021,BOS,2021-03-17,8:00p,@,Cleveland Cavaliers,L,,110,117,20,20,L 2
2021,BOS,2021-03-19,7:30p,,Sacramento Kings,L,,96,107,20,21,L 3
2021,BOS,2021-03-21,3:30p,,Orlando Magic,W,,112,96,21,21,W 1
2021,BOS,2021-03-22,9:00p,@,Memphis Grizzlies,L,OT,126,132,21,22,L 1
2021,BOS,2021-03-24,7:30p,@,Milwaukee Bucks,L,,119,121,21,23,L 2
2021,BOS,2021-03-26,7:30p,@,Milwaukee Bucks,W,,122,114,22,23,W 1
2021,BOS,2021-03-27,9:00p,@,Oklahoma City Thunder,W,,111,94,23,23,W 2
2021,BOS,2021-03-29,7:30p,,New Orleans Pelicans,L,,109,115,23,24,L 1
2021,BOS,2021-03-31,7:30p,,Dallas Mavericks,L,,108,113,23,25,L 2
2021,BOS,2021-04-02,7:30p,,Houston Rockets,W,,118,102,24,25,W 1
2021,BOS,2021-04-04,6:00p,,Charlotte Hornets,W,,116,86,25,25,W 2
2021,BOS,2021-04-06,7:30p,,Philadelphia 76ers,L,,96,106,25,26,L 1
2021,BOS,2021-04-07,7:30p,,New York Knicks,W,,101,99,26,26,W 1
2021,BOS,2021-04-09,7:30p,,Minnesota Timberwolves,W,OT,145,136,27,26,W 2
2021,BOS,2021-04-11,3:00p,@,Denver Nuggets,W,,105,87,28,26,W 3
2021,BOS,2021-04-13,10:00p,@,Portland Trail Blazers,W,,116,115,29,26,W 4
2021,BOS,2021-04-15,10:00p,@,Los Angeles Lakers,W,,121,113,30,26,W 5
2021,BOS,2021-04-17,8:30p,,Golden State Warriors,W,,119,114,31,26,W 6
2021,BOS,2021-04-19,7:30p,,Chicago Bulls,L,,96,102,31,27,L 1
2021,BOS,2021-04-22,7:00p,,Phoenix Suns,W,,99,86,32,27,W 1
2021,BOS,2021-04-23,7:30p,@,Brooklyn Nets,L,,104,109,32,28,L 1
2021,BOS,2021-04-25,1:00p,@,Charlotte Hornets,L,,104,125,32,29,L 2
2021,BOS,2021-04-27,7:00p,,Oklahoma City Thunder,L,,115,119,32,30,L 3
2021,BOS,2021-04-28,7:30p,,Charlotte Hornets,W,,120,111,33,30,W 1
2021,BOS,2021-04-30,7:30p,,San Antonio Spurs,W,OT,143,140,34,30,W 2
2021,BOS,2021-05-02,7:30p,,Portland Trail Blazers,L,,119,129,34,31,L 1
2021,BOS,2021-05-05,7:00p,@,Orlando Magic,W,,132,96,35,31,W 1
2021,BOS,2021-05-07,7:30p,@,Chicago Bulls,L,,99,121,35,32,L 1
2021,BOS,2021-05-09,1:00p,,Miami Heat,L,,124,130,35,33,L 2
2021,BOS,2021-05-11,7:30p,,Miami Heat,L,,121,129,35,34,L 3
2021,BOS,2021-05-12,8:00p,@,Cleveland Cavaliers,L,,94,102,35,35,L 4
2021,BOS,2021-05-15,2:00p,@,Minnesota Timberwolves,W,,124,108,36,35,W 1
2021,BOS,2021-05-16,1:00p,@,New York Knicks,L,,92,96,36,36,L 1
2021,BOS,2021-05-18,9:00p,,Washington Wizards,W,,118,100,37,36,W 1
2021,BOS,2021-05-22,8:00p,@,Brooklyn Nets,L,,93,104,0,1,L 1
2021,BOS,2021-05-25,7:30p,@,Brooklyn Nets,L,,108,130,0,2,L 2
2021,BOS,2021-05-28,8:30p,,Brooklyn Nets,W,,125,119,1,2,W 1
2021,BOS,2021-05-30,7:00p,,Brooklyn Nets,L,,126,141,1,3,L 1
2021,BOS,2021-06-01,7:30p,@,Brooklyn Nets,L,,109,123,1,4,L 2
2021,BRK,2020-12-22,7:00p,,Golden State Warriors,W,,125,99,1,0,W 1
2021,BRK,2020-12-25,5:00p,@,Boston Celtics,W,,123,95,2,0,W 2
2021,BRK,2020-12-27,7:00p,@,Charlotte Hornets,L,,104,106,2,1,L 1
2021,BRK,2020-12-28,7:30p,,Memphis Grizzlies,L,OT,111,116,2,2,L 2
2021,BRK,2020-12-30,7:30p,,Atlanta Hawks,W,,145,141,3,2,W 1
2021,BRK,2021-01-01,7:30p,,Atlanta Hawks,L,,96,114,3,3,L 1
2021,BRK,2021-01-03,6:00p,,Washington Wizards,L,,122,123,3,4,L 2
2021,BRK,2021-01-05,7:30p,,Utah Jazz,W,,130,96,4,4,W 1
2021,BRK,2021-01-07,7:30p,,Philadelphia 76ers,W,,122,109,5,4,W 2
2021,BRK,2021-01-08,8:00p,@,Memphis Grizzlies,L,,110,115,5,5,L 1
2021,BRK,2021-01-10,6:00p,,Oklahoma City Thunder,L,,116,129,5,6,L 2
2021,BRK,2021-01-12,7:30p,,Denver Nuggets,W,,122,116,6,6,W 1
2021,BRK,2021-01-13,7:30p,@,New York Knicks,W,,116,109,7,6,W 2
2021,BRK,2021-01-16,6:00p,,Orlando Magic,W,,122,115,8,6,W 3
2021,BRK,2021-01-18,7:30p,,Milwaukee Bucks,W,,125,123,9,6,W 4
2021,BRK,2021-01-20,7:00p,@,Cleveland Cavaliers,L,2OT,135,147,9,7,L 1
2021,BRK,2021-01-22,7:30p,@,Cleveland Cavaliers,L,,113,125,9,8,L 2
2021,BRK,2021-01-23,8:00p,,Miami Heat,W,,128,124,10,8,W 1
2021,BRK,2021-01-25,7:30p,,Miami Heat,W,,98,85,11,8,W 2
2021,BRK,2021-01-27,7:30p,@,Atlanta Hawks,W,OT,132,128,12,8,W 3
2021,BRK,2021-01-29,8:00p,@,Oklahoma City Thunder,W,,147,125,13,8,W 4
2021,BRK,2021-01-31,7:00p,@,Washington Wizards,L,,146,149,13,9,L 1
2021,BRK,2021-02-02,7:30p,,Los Angeles Clippers,W,,124,120,14,9,W 1
2021,BRK,2021-02-05,7:30p,,Toronto Raptors,L,,117,123,14,10,L 1
2021,BRK,2021-02-06,8:00p,@,Philadelphia 76ers,L,,108,124,14,11,L 2
2021,BRK,2021-02-09,7:00p,@,Detroit Pistons,L,,111,122,14,12,L 3
2021,BRK,2021-02-10,8:00p,,Indiana Pacers,W,,104,94,15,12,W 1
2021,BRK,2021-02-13,8:30p,@,Golden State Warriors,W,,134,117,16,12,W 2
2021,BRK,2021-02-15,10:00p,@,Sacramento Kings,W,,136,125,17,12,W 3
2021,BRK,2021-02-16,10:30p,@,Phoenix Suns,W,,128,124,18,12,W 4
2021,BRK,2021-02-18,10:00p,@,Los Angeles Lakers,W,,109,98,19,12,W 5
2021,BRK,2021-02-21,8:00p,@,Los Angeles Clippers,W,,112,108,20,12,W 6
2021,BRK,2021-02-23,7:30p,,Sacramento Kings,W,,127,118,21,12,W 7
2021,BRK,2021-02-25,7:30p,,Orlando Magic,W,,129,92,22,12,W 8
2021,BRK,2021-02-27,8:30p,,Dallas Mavericks,L,,98,115,22,13,L 1
2021,BRK,2021-03-01,8:30p,@,San Antonio Spurs,W,OT,124,113,23,13,W 1
2021,BRK,2021-03-03,7:30p,@,Houston Rockets,W,,132,114,24,13,W 2
2021,BRK,2021-03-11,7:30p,,Boston Celtics,W,,121,109,25,13,W 3
2021,BRK,2021-03-13,7:00p,,Detroit Pistons,W,,100,95,26,13,W 4
2021,BRK,2021-03-15,8:00p,,New York Knicks,W,,117,112,27,13,W 5
2021,BRK,2021-03-17,7:00p,@,Indiana Pacers,W,,124,115,28,13,W 6
2021,BRK,2021-03-19,8:00p,@,Orlando Magic,L,,113,121,28,14,L 1
2021,BRK,2021-03-21,7:00p,,Washington Wizards,W,,113,106,29,14,W 1
2021,BRK,2021-03-23,10:00p,@,Portland Trail Blazers,W,,116,112,30,14,W 2
2021,BRK,2021-03-24,10:00p,@,Utah Jazz,L,,88,118,30,15,L 1
2021,BRK,2021-03-26,7:00p,@,Detroit Pistons,W,,113,111,31,15,W 1
2021,BRK,2021-03-29,7:30p,,Minnesota Timberwolves,W,,112,107,32,15,W 2
2021,BRK,2021-03-31,7:30p,,Houston Rockets,W,,120,108,33,15,W 3
2021,BRK,2021-04-01,7:30p,,Charlotte Hornets,W,,111,89,34,15,W 4
2021,BRK,2021-04-04,2:00p,@,Chicago Bulls,L,,107,115,34,16,L 1
2021,BRK,2021-04-05,7:00p,,New York Knicks,W,,114,112,35,16,W 1
2021,BRK,2021-04-07,7:30p,,New Orleans Pelicans,W,,139,111,36,16,W 2
2021,BRK,2021-04-10,8:30p,,Los Angeles Lakers,L,,101,126,36,17,L 1
2021,BRK,2021-04-13,4:00p,@,Minnesota Timberwolves,W,,127,97,37,17,W 1
2021,BRK,2021-04-14,7:00p,@,Philadelphia 76ers,L,,117,123,37,18,L 1
2021,BRK,2021-04-16,7:30p,,Charlotte Hornets,W,,130,115,38,18,W 1
2021,BRK,2021-04-18,3:30p,@,Miami Heat,L,,107,109,38,19,L 1
2021,BRK,2021-04-20,7:30p,@,New Orleans Pelicans,W,,134,129,39,19,W 1
2021,BRK,2021-04-21,7:00p,@,Toronto Raptors,L,,103,114,39,20,L 1
2021,BRK,2021-04-23,7:30p,,Boston Celtics,W,,109,104,40,20,W 1
2021,BRK,2021-04-25,3:30p,,Phoenix Suns,W,,128,119,41,20,W 2
2021,BRK,2021-04-27,7:30p,@,Toronto Raptors,W,,116,103,42,20,W 3
2021,BRK,2021-04-29,7:00p,@,Indiana Pacers,W,,130,113,43,20,W 4
2021,BRK,2021-04-30,8:00p,,Portland Trail Blazers,L,,109,128,43,21,L 1
2021,BRK,2021-05-02,3:30p,@,Milwaukee Bucks,L,,114,117,43,22,L 2
2021,BRK,2021-05-04,7:30p,@,Milwaukee Bucks,L,,118,124,43,23,L 3
2021,BRK,2021-05-06,7:30p,@,Dallas Mavericks,L,,109,113,43,24,L 4
2021,BRK,2021-05-08,10:00p,@,Denver Nuggets,W,,125,119,44,24,W 1
2021,BRK,2021-05-11,8:00p,@,Chicago Bulls,W,,115,107,45,24,W 2
2021,BRK,2021-05-12,8:00p,,San Antonio Spurs,W,,128,116,46,24,W 3
2021,BRK,2021-05-15,1:00p,,Chicago Bulls,W,,105,91,47,24,W 4
2021,BRK,2021-05-16,7:00p,,Cleveland Cavaliers,W,,123,109,48,24,W 5
2021,BRK,2021-05-22,8:00p,,Boston Celtics,W,,104,93,1,0,W 1
2021,BRK,2021-05-25,7:30p,,Boston Celtics,W,,130,108,2,0,W 2
2021,BRK,2021-05-28,8:30p,@,Boston Celtics,L,,119,125,2,1,L 1
2021,BRK,2021-05-30,7:00p,@,Boston Celtics,W,,141,126,3,1,W 1
2021,BRK,2021-06-01,7:30p,,Boston Celtics,W,,123,109,4,1,W 2
2021,BRK,2021-06-05,7:30p,,Milwaukee Bucks,W,,115,107,5,1,W 3
2021,BRK,2021-06-07,7:30p,,Milwaukee Bucks,W,,125,86,6,1,W 4
2021,BRK,2021-06-10,7:30p,@,Milwaukee Bucks,L,,83,86,6,2,L 1
2021,BRK,2021-06-13,3:00p,@,Milwaukee Bucks,L,,96,107,6,3,L 2
2021,BRK,2021-06-15,8:30p,,Milwaukee Bucks,W,,114,108,7,3,W 1
2021,BRK,2021-06-17,8:30p,@,Milwaukee Bucks,L,,89,104,7,4,L 1
2021,BRK,2021-06-19,8:30p,,Milwaukee Bucks,L,OT,111,115,7,5,L 2
2021,CHI,2020-12-23,8:00p,,Atlanta Hawks,L,,104,124,0,1,L 1
2021,CHI,2020-12-26,8:00p,,Indiana Pacers,L,,106,125,0,2,L 2
2021,CHI,2020-12-27,8:00p,,Golden State Warriors,L,,128,129,0,3,L 3
2021,CHI,2020-12-29,7:00p,@,Washington Wizards,W,,115,107,1,3,W 1
2021,CHI,2020-12-31,5:00p,@,Washington Wizards,W,,133,130,2,3,W 2
2021,CHI,2021-01-01,8:00p,@,Milwaukee Bucks,L,,96,126,2,4,L 1
2021,CHI,2021-01-03,8:00p,,Dallas Mavericks,W,,118,108,3,4,W 1
2021,CHI,2021-01-05,10:30p,@,Portland Trail Blazers,W,,111,108,4,4,W 2
2021,CHI,2021-01-06,10:00p,@,Sacramento Kings,L,,124,128,4,5,L 1
2021,CHI,2021-01-08,10:00p,@,Los Angeles Lakers,L,,115,117,4,6,L 2
2021,CHI,2021-01-10,4:00p,@,Los Angeles Clippers,L,,127,130,4,7,L 3
2021,CHI,2021-01-15,8:00p,@,Oklahoma City Thunder,L,OT,125,127,4,8,L 4
2021,CHI,2021-01-17,3:00p,@,Dallas Mavericks,W,,117,101,5,8,W 1
2021,CHI,2021-01-18,8:00p,,Houston Rockets,W,,125,120,6,8,W 2
2021,CHI,2021-01-22,7:00p,@,Charlotte Hornets,W,,123,110,7,8,W 3
2021,CHI,2021-01-23,9:00p,,Los Angeles Lakers,L,,90,101,7,9,L 1
2021,CHI,2021-01-25,9:00p,,Boston Celtics,L,,103,119,7,10,L 2
2021,CHI,2021-01-30,8:00p,,Portland Trail Blazers,L,,122,123,7,11,L 3
2021,CHI,2021-02-01,8:00p,,New York Knicks,W,,110,102,8,11,W 1
2021,CHI,2021-02-03,8:00p,,New York Knicks,L,,103,107,8,12,L 1
2021,CHI,2021-02-05,7:00p,@,Orlando Magic,L,,119,123,8,13,L 2
2021,CHI,2021-02-06,7:00p,@,Orlando Magic,W,,118,92,9,13,W 1
2021,CHI,2021-02-08,8:00p,,Washington Wizards,L,,101,105,9,14,L 1
2021,CHI,2021-02-10,9:00p,,New Orleans Pelicans,W,,129,116,10,14,W 1
2021,CHI,2021-02-12,8:00p,,Los Angeles Clippers,L,,106,125,10,15,L 1
2021,CHI,2021-02-15,7:00p,@,Indiana Pacers,W,OT,120,112,11,15,W 1
2021,CHI,2021-02-17,8:00p,,Detroit Pistons,W,,105,102,12,15,W 2
2021,CHI,2021-02-19,7:30p,@,Philadelphia 76ers,L,,105,112,12,16,L 1
2021,CHI,2021-02-20,9:00p,,Sacramento Kings,W,,122,114,13,16,W 1
2021,CHI,2021-02-22,8:00p,@,Houston Rockets,W,,120,100,14,16,W 2
2021,CHI,2021-02-24,8:00p,,Minnesota Timberwolves,W,OT,133,126,15,16,W 3
2021,CHI,2021-02-26,8:00p,,Phoenix Suns,L,,97,106,15,17,L 1
2021,CHI,2021-03-01,8:00p,,Denver Nuggets,L,,112,118,15,18,L 2
2021,CHI,2021-03-03,8:00p,@,New Orleans Pelicans,W,,128,124,16,18,W 1
2021,CHI,2021-03-11,8:00p,,Philadelphia 76ers,L,,105,127,16,19,L 1
2021,CHI,2021-03-12,9:00p,,Miami Heat,L,,90,101,16,20,L 2
2021,CHI,2021-03-14,9:00p,,Toronto Raptors,W,,118,95,17,20,W 1
2021,CHI,2021-03-16,8:00p,,Oklahoma City Thunder,W,,123,102,18,20,W 2
2021,CHI,2021-03-17,8:00p,,San Antonio Spurs,L,,99,106,18,21,L 1
2021,CHI,2021-03-19,9:00p,@,Denver Nuggets,L,OT,127,131,18,22,L 2
2021,CHI,2021-03-21,7:00p,@,Detroit Pistons,W,,100,86,19,22,W 1
2021,CHI,2021-03-22,9:00p,,Utah Jazz,L,,95,120,19,23,L 1
2021,CHI,2021-03-24,8:00p,,Cleveland Cavaliers,L,,94,103,19,24,L 2
2021,CHI,2021-03-27,8:30p,@,San Antonio Spurs,L,,104,120,19,25,L 3
2021,CHI,2021-03-29,10:00p,@,Golden State Warriors,L,,102,116,19,26,L 4
2021,CHI,2021-03-31,10:00p,@,Phoenix Suns,L,,116,121,19,27,L 5
2021,CHI,2021-04-02,9:00p,@,Utah Jazz,L,,106,113,19,28,L 6
2021,CHI,2021-04-04,2:00p,,Brooklyn Nets,W,,115,107,20,28,W 1
2021,CHI,2021-04-06,7:00p,@,Indiana Pacers,W,,113,97,21,28,W 2
2021,CHI,2021-04-08,7:30p,@,Toronto Raptors,W,,122,113,22,28,W 3
2021,CHI,2021-04-09,8:00p,@,Atlanta Hawks,L,,108,120,22,29,L 1
2021,CHI,2021-04-11,8:00p,@,Minnesota Timberwolves,L,,117,121,22,30,L 2
2021,CHI,2021-04-12,9:00p,@,Memphis Grizzlies,L,,90,101,22,31,L 3
2021,CHI,2021-04-14,8:00p,,Orlando Magic,L,,106,115,22,32,L 4
2021,CHI,2021-04-16,8:00p,,Memphis Grizzlies,L,,115,126,22,33,L 5
2021,CHI,2021-04-17,8:00p,,Cleveland Cavaliers,W,,106,96,23,33,W 1
2021,CHI,2021-04-19,7:30p,@,Boston Celtics,W,,102,96,24,33,W 2
2021,CHI,2021-04-21,7:00p,@,Cleveland Cavaliers,L,,105,121,24,34,L 1
2021,CHI,2021-04-22,9:00p,,Charlotte Hornets,W,,108,91,25,34,W 1
2021,CHI,2021-04-24,8:00p,@,Miami Heat,L,,101,106,25,35,L 1
2021,CHI,2021-04-26,8:00p,@,Miami Heat,W,,110,102,26,35,W 1
2021,CHI,2021-04-28,7:30p,@,New York Knicks,L,,94,113,26,36,L 1
2021,CHI,2021-04-30,9:00p,,Milwaukee Bucks,L,,98,108,26,37,L 2
2021,CHI,2021-05-01,8:00p,@,Atlanta Hawks,L,,97,108,26,38,L 3
2021,CHI,2021-05-03,9:00p,,Philadelphia 76ers,L,,94,106,26,39,L 4
2021,CHI,2021-05-06,7:00p,@,Charlotte Hornets,W,,120,99,27,39,W 1
2021,CHI,2021-05-07,7:30p,,Boston Celtics,W,,121,99,28,39,W 2
2021,CHI,2021-05-09,8:00p,@,Detroit Pistons,W,,108,96,29,39,W 3
2021,CHI,2021-05-11,8:00p,,Brooklyn Nets,L,,107,115,29,40,L 1
2021,CHI,2021-05-13,8:00p,,Toronto Raptors,W,,114,102,30,40,W 1
2021,CHI,2021-05-15,1:00p,@,Brooklyn Nets,L,,91,105,30,41,L 1
2021,CHI,2021-05-16,9:00p,,Milwaukee Bucks,W,,118,112,31,41,W 1
2021,CHO,2020-12-23,7:00p,@,Cleveland Cavaliers,L,,114,121,0,1,L 1
2021,CHO,2020-12-26,7:00p,,Oklahoma City Thunder,L,,107,109,0,2,L 2
2021,CHO,2020-12-27,7:00p,,Brooklyn Nets,W,,106,104,1,2,W 1
2021,CHO,2020-12-30,8:30p,@,Dallas Mavericks,W,,118,99,2,2,W 2
2021,CHO,2021-01-01,7:00p,,Memphis Grizzlies,L,,93,108,2,3,L 1
2021,CHO,2021-01-02,7:00p,@,Philadelphia 76ers,L,,112,127,2,4,L 2
2021,CHO,2021-01-04,7:00p,@,Philadelphia 76ers,L,,101,118,2,5,L 3
2021,CHO,2021-01-06,7:30p,@,Atlanta Hawks,W,,102,94,3,5,W 1
2021,CHO,2021-01-08,7:30p,@,New Orleans Pelicans,W,,118,110,4,5,W 2
2021,CHO,2021-01-09,7:00p,,Atlanta Hawks,W,,113,105,5,5,W 3
2021,CHO,2021-01-11,7:00p,,New York Knicks,W,,109,88,6,5,W 4
2021,CHO,2021-01-13,7:00p,,Dallas Mavericks,L,,93,104,6,6,L 1
2021,CHO,2021-01-14,7:30p,@,Toronto Raptors,L,,108,111,6,7,L 2
2021,CHO,2021-01-16,7:30p,@,Toronto Raptors,L,,113,116,6,8,L 3
2021,CHO,2021-01-22,7:00p,,Chicago Bulls,L,,110,123,6,9,L 4
2021,CHO,2021-01-24,7:00p,@,Orlando Magic,W,,107,104,7,9,W 1
2021,CHO,2021-01-25,7:00p,@,Orlando Magic,L,,108,117,7,10,L 1
2021,CHO,2021-01-27,7:00p,,Indiana Pacers,L,,106,116,7,11,L 2
2021,CHO,2021-01-29,7:00p,,Indiana Pacers,W,,108,105,8,11,W 1
2021,CHO,2021-01-30,8:00p,,Milwaukee Bucks,W,,126,114,9,11,W 2
2021,CHO,2021-02-01,7:30p,@,Miami Heat,W,OT,129,121,10,11,W 3
2021,CHO,2021-02-03,7:00p,,Philadelphia 76ers,L,,111,118,10,12,L 1
2021,CHO,2021-02-05,8:00p,,Utah Jazz,L,,121,138,10,13,L 2
2021,CHO,2021-02-07,1:00p,,Washington Wizards,W,,119,97,11,13,W 1
2021,CHO,2021-02-08,7:00p,,Houston Rockets,W,,119,94,12,13,W 2
2021,CHO,2021-02-10,8:00p,@,Memphis Grizzlies,L,,114,130,12,14,L 1
2021,CHO,2021-02-12,7:00p,,Minnesota Timberwolves,W,,120,114,13,14,W 1
2021,CHO,2021-02-14,7:00p,,San Antonio Spurs,L,,110,122,13,15,L 1
2021,CHO,2021-02-20,8:00p,,Golden State Warriors,W,,102,100,14,15,W 1
2021,CHO,2021-02-22,9:00p,@,Utah Jazz,L,,110,132,14,16,L 1
2021,CHO,2021-02-24,9:00p,@,Phoenix Suns,W,,124,121,15,16,W 1
2021,CHO,2021-02-26,10:00p,@,Golden State Warriors,L,,121,130,15,17,L 1
2021,CHO,2021-02-28,10:00p,@,Sacramento Kings,W,,127,126,16,17,W 1
2021,CHO,2021-03-01,10:30p,@,Portland Trail Blazers,L,,111,123,16,18,L 1
2021,CHO,2021-03-03,8:00p,@,Minnesota Timberwolves,W,,135,102,17,18,W 1
2021,CHO,2021-03-11,7:00p,,Detroit Pistons,W,,105,102,18,18,W 2
2021,CHO,2021-03-13,7:00p,,Toronto Raptors,W,,114,104,19,18,W 3
2021,CHO,2021-03-15,7:00p,,Sacramento Kings,W,,122,116,20,18,W 4
2021,CHO,2021-03-17,9:00p,@,Denver Nuggets,L,,104,129,20,19,L 1
2021,CHO,2021-03-18,10:30p,@,Los Angeles Lakers,L,,105,116,20,20,L 2
2021,CHO,2021-03-20,10:00p,@,Los Angeles Clippers,L,,98,125,20,21,L 3
2021,CHO,2021-03-22,8:30p,@,San Antonio Spurs,W,,100,97,21,21,W 1
2021,CHO,2021-03-24,8:00p,@,Houston Rockets,W,,122,97,22,21,W 2
2021,CHO,2021-03-26,8:00p,,Miami Heat,W,,110,105,23,21,W 3
2021,CHO,2021-03-28,1:00p,,Phoenix Suns,L,OT,97,101,23,22,L 1
2021,CHO,2021-03-30,7:00p,@,Washington Wizards,W,,114,104,24,22,W 1
2021,CHO,2021-04-01,7:30p,@,Brooklyn Nets,L,,89,111,24,23,L 1
2021,CHO,2021-04-02,8:00p,@,Indiana Pacers,W,,114,97,25,23,W 1
2021,CHO,2021-04-04,6:00p,@,Boston Celtics,L,,86,116,25,24,L 1
2021,CHO,2021-04-07,8:00p,@,Oklahoma City Thunder,W,,113,102,26,24,W 1
2021,CHO,2021-04-09,9:00p,@,Milwaukee Bucks,W,,127,119,27,24,W 2
2021,CHO,2021-04-11,1:00p,,Atlanta Hawks,L,,101,105,27,25,L 1
2021,CHO,2021-04-13,8:00p,,Los Angeles Lakers,L,,93,101,27,26,L 2
2021,CHO,2021-04-14,7:00p,,Cleveland Cavaliers,L,,90,103,27,27,L 3
2021,CHO,2021-04-16,7:30p,@,Brooklyn Nets,L,,115,130,27,28,L 4
2021,CHO,2021-04-18,7:00p,,Portland Trail Blazers,W,,109,101,28,28,W 1
2021,CHO,2021-04-20,7:30p,@,New York Knicks,L,,97,109,28,29,L 1
2021,CHO,2021-04-22,9:00p,@,Chicago Bulls,L,,91,108,28,30,L 2
2021,CHO,2021-04-23,8:00p,,Cleveland Cavaliers,W,,108,102,29,30,W 1
2021,CHO,2021-04-25,1:00p,,Boston Celtics,W,,125,104,30,30,W 2
2021,CHO,2021-04-27,7:00p,,Milwaukee Bucks,L,,104,114,30,31,L 1
2021,CHO,2021-04-28,7:30p,@,Boston Celtics,L,,111,120,30,32,L 2
2021,CHO,2021-05-01,7:00p,,Detroit Pistons,W,,107,94,31,32,W 1
2021,CHO,2021-05-02,8:00p,,Miami Heat,L,,111,121,31,33,L 1
2021,CHO,2021-05-04,7:00p,@,Detroit Pistons,W,,102,99,32,33,W 1
2021,CHO,2021-05-06,7:00p,,Chicago Bulls,L,,99,120,32,34,L 1
2021,CHO,2021-05-07,8:00p,,Orlando Magic,W,,122,112,33,34,W 1
2021,CHO,2021-05-09,7:00p,,New Orleans Pelicans,L,,110,112,33,35,L 1
2021,CHO,2021-05-11,7:00p,,Denver Nuggets,L,,112,117,33,36,L 2
2021,CHO,2021-05-13,7:00p,,Los Angeles Clippers,L,,90,113,33,37,L 3
2021,CHO,2021-05-15,1:00p,@,New York Knicks,L,OT,109,118,33,38,L 4
2021,CHO,2021-05-16,1:00p,@,Washington Wizards,L,,110,115,33,39,L 5
2021,CHO,2021-05-18,6:30p,@,Indiana Pacers,L,,117,144,33,40,L 6
2021,CLE,2020-12-23,7:00p,,Charlotte Hornets,W,,121,114,1,0,W 1
2021,CLE,2020-12-26,7:00p,@,Detroit Pistons,W,2OT,128,119,2,0,W 2
2021,CLE,2020-12-27,7:30p,,Philadelphia 76ers,W,,118,94,3,0,W 3
2021,CLE,2020-12-29,7:00p,,New York Knicks,L,,86,95,3,1,L 1
2021,CLE,2020-12-31,3:00p,@,Indiana Pacers,L,,99,119,3,2,L 2
2021,CLE,2021-01-02,7:30p,@,Atlanta Hawks,W,,96,91,4,2,W 1
2021,CLE,2021-01-04,7:00p,@,Orlando Magic,L,,83,103,4,3,L 1
2021,CLE,2021-01-06,7:00p,@,Orlando Magic,L,,94,105,4,4,L 2
2021,CLE,2021-01-07,8:00p,@,Memphis Grizzlies,W,,94,90,5,4,W 1
2021,CLE,2021-01-09,8:00p,@,Milwaukee Bucks,L,,90,100,5,5,L 1
2021,CLE,2021-01-11,7:00p,,Memphis Grizzlies,L,,91,101,5,6,L 2
2021,CLE,2021-01-12,7:30p,,Utah Jazz,L,,87,117,5,7,L 3
2021,CLE,2021-01-15,7:30p,,New York Knicks,W,,106,103,6,7,W 1
2021,CLE,2021-01-20,7:00p,,Brooklyn Nets,W,2OT,147,135,7,7,W 2
2021,CLE,2021-01-22,7:30p,,Brooklyn Nets,W,,125,113,8,7,W 3
2021,CLE,2021-01-24,7:00p,@,Boston Celtics,L,,103,141,8,8,L 1
2021,CLE,2021-01-25,8:00p,,Los Angeles Lakers,L,,108,115,8,9,L 2
2021,CLE,2021-01-27,7:00p,,Detroit Pistons,W,,122,107,9,9,W 1
2021,CLE,2021-01-29,7:30p,@,New York Knicks,L,,81,102,9,10,L 1
2021,CLE,2021-01-31,8:00p,@,Minnesota Timberwolves,L,,104,109,9,11,L 2
2021,CLE,2021-02-01,8:00p,,Minnesota Timberwolves,W,,100,98,10,11,W 1
2021,CLE,2021-02-03,8:00p,,Los Angeles Clippers,L,,99,121,10,12,L 1
2021,CLE,2021-02-05,7:30p,,Milwaukee Bucks,L,,105,123,10,13,L 2
2021,CLE,2021-02-06,8:00p,,Milwaukee Bucks,L,,99,124,10,14,L 3
2021,CLE,2021-02-08,9:00p,@,Phoenix Suns,L,,113,119,10,15,L 4
2021,CLE,2021-02-10,9:00p,@,Denver Nuggets,L,,95,133,10,16,L 5
2021,CLE,2021-02-12,10:00p,@,Portland Trail Blazers,L,,110,129,10,17,L 6
2021,CLE,2021-02-14,10:00p,@,Los Angeles Clippers,L,,111,128,10,18,L 7
2021,CLE,2021-02-15,10:00p,@,Golden State Warriors,L,,98,129,10,19,L 8
2021,CLE,2021-02-19,7:00p,,Denver Nuggets,L,,103,120,10,20,L 9
2021,CLE,2021-02-21,7:00p,,Oklahoma City Thunder,L,,101,117,10,21,L 10
2021,CLE,2021-02-23,7:00p,,Atlanta Hawks,W,,112,111,11,21,W 1
2021,CLE,2021-02-24,7:30p,,Houston Rockets,W,,112,96,12,21,W 2
2021,CLE,2021-02-27,7:00p,@,Philadelphia 76ers,W,OT,112,109,13,21,W 3
2021,CLE,2021-03-01,9:00p,@,Houston Rockets,W,,101,90,14,21,W 4
2021,CLE,2021-03-03,7:00p,,Indiana Pacers,L,,111,114,14,22,L 1
2021,CLE,2021-03-12,8:00p,@,New Orleans Pelicans,L,,82,116,14,23,L 2
2021,CLE,2021-03-14,7:30p,@,Atlanta Hawks,L,,82,100,14,24,L 3
2021,CLE,2021-03-16,8:00p,@,Miami Heat,L,,98,113,14,25,L 4
2021,CLE,2021-03-17,8:00p,,Boston Celtics,W,,117,110,15,25,W 1
2021,CLE,2021-03-19,7:30p,,San Antonio Spurs,L,,110,116,15,26,L 1
2021,CLE,2021-03-21,7:00p,,Toronto Raptors,W,,116,105,16,26,W 1
2021,CLE,2021-03-22,7:30p,,Sacramento Kings,L,,105,119,16,27,L 1
2021,CLE,2021-03-24,8:00p,@,Chicago Bulls,W,,103,94,17,27,W 1
2021,CLE,2021-03-26,10:30p,@,Los Angeles Lakers,L,,86,100,17,28,L 1
2021,CLE,2021-03-27,10:00p,@,Sacramento Kings,L,,98,100,17,29,L 2
2021,CLE,2021-03-29,9:00p,@,Utah Jazz,L,,75,114,17,30,L 3
2021,CLE,2021-04-01,7:00p,,Philadelphia 76ers,L,,94,114,17,31,L 4
2021,CLE,2021-04-03,8:00p,@,Miami Heat,L,,101,115,17,32,L 5
2021,CLE,2021-04-05,7:00p,@,San Antonio Spurs,W,,125,101,18,32,W 1
2021,CLE,2021-04-08,8:00p,@,Oklahoma City Thunder,W,,129,102,19,32,W 2
2021,CLE,2021-04-10,7:30p,,Toronto Raptors,L,,115,135,19,33,L 1
2021,CLE,2021-04-11,7:00p,,New Orleans Pelicans,L,,109,116,19,34,L 2
2021,CLE,2021-04-14,7:00p,@,Charlotte Hornets,W,,103,90,20,34,W 1
2021,CLE,2021-04-15,8:00p,,Golden State Warriors,L,,101,119,20,35,L 1
2021,CLE,2021-04-17,8:00p,@,Chicago Bulls,L,,96,106,20,36,L 2
2021,CLE,2021-04-19,7:00p,@,Detroit Pistons,L,,105,109,20,37,L 3
2021,CLE,2021-04-21,7:00p,,Chicago Bulls,W,,121,105,21,37,W 1
2021,CLE,2021-04-23,8:00p,@,Charlotte Hornets,L,,102,108,21,38,L 1
2021,CLE,2021-04-25,7:00p,@,Washington Wizards,L,,110,119,21,39,L 2
2021,CLE,2021-04-26,7:30p,@,Toronto Raptors,L,,96,112,21,40,L 3
2021,CLE,2021-04-28,7:00p,,Orlando Magic,L,,104,109,21,41,L 4
2021,CLE,2021-04-30,7:30p,,Washington Wizards,L,,93,122,21,42,L 5
2021,CLE,2021-05-01,8:00p,,Miami Heat,L,,107,124,21,43,L 6
2021,CLE,2021-05-04,7:00p,,Phoenix Suns,L,OT,118,134,21,44,L 7
2021,CLE,2021-05-05,7:30p,,Portland Trail Blazers,L,,105,141,21,45,L 8
2021,CLE,2021-05-07,8:30p,@,Dallas Mavericks,L,,90,110,21,46,L 9
2021,CLE,2021-05-09,7:00p,,Dallas Mavericks,L,,97,124,21,47,L 10
2021,CLE,2021-05-10,7:30p,,Indiana Pacers,L,,102,111,21,48,L 11
2021,CLE,2021-05-12,8:00p,,Boston Celtics,W,,102,94,22,48,W 1
2021,CLE,2021-05-14,7:00p,@,Washington Wizards,L,,105,120,22,49,L 1
2021,CLE,2021-05-16,7:00p,@,Brooklyn Nets,L,,109,123,22,50,L 2
2021,DAL,2020-12-23,10:30p,@,Phoenix Suns,L,,102,106,0,1,L 1
2021,DAL,2020-12-25,8:00p,@,Los Angeles Lakers,L,,115,138,0,2,L 2
2021,DAL,2020-12-27,3:30p,@,Los Angeles Clippers,W,,124,73,1,2,W 1
2021,DAL,2020-12-30,8:30p,,Charlotte Hornets,L,,99,118,1,3,L 1
2021,DAL,2021-01-01,7:00p,,Miami Heat,W,,93,83,2,3,W 1
2021,DAL,2021-01-03,8:00p,@,Chicago Bulls,L,,108,118,2,4,L 1
2021,DAL,2021-01-04,8:00p,@,Houston Rockets,W,,113,100,3,4,W 1
2021,DAL,2021-01-07,10:00p,@,Denver Nuggets,W,OT,124,117,4,4,W 2
2021,DAL,2021-01-09,8:30p,,Orlando Magic,W,,112,98,5,4,W 3
2021,DAL,2021-01-13,7:00p,@,Charlotte Hornets,W,,104,93,6,4,W 4
2021,DAL,2021-01-15,7:30p,@,Milwaukee Bucks,L,,109,112,6,5,L 1
2021,DAL,2021-01-17,3:00p,,Chicago Bulls,L,,101,117,6,6,L 2
2021,DAL,2021-01-18,7:30p,@,Toronto Raptors,L,,93,116,6,7,L 3
2021,DAL,2021-01-20,7:00p,@,Indiana Pacers,W,,124,112,7,7,W 1
2021,DAL,2021-01-22,8:30p,@,San Antonio Spurs,W,,122,117,8,7,W 2
2021,DAL,2021-01-23,9:00p,,Houston Rockets,L,,108,133,8,8,L 1
2021,DAL,2021-01-25,8:30p,,Denver Nuggets,L,,113,117,8,9,L 2
2021,DAL,2021-01-27,9:00p,@,Utah Jazz,L,,104,116,8,10,L 3
2021,DAL,2021-01-29,10:00p,@,Utah Jazz,L,,101,120,8,11,L 4
2021,DAL,2021-01-30,9:00p,,Phoenix Suns,L,,105,111,8,12,L 5
2021,DAL,2021-02-01,8:30p,,Phoenix Suns,L,,108,109,8,13,L 6
2021,DAL,2021-02-03,7:30p,@,Atlanta Hawks,W,,122,116,9,13,W 1
2021,DAL,2021-02-04,7:30p,,Golden State Warriors,L,,116,147,9,14,L 1
2021,DAL,2021-02-06,8:30p,,Golden State Warriors,W,,134,132,10,14,W 1
2021,DAL,2021-02-08,8:30p,,Minnesota Timberwolves,W,,127,122,11,14,W 2
2021,DAL,2021-02-10,7:30p,,Atlanta Hawks,W,,118,117,12,14,W 3
2021,DAL,2021-02-12,7:30p,,New Orleans Pelicans,W,,143,130,13,14,W 4
2021,DAL,2021-02-14,7:30p,,Portland Trail Blazers,L,,118,121,13,15,L 1
2021,DAL,2021-02-22,8:30p,,Memphis Grizzlies,W,,102,92,14,15,W 1
2021,DAL,2021-02-23,7:30p,,Boston Celtics,W,,110,107,15,15,W 2
2021,DAL,2021-02-25,7:00p,@,Philadelphia 76ers,L,,97,111,15,16,L 1
2021,DAL,2021-02-27,8:30p,@,Brooklyn Nets,W,,115,98,16,16,W 1
2021,DAL,2021-03-01,7:00p,@,Orlando Magic,W,,130,124,17,16,W 2
2021,DAL,2021-03-03,8:30p,,Oklahoma City Thunder,W,,87,78,18,16,W 3
2021,DAL,2021-03-10,8:30p,,San Antonio Spurs,W,,115,104,19,16,W 4
2021,DAL,2021-03-11,9:00p,@,Oklahoma City Thunder,L,,108,116,19,17,L 1
2021,DAL,2021-03-13,10:00p,@,Denver Nuggets,W,,116,103,20,17,W 1
2021,DAL,2021-03-15,9:00p,,Los Angeles Clippers,L,,99,109,20,18,L 1
2021,DAL,2021-03-17,9:30p,,Los Angeles Clippers,W,,105,89,21,18,W 1
2021,DAL,2021-03-19,10:00p,@,Portland Trail Blazers,L,,119,125,21,19,L 1
2021,DAL,2021-03-21,10:00p,@,Portland Trail Blazers,W,,132,92,22,19,W 1
2021,DAL,2021-03-24,8:00p,@,Minnesota Timberwolves,W,,128,108,23,19,W 2
2021,DAL,2021-03-26,8:30p,,Indiana Pacers,L,,94,109,23,20,L 1
2021,DAL,2021-03-27,9:00p,@,New Orleans Pelicans,L,,103,112,23,21,L 2
2021,DAL,2021-03-29,8:00p,@,Oklahoma City Thunder,W,,127,106,24,21,W 1
2021,DAL,2021-03-31,7:30p,@,Boston Celtics,W,,113,108,25,21,W 2
2021,DAL,2021-04-02,7:30p,@,New York Knicks,W,,99,86,26,21,W 3
2021,DAL,2021-04-03,7:00p,@,Washington Wizards,W,,109,87,27,21,W 4
2021,DAL,2021-04-05,7:00p,,Utah Jazz,W,,111,103,28,21,W 5
2021,DAL,2021-04-07,8:00p,@,Houston Rockets,L,,93,102,28,22,L 1
2021,DAL,2021-04-08,9:00p,,Milwaukee Bucks,W,,116,101,29,22,W 1
2021,DAL,2021-04-11,8:00p,,San Antonio Spurs,L,,117,119,29,23,L 1
2021,DAL,2021-04-12,7:30p,,Philadelphia 76ers,L,,95,113,29,24,L 2
2021,DAL,2021-04-14,9:30p,@,Memphis Grizzlies,W,,114,113,30,24,W 1
2021,DAL,2021-04-16,9:30p,,New York Knicks,L,,109,117,30,25,L 1
2021,DAL,2021-04-18,7:30p,,Sacramento Kings,L,,107,121,30,26,L 2
2021,DAL,2021-04-21,8:30p,,Detroit Pistons,W,,127,117,31,26,W 1
2021,DAL,2021-04-22,9:30p,,Los Angeles Lakers,W,,115,110,32,26,W 2
2021,DAL,2021-04-24,8:30p,,Los Angeles Lakers,W,,108,93,33,26,W 3
2021,DAL,2021-04-26,10:00p,@,Sacramento Kings,L,,106,113,33,27,L 1
2021,DAL,2021-04-27,9:30p,@,Golden State Warriors,W,,133,103,34,27,W 1
2021,DAL,2021-04-29,7:00p,@,Detroit Pistons,W,,115,105,35,27,W 2
2021,DAL,2021-05-01,9:00p,,Washington Wizards,W,,125,124,36,27,W 3
2021,DAL,2021-05-02,8:00p,,Sacramento Kings,L,,99,111,36,28,L 1
2021,DAL,2021-05-04,8:00p,@,Miami Heat,W,,127,113,37,28,W 1
2021,DAL,2021-05-06,7:30p,,Brooklyn Nets,W,,113,109,38,28,W 2
2021,DAL,2021-05-07,8:30p,,Cleveland Cavaliers,W,,110,90,39,28,W 3
2021,DAL,2021-05-09,7:00p,@,Cleveland Cavaliers,W,,124,97,40,28,W 4
2021,DAL,2021-05-11,8:00p,@,Memphis Grizzlies,L,,104,133,40,29,L 1
2021,DAL,2021-05-12,9:00p,,New Orleans Pelicans,W,,125,107,41,29,W 1
2021,DAL,2021-05-14,9:00p,,Toronto Raptors,W,,114,110,42,29,W 2
2021,DAL,2021-05-16,9:00p,@,Minnesota Timberwolves,L,,121,136,42,30,L 1
2021,DAL,2021-05-22,4:30p,@,Los Angeles Clippers,W,,113,103,1,0,W 1
2021,DAL,2021-05-25,10:30p,@,Los Angeles Clippers,W,,127,121,2,0,W 2
2021,DAL,2021-05-28,9:30p,,Los Angeles Clippers,L,,108,118,2,1,L 1
2021,DAL,2021-05-30,9:30p,,Los Angeles Clippers,L,,81,106,2,2,L 2
2021,DAL,2021-06-02,10:00p,@,Los Angeles Clippers,W,,105,100,3,2,W 1
2021,DAL,2021-06-04,9:00p,,Los Angeles Clippers,L,,97,104,3,3,L 1
2021,DAL,2021-06-06,3:30p,@,Los Angeles Clippers,L,,111,126,3,4,L 2
2021,DEN,2020-12-23,9:00p,,Sacramento Kings,L,OT,122,124,0,1,L 1
2021,DEN,2020-12-25,10:30p,,Los Angeles Clippers,L,,108,121,0,2,L 2
2021,DEN,2020-12-28,9:00p,,Houston Rockets,W,,124,111,1,2,W 1
2021,DEN,2020-12-29,10:00p,@,Sacramento Kings,L,,115,125,1,3,L 1
2021,DEN,2021-01-01,9:00p,,Phoenix Suns,L,,103,106,1,4,L 2
2021,DEN,2021-01-03,7:00p,@,Minnesota Timberwolves,W,,124,109,2,4,W 1
2021,DEN,2021-01-05,9:00p,,Minnesota Timberwolves,W,,123,116,3,4,W 2
2021,DEN,2021-01-07,10:00p,,Dallas Mavericks,L,OT,117,124,3,5,L 1
2021,DEN,2021-01-09,3:00p,@,Philadelphia 76ers,W,,115,103,4,5,W 1
2021,DEN,2021-01-10,6:00p,@,New York Knicks,W,,114,89,5,5,W 2
2021,DEN,2021-01-12,7:30p,@,Brooklyn Nets,L,,116,122,5,6,L 1
2021,DEN,2021-01-14,10:00p,,Golden State Warriors,W,,114,104,6,6,W 1
2021,DEN,2021-01-17,8:00p,,Utah Jazz,L,,105,109,6,7,L 1
2021,DEN,2021-01-19,9:00p,,Oklahoma City Thunder,W,,119,101,7,7,W 1
2021,DEN,2021-01-22,10:00p,@,Phoenix Suns,W,OT,130,126,8,7,W 2
2021,DEN,2021-01-23,9:00p,@,Phoenix Suns,W,2OT,120,112,9,7,W 3
2021,DEN,2021-01-25,8:30p,@,Dallas Mavericks,W,,117,113,10,7,W 4
2021,DEN,2021-01-27,7:30p,@,Miami Heat,W,,109,82,11,7,W 5
2021,DEN,2021-01-29,8:30p,@,San Antonio Spurs,L,,109,119,11,8,L 1
2021,DEN,2021-01-31,3:30p,,Utah Jazz,W,,128,117,12,8,W 1
2021,DEN,2021-02-04,10:00p,@,Los Angeles Lakers,L,,93,114,12,9,L 1
2021,DEN,2021-02-06,5:00p,@,Sacramento Kings,L,,114,119,12,10,L 2
2021,DEN,2021-02-08,9:30p,,Milwaukee Bucks,L,,112,125,12,11,L 3
2021,DEN,2021-02-10,9:00p,,Cleveland Cavaliers,W,,133,95,13,11,W 1
2021,DEN,2021-02-12,9:00p,,Oklahoma City Thunder,W,,97,95,14,11,W 2
2021,DEN,2021-02-14,10:00p,,Los Angeles Lakers,W,,122,105,15,11,W 3
2021,DEN,2021-02-16,7:00p,@,Boston Celtics,L,,99,112,15,12,L 1
2021,DEN,2021-02-17,8:00p,@,Washington Wizards,L,,128,130,15,13,L 2
2021,DEN,2021-02-19,7:00p,@,Cleveland Cavaliers,W,,120,103,16,13,W 1
2021,DEN,2021-02-21,7:30p,@,Atlanta Hawks,L,,115,123,16,14,L 1
2021,DEN,2021-02-23,10:00p,,Portland Trail Blazers,W,,111,106,17,14,W 1
2021,DEN,2021-02-25,9:00p,,Washington Wizards,L,,110,112,17,15,L 1
2021,DEN,2021-02-27,8:00p,@,Oklahoma City Thunder,W,,126,96,18,15,W 1
2021,DEN,2021-03-01,8:00p,@,Chicago Bulls,W,,118,112,19,15,W 2
2021,DEN,2021-03-02,9:00p,@,Milwaukee Bucks,W,,128,97,20,15,W 3
2021,DEN,2021-03-04,8:00p,@,Indiana Pacers,W,,113,103,21,15,W 4
2021,DEN,2021-03-12,8:00p,@,Memphis Grizzlies,W,,103,102,22,15,W 5
2021,DEN,2021-03-13,10:00p,,Dallas Mavericks,L,,103,116,22,16,L 1
2021,DEN,2021-03-15,10:00p,,Indiana Pacers,W,,121,106,23,16,W 1
2021,DEN,2021-03-17,9:00p,,Charlotte Hornets,W,,129,104,24,16,W 2
2021,DEN,2021-03-19,9:00p,,Chicago Bulls,W,OT,131,127,25,16,W 3
2021,DEN,2021-03-21,3:00p,,New Orleans Pelicans,L,,108,113,25,17,L 1
2021,DEN,2021-03-23,7:00p,@,Orlando Magic,W,,110,99,26,17,W 1
2021,DEN,2021-03-24,7:30p,@,Toronto Raptors,L,,111,135,26,18,L 1
2021,DEN,2021-03-26,8:00p,@,New Orleans Pelicans,W,,113,108,27,18,W 1
2021,DEN,2021-03-28,9:00p,,Atlanta Hawks,W,,126,102,28,18,W 2
2021,DEN,2021-03-30,9:00p,,Philadelphia 76ers,W,,104,95,29,18,W 3
2021,DEN,2021-04-01,10:00p,@,Los Angeles Clippers,W,,101,94,30,18,W 4
2021,DEN,2021-04-04,10:00p,,Orlando Magic,W,,119,109,31,18,W 5
2021,DEN,2021-04-06,9:00p,,Detroit Pistons,W,,134,119,32,18,W 6
2021,DEN,2021-04-07,9:00p,,San Antonio Spurs,W,,106,96,33,18,W 7
2021,DEN,2021-04-09,9:00p,,San Antonio Spurs,W,,121,119,34,18,W 8
2021,DEN,2021-04-11,3:00p,,Boston Celtics,L,,87,105,34,19,L 1
2021,DEN,2021-04-12,10:00p,@,Golden State Warriors,L,,107,116,34,20,L 2
2021,DEN,2021-04-14,10:00p,,Miami Heat,W,,123,106,35,20,W 1
2021,DEN,2021-04-16,8:00p,@,Houston Rockets,W,,128,99,36,20,W 2
2021,DEN,2021-04-19,9:00p,,Memphis Grizzlies,W,2OT,139,137,37,20,W 3
2021,DEN,2021-04-21,10:00p,@,Portland Trail Blazers,W,,106,105,38,20,W 4
2021,DEN,2021-04-23,10:00p,@,Golden State Warriors,L,,97,118,38,21,L 1
2021,DEN,2021-04-24,10:00p,,Houston Rockets,W,,129,116,39,21,W 1
2021,DEN,2021-04-26,9:00p,,Memphis Grizzlies,W,,120,96,40,21,W 2
2021,DEN,2021-04-28,9:00p,,New Orleans Pelicans,W,,114,112,41,21,W 3
2021,DEN,2021-04-29,9:00p,,Toronto Raptors,W,,121,111,42,21,W 4
2021,DEN,2021-05-01,10:00p,@,Los Angeles Clippers,W,,110,104,43,21,W 5
2021,DEN,2021-05-03,10:00p,@,Los Angeles Lakers,L,,89,93,43,22,L 1
2021,DEN,2021-05-05,9:00p,,New York Knicks,W,,113,97,44,22,W 1
2021,DEN,2021-05-07,9:00p,@,Utah Jazz,L,,120,127,44,23,L 1
2021,DEN,2021-05-08,10:00p,,Brooklyn Nets,L,,119,125,44,24,L 2
2021,DEN,2021-05-11,7:00p,@,Charlotte Hornets,W,,117,112,45,24,W 1
2021,DEN,2021-05-13,8:00p,@,Minnesota Timberwolves,W,,114,103,46,24,W 2
2021,DEN,2021-05-14,8:00p,@,Detroit Pistons,W,,104,91,47,24,W 3
2021,DEN,2021-05-16,9:00p,@,Portland Trail Blazers,L,,116,132,47,25,L 1
2021,DEN,2021-05-22,10:30p,,Portland Trail Blazers,L,,109,123,0,1,L 1
2021,DEN,2021-05-24,10:00p,,Portland Trail Blazers,W,,128,109,1,1,W 1
2021,DEN,2021-05-27,10:30p,@,Portland Trail Blazers,W,,120,115,2,1,W 2
2021,DEN,2021-05-29,4:00p,@,Portland Trail Blazers,L,,95,115,2,2,L 1
2021,DEN,2021-06-01,9:00p,,Portland Trail Blazers,W,2OT,147,140,3,2,W 1
2021,DEN,2021-06-03,8:00p,@,Portland Trail Blazers,W,,126,115,4,2,W 2
2021,DEN,2021-06-07,10:00p,@,Phoenix Suns,L,,105,122,4,3,L 1
2021,DEN,2021-06-09,9:30p,@,Phoenix Suns,L,,98,123,4,4,L 2
2021,DEN,2021-06-11,10:00p,,Phoenix Suns,L,,102,116,4,5,L 3
2021,DEN,2021-06-13,8:00p,,Phoenix Suns,L,,118,125,4,6,L 4
2021,DET,2020-12-23,8:00p,@,Minnesota Timberwolves,L,,101,111,0,1,L 1
2021,DET,2020-12-26,7:00p,,Cleveland Cavaliers,L,2OT,119,128,0,2,L 2
2021,DET,2020-12-28,7:30p,@,Atlanta Hawks,L,,120,128,0,3,L 3
2021,DET,2020-12-29,7:00p,,Golden State Warriors,L,,106,116,0,4,L 4
2021,DET,2021-01-01,7:00p,,Boston Celtics,W,,96,93,1,4,W 1
2021,DET,2021-01-03,3:00p,,Boston Celtics,L,,120,122,1,5,L 1
2021,DET,2021-01-04,8:00p,@,Milwaukee Bucks,L,,115,125,1,6,L 2
2021,DET,2021-01-06,8:00p,@,Milwaukee Bucks,L,,115,130,1,7,L 3
2021,DET,2021-01-08,7:00p,,Phoenix Suns,W,OT,110,105,2,7,W 1
2021,DET,2021-01-10,3:00p,,Utah Jazz,L,,86,96,2,8,L 1
2021,DET,2021-01-13,7:00p,,Milwaukee Bucks,L,,101,110,2,9,L 2
2021,DET,2021-01-16,8:00p,@,Miami Heat,W,,120,100,3,9,W 1
2021,DET,2021-01-18,8:00p,@,Miami Heat,L,,107,113,3,10,L 1
2021,DET,2021-01-20,7:30p,@,Atlanta Hawks,L,OT,115,123,3,11,L 2
2021,DET,2021-01-22,7:00p,,Houston Rockets,L,,102,103,3,12,L 3
2021,DET,2021-01-23,8:00p,,Philadelphia 76ers,L,,110,114,3,13,L 4
2021,DET,2021-01-25,7:00p,,Philadelphia 76ers,W,,119,104,4,13,W 1
2021,DET,2021-01-27,7:00p,@,Cleveland Cavaliers,L,,107,122,4,14,L 1
2021,DET,2021-01-28,8:00p,,Los Angeles Lakers,W,,107,92,5,14,W 1
2021,DET,2021-01-30,10:00p,@,Golden State Warriors,L,,91,118,5,15,L 1
2021,DET,2021-02-02,10:00p,@,Utah Jazz,L,,105,117,5,16,L 2
2021,DET,2021-02-05,9:00p,@,Phoenix Suns,L,,92,109,5,17,L 3
2021,DET,2021-02-06,10:00p,@,Los Angeles Lakers,L,2OT,129,135,5,18,L 4
2021,DET,2021-02-09,7:00p,,Brooklyn Nets,W,,122,111,6,18,W 1
2021,DET,2021-02-11,8:00p,,Indiana Pacers,L,,95,111,6,19,L 1
2021,DET,2021-02-12,8:00p,@,Boston Celtics,W,,108,102,7,19,W 1
2021,DET,2021-02-14,7:00p,,New Orleans Pelicans,W,,123,112,8,19,W 2
2021,DET,2021-02-17,8:00p,@,Chicago Bulls,L,,102,105,8,20,L 1
2021,DET,2021-02-19,8:00p,@,Memphis Grizzlies,L,,95,109,8,21,L 2
2021,DET,2021-02-21,7:00p,@,Orlando Magic,L,,96,105,8,22,L 3
2021,DET,2021-02-23,7:00p,@,Orlando Magic,W,,105,93,9,22,W 1
2021,DET,2021-02-24,8:00p,@,New Orleans Pelicans,L,,118,128,9,23,L 1
2021,DET,2021-02-26,8:00p,,Sacramento Kings,L,,107,110,9,24,L 2
2021,DET,2021-02-28,8:00p,,New York Knicks,L,,90,109,9,25,L 3
2021,DET,2021-03-03,7:00p,@,Toronto Raptors,W,,129,105,10,25,W 1
2021,DET,2021-03-04,7:30p,@,New York Knicks,L,,104,114,10,26,L 1
2021,DET,2021-03-11,7:00p,@,Charlotte Hornets,L,,102,105,10,27,L 2
2021,DET,2021-03-13,7:00p,@,Brooklyn Nets,L,,95,100,10,28,L 3
2021,DET,2021-03-15,8:00p,,San Antonio Spurs,L,,99,109,10,29,L 4
2021,DET,2021-03-17,7:00p,,Toronto Raptors,W,,116,112,11,29,W 1
2021,DET,2021-03-19,8:00p,@,Houston Rockets,W,,113,100,12,29,W 2
2021,DET,2021-03-21,7:00p,,Chicago Bulls,L,,86,100,12,30,L 1
2021,DET,2021-03-24,7:00p,@,Indiana Pacers,L,,111,116,12,31,L 2
2021,DET,2021-03-26,7:00p,,Brooklyn Nets,L,,111,113,12,32,L 3
2021,DET,2021-03-27,8:00p,@,Washington Wizards,L,,92,106,12,33,L 4
2021,DET,2021-03-29,8:00p,,Toronto Raptors,W,,118,104,13,33,W 1
2021,DET,2021-03-31,7:00p,,Portland Trail Blazers,L,,101,124,13,34,L 1
2021,DET,2021-04-01,7:00p,,Washington Wizards,W,,120,91,14,34,W 1
2021,DET,2021-04-03,8:00p,,New York Knicks,L,,81,125,14,35,L 1
2021,DET,2021-04-05,7:00p,@,Oklahoma City Thunder,W,,132,108,15,35,W 1
2021,DET,2021-04-06,9:00p,@,Denver Nuggets,L,,119,134,15,36,L 1
2021,DET,2021-04-08,10:00p,@,Sacramento Kings,W,,113,101,16,36,W 1
2021,DET,2021-04-10,10:00p,@,Portland Trail Blazers,L,,103,118,16,37,L 1
2021,DET,2021-04-11,10:00p,@,Los Angeles Clippers,L,,124,131,16,38,L 2
2021,DET,2021-04-14,8:00p,,Los Angeles Clippers,L,,98,100,16,39,L 3
2021,DET,2021-04-16,7:00p,,Oklahoma City Thunder,W,,110,104,17,39,W 1
2021,DET,2021-04-17,8:00p,@,Washington Wizards,L,,100,121,17,40,L 1
2021,DET,2021-04-19,7:00p,,Cleveland Cavaliers,W,,109,105,18,40,W 1
2021,DET,2021-04-21,8:30p,@,Dallas Mavericks,L,,117,127,18,41,L 1
2021,DET,2021-04-22,8:30p,@,San Antonio Spurs,L,,91,106,18,42,L 2
2021,DET,2021-04-24,7:00p,@,Indiana Pacers,L,,109,115,18,43,L 3
2021,DET,2021-04-26,7:00p,,Atlanta Hawks,W,,100,86,19,43,W 1
2021,DET,2021-04-29,7:00p,,Dallas Mavericks,L,,105,115,19,44,L 1
2021,DET,2021-05-01,7:00p,@,Charlotte Hornets,L,,94,107,19,45,L 2
2021,DET,2021-05-03,7:00p,,Orlando Magic,L,,112,119,19,46,L 3
2021,DET,2021-05-04,7:00p,,Charlotte Hornets,L,,99,102,19,47,L 4
2021,DET,2021-05-06,8:00p,,Memphis Grizzlies,W,,111,97,20,47,W 1
2021,DET,2021-05-08,7:00p,@,Philadelphia 76ers,L,,104,118,20,48,L 1
2021,DET,2021-05-09,8:00p,,Chicago Bulls,L,,96,108,20,49,L 2
2021,DET,2021-05-11,7:00p,,Minnesota Timberwolves,L,,100,119,20,50,L 3
2021,DET,2021-05-14,8:00p,,Denver Nuggets,L,,91,104,20,51,L 4
2021,DET,2021-05-16,8:00p,,Miami Heat,L,,107,120,20,52,L 5
2021,GSW,2020-12-22,7:00p,@,Brooklyn Nets,L,,99,125,0,1,L 1
2021,GSW,2020-12-25,2:30p,@,Milwaukee Bucks,L,,99,138,0,2,L 2
2021,GSW,2020-12-27,8:00p,@,Chicago Bulls,W,,129,128,1,2,W 1
2021,GSW,2020-12-29,7:00p,@,Detroit Pistons,W,,116,106,2,2,W 2
2021,GSW,2021-01-01,10:30p,,Portland Trail Blazers,L,,98,123,2,3,L 1
2021,GSW,2021-01-03,8:30p,,Portland Trail Blazers,W,,137,122,3,3,W 1
2021,GSW,2021-01-04,10:00p,,Sacramento Kings,W,,137,106,4,3,W 2
2021,GSW,2021-01-06,10:00p,,Los Angeles Clippers,L,,101,108,4,4,L 1
2021,GSW,2021-01-08,10:00p,,Los Angeles Clippers,W,,115,105,5,4,W 1
2021,GSW,2021-01-10,8:30p,,Toronto Raptors,W,,106,105,6,4,W 2
2021,GSW,2021-01-12,10:30p,,Indiana Pacers,L,,95,104,6,5,L 1
2021,GSW,2021-01-14,10:00p,@,Denver Nuggets,L,,104,114,6,6,L 2
2021,GSW,2021-01-18,10:00p,@,Los Angeles Lakers,W,,115,113,7,6,W 1
2021,GSW,2021-01-20,10:00p,,San Antonio Spurs,W,,121,99,8,6,W 2
2021,GSW,2021-01-21,10:00p,,New York Knicks,L,,104,119,8,7,L 1
2021,GSW,2021-01-23,9:00p,@,Utah Jazz,L,,108,127,8,8,L 2
2021,GSW,2021-01-25,10:00p,,Minnesota Timberwolves,W,,130,108,9,8,W 1
2021,GSW,2021-01-27,10:00p,,Minnesota Timberwolves,W,,123,111,10,8,W 2
2021,GSW,2021-01-28,10:00p,@,Phoenix Suns,L,,93,114,10,9,L 1
2021,GSW,2021-01-30,10:00p,,Detroit Pistons,W,,118,91,11,9,W 1
2021,GSW,2021-02-02,10:00p,,Boston Celtics,L,,107,111,11,10,L 1
2021,GSW,2021-02-04,7:30p,@,Dallas Mavericks,W,,147,116,12,10,W 1
2021,GSW,2021-02-06,8:30p,@,Dallas Mavericks,L,,132,134,12,11,L 1
2021,GSW,2021-02-08,8:30p,@,San Antonio Spurs,L,,100,105,12,12,L 2
2021,GSW,2021-02-09,8:30p,@,San Antonio Spurs,W,,114,91,13,12,W 1
2021,GSW,2021-02-11,10:00p,,Orlando Magic,W,,111,105,14,12,W 2
2021,GSW,2021-02-13,8:30p,,Brooklyn Nets,L,,117,134,14,13,L 1
2021,GSW,2021-02-15,10:00p,,Cleveland Cavaliers,W,,129,98,15,13,W 1
2021,GSW,2021-02-17,10:00p,,Miami Heat,W,OT,120,112,16,13,W 2
2021,GSW,2021-02-19,7:00p,@,Orlando Magic,L,,120,124,16,14,L 1
2021,GSW,2021-02-20,8:00p,@,Charlotte Hornets,L,,100,102,16,15,L 2
2021,GSW,2021-02-23,7:30p,@,New York Knicks,W,,114,106,17,15,W 1
2021,GSW,2021-02-24,7:30p,@,Indiana Pacers,W,,111,107,18,15,W 2
2021,GSW,2021-02-26,10:00p,,Charlotte Hornets,W,,130,121,19,15,W 3
2021,GSW,2021-02-28,8:00p,@,Los Angeles Lakers,L,,91,117,19,16,L 1
2021,GSW,2021-03-03,10:00p,@,Portland Trail Blazers,L,,106,108,19,17,L 2
2021,GSW,2021-03-04,10:00p,@,Phoenix Suns,L,,98,120,19,18,L 3
2021,GSW,2021-03-11,10:00p,@,Los Angeles Clippers,L,,104,130,19,19,L 4
2021,GSW,2021-03-14,4:00p,,Utah Jazz,W,,131,119,20,19,W 1
2021,GSW,2021-03-15,10:30p,,Los Angeles Lakers,L,,97,128,20,20,L 1
2021,GSW,2021-03-17,8:00p,@,Houston Rockets,W,,108,94,21,20,W 1
2021,GSW,2021-03-19,8:00p,@,Memphis Grizzlies,W,,116,103,22,20,W 2
2021,GSW,2021-03-20,8:00p,@,Memphis Grizzlies,L,,103,111,22,21,L 1
2021,GSW,2021-03-23,10:00p,,Philadelphia 76ers,L,,98,108,22,22,L 2
2021,GSW,2021-03-25,10:00p,@,Sacramento Kings,L,,119,141,22,23,L 3
2021,GSW,2021-03-26,10:00p,,Atlanta Hawks,L,,108,124,22,24,L 4
2021,GSW,2021-03-29,10:00p,,Chicago Bulls,W,,116,102,23,24,W 1
2021,GSW,2021-04-01,8:00p,@,Miami Heat,L,,109,116,23,25,L 1
2021,GSW,2021-04-02,7:00p,@,Toronto Raptors,L,,77,130,23,26,L 2
2021,GSW,2021-04-04,7:30p,@,Atlanta Hawks,L,,111,117,23,27,L 3
2021,GSW,2021-04-06,10:00p,,Milwaukee Bucks,W,,122,121,24,27,W 1
2021,GSW,2021-04-09,10:00p,,Washington Wizards,L,,107,110,24,28,L 1
2021,GSW,2021-04-10,10:00p,,Houston Rockets,W,,125,109,25,28,W 1
2021,GSW,2021-04-12,10:00p,,Denver Nuggets,W,,116,107,26,28,W 2
2021,GSW,2021-04-14,9:00p,@,Oklahoma City Thunder,W,,147,109,27,28,W 3
2021,GSW,2021-04-15,8:00p,@,Cleveland Cavaliers,W,,119,101,28,28,W 4
2021,GSW,2021-04-17,8:30p,@,Boston Celtics,L,,114,119,28,29,L 1
2021,GSW,2021-04-19,7:30p,@,Philadelphia 76ers,W,,107,96,29,29,W 1
2021,GSW,2021-04-21,7:00p,@,Washington Wizards,L,,114,118,29,30,L 1
2021,GSW,2021-04-23,10:00p,,Denver Nuggets,W,,118,97,30,30,W 1
2021,GSW,2021-04-25,10:00p,,Sacramento Kings,W,,117,113,31,30,W 2
2021,GSW,2021-04-27,9:30p,,Dallas Mavericks,L,,103,133,31,31,L 1
2021,GSW,2021-04-29,8:00p,@,Minnesota Timberwolves,L,,114,126,31,32,L 2
2021,GSW,2021-05-01,7:30p,@,Houston Rockets,W,,113,87,32,32,W 1
2021,GSW,2021-05-03,7:30p,@,New Orleans Pelicans,W,,123,108,33,32,W 2
2021,GSW,2021-05-04,8:00p,@,New Orleans Pelicans,L,,103,108,33,33,L 1
2021,GSW,2021-05-06,10:00p,,Oklahoma City Thunder,W,,118,97,34,33,W 1
2021,GSW,2021-05-08,10:00p,,Oklahoma City Thunder,W,,136,97,35,33,W 2
2021,GSW,2021-05-10,10:00p,,Utah Jazz,W,,119,116,36,33,W 3
2021,GSW,2021-05-11,10:00p,,Phoenix Suns,W,,122,116,37,33,W 4
2021,GSW,2021-05-14,9:30p,,New Orleans Pelicans,W,,125,122,38,33,W 5
2021,GSW,2021-05-16,3:30p,,Memphis Grizzlies,W,,113,101,39,33,W 6
2021,GSW,2021-05-19,10:00p,@,Los Angeles Lakers,L,,100,103,39,34,L 1
2021,GSW,2021-05-21,9:00p,,Memphis Grizzlies,L,OT,112,117,39,35,L 2
2021,HOU,2020-12-26,10:00p,@,Portland Trail Blazers,L,OT,126,128,0,1,L 1
2021,HOU,2020-12-28,9:00p,@,Denver Nuggets,L,,111,124,0,2,L 2
2021,HOU,2020-12-31,7:00p,,Sacramento Kings,W,,122,119,1,2,W 1
2021,HOU,2021-01-02,5:00p,,Sacramento Kings,W,,102,94,2,2,W 2
2021,HOU,2021-01-04,8:00p,,Dallas Mavericks,L,,100,113,2,3,L 1
2021,HOU,2021-01-06,7:00p,@,Indiana Pacers,L,,107,114,2,4,L 2
2021,HOU,2021-01-08,8:00p,,Orlando Magic,W,,132,90,3,4,W 1
2021,HOU,2021-01-10,7:00p,,Los Angeles Lakers,L,,102,120,3,5,L 1
2021,HOU,2021-01-12,8:00p,,Los Angeles Lakers,L,,100,117,3,6,L 2
2021,HOU,2021-01-14,7:30p,@,San Antonio Spurs,W,,109,105,4,6,W 1
2021,HOU,2021-01-16,5:00p,@,San Antonio Spurs,L,,91,103,4,7,L 1
2021,HOU,2021-01-18,8:00p,@,Chicago Bulls,L,,120,125,4,8,L 2
2021,HOU,2021-01-20,9:30p,,Phoenix Suns,L,,103,109,4,9,L 3
2021,HOU,2021-01-22,7:00p,@,Detroit Pistons,W,,103,102,5,9,W 1
2021,HOU,2021-01-23,9:00p,@,Dallas Mavericks,W,,133,108,6,9,W 2
2021,HOU,2021-01-26,8:00p,,Washington Wizards,W,,107,88,7,9,W 3
2021,HOU,2021-01-28,7:30p,,Portland Trail Blazers,W,,104,101,8,9,W 4
2021,HOU,2021-01-30,8:00p,@,New Orleans Pelicans,W,,126,112,9,9,W 5
2021,HOU,2021-02-01,8:00p,@,Oklahoma City Thunder,W,,136,106,10,9,W 6
2021,HOU,2021-02-03,8:00p,@,Oklahoma City Thunder,L,,87,104,10,10,L 1
2021,HOU,2021-02-04,9:00p,@,Memphis Grizzlies,W,,115,103,11,10,W 1
2021,HOU,2021-02-06,8:00p,,San Antonio Spurs,L,,106,111,11,11,L 1
2021,HOU,2021-02-08,7:00p,@,Charlotte Hornets,L,,94,119,11,12,L 2
2021,HOU,2021-02-09,7:30p,@,New Orleans Pelicans,L,,101,130,11,13,L 3
2021,HOU,2021-02-11,7:30p,,Miami Heat,L,,94,101,11,14,L 4
2021,HOU,2021-02-13,8:00p,@,New York Knicks,L,,99,121,11,15,L 5
2021,HOU,2021-02-15,7:00p,@,Washington Wizards,L,,119,131,11,16,L 6
2021,HOU,2021-02-17,7:30p,@,Philadelphia 76ers,L,,113,118,11,17,L 7
2021,HOU,2021-02-22,8:00p,,Chicago Bulls,L,,100,120,11,18,L 8
2021,HOU,2021-02-24,7:30p,@,Cleveland Cavaliers,L,,96,112,11,19,L 9
2021,HOU,2021-02-26,7:30p,@,Toronto Raptors,L,,111,122,11,20,L 10
2021,HOU,2021-02-28,8:00p,,Memphis Grizzlies,L,,84,133,11,21,L 11
2021,HOU,2021-03-01,9:00p,,Cleveland Cavaliers,L,,90,101,11,22,L 12
2021,HOU,2021-03-03,7:30p,,Brooklyn Nets,L,,114,132,11,23,L 13
2021,HOU,2021-03-11,10:00p,@,Sacramento Kings,L,,105,125,11,24,L 14
2021,HOU,2021-03-12,10:00p,@,Utah Jazz,L,,99,114,11,25,L 15
2021,HOU,2021-03-14,8:00p,,Boston Celtics,L,,107,134,11,26,L 16
2021,HOU,2021-03-16,8:00p,,Atlanta Hawks,L,,107,119,11,27,L 17
2021,HOU,2021-03-17,8:00p,,Golden State Warriors,L,,94,108,11,28,L 18
2021,HOU,2021-03-19,8:00p,,Detroit Pistons,L,,100,113,11,29,L 19
2021,HOU,2021-03-21,2:00p,,Oklahoma City Thunder,L,,112,114,11,30,L 20
2021,HOU,2021-03-22,9:00p,,Toronto Raptors,W,,117,99,12,30,W 1
2021,HOU,2021-03-24,8:00p,,Charlotte Hornets,L,,97,122,12,31,L 1
2021,HOU,2021-03-26,8:00p,@,Minnesota Timberwolves,L,,101,107,12,32,L 2
2021,HOU,2021-03-27,8:00p,@,Minnesota Timberwolves,W,,129,107,13,32,W 1
2021,HOU,2021-03-29,8:00p,,Memphis Grizzlies,L,,110,120,13,33,L 1
2021,HOU,2021-03-31,7:30p,@,Brooklyn Nets,L,,108,120,13,34,L 2
2021,HOU,2021-04-02,7:30p,@,Boston Celtics,L,,102,118,13,35,L 3
2021,HOU,2021-04-04,8:00p,,New Orleans Pelicans,L,,115,122,13,36,L 4
2021,HOU,2021-04-05,8:00p,,Phoenix Suns,L,,130,133,13,37,L 5
2021,HOU,2021-04-07,8:00p,,Dallas Mavericks,W,,102,93,14,37,W 1
2021,HOU,2021-04-09,10:00p,@,Los Angeles Clippers,L,,109,126,14,38,L 1
2021,HOU,2021-04-10,10:00p,@,Golden State Warriors,L,,109,125,14,39,L 2
2021,HOU,2021-04-12,10:00p,@,Phoenix Suns,L,,120,126,14,40,L 3
2021,HOU,2021-04-14,9:00p,,Indiana Pacers,L,,124,132,14,41,L 4
2021,HOU,2021-04-16,8:00p,,Denver Nuggets,L,,99,128,14,42,L 5
2021,HOU,2021-04-18,7:00p,@,Orlando Magic,W,,114,110,15,42,W 1
2021,HOU,2021-04-19,8:00p,@,Miami Heat,L,,91,113,15,43,L 1
2021,HOU,2021-04-21,8:00p,,Utah Jazz,L,,89,112,15,44,L 2
2021,HOU,2021-04-23,8:00p,,Los Angeles Clippers,L,,104,109,15,45,L 3
2021,HOU,2021-04-24,10:00p,@,Denver Nuggets,L,,116,129,15,46,L 4
2021,HOU,2021-04-27,9:00p,,Minnesota Timberwolves,L,,107,114,15,47,L 5
2021,HOU,2021-04-29,8:00p,,Milwaukee Bucks,W,,143,136,16,47,W 1
2021,HOU,2021-05-01,7:30p,,Golden State Warriors,L,,87,113,16,48,L 1
2021,HOU,2021-05-02,8:00p,,New York Knicks,L,,97,122,16,49,L 2
2021,HOU,2021-05-05,8:00p,,Philadelphia 76ers,L,,115,135,16,50,L 3
2021,HOU,2021-05-07,8:00p,@,Milwaukee Bucks,L,,133,141,16,51,L 4
2021,HOU,2021-05-08,10:00p,@,Utah Jazz,L,,116,124,16,52,L 5
2021,HOU,2021-05-10,10:00p,@,Portland Trail Blazers,L,,129,140,16,53,L 6
2021,HOU,2021-05-12,10:30p,@,Los Angeles Lakers,L,,122,124,16,54,L 7
2021,HOU,2021-05-14,9:00p,,Los Angeles Clippers,W,,122,115,17,54,W 1
2021,HOU,2021-05-16,7:00p,@,Atlanta Hawks,L,,95,124,17,55,L 1
2021,IND,2020-12-23,7:00p,,New York Knicks,W,,121,107,1,0,W 1
2021,IND,2020-12-26,8:00p,@,Chicago Bulls,W,,125,106,2,0,W 2
2021,IND,2020-12-27,8:00p,,Boston Celtics,W,,108,107,3,0,W 3
2021,IND,2020-12-29,7:00p,,Boston Celtics,L,,111,116,3,1,L 1
2021,IND,2020-12-31,3:00p,,Cleveland Cavaliers,W,,119,99,4,1,W 1
2021,IND,2021-01-02,7:00p,,New York Knicks,L,,102,106,4,2,L 1
2021,IND,2021-01-04,8:00p,@,New Orleans Pelicans,W,OT,118,116,5,2,W 1
2021,IND,2021-01-06,7:00p,,Houston Rockets,W,,114,107,6,2,W 2
2021,IND,2021-01-09,7:00p,,Phoenix Suns,L,,117,125,6,3,L 1
2021,IND,2021-01-11,10:00p,@,Sacramento Kings,L,,122,127,6,4,L 2
2021,IND,2021-01-12,10:30p,@,Golden State Warriors,W,,104,95,7,4,W 1
2021,IND,2021-01-14,10:00p,@,Portland Trail Blazers,W,,111,87,8,4,W 2
2021,IND,2021-01-17,10:00p,@,Los Angeles Clippers,L,,96,129,8,5,L 1
2021,IND,2021-01-20,7:00p,,Dallas Mavericks,L,,112,124,8,6,L 2
2021,IND,2021-01-22,7:00p,,Orlando Magic,W,OT,120,118,9,6,W 1
2021,IND,2021-01-24,1:00p,,Toronto Raptors,L,,102,107,9,7,L 1
2021,IND,2021-01-25,7:00p,,Toronto Raptors,W,,129,114,10,7,W 1
2021,IND,2021-01-27,7:00p,@,Charlotte Hornets,W,,116,106,11,7,W 2
2021,IND,2021-01-29,7:00p,@,Charlotte Hornets,L,,105,108,11,8,L 1
2021,IND,2021-01-31,7:00p,,Philadelphia 76ers,L,,110,119,11,9,L 2
2021,IND,2021-02-02,8:00p,,Memphis Grizzlies,W,,134,116,12,9,W 1
2021,IND,2021-02-03,7:00p,@,Milwaukee Bucks,L,,110,130,12,10,L 1
2021,IND,2021-02-05,7:00p,,New Orleans Pelicans,L,,113,114,12,11,L 2
2021,IND,2021-02-07,1:00p,,Utah Jazz,L,,95,103,12,12,L 3
2021,IND,2021-02-10,8:00p,@,Brooklyn Nets,L,,94,104,12,13,L 4
2021,IND,2021-02-11,8:00p,@,Detroit Pistons,W,,111,95,13,13,W 1
2021,IND,2021-02-13,7:30p,@,Atlanta Hawks,W,,125,113,14,13,W 2
2021,IND,2021-02-15,7:00p,,Chicago Bulls,L,OT,112,120,14,14,L 1
2021,IND,2021-02-17,8:00p,@,Minnesota Timberwolves,W,OT,134,128,15,14,W 1
2021,IND,2021-02-24,7:30p,,Golden State Warriors,L,,107,111,15,15,L 1
2021,IND,2021-02-26,7:30p,@,Boston Celtics,L,,112,118,15,16,L 2
2021,IND,2021-02-27,8:00p,@,New York Knicks,L,,107,110,15,17,L 3
2021,IND,2021-03-01,7:00p,@,Philadelphia 76ers,L,,114,130,15,18,L 4
2021,IND,2021-03-03,7:00p,@,Cleveland Cavaliers,W,,114,111,16,18,W 1
2021,IND,2021-03-04,8:00p,,Denver Nuggets,L,,103,113,16,19,L 1
2021,IND,2021-03-12,10:30p,@,Los Angeles Lakers,L,,100,105,16,20,L 2
2021,IND,2021-03-13,10:00p,@,Phoenix Suns,W,,122,111,17,20,W 1
2021,IND,2021-03-15,10:00p,@,Denver Nuggets,L,,106,121,17,21,L 1
2021,IND,2021-03-17,7:00p,,Brooklyn Nets,L,,115,124,17,22,L 2
2021,IND,2021-03-19,8:00p,@,Miami Heat,W,,137,110,18,22,W 1
2021,IND,2021-03-21,1:00p,@,Miami Heat,W,OT,109,106,19,22,W 2
2021,IND,2021-03-22,9:00p,@,Milwaukee Bucks,L,,113,140,19,23,L 1
2021,IND,2021-03-24,7:00p,,Detroit Pistons,W,,116,111,20,23,W 1
2021,IND,2021-03-26,8:30p,@,Dallas Mavericks,W,,109,94,21,23,W 2
2021,IND,2021-03-29,7:00p,@,Washington Wizards,L,,124,132,21,24,L 1
2021,IND,2021-03-31,7:00p,,Miami Heat,L,,87,92,21,25,L 2
2021,IND,2021-04-02,8:00p,,Charlotte Hornets,L,,97,114,21,26,L 3
2021,IND,2021-04-03,9:00p,@,San Antonio Spurs,W,OT,139,133,22,26,W 1
2021,IND,2021-04-06,7:00p,,Chicago Bulls,L,,97,113,22,27,L 1
2021,IND,2021-04-07,7:00p,,Minnesota Timberwolves,W,,141,137,23,27,W 1
2021,IND,2021-04-09,7:00p,@,Orlando Magic,W,,111,106,24,27,W 2
2021,IND,2021-04-11,8:00p,@,Memphis Grizzlies,W,,132,125,25,27,W 3
2021,IND,2021-04-13,7:30p,,Los Angeles Clippers,L,,115,126,25,28,L 1
2021,IND,2021-04-14,9:00p,@,Houston Rockets,W,,132,124,26,28,W 1
2021,IND,2021-04-16,3:00p,@,Utah Jazz,L,,111,119,26,29,L 1
2021,IND,2021-04-18,1:00p,@,Atlanta Hawks,L,,117,129,26,30,L 2
2021,IND,2021-04-19,8:00p,,San Antonio Spurs,L,,94,109,26,31,L 3
2021,IND,2021-04-21,7:00p,,Oklahoma City Thunder,W,,122,116,27,31,W 1
2021,IND,2021-04-24,7:00p,,Detroit Pistons,W,,115,109,28,31,W 2
2021,IND,2021-04-25,8:00p,@,Orlando Magic,W,,131,112,29,31,W 3
2021,IND,2021-04-27,7:00p,,Portland Trail Blazers,L,,112,133,29,32,L 1
2021,IND,2021-04-29,7:00p,,Brooklyn Nets,L,,113,130,29,33,L 2
2021,IND,2021-05-01,8:00p,@,Oklahoma City Thunder,W,,152,95,30,33,W 1
2021,IND,2021-05-03,7:00p,@,Washington Wizards,L,,141,154,30,34,L 1
2021,IND,2021-05-05,8:00p,,Sacramento Kings,L,,93,104,30,35,L 2
2021,IND,2021-05-06,8:00p,,Atlanta Hawks,W,,133,126,31,35,W 1
2021,IND,2021-05-08,7:00p,,Washington Wizards,L,OT,132,133,31,36,L 1
2021,IND,2021-05-10,7:30p,@,Cleveland Cavaliers,W,,111,102,32,36,W 1
2021,IND,2021-05-11,8:00p,,Philadelphia 76ers,W,,103,94,33,36,W 2
2021,IND,2021-05-13,7:00p,,Milwaukee Bucks,L,,133,142,33,37,L 1
2021,IND,2021-05-15,1:00p,,Los Angeles Lakers,L,,115,122,33,38,L 2
2021,IND,2021-05-16,1:00p,@,Toronto Raptors,W,,125,113,34,38,W 1
2021,IND,2021-05-18,6:30p,,Charlotte Hornets,W,,144,117,35,38,W 2
2021,IND,2021-05-20,8:00p,@,Washington Wizards,L,,115,142,35,39,L 1
2021,LAC,2020-12-22,10:00p,@,Los Angeles Lakers,W,,116,109,1,0,W 1
2021,LAC,2020-12-25,10:30p,@,Denver Nuggets,W,,121,108,2,0,W 2
2021,LAC,2020-12-27,3:30p,,Dallas Mavericks,L,,73,124,2,1,L 1
2021,LAC,2020-12-29,10:00p,,Minnesota Timberwolves,W,,124,101,3,1,W 1
2021,LAC,2020-12-30,10:00p,,Portland Trail Blazers,W,,128,105,4,1,W 2
2021,LAC,2021-01-01,9:00p,@,Utah Jazz,L,,100,106,4,2,L 1
2021,LAC,2021-01-03,8:00p,@,Phoenix Suns,W,,112,107,5,2,W 1
2021,LAC,2021-01-05,10:00p,,San Antonio Spurs,L,,113,116,5,3,L 1
2021,LAC,2021-01-06,10:00p,@,Golden State Warriors,W,,108,101,6,3,W 1
2021,LAC,2021-01-08,10:00p,@,Golden State Warriors,L,,105,115,6,4,L 1
2021,LAC,2021-01-10,4:00p,,Chicago Bulls,W,,130,127,7,4,W 1
2021,LAC,2021-01-13,10:00p,,New Orleans Pelicans,W,,111,106,8,4,W 2
2021,LAC,2021-01-15,10:00p,@,Sacramento Kings,W,,138,100,9,4,W 3
2021,LAC,2021-01-17,10:00p,,Indiana Pacers,W,,129,96,10,4,W 4
2021,LAC,2021-01-20,10:00p,,Sacramento Kings,W,,115,96,11,4,W 5
2021,LAC,2021-01-22,10:00p,,Oklahoma City Thunder,W,,120,106,12,4,W 6
2021,LAC,2021-01-24,4:00p,,Oklahoma City Thunder,W,,108,100,13,4,W 7
2021,LAC,2021-01-26,7:30p,@,Atlanta Hawks,L,,99,108,13,5,L 1
2021,LAC,2021-01-28,8:00p,@,Miami Heat,W,,109,105,14,5,W 1
2021,LAC,2021-01-29,8:00p,@,Orlando Magic,W,,116,90,15,5,W 2
2021,LAC,2021-01-31,1:00p,@,New York Knicks,W,,129,115,16,5,W 3
2021,LAC,2021-02-02,7:30p,@,Brooklyn Nets,L,,120,124,16,6,L 1
2021,LAC,2021-02-03,8:00p,@,Cleveland Cavaliers,W,,121,99,17,6,W 1
2021,LAC,2021-02-05,10:00p,,Boston Celtics,L,,115,119,17,7,L 1
2021,LAC,2021-02-07,3:00p,,Sacramento Kings,L,,110,113,17,8,L 2
2021,LAC,2021-02-10,8:00p,@,Minnesota Timberwolves,W,,119,112,18,8,W 1
2021,LAC,2021-02-12,8:00p,@,Chicago Bulls,W,,125,106,19,8,W 2
2021,LAC,2021-02-14,10:00p,,Cleveland Cavaliers,W,,128,111,20,8,W 3
2021,LAC,2021-02-15,10:00p,,Miami Heat,W,,125,118,21,8,W 4
2021,LAC,2021-02-17,10:00p,,Utah Jazz,L,,96,114,21,9,L 1
2021,LAC,2021-02-19,10:00p,,Utah Jazz,W,,116,112,22,9,W 1
2021,LAC,2021-02-21,8:00p,,Brooklyn Nets,L,,108,112,22,10,L 1
2021,LAC,2021-02-23,10:00p,,Washington Wizards,W,,135,116,23,10,W 1
2021,LAC,2021-02-25,8:00p,@,Memphis Grizzlies,L,,94,122,23,11,L 1
2021,LAC,2021-02-26,8:00p,@,Memphis Grizzlies,W,,119,99,24,11,W 1
2021,LAC,2021-02-28,3:30p,@,Milwaukee Bucks,L,,100,105,24,12,L 1
2021,LAC,2021-03-02,7:30p,@,Boston Celtics,L,,112,117,24,13,L 2
2021,LAC,2021-03-04,7:00p,@,Washington Wizards,L,,117,119,24,14,L 3
2021,LAC,2021-03-11,10:00p,,Golden State Warriors,W,,130,104,25,14,W 1
2021,LAC,2021-03-14,9:00p,@,New Orleans Pelicans,L,,115,135,25,15,L 1
2021,LAC,2021-03-15,9:00p,@,Dallas Mavericks,W,,109,99,26,15,W 1
2021,LAC,2021-03-17,9:30p,@,Dallas Mavericks,L,,89,105,26,16,L 1
2021,LAC,2021-03-20,10:00p,,Charlotte Hornets,W,,125,98,27,16,W 1
2021,LAC,2021-03-22,10:00p,,Atlanta Hawks,W,,119,110,28,16,W 2
2021,LAC,2021-03-24,8:30p,@,San Antonio Spurs,W,,134,101,29,16,W 3
2021,LAC,2021-03-25,8:30p,@,San Antonio Spurs,W,,98,85,30,16,W 4
2021,LAC,2021-03-27,10:00p,,Philadelphia 76ers,W,,122,112,31,16,W 5
2021,LAC,2021-03-29,10:00p,,Milwaukee Bucks,W,,129,105,32,16,W 6
2021,LAC,2021-03-30,10:00p,,Orlando Magic,L,,96,103,32,17,L 1
2021,LAC,2021-04-01,10:00p,,Denver Nuggets,L,,94,101,32,18,L 2
2021,LAC,2021-04-04,3:30p,,Los Angeles Lakers,W,,104,86,33,18,W 1
2021,LAC,2021-04-06,10:00p,,Portland Trail Blazers,W,,133,116,34,18,W 2
2021,LAC,2021-04-08,10:00p,,Phoenix Suns,W,,113,103,35,18,W 3
2021,LAC,2021-04-09,10:00p,,Houston Rockets,W,,126,109,36,18,W 4
2021,LAC,2021-04-11,10:00p,,Detroit Pistons,W,,131,124,37,18,W 5
2021,LAC,2021-04-13,7:30p,@,Indiana Pacers,W,,126,115,38,18,W 6
2021,LAC,2021-04-14,8:00p,@,Detroit Pistons,W,,100,98,39,18,W 7
2021,LAC,2021-04-16,7:00p,@,Philadelphia 76ers,L,,103,106,39,19,L 1
2021,LAC,2021-04-18,10:00p,,Minnesota Timberwolves,W,,124,105,40,19,W 1
2021,LAC,2021-04-20,10:00p,@,Portland Trail Blazers,W,,113,112,41,19,W 2
2021,LAC,2021-04-21,10:00p,,Memphis Grizzlies,W,,117,105,42,19,W 3
2021,LAC,2021-04-23,8:00p,@,Houston Rockets,W,,109,104,43,19,W 4
2021,LAC,2021-04-26,8:00p,@,New Orleans Pelicans,L,,103,120,43,20,L 1
2021,LAC,2021-04-28,10:00p,@,Phoenix Suns,L,,101,109,43,21,L 2
2021,LAC,2021-05-01,10:00p,,Denver Nuggets,L,,104,110,43,22,L 3
2021,LAC,2021-05-04,10:00p,,Toronto Raptors,W,,105,100,44,22,W 1
2021,LAC,2021-05-06,10:00p,,Los Angeles Lakers,W,,118,94,45,22,W 2
2021,LAC,2021-05-09,3:30p,,New York Knicks,L,,100,106,45,23,L 1
2021,LAC,2021-05-11,7:30p,@,Toronto Raptors,W,,115,96,46,23,W 1
2021,LAC,2021-05-13,7:00p,@,Charlotte Hornets,W,,113,90,47,23,W 2
2021,LAC,2021-05-14,9:00p,@,Houston Rockets,L,,115,122,47,24,L 1
2021,LAC,2021-05-16,9:00p,@,Oklahoma City Thunder,L,,112,117,47,25,L 2
2021,LAC,2021-05-22,4:30p,,Dallas Mavericks,L,,103,113,0,1,L 1
2021,LAC,2021-05-25,10:30p,,Dallas Mavericks,L,,121,127,0,2,L 2
2021,LAC,2021-05-28,9:30p,@,Dallas Mavericks,W,,118,108,1,2,W 1
2021,LAC,2021-05-30,9:30p,@,Dallas Mavericks,W,,106,81,2,2,W 2
2021,LAC,2021-06-02,10:00p,,Dallas Mavericks,L,,100,105,2,3,L 1
2021,LAC,2021-06-04,9:00p,@,Dallas Mavericks,W,,104,97,3,3,W 1
2021,LAC,2021-06-06,3:30p,,Dallas Mavericks,W,,126,111,4,3,W 2
2021,LAC,2021-06-08,10:00p,@,Utah Jazz,L,,109,112,4,4,L 1
2021,LAC,2021-06-10,10:00p,@,Utah Jazz,L,,111,117,4,5,L 2
2021,LAC,2021-06-12,8:30p,,Utah Jazz,W,,132,106,5,5,W 1
2021,LAC,2021-06-14,10:00p,,Utah Jazz,W,,118,104,6,5,W 2
2021,LAC,2021-06-16,10:00p,@,Utah Jazz,W,,119,111,7,5,W 3
2021,LAC,2021-06-18,10:00p,,Utah Jazz,W,,131,119,8,5,W 4
2021,LAC,2021-06-20,3:30p,@,Phoenix Suns,L,,114,120,8,6,L 1
2021,LAC,2021-06-22,9:00p,@,Phoenix Suns,L,,103,104,8,7,L 2
2021,LAC,2021-06-24,9:00p,,Phoenix Suns,W,,106,92,9,7,W 1
2021,LAC,2021-06-26,9:00p,,Phoenix Suns,L,,80,84,9,8,L 1
2021,LAC,2021-06-28,9:00p,@,Phoenix Suns,W,,116,102,10,8,W 1
2021,LAC,2021-06-30,9:00p,,Phoenix Suns,L,,103,130,10,9,L 1
2021,LAL,2020-12-22,10:00p,,Los Angeles Clippers,L,,109,116,0,1,L 1
2021,LAL,2020-12-25,8:00p,,Dallas Mavericks,W,,138,115,1,1,W 1
2021,LAL,2020-12-27,10:00p,,Minnesota Timberwolves,W,,127,91,2,1,W 2
2021,LAL,2020-12-28,10:00p,,Portland Trail Blazers,L,,107,115,2,2,L 1
2021,LAL,2020-12-30,8:30p,@,San Antonio Spurs,W,,121,107,3,2,W 1
2021,LAL,2021-01-01,8:00p,@,San Antonio Spurs,W,,109,103,4,2,W 2
2021,LAL,2021-01-03,6:00p,@,Memphis Grizzlies,W,,108,94,5,2,W 3
2021,LAL,2021-01-05,8:00p,@,Memphis Grizzlies,W,,94,92,6,2,W 4
2021,LAL,2021-01-07,10:00p,,San Antonio Spurs,L,,109,118,6,3,L 1
2021,LAL,2021-01-08,10:00p,,Chicago Bulls,W,,117,115,7,3,W 1
2021,LAL,2021-01-10,7:00p,@,Houston Rockets,W,,120,102,8,3,W 2
2021,LAL,2021-01-12,8:00p,@,Houston Rockets,W,,117,100,9,3,W 3
2021,LAL,2021-01-13,8:00p,@,Oklahoma City Thunder,W,,128,99,10,3,W 4
2021,LAL,2021-01-15,10:00p,,New Orleans Pelicans,W,,112,95,11,3,W 5
2021,LAL,2021-01-18,10:00p,,Golden State Warriors,L,,113,115,11,4,L 1
2021,LAL,2021-01-21,7:30p,@,Milwaukee Bucks,W,,113,106,12,4,W 1
2021,LAL,2021-01-23,9:00p,@,Chicago Bulls,W,,101,90,13,4,W 2
2021,LAL,2021-01-25,8:00p,@,Cleveland Cavaliers,W,,115,108,14,4,W 3
2021,LAL,2021-01-27,7:30p,@,Philadelphia 76ers,L,,106,107,14,5,L 1
2021,LAL,2021-01-28,8:00p,@,Detroit Pistons,L,,92,107,14,6,L 2
2021,LAL,2021-01-30,8:30p,@,Boston Celtics,W,,96,95,15,6,W 1
2021,LAL,2021-02-01,7:30p,@,Atlanta Hawks,W,,107,99,16,6,W 2
2021,LAL,2021-02-04,10:00p,,Denver Nuggets,W,,114,93,17,6,W 3
2021,LAL,2021-02-06,10:00p,,Detroit Pistons,W,2OT,135,129,18,6,W 4
2021,LAL,2021-02-08,10:00p,,Oklahoma City Thunder,W,OT,119,112,19,6,W 5
2021,LAL,2021-02-10,10:00p,,Oklahoma City Thunder,W,OT,114,113,20,6,W 6
2021,LAL,2021-02-12,10:00p,,Memphis Grizzlies,W,,115,105,21,6,W 7
2021,LAL,2021-02-14,10:00p,@,Denver Nuggets,L,,105,122,21,7,L 1
2021,LAL,2021-02-16,8:00p,@,Minnesota Timberwolves,W,,112,104,22,7,W 1
2021,LAL,2021-02-18,10:00p,,Brooklyn Nets,L,,98,109,22,8,L 1
2021,LAL,2021-02-20,8:30p,,Miami Heat,L,,94,96,22,9,L 2
2021,LAL,2021-02-22,10:00p,,Washington Wizards,L,OT,124,127,22,10,L 3
2021,LAL,2021-02-24,10:00p,@,Utah Jazz,L,,89,114,22,11,L 4
2021,LAL,2021-02-26,10:00p,,Portland Trail Blazers,W,,102,93,23,11,W 1
2021,LAL,2021-02-28,8:00p,,Golden State Warriors,W,,117,91,24,11,W 2
2021,LAL,2021-03-02,10:00p,,Phoenix Suns,L,,104,114,24,12,L 1
2021,LAL,2021-03-03,10:00p,@,Sacramento Kings,L,,120,123,24,13,L 2
2021,LAL,2021-03-12,10:30p,,Indiana Pacers,W,,105,100,25,13,W 1
2021,LAL,2021-03-15,10:30p,@,Golden State Warriors,W,,128,97,26,13,W 2
2021,LAL,2021-03-16,10:30p,,Minnesota Timberwolves,W,,137,121,27,13,W 3
2021,LAL,2021-03-18,10:30p,,Charlotte Hornets,W,,116,105,28,13,W 4
2021,LAL,2021-03-20,3:30p,,Atlanta Hawks,L,,94,99,28,14,L 1
2021,LAL,2021-03-21,10:00p,@,Phoenix Suns,L,,94,111,28,15,L 2
2021,LAL,2021-03-23,7:30p,@,New Orleans Pelicans,L,,111,128,28,16,L 3
2021,LAL,2021-03-25,10:00p,,Philadelphia 76ers,L,,101,109,28,17,L 4
2021,LAL,2021-03-26,10:30p,,Cleveland Cavaliers,W,,100,86,29,17,W 1
2021,LAL,2021-03-28,10:00p,,Orlando Magic,W,,96,93,30,17,W 2
2021,LAL,2021-03-31,10:00p,,Milwaukee Bucks,L,,97,112,30,18,L 1
2021,LAL,2021-04-02,10:00p,@,Sacramento Kings,W,,115,94,31,18,W 1
2021,LAL,2021-04-04,3:30p,@,Los Angeles Clippers,L,,86,104,31,19,L 1
2021,LAL,2021-04-06,7:30p,@,Toronto Raptors,W,,110,101,32,19,W 1
2021,LAL,2021-04-08,7:30p,@,Miami Heat,L,,104,110,32,20,L 1
2021,LAL,2021-04-10,8:30p,@,Brooklyn Nets,W,,126,101,33,20,W 1
2021,LAL,2021-04-12,7:30p,@,New York Knicks,L,,96,111,33,21,L 1
2021,LAL,2021-04-13,8:00p,@,Charlotte Hornets,W,,101,93,34,21,W 1
2021,LAL,2021-04-15,10:00p,,Boston Celtics,L,,113,121,34,22,L 1
2021,LAL,2021-04-17,4:30p,,Utah Jazz,W,OT,127,115,35,22,W 1
2021,LAL,2021-04-19,10:00p,,Utah Jazz,L,,97,111,35,23,L 1
2021,LAL,2021-04-22,9:30p,@,Dallas Mavericks,L,,110,115,35,24,L 2
2021,LAL,2021-04-24,8:30p,@,Dallas Mavericks,L,,93,108,35,25,L 3
2021,LAL,2021-04-26,7:00p,@,Orlando Magic,W,,114,103,36,25,W 1
2021,LAL,2021-04-28,7:30p,@,Washington Wizards,L,,107,116,36,26,L 1
2021,LAL,2021-04-30,10:30p,,Sacramento Kings,L,,106,110,36,27,L 2
2021,LAL,2021-05-02,10:00p,,Toronto Raptors,L,,114,121,36,28,L 3
2021,LAL,2021-05-03,10:00p,,Denver Nuggets,W,,93,89,37,28,W 1
2021,LAL,2021-05-06,10:00p,@,Los Angeles Clippers,L,,94,118,37,29,L 1
2021,LAL,2021-05-07,10:00p,@,Portland Trail Blazers,L,,101,106,37,30,L 2
2021,LAL,2021-05-09,10:00p,,Phoenix Suns,W,,123,110,38,30,W 1
2021,LAL,2021-05-11,10:00p,,New York Knicks,W,OT,101,99,39,30,W 2
2021,LAL,2021-05-12,10:30p,,Houston Rockets,W,,124,122,40,30,W 3
2021,LAL,2021-05-15,1:00p,@,Indiana Pacers,W,,122,115,41,30,W 4
2021,LAL,2021-05-16,9:00p,@,New Orleans Pelicans,W,,110,98,42,30,W 5
2021,LAL,2021-05-19,10:00p,,Golden State Warriors,W,,103,100,43,30,W 6
2021,LAL,2021-05-23,3:30p,@,Phoenix Suns,L,,90,99,0,1,L 1
2021,LAL,2021-05-25,10:00p,@,Phoenix Suns,W,,109,102,1,1,W 1
2021,LAL,2021-05-27,10:00p,,Phoenix Suns,W,,109,95,2,1,W 2
2021,LAL,2021-05-30,3:30p,,Phoenix Suns,L,,92,100,2,2,L 1
2021,LAL,2021-06-01,10:00p,@,Phoenix Suns,L,,85,115,2,3,L 2
2021,LAL,2021-06-03,10:30p,,Phoenix Suns,L,,100,113,2,4,L 3
2021,MEM,2020-12-23,8:00p,,San Antonio Spurs,L,,119,131,0,1,L 1
2021,MEM,2020-12-26,5:00p,,Atlanta Hawks,L,,112,122,0,2,L 2
2021,MEM,2020-12-28,7:30p,@,Brooklyn Nets,W,OT,116,111,1,2,W 1
2021,MEM,2020-12-30,7:30p,@,Boston Celtics,L,,107,126,1,3,L 1
2021,MEM,2021-01-01,7:00p,@,Charlotte Hornets,W,,108,93,2,3,W 1
2021,MEM,2021-01-03,6:00p,,Los Angeles Lakers,L,,94,108,2,4,L 1
2021,MEM,2021-01-05,8:00p,,Los Angeles Lakers,L,,92,94,2,5,L 2
2021,MEM,2021-01-07,8:00p,,Cleveland Cavaliers,L,,90,94,2,6,L 3
2021,MEM,2021-01-08,8:00p,,Brooklyn Nets,W,,115,110,3,6,W 1
2021,MEM,2021-01-11,7:00p,@,Cleveland Cavaliers,W,,101,91,4,6,W 2
2021,MEM,2021-01-13,8:00p,@,Minnesota Timberwolves,W,,118,107,5,6,W 3
2021,MEM,2021-01-16,8:00p,,Philadelphia 76ers,W,,106,104,6,6,W 4
2021,MEM,2021-01-18,5:00p,,Phoenix Suns,W,,108,104,7,6,W 5
2021,MEM,2021-01-30,8:30p,@,San Antonio Spurs,W,,129,112,8,6,W 6
2021,MEM,2021-02-01,8:30p,@,San Antonio Spurs,W,,133,102,9,6,W 7
2021,MEM,2021-02-02,8:00p,@,Indiana Pacers,L,,116,134,9,7,L 1
2021,MEM,2021-02-04,9:00p,,Houston Rockets,L,,103,115,9,8,L 2
2021,MEM,2021-02-06,9:00p,@,New Orleans Pelicans,L,,109,118,9,9,L 3
2021,MEM,2021-02-08,8:00p,,Toronto Raptors,L,,113,128,9,10,L 4
2021,MEM,2021-02-10,8:00p,,Charlotte Hornets,W,,130,114,10,10,W 1
2021,MEM,2021-02-12,10:00p,@,Los Angeles Lakers,L,,105,115,10,11,L 1
2021,MEM,2021-02-14,10:00p,@,Sacramento Kings,W,,124,110,11,11,W 1
2021,MEM,2021-02-16,8:00p,,New Orleans Pelicans,L,,113,144,11,12,L 1
2021,MEM,2021-02-17,9:00p,,Oklahoma City Thunder,W,,122,113,12,12,W 1
2021,MEM,2021-02-19,8:00p,,Detroit Pistons,W,,109,95,13,12,W 2
2021,MEM,2021-02-20,9:00p,,Phoenix Suns,L,,97,128,13,13,L 1
2021,MEM,2021-02-22,8:30p,@,Dallas Mavericks,L,,92,102,13,14,L 2
2021,MEM,2021-02-25,8:00p,,Los Angeles Clippers,W,,122,94,14,14,W 1
2021,MEM,2021-02-26,8:00p,,Los Angeles Clippers,L,,99,119,14,15,L 1
2021,MEM,2021-02-28,8:00p,@,Houston Rockets,W,,133,84,15,15,W 1
2021,MEM,2021-03-02,7:00p,@,Washington Wizards,W,,125,111,16,15,W 2
2021,MEM,2021-03-04,8:00p,,Milwaukee Bucks,L,,111,112,16,16,L 1
2021,MEM,2021-03-10,8:00p,,Washington Wizards,W,,127,112,17,16,W 1
2021,MEM,2021-03-12,8:00p,,Denver Nuggets,L,,102,103,17,17,L 1
2021,MEM,2021-03-14,2:00p,@,Oklahoma City Thunder,L,,122,128,17,18,L 2
2021,MEM,2021-03-15,10:00p,@,Phoenix Suns,L,,99,122,17,19,L 3
2021,MEM,2021-03-17,9:00p,,Miami Heat,W,,89,85,18,19,W 1
2021,MEM,2021-03-19,8:00p,,Golden State Warriors,L,,103,116,18,20,L 1
2021,MEM,2021-03-20,8:00p,,Golden State Warriors,W,,111,103,19,20,W 1
2021,MEM,2021-03-22,9:00p,,Boston Celtics,W,OT,132,126,20,20,W 2
2021,MEM,2021-03-24,8:00p,@,Oklahoma City Thunder,W,,116,107,21,20,W 3
2021,MEM,2021-03-26,9:00p,@,Utah Jazz,L,,114,117,21,21,L 1
2021,MEM,2021-03-27,9:00p,@,Utah Jazz,L,,110,126,21,22,L 2
2021,MEM,2021-03-29,8:00p,@,Houston Rockets,W,,120,110,22,22,W 1
2021,MEM,2021-03-31,8:00p,,Utah Jazz,L,,107,111,22,23,L 1
2021,MEM,2021-04-02,8:00p,,Minnesota Timberwolves,W,,120,108,23,23,W 1
2021,MEM,2021-04-04,7:00p,@,Philadelphia 76ers,W,,116,100,24,23,W 2
2021,MEM,2021-04-06,8:00p,@,Miami Heat,W,,124,112,25,23,W 3
2021,MEM,2021-04-07,8:00p,@,Atlanta Hawks,W,,131,113,26,23,W 4
2021,MEM,2021-04-09,7:30p,@,New York Knicks,L,OT,129,133,26,24,L 1
2021,MEM,2021-04-11,8:00p,,Indiana Pacers,L,,125,132,26,25,L 2
2021,MEM,2021-04-12,9:00p,,Chicago Bulls,W,,101,90,27,25,W 1
2021,MEM,2021-04-14,9:30p,,Dallas Mavericks,L,,113,114,27,26,L 1
2021,MEM,2021-04-16,8:00p,@,Chicago Bulls,W,,126,115,28,26,W 1
2021,MEM,2021-04-17,9:00p,@,Milwaukee Bucks,W,,128,115,29,26,W 2
2021,MEM,2021-04-19,9:00p,@,Denver Nuggets,L,2OT,137,139,29,27,L 1
2021,MEM,2021-04-21,10:00p,@,Los Angeles Clippers,L,,105,117,29,28,L 2
2021,MEM,2021-04-23,10:00p,@,Portland Trail Blazers,W,,130,128,30,28,W 1
2021,MEM,2021-04-25,4:00p,@,Portland Trail Blazers,W,,120,113,31,28,W 2
2021,MEM,2021-04-26,9:00p,@,Denver Nuggets,L,,96,120,31,29,L 1
2021,MEM,2021-04-28,9:00p,,Portland Trail Blazers,L,,109,130,31,30,L 2
2021,MEM,2021-04-30,8:00p,,Orlando Magic,W,,92,75,32,30,W 1
2021,MEM,2021-05-01,8:00p,@,Orlando Magic,L,,111,112,32,31,L 1
2021,MEM,2021-05-03,9:00p,,New York Knicks,L,,104,118,32,32,L 2
2021,MEM,2021-05-05,8:00p,@,Minnesota Timberwolves,W,,139,135,33,32,W 1
2021,MEM,2021-05-06,8:00p,@,Detroit Pistons,L,,97,111,33,33,L 1
2021,MEM,2021-05-08,7:30p,@,Toronto Raptors,W,,109,99,34,33,W 1
2021,MEM,2021-05-10,8:00p,,New Orleans Pelicans,W,,115,110,35,33,W 2
2021,MEM,2021-05-11,8:00p,,Dallas Mavericks,W,,133,104,36,33,W 3
2021,MEM,2021-05-13,8:00p,,Sacramento Kings,W,,116,110,37,33,W 4
2021,MEM,2021-05-14,9:00p,,Sacramento Kings,W,,107,106,38,33,W 5
2021,MEM,2021-05-16,3:30p,@,Golden State Warriors,L,,101,113,38,34,L 1
2021,MEM,2021-05-19,7:30p,,San Antonio Spurs,W,,100,96,39,34,W 1
2021,MEM,2021-05-21,9:00p,@,Golden State Warriors,W,OT,117,112,40,34,W 2
2021,MEM,2021-05-23,9:30p,@,Utah Jazz,W,,112,109,1,0,W 1
2021,MEM,2021-05-26,10:00p,@,Utah Jazz,L,,129,141,1,1,L 1
2021,MEM,2021-05-29,9:30p,,Utah Jazz,L,,111,121,1,2,L 2
2021,MEM,2021-05-31,9:30p,,Utah Jazz,L,,113,120,1,3,L 3
2021,MEM,2021-06-02,9:30p,@,Utah Jazz,L,,110,126,1,4,L 4
2021,MIA,2020-12-23,7:00p,@,Orlando Magic,L,,107,113,0,1,L 1
2021,MIA,2020-12-25,12:00p,,New Orleans Pelicans,W,,111,98,1,1,W 1
2021,MIA,2020-12-29,7:30p,,Milwaukee Bucks,L,,97,144,1,2,L 1
2021,MIA,2020-12-30,7:30p,,Milwaukee Bucks,W,,119,108,2,2,W 1
2021,MIA,2021-01-01,7:00p,@,Dallas Mavericks,L,,83,93,2,3,L 1
2021,MIA,2021-01-04,7:30p,,Oklahoma City Thunder,W,,118,90,3,3,W 1
2021,MIA,2021-01-06,7:30p,,Boston Celtics,L,,105,107,3,4,L 1
2021,MIA,2021-01-09,7:00p,@,Washington Wizards,W,,128,124,4,4,W 1
2021,MIA,2021-01-12,7:00p,@,Philadelphia 76ers,L,OT,134,137,4,5,L 1
2021,MIA,2021-01-14,7:00p,@,Philadelphia 76ers,L,,108,125,4,6,L 2
2021,MIA,2021-01-16,8:00p,,Detroit Pistons,L,,100,120,4,7,L 3
2021,MIA,2021-01-18,8:00p,,Detroit Pistons,W,,113,107,5,7,W 1
2021,MIA,2021-01-20,7:30p,@,Toronto Raptors,W,,111,102,6,7,W 2
2021,MIA,2021-01-22,7:30p,@,Toronto Raptors,L,,81,101,6,8,L 1
2021,MIA,2021-01-23,8:00p,@,Brooklyn Nets,L,,124,128,6,9,L 2
2021,MIA,2021-01-25,7:30p,@,Brooklyn Nets,L,,85,98,6,10,L 3
2021,MIA,2021-01-27,7:30p,,Denver Nuggets,L,,82,109,6,11,L 4
2021,MIA,2021-01-28,8:00p,,Los Angeles Clippers,L,,105,109,6,12,L 5
2021,MIA,2021-01-30,8:00p,,Sacramento Kings,W,,105,104,7,12,W 1
2021,MIA,2021-02-01,7:30p,,Charlotte Hornets,L,OT,121,129,7,13,L 1
2021,MIA,2021-02-03,8:00p,,Washington Wizards,L,,100,103,7,14,L 2
2021,MIA,2021-02-05,8:00p,,Washington Wizards,W,,122,95,8,14,W 1
2021,MIA,2021-02-07,1:00p,@,New York Knicks,W,,109,103,9,14,W 2
2021,MIA,2021-02-09,7:30p,,New York Knicks,W,,98,96,10,14,W 3
2021,MIA,2021-02-11,7:30p,@,Houston Rockets,W,,101,94,11,14,W 4
2021,MIA,2021-02-13,9:00p,@,Utah Jazz,L,,94,112,11,15,L 1
2021,MIA,2021-02-15,10:00p,@,Los Angeles Clippers,L,,118,125,11,16,L 2
2021,MIA,2021-02-17,10:00p,@,Golden State Warriors,L,OT,112,120,11,17,L 3
2021,MIA,2021-02-18,10:00p,@,Sacramento Kings,W,,118,110,12,17,W 1
2021,MIA,2021-02-20,8:30p,@,Los Angeles Lakers,W,,96,94,13,17,W 2
2021,MIA,2021-02-22,9:00p,@,Oklahoma City Thunder,W,,108,94,14,17,W 3
2021,MIA,2021-02-24,8:00p,,Toronto Raptors,W,,116,108,15,17,W 4
2021,MIA,2021-02-26,8:00p,,Utah Jazz,W,,124,116,16,17,W 5
2021,MIA,2021-02-28,8:00p,,Atlanta Hawks,W,,109,99,17,17,W 6
2021,MIA,2021-03-02,7:30p,,Atlanta Hawks,L,,80,94,17,18,L 1
2021,MIA,2021-03-04,8:30p,@,New Orleans Pelicans,W,,103,93,18,18,W 1
2021,MIA,2021-03-11,8:00p,,Orlando Magic,W,,111,103,19,18,W 2
2021,MIA,2021-03-12,9:00p,@,Chicago Bulls,W,,101,90,20,18,W 3
2021,MIA,2021-03-14,7:00p,@,Orlando Magic,W,,102,97,21,18,W 4
2021,MIA,2021-03-16,8:00p,,Cleveland Cavaliers,W,,113,98,22,18,W 5
2021,MIA,2021-03-17,9:00p,@,Memphis Grizzlies,L,,85,89,22,19,L 1
2021,MIA,2021-03-19,8:00p,,Indiana Pacers,L,,110,137,22,20,L 2
2021,MIA,2021-03-21,1:00p,,Indiana Pacers,L,OT,106,109,22,21,L 3
2021,MIA,2021-03-23,8:00p,,Phoenix Suns,L,,100,110,22,22,L 4
2021,MIA,2021-03-25,7:30p,,Portland Trail Blazers,L,,122,125,22,23,L 5
2021,MIA,2021-03-26,8:00p,@,Charlotte Hornets,L,,105,110,22,24,L 6
2021,MIA,2021-03-29,7:30p,@,New York Knicks,W,,98,88,23,24,W 1
2021,MIA,2021-03-31,7:00p,@,Indiana Pacers,W,,92,87,24,24,W 2
2021,MIA,2021-04-01,8:00p,,Golden State Warriors,W,,116,109,25,24,W 3
2021,MIA,2021-04-03,8:00p,,Cleveland Cavaliers,W,,115,101,26,24,W 4
2021,MIA,2021-04-06,8:00p,,Memphis Grizzlies,L,,112,124,26,25,L 1
2021,MIA,2021-04-08,7:30p,,Los Angeles Lakers,W,,110,104,27,25,W 1
2021,MIA,2021-04-11,10:00p,@,Portland Trail Blazers,W,,107,98,28,25,W 2
2021,MIA,2021-04-13,10:00p,@,Phoenix Suns,L,,86,106,28,26,L 1
2021,MIA,2021-04-14,10:00p,@,Denver Nuggets,L,,106,123,28,27,L 2
2021,MIA,2021-04-16,8:00p,@,Minnesota Timberwolves,L,,111,119,28,28,L 3
2021,MIA,2021-04-18,3:30p,,Brooklyn Nets,W,,109,107,29,28,W 1
2021,MIA,2021-04-19,8:00p,,Houston Rockets,W,,113,91,30,28,W 2
2021,MIA,2021-04-21,8:30p,@,San Antonio Spurs,W,,107,87,31,28,W 3
2021,MIA,2021-04-23,7:30p,@,Atlanta Hawks,L,,103,118,31,29,L 1
2021,MIA,2021-04-24,8:00p,,Chicago Bulls,W,,106,101,32,29,W 1
2021,MIA,2021-04-26,8:00p,,Chicago Bulls,L,,102,110,32,30,L 1
2021,MIA,2021-04-28,8:00p,,San Antonio Spurs,W,,116,111,33,30,W 1
2021,MIA,2021-05-01,8:00p,@,Cleveland Cavaliers,W,,124,107,34,30,W 2
2021,MIA,2021-05-02,8:00p,@,Charlotte Hornets,W,,121,111,35,30,W 3
2021,MIA,2021-05-04,8:00p,,Dallas Mavericks,L,,113,127,35,31,L 1
2021,MIA,2021-05-07,8:00p,,Minnesota Timberwolves,W,,121,112,36,31,W 1
2021,MIA,2021-05-09,1:00p,@,Boston Celtics,W,,130,124,37,31,W 2
2021,MIA,2021-05-11,7:30p,@,Boston Celtics,W,,129,121,38,31,W 3
2021,MIA,2021-05-13,7:30p,,Philadelphia 76ers,W,,106,94,39,31,W 4
2021,MIA,2021-05-15,8:00p,@,Milwaukee Bucks,L,,108,122,39,32,L 1
2021,MIA,2021-05-16,8:00p,@,Detroit Pistons,W,,120,107,40,32,W 1
2021,MIA,2021-05-22,2:00p,@,Milwaukee Bucks,L,OT,107,109,0,1,L 1
2021,MIA,2021-05-24,7:30p,@,Milwaukee Bucks,L,,98,132,0,2,L 2
2021,MIA,2021-05-27,7:30p,,Milwaukee Bucks,L,,84,113,0,3,L 3
2021,MIA,2021-05-29,1:30p,,Milwaukee Bucks,L,,103,120,0,4,L 4
2021,MIL,2020-12-23,7:30p,@,Boston Celtics,L,,121,122,0,1,L 1
2021,MIL,2020-12-25,2:30p,,Golden State Warriors,W,,138,99,1,1,W 1
2021,MIL,2020-12-27,7:30p,@,New York Knicks,L,,110,130,1,2,L 1
2021,MIL,2020-12-29,7:30p,@,Miami Heat,W,,144,97,2,2,W 1
2021,MIL,2020-12-30,7:30p,@,Miami Heat,L,,108,119,2,3,L 1
2021,MIL,2021-01-01,8:00p,,Chicago Bulls,W,,126,96,3,3,W 1
2021,MIL,2021-01-04,8:00p,,Detroit Pistons,W,,125,115,4,3,W 2
2021,MIL,2021-01-06,8:00p,,Detroit Pistons,W,,130,115,5,3,W 3
2021,MIL,2021-01-08,8:00p,,Utah Jazz,L,,118,131,5,4,L 1
2021,MIL,2021-01-09,8:00p,,Cleveland Cavaliers,W,,100,90,6,4,W 1
2021,MIL,2021-01-11,7:00p,@,Orlando Magic,W,,121,99,7,4,W 2
2021,MIL,2021-01-13,7:00p,@,Detroit Pistons,W,,110,101,8,4,W 3
2021,MIL,2021-01-15,7:30p,,Dallas Mavericks,W,,112,109,9,4,W 4
2021,MIL,2021-01-18,7:30p,@,Brooklyn Nets,L,,123,125,9,5,L 1
2021,MIL,2021-01-21,7:30p,,Los Angeles Lakers,L,,106,113,9,6,L 2
2021,MIL,2021-01-24,8:00p,,Atlanta Hawks,W,,129,115,10,6,W 1
2021,MIL,2021-01-27,7:30p,@,Toronto Raptors,W,,115,108,11,6,W 2
2021,MIL,2021-01-29,7:30p,@,New Orleans Pelicans,L,,126,131,11,7,L 1
2021,MIL,2021-01-30,8:00p,@,Charlotte Hornets,L,,114,126,11,8,L 2
2021,MIL,2021-02-01,8:00p,,Portland Trail Blazers,W,,134,106,12,8,W 1
2021,MIL,2021-02-03,7:00p,,Indiana Pacers,W,,130,110,13,8,W 2
2021,MIL,2021-02-05,7:30p,@,Cleveland Cavaliers,W,,123,105,14,8,W 3
2021,MIL,2021-02-06,8:00p,@,Cleveland Cavaliers,W,,124,99,15,8,W 4
2021,MIL,2021-02-08,9:30p,@,Denver Nuggets,W,,125,112,16,8,W 5
2021,MIL,2021-02-10,10:00p,@,Phoenix Suns,L,,124,125,16,9,L 1
2021,MIL,2021-02-12,9:00p,@,Utah Jazz,L,,115,129,16,10,L 2
2021,MIL,2021-02-14,8:00p,@,Oklahoma City Thunder,L,,109,114,16,11,L 3
2021,MIL,2021-02-16,8:00p,,Toronto Raptors,L,,113,124,16,12,L 4
2021,MIL,2021-02-18,7:30p,,Toronto Raptors,L,,96,110,16,13,L 5
2021,MIL,2021-02-19,8:00p,,Oklahoma City Thunder,W,,98,85,17,13,W 1
2021,MIL,2021-02-21,9:00p,,Sacramento Kings,W,,128,115,18,13,W 2
2021,MIL,2021-02-23,8:00p,,Minnesota Timberwolves,W,,139,112,19,13,W 3
2021,MIL,2021-02-25,9:30p,,New Orleans Pelicans,W,,129,125,20,13,W 4
2021,MIL,2021-02-28,3:30p,,Los Angeles Clippers,W,,105,100,21,13,W 5
2021,MIL,2021-03-02,9:00p,,Denver Nuggets,L,,97,128,21,14,L 1
2021,MIL,2021-03-04,8:00p,@,Memphis Grizzlies,W,,112,111,22,14,W 1
2021,MIL,2021-03-11,8:00p,,New York Knicks,W,,134,101,23,14,W 2
2021,MIL,2021-03-13,7:00p,@,Washington Wizards,W,,125,119,24,14,W 3
2021,MIL,2021-03-15,7:00p,@,Washington Wizards,W,,133,122,25,14,W 4
2021,MIL,2021-03-17,7:00p,@,Philadelphia 76ers,W,OT,109,105,26,14,W 5
2021,MIL,2021-03-20,9:00p,,San Antonio Spurs,W,,120,113,27,14,W 6
2021,MIL,2021-03-22,9:00p,,Indiana Pacers,W,,140,113,28,14,W 7
2021,MIL,2021-03-24,7:30p,,Boston Celtics,W,,121,119,29,14,W 8
2021,MIL,2021-03-26,7:30p,,Boston Celtics,L,,114,122,29,15,L 1
2021,MIL,2021-03-27,8:00p,,New York Knicks,L,,96,102,29,16,L 2
2021,MIL,2021-03-29,10:00p,@,Los Angeles Clippers,L,,105,129,29,17,L 3
2021,MIL,2021-03-31,10:00p,@,Los Angeles Lakers,W,,112,97,30,17,W 1
2021,MIL,2021-04-02,10:00p,@,Portland Trail Blazers,W,,127,109,31,17,W 2
2021,MIL,2021-04-03,10:00p,@,Sacramento Kings,W,,129,128,32,17,W 3
2021,MIL,2021-04-06,10:00p,@,Golden State Warriors,L,,121,122,32,18,L 1
2021,MIL,2021-04-08,9:00p,@,Dallas Mavericks,L,,101,116,32,19,L 2
2021,MIL,2021-04-09,9:00p,,Charlotte Hornets,L,,119,127,32,20,L 3
2021,MIL,2021-04-11,7:00p,@,Orlando Magic,W,,124,87,33,20,W 1
2021,MIL,2021-04-14,4:30p,@,Minnesota Timberwolves,W,,130,105,34,20,W 2
2021,MIL,2021-04-15,7:30p,@,Atlanta Hawks,W,,120,109,35,20,W 3
2021,MIL,2021-04-17,9:00p,,Memphis Grizzlies,L,,115,128,35,21,L 1
2021,MIL,2021-04-19,8:00p,,Phoenix Suns,L,OT,127,128,35,22,L 2
2021,MIL,2021-04-22,7:00p,,Philadelphia 76ers,W,,124,117,36,22,W 1
2021,MIL,2021-04-24,3:30p,,Philadelphia 76ers,W,,132,94,37,22,W 2
2021,MIL,2021-04-25,7:30p,@,Atlanta Hawks,L,,104,111,37,23,L 1
2021,MIL,2021-04-27,7:00p,@,Charlotte Hornets,W,,114,104,38,23,W 1
2021,MIL,2021-04-29,8:00p,@,Houston Rockets,L,,136,143,38,24,L 1
2021,MIL,2021-04-30,9:00p,@,Chicago Bulls,W,,108,98,39,24,W 1
2021,MIL,2021-05-02,3:30p,,Brooklyn Nets,W,,117,114,40,24,W 2
2021,MIL,2021-05-04,7:30p,,Brooklyn Nets,W,,124,118,41,24,W 3
2021,MIL,2021-05-05,8:00p,,Washington Wizards,W,,135,134,42,24,W 4
2021,MIL,2021-05-07,8:00p,,Houston Rockets,W,,141,133,43,24,W 5
2021,MIL,2021-05-10,8:30p,@,San Antonio Spurs,L,,125,146,43,25,L 1
2021,MIL,2021-05-11,9:00p,,Orlando Magic,W,,114,102,44,25,W 1
2021,MIL,2021-05-13,7:00p,@,Indiana Pacers,W,,142,133,45,25,W 2
2021,MIL,2021-05-15,8:00p,,Miami Heat,W,,122,108,46,25,W 3
2021,MIL,2021-05-16,9:00p,@,Chicago Bulls,L,,112,118,46,26,L 1
2021,MIL,2021-05-22,2:00p,,Miami Heat,W,OT,109,107,1,0,W 1
2021,MIL,2021-05-24,7:30p,,Miami Heat,W,,132,98,2,0,W 2
2021,MIL,2021-05-27,7:30p,@,Miami Heat,W,,113,84,3,0,W 3
2021,MIL,2021-05-29,1:30p,@,Miami Heat,W,,120,103,4,0,W 4
2021,MIL,2021-06-05,7:30p,@,Brooklyn Nets,L,,107,115,4,1,L 1
2021,MIL,2021-06-07,7:30p,@,Brooklyn Nets,L,,86,125,4,2,L 2
2021,MIL,2021-06-10,7:30p,,Brooklyn Nets,W,,86,83,5,2,W 1
2021,MIL,2021-06-13,3:00p,,Brooklyn Nets,W,,107,96,6,2,W 2
2021,MIL,2021-06-15,8:30p,@,Brooklyn Nets,L,,108,114,6,3,L 1
2021,MIL,2021-06-17,8:30p,,Brooklyn Nets,W,,104,89,7,3,W 1
2021,MIL,2021-06-19,8:30p,@,Brooklyn Nets,W,OT,115,111,8,3,W 2
2021,MIL,2021-06-23,8:30p,,Atlanta Hawks,L,,113,116,8,4,L 1
2021,MIL,2021-06-25,8:30p,,Atlanta Hawks,W,,125,91,9,4,W 1
2021,MIL,2021-06-27,8:30p,@,Atlanta Hawks,W,,113,102,10,4,W 2
2021,MIL,2021-06-29,8:30p,@,Atlanta Hawks,L,,88,110,10,5,L 1
2021,MIL,2021-07-01,8:30p,,Atlanta Hawks,W,,123,112,11,5,W 1
2021,MIL,2021-07-03,8:30p,@,Atlanta Hawks,W,,118,107,12,5,W 2
2021,MIL,2021-07-06,9:00p,@,Phoenix Suns,L,,105,118,12,6,L 1
2021,MIL,2021-07-08,9:00p,@,Phoenix Suns,L,,108,118,12,7,L 2
2021,MIL,2021-07-11,8:00p,,Phoenix Suns,W,,120,100,13,7,W 1
2021,MIL,2021-07-14,9:00p,,Phoenix Suns,W,,109,103,14,7,W 2
2021,MIL,2021-07-17,9:00p,@,Phoenix Suns,W,,123,119,15,7,W 3
2021,MIL,2021-07-20,9:00p,,Phoenix Suns,W,,105,98,16,7,W 4
2021,MIN,2020-12-23,8:00p,,Detroit Pistons,W,,111,101,1,0,W 1
2021,MIN,2020-12-26,9:00p,@,Utah Jazz,W,,116,111,2,0,W 2
2021,MIN,2020-12-27,10:00p,@,Los Angeles Lakers,L,,91,127,2,1,L 1
2021,MIN,2020-12-29,10:00p,@,Los Angeles Clippers,L,,101,124,2,2,L 2
2021,MIN,2021-01-01,8:00p,,Washington Wizards,L,,109,130,2,3,L 3
2021,MIN,2021-01-03,7:00p,,Denver Nuggets,L,,109,124,2,4,L 4
2021,MIN,2021-01-05,9:00p,@,Denver Nuggets,L,,116,123,2,5,L 5
2021,MIN,2021-01-07,10:00p,@,Portland Trail Blazers,L,,117,135,2,6,L 6
2021,MIN,2021-01-09,8:00p,,San Antonio Spurs,L,OT,122,125,2,7,L 7
2021,MIN,2021-01-10,8:00p,,San Antonio Spurs,W,,96,88,3,7,W 1
2021,MIN,2021-01-13,8:00p,,Memphis Grizzlies,L,,107,118,3,8,L 1
2021,MIN,2021-01-18,2:30p,@,Atlanta Hawks,L,,97,108,3,9,L 2
2021,MIN,2021-01-20,8:00p,,Orlando Magic,L,,96,97,3,10,L 3
2021,MIN,2021-01-22,8:00p,,Atlanta Hawks,L,,98,116,3,11,L 4
2021,MIN,2021-01-23,8:00p,,New Orleans Pelicans,W,,120,110,4,11,W 1
2021,MIN,2021-01-25,10:00p,@,Golden State Warriors,L,,108,130,4,12,L 1
2021,MIN,2021-01-27,10:00p,@,Golden State Warriors,L,,111,123,4,13,L 2
2021,MIN,2021-01-29,8:00p,,Philadelphia 76ers,L,,94,118,4,14,L 3
2021,MIN,2021-01-31,8:00p,,Cleveland Cavaliers,W,,109,104,5,14,W 1
2021,MIN,2021-02-01,8:00p,@,Cleveland Cavaliers,L,,98,100,5,15,L 1
2021,MIN,2021-02-03,8:30p,@,San Antonio Spurs,L,,108,111,5,16,L 2
2021,MIN,2021-02-05,8:00p,@,Oklahoma City Thunder,W,,106,103,6,16,W 1
2021,MIN,2021-02-06,8:00p,@,Oklahoma City Thunder,L,,118,120,6,17,L 1
2021,MIN,2021-02-08,8:30p,@,Dallas Mavericks,L,,122,127,6,18,L 2
2021,MIN,2021-02-10,8:00p,,Los Angeles Clippers,L,,112,119,6,19,L 3
2021,MIN,2021-02-12,7:00p,@,Charlotte Hornets,L,,114,120,6,20,L 4
2021,MIN,2021-02-14,7:00p,@,Toronto Raptors,W,,116,112,7,20,W 1
2021,MIN,2021-02-16,8:00p,,Los Angeles Lakers,L,,104,112,7,21,L 1
2021,MIN,2021-02-17,8:00p,,Indiana Pacers,L,OT,128,134,7,22,L 2
2021,MIN,2021-02-19,9:00p,,Toronto Raptors,L,,81,86,7,23,L 3
2021,MIN,2021-02-21,7:00p,@,New York Knicks,L,,99,103,7,24,L 4
2021,MIN,2021-02-23,8:00p,@,Milwaukee Bucks,L,,112,139,7,25,L 5
2021,MIN,2021-02-24,8:00p,@,Chicago Bulls,L,OT,126,133,7,26,L 6
2021,MIN,2021-02-27,7:00p,@,Washington Wizards,L,,112,128,7,27,L 7
2021,MIN,2021-02-28,9:00p,,Phoenix Suns,L,,99,118,7,28,L 8
2021,MIN,2021-03-03,8:00p,,Charlotte Hornets,L,,102,135,7,29,L 9
2021,MIN,2021-03-11,8:00p,@,New Orleans Pelicans,W,,135,105,8,29,W 1
2021,MIN,2021-03-13,8:00p,,Portland Trail Blazers,L,,121,125,8,30,L 1
2021,MIN,2021-03-14,8:00p,,Portland Trail Blazers,W,,114,112,9,30,W 1
2021,MIN,2021-03-16,10:30p,@,Los Angeles Lakers,L,,121,137,9,31,L 1
2021,MIN,2021-03-18,10:00p,@,Phoenix Suns,W,,123,119,10,31,W 1
2021,MIN,2021-03-19,10:00p,@,Phoenix Suns,L,,101,113,10,32,L 1
2021,MIN,2021-03-22,8:00p,,Oklahoma City Thunder,L,,103,112,10,33,L 2
2021,MIN,2021-03-24,8:00p,,Dallas Mavericks,L,,108,128,10,34,L 3
2021,MIN,2021-03-26,8:00p,,Houston Rockets,W,,107,101,11,34,W 1
2021,MIN,2021-03-27,8:00p,,Houston Rockets,L,,107,129,11,35,L 1
2021,MIN,2021-03-29,7:30p,@,Brooklyn Nets,L,,107,112,11,36,L 2
2021,MIN,2021-03-31,8:00p,,New York Knicks,W,,102,101,12,36,W 1
2021,MIN,2021-04-02,8:00p,@,Memphis Grizzlies,L,,108,120,12,37,L 1
2021,MIN,2021-04-03,8:00p,@,Philadelphia 76ers,L,,113,122,12,38,L 2
2021,MIN,2021-04-05,7:00p,,Sacramento Kings,W,,116,106,13,38,W 1
2021,MIN,2021-04-07,7:00p,@,Indiana Pacers,L,,137,141,13,39,L 1
2021,MIN,2021-04-09,7:30p,@,Boston Celtics,L,OT,136,145,13,40,L 2
2021,MIN,2021-04-11,8:00p,,Chicago Bulls,W,,121,117,14,40,W 1
2021,MIN,2021-04-13,4:00p,,Brooklyn Nets,L,,97,127,14,41,L 1
2021,MIN,2021-04-14,4:30p,,Milwaukee Bucks,L,,105,130,14,42,L 2
2021,MIN,2021-04-16,8:00p,,Miami Heat,W,,119,111,15,42,W 1
2021,MIN,2021-04-18,10:00p,@,Los Angeles Clippers,L,,105,124,15,43,L 1
2021,MIN,2021-04-20,10:00p,@,Sacramento Kings,W,,134,120,16,43,W 1
2021,MIN,2021-04-21,10:00p,@,Sacramento Kings,L,,125,128,16,44,L 1
2021,MIN,2021-04-24,9:00p,@,Utah Jazz,W,,101,96,17,44,W 1
2021,MIN,2021-04-26,8:00p,,Utah Jazz,W,,105,104,18,44,W 2
2021,MIN,2021-04-27,9:00p,@,Houston Rockets,W,,114,107,19,44,W 3
2021,MIN,2021-04-29,8:00p,,Golden State Warriors,W,,126,114,20,44,W 4
2021,MIN,2021-05-01,8:00p,,New Orleans Pelicans,L,OT,136,140,20,45,L 1
2021,MIN,2021-05-05,8:00p,,Memphis Grizzlies,L,,135,139,20,46,L 2
2021,MIN,2021-05-07,8:00p,@,Miami Heat,L,,112,121,20,47,L 3
2021,MIN,2021-05-09,7:00p,@,Orlando Magic,W,,128,96,21,47,W 1
2021,MIN,2021-05-11,7:00p,@,Detroit Pistons,W,,119,100,22,47,W 2
2021,MIN,2021-05-13,8:00p,,Denver Nuggets,L,,103,114,22,48,L 1
2021,MIN,2021-05-15,2:00p,,Boston Celtics,L,,108,124,22,49,L 2
2021,MIN,2021-05-16,9:00p,,Dallas Mavericks,W,,136,121,23,49,W 1
2021,NOP,2020-12-23,7:30p,@,Toronto Raptors,W,,113,99,1,0,W 1
2021,NOP,2020-12-25,12:00p,@,Miami Heat,L,,98,111,1,1,L 1
2021,NOP,2020-12-27,7:00p,,San Antonio Spurs,W,,98,95,2,1,W 1
2021,NOP,2020-12-29,10:00p,@,Phoenix Suns,L,,86,111,2,2,L 1
2021,NOP,2020-12-31,8:00p,@,Oklahoma City Thunder,W,,113,80,3,2,W 1
2021,NOP,2021-01-02,7:30p,,Toronto Raptors,W,,120,116,4,2,W 2
2021,NOP,2021-01-04,8:00p,,Indiana Pacers,L,OT,116,118,4,3,L 1
2021,NOP,2021-01-06,8:00p,,Oklahoma City Thunder,L,,110,111,4,4,L 2
2021,NOP,2021-01-08,7:30p,,Charlotte Hornets,L,,110,118,4,5,L 3
2021,NOP,2021-01-13,10:00p,@,Los Angeles Clippers,L,,106,111,4,6,L 4
2021,NOP,2021-01-15,10:00p,@,Los Angeles Lakers,L,,95,112,4,7,L 5
2021,NOP,2021-01-17,9:00p,@,Sacramento Kings,W,,128,123,5,7,W 1
2021,NOP,2021-01-19,9:00p,@,Utah Jazz,L,,102,118,5,8,L 1
2021,NOP,2021-01-21,10:00p,@,Utah Jazz,L,,118,129,5,9,L 2
2021,NOP,2021-01-23,8:00p,@,Minnesota Timberwolves,L,,110,120,5,10,L 3
2021,NOP,2021-01-27,9:00p,,Washington Wizards,W,,124,106,6,10,W 1
2021,NOP,2021-01-29,7:30p,,Milwaukee Bucks,W,,131,126,7,10,W 2
2021,NOP,2021-01-30,8:00p,,Houston Rockets,L,,112,126,7,11,L 1
2021,NOP,2021-02-01,8:00p,,Sacramento Kings,L,,109,118,7,12,L 2
2021,NOP,2021-02-03,9:30p,,Phoenix Suns,W,,123,101,8,12,W 1
2021,NOP,2021-02-05,7:00p,@,Indiana Pacers,W,,114,113,9,12,W 2
2021,NOP,2021-02-06,9:00p,,Memphis Grizzlies,W,,118,109,10,12,W 3
2021,NOP,2021-02-09,7:30p,,Houston Rockets,W,,130,101,11,12,W 4
2021,NOP,2021-02-10,9:00p,@,Chicago Bulls,L,,116,129,11,13,L 1
2021,NOP,2021-02-12,7:30p,@,Dallas Mavericks,L,,130,143,11,14,L 2
2021,NOP,2021-02-14,7:00p,@,Detroit Pistons,L,,112,123,11,15,L 3
2021,NOP,2021-02-16,8:00p,@,Memphis Grizzlies,W,,144,113,12,15,W 1
2021,NOP,2021-02-17,9:00p,,Portland Trail Blazers,L,,124,126,12,16,L 1
2021,NOP,2021-02-19,8:00p,,Phoenix Suns,L,,114,132,12,17,L 2
2021,NOP,2021-02-21,3:30p,,Boston Celtics,W,OT,120,115,13,17,W 1
2021,NOP,2021-02-24,8:00p,,Detroit Pistons,W,,128,118,14,17,W 2
2021,NOP,2021-02-25,9:30p,@,Milwaukee Bucks,L,,125,129,14,18,L 1
2021,NOP,2021-02-27,8:00p,@,San Antonio Spurs,L,,114,117,14,19,L 2
2021,NOP,2021-03-01,8:00p,,Utah Jazz,W,,129,124,15,19,W 1
2021,NOP,2021-03-03,8:00p,,Chicago Bulls,L,,124,128,15,20,L 1
2021,NOP,2021-03-04,8:30p,,Miami Heat,L,,93,103,15,21,L 2
2021,NOP,2021-03-11,8:00p,,Minnesota Timberwolves,L,,105,135,15,22,L 3
2021,NOP,2021-03-12,8:00p,,Cleveland Cavaliers,W,,116,82,16,22,W 1
2021,NOP,2021-03-14,9:00p,,Los Angeles Clippers,W,,135,115,17,22,W 2
2021,NOP,2021-03-16,10:00p,@,Portland Trail Blazers,L,,124,125,17,23,L 1
2021,NOP,2021-03-18,10:00p,@,Portland Trail Blazers,L,,93,101,17,24,L 2
2021,NOP,2021-03-21,3:00p,@,Denver Nuggets,W,,113,108,18,24,W 1
2021,NOP,2021-03-23,7:30p,,Los Angeles Lakers,W,,128,111,19,24,W 2
2021,NOP,2021-03-26,8:00p,,Denver Nuggets,L,,108,113,19,25,L 1
2021,NOP,2021-03-27,9:00p,,Dallas Mavericks,W,,112,103,20,25,W 1
2021,NOP,2021-03-29,7:30p,@,Boston Celtics,W,,115,109,21,25,W 2
2021,NOP,2021-04-01,8:00p,,Orlando Magic,L,OT,110,115,21,26,L 1
2021,NOP,2021-04-02,9:00p,,Atlanta Hawks,L,,103,126,21,27,L 2
2021,NOP,2021-04-04,8:00p,@,Houston Rockets,W,,122,115,22,27,W 1
2021,NOP,2021-04-06,7:30p,@,Atlanta Hawks,L,,107,123,22,28,L 1
2021,NOP,2021-04-07,7:30p,@,Brooklyn Nets,L,,111,139,22,29,L 2
2021,NOP,2021-04-09,8:00p,,Philadelphia 76ers,W,,101,94,23,29,W 1
2021,NOP,2021-04-11,7:00p,@,Cleveland Cavaliers,W,,116,109,24,29,W 2
2021,NOP,2021-04-12,9:00p,,Sacramento Kings,W,,117,110,25,29,W 3
2021,NOP,2021-04-14,8:00p,,New York Knicks,L,,106,116,25,30,L 1
2021,NOP,2021-04-16,7:00p,@,Washington Wizards,L,OT,115,117,25,31,L 2
2021,NOP,2021-04-18,1:00p,@,New York Knicks,L,OT,112,122,25,32,L 3
2021,NOP,2021-04-20,7:30p,,Brooklyn Nets,L,,129,134,25,33,L 4
2021,NOP,2021-04-22,7:00p,@,Orlando Magic,W,,135,100,26,33,W 1
2021,NOP,2021-04-24,8:00p,,San Antonio Spurs,L,,108,110,26,34,L 1
2021,NOP,2021-04-26,8:00p,,Los Angeles Clippers,W,,120,103,27,34,W 1
2021,NOP,2021-04-28,9:00p,@,Denver Nuggets,L,,112,114,27,35,L 1
2021,NOP,2021-04-29,9:00p,@,Oklahoma City Thunder,W,,109,95,28,35,W 1
2021,NOP,2021-05-01,8:00p,@,Minnesota Timberwolves,W,OT,140,136,29,35,W 2
2021,NOP,2021-05-03,7:30p,,Golden State Warriors,L,,108,123,29,36,L 1
2021,NOP,2021-05-04,8:00p,,Golden State Warriors,W,,108,103,30,36,W 1
2021,NOP,2021-05-07,7:00p,@,Philadelphia 76ers,L,,107,109,30,37,L 1
2021,NOP,2021-05-09,7:00p,@,Charlotte Hornets,W,,112,110,31,37,W 1
2021,NOP,2021-05-10,8:00p,@,Memphis Grizzlies,L,,110,115,31,38,L 1
2021,NOP,2021-05-12,9:00p,@,Dallas Mavericks,L,,107,125,31,39,L 2
2021,NOP,2021-05-14,9:30p,@,Golden State Warriors,L,,122,125,31,40,L 3
2021,NOP,2021-05-16,9:00p,,Los Angeles Lakers,L,,98,110,31,41,L 4
2021,NYK,2020-12-23,7:00p,@,Indiana Pacers,L,,107,121,0,1,L 1
2021,NYK,2020-12-26,7:30p,,Philadelphia 76ers,L,,89,109,0,2,L 2
2021,NYK,2020-12-27,7:30p,,Milwaukee Bucks,W,,130,110,1,2,W 1
2021,NYK,2020-12-29,7:00p,@,Cleveland Cavaliers,W,,95,86,2,2,W 2
2021,NYK,2020-12-31,7:30p,@,Toronto Raptors,L,,83,100,2,3,L 1
2021,NYK,2021-01-02,7:00p,@,Indiana Pacers,W,,106,102,3,3,W 1
2021,NYK,2021-01-04,7:30p,@,Atlanta Hawks,W,,113,108,4,3,W 2
2021,NYK,2021-01-06,7:30p,,Utah Jazz,W,,112,100,5,3,W 3
2021,NYK,2021-01-08,7:30p,,Oklahoma City Thunder,L,,89,101,5,4,L 1
2021,NYK,2021-01-10,6:00p,,Denver Nuggets,L,,89,114,5,5,L 2
2021,NYK,2021-01-11,7:00p,@,Charlotte Hornets,L,,88,109,5,6,L 3
2021,NYK,2021-01-13,7:30p,,Brooklyn Nets,L,,109,116,5,7,L 4
2021,NYK,2021-01-15,7:30p,@,Cleveland Cavaliers,L,,103,106,5,8,L 5
2021,NYK,2021-01-17,1:00p,@,Boston Celtics,W,,105,75,6,8,W 1
2021,NYK,2021-01-18,12:00p,,Orlando Magic,W,,91,84,7,8,W 2
2021,NYK,2021-01-21,10:00p,@,Golden State Warriors,W,,119,104,8,8,W 3
2021,NYK,2021-01-22,10:00p,@,Sacramento Kings,L,,94,103,8,9,L 1
2021,NYK,2021-01-24,10:00p,@,Portland Trail Blazers,L,,113,116,8,10,L 2
2021,NYK,2021-01-26,9:00p,@,Utah Jazz,L,,94,108,8,11,L 3
2021,NYK,2021-01-29,7:30p,,Cleveland Cavaliers,W,,102,81,9,11,W 1
2021,NYK,2021-01-31,1:00p,,Los Angeles Clippers,L,,115,129,9,12,L 1
2021,NYK,2021-02-01,8:00p,@,Chicago Bulls,L,,102,110,9,13,L 2
2021,NYK,2021-02-03,8:00p,@,Chicago Bulls,W,,107,103,10,13,W 1
2021,NYK,2021-02-06,1:00p,,Portland Trail Blazers,W,,110,99,11,13,W 2
2021,NYK,2021-02-07,1:00p,,Miami Heat,L,,103,109,11,14,L 1
2021,NYK,2021-02-09,7:30p,@,Miami Heat,L,,96,98,11,15,L 2
2021,NYK,2021-02-12,7:00p,@,Washington Wizards,W,,109,91,12,15,W 1
2021,NYK,2021-02-13,8:00p,,Houston Rockets,W,,121,99,13,15,W 2
2021,NYK,2021-02-15,7:30p,,Atlanta Hawks,W,,123,112,14,15,W 3
2021,NYK,2021-02-17,7:00p,@,Orlando Magic,L,,89,107,14,16,L 1
2021,NYK,2021-02-21,7:00p,,Minnesota Timberwolves,W,,103,99,15,16,W 1
2021,NYK,2021-02-23,7:30p,,Golden State Warriors,L,,106,114,15,17,L 1
2021,NYK,2021-02-25,7:30p,,Sacramento Kings,W,,140,121,16,17,W 1
2021,NYK,2021-02-27,8:00p,,Indiana Pacers,W,,110,107,17,17,W 2
2021,NYK,2021-02-28,8:00p,@,Detroit Pistons,W,,109,90,18,17,W 3
2021,NYK,2021-03-02,8:30p,@,San Antonio Spurs,L,,93,119,18,18,L 1
2021,NYK,2021-03-04,7:30p,,Detroit Pistons,W,,114,104,19,18,W 1
2021,NYK,2021-03-11,8:00p,@,Milwaukee Bucks,L,,101,134,19,19,L 1
2021,NYK,2021-03-13,2:00p,@,Oklahoma City Thunder,W,,119,97,20,19,W 1
2021,NYK,2021-03-15,8:00p,@,Brooklyn Nets,L,,112,117,20,20,L 1
2021,NYK,2021-03-16,8:00p,@,Philadelphia 76ers,L,,96,99,20,21,L 2
2021,NYK,2021-03-18,7:30p,,Orlando Magic,W,,94,93,21,21,W 1
2021,NYK,2021-03-21,8:00p,,Philadelphia 76ers,L,OT,100,101,21,22,L 1
2021,NYK,2021-03-23,7:30p,,Washington Wizards,W,,131,113,22,22,W 1
2021,NYK,2021-03-25,7:30p,,Washington Wizards,W,,106,102,23,22,W 2
2021,NYK,2021-03-27,8:00p,@,Milwaukee Bucks,W,,102,96,24,22,W 3
2021,NYK,2021-03-29,7:30p,,Miami Heat,L,,88,98,24,23,L 1
2021,NYK,2021-03-31,8:00p,@,Minnesota Timberwolves,L,,101,102,24,24,L 2
2021,NYK,2021-04-02,7:30p,,Dallas Mavericks,L,,86,99,24,25,L 3
2021,NYK,2021-04-03,8:00p,@,Detroit Pistons,W,,125,81,25,25,W 1
2021,NYK,2021-04-05,7:00p,@,Brooklyn Nets,L,,112,114,25,26,L 1
2021,NYK,2021-04-07,7:30p,@,Boston Celtics,L,,99,101,25,27,L 2
2021,NYK,2021-04-09,7:30p,,Memphis Grizzlies,W,OT,133,129,26,27,W 1
2021,NYK,2021-04-11,8:00p,,Toronto Raptors,W,,102,96,27,27,W 2
2021,NYK,2021-04-12,7:30p,,Los Angeles Lakers,W,,111,96,28,27,W 3
2021,NYK,2021-04-14,8:00p,@,New Orleans Pelicans,W,,116,106,29,27,W 4
2021,NYK,2021-04-16,9:30p,@,Dallas Mavericks,W,,117,109,30,27,W 5
2021,NYK,2021-04-18,1:00p,,New Orleans Pelicans,W,OT,122,112,31,27,W 6
2021,NYK,2021-04-20,7:30p,,Charlotte Hornets,W,,109,97,32,27,W 7
2021,NYK,2021-04-21,8:00p,,Atlanta Hawks,W,OT,137,127,33,27,W 8
2021,NYK,2021-04-24,1:00p,,Toronto Raptors,W,,120,103,34,27,W 9
2021,NYK,2021-04-26,7:30p,,Phoenix Suns,L,,110,118,34,28,L 1
2021,NYK,2021-04-28,7:30p,,Chicago Bulls,W,,113,94,35,28,W 1
2021,NYK,2021-05-02,8:00p,@,Houston Rockets,W,,122,97,36,28,W 2
2021,NYK,2021-05-03,9:00p,@,Memphis Grizzlies,W,,118,104,37,28,W 3
2021,NYK,2021-05-05,9:00p,@,Denver Nuggets,L,,97,113,37,29,L 1
2021,NYK,2021-05-07,10:00p,@,Phoenix Suns,L,,105,128,37,30,L 2
2021,NYK,2021-05-09,3:30p,@,Los Angeles Clippers,W,,106,100,38,30,W 1
2021,NYK,2021-05-11,10:00p,@,Los Angeles Lakers,L,OT,99,101,38,31,L 1
2021,NYK,2021-05-13,7:30p,,San Antonio Spurs,W,,102,98,39,31,W 1
2021,NYK,2021-05-15,1:00p,,Charlotte Hornets,W,OT,118,109,40,31,W 2
2021,NYK,2021-05-16,1:00p,,Boston Celtics,W,,96,92,41,31,W 3
2021,NYK,2021-05-23,7:00p,,Atlanta Hawks,L,,105,107,0,1,L 1
2021,NYK,2021-05-26,7:30p,,Atlanta Hawks,W,,101,92,1,1,W 1
2021,NYK,2021-05-28,7:00p,@,Atlanta Hawks,L,,94,105,1,2,L 1
2021,NYK,2021-05-30,1:00p,@,Atlanta Hawks,L,,96,113,1,3,L 2
2021,NYK,2021-06-02,7:30p,,Atlanta Hawks,L,,89,103,1,4,L 3
2021,OKC,2020-12-26,7:00p,@,Charlotte Hornets,W,,109,107,1,0,W 1
2021,OKC,2020-12-28,8:00p,,Utah Jazz,L,,109,110,1,1,L 1
2021,OKC,2020-12-29,8:00p,,Orlando Magic,L,,107,118,1,2,L 2
2021,OKC,2020-12-31,8:00p,,New Orleans Pelicans,L,,80,113,1,3,L 3
2021,OKC,2021-01-02,7:00p,@,Orlando Magic,W,,108,99,2,3,W 1
2021,OKC,2021-01-04,7:30p,@,Miami Heat,L,,90,118,2,4,L 1
2021,OKC,2021-01-06,8:00p,@,New Orleans Pelicans,W,,111,110,3,4,W 1
2021,OKC,2021-01-08,7:30p,@,New York Knicks,W,,101,89,4,4,W 2
2021,OKC,2021-01-10,6:00p,@,Brooklyn Nets,W,,129,116,5,4,W 3
2021,OKC,2021-01-12,8:00p,,San Antonio Spurs,L,,102,112,5,5,L 1
2021,OKC,2021-01-13,8:00p,,Los Angeles Lakers,L,,99,128,5,6,L 2
2021,OKC,2021-01-15,8:00p,,Chicago Bulls,W,OT,127,125,6,6,W 1
2021,OKC,2021-01-19,9:00p,@,Denver Nuggets,L,,101,119,6,7,L 1
2021,OKC,2021-01-22,10:00p,@,Los Angeles Clippers,L,,106,120,6,8,L 2
2021,OKC,2021-01-24,4:00p,@,Los Angeles Clippers,L,,100,108,6,9,L 3
2021,OKC,2021-01-25,10:00p,@,Portland Trail Blazers,W,,125,122,7,9,W 1
2021,OKC,2021-01-27,9:00p,@,Phoenix Suns,W,,102,97,8,9,W 2
2021,OKC,2021-01-29,8:00p,,Brooklyn Nets,L,,125,147,8,10,L 1
2021,OKC,2021-02-01,8:00p,,Houston Rockets,L,,106,136,8,11,L 2
2021,OKC,2021-02-03,8:00p,,Houston Rockets,W,,104,87,9,11,W 1
2021,OKC,2021-02-05,8:00p,,Minnesota Timberwolves,L,,103,106,9,12,L 1
2021,OKC,2021-02-06,8:00p,,Minnesota Timberwolves,W,,120,118,10,12,W 1
2021,OKC,2021-02-08,10:00p,@,Los Angeles Lakers,L,OT,112,119,10,13,L 1
2021,OKC,2021-02-10,10:00p,@,Los Angeles Lakers,L,OT,113,114,10,14,L 2
2021,OKC,2021-02-12,9:00p,@,Denver Nuggets,L,,95,97,10,15,L 3
2021,OKC,2021-02-14,8:00p,,Milwaukee Bucks,W,,114,109,11,15,W 1
2021,OKC,2021-02-16,8:00p,,Portland Trail Blazers,L,,104,115,11,16,L 1
2021,OKC,2021-02-17,9:00p,@,Memphis Grizzlies,L,,113,122,11,17,L 2
2021,OKC,2021-02-19,8:00p,@,Milwaukee Bucks,L,,85,98,11,18,L 3
2021,OKC,2021-02-21,7:00p,@,Cleveland Cavaliers,W,,117,101,12,18,W 1
2021,OKC,2021-02-22,9:00p,,Miami Heat,L,,94,108,12,19,L 1
2021,OKC,2021-02-24,8:00p,,San Antonio Spurs,W,,102,99,13,19,W 1
2021,OKC,2021-02-26,8:00p,,Atlanta Hawks,W,,118,109,14,19,W 2
2021,OKC,2021-02-27,8:00p,,Denver Nuggets,L,,96,126,14,20,L 1
2021,OKC,2021-03-03,8:30p,@,Dallas Mavericks,L,,78,87,14,21,L 2
2021,OKC,2021-03-04,9:00p,@,San Antonio Spurs,W,,107,102,15,21,W 1
2021,OKC,2021-03-11,9:00p,,Dallas Mavericks,W,,116,108,16,21,W 2
2021,OKC,2021-03-13,2:00p,,New York Knicks,L,,97,119,16,22,L 1
2021,OKC,2021-03-14,2:00p,,Memphis Grizzlies,W,,128,122,17,22,W 1
2021,OKC,2021-03-16,8:00p,@,Chicago Bulls,L,,102,123,17,23,L 1
2021,OKC,2021-03-18,7:30p,@,Atlanta Hawks,L,,93,116,17,24,L 2
2021,OKC,2021-03-21,2:00p,@,Houston Rockets,W,,114,112,18,24,W 1
2021,OKC,2021-03-22,8:00p,@,Minnesota Timberwolves,W,,112,103,19,24,W 2
2021,OKC,2021-03-24,8:00p,,Memphis Grizzlies,L,,107,116,19,25,L 1
2021,OKC,2021-03-27,9:00p,,Boston Celtics,L,,94,111,19,26,L 2
2021,OKC,2021-03-29,8:00p,,Dallas Mavericks,L,,106,127,19,27,L 3
2021,OKC,2021-03-31,8:00p,,Toronto Raptors,W,,113,103,20,27,W 1
2021,OKC,2021-04-02,10:00p,@,Phoenix Suns,L,,103,140,20,28,L 1
2021,OKC,2021-04-03,10:00p,@,Portland Trail Blazers,L,,85,133,20,29,L 2
2021,OKC,2021-04-05,7:00p,,Detroit Pistons,L,,108,132,20,30,L 3
2021,OKC,2021-04-07,8:00p,,Charlotte Hornets,L,,102,113,20,31,L 4
2021,OKC,2021-04-08,8:00p,,Cleveland Cavaliers,L,,102,129,20,32,L 5
2021,OKC,2021-04-10,9:00p,,Philadelphia 76ers,L,,93,117,20,33,L 6
2021,OKC,2021-04-13,9:00p,@,Utah Jazz,L,,96,106,20,34,L 7
2021,OKC,2021-04-14,9:00p,,Golden State Warriors,L,,109,147,20,35,L 8
2021,OKC,2021-04-16,7:00p,@,Detroit Pistons,L,,104,110,20,36,L 9
2021,OKC,2021-04-18,7:00p,@,Toronto Raptors,L,,106,112,20,37,L 10
2021,OKC,2021-04-19,8:00p,@,Washington Wizards,L,,107,119,20,38,L 11
2021,OKC,2021-04-21,7:00p,@,Indiana Pacers,L,,116,122,20,39,L 12
2021,OKC,2021-04-23,8:00p,,Washington Wizards,L,,109,129,20,40,L 13
2021,OKC,2021-04-26,7:00p,@,Philadelphia 76ers,L,,90,121,20,41,L 14
2021,OKC,2021-04-27,7:00p,@,Boston Celtics,W,,119,115,21,41,W 1
2021,OKC,2021-04-29,9:00p,,New Orleans Pelicans,L,,95,109,21,42,L 1
2021,OKC,2021-05-01,8:00p,,Indiana Pacers,L,,95,152,21,43,L 2
2021,OKC,2021-05-02,8:00p,,Phoenix Suns,L,,120,123,21,44,L 3
2021,OKC,2021-05-04,8:00p,,Sacramento Kings,L,,99,103,21,45,L 4
2021,OKC,2021-05-06,10:00p,@,Golden State Warriors,L,,97,118,21,46,L 5
2021,OKC,2021-05-08,10:00p,@,Golden State Warriors,L,,97,136,21,47,L 6
2021,OKC,2021-05-09,10:00p,@,Sacramento Kings,L,,98,126,21,48,L 7
2021,OKC,2021-05-11,10:00p,@,Sacramento Kings,L,,106,122,21,49,L 8
2021,OKC,2021-05-14,8:00p,,Utah Jazz,L,,93,109,21,50,L 9
2021,OKC,2021-05-16,9:00p,,Los Angeles Clippers,W,,117,112,22,50,W 1
2021,ORL,2020-12-23,7:00p,,Miami Heat,W,,113,107,1,0,W 1
2021,ORL,2020-12-26,7:00p,@,Washington Wizards,W,,130,120,2,0,W 2
2021,ORL,2020-12-27,7:00p,@,Washington Wizards,W,,120,113,3,0,W 3
2021,ORL,2020-12-29,8:00p,@,Oklahoma City Thunder,W,,118,107,4,0,W 4
2021,ORL,2020-12-31,6:30p,,Philadelphia 76ers,L,,92,116,4,1,L 1
2021,ORL,2021-01-02,7:00p,,Oklahoma City Thunder,L,,99,108,4,2,L 2
2021,ORL,2021-01-04,7:00p,,Cleveland Cavaliers,W,,103,83,5,2,W 1
2021,ORL,2021-01-06,7:00p,,Cleveland Cavaliers,W,,105,94,6,2,W 2
2021,ORL,2021-01-08,8:00p,@,Houston Rockets,L,,90,132,6,3,L 1
2021,ORL,2021-01-09,8:30p,@,Dallas Mavericks,L,,98,112,6,4,L 2
2021,ORL,2021-01-11,7:00p,,Milwaukee Bucks,L,,99,121,6,5,L 3
2021,ORL,2021-01-15,7:30p,@,Boston Celtics,L,,97,124,6,6,L 4
2021,ORL,2021-01-16,6:00p,@,Brooklyn Nets,L,,115,122,6,7,L 5
2021,ORL,2021-01-18,12:00p,@,New York Knicks,L,,84,91,6,8,L 6
2021,ORL,2021-01-20,8:00p,@,Minnesota Timberwolves,W,,97,96,7,8,W 1
2021,ORL,2021-01-22,7:00p,@,Indiana Pacers,L,OT,118,120,7,9,L 1
2021,ORL,2021-01-24,7:00p,,Charlotte Hornets,L,,104,107,7,10,L 2
2021,ORL,2021-01-25,7:00p,,Charlotte Hornets,W,,117,108,8,10,W 1
2021,ORL,2021-01-27,7:00p,,Sacramento Kings,L,,107,121,8,11,L 1
2021,ORL,2021-01-29,8:00p,,Los Angeles Clippers,L,,90,116,8,12,L 2
2021,ORL,2021-01-31,7:00p,@,Toronto Raptors,L,,102,115,8,13,L 3
2021,ORL,2021-02-02,7:00p,,Toronto Raptors,L,,108,123,8,14,L 4
2021,ORL,2021-02-05,7:00p,,Chicago Bulls,W,,123,119,9,14,W 1
2021,ORL,2021-02-06,7:00p,,Chicago Bulls,L,,92,118,9,15,L 1
2021,ORL,2021-02-09,10:00p,@,Portland Trail Blazers,L,,97,106,9,16,L 2
2021,ORL,2021-02-11,10:00p,@,Golden State Warriors,L,,105,111,9,17,L 3
2021,ORL,2021-02-12,10:00p,@,Sacramento Kings,W,,123,112,10,17,W 1
2021,ORL,2021-02-14,9:00p,@,Phoenix Suns,L,,90,109,10,18,L 1
2021,ORL,2021-02-17,7:00p,,New York Knicks,W,,107,89,11,18,W 1
2021,ORL,2021-02-19,7:00p,,Golden State Warriors,W,,124,120,12,18,W 2
2021,ORL,2021-02-21,7:00p,,Detroit Pistons,W,,105,96,13,18,W 3
2021,ORL,2021-02-23,7:00p,,Detroit Pistons,L,,93,105,13,19,L 1
2021,ORL,2021-02-25,7:30p,@,Brooklyn Nets,L,,92,129,13,20,L 2
2021,ORL,2021-02-27,8:00p,,Utah Jazz,L,,109,124,13,21,L 3
2021,ORL,2021-03-01,7:00p,,Dallas Mavericks,L,,124,130,13,22,L 4
2021,ORL,2021-03-03,8:00p,,Atlanta Hawks,L,,112,115,13,23,L 5
2021,ORL,2021-03-11,8:00p,@,Miami Heat,L,,103,111,13,24,L 6
2021,ORL,2021-03-12,9:00p,@,San Antonio Spurs,L,,77,104,13,25,L 7
2021,ORL,2021-03-14,7:00p,,Miami Heat,L,,97,102,13,26,L 8
2021,ORL,2021-03-18,7:30p,@,New York Knicks,L,,93,94,13,27,L 9
2021,ORL,2021-03-19,8:00p,,Brooklyn Nets,W,,121,113,14,27,W 1
2021,ORL,2021-03-21,3:30p,@,Boston Celtics,L,,96,112,14,28,L 1
2021,ORL,2021-03-23,7:00p,,Denver Nuggets,L,,99,110,14,29,L 2
2021,ORL,2021-03-24,8:00p,,Phoenix Suns,W,,112,111,15,29,W 1
2021,ORL,2021-03-26,8:00p,,Portland Trail Blazers,L,,105,112,15,30,L 1
2021,ORL,2021-03-28,10:00p,@,Los Angeles Lakers,L,,93,96,15,31,L 2
2021,ORL,2021-03-30,10:00p,@,Los Angeles Clippers,W,,103,96,16,31,W 1
2021,ORL,2021-04-01,8:00p,@,New Orleans Pelicans,W,OT,115,110,17,31,W 2
2021,ORL,2021-04-03,9:00p,@,Utah Jazz,L,,91,137,17,32,L 1
2021,ORL,2021-04-04,10:00p,@,Denver Nuggets,L,,109,119,17,33,L 2
2021,ORL,2021-04-07,7:00p,,Washington Wizards,L,,116,131,17,34,L 3
2021,ORL,2021-04-09,7:00p,,Indiana Pacers,L,,106,111,17,35,L 4
2021,ORL,2021-04-11,7:00p,,Milwaukee Bucks,L,,87,124,17,36,L 5
2021,ORL,2021-04-12,8:00p,,San Antonio Spurs,L,,97,120,17,37,L 6
2021,ORL,2021-04-14,8:00p,@,Chicago Bulls,W,,115,106,18,37,W 1
2021,ORL,2021-04-16,7:30p,@,Toronto Raptors,L,,102,113,18,38,L 1
2021,ORL,2021-04-18,7:00p,,Houston Rockets,L,,110,114,18,39,L 2
2021,ORL,2021-04-20,7:30p,@,Atlanta Hawks,L,,96,112,18,40,L 3
2021,ORL,2021-04-22,7:00p,,New Orleans Pelicans,L,,100,135,18,41,L 4
2021,ORL,2021-04-25,8:00p,,Indiana Pacers,L,,112,131,18,42,L 5
2021,ORL,2021-04-26,7:00p,,Los Angeles Lakers,L,,103,114,18,43,L 6
2021,ORL,2021-04-28,7:00p,@,Cleveland Cavaliers,W,,109,104,19,43,W 1
2021,ORL,2021-04-30,8:00p,@,Memphis Grizzlies,L,,75,92,19,44,L 1
2021,ORL,2021-05-01,8:00p,,Memphis Grizzlies,W,,112,111,20,44,W 1
2021,ORL,2021-05-03,7:00p,@,Detroit Pistons,W,,119,112,21,44,W 2
2021,ORL,2021-05-05,7:00p,,Boston Celtics,L,,96,132,21,45,L 1
2021,ORL,2021-05-07,8:00p,@,Charlotte Hornets,L,,112,122,21,46,L 2
2021,ORL,2021-05-09,7:00p,,Minnesota Timberwolves,L,,96,128,21,47,L 3
2021,ORL,2021-05-11,9:00p,@,Milwaukee Bucks,L,,102,114,21,48,L 4
2021,ORL,2021-05-13,7:30p,@,Atlanta Hawks,L,,93,116,21,49,L 5
2021,ORL,2021-05-14,8:00p,@,Philadelphia 76ers,L,,97,122,21,50,L 6
2021,ORL,2021-05-16,7:00p,@,Philadelphia 76ers,L,,117,128,21,51,L 7
2021,PHI,2020-12-23,7:00p,,Washington Wizards,W,,113,107,1,0,W 1
2021,PHI,2020-12-26,7:30p,@,New York Knicks,W,,109,89,2,0,W 2
2021,PHI,2020-12-27,7:30p,@,Cleveland Cavaliers,L,,94,118,2,1,L 1
2021,PHI,2020-12-29,7:00p,,Toronto Raptors,W,,100,93,3,1,W 1
2021,PHI,2020-12-31,6:30p,@,Orlando Magic,W,,116,92,4,1,W 2
2021,PHI,2021-01-02,7:00p,,Charlotte Hornets,W,,127,112,5,1,W 3
2021,PHI,2021-01-04,7:00p,,Charlotte Hornets,W,,118,101,6,1,W 4
2021,PHI,2021-01-06,7:00p,,Washington Wizards,W,,141,136,7,1,W 5
2021,PHI,2021-01-07,7:30p,@,Brooklyn Nets,L,,109,122,7,2,L 1
2021,PHI,2021-01-09,3:00p,,Denver Nuggets,L,,103,115,7,3,L 2
2021,PHI,2021-01-11,7:30p,@,Atlanta Hawks,L,,94,112,7,4,L 3
2021,PHI,2021-01-12,7:00p,,Miami Heat,W,OT,137,134,8,4,W 1
2021,PHI,2021-01-14,7:00p,,Miami Heat,W,,125,108,9,4,W 2
2021,PHI,2021-01-16,8:00p,@,Memphis Grizzlies,L,,104,106,9,5,L 1
2021,PHI,2021-01-20,7:00p,,Boston Celtics,W,,117,109,10,5,W 1
2021,PHI,2021-01-22,7:30p,,Boston Celtics,W,,122,110,11,5,W 2
2021,PHI,2021-01-23,8:00p,@,Detroit Pistons,W,,114,110,12,5,W 3
2021,PHI,2021-01-25,7:00p,@,Detroit Pistons,L,,104,119,12,6,L 1
2021,PHI,2021-01-27,7:30p,,Los Angeles Lakers,W,,107,106,13,6,W 1
2021,PHI,2021-01-29,8:00p,@,Minnesota Timberwolves,W,,118,94,14,6,W 2
2021,PHI,2021-01-31,7:00p,@,Indiana Pacers,W,,119,110,15,6,W 3
2021,PHI,2021-02-03,7:00p,@,Charlotte Hornets,W,,118,111,16,6,W 4
2021,PHI,2021-02-04,8:00p,,Portland Trail Blazers,L,,105,121,16,7,L 1
2021,PHI,2021-02-06,8:00p,,Brooklyn Nets,W,,124,108,17,7,W 1
2021,PHI,2021-02-09,10:00p,@,Sacramento Kings,W,,119,111,18,7,W 2
2021,PHI,2021-02-11,10:00p,@,Portland Trail Blazers,L,,114,118,18,8,L 1
2021,PHI,2021-02-13,3:00p,@,Phoenix Suns,L,,111,120,18,9,L 2
2021,PHI,2021-02-15,9:00p,@,Utah Jazz,L,,123,134,18,10,L 3
2021,PHI,2021-02-17,7:30p,,Houston Rockets,W,,118,113,19,10,W 1
2021,PHI,2021-02-19,7:30p,,Chicago Bulls,W,,112,105,20,10,W 2
2021,PHI,2021-02-21,7:00p,@,Toronto Raptors,L,,103,110,20,11,L 1
2021,PHI,2021-02-23,7:30p,@,Toronto Raptors,W,,109,102,21,11,W 1
2021,PHI,2021-02-25,7:00p,,Dallas Mavericks,W,,111,97,22,11,W 2
2021,PHI,2021-02-27,7:00p,,Cleveland Cavaliers,L,OT,109,112,22,12,L 1
2021,PHI,2021-03-01,7:00p,,Indiana Pacers,W,,130,114,23,12,W 1
2021,PHI,2021-03-03,7:00p,,Utah Jazz,W,OT,131,123,24,12,W 2
2021,PHI,2021-03-11,8:00p,@,Chicago Bulls,W,,127,105,25,12,W 3
2021,PHI,2021-03-12,8:00p,@,Washington Wizards,W,,127,101,26,12,W 4
2021,PHI,2021-03-14,6:30p,,San Antonio Spurs,W,,134,99,27,12,W 5
2021,PHI,2021-03-16,8:00p,,New York Knicks,W,,99,96,28,12,W 6
2021,PHI,2021-03-17,7:00p,,Milwaukee Bucks,L,OT,105,109,28,13,L 1
2021,PHI,2021-03-20,8:00p,,Sacramento Kings,W,,129,105,29,13,W 1
2021,PHI,2021-03-21,8:00p,@,New York Knicks,W,OT,101,100,30,13,W 2
2021,PHI,2021-03-23,10:00p,@,Golden State Warriors,W,,108,98,31,13,W 3
2021,PHI,2021-03-25,10:00p,@,Los Angeles Lakers,W,,109,101,32,13,W 4
2021,PHI,2021-03-27,10:00p,@,Los Angeles Clippers,L,,112,122,32,14,L 1
2021,PHI,2021-03-30,9:00p,@,Denver Nuggets,L,,95,104,32,15,L 2
2021,PHI,2021-04-01,7:00p,@,Cleveland Cavaliers,W,,114,94,33,15,W 1
2021,PHI,2021-04-03,8:00p,,Minnesota Timberwolves,W,,122,113,34,15,W 2
2021,PHI,2021-04-04,7:00p,,Memphis Grizzlies,L,,100,116,34,16,L 1
2021,PHI,2021-04-06,7:30p,@,Boston Celtics,W,,106,96,35,16,W 1
2021,PHI,2021-04-09,8:00p,@,New Orleans Pelicans,L,,94,101,35,17,L 1
2021,PHI,2021-04-10,9:00p,@,Oklahoma City Thunder,W,,117,93,36,17,W 1
2021,PHI,2021-04-12,7:30p,@,Dallas Mavericks,W,,113,95,37,17,W 2
2021,PHI,2021-04-14,7:00p,,Brooklyn Nets,W,,123,117,38,17,W 3
2021,PHI,2021-04-16,7:00p,,Los Angeles Clippers,W,,106,103,39,17,W 4
2021,PHI,2021-04-19,7:30p,,Golden State Warriors,L,,96,107,39,18,L 1
2021,PHI,2021-04-21,7:00p,,Phoenix Suns,L,,113,116,39,19,L 2
2021,PHI,2021-04-22,7:00p,@,Milwaukee Bucks,L,,117,124,39,20,L 3
2021,PHI,2021-04-24,3:30p,@,Milwaukee Bucks,L,,94,132,39,21,L 4
2021,PHI,2021-04-26,7:00p,,Oklahoma City Thunder,W,,121,90,40,21,W 1
2021,PHI,2021-04-28,7:00p,,Atlanta Hawks,W,,127,83,41,21,W 2
2021,PHI,2021-04-30,7:00p,,Atlanta Hawks,W,,126,104,42,21,W 3
2021,PHI,2021-05-02,8:00p,@,San Antonio Spurs,W,OT,113,111,43,21,W 4
2021,PHI,2021-05-03,9:00p,@,Chicago Bulls,W,,106,94,44,21,W 5
2021,PHI,2021-05-05,8:00p,@,Houston Rockets,W,,135,115,45,21,W 6
2021,PHI,2021-05-07,7:00p,,New Orleans Pelicans,W,,109,107,46,21,W 7
2021,PHI,2021-05-08,7:00p,,Detroit Pistons,W,,118,104,47,21,W 8
2021,PHI,2021-05-11,8:00p,@,Indiana Pacers,L,,94,103,47,22,L 1
2021,PHI,2021-05-13,7:30p,@,Miami Heat,L,,94,106,47,23,L 2
2021,PHI,2021-05-14,8:00p,,Orlando Magic,W,,122,97,48,23,W 1
2021,PHI,2021-05-16,7:00p,,Orlando Magic,W,,128,117,49,23,W 2
2021,PHI,2021-05-23,1:00p,,Washington Wizards,W,,125,118,1,0,W 1
2021,PHI,2021-05-26,7:00p,,Washington Wizards,W,,120,95,2,0,W 2
2021,PHI,2021-05-29,7:00p,@,Washington Wizards,W,,132,103,3,0,W 3
2021,PHI,2021-05-31,7:00p,@,Washington Wizards,L,,114,122,3,1,L 1
2021,PHI,2021-06-02,7:00p,,Washington Wizards,W,,129,112,4,1,W 1
2021,PHI,2021-06-06,1:00p,,Atlanta Hawks,L,,124,128,4,2,L 1
2021,PHI,2021-06-08,7:30p,,Atlanta Hawks,W,,118,102,5,2,W 1
2021,PHI,2021-06-11,7:30p,@,Atlanta Hawks,W,,127,111,6,2,W 2
2021,PHI,2021-06-14,7:30p,@,Atlanta Hawks,L,,100,103,6,3,L 1
2021,PHI,2021-06-16,7:30p,,Atlanta Hawks,L,,106,109,6,4,L 2
2021,PHI,2021-06-18,7:30p,@,Atlanta Hawks,W,,104,99,7,4,W 1
2021,PHI,2021-06-20,8:00p,,Atlanta Hawks,L,,96,103,7,5,L 1
2021,PHO,2020-12-23,10:30p,,Dallas Mavericks,W,,106,102,1,0,W 1
2021,PHO,2020-12-26,10:00p,@,Sacramento Kings,L,,103,106,1,1,L 1
2021,PHO,2020-12-27,9:00p,@,Sacramento Kings,W,,116,100,2,1,W 1
2021,PHO,2020-12-29,10:00p,,New Orleans Pelicans,W,,111,86,3,1,W 2
2021,PHO,2020-12-31,9:00p,@,Utah Jazz,W,,106,95,4,1,W 3
2021,PHO,2021-01-01,9:00p,@,Denver Nuggets,W,,106,103,5,1,W 4
2021,PHO,2021-01-03,8:00p,,Los Angeles Clippers,L,,107,112,5,2,L 1
2021,PHO,2021-01-06,9:00p,,Toronto Raptors,W,,123,115,6,2,W 1
2021,PHO,2021-01-08,7:00p,@,Detroit Pistons,L,OT,105,110,6,3,L 1
2021,PHO,2021-01-09,7:00p,@,Indiana Pacers,W,,125,117,7,3,W 1
2021,PHO,2021-01-11,7:00p,@,Washington Wizards,L,,107,128,7,4,L 1
2021,PHO,2021-01-18,5:00p,@,Memphis Grizzlies,L,,104,108,7,5,L 2
2021,PHO,2021-01-20,9:30p,@,Houston Rockets,W,,109,103,8,5,W 1
2021,PHO,2021-01-22,10:00p,,Denver Nuggets,L,OT,126,130,8,6,L 1
2021,PHO,2021-01-23,9:00p,,Denver Nuggets,L,2OT,112,120,8,7,L 2
2021,PHO,2021-01-27,9:00p,,Oklahoma City Thunder,L,,97,102,8,8,L 3
2021,PHO,2021-01-28,10:00p,,Golden State Warriors,W,,114,93,9,8,W 1
2021,PHO,2021-01-30,9:00p,@,Dallas Mavericks,W,,111,105,10,8,W 2
2021,PHO,2021-02-01,8:30p,@,Dallas Mavericks,W,,109,108,11,8,W 3
2021,PHO,2021-02-03,9:30p,@,New Orleans Pelicans,L,,101,123,11,9,L 1
2021,PHO,2021-02-05,9:00p,,Detroit Pistons,W,,109,92,12,9,W 1
2021,PHO,2021-02-07,2:00p,,Boston Celtics,W,,100,91,13,9,W 2
2021,PHO,2021-02-08,9:00p,,Cleveland Cavaliers,W,,119,113,14,9,W 3
2021,PHO,2021-02-10,10:00p,,Milwaukee Bucks,W,,125,124,15,9,W 4
2021,PHO,2021-02-13,3:00p,,Philadelphia 76ers,W,,120,111,16,9,W 5
2021,PHO,2021-02-14,9:00p,,Orlando Magic,W,,109,90,17,9,W 6
2021,PHO,2021-02-16,10:30p,,Brooklyn Nets,L,,124,128,17,10,L 1
2021,PHO,2021-02-19,8:00p,@,New Orleans Pelicans,W,,132,114,18,10,W 1
2021,PHO,2021-02-20,9:00p,@,Memphis Grizzlies,W,,128,97,19,10,W 2
2021,PHO,2021-02-22,9:00p,,Portland Trail Blazers,W,,132,100,20,10,W 3
2021,PHO,2021-02-24,9:00p,,Charlotte Hornets,L,,121,124,20,11,L 1
2021,PHO,2021-02-26,8:00p,@,Chicago Bulls,W,,106,97,21,11,W 1
2021,PHO,2021-02-28,9:00p,@,Minnesota Timberwolves,W,,118,99,22,11,W 2
2021,PHO,2021-03-02,10:00p,@,Los Angeles Lakers,W,,114,104,23,11,W 3
2021,PHO,2021-03-04,10:00p,,Golden State Warriors,W,,120,98,24,11,W 4
2021,PHO,2021-03-11,10:00p,@,Portland Trail Blazers,W,,127,121,25,11,W 5
2021,PHO,2021-03-13,10:00p,,Indiana Pacers,L,,111,122,25,12,L 1
2021,PHO,2021-03-15,10:00p,,Memphis Grizzlies,W,,122,99,26,12,W 1
2021,PHO,2021-03-18,10:00p,,Minnesota Timberwolves,L,,119,123,26,13,L 1
2021,PHO,2021-03-19,10:00p,,Minnesota Timberwolves,W,,113,101,27,13,W 1
2021,PHO,2021-03-21,10:00p,,Los Angeles Lakers,W,,111,94,28,13,W 2
2021,PHO,2021-03-23,8:00p,@,Miami Heat,W,,110,100,29,13,W 3
2021,PHO,2021-03-24,8:00p,@,Orlando Magic,L,,111,112,29,14,L 1
2021,PHO,2021-03-26,7:30p,@,Toronto Raptors,W,,104,100,30,14,W 1
2021,PHO,2021-03-28,1:00p,@,Charlotte Hornets,W,OT,101,97,31,14,W 2
2021,PHO,2021-03-30,10:00p,,Atlanta Hawks,W,,117,110,32,14,W 3
2021,PHO,2021-03-31,10:00p,,Chicago Bulls,W,,121,116,33,14,W 4
2021,PHO,2021-04-02,10:00p,,Oklahoma City Thunder,W,,140,103,34,14,W 5
2021,PHO,2021-04-05,8:00p,@,Houston Rockets,W,,133,130,35,14,W 6
2021,PHO,2021-04-07,10:00p,,Utah Jazz,W,OT,117,113,36,14,W 7
2021,PHO,2021-04-08,10:00p,@,Los Angeles Clippers,L,,103,113,36,15,L 1
2021,PHO,2021-04-10,10:00p,,Washington Wizards,W,,134,106,37,15,W 1
2021,PHO,2021-04-12,10:00p,,Houston Rockets,W,,126,120,38,15,W 2
2021,PHO,2021-04-13,10:00p,,Miami Heat,W,,106,86,39,15,W 3
2021,PHO,2021-04-15,10:00p,,Sacramento Kings,W,,122,114,40,15,W 4
2021,PHO,2021-04-17,10:00p,,San Antonio Spurs,L,,85,111,40,16,L 1
2021,PHO,2021-04-19,8:00p,@,Milwaukee Bucks,W,OT,128,127,41,16,W 1
2021,PHO,2021-04-21,7:00p,@,Philadelphia 76ers,W,,116,113,42,16,W 2
2021,PHO,2021-04-22,7:00p,@,Boston Celtics,L,,86,99,42,17,L 1
2021,PHO,2021-04-25,3:30p,@,Brooklyn Nets,L,,119,128,42,18,L 2
2021,PHO,2021-04-26,7:30p,@,New York Knicks,W,,118,110,43,18,W 1
2021,PHO,2021-04-28,10:00p,,Los Angeles Clippers,W,,109,101,44,18,W 2
2021,PHO,2021-04-30,10:00p,,Utah Jazz,W,,121,100,45,18,W 3
2021,PHO,2021-05-02,8:00p,@,Oklahoma City Thunder,W,,123,120,46,18,W 4
2021,PHO,2021-05-04,7:00p,@,Cleveland Cavaliers,W,OT,134,118,47,18,W 5
2021,PHO,2021-05-05,8:00p,@,Atlanta Hawks,L,,103,135,47,19,L 1
2021,PHO,2021-05-07,10:00p,,New York Knicks,W,,128,105,48,19,W 1
2021,PHO,2021-05-09,10:00p,@,Los Angeles Lakers,L,,110,123,48,20,L 1
2021,PHO,2021-05-11,10:00p,@,Golden State Warriors,L,,116,122,48,21,L 2
2021,PHO,2021-05-13,10:00p,,Portland Trail Blazers,W,,118,117,49,21,W 1
2021,PHO,2021-05-15,2:00p,@,San Antonio Spurs,W,,140,103,50,21,W 2
2021,PHO,2021-05-16,2:00p,@,San Antonio Spurs,W,,123,121,51,21,W 3
2021,PHO,2021-05-23,3:30p,,Los Angeles Lakers,W,,99,90,1,0,W 1
2021,PHO,2021-05-25,10:00p,,Los Angeles Lakers,L,,102,109,1,1,L 1
2021,PHO,2021-05-27,10:00p,@,Los Angeles Lakers,L,,95,109,1,2,L 2
2021,PHO,2021-05-30,3:30p,@,Los Angeles Lakers,W,,100,92,2,2,W 1
2021,PHO,2021-06-01,10:00p,,Los Angeles Lakers,W,,115,85,3,2,W 2
2021,PHO,2021-06-03,10:30p,@,Los Angeles Lakers,W,,113,100,4,2,W 3
2021,PHO,2021-06-07,10:00p,,Denver Nuggets,W,,122,105,5,2,W 4
2021,PHO,2021-06-09,9:30p,,Denver Nuggets,W,,123,98,6,2,W 5
2021,PHO,2021-06-11,10:00p,@,Denver Nuggets,W,,116,102,7,2,W 6
2021,PHO,2021-06-13,8:00p,@,Denver Nuggets,W,,125,118,8,2,W 7
2021,PHO,2021-06-20,3:30p,,Los Angeles Clippers,W,,120,114,9,2,W 8
2021,PHO,2021-06-22,9:00p,,Los Angeles Clippers,W,,104,103,10,2,W 9
2021,PHO,2021-06-24,9:00p,@,Los Angeles Clippers,L,,92,106,10,3,L 1
2021,PHO,2021-06-26,9:00p,@,Los Angeles Clippers,W,,84,80,11,3,W 1
2021,PHO,2021-06-28,9:00p,,Los Angeles Clippers,L,,102,116,11,4,L 1
2021,PHO,2021-06-30,9:00p,@,Los Angeles Clippers,W,,130,103,12,4,W 1
2021,PHO,2021-07-06,9:00p,,Milwaukee Bucks,W,,118,105,13,4,W 2
2021,PHO,2021-07-08,9:00p,,Milwaukee Bucks,W,,118,108,14,4,W 3
2021,PHO,2021-07-11,8:00p,@,Milwaukee Bucks,L,,100,120,14,5,L 1
2021,PHO,2021-07-14,9:00p,@,Milwaukee Bucks,L,,103,109,14,6,L 2
2021,PHO,2021-07-17,9:00p,,Milwaukee Bucks,L,,119,123,14,7,L 3
2021,PHO,2021-07-20,9:00p,@,Milwaukee Bucks,L,,98,105,14,8,L 4
2021,POR,2020-12-23,10:00p,,Utah Jazz,L,,100,120,0,1,L 1
2021,POR,2020-12-26,10:00p,,Houston Rockets,W,OT,128,126,1,1,W 1
2021,POR,2020-12-28,10:00p,@,Los Angeles Lakers,W,,115,107,2,1,W 2
2021,POR,2020-12-30,10:00p,@,Los Angeles Clippers,L,,105,128,2,2,L 1
2021,POR,2021-01-01,10:30p,@,Golden State Warriors,W,,123,98,3,2,W 1
2021,POR,2021-01-03,8:30p,@,Golden State Warriors,L,,122,137,3,3,L 1
2021,POR,2021-01-05,10:30p,,Chicago Bulls,L,,108,111,3,4,L 2
2021,POR,2021-01-07,10:00p,,Minnesota Timberwolves,W,,135,117,4,4,W 1
2021,POR,2021-01-09,10:00p,@,Sacramento Kings,W,,125,99,5,4,W 2
2021,POR,2021-01-11,10:00p,,Toronto Raptors,W,,112,111,6,4,W 3
2021,POR,2021-01-13,10:00p,@,Sacramento Kings,W,,132,126,7,4,W 4
2021,POR,2021-01-14,10:00p,,Indiana Pacers,L,,87,111,7,5,L 1
2021,POR,2021-01-16,10:00p,,Atlanta Hawks,W,,112,106,8,5,W 1
2021,POR,2021-01-18,3:00p,,San Antonio Spurs,L,,104,125,8,6,L 1
2021,POR,2021-01-24,10:00p,,New York Knicks,W,,116,113,9,6,W 1
2021,POR,2021-01-25,10:00p,,Oklahoma City Thunder,L,,122,125,9,7,L 1
2021,POR,2021-01-28,7:30p,@,Houston Rockets,L,,101,104,9,8,L 2
2021,POR,2021-01-30,8:00p,@,Chicago Bulls,W,,123,122,10,8,W 1
2021,POR,2021-02-01,8:00p,@,Milwaukee Bucks,L,,106,134,10,9,L 1
2021,POR,2021-02-02,8:00p,@,Washington Wizards,W,,132,121,11,9,W 1
2021,POR,2021-02-04,8:00p,@,Philadelphia 76ers,W,,121,105,12,9,W 2
2021,POR,2021-02-06,1:00p,@,New York Knicks,L,,99,110,12,10,L 1
2021,POR,2021-02-09,10:00p,,Orlando Magic,W,,106,97,13,10,W 1
2021,POR,2021-02-11,10:00p,,Philadelphia 76ers,W,,118,114,14,10,W 2
2021,POR,2021-02-12,10:00p,,Cleveland Cavaliers,W,,129,110,15,10,W 3
2021,POR,2021-02-14,7:30p,@,Dallas Mavericks,W,,121,118,16,10,W 4
2021,POR,2021-02-16,8:00p,@,Oklahoma City Thunder,W,,115,104,17,10,W 5
2021,POR,2021-02-17,9:00p,@,New Orleans Pelicans,W,,126,124,18,10,W 6
2021,POR,2021-02-20,10:00p,,Washington Wizards,L,,111,118,18,11,L 1
2021,POR,2021-02-22,9:00p,@,Phoenix Suns,L,,100,132,18,12,L 2
2021,POR,2021-02-23,10:00p,@,Denver Nuggets,L,,106,111,18,13,L 3
2021,POR,2021-02-26,10:00p,@,Los Angeles Lakers,L,,93,102,18,14,L 4
2021,POR,2021-03-01,10:30p,,Charlotte Hornets,W,,123,111,19,14,W 1
2021,POR,2021-03-03,10:00p,,Golden State Warriors,W,,108,106,20,14,W 2
2021,POR,2021-03-04,10:00p,,Sacramento Kings,W,,123,119,21,14,W 3
2021,POR,2021-03-11,10:00p,,Phoenix Suns,L,,121,127,21,15,L 1
2021,POR,2021-03-13,8:00p,@,Minnesota Timberwolves,W,,125,121,22,15,W 1
2021,POR,2021-03-14,8:00p,@,Minnesota Timberwolves,L,,112,114,22,16,L 1
2021,POR,2021-03-16,10:00p,,New Orleans Pelicans,W,,125,124,23,16,W 1
2021,POR,2021-03-18,10:00p,,New Orleans Pelicans,W,,101,93,24,16,W 2
2021,POR,2021-03-19,10:00p,,Dallas Mavericks,W,,125,119,25,16,W 3
2021,POR,2021-03-21,10:00p,,Dallas Mavericks,L,,92,132,25,17,L 1
2021,POR,2021-03-23,10:00p,,Brooklyn Nets,L,,112,116,25,18,L 2
2021,POR,2021-03-25,7:30p,@,Miami Heat,W,,125,122,26,18,W 1
2021,POR,2021-03-26,8:00p,@,Orlando Magic,W,,112,105,27,18,W 2
2021,POR,2021-03-28,7:00p,@,Toronto Raptors,W,,122,117,28,18,W 3
2021,POR,2021-03-31,7:00p,@,Detroit Pistons,W,,124,101,29,18,W 4
2021,POR,2021-04-02,10:00p,,Milwaukee Bucks,L,,109,127,29,19,L 1
2021,POR,2021-04-03,10:00p,,Oklahoma City Thunder,W,,133,85,30,19,W 1
2021,POR,2021-04-06,10:00p,@,Los Angeles Clippers,L,,116,133,30,20,L 1
2021,POR,2021-04-08,10:00p,@,Utah Jazz,L,,103,122,30,21,L 2
2021,POR,2021-04-10,10:00p,,Detroit Pistons,W,,118,103,31,21,W 1
2021,POR,2021-04-11,10:00p,,Miami Heat,L,,98,107,31,22,L 1
2021,POR,2021-04-13,10:00p,,Boston Celtics,L,,115,116,31,23,L 2
2021,POR,2021-04-16,8:30p,@,San Antonio Spurs,W,,107,106,32,23,W 1
2021,POR,2021-04-18,7:00p,@,Charlotte Hornets,L,,101,109,32,24,L 1
2021,POR,2021-04-20,10:00p,,Los Angeles Clippers,L,,112,113,32,25,L 2
2021,POR,2021-04-21,10:00p,,Denver Nuggets,L,,105,106,32,26,L 3
2021,POR,2021-04-23,10:00p,,Memphis Grizzlies,L,,128,130,32,27,L 4
2021,POR,2021-04-25,4:00p,,Memphis Grizzlies,L,,113,120,32,28,L 5
2021,POR,2021-04-27,7:00p,@,Indiana Pacers,W,,133,112,33,28,W 1
2021,POR,2021-04-28,9:00p,@,Memphis Grizzlies,W,,130,109,34,28,W 2
2021,POR,2021-04-30,8:00p,@,Brooklyn Nets,W,,128,109,35,28,W 3
2021,POR,2021-05-02,7:30p,@,Boston Celtics,W,,129,119,36,28,W 4
2021,POR,2021-05-03,8:00p,@,Atlanta Hawks,L,,114,123,36,29,L 1
2021,POR,2021-05-05,7:30p,@,Cleveland Cavaliers,W,,141,105,37,29,W 1
2021,POR,2021-05-07,10:00p,,Los Angeles Lakers,W,,106,101,38,29,W 2
2021,POR,2021-05-08,10:00p,,San Antonio Spurs,W,,124,102,39,29,W 3
2021,POR,2021-05-10,10:00p,,Houston Rockets,W,,140,129,40,29,W 4
2021,POR,2021-05-12,9:30p,@,Utah Jazz,W,,105,98,41,29,W 5
2021,POR,2021-05-13,10:00p,@,Phoenix Suns,L,,117,118,41,30,L 1
2021,POR,2021-05-16,9:00p,,Denver Nuggets,W,,132,116,42,30,W 1
2021,POR,2021-05-22,10:30p,@,Denver Nuggets,W,,123,109,1,0,W 1
2021,POR,2021-05-24,10:00p,@,Denver Nuggets,L,,109,128,1,1,L 1
2021,POR,2021-05-27,10:30p,,Denver Nuggets,L,,115,120,1,2,L 2
2021,POR,2021-05-29,4:00p,,Denver Nuggets,W,,115,95,2,2,W 1
2021,POR,2021-06-01,9:00p,@,Denver Nuggets,L,2OT,140,147,2,3,L 1
2021,POR,2021-06-03,8:00p,,Denver Nuggets,L,,115,126,2,4,L 2
2021,SAC,2020-12-23,9:00p,@,Denver Nuggets,W,OT,124,122,1,0,W 1
2021,SAC,2020-12-26,10:00p,,Phoenix Suns,W,,106,103,2,0,W 2
2021,SAC,2020-12-27,9:00p,,Phoenix Suns,L,,100,116,2,1,L 1
2021,SAC,2020-12-29,10:00p,,Denver Nuggets,W,,125,115,3,1,W 1
2021,SAC,2020-12-31,7:00p,@,Houston Rockets,L,,119,122,3,2,L 1
2021,SAC,2021-01-02,5:00p,@,Houston Rockets,L,,94,102,3,3,L 2
2021,SAC,2021-01-04,10:00p,@,Golden State Warriors,L,,106,137,3,4,L 3
2021,SAC,2021-01-06,10:00p,,Chicago Bulls,W,,128,124,4,4,W 1
2021,SAC,2021-01-08,10:00p,,Toronto Raptors,L,,123,144,4,5,L 1
2021,SAC,2021-01-09,10:00p,,Portland Trail Blazers,L,,99,125,4,6,L 2
2021,SAC,2021-01-11,10:00p,,Indiana Pacers,W,,127,122,5,6,W 1
2021,SAC,2021-01-13,10:00p,,Portland Trail Blazers,L,,126,132,5,7,L 1
2021,SAC,2021-01-15,10:00p,,Los Angeles Clippers,L,,100,138,5,8,L 2
2021,SAC,2021-01-17,9:00p,,New Orleans Pelicans,L,,123,128,5,9,L 3
2021,SAC,2021-01-20,10:00p,@,Los Angeles Clippers,L,,96,115,5,10,L 4
2021,SAC,2021-01-22,10:00p,,New York Knicks,W,,103,94,6,10,W 1
2021,SAC,2021-01-27,7:00p,@,Orlando Magic,W,,121,107,7,10,W 2
2021,SAC,2021-01-29,7:30p,@,Toronto Raptors,W,,126,124,8,10,W 3
2021,SAC,2021-01-30,8:00p,@,Miami Heat,L,,104,105,8,11,L 1
2021,SAC,2021-02-01,8:00p,@,New Orleans Pelicans,W,,118,109,9,11,W 1
2021,SAC,2021-02-03,10:00p,,Boston Celtics,W,,116,111,10,11,W 2
2021,SAC,2021-02-06,5:00p,,Denver Nuggets,W,,119,114,11,11,W 3
2021,SAC,2021-02-07,3:00p,@,Los Angeles Clippers,W,,113,110,12,11,W 4
2021,SAC,2021-02-09,10:00p,,Philadelphia 76ers,L,,111,119,12,12,L 1
2021,SAC,2021-02-12,10:00p,,Orlando Magic,L,,112,123,12,13,L 2
2021,SAC,2021-02-14,10:00p,,Memphis Grizzlies,L,,110,124,12,14,L 3
2021,SAC,2021-02-15,10:00p,,Brooklyn Nets,L,,125,136,12,15,L 4
2021,SAC,2021-02-18,10:00p,,Miami Heat,L,,110,118,12,16,L 5
2021,SAC,2021-02-20,9:00p,@,Chicago Bulls,L,,114,122,12,17,L 6
2021,SAC,2021-02-21,9:00p,@,Milwaukee Bucks,L,,115,128,12,18,L 7
2021,SAC,2021-02-23,7:30p,@,Brooklyn Nets,L,,118,127,12,19,L 8
2021,SAC,2021-02-25,7:30p,@,New York Knicks,L,,121,140,12,20,L 9
2021,SAC,2021-02-26,8:00p,@,Detroit Pistons,W,,110,107,13,20,W 1
2021,SAC,2021-02-28,10:00p,,Charlotte Hornets,L,,126,127,13,21,L 1
2021,SAC,2021-03-03,10:00p,,Los Angeles Lakers,W,,123,120,14,21,W 1
2021,SAC,2021-03-04,10:00p,@,Portland Trail Blazers,L,,119,123,14,22,L 1
2021,SAC,2021-03-11,10:00p,,Houston Rockets,W,,125,105,15,22,W 1
2021,SAC,2021-03-13,7:30p,@,Atlanta Hawks,L,,106,121,15,23,L 1
2021,SAC,2021-03-15,7:00p,@,Charlotte Hornets,L,,116,122,15,24,L 2
2021,SAC,2021-03-17,7:00p,@,Washington Wizards,W,,121,119,16,24,W 1
2021,SAC,2021-03-19,7:30p,@,Boston Celtics,W,,107,96,17,24,W 2
2021,SAC,2021-03-20,8:00p,@,Philadelphia 76ers,L,,105,129,17,25,L 1
2021,SAC,2021-03-22,7:30p,@,Cleveland Cavaliers,W,,119,105,18,25,W 1
2021,SAC,2021-03-24,10:00p,,Atlanta Hawks,W,,110,108,19,25,W 2
2021,SAC,2021-03-25,10:00p,,Golden State Warriors,W,,141,119,20,25,W 3
2021,SAC,2021-03-27,10:00p,,Cleveland Cavaliers,W,,100,98,21,25,W 4
2021,SAC,2021-03-29,8:30p,@,San Antonio Spurs,W,,132,115,22,25,W 5
2021,SAC,2021-03-31,8:30p,@,San Antonio Spurs,L,,106,120,22,26,L 1
2021,SAC,2021-04-02,10:00p,,Los Angeles Lakers,L,,94,115,22,27,L 2
2021,SAC,2021-04-03,10:00p,,Milwaukee Bucks,L,,128,129,22,28,L 3
2021,SAC,2021-04-05,7:00p,@,Minnesota Timberwolves,L,,106,116,22,29,L 4
2021,SAC,2021-04-08,10:00p,,Detroit Pistons,L,,101,113,22,30,L 5
2021,SAC,2021-04-10,9:00p,@,Utah Jazz,L,,112,128,22,31,L 6
2021,SAC,2021-04-12,9:00p,@,New Orleans Pelicans,L,,110,117,22,32,L 7
2021,SAC,2021-04-14,10:00p,,Washington Wizards,L,,111,123,22,33,L 8
2021,SAC,2021-04-15,10:00p,@,Phoenix Suns,L,,114,122,22,34,L 9
2021,SAC,2021-04-18,7:30p,@,Dallas Mavericks,W,,121,107,23,34,W 1
2021,SAC,2021-04-20,10:00p,,Minnesota Timberwolves,L,,120,134,23,35,L 1
2021,SAC,2021-04-21,10:00p,,Minnesota Timberwolves,W,,128,125,24,35,W 1
2021,SAC,2021-04-25,10:00p,@,Golden State Warriors,L,,113,117,24,36,L 1
2021,SAC,2021-04-26,10:00p,,Dallas Mavericks,W,,113,106,25,36,W 1
2021,SAC,2021-04-28,10:00p,,Utah Jazz,L,,105,154,25,37,L 1
2021,SAC,2021-04-30,10:30p,@,Los Angeles Lakers,W,,110,106,26,37,W 1
2021,SAC,2021-05-02,8:00p,@,Dallas Mavericks,W,,111,99,27,37,W 2
2021,SAC,2021-05-04,8:00p,@,Oklahoma City Thunder,W,,103,99,28,37,W 3
2021,SAC,2021-05-05,8:00p,@,Indiana Pacers,W,,104,93,29,37,W 4
2021,SAC,2021-05-07,10:00p,,San Antonio Spurs,L,,104,113,29,38,L 1
2021,SAC,2021-05-09,10:00p,,Oklahoma City Thunder,W,,126,98,30,38,W 1
2021,SAC,2021-05-11,10:00p,,Oklahoma City Thunder,W,,122,106,31,38,W 2
2021,SAC,2021-05-13,8:00p,@,Memphis Grizzlies,L,,110,116,31,39,L 1
2021,SAC,2021-05-14,9:00p,@,Memphis Grizzlies,L,,106,107,31,40,L 2
2021,SAC,2021-05-16,9:00p,,Utah Jazz,L,,99,121,31,41,L 3
2021,SAS,2020-12-23,8:00p,@,Memphis Grizzlies,W,,131,119,1,0,W 1
2021,SAS,2020-12-26,8:30p,,Toronto Raptors,W,,119,114,2,0,W 2
2021,SAS,2020-12-27,7:00p,@,New Orleans Pelicans,L,,95,98,2,1,L 1
2021,SAS,2020-12-30,8:30p,,Los Angeles Lakers,L,,107,121,2,2,L 2
2021,SAS,2021-01-01,8:00p,,Los Angeles Lakers,L,,103,109,2,3,L 3
2021,SAS,2021-01-03,7:00p,,Utah Jazz,L,,109,130,2,4,L 4
2021,SAS,2021-01-05,10:00p,@,Los Angeles Clippers,W,,116,113,3,4,W 1
2021,SAS,2021-01-07,10:00p,@,Los Angeles Lakers,W,,118,109,4,4,W 2
2021,SAS,2021-01-09,8:00p,@,Minnesota Timberwolves,W,OT,125,122,5,4,W 3
2021,SAS,2021-01-10,8:00p,@,Minnesota Timberwolves,L,,88,96,5,5,L 1
2021,SAS,2021-01-12,8:00p,@,Oklahoma City Thunder,W,,112,102,6,5,W 1
2021,SAS,2021-01-14,7:30p,,Houston Rockets,L,,105,109,6,6,L 1
2021,SAS,2021-01-16,5:00p,,Houston Rockets,W,,103,91,7,6,W 1
2021,SAS,2021-01-18,3:00p,@,Portland Trail Blazers,W,,125,104,8,6,W 2
2021,SAS,2021-01-20,10:00p,@,Golden State Warriors,L,,99,121,8,7,L 1
2021,SAS,2021-01-22,8:30p,,Dallas Mavericks,L,,117,122,8,8,L 2
2021,SAS,2021-01-24,8:00p,,Washington Wizards,W,,121,101,9,8,W 1
2021,SAS,2021-01-27,8:30p,,Boston Celtics,W,,110,106,10,8,W 2
2021,SAS,2021-01-29,8:30p,,Denver Nuggets,W,,119,109,11,8,W 3
2021,SAS,2021-01-30,8:30p,,Memphis Grizzlies,L,,112,129,11,9,L 1
2021,SAS,2021-02-01,8:30p,,Memphis Grizzlies,L,,102,133,11,10,L 2
2021,SAS,2021-02-03,8:30p,,Minnesota Timberwolves,W,,111,108,12,10,W 1
2021,SAS,2021-02-06,8:00p,@,Houston Rockets,W,,111,106,13,10,W 2
2021,SAS,2021-02-08,8:30p,,Golden State Warriors,W,,105,100,14,10,W 3
2021,SAS,2021-02-09,8:30p,,Golden State Warriors,L,,91,114,14,11,L 1
2021,SAS,2021-02-12,7:30p,@,Atlanta Hawks,W,,125,114,15,11,W 1
2021,SAS,2021-02-14,7:00p,@,Charlotte Hornets,W,,122,110,16,11,W 2
2021,SAS,2021-02-24,8:00p,@,Oklahoma City Thunder,L,,99,102,16,12,L 1
2021,SAS,2021-02-27,8:00p,,New Orleans Pelicans,W,,117,114,17,12,W 1
2021,SAS,2021-03-01,8:30p,,Brooklyn Nets,L,OT,113,124,17,13,L 1
2021,SAS,2021-03-02,8:30p,,New York Knicks,W,,119,93,18,13,W 1
2021,SAS,2021-03-04,9:00p,,Oklahoma City Thunder,L,,102,107,18,14,L 1
2021,SAS,2021-03-10,8:30p,@,Dallas Mavericks,L,,104,115,18,15,L 2
2021,SAS,2021-03-12,9:00p,,Orlando Magic,W,,104,77,19,15,W 1
2021,SAS,2021-03-14,6:30p,@,Philadelphia 76ers,L,,99,134,19,16,L 1
2021,SAS,2021-03-15,8:00p,@,Detroit Pistons,W,,109,99,20,16,W 1
2021,SAS,2021-03-17,8:00p,@,Chicago Bulls,W,,106,99,21,16,W 2
2021,SAS,2021-03-19,7:30p,@,Cleveland Cavaliers,W,,116,110,22,16,W 3
2021,SAS,2021-03-20,9:00p,@,Milwaukee Bucks,L,,113,120,22,17,L 1
2021,SAS,2021-03-22,8:30p,,Charlotte Hornets,L,,97,100,22,18,L 2
2021,SAS,2021-03-24,8:30p,,Los Angeles Clippers,L,,101,134,22,19,L 3
2021,SAS,2021-03-25,8:30p,,Los Angeles Clippers,L,,85,98,22,20,L 4
2021,SAS,2021-03-27,8:30p,,Chicago Bulls,W,,120,104,23,20,W 1
2021,SAS,2021-03-29,8:30p,,Sacramento Kings,L,,115,132,23,21,L 1
2021,SAS,2021-03-31,8:30p,,Sacramento Kings,W,,120,106,24,21,W 1
2021,SAS,2021-04-01,8:30p,,Atlanta Hawks,L,2OT,129,134,24,22,L 1
2021,SAS,2021-04-03,9:00p,,Indiana Pacers,L,OT,133,139,24,23,L 2
2021,SAS,2021-04-05,7:00p,,Cleveland Cavaliers,L,,101,125,24,24,L 3
2021,SAS,2021-04-07,9:00p,@,Denver Nuggets,L,,96,106,24,25,L 4
2021,SAS,2021-04-09,9:00p,@,Denver Nuggets,L,,119,121,24,26,L 5
2021,SAS,2021-04-11,8:00p,@,Dallas Mavericks,W,,119,117,25,26,W 1
2021,SAS,2021-04-12,8:00p,@,Orlando Magic,W,,120,97,26,26,W 2
2021,SAS,2021-04-14,7:30p,@,Toronto Raptors,L,,112,117,26,27,L 1
2021,SAS,2021-04-16,8:30p,,Portland Trail Blazers,L,,106,107,26,28,L 2
2021,SAS,2021-04-17,10:00p,@,Phoenix Suns,W,,111,85,27,28,W 1
2021,SAS,2021-04-19,8:00p,@,Indiana Pacers,W,,109,94,28,28,W 2
2021,SAS,2021-04-21,8:30p,,Miami Heat,L,,87,107,28,29,L 1
2021,SAS,2021-04-22,8:30p,,Detroit Pistons,W,,106,91,29,29,W 1
2021,SAS,2021-04-24,8:00p,@,New Orleans Pelicans,W,,110,108,30,29,W 2
2021,SAS,2021-04-26,7:00p,@,Washington Wizards,W,OT,146,143,31,29,W 3
2021,SAS,2021-04-28,8:00p,@,Miami Heat,L,,111,116,31,30,L 1
2021,SAS,2021-04-30,7:30p,@,Boston Celtics,L,OT,140,143,31,31,L 2
2021,SAS,2021-05-02,8:00p,,Philadelphia 76ers,L,OT,111,113,31,32,L 3
2021,SAS,2021-05-03,10:00p,@,Utah Jazz,L,,99,110,31,33,L 4
2021,SAS,2021-05-05,9:00p,@,Utah Jazz,L,,94,126,31,34,L 5
2021,SAS,2021-05-07,10:00p,@,Sacramento Kings,W,,113,104,32,34,W 1
2021,SAS,2021-05-08,10:00p,@,Portland Trail Blazers,L,,102,124,32,35,L 1
2021,SAS,2021-05-10,8:30p,,Milwaukee Bucks,W,,146,125,33,35,W 1
2021,SAS,2021-05-12,8:00p,@,Brooklyn Nets,L,,116,128,33,36,L 1
2021,SAS,2021-05-13,7:30p,@,New York Knicks,L,,98,102,33,37,L 2
2021,SAS,2021-05-15,2:00p,,Phoenix Suns,L,,103,140,33,38,L 3
2021,SAS,2021-05-16,2:00p,,Phoenix Suns,L,,121,123,33,39,L 4
2021,SAS,2021-05-19,7:30p,@,Memphis Grizzlies,L,,96,100,33,40,L 5
2021,TOR,2020-12-23,7:30p,,New Orleans Pelicans,L,,99,113,0,1,L 1
2021,TOR,2020-12-26,8:30p,@,San Antonio Spurs,L,,114,119,0,2,L 2
2021,TOR,2020-12-29,7:00p,@,Philadelphia 76ers,L,,93,100,0,3,L 3
2021,TOR,2020-12-31,7:30p,,New York Knicks,W,,100,83,1,3,W 1
2021,TOR,2021-01-02,7:30p,@,New Orleans Pelicans,L,,116,120,1,4,L 1
2021,TOR,2021-01-04,7:30p,,Boston Celtics,L,,114,126,1,5,L 2
2021,TOR,2021-01-06,9:00p,@,Phoenix Suns,L,,115,123,1,6,L 3
2021,TOR,2021-01-08,10:00p,@,Sacramento Kings,W,,144,123,2,6,W 1
2021,TOR,2021-01-10,8:30p,@,Golden State Warriors,L,,105,106,2,7,L 1
2021,TOR,2021-01-11,10:00p,@,Portland Trail Blazers,L,,111,112,2,8,L 2
2021,TOR,2021-01-14,7:30p,,Charlotte Hornets,W,,111,108,3,8,W 1
2021,TOR,2021-01-16,7:30p,,Charlotte Hornets,W,,116,113,4,8,W 2
2021,TOR,2021-01-18,7:30p,,Dallas Mavericks,W,,116,93,5,8,W 3
2021,TOR,2021-01-20,7:30p,,Miami Heat,L,,102,111,5,9,L 1
2021,TOR,2021-01-22,7:30p,,Miami Heat,W,,101,81,6,9,W 1
2021,TOR,2021-01-24,1:00p,@,Indiana Pacers,W,,107,102,7,9,W 2
2021,TOR,2021-01-25,7:00p,@,Indiana Pacers,L,,114,129,7,10,L 1
2021,TOR,2021-01-27,7:30p,,Milwaukee Bucks,L,,108,115,7,11,L 2
2021,TOR,2021-01-29,7:30p,,Sacramento Kings,L,,124,126,7,12,L 3
2021,TOR,2021-01-31,7:00p,,Orlando Magic,W,,115,102,8,12,W 1
2021,TOR,2021-02-02,7:00p,@,Orlando Magic,W,,123,108,9,12,W 2
2021,TOR,2021-02-05,7:30p,@,Brooklyn Nets,W,,123,117,10,12,W 3
2021,TOR,2021-02-06,8:00p,@,Atlanta Hawks,L,,121,132,10,13,L 1
2021,TOR,2021-02-08,8:00p,@,Memphis Grizzlies,W,,128,113,11,13,W 1
2021,TOR,2021-02-10,7:00p,@,Washington Wizards,W,,137,115,12,13,W 2
2021,TOR,2021-02-11,7:30p,@,Boston Celtics,L,,106,120,12,14,L 1
2021,TOR,2021-02-14,7:00p,,Minnesota Timberwolves,L,,112,116,12,15,L 2
2021,TOR,2021-02-16,8:00p,@,Milwaukee Bucks,W,,124,113,13,15,W 1
2021,TOR,2021-02-18,7:30p,@,Milwaukee Bucks,W,,110,96,14,15,W 2
2021,TOR,2021-02-19,9:00p,@,Minnesota Timberwolves,W,,86,81,15,15,W 3
2021,TOR,2021-02-21,7:00p,,Philadelphia 76ers,W,,110,103,16,15,W 4
2021,TOR,2021-02-23,7:30p,,Philadelphia 76ers,L,,102,109,16,16,L 1
2021,TOR,2021-02-24,8:00p,@,Miami Heat,L,,108,116,16,17,L 2
2021,TOR,2021-02-26,7:30p,,Houston Rockets,W,,122,111,17,17,W 1
2021,TOR,2021-03-03,7:00p,,Detroit Pistons,L,,105,129,17,18,L 1
2021,TOR,2021-03-04,7:00p,@,Boston Celtics,L,,125,132,17,19,L 2
2021,TOR,2021-03-11,7:30p,,Atlanta Hawks,L,,120,121,17,20,L 3
2021,TOR,2021-03-13,7:00p,@,Charlotte Hornets,L,,104,114,17,21,L 4
2021,TOR,2021-03-14,9:00p,@,Chicago Bulls,L,,95,118,17,22,L 5
2021,TOR,2021-03-17,7:00p,@,Detroit Pistons,L,,112,116,17,23,L 6
2021,TOR,2021-03-19,8:00p,,Utah Jazz,L,,112,115,17,24,L 7
2021,TOR,2021-03-21,7:00p,@,Cleveland Cavaliers,L,,105,116,17,25,L 8
2021,TOR,2021-03-22,9:00p,@,Houston Rockets,L,,99,117,17,26,L 9
2021,TOR,2021-03-24,7:30p,,Denver Nuggets,W,,135,111,18,26,W 1
2021,TOR,2021-03-26,7:30p,,Phoenix Suns,L,,100,104,18,27,L 1
2021,TOR,2021-03-28,7:00p,,Portland Trail Blazers,L,,117,122,18,28,L 2
2021,TOR,2021-03-29,8:00p,@,Detroit Pistons,L,,104,118,18,29,L 3
2021,TOR,2021-03-31,8:00p,@,Oklahoma City Thunder,L,,103,113,18,30,L 4
2021,TOR,2021-04-02,7:00p,,Golden State Warriors,W,,130,77,19,30,W 1
2021,TOR,2021-04-05,7:00p,,Washington Wizards,W,,103,101,20,30,W 2
2021,TOR,2021-04-06,7:30p,,Los Angeles Lakers,L,,101,110,20,31,L 1
2021,TOR,2021-04-08,7:30p,,Chicago Bulls,L,,113,122,20,32,L 2
2021,TOR,2021-04-10,7:30p,@,Cleveland Cavaliers,W,,135,115,21,32,W 1
2021,TOR,2021-04-11,8:00p,@,New York Knicks,L,,96,102,21,33,L 1
2021,TOR,2021-04-13,7:30p,,Atlanta Hawks,L,,103,108,21,34,L 2
2021,TOR,2021-04-14,7:30p,,San Antonio Spurs,W,,117,112,22,34,W 1
2021,TOR,2021-04-16,7:30p,,Orlando Magic,W,,113,102,23,34,W 2
2021,TOR,2021-04-18,7:00p,,Oklahoma City Thunder,W,,112,106,24,34,W 3
2021,TOR,2021-04-21,7:00p,,Brooklyn Nets,W,,114,103,25,34,W 4
2021,TOR,2021-04-24,1:00p,@,New York Knicks,L,,103,120,25,35,L 1
2021,TOR,2021-04-26,7:30p,,Cleveland Cavaliers,W,,112,96,26,35,W 1
2021,TOR,2021-04-27,7:30p,,Brooklyn Nets,L,,103,116,26,36,L 1
2021,TOR,2021-04-29,9:00p,@,Denver Nuggets,L,,111,121,26,37,L 2
2021,TOR,2021-05-01,10:00p,@,Utah Jazz,L,,102,106,26,38,L 3
2021,TOR,2021-05-02,10:00p,@,Los Angeles Lakers,W,,121,114,27,38,W 1
2021,TOR,2021-05-04,10:00p,@,Los Angeles Clippers,L,,100,105,27,39,L 1
2021,TOR,2021-05-06,7:30p,,Washington Wizards,L,OT,129,131,27,40,L 2
2021,TOR,2021-05-08,7:30p,,Memphis Grizzlies,L,,99,109,27,41,L 3
2021,TOR,2021-05-11,7:30p,,Los Angeles Clippers,L,,96,115,27,42,L 4
2021,TOR,2021-05-13,8:00p,@,Chicago Bulls,L,,102,114,27,43,L 5
2021,TOR,2021-05-14,9:00p,@,Dallas Mavericks,L,,110,114,27,44,L 6
2021,TOR,2021-05-16,1:00p,,Indiana Pacers,L,,113,125,27,45,L 7
2021,UTA,2020-12-23,10:00p,@,Portland Trail Blazers,W,,120,100,1,0,W 1
2021,UTA,2020-12-26,9:00p,,Minnesota Timberwolves,L,,111,116,1,1,L 1
2021,UTA,2020-12-28,8:00p,@,Oklahoma City Thunder,W,,110,109,2,1,W 1
2021,UTA,2020-12-31,9:00p,,Phoenix Suns,L,,95,106,2,2,L 1
2021,UTA,2021-01-01,9:00p,,Los Angeles Clippers,W,,106,100,3,2,W 1
2021,UTA,2021-01-03,7:00p,@,San Antonio Spurs,W,,130,109,4,2,W 2
2021,UTA,2021-01-05,7:30p,@,Brooklyn Nets,L,,96,130,4,3,L 1
2021,UTA,2021-01-06,7:30p,@,New York Knicks,L,,100,112,4,4,L 2
2021,UTA,2021-01-08,8:00p,@,Milwaukee Bucks,W,,131,118,5,4,W 1
2021,UTA,2021-01-10,3:00p,@,Detroit Pistons,W,,96,86,6,4,W 2
2021,UTA,2021-01-12,7:30p,@,Cleveland Cavaliers,W,,117,87,7,4,W 3
2021,UTA,2021-01-15,9:00p,,Atlanta Hawks,W,,116,92,8,4,W 4
2021,UTA,2021-01-17,8:00p,@,Denver Nuggets,W,,109,105,9,4,W 5
2021,UTA,2021-01-19,9:00p,,New Orleans Pelicans,W,,118,102,10,4,W 6
2021,UTA,2021-01-21,10:00p,,New Orleans Pelicans,W,,129,118,11,4,W 7
2021,UTA,2021-01-23,9:00p,,Golden State Warriors,W,,127,108,12,4,W 8
2021,UTA,2021-01-26,9:00p,,New York Knicks,W,,108,94,13,4,W 9
2021,UTA,2021-01-27,9:00p,,Dallas Mavericks,W,,116,104,14,4,W 10
2021,UTA,2021-01-29,10:00p,,Dallas Mavericks,W,,120,101,15,4,W 11
2021,UTA,2021-01-31,3:30p,@,Denver Nuggets,L,,117,128,15,5,L 1
2021,UTA,2021-02-02,10:00p,,Detroit Pistons,W,,117,105,16,5,W 1
2021,UTA,2021-02-04,7:30p,@,Atlanta Hawks,W,,112,91,17,5,W 2
2021,UTA,2021-02-05,8:00p,@,Charlotte Hornets,W,,138,121,18,5,W 3
2021,UTA,2021-02-07,1:00p,@,Indiana Pacers,W,,103,95,19,5,W 4
2021,UTA,2021-02-09,10:00p,,Boston Celtics,W,,122,108,20,5,W 5
2021,UTA,2021-02-12,9:00p,,Milwaukee Bucks,W,,129,115,21,5,W 6
2021,UTA,2021-02-13,9:00p,,Miami Heat,W,,112,94,22,5,W 7
2021,UTA,2021-02-15,9:00p,,Philadelphia 76ers,W,,134,123,23,5,W 8
2021,UTA,2021-02-17,10:00p,@,Los Angeles Clippers,W,,114,96,24,5,W 9
2021,UTA,2021-02-19,10:00p,@,Los Angeles Clippers,L,,112,116,24,6,L 1
2021,UTA,2021-02-22,9:00p,,Charlotte Hornets,W,,132,110,25,6,W 1
2021,UTA,2021-02-24,10:00p,,Los Angeles Lakers,W,,114,89,26,6,W 2
2021,UTA,2021-02-26,8:00p,@,Miami Heat,L,,116,124,26,7,L 1
2021,UTA,2021-02-27,8:00p,@,Orlando Magic,W,,124,109,27,7,W 1
2021,UTA,2021-03-01,8:00p,@,New Orleans Pelicans,L,,124,129,27,8,L 1
2021,UTA,2021-03-03,7:00p,@,Philadelphia 76ers,L,OT,123,131,27,9,L 2
2021,UTA,2021-03-12,10:00p,,Houston Rockets,W,,114,99,28,9,W 1
2021,UTA,2021-03-14,4:00p,@,Golden State Warriors,L,,119,131,28,10,L 1
2021,UTA,2021-03-16,7:30p,@,Boston Celtics,W,,117,109,29,10,W 1
2021,UTA,2021-03-18,7:00p,@,Washington Wizards,L,,122,131,29,11,L 1
2021,UTA,2021-03-19,8:00p,@,Toronto Raptors,W,,115,112,30,11,W 1
2021,UTA,2021-03-22,9:00p,@,Chicago Bulls,W,,120,95,31,11,W 2
2021,UTA,2021-03-24,10:00p,,Brooklyn Nets,W,,118,88,32,11,W 3
2021,UTA,2021-03-26,9:00p,,Memphis Grizzlies,W,,117,114,33,11,W 4
2021,UTA,2021-03-27,9:00p,,Memphis Grizzlies,W,,126,110,34,11,W 5
2021,UTA,2021-03-29,9:00p,,Cleveland Cavaliers,W,,114,75,35,11,W 6
2021,UTA,2021-03-31,8:00p,@,Memphis Grizzlies,W,,111,107,36,11,W 7
2021,UTA,2021-04-02,9:00p,,Chicago Bulls,W,,113,106,37,11,W 8
2021,UTA,2021-04-03,9:00p,,Orlando Magic,W,,137,91,38,11,W 9
2021,UTA,2021-04-05,7:00p,@,Dallas Mavericks,L,,103,111,38,12,L 1
2021,UTA,2021-04-07,10:00p,@,Phoenix Suns,L,OT,113,117,38,13,L 2
2021,UTA,2021-04-08,10:00p,,Portland Trail Blazers,W,,122,103,39,13,W 1
2021,UTA,2021-04-10,9:00p,,Sacramento Kings,W,,128,112,40,13,W 2
2021,UTA,2021-04-12,9:00p,,Washington Wizards,L,,121,125,40,14,L 1
2021,UTA,2021-04-13,9:00p,,Oklahoma City Thunder,W,,106,96,41,14,W 1
2021,UTA,2021-04-16,3:00p,,Indiana Pacers,W,,119,111,42,14,W 2
2021,UTA,2021-04-17,4:30p,@,Los Angeles Lakers,L,OT,115,127,42,15,L 1
2021,UTA,2021-04-19,10:00p,@,Los Angeles Lakers,W,,111,97,43,15,W 1
2021,UTA,2021-04-21,8:00p,@,Houston Rockets,W,,112,89,44,15,W 2
2021,UTA,2021-04-24,9:00p,,Minnesota Timberwolves,L,,96,101,44,16,L 1
2021,UTA,2021-04-26,8:00p,@,Minnesota Timberwolves,L,,104,105,44,17,L 2
2021,UTA,2021-04-28,10:00p,@,Sacramento Kings,W,,154,105,45,17,W 1
2021,UTA,2021-04-30,10:00p,@,Phoenix Suns,L,,100,121,45,18,L 1
2021,UTA,2021-05-01,10:00p,,Toronto Raptors,W,,106,102,46,18,W 1
2021,UTA,2021-05-03,10:00p,,San Antonio Spurs,W,,110,99,47,18,W 2
2021,UTA,2021-05-05,9:00p,,San Antonio Spurs,W,,126,94,48,18,W 3
2021,UTA,2021-05-07,9:00p,,Denver Nuggets,W,,127,120,49,18,W 4
2021,UTA,2021-05-08,10:00p,,Houston Rockets,W,,124,116,50,18,W 5
2021,UTA,2021-05-10,10:00p,@,Golden State Warriors,L,,116,119,50,19,L 1
2021,UTA,2021-05-12,9:30p,,Portland Trail Blazers,L,,98,105,50,20,L 2
2021,UTA,2021-05-14,8:00p,@,Oklahoma City Thunder,W,,109,93,51,20,W 1
2021,UTA,2021-05-16,9:00p,@,Sacramento Kings,W,,121,99,52,20,W 2
2021,UTA,2021-05-23,9:30p,,Memphis Grizzlies,L,,109,112,0,1,L 1
2021,UTA,2021-05-26,10:00p,,Memphis Grizzlies,W,,141,129,1,1,W 1
2021,UTA,2021-05-29,9:30p,@,Memphis Grizzlies,W,,121,111,2,1,W 2
2021,UTA,2021-05-31,9:30p,@,Memphis Grizzlies,W,,120,113,3,1,W 3
2021,UTA,2021-06-02,9:30p,,Memphis Grizzlies,W,,126,110,4,1,W 4
2021,UTA,2021-06-08,10:00p,,Los Angeles Clippers,W,,112,109,5,1,W 5
2021,UTA,2021-06-10,10:00p,,Los Angeles Clippers,W,,117,111,6,1,W 6
2021,UTA,2021-06-12,8:30p,@,Los Angeles Clippers,L,,106,132,6,2,L 1
2021,UTA,2021-06-14,10:00p,@,Los Angeles Clippers,L,,104,118,6,3,L 2
2021,UTA,2021-06-16,10:00p,,Los Angeles Clippers,L,,111,119,6,4,L 3
2021,UTA,2021-06-18,10:00p,@,Los Angeles Clippers,L,,119,131,6,5,L 4
2021,WAS,2020-12-23,7:00p,@,Philadelphia 76ers,L,,107,113,0,1,L 1
2021,WAS,2020-12-26,7:00p,,Orlando Magic,L,,120,130,0,2,L 2
2021,WAS,2020-12-27,7:00p,,Orlando Magic,L,,113,120,0,3,L 3
2021,WAS,2020-12-29,7:00p,,Chicago Bulls,L,,107,115,0,4,L 4
2021,WAS,2020-12-31,5:00p,,Chicago Bulls,L,,130,133,0,5,L 5
2021,WAS,2021-01-01,8:00p,@,Minnesota Timberwolves,W,,130,109,1,5,W 1
2021,WAS,2021-01-03,6:00p,@,Brooklyn Nets,W,,123,122,2,5,W 2
2021,WAS,2021-01-06,7:00p,@,Philadelphia 76ers,L,,136,141,2,6,L 1
2021,WAS,2021-01-08,7:30p,@,Boston Celtics,L,,107,116,2,7,L 2
2021,WAS,2021-01-09,7:00p,,Miami Heat,L,,124,128,2,8,L 3
2021,WAS,2021-01-11,7:00p,,Phoenix Suns,W,,128,107,3,8,W 1
2021,WAS,2021-01-24,8:00p,@,San Antonio Spurs,L,,101,121,3,9,L 1
2021,WAS,2021-01-26,8:00p,@,Houston Rockets,L,,88,107,3,10,L 2
2021,WAS,2021-01-27,9:00p,@,New Orleans Pelicans,L,,106,124,3,11,L 3
2021,WAS,2021-01-29,7:00p,,Atlanta Hawks,L,,100,116,3,12,L 4
2021,WAS,2021-01-31,7:00p,,Brooklyn Nets,W,,149,146,4,12,W 1
2021,WAS,2021-02-02,8:00p,,Portland Trail Blazers,L,,121,132,4,13,L 1
2021,WAS,2021-02-03,8:00p,@,Miami Heat,W,,103,100,5,13,W 1
2021,WAS,2021-02-05,8:00p,@,Miami Heat,L,,95,122,5,14,L 1
2021,WAS,2021-02-07,1:00p,@,Charlotte Hornets,L,,97,119,5,15,L 2
2021,WAS,2021-02-08,8:00p,@,Chicago Bulls,W,,105,101,6,15,W 1
2021,WAS,2021-02-10,7:00p,,Toronto Raptors,L,,115,137,6,16,L 1
2021,WAS,2021-02-12,7:00p,,New York Knicks,L,,91,109,6,17,L 2
2021,WAS,2021-02-14,1:00p,,Boston Celtics,W,,104,91,7,17,W 1
2021,WAS,2021-02-15,7:00p,,Houston Rockets,W,,131,119,8,17,W 2
2021,WAS,2021-02-17,8:00p,,Denver Nuggets,W,,130,128,9,17,W 3
2021,WAS,2021-02-20,10:00p,@,Portland Trail Blazers,W,,118,111,10,17,W 4
2021,WAS,2021-02-22,10:00p,@,Los Angeles Lakers,W,OT,127,124,11,17,W 5
2021,WAS,2021-02-23,10:00p,@,Los Angeles Clippers,L,,116,135,11,18,L 1
2021,WAS,2021-02-25,9:00p,@,Denver Nuggets,W,,112,110,12,18,W 1
2021,WAS,2021-02-27,7:00p,,Minnesota Timberwolves,W,,128,112,13,18,W 2
2021,WAS,2021-02-28,7:00p,@,Boston Celtics,L,,110,111,13,19,L 1
2021,WAS,2021-03-02,7:00p,,Memphis Grizzlies,L,,111,125,13,20,L 2
2021,WAS,2021-03-04,7:00p,,Los Angeles Clippers,W,,119,117,14,20,W 1
2021,WAS,2021-03-10,8:00p,@,Memphis Grizzlies,L,,112,127,14,21,L 1
2021,WAS,2021-03-12,8:00p,,Philadelphia 76ers,L,,101,127,14,22,L 2
2021,WAS,2021-03-13,7:00p,,Milwaukee Bucks,L,,119,125,14,23,L 3
2021,WAS,2021-03-15,7:00p,,Milwaukee Bucks,L,,122,133,14,24,L 4
2021,WAS,2021-03-17,7:00p,,Sacramento Kings,L,,119,121,14,25,L 5
2021,WAS,2021-03-18,7:00p,,Utah Jazz,W,,131,122,15,25,W 1
2021,WAS,2021-03-21,7:00p,@,Brooklyn Nets,L,,106,113,15,26,L 1
2021,WAS,2021-03-23,7:30p,@,New York Knicks,L,,113,131,15,27,L 2
2021,WAS,2021-03-25,7:30p,@,New York Knicks,L,,102,106,15,28,L 3
2021,WAS,2021-03-27,8:00p,,Detroit Pistons,W,,106,92,16,28,W 1
2021,WAS,2021-03-29,7:00p,,Indiana Pacers,W,,132,124,17,28,W 2
2021,WAS,2021-03-30,7:00p,,Charlotte Hornets,L,,104,114,17,29,L 1
2021,WAS,2021-04-01,7:00p,@,Detroit Pistons,L,,91,120,17,30,L 2
2021,WAS,2021-04-03,7:00p,,Dallas Mavericks,L,,87,109,17,31,L 3
2021,WAS,2021-04-05,7:00p,@,Toronto Raptors,L,,101,103,17,32,L 4
2021,WAS,2021-04-07,7:00p,@,Orlando Magic,W,,131,116,18,32,W 1
2021,WAS,2021-04-09,10:00p,@,Golden State Warriors,W,,110,107,19,32,W 2
2021,WAS,2021-04-10,10:00p,@,Phoenix Suns,L,,106,134,19,33,L 1
2021,WAS,2021-04-12,9:00p,@,Utah Jazz,W,,125,121,20,33,W 1
2021,WAS,2021-04-14,10:00p,@,Sacramento Kings,W,,123,111,21,33,W 2
2021,WAS,2021-04-16,7:00p,,New Orleans Pelicans,W,OT,117,115,22,33,W 3
2021,WAS,2021-04-17,8:00p,,Detroit Pistons,W,,121,100,23,33,W 4
2021,WAS,2021-04-19,8:00p,,Oklahoma City Thunder,W,,119,107,24,33,W 5
2021,WAS,2021-04-21,7:00p,,Golden State Warriors,W,,118,114,25,33,W 6
2021,WAS,2021-04-23,8:00p,@,Oklahoma City Thunder,W,,129,109,26,33,W 7
2021,WAS,2021-04-25,7:00p,,Cleveland Cavaliers,W,,119,110,27,33,W 8
2021,WAS,2021-04-26,7:00p,,San Antonio Spurs,L,OT,143,146,27,34,L 1
2021,WAS,2021-04-28,7:30p,,Los Angeles Lakers,W,,116,107,28,34,W 1
2021,WAS,2021-04-30,7:30p,@,Cleveland Cavaliers,W,,122,93,29,34,W 2
2021,WAS,2021-05-01,9:00p,@,Dallas Mavericks,L,,124,125,29,35,L 1
2021,WAS,2021-05-03,7:00p,,Indiana Pacers,W,,154,141,30,35,W 1
2021,WAS,2021-05-05,8:00p,@,Milwaukee Bucks,L,,134,135,30,36,L 1
2021,WAS,2021-05-06,7:30p,@,Toronto Raptors,W,OT,131,129,31,36,W 1
2021,WAS,2021-05-08,7:00p,@,Indiana Pacers,W,OT,133,132,32,36,W 2
2021,WAS,2021-05-10,7:30p,@,Atlanta Hawks,L,,124,125,32,37,L 1
2021,WAS,2021-05-12,7:00p,@,Atlanta Hawks,L,,116,120,32,38,L 2
2021,WAS,2021-05-14,7:00p,,Cleveland Cavaliers,W,,120,105,33,38,W 1
2021,WAS,2021-05-16,1:00p,,Charlotte Hornets,W,,115,110,34,38,W 2
2021,WAS,2021-05-18,9:00p,@,Boston Celtics,L,,100,118,34,39,L 1
2021,WAS,2021-05-20,8:00p,,Indiana Pacers,W,,142,115,35,39,W 1
2021,WAS,2021-05-23,1:00p,@,Philadelphia 76ers,L,,118,125,0,1,L 1
2021,WAS,2021-05-26,7:00p,@,Philadelphia 76ers,L,,95,120,0,2,L 2
2021,WAS,2021-05-29,7:00p,,Philadelphia 76ers,L,,103,132,0,3,L 3
2021,WAS,2021-05-31,7:00p,,Philadelphia 76ers,W,,122,114,1,3,W 1
2021,WAS,2021-06-02,7:00p,@,Philadelphia 76ers,L,,112,129,1,4,L 1
